Unnamed: 0,UNIXTime,Date,Time,Radiation,Temperature,Pressure,Humidity,WindDirection(Degrees),Speed,TimeSunRise,TimeSunSet
0,1475229326,9/29/2016 12:00:00 AM,23:55:26,1.21,48.0,30.46,59.0,177.39,5.62,06:13:00,18:13:00
1,1475229023,9/29/2016 12:00:00 AM,23:50:23,1.21,48.0,30.46,58.0,176.78,3.37,06:13:00,18:13:00
2,1475228726,9/29/2016 12:00:00 AM,23:45:26,1.23,48.0,30.46,57.0,158.75,3.37,06:13:00,18:13:00
3,1475228421,9/29/2016 12:00:00 AM,23:40:21,1.21,48.0,30.46,60.0,137.71,3.37,06:13:00,18:13:00
4,1475228124,9/29/2016 12:00:00 AM,23:35:24,1.17,48.0,30.46,62.0,104.95,5.62,06:13:00,18:13:00
5,1475227824,9/29/2016 12:00:00 AM,23:30:24,1.21,48.0,30.46,64.0,120.2,5.62,06:13:00,18:13:00
6,1475227519,9/29/2016 12:00:00 AM,23:25:19,1.2,49.0,30.46,72.0,112.45,6.75,06:13:00,18:13:00
7,1475227222,9/29/2016 12:00:00 AM,23:20:22,1.24,49.0,30.46,71.0,122.97,5.62,06:13:00,18:13:00
8,1475226922,9/29/2016 12:00:00 AM,23:15:22,1.23,49.0,30.46,80.0,101.18,4.5,06:13:00,18:13:00
9,1475226622,9/29/2016 12:00:00 AM,23:10:22,1.21,49.0,30.46,85.0,141.87,4.5,06:13:00,18:13:00
10,1475226323,9/29/2016 12:00:00 AM,23:05:23,1.23,49.0,30.47,93.0,120.55,2.25,06:13:00,18:13:00
11,1475226025,9/29/2016 12:00:00 AM,23:00:25,1.21,49.0,30.47,98.0,144.19,3.37,06:13:00,18:13:00
12,1475225720,9/29/2016 12:00:00 AM,22:55:20,1.22,49.0,30.47,99.0,139.8,6.75,06:13:00,18:13:00
13,1475225419,9/29/2016 12:00:00 AM,22:50:19,1.21,50.0,30.47,99.0,140.92,2.25,06:13:00,18:13:00
14,1475225131,9/29/2016 12:00:00 AM,22:45:31,1.23,50.0,30.47,99.0,147.61,5.62,06:13:00,18:13:00
15,1475224823,9/29/2016 12:00:00 AM,22:40:23,1.22,50.0,30.47,99.0,113.78,4.5,06:13:00,18:13:00
16,1475224519,9/29/2016 12:00:00 AM,22:35:19,1.21,50.0,30.47,99.0,123.03,10.12,06:13:00,18:13:00
17,1475224222,9/29/2016 12:00:00 AM,22:30:22,1.22,50.0,30.47,99.0,173.73,6.75,06:13:00,18:13:00
18,1475223919,9/29/2016 12:00:00 AM,22:25:19,1.22,50.0,30.47,98.0,91.43,6.75,06:13:00,18:13:00
19,1475223622,9/29/2016 12:00:00 AM,22:20:22,1.2,50.0,30.47,98.0,109.74,6.75,06:13:00,18:13:00
20,1475223322,9/29/2016 12:00:00 AM,22:15:22,1.2,50.0,30.47,98.0,143.53,2.25,06:13:00,18:13:00
21,1475223021,9/29/2016 12:00:00 AM,22:10:21,1.2,50.0,30.47,97.0,146.76,5.62,06:13:00,18:13:00
22,1475222720,9/29/2016 12:00:00 AM,22:05:20,1.21,50.0,30.47,97.0,158.35,4.5,06:13:00,18:13:00
23,1475222426,9/29/2016 12:00:00 AM,22:00:26,1.22,50.0,30.47,97.0,166.05,5.62,06:13:00,18:13:00
24,1475222120,9/29/2016 12:00:00 AM,21:55:20,1.22,50.0,30.47,96.0,151.82,5.62,06:13:00,18:13:00
25,1475221832,9/29/2016 12:00:00 AM,21:50:32,1.22,50.0,30.47,96.0,152.52,6.75,06:13:00,18:13:00
26,1475221528,9/29/2016 12:00:00 AM,21:45:28,1.24,50.0,30.47,95.0,127.82,7.87,06:13:00,18:13:00
27,1475221220,9/29/2016 12:00:00 AM,21:40:20,1.23,50.0,30.47,95.0,157.58,6.75,06:13:00,18:13:00
28,1475220921,9/29/2016 12:00:00 AM,21:35:21,1.23,50.0,30.47,95.0,172.96,7.87,06:13:00,18:13:00
29,1475220621,9/29/2016 12:00:00 AM,21:30:21,1.23,50.0,30.47,95.0,143.82,6.75,06:13:00,18:13:00
30,1475220322,9/29/2016 12:00:00 AM,21:25:22,1.24,50.0,30.47,94.0,154.03,5.62,06:13:00,18:13:00
31,1475220021,9/29/2016 12:00:00 AM,21:20:21,1.2,50.0,30.47,93.0,165.93,4.5,06:13:00,18:13:00
32,1475219723,9/29/2016 12:00:00 AM,21:15:23,1.24,50.0,30.47,93.0,139.82,7.87,06:13:00,18:13:00
33,1475219420,9/29/2016 12:00:00 AM,21:10:20,1.21,49.0,30.47,93.0,166.07,9.0,06:13:00,18:13:00
34,1475219126,9/29/2016 12:00:00 AM,21:05:26,1.24,50.0,30.47,93.0,116.16,5.62,06:13:00,18:13:00
35,1475218820,9/29/2016 12:00:00 AM,21:00:20,1.2,50.0,30.47,92.0,157.48,4.5,06:13:00,18:13:00
36,1475218518,9/29/2016 12:00:00 AM,20:55:18,1.19,50.0,30.47,91.0,112.27,7.87,06:13:00,18:13:00
37,1475218220,9/29/2016 12:00:00 AM,20:50:20,1.25,50.0,30.47,90.0,133.69,6.75,06:13:00,18:13:00
38,1475217924,9/29/2016 12:00:00 AM,20:45:24,1.25,50.0,30.47,88.0,140.64,6.75,06:13:00,18:13:00
39,1475217619,9/29/2016 12:00:00 AM,20:40:19,1.23,50.0,30.47,87.0,52.89,1.12,06:13:00,18:13:00
40,1475217319,9/29/2016 12:00:00 AM,20:35:19,1.21,50.0,30.47,86.0,132.66,4.5,06:13:00,18:13:00
41,1475217018,9/29/2016 12:00:00 AM,20:30:18,1.25,50.0,30.46,85.0,138.35,5.62,06:13:00,18:13:00
42,1475216720,9/29/2016 12:00:00 AM,20:25:20,1.23,50.0,30.46,84.0,109.87,3.37,06:13:00,18:13:00
43,1475216423,9/29/2016 12:00:00 AM,20:20:23,1.23,50.0,30.47,81.0,123.25,3.37,06:13:00,18:13:00
44,1475216120,9/29/2016 12:00:00 AM,20:15:20,1.26,50.0,30.46,75.0,158.64,4.5,06:13:00,18:13:00
45,1475215822,9/29/2016 12:00:00 AM,20:10:22,1.17,50.0,30.46,70.0,165.22,5.62,06:13:00,18:13:00
46,1475215522,9/29/2016 12:00:00 AM,20:05:22,1.22,50.0,30.46,63.0,160.51,3.37,06:13:00,18:13:00
47,1475215218,9/29/2016 12:00:00 AM,20:00:18,1.22,50.0,30.46,51.0,155.36,4.5,06:13:00,18:13:00
48,1475214923,9/29/2016 12:00:00 AM,19:55:23,1.22,50.0,30.46,47.0,157.78,6.75,06:13:00,18:13:00
49,1475214622,9/29/2016 12:00:00 AM,19:50:22,1.24,50.0,30.46,46.0,151.6,3.37,06:13:00,18:13:00
50,1475214325,9/29/2016 12:00:00 AM,19:45:25,1.25,50.0,30.46,47.0,105.78,4.5,06:13:00,18:13:00
51,1475214022,9/29/2016 12:00:00 AM,19:40:22,1.19,50.0,30.46,48.0,135.55,4.5,06:13:00,18:13:00
52,1475213722,9/29/2016 12:00:00 AM,19:35:22,1.19,50.0,30.46,56.0,140.92,4.5,06:13:00,18:13:00
53,1475213420,9/29/2016 12:00:00 AM,19:30:20,1.23,50.0,30.46,57.0,165.0,4.5,06:13:00,18:13:00
54,1475213121,9/29/2016 12:00:00 AM,19:25:21,1.19,51.0,30.46,55.0,126.63,3.37,06:13:00,18:13:00
55,1475212820,9/29/2016 12:00:00 AM,19:20:20,1.23,51.0,30.46,54.0,119.97,4.5,06:13:00,18:13:00
56,1475212522,9/29/2016 12:00:00 AM,19:15:22,1.22,51.0,30.45,53.0,95.57,2.25,06:13:00,18:13:00
57,1475212224,9/29/2016 12:00:00 AM,19:10:24,1.24,51.0,30.45,51.0,100.02,4.5,06:13:00,18:13:00
58,1475211920,9/29/2016 12:00:00 AM,19:05:20,1.24,51.0,30.45,51.0,111.73,2.25,06:13:00,18:13:00
59,1475211624,9/29/2016 12:00:00 AM,19:00:24,1.23,51.0,30.45,52.0,145.77,5.62,06:13:00,18:13:00
60,1475211319,9/29/2016 12:00:00 AM,18:55:19,1.23,51.0,30.45,51.0,105.89,6.75,06:13:00,18:13:00
61,1475211024,9/29/2016 12:00:00 AM,18:50:24,1.24,51.0,30.45,52.0,120.86,5.62,06:13:00,18:13:00
62,1475210719,9/29/2016 12:00:00 AM,18:45:19,1.23,51.0,30.44,55.0,170.11,5.62,06:13:00,18:13:00
63,1475210421,9/29/2016 12:00:00 AM,18:40:21,1.21,52.0,30.44,55.0,143.54770303349548,5.62,06:13:00,18:13:00
64,1475210121,9/29/2016 12:00:00 AM,18:35:21,1.24,52.0,30.44,55.0,129.29,6.75,06:13:00,18:13:00
65,1475209823,9/29/2016 12:00:00 AM,18:30:23,1.18,52.0,30.45,59.0,158.73,3.37,06:13:00,18:13:00
66,1475209519,9/29/2016 12:00:00 AM,18:25:19,1.52,52.0,30.44,59.0,211.38,2.25,06:13:00,18:13:00
67,1475209223,9/29/2016 12:00:00 AM,18:20:23,5.07,53.0,30.44,61.0,174.97,4.5,06:13:00,18:13:00
68,1475208921,9/29/2016 12:00:00 AM,18:15:21,6.16,53.0,30.44,62.0,120.78,7.87,06:13:00,18:13:00
69,1475208652,9/29/2016 12:00:00 AM,18:10:52,6.63,53.0,30.44,59.0,118.82,5.62,06:13:00,18:13:00
70,1475208322,9/29/2016 12:00:00 AM,18:05:22,10.96,54.0,30.44,59.0,154.16,4.5,06:13:00,18:13:00
71,1475208022,9/29/2016 12:00:00 AM,18:00:22,19.42,55.0,30.44,57.0,58.42,6.75,06:13:00,18:13:00
72,1475207722,9/29/2016 12:00:00 AM,17:55:22,27.14,55.0,30.44,53.0,47.86,4.5,06:13:00,18:13:00
73,1475207419,9/29/2016 12:00:00 AM,17:50:19,33.75,56.0,30.44,52.0,74.56,2.25,06:13:00,18:13:00
74,1475207122,9/29/2016 12:00:00 AM,17:45:22,49.57,56.0,30.44,49.0,25.72,6.75,06:13:00,18:13:00
75,1475206822,9/29/2016 12:00:00 AM,17:40:22,59.62,56.0,30.44,50.0,102.11,2.25,06:13:00,18:13:00
76,1475206538,9/29/2016 12:00:00 AM,17:35:38,87.23,56.0,30.44,48.0,67.49,3.37,06:13:00,18:13:00
77,1475206225,9/29/2016 12:00:00 AM,17:30:25,109.93,56.0,30.43,49.0,180.29,2.25,06:13:00,18:13:00
78,1475205925,9/29/2016 12:00:00 AM,17:25:25,130.82,57.0,30.43,57.0,150.2,2.25,06:13:00,18:13:00
79,1475205625,9/29/2016 12:00:00 AM,17:20:25,160.52,57.0,30.43,55.0,47.3,5.62,06:13:00,18:13:00
80,1475205320,9/29/2016 12:00:00 AM,17:15:20,191.37,58.0,30.43,52.0,333.81,1.12,06:13:00,18:13:00
81,1475205020,9/29/2016 12:00:00 AM,17:10:20,207.05,58.0,30.43,49.0,41.62,4.5,06:13:00,18:13:00
82,1475204722,9/29/2016 12:00:00 AM,17:05:22,240.99,58.0,30.43,45.0,132.36,5.62,06:13:00,18:13:00
83,1475204424,9/29/2016 12:00:00 AM,17:00:24,274.83,58.0,30.43,41.0,332.09,4.5,06:13:00,18:13:00
84,1475204125,9/29/2016 12:00:00 AM,16:55:25,300.94,58.0,30.43,55.0,45.88,3.37,06:13:00,18:13:00
85,1475203822,9/29/2016 12:00:00 AM,16:50:22,322.71,58.0,30.43,56.0,94.24,7.87,06:13:00,18:13:00
86,1475203538,9/29/2016 12:00:00 AM,16:45:38,346.59,58.0,30.43,50.0,81.57,6.75,06:13:00,18:13:00
87,1475203220,9/29/2016 12:00:00 AM,16:40:20,364.18,58.0,30.43,49.0,351.03,7.87,06:13:00,18:13:00
88,1475202941,9/29/2016 12:00:00 AM,16:35:41,368.35,58.0,30.43,51.0,78.81,5.62,06:13:00,18:13:00
89,1475202622,9/29/2016 12:00:00 AM,16:30:22,362.84,58.0,30.43,46.0,85.96,5.62,06:13:00,18:13:00
90,1475202321,9/29/2016 12:00:00 AM,16:25:21,423.9,59.0,30.43,48.0,19.78,4.5,06:13:00,18:13:00
91,1475202025,9/29/2016 12:00:00 AM,16:20:25,457.69,58.0,30.43,59.0,18.26,4.5,06:13:00,18:13:00
92,1475201723,9/29/2016 12:00:00 AM,16:15:23,511.38,58.0,30.43,52.0,69.08,3.37,06:13:00,18:13:00
93,1475201422,9/29/2016 12:00:00 AM,16:10:22,566.83,58.0,30.43,52.0,40.87,6.229096658193317,06:13:00,18:13:00
94,1475201120,9/29/2016 12:00:00 AM,16:05:20,187.96,58.0,30.43,49.0,0.13,4.5,06:13:00,18:13:00
95,1475200820,9/29/2016 12:00:00 AM,16:00:20,310.59,59.0,30.43,58.0,27.34,9.0,06:13:00,18:13:00
96,1475200522,9/29/2016 12:00:00 AM,15:55:22,230.26,59.0,30.43,46.0,359.93,3.37,06:13:00,18:13:00
97,1475200221,9/29/2016 12:00:00 AM,15:50:21,623.31,60.0,30.43,46.0,22.18,7.87,06:13:00,18:13:00
98,1475199922,9/29/2016 12:00:00 AM,15:45:22,312.1,60.0,30.43,48.0,4.38,10.12,06:13:00,18:13:00
99,1475199624,9/29/2016 12:00:00 AM,15:40:24,803.72,60.0,30.43,44.0,355.03,7.87,06:13:00,18:13:00
100,1475199319,9/29/2016 12:00:00 AM,15:35:19,671.97,60.0,30.42,47.0,0.4,6.229096658193317,06:13:00,18:13:00
101,1475199020,9/29/2016 12:00:00 AM,15:30:20,670.32,60.0,30.42,51.0,53.16,4.5,06:13:00,18:13:00
102,1475198721,9/29/2016 12:00:00 AM,15:25:21,679.73,60.0,30.42,48.0,353.87,9.0,06:13:00,18:13:00
103,1475198424,9/29/2016 12:00:00 AM,15:20:24,687.62,60.0,30.43,54.0,2.04,4.5,06:13:00,18:13:00
104,1475198118,9/29/2016 12:00:00 AM,15:15:18,697.66,61.0,30.42,53.0,34.85,11.25,06:13:00,18:13:00
105,1475197821,9/29/2016 12:00:00 AM,15:10:21,716.27,61.0,30.42,44.0,11.08,7.87,06:13:00,18:13:00
106,1475197523,9/29/2016 12:00:00 AM,15:05:23,744.43,61.0,30.43,50.0,1.6,5.62,06:13:00,18:13:00
107,1475197330,9/29/2016 12:00:00 AM,15:02:10,612.34,61.0,30.42,53.0,345.21,7.87,06:13:00,18:13:00
108,1475196921,9/29/2016 12:00:00 AM,14:55:21,760.9,61.0,30.42,50.0,165.42,4.5,06:13:00,18:13:00
109,1475196621,9/29/2016 12:00:00 AM,14:50:21,773.71,61.0,30.42,57.0,30.3,6.75,06:13:00,18:13:00
110,1475196318,9/29/2016 12:00:00 AM,14:45:18,790.08,61.0,30.42,59.0,34.24,3.37,06:13:00,18:13:00
111,1475196023,9/29/2016 12:00:00 AM,14:40:23,804.28,61.0,30.42,59.0,19.11,7.87,06:13:00,18:13:00
112,1475195724,9/29/2016 12:00:00 AM,14:35:24,818.82,61.0,30.42,53.0,84.61,6.75,06:13:00,18:13:00
113,1475195419,9/29/2016 12:00:00 AM,14:30:19,855.63,62.0,30.42,51.0,31.88,5.62,06:13:00,18:13:00
114,1475195120,9/29/2016 12:00:00 AM,14:25:20,875.16,62.0,30.42,58.0,149.48,3.37,06:13:00,18:13:00
115,1475194821,9/29/2016 12:00:00 AM,14:20:21,867.9,62.0,30.42,54.0,62.54,3.37,06:13:00,18:13:00
116,1475194527,9/29/2016 12:00:00 AM,14:15:27,872.67,62.0,30.43,58.0,39.59,5.62,06:13:00,18:13:00
117,1475194220,9/29/2016 12:00:00 AM,14:10:20,890.52,62.0,30.43,50.0,122.13,4.5,06:13:00,18:13:00
118,1475193619,9/29/2016 12:00:00 AM,14:00:19,911.06,62.0,30.43,53.0,65.07,7.87,06:13:00,18:13:00
119,1475193320,9/29/2016 12:00:00 AM,13:55:20,925.16,62.0,30.43,49.0,69.79,7.87,06:13:00,18:13:00
120,1475193020,9/29/2016 12:00:00 AM,13:50:20,933.15,62.0,30.43,47.0,346.87,5.62,06:13:00,18:13:00
121,1475192721,9/29/2016 12:00:00 AM,13:45:21,942.73,62.0,30.43,53.0,359.93,5.62,06:13:00,18:13:00
122,1475192421,9/29/2016 12:00:00 AM,13:40:21,955.74,62.0,30.43,50.0,9.92,4.5,06:13:00,18:13:00
123,1475192121,9/29/2016 12:00:00 AM,13:35:21,959.47,62.0,30.43,54.0,19.98,9.0,06:13:00,18:13:00
124,1475191820,9/29/2016 12:00:00 AM,13:30:20,970.22,62.0,30.43,57.0,0.9,6.75,06:13:00,18:13:00
125,1475191518,9/29/2016 12:00:00 AM,13:25:18,974.87,62.0,30.43,54.0,19.13,11.25,06:13:00,18:13:00
126,1475191220,9/29/2016 12:00:00 AM,13:20:20,985.22,62.0,30.44,53.0,61.93,7.87,06:13:00,18:13:00
127,1475190925,9/29/2016 12:00:00 AM,13:15:25,992.19,62.0,30.43,50.0,63.35,10.12,06:13:00,18:13:00
128,1475190622,9/29/2016 12:00:00 AM,13:10:22,997.26,62.0,30.44,56.0,171.18,7.87,06:13:00,18:13:00
129,1475190322,9/29/2016 12:00:00 AM,13:05:22,1004.6,62.0,30.44,54.0,45.65,7.87,06:13:00,18:13:00
130,1475190019,9/29/2016 12:00:00 AM,13:00:19,1007.96,63.0,30.44,54.0,15.92,11.25,06:13:00,18:13:00
131,1475189722,9/29/2016 12:00:00 AM,12:55:22,1013.59,63.0,30.44,54.0,130.14,9.0,06:13:00,18:13:00
132,1475189420,9/29/2016 12:00:00 AM,12:50:20,1020.55,62.0,30.44,51.0,21.54,10.12,06:13:00,18:13:00
133,1475189119,9/29/2016 12:00:00 AM,12:45:19,1025.63,62.0,30.44,45.0,70.89,15.75,06:13:00,18:13:00
134,1475188820,9/29/2016 12:00:00 AM,12:40:20,1029.41,63.0,30.45,46.0,59.62,12.37,06:13:00,18:13:00
135,1475188520,9/29/2016 12:00:00 AM,12:35:20,1034.46,63.0,30.45,43.0,79.08,7.87,06:13:00,18:13:00
136,1475188219,9/29/2016 12:00:00 AM,12:30:19,1033.54,63.0,30.45,74.83719267708949,359.46,5.62,06:13:00,18:13:00
137,1475187921,9/29/2016 12:00:00 AM,12:25:21,1039.06,63.0,30.45,40.0,59.89,4.5,06:13:00,18:13:00
138,1475187620,9/29/2016 12:00:00 AM,12:20:20,1039.67,63.0,30.45,39.0,40.66,6.75,06:13:00,18:13:00
139,1475187320,9/29/2016 12:00:00 AM,12:15:20,1037.76,64.0,30.46,41.0,20.44,14.62,06:13:00,18:13:00
140,1475187024,9/29/2016 12:00:00 AM,12:10:24,1039.52,64.0,30.45,41.0,40.4,13.5,06:13:00,18:13:00
141,1475186720,9/29/2016 12:00:00 AM,12:05:20,1040.14,63.0,30.45,41.0,117.62,4.5,06:13:00,18:13:00
142,1475186427,9/29/2016 12:00:00 AM,12:00:27,1039.22,63.0,30.46,42.0,354.78,1.12,06:13:00,18:13:00
143,1475186120,9/29/2016 12:00:00 AM,11:55:20,1035.99,63.0,30.46,41.0,35.68,4.5,06:13:00,18:13:00
144,1475185820,9/29/2016 12:00:00 AM,11:50:20,1033.49,63.0,30.46,39.0,350.0,5.62,06:13:00,18:13:00
145,1475185518,9/29/2016 12:00:00 AM,11:45:18,1029.15,63.0,30.46,41.0,14.63,9.0,06:13:00,18:13:00
146,1475185220,9/29/2016 12:00:00 AM,11:40:20,1025.51,63.0,30.46,41.0,349.53,2.25,06:13:00,18:13:00
147,1475184919,9/29/2016 12:00:00 AM,11:35:19,1023.78,63.0,30.46,41.0,31.9,9.0,06:13:00,18:13:00
148,1475184622,9/29/2016 12:00:00 AM,11:30:22,1017.57,63.0,30.47,37.0,339.83,3.37,06:13:00,18:13:00
149,1475184320,9/29/2016 12:00:00 AM,11:25:20,1013.93,63.0,30.47,34.0,67.14,11.25,06:13:00,18:13:00
150,1475184021,9/29/2016 12:00:00 AM,11:20:21,1009.36,63.0,30.47,34.0,61.67,9.0,06:13:00,18:13:00
151,1475183722,9/29/2016 12:00:00 AM,11:15:22,1002.89,63.0,30.47,33.0,32.74,6.75,06:13:00,18:13:00
152,1475183516,9/29/2016 12:00:00 AM,11:11:56,999.19,63.0,30.47,31.0,4.51,6.75,06:13:00,18:13:00
153,1475183122,9/29/2016 12:00:00 AM,11:05:22,987.02,62.0,30.47,36.0,38.9,10.12,06:13:00,18:13:00
154,1475182823,9/29/2016 12:00:00 AM,11:00:23,981.66,63.0,30.47,40.0,28.85,7.87,06:13:00,18:13:00
155,1475182521,9/29/2016 12:00:00 AM,10:55:21,973.79,63.0,30.47,35.0,114.97,5.62,06:13:00,18:13:00
156,1475182222,9/29/2016 12:00:00 AM,10:50:22,964.46,63.0,30.47,37.0,60.94,6.75,06:13:00,18:13:00
157,1475181920,9/29/2016 12:00:00 AM,10:45:20,957.02,62.0,30.47,40.0,37.85,7.87,06:13:00,18:13:00
158,1475181622,9/29/2016 12:00:00 AM,10:40:22,946.32,62.0,30.47,44.0,38.03,11.25,06:13:00,18:13:00
159,1475181322,9/29/2016 12:00:00 AM,10:35:22,933.08,62.0,30.47,45.0,37.37,11.25,06:13:00,18:13:00
160,1475181021,9/29/2016 12:00:00 AM,10:30:21,926.79,62.0,30.47,43.0,10.44,5.62,06:13:00,18:13:00
161,1475180719,9/29/2016 12:00:00 AM,10:25:19,915.84,62.0,30.47,42.0,5.51,11.25,06:13:00,18:13:00
162,1475180419,9/29/2016 12:00:00 AM,10:20:19,901.65,62.0,30.47,42.0,24.74,9.0,06:13:00,18:13:00
163,1475180123,9/29/2016 12:00:00 AM,10:15:23,899.53,61.0,30.47,46.0,37.67,7.87,06:13:00,18:13:00
164,1475179820,9/29/2016 12:00:00 AM,10:10:20,878.76,62.0,30.47,49.0,61.93,7.87,06:13:00,18:13:00
165,1475179523,9/29/2016 12:00:00 AM,10:05:23,867.98,61.0,30.47,44.0,359.93,6.75,06:13:00,18:13:00
166,1475179225,9/29/2016 12:00:00 AM,10:00:25,855.89,62.0,30.47,41.0,26.99,7.87,06:13:00,18:13:00
167,1475178921,9/29/2016 12:00:00 AM,09:55:21,841.52,61.0,30.47,42.0,21.37,9.0,06:13:00,18:13:00
168,1475178622,9/29/2016 12:00:00 AM,09:50:22,830.19,62.0,30.47,38.0,52.73,10.12,06:13:00,18:13:00
169,1475178319,9/29/2016 12:00:00 AM,09:45:19,815.1,62.0,30.47,39.0,61.67,6.75,06:13:00,18:13:00
170,1475178020,9/29/2016 12:00:00 AM,09:40:20,799.29,62.0,30.47,41.0,42.59,5.62,06:13:00,18:13:00
171,1475177725,9/29/2016 12:00:00 AM,09:35:25,785.6,61.0,30.47,41.0,37.83,7.87,06:13:00,18:13:00
172,1475177421,9/29/2016 12:00:00 AM,09:30:21,768.39,61.0,30.47,45.0,7.14,7.87,06:13:00,18:13:00
173,1475177119,9/29/2016 12:00:00 AM,09:25:19,754.06,61.0,30.47,44.0,186.9,4.5,06:13:00,18:13:00
174,1475176822,9/29/2016 12:00:00 AM,09:20:22,738.75,61.0,30.47,43.0,7.25,7.87,06:13:00,18:13:00
175,1475176523,9/29/2016 12:00:00 AM,09:15:23,722.23,61.0,30.46,44.0,33.19,11.25,06:13:00,18:13:00
176,1475176223,9/29/2016 12:00:00 AM,09:10:23,706.41,61.0,30.46,44.0,56.91,6.75,06:13:00,18:13:00
177,1475175921,9/29/2016 12:00:00 AM,09:05:21,686.3,61.0,30.46,45.0,70.29,3.37,06:13:00,18:13:00
178,1475175626,9/29/2016 12:00:00 AM,09:00:26,669.11,60.0,30.46,49.0,16.18,9.0,06:13:00,18:13:00
179,1475175321,9/29/2016 12:00:00 AM,08:55:21,652.51,61.0,30.46,47.0,52.76,2.25,06:13:00,18:13:00
180,1475175023,9/29/2016 12:00:00 AM,08:50:23,634.99,61.0,30.46,41.0,14.96,6.75,06:13:00,18:13:00
181,1475174727,9/29/2016 12:00:00 AM,08:45:27,617.87,61.0,30.46,31.0,19.08,7.87,06:13:00,18:13:00
182,1475174421,9/29/2016 12:00:00 AM,08:40:21,597.41,61.0,30.46,34.0,0.1,2.25,06:13:00,18:13:00
183,1475174122,9/29/2016 12:00:00 AM,08:35:22,578.24,61.0,30.46,31.0,24.56,4.5,06:13:00,18:13:00
184,1475173821,9/29/2016 12:00:00 AM,08:30:21,559.23,60.0,30.46,35.0,41.61,1.12,06:13:00,18:13:00
185,1475173521,9/29/2016 12:00:00 AM,08:25:21,538.41,60.0,30.46,37.0,31.05,3.37,06:13:00,18:13:00
186,1475173223,9/29/2016 12:00:00 AM,08:20:23,519.16,60.0,30.46,41.0,25.35,4.5,06:13:00,18:13:00
187,1475172921,9/29/2016 12:00:00 AM,08:15:21,499.21,60.0,30.45,40.0,3.77,3.37,06:13:00,18:13:00
188,1475172619,9/29/2016 12:00:00 AM,08:10:19,478.48,60.0,30.45,40.0,17.86,3.37,06:13:00,18:13:00
189,1475172318,9/29/2016 12:00:00 AM,08:05:18,458.27,59.0,30.45,40.0,74.63,1.12,06:13:00,18:13:00
190,1475172024,9/29/2016 12:00:00 AM,08:00:24,438.05,59.0,30.45,45.0,64.84,2.25,06:13:00,18:13:00
191,1475171719,9/29/2016 12:00:00 AM,07:55:19,416.28,60.0,30.44,30.0,53.32,5.62,06:13:00,18:13:00
192,1475171419,9/29/2016 12:00:00 AM,07:50:19,395.14,59.0,30.44,31.0,75.7,3.37,06:13:00,18:13:00
193,1475171120,9/29/2016 12:00:00 AM,07:45:20,373.7,58.0,30.44,34.0,58.43,2.25,06:13:00,18:13:00
194,1475170819,9/29/2016 12:00:00 AM,07:40:19,352.56,57.0,30.43,34.0,113.5,1.12,06:13:00,18:13:00
195,1475170221,9/29/2016 12:00:00 AM,07:30:21,305.78,54.0,30.43,38.0,146.52,1.12,06:13:00,18:13:00
196,1475169921,9/29/2016 12:00:00 AM,07:25:21,278.29,52.0,30.43,42.0,142.16,2.25,06:13:00,18:13:00
197,1475169628,9/29/2016 12:00:00 AM,07:20:28,251.51,51.0,30.43,44.0,151.94,2.25,06:13:00,18:13:00
198,1475169324,9/29/2016 12:00:00 AM,07:15:24,222.48,50.0,30.43,46.0,143.23,4.5,06:13:00,18:13:00
199,1475169022,9/29/2016 12:00:00 AM,07:10:22,164.44,49.0,30.43,47.0,172.83,3.37,06:13:00,18:13:00
200,1475168723,9/29/2016 12:00:00 AM,07:05:23,21.36,48.0,30.43,48.0,176.93,4.5,06:13:00,18:13:00
201,1475168425,9/29/2016 12:00:00 AM,07:00:25,20.0,48.0,30.42,50.0,182.88,5.62,06:13:00,18:13:00
202,1475168123,9/29/2016 12:00:00 AM,06:55:23,19.24,48.0,30.42,51.0,173.07,7.87,06:13:00,18:13:00
203,1475167819,9/29/2016 12:00:00 AM,06:50:19,18.33,47.0,30.42,53.0,191.44,7.87,06:13:00,18:13:00
204,1475167520,9/29/2016 12:00:00 AM,06:45:20,17.31,47.0,30.42,54.0,193.99,9.0,06:13:00,18:13:00
205,1475167222,9/29/2016 12:00:00 AM,06:40:22,16.09,47.0,30.42,55.0,190.38,10.12,06:13:00,18:13:00
206,1475166919,9/29/2016 12:00:00 AM,06:35:19,14.73,47.0,30.42,56.0,179.45,10.12,06:13:00,18:13:00
207,1475166620,9/29/2016 12:00:00 AM,06:30:20,12.53,47.0,30.42,57.0,188.58,6.75,06:13:00,18:13:00
208,1475166321,9/29/2016 12:00:00 AM,06:25:21,9.86,47.0,30.42,57.0,188.37,7.87,06:13:00,18:13:00
209,1475166020,9/29/2016 12:00:00 AM,06:20:20,7.7,47.0,30.41,58.0,192.09,7.87,06:13:00,18:13:00
210,1475165722,9/29/2016 12:00:00 AM,06:15:22,6.17,47.0,30.41,61.0,157.11,7.87,06:13:00,18:13:00
211,1475165423,9/29/2016 12:00:00 AM,06:10:23,4.32,47.0,30.41,62.0,177.65,6.75,06:13:00,18:13:00
212,1475165120,9/29/2016 12:00:00 AM,06:05:20,2.34,47.0,30.41,62.0,187.76,7.87,06:13:00,18:13:00
213,1475164824,9/29/2016 12:00:00 AM,06:00:24,1.47,47.0,30.41,61.0,185.73,7.87,06:13:00,18:13:00
214,1475164525,9/29/2016 12:00:00 AM,05:55:25,1.21,47.0,30.41,60.0,184.95,9.0,06:13:00,18:13:00
215,1475164221,9/29/2016 12:00:00 AM,05:50:21,1.23,47.0,30.41,59.0,182.07,9.0,06:13:00,18:13:00
216,1475163921,9/29/2016 12:00:00 AM,05:45:21,1.24,46.0,30.41,58.0,184.89,10.12,06:13:00,18:13:00
217,1475163621,9/29/2016 12:00:00 AM,05:40:21,1.23,46.0,30.4,59.0,190.62,7.87,06:13:00,18:13:00
218,1475163326,9/29/2016 12:00:00 AM,05:35:26,1.21,46.0,30.4,58.0,188.4,7.87,06:13:00,18:13:00
219,1475163027,9/29/2016 12:00:00 AM,05:30:27,1.21,46.0,30.4,58.0,193.81,5.62,06:13:00,18:13:00
220,1475162722,9/29/2016 12:00:00 AM,05:25:22,1.22,45.0,30.4,56.0,191.32,6.75,06:13:00,18:13:00
221,1475162424,9/29/2016 12:00:00 AM,05:20:24,1.22,45.0,30.4,56.0,184.3,5.62,06:13:00,18:13:00
222,1475162121,9/29/2016 12:00:00 AM,05:15:21,1.2,45.0,30.4,55.0,174.74,4.5,06:13:00,18:13:00
223,1475161822,9/29/2016 12:00:00 AM,05:10:22,1.2,45.0,30.4,55.0,184.56,6.75,06:13:00,18:13:00
224,1475161520,9/29/2016 12:00:00 AM,05:05:20,1.16,46.0,30.4,55.0,165.66,6.75,06:13:00,18:13:00
225,1475161222,9/29/2016 12:00:00 AM,05:00:22,1.15,46.0,30.4,53.0,177.23,4.5,06:13:00,18:13:00
226,1475160925,9/29/2016 12:00:00 AM,04:55:25,1.18,46.0,30.4,51.0,173.92,4.5,06:13:00,18:13:00
227,1475160625,9/29/2016 12:00:00 AM,04:50:25,1.18,46.0,30.4,50.0,174.53,5.62,06:13:00,18:13:00
228,1475160320,9/29/2016 12:00:00 AM,04:45:20,1.18,46.0,30.4,50.0,163.85,3.37,06:13:00,18:13:00
229,1475160021,9/29/2016 12:00:00 AM,04:40:21,1.19,46.0,30.4,49.0,166.26,4.5,06:13:00,18:13:00
230,1475159719,9/29/2016 12:00:00 AM,04:35:19,1.18,46.0,30.39,49.0,176.34,3.37,06:13:00,18:13:00
231,1475159425,9/29/2016 12:00:00 AM,04:30:25,1.2,46.0,30.39,48.0,170.62,5.62,06:13:00,18:13:00
232,1475159125,9/29/2016 12:00:00 AM,04:25:25,1.17,46.0,30.39,47.0,176.8,3.37,06:13:00,18:13:00
233,1475158821,9/29/2016 12:00:00 AM,04:20:21,1.17,46.0,30.39,47.0,170.45,4.5,06:13:00,18:13:00
234,1475158529,9/29/2016 12:00:00 AM,04:15:29,1.18,46.0,30.39,45.0,180.3,3.37,06:13:00,18:13:00
235,1475158222,9/29/2016 12:00:00 AM,04:10:22,1.21,46.0,30.39,45.0,187.66,6.75,06:13:00,18:13:00
236,1475157918,9/29/2016 12:00:00 AM,04:05:18,1.17,46.0,30.39,45.0,173.01,5.62,06:13:00,18:13:00
237,1475157620,9/29/2016 12:00:00 AM,04:00:20,1.18,46.0,30.39,45.0,178.75,5.62,06:13:00,18:13:00
238,1475157320,9/29/2016 12:00:00 AM,03:55:20,1.19,46.0,30.39,47.0,171.85,6.75,06:13:00,18:13:00
239,1475157026,9/29/2016 12:00:00 AM,03:50:26,1.18,46.0,30.39,47.0,189.46,6.75,06:13:00,18:13:00
240,1475156722,9/29/2016 12:00:00 AM,03:45:22,1.2,46.0,30.39,48.0,169.78,5.62,06:13:00,18:13:00
241,1475156426,9/29/2016 12:00:00 AM,03:40:26,1.22,46.0,30.39,50.0,183.99,6.75,06:13:00,18:13:00
242,1475156122,9/29/2016 12:00:00 AM,03:35:22,1.21,46.0,30.39,52.0,173.17,5.62,06:13:00,18:13:00
243,1475155819,9/29/2016 12:00:00 AM,03:30:19,1.22,46.0,30.38,55.0,186.34,7.87,06:13:00,18:13:00
244,1475155523,9/29/2016 12:00:00 AM,03:25:23,1.21,46.0,30.38,56.0,159.97,6.75,06:13:00,18:13:00
245,1475155223,9/29/2016 12:00:00 AM,03:20:23,1.18,47.0,30.38,57.0,170.61,4.5,06:13:00,18:13:00
246,1475154922,9/29/2016 12:00:00 AM,03:15:22,1.24,47.0,30.39,58.0,171.98,3.37,06:13:00,18:13:00
247,1475154624,9/29/2016 12:00:00 AM,03:10:24,1.22,47.0,30.38,58.0,177.67,6.75,06:13:00,18:13:00
248,1475154319,9/29/2016 12:00:00 AM,03:05:19,1.24,47.0,30.39,58.0,165.64,5.62,06:13:00,18:13:00
249,1475154019,9/29/2016 12:00:00 AM,03:00:19,1.26,47.0,30.38,58.0,181.39,4.5,06:13:00,18:13:00
250,1475153725,9/29/2016 12:00:00 AM,02:55:25,1.18,47.0,30.38,58.0,156.71,3.37,06:13:00,18:13:00
251,1475153425,9/29/2016 12:00:00 AM,02:50:25,1.24,47.0,30.39,58.0,156.31,7.87,06:13:00,18:13:00
252,1475153123,9/29/2016 12:00:00 AM,02:45:23,1.19,47.0,30.39,59.0,168.46,4.5,06:13:00,18:13:00
253,1475152823,9/29/2016 12:00:00 AM,02:40:23,1.2,47.0,30.39,59.0,172.8,5.62,06:13:00,18:13:00
254,1475152522,9/29/2016 12:00:00 AM,02:35:22,1.24,47.0,30.39,60.0,158.68,5.62,06:13:00,18:13:00
255,1475152225,9/29/2016 12:00:00 AM,02:30:25,1.23,47.0,30.39,60.0,167.47,6.75,06:13:00,18:13:00
256,1475151921,9/29/2016 12:00:00 AM,02:25:21,1.25,47.0,30.39,60.0,165.89,5.62,06:13:00,18:13:00
257,1475151621,9/29/2016 12:00:00 AM,02:20:21,1.23,47.0,30.39,62.0,163.06,5.62,06:13:00,18:13:00
258,1475151323,9/29/2016 12:00:00 AM,02:15:23,1.2,47.0,30.39,64.0,154.2,2.25,06:13:00,18:13:00
259,1475151020,9/29/2016 12:00:00 AM,02:10:20,1.24,47.0,30.39,64.0,190.87,6.75,06:13:00,18:13:00
260,1475150724,9/29/2016 12:00:00 AM,02:05:24,1.24,47.0,30.39,66.0,168.77,4.5,06:13:00,18:13:00
261,1475150430,9/29/2016 12:00:00 AM,02:00:30,1.23,47.0,30.4,65.0,183.32,5.62,06:13:00,18:13:00
262,1475150124,9/29/2016 12:00:00 AM,01:55:24,1.2,47.0,30.4,68.0,170.4,4.5,06:13:00,18:13:00
263,1475149823,9/29/2016 12:00:00 AM,01:50:23,1.21,48.0,30.4,70.0,186.06,5.62,06:13:00,18:13:00
264,1475149524,9/29/2016 12:00:00 AM,01:45:24,1.22,48.0,30.4,69.0,152.34,5.62,06:13:00,18:13:00
265,1475149218,9/29/2016 12:00:00 AM,01:40:18,1.25,48.0,30.4,71.0,171.74,5.62,06:13:00,18:13:00
266,1475148921,9/29/2016 12:00:00 AM,01:35:21,1.18,48.0,30.4,73.0,164.9,6.75,06:13:00,18:13:00
267,1475148621,9/29/2016 12:00:00 AM,01:30:21,1.22,48.0,30.4,76.0,193.66,5.62,06:13:00,18:13:00
268,1475148320,9/29/2016 12:00:00 AM,01:25:20,1.21,48.0,30.4,76.0,183.44,5.62,06:13:00,18:13:00
269,1475148023,9/29/2016 12:00:00 AM,01:20:23,1.25,48.0,30.4,77.0,169.53,5.62,06:13:00,18:13:00
270,1475147720,9/29/2016 12:00:00 AM,01:15:20,1.23,48.0,30.41,77.0,170.89,5.62,06:13:00,18:13:00
271,1475147426,9/29/2016 12:00:00 AM,01:10:26,1.23,48.0,30.41,77.0,180.16,5.62,06:13:00,18:13:00
272,1475147119,9/29/2016 12:00:00 AM,01:05:19,1.22,48.0,30.41,78.0,159.54,5.62,06:13:00,18:13:00
273,1475146824,9/29/2016 12:00:00 AM,01:00:24,1.23,48.0,30.41,78.0,160.62,5.62,06:13:00,18:13:00
274,1475146525,9/29/2016 12:00:00 AM,00:55:25,1.23,48.0,30.41,78.0,179.43,5.62,06:13:00,18:13:00
275,1475146229,9/29/2016 12:00:00 AM,00:50:29,1.19,48.0,30.41,78.0,177.17,5.62,06:13:00,18:13:00
276,1475145924,9/29/2016 12:00:00 AM,00:45:24,1.22,48.0,30.41,78.0,176.09,3.37,06:13:00,18:13:00
277,1475145619,9/29/2016 12:00:00 AM,00:40:19,1.22,48.0,30.41,78.0,170.4,6.75,06:13:00,18:13:00
278,1475145321,9/29/2016 12:00:00 AM,00:35:21,1.22,49.0,30.41,78.0,181.25,4.5,06:13:00,18:13:00
279,1475145022,9/29/2016 12:00:00 AM,00:30:22,1.22,49.0,30.41,77.0,183.79,7.87,06:13:00,18:13:00
280,1475144724,9/29/2016 12:00:00 AM,00:25:24,1.22,49.0,30.41,78.0,166.36,4.5,06:13:00,18:13:00
281,1475144425,9/29/2016 12:00:00 AM,00:20:25,1.23,49.0,30.42,77.0,168.56,5.62,06:13:00,18:13:00
282,1475143823,9/29/2016 12:00:00 AM,00:10:23,1.21,50.0,30.42,75.0,162.03,5.62,06:13:00,18:13:00
283,1475143520,9/29/2016 12:00:00 AM,00:05:20,1.22,50.0,30.42,75.0,121.92,2.25,06:13:00,18:13:00
284,1475143231,9/29/2016 12:00:00 AM,00:00:31,1.21,49.0,30.42,75.0,148.94,6.75,06:13:00,18:13:00
285,1475142921,9/28/2016 12:00:00 AM,23:55:21,1.24,50.0,30.42,75.0,167.24,5.62,06:13:00,18:14:00
286,1475142624,9/28/2016 12:00:00 AM,23:50:24,1.23,50.0,30.42,74.0,169.78,5.62,06:13:00,18:14:00
287,1475142331,9/28/2016 12:00:00 AM,23:45:31,1.22,50.0,30.42,74.0,183.28,4.5,06:13:00,18:14:00
288,1475142021,9/28/2016 12:00:00 AM,23:40:21,1.21,50.0,30.42,74.0,159.15,6.75,06:13:00,18:14:00
289,1475141721,9/28/2016 12:00:00 AM,23:35:21,1.24,50.0,30.42,73.0,176.24,4.5,06:13:00,18:14:00
290,1475141424,9/28/2016 12:00:00 AM,23:30:24,1.23,50.0,30.42,74.0,158.44,6.75,06:13:00,18:14:00
291,1475141121,9/28/2016 12:00:00 AM,23:25:21,1.23,50.0,30.42,75.0,161.04,7.87,06:13:00,18:14:00
292,1475140823,9/28/2016 12:00:00 AM,23:20:23,1.24,50.0,30.43,75.0,145.97,6.75,06:13:00,18:14:00
293,1475140520,9/28/2016 12:00:00 AM,23:15:20,1.19,50.0,30.43,77.0,168.62,7.87,06:13:00,18:14:00
294,1475140223,9/28/2016 12:00:00 AM,23:10:23,1.22,50.0,30.43,79.0,160.36,5.62,06:13:00,18:14:00
295,1475139921,9/28/2016 12:00:00 AM,23:05:21,1.22,50.0,30.43,79.0,149.44,4.5,06:13:00,18:14:00
296,1475139625,9/28/2016 12:00:00 AM,23:00:25,1.23,50.0,30.43,81.0,147.81,9.0,06:13:00,18:14:00
297,1475139320,9/28/2016 12:00:00 AM,22:55:20,1.2,51.0,30.43,82.0,161.97,5.62,06:13:00,18:14:00
298,1475139024,9/28/2016 12:00:00 AM,22:50:24,1.22,51.0,30.43,84.0,169.04,6.75,06:13:00,18:14:00
299,1475138722,9/28/2016 12:00:00 AM,22:45:22,1.2,51.0,30.43,86.0,167.45,5.62,06:13:00,18:14:00
300,1475138419,9/28/2016 12:00:00 AM,22:40:19,1.23,50.0,30.43,88.0,163.91,6.75,06:13:00,18:14:00
301,1475138123,9/28/2016 12:00:00 AM,22:35:23,1.22,50.0,30.43,89.0,142.26,10.12,06:13:00,18:14:00
302,1475137825,9/28/2016 12:00:00 AM,22:30:25,1.23,50.0,30.43,89.0,161.97,12.37,06:13:00,18:14:00
303,1475137527,9/28/2016 12:00:00 AM,22:25:27,1.23,51.0,30.43,87.0,159.7,9.0,06:13:00,18:14:00
304,1475137221,9/28/2016 12:00:00 AM,22:20:21,1.22,51.0,30.44,85.0,78.09,5.62,06:13:00,18:14:00
305,1475136920,9/28/2016 12:00:00 AM,22:15:20,1.23,51.0,30.43,77.0,88.77,4.5,06:13:00,18:14:00
306,1475136625,9/28/2016 12:00:00 AM,22:10:25,1.21,51.0,30.43,75.0,130.36,4.5,06:13:00,18:14:00
307,1475136321,9/28/2016 12:00:00 AM,22:05:21,1.21,51.16507236474315,30.43,75.0,162.76,4.5,06:13:00,18:14:00
308,1475136020,9/28/2016 12:00:00 AM,22:00:20,1.2,51.0,30.43,73.0,146.94,7.87,06:13:00,18:14:00
309,1475135720,9/28/2016 12:00:00 AM,21:55:20,1.2,51.0,30.43,71.0,116.25,3.37,06:13:00,18:14:00
310,1475135428,9/28/2016 12:00:00 AM,21:50:28,1.21,51.0,30.43,71.0,144.4,3.37,06:13:00,18:14:00
311,1475135122,9/28/2016 12:00:00 AM,21:45:22,1.22,51.0,30.43,68.0,148.71,7.87,06:13:00,18:14:00
312,1475134821,9/28/2016 12:00:00 AM,21:40:21,1.21,51.0,30.43,66.0,153.22,5.62,06:13:00,18:14:00
313,1475134524,9/28/2016 12:00:00 AM,21:35:24,1.24,51.0,30.43,67.0,179.54,5.62,06:13:00,18:14:00
314,1475134230,9/28/2016 12:00:00 AM,21:30:30,1.2,51.0,30.43,69.0,180.65,2.25,06:13:00,18:14:00
315,1475133921,9/28/2016 12:00:00 AM,21:25:21,1.22,51.0,30.43,72.0,157.82,3.37,06:13:00,18:14:00
316,1475133623,9/28/2016 12:00:00 AM,21:20:23,1.21,51.0,30.44,67.0,135.43,5.62,06:13:00,18:14:00
317,1475133328,9/28/2016 12:00:00 AM,21:15:28,1.25,51.0,30.43,67.0,100.03,2.25,06:13:00,18:14:00
318,1475133020,9/28/2016 12:00:00 AM,21:10:20,1.25,51.0,30.43,68.0,112.05,6.75,06:13:00,18:14:00
319,1475132720,9/28/2016 12:00:00 AM,21:05:20,1.23,51.0,30.43,70.0,151.33,9.0,06:13:00,18:14:00
320,1475132426,9/28/2016 12:00:00 AM,21:00:26,1.23,51.0,30.43,75.0,138.72,6.75,06:13:00,18:14:00
321,1475132118,9/28/2016 12:00:00 AM,20:55:18,1.23,51.0,30.43,73.0,159.9,7.87,06:13:00,18:14:00
322,1475131821,9/28/2016 12:00:00 AM,20:50:21,1.18,52.0,30.43,68.0,105.34,4.5,06:13:00,18:14:00
323,1475131520,9/28/2016 12:00:00 AM,20:45:20,1.24,52.0,30.43,67.0,127.43,5.62,06:13:00,18:14:00
324,1475131219,9/28/2016 12:00:00 AM,20:40:19,1.23,52.0,30.43,67.0,120.88,7.87,06:13:00,18:14:00
325,1475130918,9/28/2016 12:00:00 AM,20:35:18,1.2,52.0,30.43,65.0,88.97,2.25,06:13:00,18:14:00
326,1475130622,9/28/2016 12:00:00 AM,20:30:22,1.23,52.0,30.42,65.0,111.28,4.5,06:13:00,18:14:00
327,1475130324,9/28/2016 12:00:00 AM,20:25:24,1.23,52.0,30.42,66.0,140.23,5.62,06:13:00,18:14:00
328,1475130029,9/28/2016 12:00:00 AM,20:20:29,1.23,52.0,30.42,65.0,160.04,6.75,06:13:00,18:14:00
329,1475129724,9/28/2016 12:00:00 AM,20:15:24,1.23,52.0,30.42,66.0,139.86,10.12,06:13:00,18:14:00
330,1475129419,9/28/2016 12:00:00 AM,20:10:19,1.21,52.0,30.41,67.0,122.69,6.75,06:13:00,18:14:00
331,1475129122,9/28/2016 12:00:00 AM,20:05:22,1.24,52.0,30.41,66.0,152.68,1.12,06:13:00,18:14:00
332,1475128822,9/28/2016 12:00:00 AM,20:00:22,1.22,53.0,30.41,69.0,162.52,5.62,06:13:00,18:14:00
333,1475128521,9/28/2016 12:00:00 AM,19:55:21,1.22,53.0,30.41,68.0,103.2,6.75,06:13:00,18:14:00
334,1475128218,9/28/2016 12:00:00 AM,19:50:18,1.23,53.0,30.41,69.0,128.17,5.62,06:13:00,18:14:00
335,1475127924,9/28/2016 12:00:00 AM,19:45:24,1.21,53.0,30.41,70.0,96.22,6.75,06:13:00,18:14:00
336,1475127624,9/28/2016 12:00:00 AM,19:40:24,1.27,53.0,30.41,73.0,109.76,6.75,06:13:00,18:14:00
337,1475127327,9/28/2016 12:00:00 AM,19:35:27,1.24,53.0,30.41,70.0,97.28,6.75,06:13:00,18:14:00
338,1475127022,9/28/2016 12:00:00 AM,19:30:22,1.2,53.0,30.4,71.0,189.66,1.12,06:13:00,18:14:00
339,1475126722,9/28/2016 12:00:00 AM,19:25:22,1.24,53.0,30.4,71.0,119.71,4.5,06:13:00,18:14:00
340,1475126422,9/28/2016 12:00:00 AM,19:20:22,1.2,53.0,30.4,72.0,116.54,4.5,06:13:00,18:14:00
341,1475126119,9/28/2016 12:00:00 AM,19:15:19,1.25,52.0,30.4,77.0,144.9,4.5,06:13:00,18:14:00
342,1475125832,9/28/2016 12:00:00 AM,19:10:32,1.25,52.0,30.39,82.0,137.32,6.75,06:13:00,18:14:00
343,1475125522,9/28/2016 12:00:00 AM,19:05:22,1.2,52.0,30.39,88.0,73.0,3.37,06:13:00,18:14:00
344,1475125226,9/28/2016 12:00:00 AM,19:00:26,1.24,52.0,30.39,93.0,118.46,4.5,06:13:00,18:14:00
345,1475124919,9/28/2016 12:00:00 AM,18:55:19,1.2,53.0,30.39,93.0,89.91,1.12,06:13:00,18:14:00
346,1475124619,9/28/2016 12:00:00 AM,18:50:19,1.25,53.0,30.39,91.0,76.58,5.62,06:13:00,18:14:00
347,1475124321,9/28/2016 12:00:00 AM,18:45:21,1.23,52.0,30.39,93.0,68.07,2.25,06:13:00,18:14:00
348,1475124024,9/28/2016 12:00:00 AM,18:40:24,1.24,52.0,30.39,94.0,105.92,2.25,06:13:00,18:14:00
349,1475123718,9/28/2016 12:00:00 AM,18:35:18,1.23,52.0,30.39,94.0,128.5,4.5,06:13:00,18:14:00
350,1475123428,9/28/2016 12:00:00 AM,18:30:28,1.27,53.0,30.39,94.0,75.55,2.25,06:13:00,18:14:00
351,1475123123,9/28/2016 12:00:00 AM,18:25:23,1.43,53.0,30.39,93.0,89.11,3.37,06:13:00,18:14:00
352,1475122818,9/28/2016 12:00:00 AM,18:20:18,2.59,53.0,30.39,92.0,61.7,4.5,06:13:00,18:14:00
353,1475122520,9/28/2016 12:00:00 AM,18:15:20,4.5,54.0,30.39,91.0,15.53,4.5,06:13:00,18:14:00
354,1475122221,9/28/2016 12:00:00 AM,18:10:21,6.36,55.0,30.39,89.0,42.14,3.37,06:13:00,18:14:00
355,1475121918,9/28/2016 12:00:00 AM,18:05:18,9.83,55.0,30.38,86.0,25.85,3.37,06:13:00,18:14:00
356,1475121619,9/28/2016 12:00:00 AM,18:00:19,13.81,56.0,30.38,81.0,70.97,1.12,06:13:00,18:14:00
357,1475121323,9/28/2016 12:00:00 AM,17:55:23,24.13,56.0,30.38,82.0,71.25,1.12,06:13:00,18:14:00
358,1475121023,9/28/2016 12:00:00 AM,17:50:23,32.14,56.0,30.38,83.0,58.36,2.25,06:13:00,18:14:00
359,1475120724,9/28/2016 12:00:00 AM,17:45:24,44.93,56.0,30.38,82.0,6.05,4.5,06:13:00,18:14:00
360,1475120444,9/28/2016 12:00:00 AM,17:40:44,61.0,57.0,30.38,82.0,0.11,0.0,06:13:00,18:14:00
361,1475120123,9/28/2016 12:00:00 AM,17:35:23,82.38,57.0,30.38,82.0,6.02,1.12,06:13:00,18:14:00
362,1475119825,9/28/2016 12:00:00 AM,17:30:25,104.74,58.0,30.38,81.0,75.85,4.5,06:13:00,18:14:00
363,1475119532,9/28/2016 12:00:00 AM,17:25:32,128.94,58.0,30.38,75.0,60.74,4.5,06:13:00,18:14:00
364,1475119221,9/28/2016 12:00:00 AM,17:20:21,154.49,58.0,30.38,75.0,90.92,3.37,06:13:00,18:14:00
365,1475118921,9/28/2016 12:00:00 AM,17:15:21,181.97,57.0,30.38,75.0,84.96,7.87,06:13:00,18:14:00
366,1475118620,9/28/2016 12:00:00 AM,17:10:20,210.59,58.0,30.38,74.0,90.66,5.62,06:13:00,18:14:00
367,1475118320,9/28/2016 12:00:00 AM,17:05:20,238.19,58.0,30.38,79.0,83.12,4.5,06:13:00,18:14:00
368,1475118024,9/28/2016 12:00:00 AM,17:00:24,273.59,58.0,30.38,80.0,31.83,4.5,06:13:00,18:14:00
369,1475117724,9/28/2016 12:00:00 AM,16:55:24,297.07,58.0,30.38,80.0,73.56,4.5,06:13:00,18:14:00
370,1475117421,9/28/2016 12:00:00 AM,16:50:21,314.43,58.0,30.38,76.0,52.53,5.62,06:13:00,18:14:00
371,1475117121,9/28/2016 12:00:00 AM,16:45:21,341.61,58.0,30.38,77.0,354.71,4.5,06:13:00,18:14:00
372,1475116821,9/28/2016 12:00:00 AM,16:40:21,406.32,59.0,30.38,78.0,25.13,9.0,06:13:00,18:14:00
373,1475116523,9/28/2016 12:00:00 AM,16:35:23,378.69,59.0,30.38,73.0,12.59,10.12,06:13:00,18:14:00
374,1475116221,9/28/2016 12:00:00 AM,16:30:21,398.82,59.0,30.37,75.0,44.49,6.75,06:13:00,18:14:00
375,1475115925,9/28/2016 12:00:00 AM,16:25:25,417.96,59.0,30.37,76.0,27.26,6.229096658193317,06:13:00,18:14:00
376,1475115622,9/28/2016 12:00:00 AM,16:20:22,444.47,59.0,30.37,75.0,35.79,4.5,06:13:00,18:14:00
377,1475115321,9/28/2016 12:00:00 AM,16:15:21,462.34,59.0,30.37,71.0,43.49,7.87,06:13:00,18:14:00
378,1475115020,9/28/2016 12:00:00 AM,16:10:20,479.26,59.0,30.37,72.0,54.85,5.62,06:13:00,18:14:00
379,1475114719,9/28/2016 12:00:00 AM,16:05:19,502.5,60.0,30.37,68.0,38.26,5.62,06:13:00,18:14:00
380,1475114418,9/28/2016 12:00:00 AM,16:00:18,521.83,60.0,30.37,71.0,39.37,10.12,06:13:00,18:14:00
381,1475114123,9/28/2016 12:00:00 AM,15:55:23,539.84,61.0,30.38,60.0,38.24,4.5,06:13:00,18:14:00
382,1475113820,9/28/2016 12:00:00 AM,15:50:20,563.11,61.0,30.38,63.0,29.55,7.87,06:13:00,18:14:00
383,1475113519,9/28/2016 12:00:00 AM,15:45:19,580.41,61.0,30.37,65.0,99.56,2.25,06:13:00,18:14:00
384,1475113220,9/28/2016 12:00:00 AM,15:40:20,601.63,61.0,30.37,60.0,7.47,7.87,06:13:00,18:14:00
385,1475112922,9/28/2016 12:00:00 AM,15:35:22,618.37,61.0,30.37,62.0,40.57,6.75,06:13:00,18:14:00
386,1475112619,9/28/2016 12:00:00 AM,15:30:19,639.19,61.0,30.37,63.0,19.62,5.62,06:13:00,18:14:00
387,1475112325,9/28/2016 12:00:00 AM,15:25:25,657.19,61.0,30.37,62.0,57.08,6.75,06:13:00,18:14:00
388,1475112022,9/28/2016 12:00:00 AM,15:20:22,675.59,61.0,30.37,60.0,54.92,5.62,06:13:00,18:14:00
389,1475111723,9/28/2016 12:00:00 AM,15:15:23,691.73,61.0,30.37,68.0,27.95,3.37,06:13:00,18:14:00
390,1475111119,9/28/2016 12:00:00 AM,15:05:19,725.71,61.0,30.37,60.0,73.08,5.62,06:13:00,18:14:00
391,1475110827,9/28/2016 12:00:00 AM,15:00:27,738.91,62.0,30.37,63.0,37.92,5.62,06:13:00,18:14:00
392,1475110532,9/28/2016 12:00:00 AM,14:55:32,755.95,62.0,30.37,64.0,18.1,4.5,06:13:00,18:14:00
393,1475110219,9/28/2016 12:00:00 AM,14:50:19,768.89,62.0,30.38,60.0,59.21,4.5,06:13:00,18:14:00
394,1475109919,9/28/2016 12:00:00 AM,14:45:19,780.58,62.0,30.37,62.0,81.98,6.75,06:13:00,18:14:00
395,1475109624,9/28/2016 12:00:00 AM,14:40:24,798.77,62.0,30.37,56.0,12.69,4.5,06:13:00,18:14:00
396,1475109323,9/28/2016 12:00:00 AM,14:35:23,812.82,62.0,30.38,57.0,340.34,7.87,06:13:00,18:14:00
397,1475109021,9/28/2016 12:00:00 AM,14:30:21,825.33,62.0,30.38,59.0,21.61,7.87,06:13:00,18:14:00
398,1475108718,9/28/2016 12:00:00 AM,14:25:18,842.62,62.0,30.38,60.0,2.33,5.62,06:13:00,18:14:00
399,1475108419,9/28/2016 12:00:00 AM,14:20:19,851.79,63.0,30.38,60.0,28.66,11.25,06:13:00,18:14:00
400,1475108118,9/28/2016 12:00:00 AM,14:15:18,869.31,63.0,30.38,59.0,51.58,7.87,06:13:00,18:14:00
401,1475107827,9/28/2016 12:00:00 AM,14:10:27,882.14,62.0,30.38,58.0,137.12,5.62,06:13:00,18:14:00
402,1475107522,9/28/2016 12:00:00 AM,14:05:22,893.68,63.0,30.38,60.0,23.91,12.37,06:13:00,18:14:00
403,1475107220,9/28/2016 12:00:00 AM,14:00:20,904.81,63.0,30.38,59.0,49.07,11.25,06:13:00,18:14:00
404,1475106921,9/28/2016 12:00:00 AM,13:55:21,914.27,63.0,30.39,57.0,8.87,6.229096658193317,06:13:00,18:14:00
405,1475106626,9/28/2016 12:00:00 AM,13:50:26,925.33,63.0,30.38,61.0,68.21,7.87,06:13:00,18:14:00
406,1475106320,9/28/2016 12:00:00 AM,13:45:20,934.09,62.0,30.39,59.0,269.81,4.5,06:13:00,18:14:00
407,1475106021,9/28/2016 12:00:00 AM,13:40:21,943.28,63.0,30.39,57.0,36.16,6.75,06:13:00,18:14:00
408,1475105720,9/28/2016 12:00:00 AM,13:35:20,951.22,63.0,30.39,59.0,51.28,9.0,06:13:00,18:14:00
409,1475105422,9/28/2016 12:00:00 AM,13:30:22,962.51,63.0,30.39,56.0,96.24,9.0,06:13:00,18:14:00
410,1475105119,9/28/2016 12:00:00 AM,13:25:19,969.73,64.0,30.39,58.0,35.49,13.5,06:13:00,18:14:00
411,1475104823,9/28/2016 12:00:00 AM,13:20:23,979.64,64.0,30.39,54.0,15.16,6.75,06:13:00,18:14:00
412,1475104521,9/28/2016 12:00:00 AM,13:15:21,987.88,63.0,30.39,55.0,23.95,5.62,06:13:00,18:14:00
413,1475104222,9/28/2016 12:00:00 AM,13:10:22,995.36,64.0,30.39,55.0,1.28,3.37,06:13:00,18:14:00
414,1475103922,9/28/2016 12:00:00 AM,13:05:22,1000.69,63.0,30.39,55.0,39.99,5.62,06:13:00,18:14:00
415,1475103629,9/28/2016 12:00:00 AM,13:00:29,1007.72,63.0,30.39,53.0,32.01,6.75,06:13:00,18:14:00
416,1475103319,9/28/2016 12:00:00 AM,12:55:19,1009.68,63.0,30.4,56.0,55.92,13.5,06:13:00,18:14:00
417,1475103023,9/28/2016 12:00:00 AM,12:50:23,1012.96,63.0,30.4,55.0,17.42,6.75,06:13:00,18:14:00
418,1475102723,9/28/2016 12:00:00 AM,12:45:23,1014.42,64.0,30.39,55.0,84.77,6.75,06:13:00,18:14:00
419,1475102419,9/28/2016 12:00:00 AM,12:40:19,1018.59,64.0,30.4,53.0,30.74,11.25,06:13:00,18:14:00
420,1475102119,9/28/2016 12:00:00 AM,12:35:19,1021.35,64.0,30.4,53.0,33.64,10.12,06:13:00,18:14:00
421,1475101823,9/28/2016 12:00:00 AM,12:30:23,1025.7,64.0,30.4,52.0,26.38,13.5,06:13:00,18:14:00
422,1475101524,9/28/2016 12:00:00 AM,12:25:24,1026.5,63.0,30.4,49.0,57.98,6.75,06:13:00,18:14:00
423,1475101219,9/28/2016 12:00:00 AM,12:20:19,1029.3,63.0,30.4,74.83719267708949,359.93,4.5,06:13:00,18:14:00
424,1475100919,9/28/2016 12:00:00 AM,12:15:19,1026.44,63.0,30.4,56.0,35.44,7.87,06:13:00,18:14:00
425,1475100624,9/28/2016 12:00:00 AM,12:10:24,1025.65,63.0,30.4,53.0,6.47,5.62,06:13:00,18:14:00
426,1475100025,9/28/2016 12:00:00 AM,12:00:25,1027.27,63.0,30.4,56.0,359.93,7.87,06:13:00,18:14:00
427,1475099724,9/28/2016 12:00:00 AM,11:55:24,1021.34,64.0,30.4,53.0,355.12,12.37,06:13:00,18:14:00
428,1475099422,9/28/2016 12:00:00 AM,11:50:22,1021.43,64.0,30.4,51.0,54.4,5.62,06:13:00,18:14:00
429,1475099120,9/28/2016 12:00:00 AM,11:45:20,1017.75,64.0,30.41,52.0,14.61,5.62,06:13:00,18:14:00
430,1475098820,9/28/2016 12:00:00 AM,11:40:20,1017.9,64.0,30.41,52.0,36.19,4.5,06:13:00,18:14:00
431,1475098525,9/28/2016 12:00:00 AM,11:35:25,1013.63,64.0,30.41,51.0,37.32,10.12,06:13:00,18:14:00
432,1475098222,9/28/2016 12:00:00 AM,11:30:22,1008.62,64.0,30.41,51.0,31.73,10.12,06:13:00,18:14:00
433,1475097927,9/28/2016 12:00:00 AM,11:25:27,1003.03,64.0,30.41,74.83719267708949,359.92,5.62,06:13:00,18:14:00
434,1475097622,9/28/2016 12:00:00 AM,11:20:22,999.55,64.0,30.41,51.0,31.56,10.12,06:13:00,18:14:00
435,1475097323,9/28/2016 12:00:00 AM,11:15:23,990.23,64.0,30.42,51.0,31.75,7.87,06:13:00,18:14:00
436,1475097019,9/28/2016 12:00:00 AM,11:10:19,983.03,64.0,30.42,50.0,27.02,12.37,06:13:00,18:14:00
437,1475096718,9/28/2016 12:00:00 AM,11:05:18,979.47,64.0,30.42,51.0,19.9,10.12,06:13:00,18:14:00
438,1475096423,9/28/2016 12:00:00 AM,11:00:23,971.99,64.0,30.42,52.0,37.54,5.62,06:13:00,18:14:00
439,1475096118,9/28/2016 12:00:00 AM,10:55:18,963.55,64.0,30.42,53.0,0.12,5.62,06:13:00,18:14:00
440,1475095819,9/28/2016 12:00:00 AM,10:50:19,954.68,64.0,30.42,53.0,170.18,5.62,06:13:00,18:14:00
441,1475095519,9/28/2016 12:00:00 AM,10:45:19,945.02,63.0,30.42,52.0,31.49,11.25,06:13:00,18:14:00
442,1475095220,9/28/2016 12:00:00 AM,10:40:20,937.88,64.0,30.42,51.0,32.77,7.87,06:13:00,18:14:00
443,1475094919,9/28/2016 12:00:00 AM,10:35:19,927.39,64.0,30.42,50.0,30.44,7.87,06:13:00,18:14:00
444,1475094620,9/28/2016 12:00:00 AM,10:30:20,917.65,64.0,30.42,52.0,31.26,7.87,06:13:00,18:14:00
445,1475094319,9/28/2016 12:00:00 AM,10:25:19,907.2,64.0,30.42,50.0,53.87,5.62,06:13:00,18:14:00
446,1475094024,9/28/2016 12:00:00 AM,10:20:24,898.15,63.0,30.42,51.0,46.26,2.25,06:13:00,18:14:00
447,1475093722,9/28/2016 12:00:00 AM,10:15:22,883.59,63.0,30.42,52.0,9.55,4.5,06:13:00,18:14:00
448,1475093420,9/28/2016 12:00:00 AM,10:10:20,871.54,62.0,30.42,53.0,76.78,4.5,06:13:00,18:14:00
449,1475093123,9/28/2016 12:00:00 AM,10:05:23,860.3,62.0,30.42,52.0,11.51,7.87,06:13:00,18:14:00
450,1475092819,9/28/2016 12:00:00 AM,10:00:19,844.12,63.0,30.42,52.0,50.15,6.75,06:13:00,18:14:00
451,1475092522,9/28/2016 12:00:00 AM,09:55:22,831.86,62.0,30.42,52.0,139.5,4.5,06:13:00,18:14:00
452,1475092220,9/28/2016 12:00:00 AM,09:50:20,818.22,62.0,30.42,54.0,26.02,5.62,06:13:00,18:14:00
453,1475091924,9/28/2016 12:00:00 AM,09:45:24,805.71,62.0,30.43,54.0,352.03,4.5,06:13:00,18:14:00
454,1475091622,9/28/2016 12:00:00 AM,09:40:22,792.03,62.0,30.43,54.0,339.78,2.25,06:13:00,18:14:00
455,1475091322,9/28/2016 12:00:00 AM,09:35:22,776.64,62.0,30.42,54.0,61.32,5.62,06:13:00,18:14:00
456,1475091020,9/28/2016 12:00:00 AM,09:30:20,761.38,62.0,30.43,54.0,71.19,6.75,06:13:00,18:14:00
457,1475090722,9/28/2016 12:00:00 AM,09:25:22,744.78,62.0,30.42,54.0,35.49,2.25,06:13:00,18:14:00
458,1475090421,9/28/2016 12:00:00 AM,09:20:21,730.74,62.0,30.42,53.0,32.29,4.5,06:13:00,18:14:00
459,1475090123,9/28/2016 12:00:00 AM,09:15:23,713.44,62.0,30.42,54.0,64.24,6.75,06:13:00,18:14:00
460,1475089824,9/28/2016 12:00:00 AM,09:10:24,694.68,62.0,30.42,52.0,12.6,3.37,06:13:00,18:14:00
461,1475089525,9/28/2016 12:00:00 AM,09:05:25,679.66,62.0,30.42,54.0,36.2,4.5,06:13:00,18:14:00
462,1475089221,9/28/2016 12:00:00 AM,09:00:21,662.26,61.0,30.42,55.0,359.92,5.62,06:13:00,18:14:00
463,1475088923,9/28/2016 12:00:00 AM,08:55:23,642.27,61.0,30.42,55.0,33.73,9.0,06:13:00,18:14:00
464,1475088620,9/28/2016 12:00:00 AM,08:50:20,623.85,61.0,30.42,56.0,55.33,4.5,06:13:00,18:14:00
465,1475088323,9/28/2016 12:00:00 AM,08:45:23,605.51,61.0,30.42,56.0,72.33,5.62,06:13:00,18:14:00
466,1475088022,9/28/2016 12:00:00 AM,08:40:22,587.31,61.0,30.42,57.0,55.57,6.75,06:13:00,18:14:00
467,1475087720,9/28/2016 12:00:00 AM,08:35:20,567.0,60.0,30.42,57.0,109.91,4.5,06:13:00,18:14:00
468,1475087418,9/28/2016 12:00:00 AM,08:30:18,547.21,60.0,30.42,58.0,104.5,3.37,06:13:00,18:14:00
469,1475087125,9/28/2016 12:00:00 AM,08:25:25,525.23,60.0,30.423028000868246,59.0,42.17,7.87,06:13:00,18:14:00
470,1475086822,9/28/2016 12:00:00 AM,08:20:22,506.22,60.0,30.41,60.0,74.08,5.62,06:13:00,18:14:00
471,1475086522,9/28/2016 12:00:00 AM,08:15:22,484.69,60.0,30.41,61.0,97.72,3.37,06:13:00,18:14:00
472,1475086223,9/28/2016 12:00:00 AM,08:10:23,465.71,59.0,30.41,63.0,70.01,1.12,06:13:00,18:14:00
473,1475085920,9/28/2016 12:00:00 AM,08:05:20,446.9,59.0,30.41,62.0,55.89,6.75,06:13:00,18:14:00
474,1475085620,9/28/2016 12:00:00 AM,08:00:20,426.1,59.0,30.41,64.0,80.52,3.37,06:13:00,18:14:00
475,1475085326,9/28/2016 12:00:00 AM,07:55:26,404.77,58.0,30.41,66.0,114.91,2.25,06:13:00,18:14:00
476,1475085024,9/28/2016 12:00:00 AM,07:50:24,384.0,58.0,30.41,68.0,105.99,3.37,06:13:00,18:14:00
477,1475084721,9/28/2016 12:00:00 AM,07:45:21,362.68,57.0,30.4,70.0,16.41,4.5,06:13:00,18:14:00
478,1475084419,9/28/2016 12:00:00 AM,07:40:19,340.39,56.0,30.4,74.0,122.53,2.25,06:13:00,18:14:00
479,1475084118,9/28/2016 12:00:00 AM,07:35:18,319.65,54.0,30.4,78.0,114.74,3.37,06:13:00,18:14:00
480,1475083824,9/28/2016 12:00:00 AM,07:30:24,295.67,53.0,30.4,80.0,141.69,5.62,06:13:00,18:14:00
481,1475083518,9/28/2016 12:00:00 AM,07:25:18,269.87,52.0,30.4,82.0,162.19,4.5,06:13:00,18:14:00
482,1475083221,9/28/2016 12:00:00 AM,07:20:21,242.36,51.0,30.4,83.0,156.29,5.62,06:13:00,18:14:00
483,1475082919,9/28/2016 12:00:00 AM,07:15:19,214.39,50.0,30.39,85.0,150.1,4.5,06:13:00,18:14:00
484,1475082622,9/28/2016 12:00:00 AM,07:10:22,160.24,49.0,30.39,86.0,169.42,5.62,06:13:00,18:14:00
485,1475082324,9/28/2016 12:00:00 AM,07:05:24,23.47,48.0,30.39,86.0,168.51,5.62,06:13:00,18:14:00
486,1475082019,9/28/2016 12:00:00 AM,07:00:19,21.98,48.0,30.39,87.0,155.47,5.62,06:13:00,18:14:00
487,1475081718,9/28/2016 12:00:00 AM,06:55:18,20.93,47.0,30.39,87.0,171.38,5.62,06:13:00,18:14:00
488,1475081424,9/28/2016 12:00:00 AM,06:50:24,19.82,47.0,30.39,87.0,185.45,6.75,06:13:00,18:14:00
489,1475081121,9/28/2016 12:00:00 AM,06:45:21,18.65,47.0,30.39,87.0,172.69,7.87,06:13:00,18:14:00
490,1475080820,9/28/2016 12:00:00 AM,06:40:20,17.21,46.0,30.38,87.0,195.59,6.75,06:13:00,18:14:00
491,1475080520,9/28/2016 12:00:00 AM,06:35:20,15.65,46.0,30.38,87.0,189.89,6.75,06:13:00,18:14:00
492,1475080222,9/28/2016 12:00:00 AM,06:30:22,13.91,46.0,30.38,87.0,192.26,5.62,06:13:00,18:14:00
493,1475079919,9/28/2016 12:00:00 AM,06:25:19,11.87,46.0,30.38,87.0,189.68,7.87,06:13:00,18:14:00
494,1475079621,9/28/2016 12:00:00 AM,06:20:21,9.69,46.0,30.38,86.0,189.87,7.87,06:13:00,18:14:00
495,1475079321,9/28/2016 12:00:00 AM,06:15:21,7.27,46.0,30.38,86.0,185.96,4.5,06:13:00,18:14:00
496,1475079024,9/28/2016 12:00:00 AM,06:10:24,5.17,46.0,30.38,86.0,187.6,6.75,06:13:00,18:14:00
497,1475078721,9/28/2016 12:00:00 AM,06:05:21,3.05,46.0,30.38,85.0,187.14,6.75,06:13:00,18:14:00
498,1475078422,9/28/2016 12:00:00 AM,06:00:22,1.69,46.0,30.38,85.0,185.37,6.75,06:13:00,18:14:00
499,1475077819,9/28/2016 12:00:00 AM,05:50:19,1.2,46.0,30.38,84.0,188.5,7.87,06:13:00,18:14:00
500,1475077526,9/28/2016 12:00:00 AM,05:45:26,1.22,46.0,30.38,84.0,189.81,7.87,06:13:00,18:14:00
501,1475077221,9/28/2016 12:00:00 AM,05:40:21,1.21,46.0,30.38,84.0,190.4,7.87,06:13:00,18:14:00
502,1475076921,9/28/2016 12:00:00 AM,05:35:21,1.2,46.0,30.37,84.0,186.28,9.0,06:13:00,18:14:00
503,1475076621,9/28/2016 12:00:00 AM,05:30:21,1.21,46.0,30.38,84.0,184.25,9.0,06:13:00,18:14:00
504,1475076320,9/28/2016 12:00:00 AM,05:25:20,1.24,46.0,30.37,84.0,196.6,7.87,06:13:00,18:14:00
505,1475076020,9/28/2016 12:00:00 AM,05:20:20,1.2,46.0,30.37,84.0,188.73,7.87,06:13:00,18:14:00
506,1475075721,9/28/2016 12:00:00 AM,05:15:21,1.2,46.0,30.37,85.0,187.27,9.0,06:13:00,18:14:00
507,1475075421,9/28/2016 12:00:00 AM,05:10:21,1.22,46.0,30.37,85.0,191.32,9.0,06:13:00,18:14:00
508,1475075121,9/28/2016 12:00:00 AM,05:05:21,1.23,46.0,30.37,85.0,187.04,5.62,06:13:00,18:14:00
509,1475074821,9/28/2016 12:00:00 AM,05:00:21,1.22,46.0,30.37,84.0,189.8,5.62,06:13:00,18:14:00
510,1475074521,9/28/2016 12:00:00 AM,04:55:21,1.2,46.0,30.37,84.0,175.22,5.62,06:13:00,18:14:00
511,1475074222,9/28/2016 12:00:00 AM,04:50:22,1.23,46.0,30.37,84.0,189.17,6.75,06:13:00,18:14:00
512,1475073922,9/28/2016 12:00:00 AM,04:45:22,1.23,46.0,30.37,84.0,194.28,7.87,06:13:00,18:14:00
513,1475073620,9/28/2016 12:00:00 AM,04:40:20,1.21,46.0,30.37,84.0,190.57,7.87,06:13:00,18:14:00
514,1475073322,9/28/2016 12:00:00 AM,04:35:22,1.21,46.0,30.37,84.0,182.87,6.75,06:13:00,18:14:00
515,1475073020,9/28/2016 12:00:00 AM,04:30:20,1.22,46.0,30.37,84.0,191.63,6.75,06:13:00,18:14:00
516,1475072721,9/28/2016 12:00:00 AM,04:25:21,1.21,46.0,30.37,84.0,192.17,6.75,06:13:00,18:14:00
517,1475072430,9/28/2016 12:00:00 AM,04:20:30,1.21,46.0,30.37,84.0,187.33,6.75,06:13:00,18:14:00
518,1475072122,9/28/2016 12:00:00 AM,04:15:22,1.2,46.0,30.37,84.0,182.58,4.5,06:13:00,18:14:00
519,1475071826,9/28/2016 12:00:00 AM,04:10:26,1.23,46.0,30.37,84.0,192.3,5.62,06:13:00,18:14:00
520,1475071518,9/28/2016 12:00:00 AM,04:05:18,1.22,47.0,30.37,84.0,191.24,5.62,06:13:00,18:14:00
521,1475071221,9/28/2016 12:00:00 AM,04:00:21,1.23,47.0,30.37,84.0,189.47,5.62,06:13:00,18:14:00
522,1475070921,9/28/2016 12:00:00 AM,03:55:21,1.21,47.0,30.37,84.0,175.34,4.5,06:13:00,18:14:00
523,1475070622,9/28/2016 12:00:00 AM,03:50:22,1.23,46.0,30.37,84.0,171.0,5.62,06:13:00,18:14:00
524,1475070328,9/28/2016 12:00:00 AM,03:45:28,1.22,46.0,30.37,84.0,186.46,5.62,06:13:00,18:14:00
525,1475070019,9/28/2016 12:00:00 AM,03:40:19,1.22,46.0,30.37,84.0,170.05,4.5,06:13:00,18:14:00
526,1475069718,9/28/2016 12:00:00 AM,03:35:18,1.18,47.0,30.37,84.0,187.24,6.75,06:13:00,18:14:00
527,1475069419,9/28/2016 12:00:00 AM,03:30:19,1.2,47.0,30.37,84.0,181.58,6.75,06:13:00,18:14:00
528,1475069122,9/28/2016 12:00:00 AM,03:25:22,1.22,47.0,30.37,84.0,192.97,6.75,06:13:00,18:14:00
529,1475068825,9/28/2016 12:00:00 AM,03:20:25,1.2,47.0,30.37,84.0,160.03,5.62,06:13:00,18:14:00
530,1475068530,9/28/2016 12:00:00 AM,03:15:30,1.27,47.0,30.37,85.0,185.74,6.75,06:13:00,18:14:00
531,1475068221,9/28/2016 12:00:00 AM,03:10:21,1.24,47.0,30.37,85.0,176.62,4.5,06:13:00,18:14:00
532,1475067924,9/28/2016 12:00:00 AM,03:05:24,1.27,47.0,30.37,85.0,176.95,5.62,06:13:00,18:14:00
533,1475067619,9/28/2016 12:00:00 AM,03:00:19,1.26,47.0,30.37,85.0,187.04,5.62,06:13:00,18:14:00
534,1475067320,9/28/2016 12:00:00 AM,02:55:20,1.28,47.0,30.37,85.0,178.66,4.5,06:13:00,18:14:00
535,1475067024,9/28/2016 12:00:00 AM,02:50:24,1.24,48.0,30.37,84.0,182.48,5.62,06:13:00,18:14:00
536,1475066721,9/28/2016 12:00:00 AM,02:45:21,1.29,48.0,30.37,84.0,148.55,5.62,06:13:00,18:14:00
537,1475066425,9/28/2016 12:00:00 AM,02:40:25,1.28,48.0,30.37,84.0,171.57,4.5,06:13:00,18:14:00
538,1475066119,9/28/2016 12:00:00 AM,02:35:19,1.25,48.0,30.38,85.0,189.6,6.75,06:13:00,18:14:00
539,1475065821,9/28/2016 12:00:00 AM,02:30:21,1.26,48.0,30.38,85.0,178.33,5.62,06:13:00,18:14:00
540,1475065521,9/28/2016 12:00:00 AM,02:25:21,1.26,48.0,30.38,85.0,178.33,4.5,06:13:00,18:14:00
541,1475065219,9/28/2016 12:00:00 AM,02:20:19,1.27,48.0,30.38,85.0,177.29,5.62,06:13:00,18:14:00
542,1475064922,9/28/2016 12:00:00 AM,02:15:22,1.32,48.0,30.38,86.0,146.94,4.5,06:13:00,18:14:00
543,1475064621,9/28/2016 12:00:00 AM,02:10:21,1.27,47.0,30.38,86.0,174.64,5.62,06:13:00,18:14:00
544,1475064324,9/28/2016 12:00:00 AM,02:05:24,1.27,48.0,30.38,87.0,183.53,7.87,06:13:00,18:14:00
545,1475064020,9/28/2016 12:00:00 AM,02:00:20,1.28,48.0,30.38,86.0,185.82,6.75,06:13:00,18:14:00
546,1475063730,9/28/2016 12:00:00 AM,01:55:30,1.3,48.0,30.38,86.0,185.19,7.87,06:13:00,18:14:00
547,1475063421,9/28/2016 12:00:00 AM,01:50:21,1.27,48.0,30.38,87.0,185.37,7.87,06:13:00,18:14:00
548,1475063123,9/28/2016 12:00:00 AM,01:45:23,1.24,48.0,30.38,87.0,186.36,7.87,06:13:00,18:14:00
549,1475062820,9/28/2016 12:00:00 AM,01:40:20,1.31,48.0,30.38,87.0,184.18,5.62,06:13:00,18:14:00
550,1475062523,9/28/2016 12:00:00 AM,01:35:23,1.26,48.0,30.38,88.0,189.84,6.75,06:13:00,18:14:00
551,1475062226,9/28/2016 12:00:00 AM,01:30:26,1.23,48.0,30.39,88.0,188.96,5.62,06:13:00,18:14:00
552,1475061921,9/28/2016 12:00:00 AM,01:25:21,1.27,48.0,30.39,88.0,171.49,4.5,06:13:00,18:14:00
553,1475061621,9/28/2016 12:00:00 AM,01:20:21,1.31,48.0,30.39,89.0,179.44,5.62,06:13:00,18:14:00
554,1475061325,9/28/2016 12:00:00 AM,01:15:25,1.26,48.0,30.39,89.0,187.36,5.62,06:13:00,18:14:00
555,1475060720,9/28/2016 12:00:00 AM,01:05:20,1.26,48.0,30.39,89.0,177.37,5.62,06:13:00,18:14:00
556,1475060420,9/28/2016 12:00:00 AM,01:00:20,1.27,48.0,30.39,89.0,185.67,5.62,06:13:00,18:14:00
557,1475060119,9/28/2016 12:00:00 AM,00:55:19,1.26,48.0,30.39,89.0,171.18,4.5,06:13:00,18:14:00
558,1475059821,9/28/2016 12:00:00 AM,00:50:21,1.24,48.0,30.39,89.0,187.64,7.87,06:13:00,18:14:00
559,1475059523,9/28/2016 12:00:00 AM,00:45:23,1.26,49.0,30.39,89.0,187.0,6.75,06:13:00,18:14:00
560,1475059222,9/28/2016 12:00:00 AM,00:40:22,1.25,49.0,30.4,89.0,180.05,5.62,06:13:00,18:14:00
561,1475058922,9/28/2016 12:00:00 AM,00:35:22,1.24,49.0,30.4,89.0,188.22,6.75,06:13:00,18:14:00
562,1475058619,9/28/2016 12:00:00 AM,00:30:19,1.27,49.0,30.4,89.0,187.61,6.75,06:13:00,18:14:00
563,1475058319,9/28/2016 12:00:00 AM,00:25:19,1.27,49.0,30.4,89.0,182.03,5.62,06:13:00,18:14:00
564,1475057423,9/28/2016 12:00:00 AM,00:10:23,1.26,49.0,30.4,89.0,169.59,3.37,06:13:00,18:14:00
565,1475057124,9/28/2016 12:00:00 AM,00:05:24,1.23,49.0,30.4,89.0,184.15,6.75,06:13:00,18:14:00
566,1475056819,9/28/2016 12:00:00 AM,00:00:19,1.22,49.0,30.4,89.0,185.04,5.62,06:13:00,18:14:00
567,1475056524,9/27/2016 12:00:00 AM,23:55:24,1.23,49.0,30.4,89.0,178.36,4.5,06:13:00,18:15:00
568,1475056220,9/27/2016 12:00:00 AM,23:50:20,1.23,49.0,30.4,90.0,177.36,4.5,06:13:00,18:15:00
569,1475055924,9/27/2016 12:00:00 AM,23:45:24,1.23,49.0,30.4,90.0,178.04,4.5,06:13:00,18:15:00
570,1475055624,9/27/2016 12:00:00 AM,23:40:24,1.23,49.0,30.4,90.0,176.62,4.5,06:13:00,18:15:00
571,1475055019,9/27/2016 12:00:00 AM,23:30:19,1.22,49.0,30.41,89.0,180.47,4.5,06:13:00,18:15:00
572,1475054724,9/27/2016 12:00:00 AM,23:25:24,1.23,50.0,30.41,89.0,169.69,4.5,06:13:00,18:15:00
573,1475054423,9/27/2016 12:00:00 AM,23:20:23,1.22,50.0,30.41,89.0,174.97,3.37,06:13:00,18:15:00
574,1475054118,9/27/2016 12:00:00 AM,23:15:18,1.27,50.0,30.41,89.0,167.05,4.5,06:13:00,18:15:00
575,1475053819,9/27/2016 12:00:00 AM,23:10:19,1.3,50.0,30.41,88.0,159.49,2.25,06:13:00,18:15:00
576,1475053524,9/27/2016 12:00:00 AM,23:05:24,1.28,50.0,30.41,88.0,166.48,4.5,06:13:00,18:15:00
577,1475053221,9/27/2016 12:00:00 AM,23:00:21,1.24,50.0,30.41,88.0,164.35,4.5,06:13:00,18:15:00
578,1475052921,9/27/2016 12:00:00 AM,22:55:21,1.29,50.0,30.41,88.0,167.11,4.5,06:13:00,18:15:00
579,1475052627,9/27/2016 12:00:00 AM,22:50:27,1.23,50.0,30.41,89.0,178.27,6.75,06:13:00,18:15:00
580,1475052326,9/27/2016 12:00:00 AM,22:45:26,1.25,50.0,30.41,89.0,179.76,4.5,06:13:00,18:15:00
581,1475052027,9/27/2016 12:00:00 AM,22:40:27,1.28,50.0,30.41,89.0,187.54,6.75,06:13:00,18:15:00
582,1475051720,9/27/2016 12:00:00 AM,22:35:20,1.26,50.0,30.41,90.0,176.06,7.87,06:13:00,18:15:00
583,1475051419,9/27/2016 12:00:00 AM,22:30:19,1.26,50.0,30.41,91.0,181.79,5.62,06:13:00,18:15:00
584,1475051123,9/27/2016 12:00:00 AM,22:25:23,1.27,50.0,30.41,91.0,182.98,5.62,06:13:00,18:15:00
585,1475050821,9/27/2016 12:00:00 AM,22:20:21,1.28,50.0,30.41,92.0,184.99,5.62,06:13:00,18:15:00
586,1475050522,9/27/2016 12:00:00 AM,22:15:22,1.26,50.0,30.41,74.83719267708949,180.08,5.62,06:13:00,18:15:00
587,1475050223,9/27/2016 12:00:00 AM,22:10:23,1.28,50.0,30.41,91.0,178.12,5.62,06:13:00,18:15:00
588,1475049922,9/27/2016 12:00:00 AM,22:05:22,1.28,50.0,30.41,92.0,179.16,3.37,06:13:00,18:15:00
589,1475049622,9/27/2016 12:00:00 AM,22:00:22,1.26,50.0,30.41,91.0,178.94,3.37,06:13:00,18:15:00
590,1475049320,9/27/2016 12:00:00 AM,21:55:20,1.24,50.0,30.41,91.0,178.47,5.62,06:13:00,18:15:00
591,1475049019,9/27/2016 12:00:00 AM,21:50:19,1.28,50.0,30.41,91.0,175.26,4.5,06:13:00,18:15:00
592,1475048722,9/27/2016 12:00:00 AM,21:45:22,1.25,51.0,30.41,92.0,179.89,5.62,06:13:00,18:15:00
593,1475048424,9/27/2016 12:00:00 AM,21:40:24,1.3,51.0,30.41,93.0,179.58,4.5,06:13:00,18:15:00
594,1475048120,9/27/2016 12:00:00 AM,21:35:20,1.26,51.0,30.41,93.0,179.65,5.62,06:13:00,18:15:00
595,1475047823,9/27/2016 12:00:00 AM,21:30:23,1.26,50.0,30.41,94.0,180.05,5.62,06:13:00,18:15:00
596,1475047522,9/27/2016 12:00:00 AM,21:25:22,1.24,50.0,30.41,94.0,181.01,7.87,06:13:00,18:15:00
597,1475047219,9/27/2016 12:00:00 AM,21:20:19,1.28,50.0,30.41,95.0,175.15,6.75,06:13:00,18:15:00
598,1475046919,9/27/2016 12:00:00 AM,21:15:19,1.29,50.0,30.41,95.0,170.13,4.5,06:13:00,18:15:00
599,1475046621,9/27/2016 12:00:00 AM,21:10:21,1.28,50.0,30.41,95.0,171.48,4.5,06:13:00,18:15:00
600,1475046321,9/27/2016 12:00:00 AM,21:05:21,1.25,50.0,30.41,94.0,164.25,3.37,06:13:00,18:15:00
601,1475046019,9/27/2016 12:00:00 AM,21:00:19,1.26,50.0,30.41,94.0,164.22,4.5,06:13:00,18:15:00
602,1475045724,9/27/2016 12:00:00 AM,20:55:24,1.27,51.0,30.41,94.0,161.59,2.25,06:13:00,18:15:00
603,1475045420,9/27/2016 12:00:00 AM,20:50:20,1.27,51.0,30.41,95.0,161.59,3.37,06:13:00,18:15:00
604,1475045119,9/27/2016 12:00:00 AM,20:45:19,1.28,51.0,30.41,95.0,161.59,3.37,06:13:00,18:15:00
605,1475044820,9/27/2016 12:00:00 AM,20:40:20,1.27,51.0,30.41,95.0,157.74,3.37,06:13:00,18:15:00
606,1475044521,9/27/2016 12:00:00 AM,20:35:21,1.28,51.0,30.41,95.0,143.54770303349548,3.37,06:13:00,18:15:00
607,1475044224,9/27/2016 12:00:00 AM,20:30:24,1.27,51.0,30.41,95.0,157.73,3.37,06:13:00,18:15:00
608,1475043919,9/27/2016 12:00:00 AM,20:25:19,1.27,51.0,30.41,95.0,181.5,2.25,06:13:00,18:15:00
609,1475043619,9/27/2016 12:00:00 AM,20:20:19,1.27,51.0,30.41,95.0,181.51,3.37,06:13:00,18:15:00
610,1475043319,9/27/2016 12:00:00 AM,20:15:19,1.27,51.0,30.4,94.0,181.56,2.25,06:13:00,18:15:00
611,1475043019,9/27/2016 12:00:00 AM,20:10:19,1.27,51.0,30.4,94.0,181.55,2.25,06:13:00,18:15:00
612,1475042723,9/27/2016 12:00:00 AM,20:05:23,1.28,52.0,30.4,93.0,181.56,3.37,06:13:00,18:15:00
613,1475042422,9/27/2016 12:00:00 AM,20:00:22,1.29,52.0,30.4,94.0,182.23,3.37,06:13:00,18:15:00
614,1475042123,9/27/2016 12:00:00 AM,19:55:23,1.29,52.0,30.4,96.0,182.99,1.12,06:13:00,18:15:00
615,1475041823,9/27/2016 12:00:00 AM,19:50:23,1.29,52.0,30.4,97.0,183.01,1.12,06:13:00,18:15:00
616,1475041524,9/27/2016 12:00:00 AM,19:45:24,1.25,52.0,30.4,96.0,183.01,1.12,06:13:00,18:15:00
617,1475041219,9/27/2016 12:00:00 AM,19:40:19,1.27,52.0,30.4,96.0,183.01,1.12,06:13:00,18:15:00
618,1475040921,9/27/2016 12:00:00 AM,19:35:21,1.3,52.0,30.4,96.0,183.02,2.25,06:13:00,18:15:00
619,1475040623,9/27/2016 12:00:00 AM,19:30:23,1.28,52.0,30.39,96.0,183.01,2.25,06:13:00,18:15:00
620,1475040322,9/27/2016 12:00:00 AM,19:25:22,1.26,52.0,30.39,96.0,183.01,3.37,06:13:00,18:15:00
621,1475040019,9/27/2016 12:00:00 AM,19:20:19,1.3,52.0,30.39,95.0,183.01,1.12,06:13:00,18:15:00
622,1475039720,9/27/2016 12:00:00 AM,19:15:20,1.27,52.0,30.39,95.0,183.01,2.25,06:13:00,18:15:00
623,1475039425,9/27/2016 12:00:00 AM,19:10:25,1.25,52.0,30.423028000868246,95.0,183.01,2.25,06:13:00,18:15:00
624,1475039125,9/27/2016 12:00:00 AM,19:05:25,1.3,53.0,30.39,95.0,183.01,2.25,06:13:00,18:15:00
625,1475038823,9/27/2016 12:00:00 AM,19:00:23,1.29,53.0,30.39,95.0,183.01,4.5,06:13:00,18:15:00
626,1475038521,9/27/2016 12:00:00 AM,18:55:21,1.26,53.0,30.39,94.0,178.45,4.5,06:13:00,18:15:00
627,1475038226,9/27/2016 12:00:00 AM,18:50:26,1.29,53.0,30.38,94.0,41.5,2.25,06:13:00,18:15:00
628,1475037918,9/27/2016 12:00:00 AM,18:45:18,1.23,53.0,30.38,94.0,41.5,2.25,06:13:00,18:15:00
629,1475037619,9/27/2016 12:00:00 AM,18:40:19,1.27,54.0,30.38,94.0,41.5,2.25,06:13:00,18:15:00
630,1475037319,9/27/2016 12:00:00 AM,18:35:19,1.3,54.0,30.38,94.0,41.5,1.12,06:13:00,18:15:00
631,1475037024,9/27/2016 12:00:00 AM,18:30:24,1.29,54.0,30.38,95.0,41.5,0.0,06:13:00,18:15:00
632,1475036722,9/27/2016 12:00:00 AM,18:25:22,1.55,55.0,30.38,94.0,41.52,2.25,06:13:00,18:15:00
633,1475036422,9/27/2016 12:00:00 AM,18:20:22,2.78,55.0,30.38,93.0,39.77,0.0,06:13:00,18:15:00
634,1475036120,9/27/2016 12:00:00 AM,18:15:20,4.63,55.0,30.38,93.0,39.77,1.12,06:13:00,18:15:00
635,1475035826,9/27/2016 12:00:00 AM,18:10:26,6.47,55.0,30.38,93.0,39.77,0.0,06:13:00,18:15:00
636,1475035521,9/27/2016 12:00:00 AM,18:05:21,8.45,56.0,30.38,92.0,28.99,3.37,06:13:00,18:15:00
637,1475035220,9/27/2016 12:00:00 AM,18:00:20,10.57,56.0,30.38,89.0,11.71,3.37,06:13:00,18:15:00
638,1475034919,9/27/2016 12:00:00 AM,17:55:19,13.11,56.0,30.38,87.0,20.66,1.12,06:13:00,18:15:00
639,1475034619,9/27/2016 12:00:00 AM,17:50:19,16.06,56.0,30.38,87.0,20.65,3.37,06:13:00,18:15:00
640,1475034321,9/27/2016 12:00:00 AM,17:45:21,19.95,56.0,30.37,87.0,34.36,1.12,06:13:00,18:15:00
641,1475034021,9/27/2016 12:00:00 AM,17:40:21,28.71,57.0,30.37,87.0,35.69,1.12,06:13:00,18:15:00
642,1475033724,9/27/2016 12:00:00 AM,17:35:24,41.55,57.0,30.37,86.0,10.57,2.25,06:13:00,18:15:00
643,1475033421,9/27/2016 12:00:00 AM,17:30:21,43.42,57.0,30.37,83.0,40.93,1.12,06:13:00,18:15:00
644,1475033120,9/27/2016 12:00:00 AM,17:25:20,55.97,57.0,30.37,85.0,41.78,1.12,06:13:00,18:15:00
645,1475032821,9/27/2016 12:00:00 AM,17:20:21,57.17,57.0,30.37,87.0,52.25,2.25,06:13:00,18:15:00
646,1475032524,9/27/2016 12:00:00 AM,17:15:24,66.65,57.0,30.37,88.0,59.48,1.12,06:13:00,18:15:00
647,1475032222,9/27/2016 12:00:00 AM,17:10:22,78.91,57.0,30.37,74.83719267708949,13.05,1.12,06:13:00,18:15:00
648,1475031921,9/27/2016 12:00:00 AM,17:05:21,73.09,57.0,30.37,88.0,61.05,4.5,06:13:00,18:15:00
649,1475031620,9/27/2016 12:00:00 AM,17:00:20,327.03,57.0,30.37,88.0,2.84,6.75,06:13:00,18:15:00
650,1475031320,9/27/2016 12:00:00 AM,16:55:20,199.98,57.0,30.37,88.0,51.31,3.37,06:13:00,18:15:00
651,1475031020,9/27/2016 12:00:00 AM,16:50:20,117.33,57.0,30.36,88.0,351.83,2.25,06:13:00,18:15:00
652,1475030720,9/27/2016 12:00:00 AM,16:45:20,109.73,57.0,30.36,87.0,25.03,3.37,06:13:00,18:15:00
653,1475030422,9/27/2016 12:00:00 AM,16:40:22,93.9,58.0,30.36,87.0,34.25,2.25,06:13:00,18:15:00
654,1475030123,9/27/2016 12:00:00 AM,16:35:23,147.89,58.0,30.36,87.0,16.25,4.5,06:13:00,18:15:00
655,1475029820,9/27/2016 12:00:00 AM,16:30:20,179.72,57.0,30.36,87.0,26.77,2.25,06:13:00,18:15:00
656,1475029519,9/27/2016 12:00:00 AM,16:25:19,151.32,58.0,30.36,87.0,6.76,5.62,06:13:00,18:15:00
657,1475029222,9/27/2016 12:00:00 AM,16:20:22,136.84,58.0,30.36,86.0,32.98,6.75,06:13:00,18:15:00
658,1475028924,9/27/2016 12:00:00 AM,16:15:24,137.98,58.0,30.36,86.0,14.19,2.25,06:13:00,18:15:00
659,1475028625,9/27/2016 12:00:00 AM,16:10:25,175.03,58.0,30.36,85.0,2.39,6.75,06:13:00,18:15:00
660,1475028321,9/27/2016 12:00:00 AM,16:05:21,117.54,58.0,30.36,85.0,0.11,6.75,06:13:00,18:15:00
661,1475028026,9/27/2016 12:00:00 AM,16:00:26,143.54,59.0,30.36,85.0,0.17,2.25,06:13:00,18:15:00
662,1475027724,9/27/2016 12:00:00 AM,15:55:24,205.58,60.0,30.36,82.0,0.11,6.75,06:13:00,18:15:00
663,1475027422,9/27/2016 12:00:00 AM,15:50:22,256.17,59.0,30.36,79.0,350.24,1.12,06:13:00,18:15:00
664,1475027118,9/27/2016 12:00:00 AM,15:45:18,516.02,59.0,30.36,80.0,60.96,6.75,06:13:00,18:15:00
665,1475026822,9/27/2016 12:00:00 AM,15:40:22,212.47,59.0,30.36,82.0,24.93,1.12,06:13:00,18:15:00
666,1475026518,9/27/2016 12:00:00 AM,15:35:18,427.36,59.0,30.36,82.0,31.94,5.62,06:13:00,18:15:00
667,1475026225,9/27/2016 12:00:00 AM,15:30:25,379.81,59.0,30.36,83.0,0.57,1.12,06:13:00,18:15:00
668,1475025921,9/27/2016 12:00:00 AM,15:25:21,223.31,59.0,30.37,83.0,34.47,4.5,06:13:00,18:15:00
669,1475025620,9/27/2016 12:00:00 AM,15:20:20,223.77,59.0,30.37,83.0,353.64,6.75,06:13:00,18:15:00
670,1475025322,9/27/2016 12:00:00 AM,15:15:22,266.97,59.0,30.36,83.0,26.51,3.37,06:13:00,18:15:00
671,1475025024,9/27/2016 12:00:00 AM,15:10:24,229.12,59.0,30.37,81.0,30.97,6.75,06:13:00,18:15:00
672,1475024720,9/27/2016 12:00:00 AM,15:05:20,258.49,60.0,30.37,81.0,0.1,5.62,06:13:00,18:15:00
673,1475024421,9/27/2016 12:00:00 AM,15:00:21,264.75,61.0,30.37,79.0,32.34,6.75,06:13:00,18:15:00
674,1475024123,9/27/2016 12:00:00 AM,14:55:23,932.34,61.0,30.37,80.0,6.88,5.62,06:13:00,18:15:00
675,1475023820,9/27/2016 12:00:00 AM,14:50:20,989.25,60.0,30.37,83.0,44.18,7.87,06:13:00,18:15:00
676,1475023519,9/27/2016 12:00:00 AM,14:45:19,642.65,60.0,30.36,82.0,359.93,4.5,06:13:00,18:15:00
677,1475023222,9/27/2016 12:00:00 AM,14:40:22,507.41,61.0,30.37,81.0,348.15,7.87,06:13:00,18:15:00
678,1475022920,9/27/2016 12:00:00 AM,14:35:20,268.03,61.0,30.36,78.0,27.95,3.37,06:13:00,18:15:00
679,1475022623,9/27/2016 12:00:00 AM,14:30:23,751.04,61.0,30.36,77.0,31.14,4.5,06:13:00,18:15:00
680,1475022321,9/27/2016 12:00:00 AM,14:25:21,375.39,61.0,30.36,77.0,26.33,6.75,06:13:00,18:15:00
681,1475022021,9/27/2016 12:00:00 AM,14:20:21,200.48,60.0,30.36,77.0,22.74,6.75,06:13:00,18:15:00
682,1475021720,9/27/2016 12:00:00 AM,14:15:20,284.26,60.0,30.37,74.0,23.78,2.25,06:13:00,18:15:00
683,1475021424,9/27/2016 12:00:00 AM,14:10:24,622.42,60.0,30.37,75.0,46.1,5.62,06:13:00,18:15:00
684,1475021122,9/27/2016 12:00:00 AM,14:05:22,1021.37,60.0,30.37,77.0,12.35,4.5,06:13:00,18:15:00
685,1475020820,9/27/2016 12:00:00 AM,14:00:20,330.28,60.0,30.37,77.0,45.28,5.62,06:13:00,18:15:00
686,1475020520,9/27/2016 12:00:00 AM,13:55:20,325.24,59.0,30.37,78.0,2.85,3.37,06:13:00,18:15:00
687,1475020219,9/27/2016 12:00:00 AM,13:50:19,311.73,59.0,30.37,81.0,0.11,4.5,06:13:00,18:15:00
688,1475019923,9/27/2016 12:00:00 AM,13:45:23,306.01,59.0,30.37,81.0,19.28,4.5,06:13:00,18:15:00
689,1475019627,9/27/2016 12:00:00 AM,13:40:27,293.37,59.0,30.37,83.0,359.84,4.5,06:13:00,18:15:00
690,1475019326,9/27/2016 12:00:00 AM,13:35:26,227.36,59.0,30.37,79.0,37.64,7.87,06:13:00,18:15:00
691,1475019019,9/27/2016 12:00:00 AM,13:30:19,136.09,59.0,30.37,81.0,143.54770303349548,2.25,06:13:00,18:15:00
692,1475018727,9/27/2016 12:00:00 AM,13:25:27,161.71,59.0,30.37,82.0,4.13,3.37,06:13:00,18:15:00
693,1475018421,9/27/2016 12:00:00 AM,13:20:21,170.98,60.0,30.37,82.0,0.62,4.5,06:13:00,18:15:00
694,1475018122,9/27/2016 12:00:00 AM,13:15:22,189.56,60.0,30.38,83.0,27.22,5.62,06:13:00,18:15:00
695,1475017827,9/27/2016 12:00:00 AM,13:10:27,243.04,60.0,30.38,79.0,12.01,4.5,06:13:00,18:15:00
696,1475017520,9/27/2016 12:00:00 AM,13:05:20,479.91,60.0,30.38,82.0,348.56,4.5,06:13:00,18:15:00
697,1475017218,9/27/2016 12:00:00 AM,13:00:18,355.71,60.0,30.38,81.0,55.65,5.62,06:13:00,18:15:00
698,1475016921,9/27/2016 12:00:00 AM,12:55:21,262.32,60.0,30.39,79.0,32.8,4.5,06:13:00,18:15:00
699,1475016622,9/27/2016 12:00:00 AM,12:50:22,267.67,60.0,30.39,82.0,11.4,3.37,06:13:00,18:15:00
700,1475016321,9/27/2016 12:00:00 AM,12:45:21,331.66,60.0,30.39,80.0,5.97,5.62,06:13:00,18:15:00
701,1475016021,9/27/2016 12:00:00 AM,12:40:21,263.4,60.0,30.39,81.0,6.53,9.0,06:13:00,18:15:00
702,1475015720,9/27/2016 12:00:00 AM,12:35:20,281.78,61.0,30.39,79.0,10.02,6.75,06:13:00,18:15:00
703,1475015419,9/27/2016 12:00:00 AM,12:30:19,251.31,61.0,30.39,78.0,0.1,1.12,06:13:00,18:15:00
704,1475015118,9/27/2016 12:00:00 AM,12:25:18,251.39,61.0,30.39,77.0,25.11,10.12,06:13:00,18:15:00
705,1475014822,9/27/2016 12:00:00 AM,12:20:22,349.41,61.0,30.39,76.0,26.11,9.0,06:13:00,18:15:00
706,1475014523,9/27/2016 12:00:00 AM,12:15:23,457.0,62.0,30.4,73.0,0.11,13.5,06:13:00,18:15:00
707,1475014221,9/27/2016 12:00:00 AM,12:10:21,417.61,64.0,30.4,71.0,1.36,11.25,06:13:00,18:15:00
708,1475013922,9/27/2016 12:00:00 AM,12:05:22,1065.45,63.0,30.4,70.0,336.36,5.62,06:13:00,18:15:00
709,1475013625,9/27/2016 12:00:00 AM,12:00:25,915.28,64.0,30.4,71.0,26.87,5.62,06:13:00,18:15:00
710,1475013321,9/27/2016 12:00:00 AM,11:55:21,698.48,63.0,30.4,71.0,22.55,5.62,06:13:00,18:15:00
711,1475013021,9/27/2016 12:00:00 AM,11:50:21,718.25,63.0,30.4,70.0,127.34,4.5,06:13:00,18:15:00
712,1475012725,9/27/2016 12:00:00 AM,11:45:25,900.41,63.0,30.4,71.0,348.92,5.62,06:13:00,18:15:00
713,1475012428,9/27/2016 12:00:00 AM,11:40:28,840.65,63.0,30.4,69.0,65.38,1.12,06:13:00,18:15:00
714,1475012124,9/27/2016 12:00:00 AM,11:35:24,1387.17,63.0,30.4,69.0,13.13,9.0,06:13:00,18:15:00
715,1475011822,9/27/2016 12:00:00 AM,11:30:22,1153.38,62.0,30.4,70.0,351.19,5.62,06:13:00,18:15:00
716,1475011521,9/27/2016 12:00:00 AM,11:25:21,1148.24,62.0,30.4,66.0,83.55,6.75,06:13:00,18:15:00
717,1475011222,9/27/2016 12:00:00 AM,11:20:22,669.1,63.0,30.4,67.0,336.46,6.75,06:13:00,18:15:00
718,1475010927,9/27/2016 12:00:00 AM,11:15:27,1136.31,63.0,30.4,71.0,36.78,7.87,06:13:00,18:15:00
719,1475010625,9/27/2016 12:00:00 AM,11:10:25,1298.4,63.0,30.41,68.0,34.35,3.37,06:13:00,18:15:00
720,1475010321,9/27/2016 12:00:00 AM,11:05:21,1148.18,62.0,30.41,71.0,19.41,2.25,06:13:00,18:15:00
721,1475010029,9/27/2016 12:00:00 AM,11:00:29,1146.34,62.0,30.41,70.0,31.76,4.5,06:13:00,18:15:00
722,1475009722,9/27/2016 12:00:00 AM,10:55:22,1011.93,62.0,30.41,66.0,53.89,6.75,06:13:00,18:15:00
723,1475009421,9/27/2016 12:00:00 AM,10:50:21,559.83,62.0,30.41,67.0,45.08,4.5,06:13:00,18:15:00
724,1475009119,9/27/2016 12:00:00 AM,10:45:19,1041.63,61.0,30.41,71.0,44.53,7.87,06:13:00,18:15:00
725,1475008821,9/27/2016 12:00:00 AM,10:40:21,1009.13,60.0,30.41,71.0,0.11,4.5,06:13:00,18:15:00
726,1475008521,9/27/2016 12:00:00 AM,10:35:21,940.05,60.0,30.41,70.0,0.36,6.75,06:13:00,18:15:00
727,1475008221,9/27/2016 12:00:00 AM,10:30:21,920.85,60.0,30.41,69.0,6.4,3.37,06:13:00,18:15:00
728,1475007922,9/27/2016 12:00:00 AM,10:25:22,905.51,60.0,30.41,71.0,16.93,3.37,06:13:00,18:15:00
729,1475007621,9/27/2016 12:00:00 AM,10:20:21,894.08,59.0,30.41,70.0,0.11,6.75,06:13:00,18:15:00
730,1475007020,9/27/2016 12:00:00 AM,10:10:20,875.37,60.0,30.41,69.0,17.98,5.62,06:13:00,18:15:00
731,1475006721,9/27/2016 12:00:00 AM,10:05:21,860.83,60.0,30.41,70.0,324.63,3.37,06:13:00,18:15:00
732,1475006420,9/27/2016 12:00:00 AM,10:00:20,846.5,60.0,30.41,74.83719267708949,21.06,4.5,06:13:00,18:15:00
733,1475006120,9/27/2016 12:00:00 AM,09:55:20,832.09,59.0,30.41,71.0,23.17,4.5,06:13:00,18:15:00
734,1475005823,9/27/2016 12:00:00 AM,09:50:23,818.39,59.0,30.41,70.0,28.34,4.5,06:13:00,18:15:00
735,1475005520,9/27/2016 12:00:00 AM,09:45:20,804.03,59.0,30.41,74.0,3.46,2.25,06:13:00,18:15:00
736,1475005220,9/27/2016 12:00:00 AM,09:40:20,789.78,59.0,30.41,76.0,143.54770303349548,5.62,06:13:00,18:15:00
737,1475004922,9/27/2016 12:00:00 AM,09:35:22,775.25,59.0,30.41,78.0,9.12,5.62,06:13:00,18:15:00
738,1475004621,9/27/2016 12:00:00 AM,09:30:21,762.13,59.0,30.4,78.0,37.4,5.62,06:13:00,18:15:00
739,1475004321,9/27/2016 12:00:00 AM,09:25:21,746.41,60.0,30.4,74.83719267708949,10.93,5.62,06:13:00,18:15:00
740,1475004019,9/27/2016 12:00:00 AM,09:20:19,729.94,60.0,30.4,73.0,30.69,5.62,06:13:00,18:15:00
741,1475003722,9/27/2016 12:00:00 AM,09:15:22,714.11,59.0,30.4,72.0,0.12,6.75,06:13:00,18:15:00
742,1475003418,9/27/2016 12:00:00 AM,09:10:18,695.98,59.0,30.4,76.0,9.41,4.5,06:13:00,18:15:00
743,1475003122,9/27/2016 12:00:00 AM,09:05:22,679.58,58.0,30.4,79.0,30.46,4.5,06:13:00,18:15:00
744,1475002824,9/27/2016 12:00:00 AM,09:00:24,661.91,58.0,30.4,79.0,11.8,4.5,06:13:00,18:15:00
745,1475002525,9/27/2016 12:00:00 AM,08:55:25,644.63,58.0,30.4,79.0,14.39,2.25,06:13:00,18:15:00
746,1475002219,9/27/2016 12:00:00 AM,08:50:19,626.64,58.0,30.4,78.0,0.19,4.5,06:13:00,18:15:00
747,1475001925,9/27/2016 12:00:00 AM,08:45:25,608.33,58.0,30.4,78.0,36.04,4.5,06:13:00,18:15:00
748,1475001622,9/27/2016 12:00:00 AM,08:40:22,589.97,58.0,30.4,81.0,9.58,3.37,06:13:00,18:15:00
749,1475001321,9/27/2016 12:00:00 AM,08:35:21,570.94,59.0,30.4,76.0,56.26,5.62,06:13:00,18:15:00
750,1475001021,9/27/2016 12:00:00 AM,08:30:21,551.96,59.0,30.39,67.0,3.35,6.75,06:13:00,18:15:00
751,1475000723,9/27/2016 12:00:00 AM,08:25:23,532.48,59.0,30.39,65.0,60.54,1.12,06:13:00,18:15:00
752,1475000427,9/27/2016 12:00:00 AM,08:20:27,512.72,58.0,30.39,67.0,50.13,0.0,06:13:00,18:15:00
753,1475000124,9/27/2016 12:00:00 AM,08:15:24,492.85,57.0,30.39,72.0,31.17,2.25,06:13:00,18:15:00
754,1474999827,9/27/2016 12:00:00 AM,08:10:27,472.36,57.0,30.39,74.0,104.99,2.25,06:13:00,18:15:00
755,1474999520,9/27/2016 12:00:00 AM,08:05:20,451.12,51.16507236474315,30.39,79.0,97.78,1.12,06:13:00,18:15:00
756,1474999220,9/27/2016 12:00:00 AM,08:00:20,430.18,55.0,30.38,81.0,54.01,4.5,06:13:00,18:15:00
757,1474998919,9/27/2016 12:00:00 AM,07:55:19,409.64,54.0,30.38,83.0,43.27,4.5,06:13:00,18:15:00
758,1474998622,9/27/2016 12:00:00 AM,07:50:22,388.16,52.0,30.38,88.0,124.56,2.25,06:13:00,18:15:00
759,1474998320,9/27/2016 12:00:00 AM,07:45:20,366.43,50.0,30.38,93.0,160.38,5.62,06:13:00,18:15:00
760,1474998023,9/27/2016 12:00:00 AM,07:40:23,345.42,49.0,30.38,97.0,146.08,7.87,06:13:00,18:15:00
761,1474997722,9/27/2016 12:00:00 AM,07:35:22,323.83,49.0,30.38,97.0,157.65,7.87,06:13:00,18:15:00
762,1474997419,9/27/2016 12:00:00 AM,07:30:19,299.86,48.0,30.38,97.0,157.57,10.12,06:13:00,18:15:00
763,1474997123,9/27/2016 12:00:00 AM,07:25:23,198.71,48.0,30.38,97.0,152.08,4.5,06:13:00,18:15:00
764,1474996824,9/27/2016 12:00:00 AM,07:20:24,210.01,48.0,30.38,95.0,125.84,7.87,06:13:00,18:15:00
765,1474996520,9/27/2016 12:00:00 AM,07:15:20,122.09,48.0,30.38,94.0,90.79,3.37,06:13:00,18:15:00
766,1474996223,9/27/2016 12:00:00 AM,07:10:23,170.68,48.0,30.38,87.0,36.45,9.0,06:13:00,18:15:00
767,1474995922,9/27/2016 12:00:00 AM,07:05:22,22.43,47.0,30.37,85.0,182.84,2.25,06:13:00,18:15:00
768,1474995620,9/27/2016 12:00:00 AM,07:00:20,20.86,47.0,30.37,83.0,184.96,4.5,06:13:00,18:15:00
769,1474995319,9/27/2016 12:00:00 AM,06:55:19,19.88,47.0,30.37,83.0,166.88,3.37,06:13:00,18:15:00
770,1474995019,9/27/2016 12:00:00 AM,06:50:19,18.99,47.0,30.423028000868246,82.0,154.86,2.25,06:13:00,18:15:00
771,1474994720,9/27/2016 12:00:00 AM,06:45:20,17.95,47.0,30.37,82.0,154.32,2.25,06:13:00,18:15:00
772,1474994424,9/27/2016 12:00:00 AM,06:40:24,16.75,47.0,30.37,82.0,161.32,2.25,06:13:00,18:15:00
773,1474994123,9/27/2016 12:00:00 AM,06:35:23,15.42,46.0,30.37,83.0,161.57,2.25,06:13:00,18:15:00
774,1474993818,9/27/2016 12:00:00 AM,06:30:18,13.96,46.0,30.37,85.0,172.0,5.62,06:13:00,18:15:00
775,1474993523,9/27/2016 12:00:00 AM,06:25:23,11.64,46.0,30.37,83.0,180.14,6.75,06:13:00,18:15:00
776,1474993221,9/27/2016 12:00:00 AM,06:20:21,9.72,46.0,30.37,81.0,174.75,9.0,06:13:00,18:15:00
777,1474992921,9/27/2016 12:00:00 AM,06:15:21,7.26,46.0,30.37,80.0,181.3,2.25,06:13:00,18:15:00
778,1474992622,9/27/2016 12:00:00 AM,06:10:22,5.86,46.0,30.37,79.0,181.3,3.37,06:13:00,18:15:00
779,1474992320,9/27/2016 12:00:00 AM,06:05:20,2.98,46.0,30.37,79.0,179.55,4.5,06:13:00,18:15:00
780,1474992020,9/27/2016 12:00:00 AM,06:00:20,1.62,46.0,30.37,78.0,191.03,3.37,06:13:00,18:15:00
781,1474991723,9/27/2016 12:00:00 AM,05:55:23,1.23,46.0,30.37,79.0,193.75,4.5,06:13:00,18:15:00
782,1474991422,9/27/2016 12:00:00 AM,05:50:22,1.21,46.0,30.37,78.0,197.88,5.62,06:13:00,18:15:00
783,1474991122,9/27/2016 12:00:00 AM,05:45:22,1.2,46.0,30.37,78.0,200.47,4.5,06:13:00,18:15:00
784,1474990824,9/27/2016 12:00:00 AM,05:40:24,1.24,47.0,30.37,81.0,200.49,5.62,06:13:00,18:15:00
785,1474990521,9/27/2016 12:00:00 AM,05:35:21,1.21,47.0,30.37,83.0,196.22,5.62,06:13:00,18:15:00
786,1474990221,9/27/2016 12:00:00 AM,05:30:21,1.21,47.0,30.37,83.0,201.36,4.5,06:13:00,18:15:00
787,1474989923,9/27/2016 12:00:00 AM,05:25:23,1.26,47.0,30.37,84.0,201.36,3.37,06:13:00,18:15:00
788,1474989619,9/27/2016 12:00:00 AM,05:20:19,1.18,47.0,30.37,82.0,201.34,4.5,06:13:00,18:15:00
789,1474989322,9/27/2016 12:00:00 AM,05:15:22,1.23,48.0,30.36,80.0,223.56,3.37,06:13:00,18:15:00
790,1474989021,9/27/2016 12:00:00 AM,05:10:21,1.24,48.0,30.36,79.0,210.68,5.62,06:13:00,18:15:00
791,1474988724,9/27/2016 12:00:00 AM,05:05:24,1.19,48.0,30.36,80.0,223.45,11.25,06:13:00,18:15:00
792,1474988419,9/27/2016 12:00:00 AM,05:00:19,1.24,48.0,30.36,82.0,206.91,4.5,06:13:00,18:15:00
793,1474988121,9/27/2016 12:00:00 AM,04:55:21,1.23,48.0,30.36,88.0,176.9,5.62,06:13:00,18:15:00
794,1474987820,9/27/2016 12:00:00 AM,04:50:20,1.21,48.0,30.36,90.0,169.55,5.62,06:13:00,18:15:00
795,1474987522,9/27/2016 12:00:00 AM,04:45:22,1.24,48.0,30.36,92.0,164.62,6.75,06:13:00,18:15:00
796,1474987221,9/27/2016 12:00:00 AM,04:40:21,1.24,48.0,30.36,92.0,178.25,7.87,06:13:00,18:15:00
797,1474986925,9/27/2016 12:00:00 AM,04:35:25,1.21,51.16507236474315,30.36,91.0,172.88,7.87,06:13:00,18:15:00
798,1474986618,9/27/2016 12:00:00 AM,04:30:18,1.22,47.0,30.36,90.0,188.92,6.75,06:13:00,18:15:00
799,1474986321,9/27/2016 12:00:00 AM,04:25:21,1.18,47.0,30.36,87.0,178.79,10.12,06:13:00,18:15:00
800,1474986018,9/27/2016 12:00:00 AM,04:20:18,1.24,47.0,30.36,79.0,189.61,7.87,06:13:00,18:15:00
801,1474985720,9/27/2016 12:00:00 AM,04:15:20,1.22,47.0,30.36,74.0,179.69,7.87,06:13:00,18:15:00
802,1474985423,9/27/2016 12:00:00 AM,04:10:23,1.22,47.0,30.36,73.0,184.99,7.87,06:13:00,18:15:00
803,1474985123,9/27/2016 12:00:00 AM,04:05:23,1.22,46.0,30.36,74.0,189.53,6.75,06:13:00,18:15:00
804,1474984819,9/27/2016 12:00:00 AM,04:00:19,1.21,46.0,30.36,75.0,143.54770303349548,10.12,06:13:00,18:15:00
805,1474984520,9/27/2016 12:00:00 AM,03:55:20,1.23,46.0,30.36,75.0,195.86,9.0,06:13:00,18:15:00
806,1474984219,9/27/2016 12:00:00 AM,03:50:19,1.22,47.0,30.36,74.0,197.82,7.87,06:13:00,18:15:00
807,1474983918,9/27/2016 12:00:00 AM,03:45:18,1.23,47.0,30.36,73.0,191.53,5.62,06:13:00,18:15:00
808,1474983619,9/27/2016 12:00:00 AM,03:40:19,1.22,46.0,30.36,72.0,197.52,4.5,06:13:00,18:15:00
809,1474983320,9/27/2016 12:00:00 AM,03:35:20,1.22,46.0,30.36,74.0,184.84,4.5,06:13:00,18:15:00
810,1474983021,9/27/2016 12:00:00 AM,03:30:21,1.2,46.0,30.36,73.0,188.07,3.37,06:13:00,18:15:00
811,1474982723,9/27/2016 12:00:00 AM,03:25:23,1.2,46.0,30.36,74.0,172.03,7.87,06:13:00,18:15:00
812,1474982421,9/27/2016 12:00:00 AM,03:20:21,1.23,46.0,30.36,74.0,173.97,4.5,06:13:00,18:15:00
813,1474982122,9/27/2016 12:00:00 AM,03:15:22,1.22,46.0,30.36,75.0,166.51,2.25,06:13:00,18:15:00
814,1474981824,9/27/2016 12:00:00 AM,03:10:24,1.22,46.0,30.37,75.0,166.7,5.62,06:13:00,18:15:00
815,1474981519,9/27/2016 12:00:00 AM,03:05:19,1.24,46.0,30.37,72.0,169.96,6.75,06:13:00,18:15:00
816,1474981220,9/27/2016 12:00:00 AM,03:00:20,1.23,46.0,30.36,72.0,205.07,5.62,06:13:00,18:15:00
817,1474980920,9/27/2016 12:00:00 AM,02:55:20,1.21,46.0,30.37,74.0,188.81,7.87,06:13:00,18:15:00
818,1474980623,9/27/2016 12:00:00 AM,02:50:23,1.23,46.0,30.37,73.0,171.95,5.62,06:13:00,18:15:00
819,1474980322,9/27/2016 12:00:00 AM,02:45:22,1.21,47.0,30.37,73.0,174.19,6.75,06:13:00,18:15:00
820,1474980020,9/27/2016 12:00:00 AM,02:40:20,1.24,47.0,30.37,74.0,166.65,5.62,06:13:00,18:15:00
821,1474979721,9/27/2016 12:00:00 AM,02:35:21,1.17,48.0,30.37,74.0,175.51,5.62,06:13:00,18:15:00
822,1474979421,9/27/2016 12:00:00 AM,02:30:21,1.22,48.0,30.37,72.0,185.07,7.87,06:13:00,18:15:00
823,1474979121,9/27/2016 12:00:00 AM,02:25:21,1.19,48.0,30.37,75.0,181.16,10.12,06:13:00,18:15:00
824,1474978819,9/27/2016 12:00:00 AM,02:20:19,1.22,48.0,30.37,81.0,184.98,5.62,06:13:00,18:15:00
825,1474978525,9/27/2016 12:00:00 AM,02:15:25,1.24,48.0,30.37,84.0,175.26,9.0,06:13:00,18:15:00
826,1474978222,9/27/2016 12:00:00 AM,02:10:22,1.25,48.0,30.37,84.0,175.33,4.5,06:13:00,18:15:00
827,1474977923,9/27/2016 12:00:00 AM,02:05:23,1.21,48.0,30.37,84.0,143.54770303349548,6.75,06:13:00,18:15:00
828,1474977622,9/27/2016 12:00:00 AM,02:00:22,1.23,48.0,30.37,83.0,124.0,7.87,06:13:00,18:15:00
829,1474977320,9/27/2016 12:00:00 AM,01:55:20,1.22,48.0,30.37,83.0,163.14,3.37,06:13:00,18:15:00
830,1474977022,9/27/2016 12:00:00 AM,01:50:22,1.21,47.0,30.38,83.0,178.18,7.87,06:13:00,18:15:00
831,1474976720,9/27/2016 12:00:00 AM,01:45:20,1.24,47.0,30.38,83.0,172.67,7.87,06:13:00,18:15:00
832,1474976422,9/27/2016 12:00:00 AM,01:40:22,1.23,47.0,30.38,82.0,148.2,6.75,06:13:00,18:15:00
833,1474976122,9/27/2016 12:00:00 AM,01:35:22,1.19,48.0,30.38,83.0,194.22,6.75,06:13:00,18:15:00
834,1474975822,9/27/2016 12:00:00 AM,01:30:22,1.2,47.0,30.38,82.0,194.72,11.25,06:13:00,18:15:00
835,1474975518,9/27/2016 12:00:00 AM,01:25:18,1.22,47.0,30.38,81.0,197.39,9.0,06:13:00,18:15:00
836,1474975221,9/27/2016 12:00:00 AM,01:20:21,1.26,47.0,30.38,80.0,185.16,5.62,06:13:00,18:15:00
837,1474974925,9/27/2016 12:00:00 AM,01:15:25,1.23,47.0,30.39,76.0,169.69,5.62,06:13:00,18:15:00
838,1474974625,9/27/2016 12:00:00 AM,01:10:25,1.21,47.0,30.39,75.0,176.66,6.75,06:13:00,18:15:00
839,1474973724,9/27/2016 12:00:00 AM,00:55:24,1.21,46.0,30.39,77.0,178.51,3.37,06:13:00,18:15:00
840,1474973424,9/27/2016 12:00:00 AM,00:50:24,1.23,46.0,30.4,78.0,182.8,3.37,06:13:00,18:15:00
841,1474973119,9/27/2016 12:00:00 AM,00:45:19,1.22,46.0,30.4,79.0,172.2,3.37,06:13:00,18:15:00
842,1474972821,9/27/2016 12:00:00 AM,00:40:21,1.23,46.0,30.4,79.0,182.66,5.62,06:13:00,18:15:00
843,1474972520,9/27/2016 12:00:00 AM,00:35:20,1.21,46.0,30.4,78.0,173.85,2.25,06:13:00,18:15:00
844,1474972223,9/27/2016 12:00:00 AM,00:30:23,1.22,46.0,30.4,79.0,173.87,6.75,06:13:00,18:15:00
845,1474971920,9/27/2016 12:00:00 AM,00:25:20,1.21,46.0,30.4,79.0,173.86,4.5,06:13:00,18:15:00
846,1474970724,9/27/2016 12:00:00 AM,00:05:24,1.19,46.0,30.4,79.0,175.68,4.5,06:13:00,18:15:00
847,1474970423,9/27/2016 12:00:00 AM,00:00:23,1.2,46.0,30.41,78.0,173.8,5.62,06:13:00,18:15:00
848,1474970126,9/26/2016 12:00:00 AM,23:55:26,1.23,46.0,30.41,77.0,170.77,4.5,06:12:00,18:15:00
849,1474969821,9/26/2016 12:00:00 AM,23:50:21,1.19,46.0,30.41,74.0,178.44,4.5,06:12:00,18:15:00
850,1474969526,9/26/2016 12:00:00 AM,23:45:26,1.24,47.0,30.41,69.0,169.71,4.5,06:12:00,18:15:00
851,1474969225,9/26/2016 12:00:00 AM,23:40:25,1.21,47.0,30.41,67.0,143.54770303349548,3.37,06:12:00,18:15:00
852,1474968923,9/26/2016 12:00:00 AM,23:35:23,1.21,47.0,30.41,67.0,150.45,5.62,06:12:00,18:15:00
853,1474968621,9/26/2016 12:00:00 AM,23:30:21,1.23,47.0,30.41,69.0,171.8,5.62,06:12:00,18:15:00
854,1474968321,9/26/2016 12:00:00 AM,23:25:21,1.18,47.0,30.41,69.0,160.75,4.5,06:12:00,18:15:00
855,1474968023,9/26/2016 12:00:00 AM,23:20:23,1.23,47.0,30.41,71.0,124.19,2.25,06:12:00,18:15:00
856,1474967719,9/26/2016 12:00:00 AM,23:15:19,1.19,47.0,30.41,70.0,150.78,4.5,06:12:00,18:15:00
857,1474967422,9/26/2016 12:00:00 AM,23:10:22,1.24,47.0,30.41,66.0,147.53,5.62,06:12:00,18:15:00
858,1474967119,9/26/2016 12:00:00 AM,23:05:19,1.22,47.0,30.42,64.0,156.35,5.62,06:12:00,18:15:00
859,1474966828,9/26/2016 12:00:00 AM,23:00:28,1.24,47.0,30.42,64.0,137.95,4.5,06:12:00,18:15:00
860,1474966519,9/26/2016 12:00:00 AM,22:55:19,1.2,48.0,30.42,64.0,158.9,4.5,06:12:00,18:15:00
861,1474966220,9/26/2016 12:00:00 AM,22:50:20,1.21,48.0,30.42,62.0,111.83,2.25,06:12:00,18:15:00
862,1474965920,9/26/2016 12:00:00 AM,22:45:20,1.19,48.0,30.42,62.0,98.36,4.5,06:12:00,18:15:00
863,1474965619,9/26/2016 12:00:00 AM,22:40:19,1.23,48.0,30.42,61.0,94.26,3.37,06:12:00,18:15:00
864,1474965323,9/26/2016 12:00:00 AM,22:35:23,1.24,48.0,30.43,60.0,170.29,3.37,06:12:00,18:15:00
865,1474965028,9/26/2016 12:00:00 AM,22:30:28,1.25,48.0,30.43,60.0,162.35,3.37,06:12:00,18:15:00
866,1474964746,9/26/2016 12:00:00 AM,22:25:46,1.22,48.0,30.43,60.0,130.79,5.62,06:12:00,18:15:00
867,1474964422,9/26/2016 12:00:00 AM,22:20:22,1.24,47.0,30.42,62.0,150.91,5.62,06:12:00,18:15:00
868,1474964123,9/26/2016 12:00:00 AM,22:15:23,1.26,47.0,30.43,64.0,151.1,6.75,06:12:00,18:15:00
869,1474963824,9/26/2016 12:00:00 AM,22:10:24,1.26,47.0,30.43,68.0,176.98,5.62,06:12:00,18:15:00
870,1474963519,9/26/2016 12:00:00 AM,22:05:19,1.21,48.0,30.43,67.0,161.98,9.0,06:12:00,18:15:00
871,1474963221,9/26/2016 12:00:00 AM,22:00:21,1.25,48.0,30.43,66.0,155.13,4.5,06:12:00,18:15:00
872,1474962918,9/26/2016 12:00:00 AM,21:55:18,1.24,48.0,30.43,63.0,114.4,3.37,06:12:00,18:15:00
873,1474962619,9/26/2016 12:00:00 AM,21:50:19,1.21,48.0,30.43,59.0,75.79,3.37,06:12:00,18:15:00
874,1474962323,9/26/2016 12:00:00 AM,21:45:23,1.23,49.0,30.43,57.0,48.5,4.5,06:12:00,18:15:00
875,1474962024,9/26/2016 12:00:00 AM,21:40:24,1.21,49.0,30.43,56.0,99.45,3.37,06:12:00,18:15:00
876,1474961418,9/26/2016 12:00:00 AM,21:30:18,1.2,49.0,30.43,56.0,154.74,1.12,06:12:00,18:15:00
877,1474961123,9/26/2016 12:00:00 AM,21:25:23,1.19,48.0,30.43,55.0,162.28,3.37,06:12:00,18:15:00
878,1474960821,9/26/2016 12:00:00 AM,21:20:21,1.23,48.0,30.43,56.0,150.34,5.62,06:12:00,18:15:00
879,1474960520,9/26/2016 12:00:00 AM,21:15:20,1.23,48.0,30.43,57.0,172.26,4.5,06:12:00,18:15:00
880,1474960222,9/26/2016 12:00:00 AM,21:10:22,1.21,48.0,30.43,56.0,149.16,3.37,06:12:00,18:15:00
881,1474959926,9/26/2016 12:00:00 AM,21:05:26,1.21,48.0,30.43,57.0,138.9,3.37,06:12:00,18:15:00
882,1474959619,9/26/2016 12:00:00 AM,21:00:19,1.24,49.0,30.43,57.0,100.12,3.37,06:12:00,18:15:00
883,1474959324,9/26/2016 12:00:00 AM,20:55:24,1.24,49.0,30.43,56.0,126.17,4.5,06:12:00,18:15:00
884,1474959024,9/26/2016 12:00:00 AM,20:50:24,1.24,49.0,30.43,56.0,111.95,12.37,06:12:00,18:15:00
885,1474958719,9/26/2016 12:00:00 AM,20:45:19,1.21,49.0,30.43,56.0,118.15,10.12,06:12:00,18:15:00
886,1474958420,9/26/2016 12:00:00 AM,20:40:20,1.2,49.0,30.43,56.0,105.61,11.25,06:12:00,18:15:00
887,1474958124,9/26/2016 12:00:00 AM,20:35:24,1.24,49.0,30.42,57.0,136.74,9.0,06:12:00,18:15:00
888,1474957835,9/26/2016 12:00:00 AM,20:30:35,1.19,49.0,30.42,57.0,111.24,5.62,06:12:00,18:15:00
889,1474957526,9/26/2016 12:00:00 AM,20:25:26,1.23,49.0,30.42,58.0,148.46,4.5,06:12:00,18:15:00
890,1474957219,9/26/2016 12:00:00 AM,20:20:19,1.24,49.0,30.42,58.0,147.39,9.0,06:12:00,18:15:00
891,1474956920,9/26/2016 12:00:00 AM,20:15:20,1.2,49.0,30.42,61.0,169.58,4.5,06:12:00,18:15:00
892,1474956621,9/26/2016 12:00:00 AM,20:10:21,1.18,49.0,30.42,63.0,154.28,2.25,06:12:00,18:15:00
893,1474956322,9/26/2016 12:00:00 AM,20:05:22,1.22,49.0,30.42,65.0,163.41,6.75,06:12:00,18:15:00
894,1474956020,9/26/2016 12:00:00 AM,20:00:20,1.24,49.0,30.42,74.83719267708949,77.55,10.12,06:12:00,18:15:00
895,1474955721,9/26/2016 12:00:00 AM,19:55:21,1.24,49.0,30.42,66.0,134.67,4.5,06:12:00,18:15:00
896,1474955431,9/26/2016 12:00:00 AM,19:50:31,1.22,49.0,30.42,66.0,140.94,9.0,06:12:00,18:15:00
897,1474955119,9/26/2016 12:00:00 AM,19:45:19,1.24,49.0,30.42,67.0,142.52,10.12,06:12:00,18:15:00
898,1474954822,9/26/2016 12:00:00 AM,19:40:22,1.21,49.0,30.41,67.0,107.91,9.0,06:12:00,18:15:00
899,1474954519,9/26/2016 12:00:00 AM,19:35:19,1.21,49.0,30.41,68.0,136.67,4.5,06:12:00,18:15:00
900,1474954220,9/26/2016 12:00:00 AM,19:30:20,1.2,49.0,30.41,68.0,116.51,5.62,06:12:00,18:15:00
901,1474953923,9/26/2016 12:00:00 AM,19:25:23,1.21,49.0,30.41,68.0,84.75,6.75,06:12:00,18:15:00
902,1474953624,9/26/2016 12:00:00 AM,19:20:24,1.21,49.0,30.41,69.0,124.03,4.5,06:12:00,18:15:00
903,1474953320,9/26/2016 12:00:00 AM,19:15:20,1.23,49.0,30.41,74.83719267708949,132.29,6.75,06:12:00,18:15:00
904,1474953021,9/26/2016 12:00:00 AM,19:10:21,1.21,49.0,30.41,70.0,127.99,7.87,06:12:00,18:15:00
905,1474952727,9/26/2016 12:00:00 AM,19:05:27,1.22,49.0,30.41,69.0,87.77,4.5,06:12:00,18:15:00
906,1474952421,9/26/2016 12:00:00 AM,19:00:21,1.21,49.0,30.4,68.0,107.19,9.0,06:12:00,18:15:00
907,1474952125,9/26/2016 12:00:00 AM,18:55:25,1.23,49.0,30.4,69.0,100.35,4.5,06:12:00,18:15:00
908,1474951819,9/26/2016 12:00:00 AM,18:50:19,1.23,50.0,30.4,68.0,64.43,4.5,06:12:00,18:15:00
909,1474951520,9/26/2016 12:00:00 AM,18:45:20,1.22,50.0,30.4,69.0,327.69,4.5,06:12:00,18:15:00
910,1474951220,9/26/2016 12:00:00 AM,18:40:20,1.22,50.0,30.4,70.0,81.45,5.62,06:12:00,18:15:00
911,1474950920,9/26/2016 12:00:00 AM,18:35:20,1.22,50.0,30.39,73.0,49.53,2.25,06:12:00,18:15:00
912,1474950619,9/26/2016 12:00:00 AM,18:30:19,1.22,50.0,30.39,75.0,104.11,6.75,06:12:00,18:15:00
913,1474950322,9/26/2016 12:00:00 AM,18:25:22,1.78,50.0,30.39,78.0,58.86,11.25,06:12:00,18:15:00
914,1474950020,9/26/2016 12:00:00 AM,18:20:20,3.25,50.0,30.39,80.0,68.68,4.5,06:12:00,18:15:00
915,1474949720,9/26/2016 12:00:00 AM,18:15:20,5.31,50.0,30.39,81.0,67.66,4.5,06:12:00,18:15:00
916,1474949419,9/26/2016 12:00:00 AM,18:10:19,7.65,51.0,30.39,84.0,79.54,6.75,06:12:00,18:15:00
917,1474949121,9/26/2016 12:00:00 AM,18:05:21,10.51,52.0,30.39,84.0,86.63,4.5,06:12:00,18:15:00
918,1474948824,9/26/2016 12:00:00 AM,18:00:24,19.49,52.0,30.39,86.0,128.64,5.62,06:12:00,18:15:00
919,1474948521,9/26/2016 12:00:00 AM,17:55:21,24.43,53.0,30.39,87.0,88.1,4.5,06:12:00,18:15:00
920,1474948219,9/26/2016 12:00:00 AM,17:50:19,34.23,53.0,30.39,86.0,85.26,4.5,06:12:00,18:15:00
921,1474947921,9/26/2016 12:00:00 AM,17:45:21,50.53,53.0,30.39,84.0,45.16,4.5,06:12:00,18:15:00
922,1474947620,9/26/2016 12:00:00 AM,17:40:20,69.38,53.0,30.39,86.0,85.51,3.37,06:12:00,18:15:00
923,1474947319,9/26/2016 12:00:00 AM,17:35:19,112.88,53.0,30.39,87.0,24.05,7.87,06:12:00,18:15:00
924,1474947022,9/26/2016 12:00:00 AM,17:30:22,191.21,53.0,30.39,86.0,1.09,5.62,06:12:00,18:15:00
925,1474946720,9/26/2016 12:00:00 AM,17:25:20,158.22,54.0,30.38,86.0,42.52,13.5,06:12:00,18:15:00
926,1474946419,9/26/2016 12:00:00 AM,17:20:19,267.71,54.0,30.39,85.0,94.13,2.25,06:12:00,18:15:00
927,1474946119,9/26/2016 12:00:00 AM,17:15:19,225.93,55.0,30.38,84.0,48.11,6.75,06:12:00,18:15:00
928,1474945822,9/26/2016 12:00:00 AM,17:10:22,309.28,55.0,30.38,83.0,36.69,4.5,06:12:00,18:15:00
929,1474945521,9/26/2016 12:00:00 AM,17:05:21,306.22,55.0,30.39,82.0,14.8,10.12,06:12:00,18:15:00
930,1474945227,9/26/2016 12:00:00 AM,17:00:27,296.86,56.0,30.38,83.0,44.17,7.87,06:12:00,18:15:00
931,1474944932,9/26/2016 12:00:00 AM,16:55:32,202.95,56.0,30.39,82.0,8.3,11.25,06:12:00,18:15:00
932,1474944618,9/26/2016 12:00:00 AM,16:50:18,325.99,56.0,30.38,77.0,4.26,5.62,06:12:00,18:15:00
933,1474944322,9/26/2016 12:00:00 AM,16:45:22,347.04,57.0,30.39,74.0,0.11,6.75,06:12:00,18:15:00
934,1474944020,9/26/2016 12:00:00 AM,16:40:20,368.73,57.0,30.39,73.0,89.46,4.5,06:12:00,18:15:00
935,1474943723,9/26/2016 12:00:00 AM,16:35:23,390.71,57.0,30.39,69.0,353.86,3.37,06:12:00,18:15:00
936,1474943419,9/26/2016 12:00:00 AM,16:30:19,411.99,57.0,30.39,74.0,339.56,9.0,06:12:00,18:15:00
937,1474943119,9/26/2016 12:00:00 AM,16:25:19,432.21,57.0,30.39,75.0,13.27,9.0,06:12:00,18:15:00
938,1474942821,9/26/2016 12:00:00 AM,16:20:21,452.75,57.0,30.39,76.0,39.79,6.75,06:12:00,18:15:00
939,1474942522,9/26/2016 12:00:00 AM,16:15:22,472.99,57.0,30.39,77.0,86.57,5.62,06:12:00,18:15:00
940,1474942219,9/26/2016 12:00:00 AM,16:10:19,495.46,58.0,30.39,72.0,49.65,6.75,06:12:00,18:15:00
941,1474941620,9/26/2016 12:00:00 AM,16:00:20,536.83,58.0,30.39,74.83719267708949,49.23,5.62,06:12:00,18:15:00
942,1474941322,9/26/2016 12:00:00 AM,15:55:22,554.43,58.0,30.39,72.0,352.07,6.75,06:12:00,18:15:00
943,1474941019,9/26/2016 12:00:00 AM,15:50:19,525.69,58.0,30.39,75.0,84.17,3.37,06:12:00,18:15:00
944,1474940721,9/26/2016 12:00:00 AM,15:45:21,609.48,58.0,30.39,76.0,35.28,4.5,06:12:00,18:15:00
945,1474940419,9/26/2016 12:00:00 AM,15:40:19,613.63,58.0,30.39,76.0,61.81,6.75,06:12:00,18:15:00
946,1474940125,9/26/2016 12:00:00 AM,15:35:25,634.57,58.0,30.39,70.0,71.06,6.75,06:12:00,18:15:00
947,1474939824,9/26/2016 12:00:00 AM,15:30:24,652.9,58.0,30.39,74.0,15.15,12.37,06:12:00,18:15:00
948,1474939520,9/26/2016 12:00:00 AM,15:25:20,671.97,58.0,30.38,78.0,73.79,10.12,06:12:00,18:15:00
949,1474939225,9/26/2016 12:00:00 AM,15:20:25,693.57,58.0,30.39,79.0,33.35,3.37,06:12:00,18:15:00
950,1474938922,9/26/2016 12:00:00 AM,15:15:22,702.59,58.0,30.39,78.0,59.84,9.0,06:12:00,18:15:00
951,1474938624,9/26/2016 12:00:00 AM,15:10:24,787.8,58.0,30.39,79.0,33.49,12.37,06:12:00,18:15:00
952,1474938318,9/26/2016 12:00:00 AM,15:05:18,860.9,58.0,30.38,79.0,35.6,14.62,06:12:00,18:15:00
953,1474938019,9/26/2016 12:00:00 AM,15:00:19,762.08,59.0,30.39,79.0,31.03,7.87,06:12:00,18:15:00
954,1474937719,9/26/2016 12:00:00 AM,14:55:19,781.51,58.0,30.39,77.0,347.59,7.87,06:12:00,18:15:00
955,1474937421,9/26/2016 12:00:00 AM,14:50:21,444.61,59.0,30.39,80.0,353.76,12.37,06:12:00,18:15:00
956,1474937120,9/26/2016 12:00:00 AM,14:45:20,821.37,59.0,30.39,76.0,18.0,9.0,06:12:00,18:15:00
957,1474936825,9/26/2016 12:00:00 AM,14:40:25,842.99,59.0,30.39,75.0,31.57,7.87,06:12:00,18:15:00
958,1474936518,9/26/2016 12:00:00 AM,14:35:18,948.23,59.0,30.38,74.0,83.27,6.75,06:12:00,18:15:00
959,1474936223,9/26/2016 12:00:00 AM,14:30:23,888.36,59.0,30.39,73.0,95.76,5.62,06:12:00,18:15:00
960,1474935920,9/26/2016 12:00:00 AM,14:25:20,864.97,59.0,30.39,72.0,30.95,5.62,06:12:00,18:15:00
961,1474935621,9/26/2016 12:00:00 AM,14:20:21,880.19,59.0,30.39,76.0,304.89,2.25,06:12:00,18:15:00
962,1474935319,9/26/2016 12:00:00 AM,14:15:19,1067.04,59.0,30.39,73.0,36.41,11.25,06:12:00,18:15:00
963,1474935022,9/26/2016 12:00:00 AM,14:10:22,968.2,59.0,30.39,72.0,5.49,11.25,06:12:00,18:15:00
964,1474934721,9/26/2016 12:00:00 AM,14:05:21,1024.14,59.0,30.39,72.0,71.04,9.0,06:12:00,18:15:00
965,1474934424,9/26/2016 12:00:00 AM,14:00:24,1048.97,59.0,30.4,72.0,77.04,4.5,06:12:00,18:15:00
966,1474934121,9/26/2016 12:00:00 AM,13:55:21,620.78,59.0,30.4,73.0,24.58,7.87,06:12:00,18:15:00
967,1474933821,9/26/2016 12:00:00 AM,13:50:21,961.91,59.0,30.4,74.83719267708949,24.29,9.0,06:12:00,18:15:00
968,1474933518,9/26/2016 12:00:00 AM,13:45:18,955.07,59.0,30.4,72.0,58.61,3.37,06:12:00,18:15:00
969,1474933219,9/26/2016 12:00:00 AM,13:40:19,967.77,60.0,30.4,68.0,37.38,13.5,06:12:00,18:15:00
970,1474932918,9/26/2016 12:00:00 AM,13:35:18,975.64,59.0,30.4,66.0,329.58,3.37,06:12:00,18:15:00
971,1474932622,9/26/2016 12:00:00 AM,13:30:22,980.12,59.0,30.41,67.0,32.33,7.87,06:12:00,18:15:00
972,1474932325,9/26/2016 12:00:00 AM,13:25:25,987.8,60.0,30.41,68.0,39.69,7.87,06:12:00,18:15:00
973,1474932021,9/26/2016 12:00:00 AM,13:20:21,995.35,51.16507236474315,30.4,68.0,359.92,3.37,06:12:00,18:15:00
974,1474931725,9/26/2016 12:00:00 AM,13:15:25,1000.47,60.0,30.4,70.0,87.75,9.0,06:12:00,18:15:00
975,1474931423,9/26/2016 12:00:00 AM,13:10:23,1008.65,60.0,30.41,69.0,14.71,15.75,06:12:00,18:15:00
976,1474931119,9/26/2016 12:00:00 AM,13:05:19,1013.84,60.0,30.41,69.0,6.91,11.25,06:12:00,18:15:00
977,1474930821,9/26/2016 12:00:00 AM,13:00:21,1017.12,60.0,30.41,68.0,75.81,12.37,06:12:00,18:15:00
978,1474930520,9/26/2016 12:00:00 AM,12:55:20,1026.57,60.0,30.41,69.0,34.13,11.25,06:12:00,18:15:00
979,1474930220,9/26/2016 12:00:00 AM,12:50:20,1033.68,60.0,30.41,66.0,339.4,4.5,06:12:00,18:15:00
980,1474929925,9/26/2016 12:00:00 AM,12:45:25,1030.61,60.0,30.41,63.0,13.74,6.75,06:12:00,18:15:00
981,1474929627,9/26/2016 12:00:00 AM,12:40:27,1035.75,60.0,30.42,61.0,341.03,9.0,06:12:00,18:15:00
982,1474929321,9/26/2016 12:00:00 AM,12:35:21,1041.97,60.0,30.42,62.0,43.27,12.37,06:12:00,18:15:00
983,1474929021,9/26/2016 12:00:00 AM,12:30:21,1040.64,60.0,30.42,66.0,14.64,11.25,06:12:00,18:15:00
984,1474922719,9/26/2016 12:00:00 AM,10:45:19,959.96,59.0,30.45,65.0,22.24,10.12,06:12:00,18:15:00
985,1474922425,9/26/2016 12:00:00 AM,10:40:25,950.81,59.0,30.45,66.0,29.58,5.62,06:12:00,18:15:00
986,1474922119,9/26/2016 12:00:00 AM,10:35:19,941.06,58.0,30.45,66.0,101.13,6.75,06:12:00,18:15:00
987,1474921822,9/26/2016 12:00:00 AM,10:30:22,930.18,58.0,30.45,72.0,77.44,7.87,06:12:00,18:15:00
988,1474921522,9/26/2016 12:00:00 AM,10:25:22,918.87,59.0,30.45,70.0,27.55,2.25,06:12:00,18:15:00
989,1474921220,9/26/2016 12:00:00 AM,10:20:20,908.03,59.0,30.45,69.0,53.74,12.37,06:12:00,18:15:00
990,1474920929,9/26/2016 12:00:00 AM,10:15:29,898.27,59.0,30.45,60.0,49.31,9.0,06:12:00,18:15:00
991,1474920619,9/26/2016 12:00:00 AM,10:10:19,883.91,59.0,30.45,58.0,96.26,4.5,06:12:00,18:15:00
992,1474920332,9/26/2016 12:00:00 AM,10:05:32,874.06,59.0,30.45,58.0,75.7,9.0,06:12:00,18:15:00
993,1474920022,9/26/2016 12:00:00 AM,10:00:22,860.54,58.0,30.45,66.0,80.37,3.37,06:12:00,18:15:00
994,1474919723,9/26/2016 12:00:00 AM,09:55:23,847.84,58.0,30.45,65.0,143.21,6.75,06:12:00,18:15:00
995,1474919419,9/26/2016 12:00:00 AM,09:50:19,833.84,57.0,30.45,72.0,87.81,6.75,06:12:00,18:15:00
996,1474919118,9/26/2016 12:00:00 AM,09:45:18,821.11,57.0,30.45,69.0,91.0,3.37,06:12:00,18:15:00
997,1474918826,9/26/2016 12:00:00 AM,09:40:26,805.68,58.0,30.45,65.0,2.38,4.5,06:12:00,18:15:00
998,1474918520,9/26/2016 12:00:00 AM,09:35:20,791.78,57.0,30.45,66.0,61.29,10.12,06:12:00,18:15:00
999,1474918220,9/26/2016 12:00:00 AM,09:30:20,774.42,57.0,30.45,67.0,336.17,4.5,06:12:00,18:15:00
1000,1474917926,9/26/2016 12:00:00 AM,09:25:26,757.01,57.0,30.45,69.0,61.23,10.12,06:12:00,18:15:00
1001,1474917622,9/26/2016 12:00:00 AM,09:20:22,738.7,57.0,30.45,70.0,91.96,4.5,06:12:00,18:15:00
1002,1474917323,9/26/2016 12:00:00 AM,09:15:23,723.83,58.0,30.45,71.0,92.37,10.12,06:12:00,18:15:00
1003,1474917026,9/26/2016 12:00:00 AM,09:10:26,707.22,58.0,30.45,60.0,339.69,9.0,06:12:00,18:15:00
1004,1474916720,9/26/2016 12:00:00 AM,09:05:20,687.0,57.0,30.45,66.0,82.98,9.0,06:12:00,18:15:00
1005,1474916419,9/26/2016 12:00:00 AM,09:00:19,666.03,57.0,30.45,69.0,87.03,7.87,06:12:00,18:15:00
1006,1474916124,9/26/2016 12:00:00 AM,08:55:24,650.38,57.0,30.45,73.0,65.74,7.87,06:12:00,18:15:00
1007,1474915820,9/26/2016 12:00:00 AM,08:50:20,629.99,57.0,30.45,78.0,51.39,7.87,06:12:00,18:15:00
1008,1474915521,9/26/2016 12:00:00 AM,08:45:21,610.68,56.0,30.45,80.0,123.21,3.37,06:12:00,18:15:00
1009,1474915223,9/26/2016 12:00:00 AM,08:40:23,591.88,56.0,30.45,81.0,43.31,4.5,06:12:00,18:15:00
1010,1474914927,9/26/2016 12:00:00 AM,08:35:27,571.85,55.0,30.45,85.0,55.73,3.37,06:12:00,18:15:00
1011,1474914620,9/26/2016 12:00:00 AM,08:30:20,553.27,54.0,30.44,88.0,155.97,11.25,06:12:00,18:15:00
1012,1474914324,9/26/2016 12:00:00 AM,08:25:24,532.1,53.0,30.44,91.0,134.67,5.62,06:12:00,18:15:00
1013,1474914023,9/26/2016 12:00:00 AM,08:20:23,588.1,53.0,30.44,92.0,132.41,3.37,06:12:00,18:15:00
1014,1474913722,9/26/2016 12:00:00 AM,08:15:22,553.49,53.0,30.44,95.0,142.06,7.87,06:12:00,18:15:00
1015,1474913423,9/26/2016 12:00:00 AM,08:10:23,193.16,52.0,30.44,97.0,142.73,10.12,06:12:00,18:15:00
1016,1474913122,9/26/2016 12:00:00 AM,08:05:22,454.87,52.0,30.44,98.0,176.52,3.37,06:12:00,18:15:00
1017,1474912821,9/26/2016 12:00:00 AM,08:00:21,296.19,51.0,30.44,98.0,123.01,7.87,06:12:00,18:15:00
1018,1474912522,9/26/2016 12:00:00 AM,07:55:22,405.71,51.0,30.44,98.0,110.13,6.75,06:12:00,18:15:00
1019,1474912220,9/26/2016 12:00:00 AM,07:50:20,184.3,50.0,30.44,97.0,175.55,6.75,06:12:00,18:15:00
1020,1474911926,9/26/2016 12:00:00 AM,07:45:26,214.77,50.0,30.44,96.0,121.84,7.87,06:12:00,18:15:00
1021,1474911621,9/26/2016 12:00:00 AM,07:40:21,169.58,50.0,30.44,95.0,172.34,5.62,06:12:00,18:15:00
1022,1474911319,9/26/2016 12:00:00 AM,07:35:19,144.69,50.0,30.43,93.0,122.94,6.75,06:12:00,18:15:00
1023,1474911021,9/26/2016 12:00:00 AM,07:30:21,102.42,50.0,30.43,91.0,142.96,12.37,06:12:00,18:15:00
1024,1474910725,9/26/2016 12:00:00 AM,07:25:25,87.87,50.0,30.43,90.0,128.05,9.0,06:12:00,18:15:00
1025,1474910425,9/26/2016 12:00:00 AM,07:20:25,90.67,50.0,30.43,87.0,138.73,7.87,06:12:00,18:15:00
1026,1474910123,9/26/2016 12:00:00 AM,07:15:23,57.54,49.0,30.43,86.0,155.19,4.5,06:12:00,18:15:00
1027,1474909821,9/26/2016 12:00:00 AM,07:10:21,196.35,49.0,30.43,88.0,117.95,4.5,06:12:00,18:15:00
1028,1474909520,9/26/2016 12:00:00 AM,07:05:20,21.82,48.0,30.43,74.83719267708949,173.65,4.5,06:12:00,18:15:00
1029,1474909218,9/26/2016 12:00:00 AM,07:00:18,20.13,48.0,30.43,91.0,137.57,7.87,06:12:00,18:15:00
1030,1474908920,9/26/2016 12:00:00 AM,06:55:20,19.27,48.0,30.43,91.0,82.6,9.0,06:12:00,18:15:00
1031,1474908618,9/26/2016 12:00:00 AM,06:50:18,18.41,48.0,30.43,92.0,191.87,5.62,06:12:00,18:15:00
1032,1474908320,9/26/2016 12:00:00 AM,06:45:20,17.71,48.0,30.43,92.0,143.43,9.0,06:12:00,18:15:00
1033,1474908021,9/26/2016 12:00:00 AM,06:40:21,16.24,48.0,30.43,91.0,108.21,7.87,06:12:00,18:15:00
1034,1474907721,9/26/2016 12:00:00 AM,06:35:21,14.94,48.0,30.43,90.0,148.32,5.62,06:12:00,18:15:00
1035,1474907422,9/26/2016 12:00:00 AM,06:30:22,13.67,47.0,30.42,90.0,102.68,4.5,06:12:00,18:15:00
1036,1474907123,9/26/2016 12:00:00 AM,06:25:23,11.69,47.0,30.42,92.0,137.64,9.0,06:12:00,18:15:00
1037,1474906820,9/26/2016 12:00:00 AM,06:20:20,9.61,47.0,30.42,93.0,173.3,3.37,06:12:00,18:15:00
1038,1474906521,9/26/2016 12:00:00 AM,06:15:21,7.41,47.0,30.42,95.0,178.08,10.12,06:12:00,18:15:00
1039,1474906222,9/26/2016 12:00:00 AM,06:10:22,5.17,46.0,30.42,96.0,158.52,10.12,06:12:00,18:15:00
1040,1474905923,9/26/2016 12:00:00 AM,06:05:23,3.27,46.0,30.42,74.83719267708949,155.62,11.25,06:12:00,18:15:00
1041,1474905619,9/26/2016 12:00:00 AM,06:00:19,1.76,46.0,30.42,96.0,150.39,12.37,06:12:00,18:15:00
1042,1474905319,9/26/2016 12:00:00 AM,05:55:19,1.26,47.0,30.42,96.0,176.76,11.25,06:12:00,18:15:00
1043,1474905021,9/26/2016 12:00:00 AM,05:50:21,1.25,47.0,30.42,96.0,171.21,9.0,06:12:00,18:15:00
1044,1474904721,9/26/2016 12:00:00 AM,05:45:21,1.18,47.0,30.42,96.0,159.35,10.12,06:12:00,18:15:00
1045,1474904418,9/26/2016 12:00:00 AM,05:40:18,1.2,47.0,30.42,96.0,120.85,9.0,06:12:00,18:15:00
1046,1474904123,9/26/2016 12:00:00 AM,05:35:23,1.23,47.0,30.42,95.0,144.56,7.87,06:12:00,18:15:00
1047,1474903820,9/26/2016 12:00:00 AM,05:30:20,1.2,47.0,30.42,93.0,151.67,10.12,06:12:00,18:15:00
1048,1474903524,9/26/2016 12:00:00 AM,05:25:24,1.22,46.0,30.41,91.0,168.61,9.0,06:12:00,18:15:00
1049,1474903222,9/26/2016 12:00:00 AM,05:20:22,1.25,46.0,30.41,90.0,175.02,9.0,06:12:00,18:15:00
1050,1474902922,9/26/2016 12:00:00 AM,05:15:22,1.24,46.0,30.41,87.0,161.02,10.12,06:12:00,18:15:00
1051,1474902621,9/26/2016 12:00:00 AM,05:10:21,1.2,46.0,30.41,82.0,173.14,4.5,06:12:00,18:15:00
1052,1474902326,9/26/2016 12:00:00 AM,05:05:26,1.23,46.0,30.41,71.0,187.7,9.0,06:12:00,18:15:00
1053,1474902019,9/26/2016 12:00:00 AM,05:00:19,1.21,46.0,30.41,74.83719267708949,152.08,11.25,06:12:00,18:15:00
1054,1474901723,9/26/2016 12:00:00 AM,04:55:23,1.21,46.0,30.41,66.0,171.63,9.0,06:12:00,18:15:00
1055,1474901422,9/26/2016 12:00:00 AM,04:50:22,1.22,46.0,30.41,65.0,151.29,9.0,06:12:00,18:15:00
1056,1474901124,9/26/2016 12:00:00 AM,04:45:24,1.22,45.0,30.41,59.0,158.8,11.25,06:12:00,18:15:00
1057,1474900822,9/26/2016 12:00:00 AM,04:40:22,1.21,45.0,30.41,58.0,165.1,6.75,06:12:00,18:15:00
1058,1474900523,9/26/2016 12:00:00 AM,04:35:23,1.2,45.0,30.41,59.0,171.01,7.87,06:12:00,18:15:00
1059,1474900223,9/26/2016 12:00:00 AM,04:30:23,1.22,45.0,30.41,61.0,179.86,6.75,06:12:00,18:15:00
1060,1474899921,9/26/2016 12:00:00 AM,04:25:21,1.23,45.0,30.41,61.0,150.18,10.12,06:12:00,18:15:00
1061,1474899623,9/26/2016 12:00:00 AM,04:20:23,1.24,45.0,30.41,61.0,149.71,7.87,06:12:00,18:15:00
1062,1474899325,9/26/2016 12:00:00 AM,04:15:25,1.23,45.0,30.41,59.0,134.48,7.87,06:12:00,18:15:00
1063,1474899023,9/26/2016 12:00:00 AM,04:10:23,1.24,45.0,30.41,58.0,163.97,6.75,06:12:00,18:15:00
1064,1474898720,9/26/2016 12:00:00 AM,04:05:20,1.25,45.0,30.41,57.0,149.76,10.12,06:12:00,18:15:00
1065,1474898125,9/26/2016 12:00:00 AM,03:55:25,1.2,45.0,30.41,58.0,182.89,4.5,06:12:00,18:15:00
1066,1474897823,9/26/2016 12:00:00 AM,03:50:23,1.22,45.0,30.41,60.0,173.61,5.62,06:12:00,18:15:00
1067,1474897525,9/26/2016 12:00:00 AM,03:45:25,1.21,45.0,30.41,63.0,150.28,7.87,06:12:00,18:15:00
1068,1474897222,9/26/2016 12:00:00 AM,03:40:22,1.23,45.0,30.41,64.0,144.59,11.25,06:12:00,18:15:00
1069,1474896919,9/26/2016 12:00:00 AM,03:35:19,1.24,45.0,30.41,66.0,185.57,10.12,06:12:00,18:15:00
1070,1474896623,9/26/2016 12:00:00 AM,03:30:23,1.24,45.0,30.41,68.0,145.23,10.12,06:12:00,18:15:00
1071,1474896325,9/26/2016 12:00:00 AM,03:25:25,1.23,45.0,30.41,68.0,151.89,10.12,06:12:00,18:15:00
1072,1474896024,9/26/2016 12:00:00 AM,03:20:24,1.21,45.0,30.41,68.0,123.99,4.5,06:12:00,18:15:00
1073,1474895720,9/26/2016 12:00:00 AM,03:15:20,1.21,45.0,30.41,69.0,157.65,9.0,06:12:00,18:15:00
1074,1474895424,9/26/2016 12:00:00 AM,03:10:24,1.21,45.0,30.41,71.0,166.09,5.62,06:12:00,18:15:00
1075,1474895121,9/26/2016 12:00:00 AM,03:05:21,1.24,45.0,30.41,72.0,139.19,5.62,06:12:00,18:15:00
1076,1474894818,9/26/2016 12:00:00 AM,03:00:18,1.24,45.0,30.41,69.0,155.9,7.87,06:12:00,18:15:00
1077,1474894524,9/26/2016 12:00:00 AM,02:55:24,1.2,46.0,30.42,74.0,155.65,6.75,06:12:00,18:15:00
1078,1474894221,9/26/2016 12:00:00 AM,02:50:21,1.2,46.0,30.42,74.0,165.45,5.62,06:12:00,18:15:00
1079,1474893923,9/26/2016 12:00:00 AM,02:45:23,1.22,46.0,30.42,70.0,165.05,9.0,06:12:00,18:15:00
1080,1474893621,9/26/2016 12:00:00 AM,02:40:21,1.22,46.0,30.42,65.0,158.7,10.12,06:12:00,18:15:00
1081,1474893321,9/26/2016 12:00:00 AM,02:35:21,1.19,46.0,30.42,67.0,144.08,6.75,06:12:00,18:15:00
1082,1474893020,9/26/2016 12:00:00 AM,02:30:20,1.22,46.0,30.42,62.0,201.82,4.5,06:12:00,18:15:00
1083,1474892724,9/26/2016 12:00:00 AM,02:25:24,1.22,46.0,30.42,57.0,141.08,10.12,06:12:00,18:15:00
1084,1474892423,9/26/2016 12:00:00 AM,02:20:23,1.21,46.0,30.42,55.0,178.28,6.75,06:12:00,18:15:00
1085,1474892118,9/26/2016 12:00:00 AM,02:15:18,1.22,46.0,30.42,57.0,149.59,3.37,06:12:00,18:15:00
1086,1474891826,9/26/2016 12:00:00 AM,02:10:26,1.22,46.0,30.42,56.0,138.41,2.25,06:12:00,18:15:00
1087,1474891521,9/26/2016 12:00:00 AM,02:05:21,1.23,45.0,30.42,56.0,149.81,6.75,06:12:00,18:15:00
1088,1474891219,9/26/2016 12:00:00 AM,02:00:19,1.22,45.0,30.42,54.0,158.9,4.5,06:12:00,18:15:00
1089,1474890929,9/26/2016 12:00:00 AM,01:55:29,1.21,45.0,30.42,57.0,169.34,6.75,06:12:00,18:15:00
1090,1474890625,9/26/2016 12:00:00 AM,01:50:25,1.25,46.0,30.43,59.0,136.94,6.75,06:12:00,18:15:00
1091,1474890318,9/26/2016 12:00:00 AM,01:45:18,1.22,46.0,30.43,61.0,174.17,6.75,06:12:00,18:15:00
1092,1474890022,9/26/2016 12:00:00 AM,01:40:22,1.23,46.0,30.43,58.0,154.77,5.62,06:12:00,18:15:00
1093,1474889719,9/26/2016 12:00:00 AM,01:35:19,1.21,46.0,30.43,59.0,143.32,6.75,06:12:00,18:15:00
1094,1474889421,9/26/2016 12:00:00 AM,01:30:21,1.25,46.0,30.44,53.0,158.93,6.75,06:12:00,18:15:00
1095,1474889129,9/26/2016 12:00:00 AM,01:25:29,1.25,46.0,30.44,53.0,157.02,6.75,06:12:00,18:15:00
1096,1474888821,9/26/2016 12:00:00 AM,01:20:21,1.23,46.0,30.44,55.0,178.04,5.62,06:12:00,18:15:00
1097,1474888520,9/26/2016 12:00:00 AM,01:15:20,1.23,46.0,30.44,56.0,184.96,5.62,06:12:00,18:15:00
1098,1474888221,9/26/2016 12:00:00 AM,01:10:21,1.21,46.0,30.44,57.0,156.78,7.87,06:12:00,18:15:00
1099,1474887926,9/26/2016 12:00:00 AM,01:05:26,1.22,46.0,30.44,57.0,149.18,6.75,06:12:00,18:15:00
1100,1474887323,9/26/2016 12:00:00 AM,00:55:23,1.18,47.0,30.44,54.0,99.0,2.25,06:12:00,18:15:00
1101,1474887020,9/26/2016 12:00:00 AM,00:50:20,1.25,47.0,30.44,56.0,99.23,7.87,06:12:00,18:15:00
1102,1474886718,9/26/2016 12:00:00 AM,00:45:18,1.2,47.0,30.44,55.0,143.78,3.37,06:12:00,18:15:00
1103,1474886419,9/26/2016 12:00:00 AM,00:40:19,1.25,48.0,30.44,50.0,164.08,6.75,06:12:00,18:15:00
1104,1474886122,9/26/2016 12:00:00 AM,00:35:22,1.26,48.0,30.44,49.0,162.41,5.62,06:12:00,18:15:00
1105,1474885823,9/26/2016 12:00:00 AM,00:30:23,1.17,47.0,30.44,49.0,188.58,7.87,06:12:00,18:15:00
1106,1474885523,9/26/2016 12:00:00 AM,00:25:23,1.23,47.0,30.44,49.0,163.46,9.0,06:12:00,18:15:00
1107,1474885225,9/26/2016 12:00:00 AM,00:20:25,1.27,47.0,30.45,50.0,123.42,7.87,06:12:00,18:15:00
1108,1474884622,9/26/2016 12:00:00 AM,00:10:22,1.23,47.0,30.45,51.0,148.82,6.75,06:12:00,18:15:00
1109,1474884323,9/26/2016 12:00:00 AM,00:05:23,1.28,47.0,30.45,51.0,184.32,4.5,06:12:00,18:15:00
1110,1474884021,9/26/2016 12:00:00 AM,00:00:21,1.25,47.0,30.45,51.0,147.48,10.12,06:12:00,18:15:00
1111,1474883720,9/25/2016 12:00:00 AM,23:55:20,1.24,48.0,30.45,51.0,144.21,6.75,06:12:00,18:16:00
1112,1474883424,9/25/2016 12:00:00 AM,23:50:24,1.28,48.0,30.45,51.0,173.47,5.62,06:12:00,18:16:00
1113,1474883122,9/25/2016 12:00:00 AM,23:45:22,1.28,48.0,30.45,50.0,155.48,9.0,06:12:00,18:16:00
1114,1474882826,9/25/2016 12:00:00 AM,23:40:26,1.26,48.0,30.45,49.0,145.52,6.75,06:12:00,18:16:00
1115,1474882526,9/25/2016 12:00:00 AM,23:35:26,1.24,48.0,30.46,49.0,151.47,7.87,06:12:00,18:16:00
1116,1474882218,9/25/2016 12:00:00 AM,23:30:18,1.21,48.0,30.46,49.0,156.26,9.0,06:12:00,18:16:00
1117,1474881918,9/25/2016 12:00:00 AM,23:25:18,1.24,48.0,30.46,49.0,140.68,5.62,06:12:00,18:16:00
1118,1474881622,9/25/2016 12:00:00 AM,23:20:22,1.25,48.0,30.46,51.0,154.99,6.75,06:12:00,18:16:00
1119,1474881322,9/25/2016 12:00:00 AM,23:15:22,1.24,48.0,30.46,50.0,165.64,6.75,06:12:00,18:16:00
1120,1474881024,9/25/2016 12:00:00 AM,23:10:24,1.2,48.0,30.46,50.0,170.62,7.87,06:12:00,18:16:00
1121,1474880721,9/25/2016 12:00:00 AM,23:05:21,1.21,48.0,30.46,51.0,135.86,9.0,06:12:00,18:16:00
1122,1474880426,9/25/2016 12:00:00 AM,23:00:26,1.25,48.0,30.46,51.0,170.72,6.75,06:12:00,18:16:00
1123,1474880125,9/25/2016 12:00:00 AM,22:55:25,1.21,48.0,30.46,51.0,160.31,6.75,06:12:00,18:16:00
1124,1474879821,9/25/2016 12:00:00 AM,22:50:21,1.22,48.0,30.46,51.0,151.2,5.62,06:12:00,18:16:00
1125,1474879524,9/25/2016 12:00:00 AM,22:45:24,1.21,48.0,30.46,51.0,161.62,5.62,06:12:00,18:16:00
1126,1474879223,9/25/2016 12:00:00 AM,22:40:23,1.23,48.0,30.46,51.0,168.29,4.5,06:12:00,18:16:00
1127,1474878919,9/25/2016 12:00:00 AM,22:35:19,1.26,48.0,30.47,52.0,137.72,6.75,06:12:00,18:16:00
1128,1474878621,9/25/2016 12:00:00 AM,22:30:21,1.23,48.0,30.47,52.0,170.61,7.87,06:12:00,18:16:00
1129,1474878320,9/25/2016 12:00:00 AM,22:25:20,1.25,48.0,30.47,53.0,188.54,6.75,06:12:00,18:16:00
1130,1474878025,9/25/2016 12:00:00 AM,22:20:25,1.22,48.0,30.47,54.0,159.32,7.87,06:12:00,18:16:00
1131,1474877720,9/25/2016 12:00:00 AM,22:15:20,1.23,48.0,30.47,54.0,143.54770303349548,9.0,06:12:00,18:16:00
1132,1474877420,9/25/2016 12:00:00 AM,22:10:20,1.24,48.0,30.47,54.0,164.88,5.62,06:12:00,18:16:00
1133,1474877118,9/25/2016 12:00:00 AM,22:05:18,1.24,48.0,30.47,54.0,164.76,9.0,06:12:00,18:16:00
1134,1474876822,9/25/2016 12:00:00 AM,22:00:22,1.24,48.0,30.423028000868246,53.0,155.76,5.62,06:12:00,18:16:00
1135,1474876523,9/25/2016 12:00:00 AM,21:55:23,1.23,48.0,30.47,54.0,180.76,6.75,06:12:00,18:16:00
1136,1474876220,9/25/2016 12:00:00 AM,21:50:20,1.24,48.0,30.47,53.0,171.88,7.87,06:12:00,18:16:00
1137,1474875919,9/25/2016 12:00:00 AM,21:45:19,1.24,48.0,30.47,53.0,169.06,7.87,06:12:00,18:16:00
1138,1474875624,9/25/2016 12:00:00 AM,21:40:24,1.23,49.0,30.47,53.0,150.56,7.87,06:12:00,18:16:00
1139,1474875318,9/25/2016 12:00:00 AM,21:35:18,1.23,48.0,30.47,54.0,157.02,6.75,06:12:00,18:16:00
1140,1474875024,9/25/2016 12:00:00 AM,21:30:24,1.2,48.0,30.47,54.0,164.56,6.75,06:12:00,18:16:00
1141,1474874728,9/25/2016 12:00:00 AM,21:25:28,1.25,48.0,30.47,54.0,179.96,4.5,06:12:00,18:16:00
1142,1474874421,9/25/2016 12:00:00 AM,21:20:21,1.24,48.0,30.47,55.0,128.24,7.87,06:12:00,18:16:00
1143,1474874128,9/25/2016 12:00:00 AM,21:15:28,1.25,48.0,30.47,57.0,140.83,5.62,06:12:00,18:16:00
1144,1474873822,9/25/2016 12:00:00 AM,21:10:22,1.25,48.0,30.47,59.0,174.3,6.75,06:12:00,18:16:00
1145,1474873524,9/25/2016 12:00:00 AM,21:05:24,1.24,48.0,30.47,60.0,157.99,4.5,06:12:00,18:16:00
1146,1474873224,9/25/2016 12:00:00 AM,21:00:24,1.21,48.0,30.47,61.0,105.64,6.75,06:12:00,18:16:00
1147,1474872919,9/25/2016 12:00:00 AM,20:55:19,1.24,48.0,30.47,62.0,133.7,5.62,06:12:00,18:16:00
1148,1474872622,9/25/2016 12:00:00 AM,20:50:22,1.24,48.0,30.47,63.0,135.99,11.25,06:12:00,18:16:00
1149,1474872322,9/25/2016 12:00:00 AM,20:45:22,1.24,48.0,30.47,64.0,132.75,3.37,06:12:00,18:16:00
1150,1474872020,9/25/2016 12:00:00 AM,20:40:20,1.2,48.0,30.47,68.0,129.58,2.25,06:12:00,18:16:00
1151,1474871722,9/25/2016 12:00:00 AM,20:35:22,1.23,48.0,30.47,72.0,124.38,9.0,06:12:00,18:16:00
1152,1474871420,9/25/2016 12:00:00 AM,20:30:20,1.21,51.16507236474315,30.47,71.0,108.89,7.87,06:12:00,18:16:00
1153,1474871125,9/25/2016 12:00:00 AM,20:25:25,1.23,49.0,30.47,68.0,110.3,3.37,06:12:00,18:16:00
1154,1474870822,9/25/2016 12:00:00 AM,20:20:22,1.22,50.0,30.46,67.0,78.54,2.25,06:12:00,18:16:00
1155,1474870520,9/25/2016 12:00:00 AM,20:15:20,1.24,51.0,30.46,58.0,110.2,2.25,06:12:00,18:16:00
1156,1474870221,9/25/2016 12:00:00 AM,20:10:21,1.23,51.0,30.46,49.0,143.76,4.5,06:12:00,18:16:00
1157,1474869920,9/25/2016 12:00:00 AM,20:05:20,1.24,51.0,30.46,52.0,150.31,6.75,06:12:00,18:16:00
1158,1474869619,9/25/2016 12:00:00 AM,20:00:19,1.23,51.0,30.46,55.0,169.43,4.5,06:12:00,18:16:00
1159,1474869327,9/25/2016 12:00:00 AM,19:55:27,1.26,51.0,30.46,56.0,153.08,4.5,06:12:00,18:16:00
1160,1474869020,9/25/2016 12:00:00 AM,19:50:20,1.25,51.0,30.46,67.0,163.67,4.5,06:12:00,18:16:00
1161,1474868722,9/25/2016 12:00:00 AM,19:45:22,1.25,51.0,30.46,77.0,163.25,3.37,06:12:00,18:16:00
1162,1474868421,9/25/2016 12:00:00 AM,19:40:21,1.2,51.0,30.423028000868246,82.0,152.4,5.62,06:12:00,18:16:00
1163,1474868124,9/25/2016 12:00:00 AM,19:35:24,1.25,51.0,30.46,87.0,157.29,4.5,06:12:00,18:16:00
1164,1474867824,9/25/2016 12:00:00 AM,19:30:24,1.23,51.0,30.46,91.0,167.92,4.5,06:12:00,18:16:00
1165,1474867522,9/25/2016 12:00:00 AM,19:25:22,1.26,51.0,30.45,93.0,148.52,4.5,06:12:00,18:16:00
1166,1474867223,9/25/2016 12:00:00 AM,19:20:23,1.2,51.0,30.45,93.0,116.87,4.5,06:12:00,18:16:00
1167,1474866921,9/25/2016 12:00:00 AM,19:15:21,1.27,51.0,30.45,94.0,99.9,3.37,06:12:00,18:16:00
1168,1474866622,9/25/2016 12:00:00 AM,19:10:22,1.21,51.0,30.45,93.0,120.72,0.0,06:12:00,18:16:00
1169,1474866323,9/25/2016 12:00:00 AM,19:05:23,1.22,51.0,30.45,93.0,112.88,3.37,06:12:00,18:16:00
1170,1474866023,9/25/2016 12:00:00 AM,19:00:23,1.23,51.0,30.45,92.0,4.18,0.0,06:12:00,18:16:00
1171,1474865721,9/25/2016 12:00:00 AM,18:55:21,1.22,52.0,30.45,93.0,4.18,1.12,06:12:00,18:16:00
1172,1474865421,9/25/2016 12:00:00 AM,18:50:21,1.26,52.0,30.45,93.0,4.19,1.12,06:12:00,18:16:00
1173,1474865123,9/25/2016 12:00:00 AM,18:45:23,1.25,52.0,30.45,91.0,4.19,0.0,06:12:00,18:16:00
1174,1474864822,9/25/2016 12:00:00 AM,18:40:22,1.25,53.0,30.45,90.0,4.12,2.25,06:12:00,18:16:00
1175,1474864521,9/25/2016 12:00:00 AM,18:35:21,1.23,53.0,30.45,88.0,4.11,0.0,06:12:00,18:16:00
1176,1474864225,9/25/2016 12:00:00 AM,18:30:25,1.2,53.0,30.45,89.0,4.11,0.0,06:12:00,18:16:00
1177,1474863924,9/25/2016 12:00:00 AM,18:25:24,2.01,54.0,30.45,86.0,4.12,1.12,06:12:00,18:16:00
1178,1474863621,9/25/2016 12:00:00 AM,18:20:21,3.75,54.0,30.44,87.0,2.56,1.12,06:12:00,18:16:00
1179,1474863319,9/25/2016 12:00:00 AM,18:15:19,5.95,55.0,30.44,85.0,2.56,3.37,06:12:00,18:16:00
1180,1474863024,9/25/2016 12:00:00 AM,18:10:24,8.3,56.0,30.44,83.0,347.73,3.37,06:12:00,18:16:00
1181,1474862721,9/25/2016 12:00:00 AM,18:05:21,15.93,56.0,30.44,79.0,355.83,2.25,06:12:00,18:16:00
1182,1474862422,9/25/2016 12:00:00 AM,18:00:22,20.47,56.0,30.44,79.0,355.27,3.37,06:12:00,18:16:00
1183,1474862122,9/25/2016 12:00:00 AM,17:55:22,25.21,57.0,30.44,82.0,10.43,3.37,06:12:00,18:16:00
1184,1474861821,9/25/2016 12:00:00 AM,17:50:21,36.44,57.0,30.44,79.0,359.92,3.37,06:12:00,18:16:00
1185,1474861523,9/25/2016 12:00:00 AM,17:45:23,54.32,58.0,30.44,75.0,336.48,3.37,06:12:00,18:16:00
1186,1474861224,9/25/2016 12:00:00 AM,17:40:24,73.97,59.0,30.44,74.0,319.07,4.5,06:12:00,18:16:00
1187,1474860922,9/25/2016 12:00:00 AM,17:35:22,96.45,59.0,30.44,74.0,347.08,7.87,06:12:00,18:16:00
1188,1474860626,9/25/2016 12:00:00 AM,17:30:26,121.91,60.0,30.44,49.0,289.89,5.62,06:12:00,18:16:00
1189,1474860320,9/25/2016 12:00:00 AM,17:25:20,148.72,59.0,30.44,66.0,325.28,3.37,06:12:00,18:16:00
1190,1474860019,9/25/2016 12:00:00 AM,17:20:19,175.36,60.0,30.44,71.0,346.13,3.37,06:12:00,18:16:00
1191,1474859719,9/25/2016 12:00:00 AM,17:15:19,204.77,60.0,30.44,70.0,326.21,4.5,06:12:00,18:16:00
1192,1474859419,9/25/2016 12:00:00 AM,17:10:19,234.15,61.0,30.44,52.0,351.64,3.37,06:12:00,18:16:00
1193,1474859118,9/25/2016 12:00:00 AM,17:05:18,262.11,61.0,30.44,58.0,280.23,6.75,06:12:00,18:16:00
1194,1474858825,9/25/2016 12:00:00 AM,17:00:25,286.5,61.0,30.44,72.0,346.76,6.75,06:12:00,18:16:00
1195,1474858522,9/25/2016 12:00:00 AM,16:55:22,313.25,61.0,30.44,52.0,290.48,10.12,06:12:00,18:16:00
1196,1474858224,9/25/2016 12:00:00 AM,16:50:24,334.09,61.0,30.44,58.0,319.65,6.75,06:12:00,18:16:00
1197,1474857923,9/25/2016 12:00:00 AM,16:45:23,352.72,61.0,30.44,74.0,0.22,3.37,06:12:00,18:16:00
1198,1474857619,9/25/2016 12:00:00 AM,16:40:19,378.5,60.0,30.44,54.0,279.05,6.75,06:12:00,18:16:00
1199,1474857321,9/25/2016 12:00:00 AM,16:35:21,396.35,59.0,30.44,70.0,4.06,1.12,06:12:00,18:16:00
1200,1474857022,9/25/2016 12:00:00 AM,16:30:22,416.82,59.0,30.44,81.0,1.65,3.37,06:12:00,18:16:00
1201,1474856722,9/25/2016 12:00:00 AM,16:25:22,437.53,59.0,30.44,84.0,348.17,10.12,06:12:00,18:16:00
1202,1474856423,9/25/2016 12:00:00 AM,16:20:23,458.91,60.0,30.44,83.0,7.16,6.75,06:12:00,18:16:00
1203,1474856122,9/25/2016 12:00:00 AM,16:15:22,478.52,59.0,30.44,81.0,322.03,2.25,06:12:00,18:16:00
1204,1474855825,9/25/2016 12:00:00 AM,16:10:25,495.85,59.0,30.44,85.0,349.59,4.5,06:12:00,18:16:00
1205,1474855522,9/25/2016 12:00:00 AM,16:05:22,554.98,59.0,30.44,84.0,0.18,0.0,06:12:00,18:16:00
1206,1474855219,9/25/2016 12:00:00 AM,16:00:19,555.84,59.0,30.43,86.0,336.46,4.5,06:12:00,18:16:00
1207,1474854922,9/25/2016 12:00:00 AM,15:55:22,562.64,59.0,30.44,84.0,41.32,4.5,06:12:00,18:16:00
1208,1474854620,9/25/2016 12:00:00 AM,15:50:20,606.87,59.0,30.44,82.0,6.2,9.0,06:12:00,18:16:00
1209,1474854322,9/25/2016 12:00:00 AM,15:45:22,596.82,59.0,30.44,83.0,2.56,3.37,06:12:00,18:16:00
1210,1474854022,9/25/2016 12:00:00 AM,15:40:22,691.56,59.0,30.44,84.0,36.55,5.62,06:12:00,18:16:00
1211,1474853720,9/25/2016 12:00:00 AM,15:35:20,702.6,60.0,30.44,85.0,0.71,6.75,06:12:00,18:16:00
1212,1474853421,9/25/2016 12:00:00 AM,15:30:21,157.22,59.0,30.44,83.0,344.89,9.0,06:12:00,18:16:00
1213,1474853121,9/25/2016 12:00:00 AM,15:25:21,246.06,60.0,30.44,82.0,41.55,4.5,06:12:00,18:16:00
1214,1474852821,9/25/2016 12:00:00 AM,15:20:21,396.16,60.0,30.44,84.0,0.59,2.25,06:12:00,18:16:00
1215,1474852521,9/25/2016 12:00:00 AM,15:15:21,795.33,60.0,30.44,83.0,53.88,5.62,06:12:00,18:16:00
1216,1474852221,9/25/2016 12:00:00 AM,15:10:21,940.88,60.0,30.44,82.0,359.89,10.12,06:12:00,18:16:00
1217,1474851922,9/25/2016 12:00:00 AM,15:05:22,265.21,60.0,30.44,80.0,1.88,7.87,06:12:00,18:16:00
1218,1474851621,9/25/2016 12:00:00 AM,15:00:21,418.48,60.0,30.44,79.0,0.1,0.0,06:12:00,18:16:00
1219,1474851320,9/25/2016 12:00:00 AM,14:55:20,436.45,60.0,30.44,81.0,0.17,9.0,06:12:00,18:16:00
1220,1474851023,9/25/2016 12:00:00 AM,14:50:23,910.64,60.0,30.44,79.0,354.6,2.25,06:12:00,18:16:00
1221,1474850720,9/25/2016 12:00:00 AM,14:45:20,456.79,61.0,30.44,80.0,35.03,11.25,06:12:00,18:16:00
1222,1474850422,9/25/2016 12:00:00 AM,14:40:22,1007.71,61.0,30.45,79.0,3.9,6.75,06:12:00,18:16:00
1223,1474850119,9/25/2016 12:00:00 AM,14:35:19,1057.91,61.0,30.45,79.0,14.89,9.0,06:12:00,18:16:00
1224,1474849825,9/25/2016 12:00:00 AM,14:30:25,1020.64,62.0,30.45,77.0,33.75,6.75,06:12:00,18:16:00
1225,1474849519,9/25/2016 12:00:00 AM,14:25:19,971.11,61.0,30.45,78.0,359.91,7.87,06:12:00,18:16:00
1226,1474849221,9/25/2016 12:00:00 AM,14:20:21,1071.84,61.0,30.45,78.0,0.14,4.5,06:12:00,18:16:00
1227,1474848924,9/25/2016 12:00:00 AM,14:15:24,1075.29,61.0,30.45,78.0,38.77,6.75,06:12:00,18:16:00
1228,1474848623,9/25/2016 12:00:00 AM,14:10:23,883.98,62.0,30.45,77.0,28.31,10.12,06:12:00,18:16:00
1229,1474848321,9/25/2016 12:00:00 AM,14:05:21,691.9,62.0,30.45,78.0,43.02,7.87,06:12:00,18:16:00
1230,1474848021,9/25/2016 12:00:00 AM,14:00:21,976.45,62.0,30.45,77.0,358.16,4.5,06:12:00,18:16:00
1231,1474847719,9/25/2016 12:00:00 AM,13:55:19,586.21,62.0,30.45,78.0,11.95,5.62,06:12:00,18:16:00
1232,1474847420,9/25/2016 12:00:00 AM,13:50:20,1040.34,62.0,30.45,76.0,50.76,3.37,06:12:00,18:16:00
1233,1474847119,9/25/2016 12:00:00 AM,13:45:19,1005.72,62.0,30.45,76.0,31.04,10.12,06:12:00,18:16:00
1234,1474846819,9/25/2016 12:00:00 AM,13:40:19,1018.8,62.0,30.45,76.0,352.32,7.87,06:12:00,18:16:00
1235,1474846529,9/25/2016 12:00:00 AM,13:35:29,1022.88,62.0,30.46,74.0,43.94,5.62,06:12:00,18:16:00
1236,1474846218,9/25/2016 12:00:00 AM,13:30:18,945.42,63.0,30.46,72.0,20.75,9.0,06:12:00,18:16:00
1237,1474845923,9/25/2016 12:00:00 AM,13:25:23,1063.76,63.0,30.46,71.0,359.89,5.62,06:12:00,18:16:00
1238,1474845620,9/25/2016 12:00:00 AM,13:20:20,1042.14,63.0,30.46,69.0,18.46,4.5,06:12:00,18:16:00
1239,1474845324,9/25/2016 12:00:00 AM,13:15:24,1050.21,64.0,30.46,67.0,0.11,9.0,06:12:00,18:16:00
1240,1474845024,9/25/2016 12:00:00 AM,13:10:24,1020.82,64.0,30.46,67.0,359.92,7.87,06:12:00,18:16:00
1241,1474844720,9/25/2016 12:00:00 AM,13:05:20,1016.24,63.0,30.423028000868246,66.0,354.61,5.62,06:12:00,18:16:00
1242,1474844423,9/25/2016 12:00:00 AM,13:00:23,1035.95,63.0,30.46,65.0,27.04,3.37,06:12:00,18:16:00
1243,1474844122,9/25/2016 12:00:00 AM,12:55:22,1034.82,63.0,30.47,67.0,359.92,9.0,06:12:00,18:16:00
1244,1474843821,9/25/2016 12:00:00 AM,12:50:21,1035.08,63.0,30.47,62.0,11.36,7.87,06:12:00,18:16:00
1245,1474843525,9/25/2016 12:00:00 AM,12:45:25,1039.83,63.0,30.47,61.0,350.56,11.25,06:12:00,18:16:00
1246,1474843221,9/25/2016 12:00:00 AM,12:40:21,1028.93,63.0,30.47,60.0,43.99,11.25,06:12:00,18:16:00
1247,1474842921,9/25/2016 12:00:00 AM,12:35:21,1041.13,63.0,30.47,56.0,336.46,4.5,06:12:00,18:16:00
1248,1474842621,9/25/2016 12:00:00 AM,12:30:21,1042.65,63.0,30.47,54.0,36.15,6.75,06:12:00,18:16:00
1249,1474842324,9/25/2016 12:00:00 AM,12:25:24,1043.13,63.0,30.47,52.0,3.41,7.87,06:12:00,18:16:00
1250,1474842023,9/25/2016 12:00:00 AM,12:20:23,1044.56,63.0,30.47,54.0,359.91,7.87,06:12:00,18:16:00
1251,1474841721,9/25/2016 12:00:00 AM,12:15:21,1047.31,64.0,30.48,49.0,359.92,5.62,06:12:00,18:16:00
1252,1474841424,9/25/2016 12:00:00 AM,12:10:24,1047.37,64.0,30.48,48.0,0.11,5.62,06:12:00,18:16:00
1253,1474841120,9/25/2016 12:00:00 AM,12:05:20,1045.42,64.0,30.48,46.0,1.61,11.25,06:12:00,18:16:00
1254,1474840821,9/25/2016 12:00:00 AM,12:00:21,1045.82,64.0,30.48,43.0,3.03,11.25,06:12:00,18:16:00
1255,1474840525,9/25/2016 12:00:00 AM,11:55:25,1042.27,64.0,30.48,46.0,16.52,5.62,06:12:00,18:16:00
1256,1474840223,9/25/2016 12:00:00 AM,11:50:23,1042.78,65.0,30.48,46.0,359.92,6.75,06:12:00,18:16:00
1257,1474839918,9/25/2016 12:00:00 AM,11:45:18,1038.9,64.0,30.48,42.0,8.3,6.75,06:12:00,18:16:00
1258,1474839619,9/25/2016 12:00:00 AM,11:40:19,1037.95,64.0,30.48,41.0,359.92,4.5,06:12:00,18:16:00
1259,1474839321,9/25/2016 12:00:00 AM,11:35:21,1032.16,64.0,30.49,40.0,40.91,3.37,06:12:00,18:16:00
1260,1474839020,9/25/2016 12:00:00 AM,11:30:20,1027.8,64.0,30.49,38.0,29.43,4.5,06:12:00,18:16:00
1261,1474838720,9/25/2016 12:00:00 AM,11:25:20,1021.06,64.0,30.49,37.0,11.87,7.87,06:12:00,18:16:00
1262,1474838420,9/25/2016 12:00:00 AM,11:20:20,1015.44,64.0,30.49,34.0,28.23,6.75,06:12:00,18:16:00
1263,1474838120,9/25/2016 12:00:00 AM,11:15:20,1008.94,64.0,30.49,35.0,0.11,6.75,06:12:00,18:16:00
1264,1474837822,9/25/2016 12:00:00 AM,11:10:22,1001.91,64.0,30.49,30.0,0.12,6.75,06:12:00,18:16:00
1265,1474837523,9/25/2016 12:00:00 AM,11:05:23,993.59,64.0,30.49,26.0,41.3,5.62,06:12:00,18:16:00
1266,1474837221,9/25/2016 12:00:00 AM,11:00:21,987.84,64.0,30.49,26.0,36.17,7.87,06:12:00,18:16:00
1267,1474836921,9/25/2016 12:00:00 AM,10:55:21,979.52,64.0,30.49,31.0,37.96,6.75,06:12:00,18:16:00
1268,1474836619,9/25/2016 12:00:00 AM,10:50:19,971.51,64.0,30.49,29.0,30.24,5.62,06:12:00,18:16:00
1269,1474836322,9/25/2016 12:00:00 AM,10:45:22,961.76,64.0,30.49,30.0,34.17,4.5,06:12:00,18:16:00
1270,1474836021,9/25/2016 12:00:00 AM,10:40:21,953.33,64.0,30.49,28.0,0.11,2.25,06:12:00,18:16:00
1271,1474835720,9/25/2016 12:00:00 AM,10:35:20,944.63,64.0,30.5,28.0,10.87,4.5,06:12:00,18:16:00
1272,1474835421,9/25/2016 12:00:00 AM,10:30:21,936.17,64.0,30.5,26.0,353.2,5.62,06:12:00,18:16:00
1273,1474835121,9/25/2016 12:00:00 AM,10:25:21,922.72,64.0,30.5,28.0,9.71,3.37,06:12:00,18:16:00
1274,1474834820,9/25/2016 12:00:00 AM,10:20:20,912.15,64.0,30.5,26.0,53.87,4.5,06:12:00,18:16:00
1275,1474834521,9/25/2016 12:00:00 AM,10:15:21,901.12,63.0,30.5,27.0,67.37,2.25,06:12:00,18:16:00
1276,1474834221,9/25/2016 12:00:00 AM,10:10:21,887.45,63.0,30.5,29.0,9.78,5.62,06:12:00,18:16:00
1277,1474833923,9/25/2016 12:00:00 AM,10:05:23,874.91,63.0,30.5,29.0,16.46,5.62,06:12:00,18:16:00
1278,1474833620,9/25/2016 12:00:00 AM,10:00:20,861.94,63.0,30.5,27.0,50.47,7.87,06:12:00,18:16:00
1279,1474833321,9/25/2016 12:00:00 AM,09:55:21,848.96,63.0,30.5,27.0,46.66,10.12,06:12:00,18:16:00
1280,1474833020,9/25/2016 12:00:00 AM,09:50:20,835.11,63.0,30.5,30.0,29.96,7.87,06:12:00,18:16:00
1281,1474832723,9/25/2016 12:00:00 AM,09:45:23,823.07,63.0,30.5,26.0,75.91,6.75,06:12:00,18:16:00
1282,1474832424,9/25/2016 12:00:00 AM,09:40:24,806.76,63.0,30.5,27.0,4.62,6.75,06:12:00,18:16:00
1283,1474832126,9/25/2016 12:00:00 AM,09:35:26,791.91,63.0,30.49,26.0,84.51,3.37,06:12:00,18:16:00
1284,1474831820,9/25/2016 12:00:00 AM,09:30:20,777.13,63.0,30.49,26.0,73.88,5.62,06:12:00,18:16:00
1285,1474831523,9/25/2016 12:00:00 AM,09:25:23,763.7,63.0,30.49,25.0,77.68,3.37,06:12:00,18:16:00
1286,1474831222,9/25/2016 12:00:00 AM,09:20:22,746.84,63.0,30.49,27.0,35.59,5.62,06:12:00,18:16:00
1287,1474830924,9/25/2016 12:00:00 AM,09:15:24,731.54,63.0,30.49,26.0,79.28,4.5,06:12:00,18:16:00
1288,1474830628,9/25/2016 12:00:00 AM,09:10:28,714.1,63.0,30.5,26.0,25.13,5.62,06:12:00,18:16:00
1289,1474830320,9/25/2016 12:00:00 AM,09:05:20,694.88,63.0,30.49,27.0,12.06,1.12,06:12:00,18:16:00
1290,1474830021,9/25/2016 12:00:00 AM,09:00:21,675.9,63.0,30.49,26.0,89.87,3.37,06:12:00,18:16:00
1291,1474829722,9/25/2016 12:00:00 AM,08:55:22,656.64,62.0,30.49,26.0,97.36,2.25,06:12:00,18:16:00
1292,1474829423,9/25/2016 12:00:00 AM,08:50:23,635.72,62.0,30.49,26.0,0.12,3.37,06:12:00,18:16:00
1293,1474829122,9/25/2016 12:00:00 AM,08:45:22,624.78,62.0,30.49,27.0,88.65,2.25,06:12:00,18:16:00
1294,1474828822,9/25/2016 12:00:00 AM,08:40:22,599.61,62.0,30.49,26.0,124.04,4.5,06:12:00,18:16:00
1295,1474828522,9/25/2016 12:00:00 AM,08:35:22,586.82,62.0,30.49,28.0,86.95,4.5,06:12:00,18:16:00
1296,1474828225,9/25/2016 12:00:00 AM,08:30:25,566.79,62.0,30.48,28.0,74.32,4.5,06:12:00,18:16:00
1297,1474827918,9/25/2016 12:00:00 AM,08:25:18,535.82,62.0,30.48,29.0,57.63,2.25,06:12:00,18:16:00
1298,1474827625,9/25/2016 12:00:00 AM,08:20:25,496.98,62.0,30.48,29.0,57.26,9.0,06:12:00,18:16:00
1299,1474827320,9/25/2016 12:00:00 AM,08:15:20,501.14,62.0,30.48,28.0,111.17,2.25,06:12:00,18:16:00
1300,1474827020,9/25/2016 12:00:00 AM,08:10:20,467.46,61.0,30.48,29.0,112.6,2.25,06:12:00,18:16:00
1301,1474826719,9/25/2016 12:00:00 AM,08:05:19,452.32,61.0,30.48,30.0,121.41,6.75,06:12:00,18:16:00
1302,1474826429,9/25/2016 12:00:00 AM,08:00:29,432.46,61.0,30.48,33.0,144.56,2.25,06:12:00,18:16:00
1303,1474826119,9/25/2016 12:00:00 AM,07:55:19,412.23,60.0,30.48,33.0,135.83,4.5,06:12:00,18:16:00
1304,1474825820,9/25/2016 12:00:00 AM,07:50:20,385.29,59.0,30.47,34.0,127.86,2.25,06:12:00,18:16:00
1305,1474825524,9/25/2016 12:00:00 AM,07:45:24,359.17,58.0,30.47,34.0,119.32,4.5,06:12:00,18:16:00
1306,1474825219,9/25/2016 12:00:00 AM,07:40:19,348.16,57.0,30.47,43.0,149.16,4.5,06:12:00,18:16:00
1307,1474824922,9/25/2016 12:00:00 AM,07:35:22,320.98,56.0,30.47,44.0,129.03,2.25,06:12:00,18:16:00
1308,1474824623,9/25/2016 12:00:00 AM,07:30:23,305.52,54.0,30.47,51.0,159.56,2.25,06:12:00,18:16:00
1309,1474824343,9/25/2016 12:00:00 AM,07:25:43,282.13,54.0,30.47,52.0,161.39,4.5,06:12:00,18:16:00
1310,1474824021,9/25/2016 12:00:00 AM,07:20:21,255.63,53.0,30.47,56.0,156.9,5.62,06:12:00,18:16:00
1311,1474823727,9/25/2016 12:00:00 AM,07:15:27,229.25,51.0,30.47,57.0,136.42,4.5,06:12:00,18:16:00
1312,1474823423,9/25/2016 12:00:00 AM,07:10:23,199.3,50.0,30.47,61.0,158.71,4.5,06:12:00,18:16:00
1313,1474823122,9/25/2016 12:00:00 AM,07:05:22,29.71,49.0,30.47,59.0,147.93,5.62,06:12:00,18:16:00
1314,1474822822,9/25/2016 12:00:00 AM,07:00:22,27.34,48.0,30.47,64.0,155.28,6.75,06:12:00,18:16:00
1315,1474822519,9/25/2016 12:00:00 AM,06:55:19,25.88,48.0,30.47,68.0,184.78,5.62,06:12:00,18:16:00
1316,1474822222,9/25/2016 12:00:00 AM,06:50:22,24.39,48.0,30.46,68.0,175.66,5.62,06:12:00,18:16:00
1317,1474821921,9/25/2016 12:00:00 AM,06:45:21,22.95,48.0,30.46,69.0,180.7,6.75,06:12:00,18:16:00
1318,1474821621,9/25/2016 12:00:00 AM,06:40:21,21.2,47.0,30.46,69.0,187.35,7.87,06:12:00,18:16:00
1319,1474821321,9/25/2016 12:00:00 AM,06:35:21,19.34,47.0,30.46,69.0,188.6,6.75,06:12:00,18:16:00
1320,1474821022,9/25/2016 12:00:00 AM,06:30:22,17.21,47.0,30.46,68.0,162.57,6.75,06:12:00,18:16:00
1321,1474820724,9/25/2016 12:00:00 AM,06:25:24,14.89,47.0,30.46,66.0,185.74,5.62,06:12:00,18:16:00
1322,1474820421,9/25/2016 12:00:00 AM,06:20:21,11.89,47.0,30.46,66.0,185.93,6.75,06:12:00,18:16:00
1323,1474820119,9/25/2016 12:00:00 AM,06:15:19,9.0,47.0,30.46,64.0,188.75,9.0,06:12:00,18:16:00
1324,1474819821,9/25/2016 12:00:00 AM,06:10:21,6.35,47.0,30.46,64.0,184.2,4.5,06:12:00,18:16:00
1325,1474819520,9/25/2016 12:00:00 AM,06:05:20,3.9,46.0,30.46,65.0,188.94,7.87,06:12:00,18:16:00
1326,1474819220,9/25/2016 12:00:00 AM,06:00:20,2.01,46.0,30.46,65.0,188.07,10.12,06:12:00,18:16:00
1327,1474818920,9/25/2016 12:00:00 AM,05:55:20,1.22,46.0,30.46,64.0,183.02,10.12,06:12:00,18:16:00
1328,1474818621,9/25/2016 12:00:00 AM,05:50:21,1.25,46.0,30.46,64.0,182.63,10.12,06:12:00,18:16:00
1329,1474818320,9/25/2016 12:00:00 AM,05:45:20,1.23,46.0,30.46,64.0,183.26,7.87,06:12:00,18:16:00
1330,1474818021,9/25/2016 12:00:00 AM,05:40:21,1.19,46.0,30.46,63.0,175.82,7.87,06:12:00,18:16:00
1331,1474817720,9/25/2016 12:00:00 AM,05:35:20,1.24,47.0,30.46,64.0,183.5,7.87,06:12:00,18:16:00
1332,1474817422,9/25/2016 12:00:00 AM,05:30:22,1.22,47.0,30.46,62.0,183.92,10.12,06:12:00,18:16:00
1333,1474817123,9/25/2016 12:00:00 AM,05:25:23,1.23,47.0,30.45,62.0,180.29,7.87,06:12:00,18:16:00
1334,1474816825,9/25/2016 12:00:00 AM,05:20:25,1.2,46.0,30.45,62.0,178.86,7.87,06:12:00,18:16:00
1335,1474816522,9/25/2016 12:00:00 AM,05:15:22,1.25,47.0,30.45,65.0,179.25,6.75,06:12:00,18:16:00
1336,1474816230,9/25/2016 12:00:00 AM,05:10:30,1.28,47.0,30.45,62.0,181.77,7.87,06:12:00,18:16:00
1337,1474815924,9/25/2016 12:00:00 AM,05:05:24,1.24,47.0,30.45,63.0,178.65,11.25,06:12:00,18:16:00
1338,1474815622,9/25/2016 12:00:00 AM,05:00:22,1.23,47.0,30.45,62.0,181.8,7.87,06:12:00,18:16:00
1339,1474815319,9/25/2016 12:00:00 AM,04:55:19,1.24,47.0,30.45,61.0,177.96,6.75,06:12:00,18:16:00
1340,1474815024,9/25/2016 12:00:00 AM,04:50:24,1.22,47.0,30.45,61.0,176.98,7.87,06:12:00,18:16:00
1341,1474814725,9/25/2016 12:00:00 AM,04:45:25,1.21,47.0,30.45,60.0,186.59,7.87,06:12:00,18:16:00
1342,1474814422,9/25/2016 12:00:00 AM,04:40:22,1.25,47.0,30.45,60.0,178.78,6.75,06:12:00,18:16:00
1343,1474814121,9/25/2016 12:00:00 AM,04:35:21,1.22,47.0,30.45,61.0,182.15,7.87,06:12:00,18:16:00
1344,1474813819,9/25/2016 12:00:00 AM,04:30:19,1.24,47.0,30.45,60.0,175.29,6.75,06:12:00,18:16:00
1345,1474813520,9/25/2016 12:00:00 AM,04:25:20,1.24,47.0,30.45,60.0,175.5,6.75,06:12:00,18:16:00
1346,1474813224,9/25/2016 12:00:00 AM,04:20:24,1.22,47.0,30.45,61.0,182.15,9.0,06:12:00,18:16:00
1347,1474812921,9/25/2016 12:00:00 AM,04:15:21,1.22,47.0,30.45,60.0,175.09,6.75,06:12:00,18:16:00
1348,1474812621,9/25/2016 12:00:00 AM,04:10:21,1.23,47.0,30.45,62.0,177.67,7.87,06:12:00,18:16:00
1349,1474812330,9/25/2016 12:00:00 AM,04:05:30,1.2,47.0,30.45,61.0,179.66,6.75,06:12:00,18:16:00
1350,1474812021,9/25/2016 12:00:00 AM,04:00:21,1.22,47.0,30.45,61.0,177.18,9.0,06:12:00,18:16:00
1351,1474811726,9/25/2016 12:00:00 AM,03:55:26,1.19,47.0,30.45,63.0,174.77,5.62,06:12:00,18:16:00
1352,1474811419,9/25/2016 12:00:00 AM,03:50:19,1.23,47.0,30.45,62.0,181.25,7.87,06:12:00,18:16:00
1353,1474811118,9/25/2016 12:00:00 AM,03:45:18,1.27,47.0,30.45,62.0,186.54,9.0,06:12:00,18:16:00
1354,1474810819,9/25/2016 12:00:00 AM,03:40:19,1.24,47.0,30.45,64.0,185.04,7.87,06:12:00,18:16:00
1355,1474810522,9/25/2016 12:00:00 AM,03:35:22,1.24,47.0,30.45,64.0,181.16,7.87,06:12:00,18:16:00
1356,1474810221,9/25/2016 12:00:00 AM,03:30:21,1.24,47.0,30.45,66.0,184.59,7.87,06:12:00,18:16:00
1357,1474809929,9/25/2016 12:00:00 AM,03:25:29,1.22,47.0,30.45,65.0,171.01,5.62,06:12:00,18:16:00
1358,1474809621,9/25/2016 12:00:00 AM,03:20:21,1.22,47.0,30.45,66.0,180.07,9.0,06:12:00,18:16:00
1359,1474809321,9/25/2016 12:00:00 AM,03:15:21,1.26,47.0,30.45,67.0,180.78,9.0,06:12:00,18:16:00
1360,1474809028,9/25/2016 12:00:00 AM,03:10:28,1.26,47.0,30.45,67.0,181.57,9.0,06:12:00,18:16:00
1361,1474808718,9/25/2016 12:00:00 AM,03:05:18,1.25,47.0,30.45,68.0,182.66,7.87,06:12:00,18:16:00
1362,1474808426,9/25/2016 12:00:00 AM,03:00:26,1.22,47.0,30.45,69.0,177.32,7.87,06:12:00,18:16:00
1363,1474808126,9/25/2016 12:00:00 AM,02:55:26,1.22,47.0,30.45,69.0,178.56,9.0,06:12:00,18:16:00
1364,1474807822,9/25/2016 12:00:00 AM,02:50:22,1.23,47.0,30.45,71.0,181.67,7.87,06:12:00,18:16:00
1365,1474807524,9/25/2016 12:00:00 AM,02:45:24,1.26,47.0,30.45,69.0,181.53,5.62,06:12:00,18:16:00
1366,1474807222,9/25/2016 12:00:00 AM,02:40:22,1.23,47.0,30.45,73.0,175.22,6.75,06:12:00,18:16:00
1367,1474806919,9/25/2016 12:00:00 AM,02:35:19,1.24,47.0,30.45,73.0,178.82,7.87,06:12:00,18:16:00
1368,1474806620,9/25/2016 12:00:00 AM,02:30:20,1.23,46.0,30.45,73.0,182.27,6.75,06:12:00,18:16:00
1369,1474806323,9/25/2016 12:00:00 AM,02:25:23,1.22,46.0,30.45,74.0,184.76,7.87,06:12:00,18:16:00
1370,1474806024,9/25/2016 12:00:00 AM,02:20:24,1.19,46.0,30.46,74.0,184.99,10.12,06:12:00,18:16:00
1371,1474805720,9/25/2016 12:00:00 AM,02:15:20,1.25,46.0,30.46,73.0,188.52,6.75,06:12:00,18:16:00
1372,1474805418,9/25/2016 12:00:00 AM,02:10:18,1.23,46.0,30.46,73.0,182.45,5.62,06:12:00,18:16:00
1373,1474805125,9/25/2016 12:00:00 AM,02:05:25,1.22,46.0,30.46,71.0,182.24,6.75,06:12:00,18:16:00
1374,1474804821,9/25/2016 12:00:00 AM,02:00:21,1.19,47.0,30.46,73.0,168.43,5.62,06:12:00,18:16:00
1375,1474804519,9/25/2016 12:00:00 AM,01:55:19,1.24,47.0,30.46,74.0,169.61,5.62,06:12:00,18:16:00
1376,1474804221,9/25/2016 12:00:00 AM,01:50:21,1.19,47.0,30.46,75.0,172.22,4.5,06:12:00,18:16:00
1377,1474803922,9/25/2016 12:00:00 AM,01:45:22,1.26,47.0,30.46,75.0,183.74,6.75,06:12:00,18:16:00
1378,1474803622,9/25/2016 12:00:00 AM,01:40:22,1.24,47.0,30.47,75.0,189.79,7.87,06:12:00,18:16:00
1379,1474803323,9/25/2016 12:00:00 AM,01:35:23,1.23,47.0,30.46,72.0,174.55,4.5,06:12:00,18:16:00
1380,1474803020,9/25/2016 12:00:00 AM,01:30:20,1.26,47.0,30.47,73.0,174.42,7.87,06:12:00,18:16:00
1381,1474802721,9/25/2016 12:00:00 AM,01:25:21,1.22,47.0,30.47,73.0,173.51,5.62,06:12:00,18:16:00
1382,1474802424,9/25/2016 12:00:00 AM,01:20:24,1.22,47.0,30.47,75.0,171.9,4.5,06:12:00,18:16:00
1383,1474802121,9/25/2016 12:00:00 AM,01:15:21,1.22,47.0,30.47,75.0,177.1,4.5,06:12:00,18:16:00
1384,1474801820,9/25/2016 12:00:00 AM,01:10:20,1.2,47.0,30.47,76.0,143.54770303349548,7.87,06:12:00,18:16:00
1385,1474801225,9/25/2016 12:00:00 AM,01:00:25,1.19,47.0,30.47,75.0,190.65,6.75,06:12:00,18:16:00
1386,1474800621,9/25/2016 12:00:00 AM,00:50:21,1.23,47.0,30.47,74.0,175.29,6.75,06:12:00,18:16:00
1387,1474800318,9/25/2016 12:00:00 AM,00:45:18,1.22,47.0,30.48,74.0,173.32,4.5,06:12:00,18:16:00
1388,1474800021,9/25/2016 12:00:00 AM,00:40:21,1.24,48.0,30.48,75.0,179.2,5.62,06:12:00,18:16:00
1389,1474799724,9/25/2016 12:00:00 AM,00:35:24,1.19,48.0,30.48,75.0,175.41,5.62,06:12:00,18:16:00
1390,1474799420,9/25/2016 12:00:00 AM,00:30:20,1.2,48.0,30.48,73.0,177.84,6.75,06:12:00,18:16:00
1391,1474799121,9/25/2016 12:00:00 AM,00:25:21,1.2,48.0,30.48,73.0,175.5,4.5,06:12:00,18:16:00
1392,1474798222,9/25/2016 12:00:00 AM,00:10:22,1.21,48.0,30.49,69.0,159.48,5.62,06:12:00,18:16:00
1393,1474797920,9/25/2016 12:00:00 AM,00:05:20,1.23,48.0,30.49,74.0,157.44,5.62,06:12:00,18:16:00
1394,1474797619,9/25/2016 12:00:00 AM,00:00:19,1.23,48.0,30.48,72.0,153.45,5.62,06:12:00,18:16:00
1395,1474797320,9/24/2016 12:00:00 AM,23:55:20,1.21,48.0,30.49,70.0,169.88,5.62,06:12:00,18:17:00
1396,1474797022,9/24/2016 12:00:00 AM,23:50:22,1.24,48.0,30.49,71.0,169.68,4.5,06:12:00,18:17:00
1397,1474796722,9/24/2016 12:00:00 AM,23:45:22,1.24,48.0,30.49,73.0,175.24,5.62,06:12:00,18:17:00
1398,1474796421,9/24/2016 12:00:00 AM,23:40:21,1.24,48.0,30.49,72.0,171.54,3.37,06:12:00,18:17:00
1399,1474796118,9/24/2016 12:00:00 AM,23:35:18,1.23,48.0,30.49,74.0,154.1,4.5,06:12:00,18:17:00
1400,1474795819,9/24/2016 12:00:00 AM,23:30:19,1.25,48.0,30.49,72.0,170.77,5.62,06:12:00,18:17:00
1401,1474795524,9/24/2016 12:00:00 AM,23:25:24,1.22,48.0,30.49,74.0,185.82,6.75,06:12:00,18:17:00
1402,1474795219,9/24/2016 12:00:00 AM,23:20:19,1.25,48.0,30.49,72.0,191.62,5.62,06:12:00,18:17:00
1403,1474794927,9/24/2016 12:00:00 AM,23:15:27,1.21,48.0,30.49,72.0,169.84,4.5,06:12:00,18:17:00
1404,1474794624,9/24/2016 12:00:00 AM,23:10:24,1.25,48.0,30.49,70.0,177.87,6.75,06:12:00,18:17:00
1405,1474794321,9/24/2016 12:00:00 AM,23:05:21,1.26,48.0,30.49,73.0,170.13,5.62,06:12:00,18:17:00
1406,1474794020,9/24/2016 12:00:00 AM,23:00:20,1.22,48.0,30.5,70.0,161.39,4.5,06:12:00,18:17:00
1407,1474793720,9/24/2016 12:00:00 AM,22:55:20,1.22,49.0,30.5,70.0,152.06,5.62,06:12:00,18:17:00
1408,1474793423,9/24/2016 12:00:00 AM,22:50:23,1.23,49.0,30.5,71.0,161.25,4.5,06:12:00,18:17:00
1409,1474793122,9/24/2016 12:00:00 AM,22:45:22,1.25,49.0,30.5,69.0,185.29,3.37,06:12:00,18:17:00
1410,1474792821,9/24/2016 12:00:00 AM,22:40:21,1.27,49.0,30.5,69.0,170.44,3.37,06:12:00,18:17:00
1411,1474792520,9/24/2016 12:00:00 AM,22:35:20,1.22,49.0,30.5,70.0,149.63,7.87,06:12:00,18:17:00
1412,1474792219,9/24/2016 12:00:00 AM,22:30:19,1.2,49.0,30.5,71.0,168.43,4.5,06:12:00,18:17:00
1413,1474791922,9/24/2016 12:00:00 AM,22:25:22,1.22,49.0,30.5,70.0,164.94,4.5,06:12:00,18:17:00
1414,1474791619,9/24/2016 12:00:00 AM,22:20:19,1.24,49.0,30.5,71.0,154.95,5.62,06:12:00,18:17:00
1415,1474791318,9/24/2016 12:00:00 AM,22:15:18,1.24,49.0,30.5,73.0,150.91,5.62,06:12:00,18:17:00
1416,1474791023,9/24/2016 12:00:00 AM,22:10:23,1.22,49.0,30.5,74.0,169.48,4.5,06:12:00,18:17:00
1417,1474790726,9/24/2016 12:00:00 AM,22:05:26,1.25,49.0,30.5,73.0,159.64,4.5,06:12:00,18:17:00
1418,1474790424,9/24/2016 12:00:00 AM,22:00:24,1.21,49.0,30.51,72.0,152.72,4.5,06:12:00,18:17:00
1419,1474790124,9/24/2016 12:00:00 AM,21:55:24,1.21,49.0,30.51,70.0,172.41,3.37,06:12:00,18:17:00
1420,1474789820,9/24/2016 12:00:00 AM,21:50:20,1.23,49.0,30.51,72.0,158.13,4.5,06:12:00,18:17:00
1421,1474789522,9/24/2016 12:00:00 AM,21:45:22,1.25,49.0,30.5,72.0,177.73,5.62,06:12:00,18:17:00
1422,1474789222,9/24/2016 12:00:00 AM,21:40:22,1.26,50.0,30.5,73.0,168.2,4.5,06:12:00,18:17:00
1423,1474788922,9/24/2016 12:00:00 AM,21:35:22,1.23,50.0,30.5,73.0,160.93,4.5,06:12:00,18:17:00
1424,1474788627,9/24/2016 12:00:00 AM,21:30:27,1.22,50.0,30.5,73.0,154.97,5.62,06:12:00,18:17:00
1425,1474788322,9/24/2016 12:00:00 AM,21:25:22,1.24,50.0,30.5,74.0,166.08,3.37,06:12:00,18:17:00
1426,1474788022,9/24/2016 12:00:00 AM,21:20:22,1.24,50.0,30.5,76.0,143.42,5.62,06:12:00,18:17:00
1427,1474787719,9/24/2016 12:00:00 AM,21:15:19,1.24,50.0,30.5,75.0,162.42,5.62,06:12:00,18:17:00
1428,1474787420,9/24/2016 12:00:00 AM,21:10:20,1.21,50.0,30.5,72.0,160.24,5.62,06:12:00,18:17:00
1429,1474787118,9/24/2016 12:00:00 AM,21:05:18,1.26,50.0,30.5,73.0,135.21,3.37,06:12:00,18:17:00
1430,1474786820,9/24/2016 12:00:00 AM,21:00:20,1.21,51.0,30.5,74.0,154.75,5.62,06:12:00,18:17:00
1431,1474786521,9/24/2016 12:00:00 AM,20:55:21,1.26,51.0,30.5,74.0,163.25,4.5,06:12:00,18:17:00
1432,1474786222,9/24/2016 12:00:00 AM,20:50:22,1.24,51.0,30.5,77.0,148.01,4.5,06:12:00,18:17:00
1433,1474785922,9/24/2016 12:00:00 AM,20:45:22,1.25,51.0,30.5,75.0,163.29,5.62,06:12:00,18:17:00
1434,1474785620,9/24/2016 12:00:00 AM,20:40:20,1.24,51.0,30.5,75.0,167.69,5.62,06:12:00,18:17:00
1435,1474785325,9/24/2016 12:00:00 AM,20:35:25,1.23,51.0,30.5,74.0,159.56,3.37,06:12:00,18:17:00
1436,1474785021,9/24/2016 12:00:00 AM,20:30:21,1.23,51.0,30.49,76.0,135.06,4.5,06:12:00,18:17:00
1437,1474784718,9/24/2016 12:00:00 AM,20:25:18,1.23,51.0,30.49,74.0,160.41,3.37,06:12:00,18:17:00
1438,1474784422,9/24/2016 12:00:00 AM,20:20:22,1.24,51.0,30.49,72.0,159.05,3.37,06:12:00,18:17:00
1439,1474784119,9/24/2016 12:00:00 AM,20:15:19,1.26,51.0,30.49,70.0,163.7,3.37,06:12:00,18:17:00
1440,1474783820,9/24/2016 12:00:00 AM,20:10:20,1.24,51.0,30.49,76.0,156.96,5.62,06:12:00,18:17:00
1441,1474783521,9/24/2016 12:00:00 AM,20:05:21,1.24,51.0,30.48,79.0,160.71,5.62,06:12:00,18:17:00
1442,1474783218,9/24/2016 12:00:00 AM,20:00:18,1.27,52.0,30.48,87.0,171.23,4.5,06:12:00,18:17:00
1443,1474782919,9/24/2016 12:00:00 AM,19:55:19,1.24,52.0,30.48,87.0,165.72,3.37,06:12:00,18:17:00
1444,1474782624,9/24/2016 12:00:00 AM,19:50:24,1.24,52.0,30.48,87.0,155.62,4.5,06:12:00,18:17:00
1445,1474782324,9/24/2016 12:00:00 AM,19:45:24,1.23,52.0,30.48,87.0,160.72,4.5,06:12:00,18:17:00
1446,1474782021,9/24/2016 12:00:00 AM,19:40:21,1.24,52.0,30.48,87.0,151.11,4.5,06:12:00,18:17:00
1447,1474781723,9/24/2016 12:00:00 AM,19:35:23,1.21,53.0,30.423028000868246,87.0,153.92,4.5,06:12:00,18:17:00
1448,1474781421,9/24/2016 12:00:00 AM,19:30:21,1.23,53.0,30.48,85.0,155.29,4.5,06:12:00,18:17:00
1449,1474781119,9/24/2016 12:00:00 AM,19:25:19,1.25,53.0,30.48,86.0,148.71,2.25,06:12:00,18:17:00
1450,1474780822,9/24/2016 12:00:00 AM,19:20:22,1.24,54.0,30.47,85.0,134.03,0.0,06:12:00,18:17:00
1451,1474780522,9/24/2016 12:00:00 AM,19:15:22,1.24,54.0,30.47,84.0,128.91,4.5,06:12:00,18:17:00
1452,1474780221,9/24/2016 12:00:00 AM,19:10:21,1.23,54.0,30.47,84.0,138.0,2.25,06:12:00,18:17:00
1453,1474779922,9/24/2016 12:00:00 AM,19:05:22,1.28,54.0,30.47,84.0,120.96,4.5,06:12:00,18:17:00
1454,1474779622,9/24/2016 12:00:00 AM,19:00:22,1.25,54.0,30.47,86.0,144.1,2.25,06:12:00,18:17:00
1455,1474779321,9/24/2016 12:00:00 AM,18:55:21,1.26,54.0,30.47,87.0,108.93,4.5,06:12:00,18:17:00
1456,1474779019,9/24/2016 12:00:00 AM,18:50:19,1.26,54.0,30.47,88.0,160.54,4.5,06:12:00,18:17:00
1457,1474778721,9/24/2016 12:00:00 AM,18:45:21,1.23,54.0,30.47,92.0,103.14,6.75,06:12:00,18:17:00
1458,1474778420,9/24/2016 12:00:00 AM,18:40:20,1.24,54.0,30.46,95.0,116.24,4.5,06:12:00,18:17:00
1459,1474778124,9/24/2016 12:00:00 AM,18:35:24,1.28,55.0,30.46,97.0,140.86,4.5,06:12:00,18:17:00
1460,1474777821,9/24/2016 12:00:00 AM,18:30:21,1.29,55.0,30.46,99.0,91.59,4.5,06:12:00,18:17:00
1461,1474777519,9/24/2016 12:00:00 AM,18:25:19,1.76,55.0,30.46,98.0,87.07,3.37,06:12:00,18:17:00
1462,1474777219,9/24/2016 12:00:00 AM,18:20:19,2.92,56.0,30.46,98.0,91.72,2.25,06:12:00,18:17:00
1463,1474776918,9/24/2016 12:00:00 AM,18:15:18,4.14,56.0,30.46,98.0,75.24,2.25,06:12:00,18:17:00
1464,1474776624,9/24/2016 12:00:00 AM,18:10:24,5.49,56.0,30.46,98.0,73.96,0.0,06:12:00,18:17:00
1465,1474776340,9/24/2016 12:00:00 AM,18:05:40,10.33,56.0,30.46,97.0,73.96,2.25,06:12:00,18:17:00
1466,1474776024,9/24/2016 12:00:00 AM,18:00:24,11.23,56.0,30.45,97.0,73.96,1.12,06:12:00,18:17:00
1467,1474775722,9/24/2016 12:00:00 AM,17:55:22,15.14,56.0,30.45,96.0,73.17,1.12,06:12:00,18:17:00
1468,1474775424,9/24/2016 12:00:00 AM,17:50:24,17.74,56.0,30.45,96.0,128.97,0.0,06:12:00,18:17:00
1469,1474775119,9/24/2016 12:00:00 AM,17:45:19,30.36,56.0,30.45,96.0,128.97,1.12,06:12:00,18:17:00
1470,1474774823,9/24/2016 12:00:00 AM,17:40:23,19.71,57.0,30.45,96.0,129.6,3.37,06:12:00,18:17:00
1471,1474774519,9/24/2016 12:00:00 AM,17:35:19,19.19,57.0,30.45,96.0,55.34,1.12,06:12:00,18:17:00
1472,1474774221,9/24/2016 12:00:00 AM,17:30:21,32.02,57.0,30.45,96.0,122.73,2.25,06:12:00,18:17:00
1473,1474773919,9/24/2016 12:00:00 AM,17:25:19,25.48,57.0,30.45,96.0,122.02,3.37,06:12:00,18:17:00
1474,1474773624,9/24/2016 12:00:00 AM,17:20:24,26.76,57.0,30.45,96.0,71.28,4.5,06:12:00,18:17:00
1475,1474773318,9/24/2016 12:00:00 AM,17:15:18,56.1,57.0,30.45,97.0,120.03,3.37,06:12:00,18:17:00
1476,1474773021,9/24/2016 12:00:00 AM,17:10:21,35.5,57.0,30.45,96.0,67.32,1.12,06:12:00,18:17:00
1477,1474772720,9/24/2016 12:00:00 AM,17:05:20,42.67,57.0,30.45,95.0,22.84,2.25,06:12:00,18:17:00
1478,1474772422,9/24/2016 12:00:00 AM,17:00:22,50.46,57.0,30.45,95.0,27.74,1.12,06:12:00,18:17:00
1479,1474772121,9/24/2016 12:00:00 AM,16:55:21,145.68,57.0,30.44,95.0,40.68,2.25,06:12:00,18:17:00
1480,1474771818,9/24/2016 12:00:00 AM,16:50:18,94.6,58.0,30.44,95.0,32.12,4.5,06:12:00,18:17:00
1481,1474771520,9/24/2016 12:00:00 AM,16:45:20,106.28,58.0,30.44,95.0,44.31,3.37,06:12:00,18:17:00
1482,1474771221,9/24/2016 12:00:00 AM,16:40:21,55.25,58.0,30.44,94.0,25.37,2.25,06:12:00,18:17:00
1483,1474770925,9/24/2016 12:00:00 AM,16:35:25,30.57,58.0,30.44,93.0,21.34,6.75,06:12:00,18:17:00
1484,1474770621,9/24/2016 12:00:00 AM,16:30:21,50.05,59.0,30.44,92.0,26.03,4.5,06:12:00,18:17:00
1485,1474770321,9/24/2016 12:00:00 AM,16:25:21,60.98,59.0,30.44,91.0,0.3,5.62,06:12:00,18:17:00
1486,1474770024,9/24/2016 12:00:00 AM,16:20:24,65.36,59.0,30.45,90.0,33.72,4.5,06:12:00,18:17:00
1487,1474769722,9/24/2016 12:00:00 AM,16:15:22,48.48,60.0,30.44,88.0,34.77,4.5,06:12:00,18:17:00
1488,1474769423,9/24/2016 12:00:00 AM,16:10:23,65.73,61.0,30.44,88.0,19.13,2.25,06:12:00,18:17:00
1489,1474769124,9/24/2016 12:00:00 AM,16:05:24,248.06,61.0,30.44,87.0,9.04,2.25,06:12:00,18:17:00
1490,1474768821,9/24/2016 12:00:00 AM,16:00:21,211.19,61.0,30.44,87.0,348.83,2.25,06:12:00,18:17:00
1491,1474768519,9/24/2016 12:00:00 AM,15:55:19,419.04,61.0,30.44,88.0,1.09,3.37,06:12:00,18:17:00
1492,1474768222,9/24/2016 12:00:00 AM,15:50:22,737.84,61.0,30.44,88.0,357.68,4.5,06:12:00,18:17:00
1493,1474767920,9/24/2016 12:00:00 AM,15:45:20,322.79,61.0,30.44,87.0,39.43,4.5,06:12:00,18:17:00
1494,1474767620,9/24/2016 12:00:00 AM,15:40:20,681.76,61.0,30.44,89.0,14.6,1.12,06:12:00,18:17:00
1495,1474767321,9/24/2016 12:00:00 AM,15:35:21,684.71,60.0,30.44,90.0,2.24,4.5,06:12:00,18:17:00
1496,1474767020,9/24/2016 12:00:00 AM,15:30:20,298.25,60.0,30.44,91.0,20.97,3.37,06:12:00,18:17:00
1497,1474766720,9/24/2016 12:00:00 AM,15:25:20,335.49,60.0,30.44,91.0,15.89,4.5,06:12:00,18:17:00
1498,1474766421,9/24/2016 12:00:00 AM,15:20:21,360.49,60.0,30.44,92.0,29.75,4.5,06:12:00,18:17:00
1499,1474766124,9/24/2016 12:00:00 AM,15:15:24,422.87,59.0,30.44,92.0,0.11,3.37,06:12:00,18:17:00
1500,1474765819,9/24/2016 12:00:00 AM,15:10:19,240.64,59.0,30.44,93.0,17.82,3.37,06:12:00,18:17:00
1501,1474765519,9/24/2016 12:00:00 AM,15:05:19,253.67,59.0,30.44,93.0,35.64,3.37,06:12:00,18:17:00
1502,1474765220,9/24/2016 12:00:00 AM,15:00:20,228.14,59.0,30.44,92.0,24.02,2.25,06:12:00,18:17:00
1503,1474764923,9/24/2016 12:00:00 AM,14:55:23,222.75,59.0,30.44,92.0,33.44,3.37,06:12:00,18:17:00
1504,1474764618,9/24/2016 12:00:00 AM,14:50:18,127.81,59.0,30.44,92.0,348.88,4.5,06:12:00,18:17:00
1505,1474764320,9/24/2016 12:00:00 AM,14:45:20,129.92,59.0,30.44,90.0,9.41,4.5,06:12:00,18:17:00
1506,1474764020,9/24/2016 12:00:00 AM,14:40:20,126.93,59.0,30.44,91.0,353.76,3.37,06:12:00,18:17:00
1507,1474763720,9/24/2016 12:00:00 AM,14:35:20,180.03,59.0,30.44,92.0,28.54,3.37,06:12:00,18:17:00
1508,1474763420,9/24/2016 12:00:00 AM,14:30:20,102.21,59.0,30.44,91.0,3.9,3.37,06:12:00,18:17:00
1509,1474763117,9/24/2016 12:00:00 AM,14:25:17,83.1,59.0,30.44,90.0,15.92,2.25,06:12:00,18:17:00
1510,1474762821,9/24/2016 12:00:00 AM,14:20:21,96.31,59.0,30.44,90.0,15.86,3.37,06:12:00,18:17:00
1511,1474762522,9/24/2016 12:00:00 AM,14:15:22,109.2,59.0,30.44,90.0,6.02,1.12,06:12:00,18:17:00
1512,1474762219,9/24/2016 12:00:00 AM,14:10:19,117.52,59.0,30.45,89.0,358.48,6.75,06:12:00,18:17:00
1513,1474761923,9/24/2016 12:00:00 AM,14:05:23,188.89,59.0,30.44,89.0,359.4,1.12,06:12:00,18:17:00
1514,1474761618,9/24/2016 12:00:00 AM,14:00:18,141.29,59.0,30.45,90.0,336.54,9.0,06:12:00,18:17:00
1515,1474761321,9/24/2016 12:00:00 AM,13:55:21,171.07,60.0,30.45,90.0,350.57,7.87,06:12:00,18:17:00
1516,1474761030,9/24/2016 12:00:00 AM,13:50:30,134.16,60.0,30.45,88.0,336.49,3.37,06:12:00,18:17:00
1517,1474760725,9/24/2016 12:00:00 AM,13:45:25,162.76,60.0,30.45,89.0,332.95,1.12,06:12:00,18:17:00
1518,1474760420,9/24/2016 12:00:00 AM,13:40:20,290.83,59.0,30.45,89.0,333.89,6.75,06:12:00,18:17:00
1519,1474760123,9/24/2016 12:00:00 AM,13:35:23,125.38,59.0,30.45,89.0,350.71,2.25,06:12:00,18:17:00
1520,1474759822,9/24/2016 12:00:00 AM,13:30:22,133.03,59.0,30.45,89.0,336.7,4.5,06:12:00,18:17:00
1521,1474759519,9/24/2016 12:00:00 AM,13:25:19,145.0,60.0,30.46,89.0,11.03,5.62,06:12:00,18:17:00
1522,1474759219,9/24/2016 12:00:00 AM,13:20:19,220.23,60.0,30.46,90.0,1.02,4.5,06:12:00,18:17:00
1523,1474758924,9/24/2016 12:00:00 AM,13:15:24,285.27,60.0,30.46,90.0,0.58,5.62,06:12:00,18:17:00
1524,1474758619,9/24/2016 12:00:00 AM,13:10:19,530.56,60.0,30.46,88.0,19.96,5.62,06:12:00,18:17:00
1525,1474758320,9/24/2016 12:00:00 AM,13:05:20,394.28,60.0,30.46,91.0,359.76,5.62,06:12:00,18:17:00
1526,1474758022,9/24/2016 12:00:00 AM,13:00:22,391.14,60.0,30.46,89.0,27.92,3.37,06:12:00,18:17:00
1527,1474757721,9/24/2016 12:00:00 AM,12:55:21,222.25,60.0,30.46,91.0,359.93,7.87,06:12:00,18:17:00
1528,1474757425,9/24/2016 12:00:00 AM,12:50:25,793.83,60.0,30.46,91.0,2.37,7.87,06:12:00,18:17:00
1529,1474757122,9/24/2016 12:00:00 AM,12:45:22,624.65,60.0,30.46,90.0,0.11,6.75,06:12:00,18:17:00
1530,1474756821,9/24/2016 12:00:00 AM,12:40:21,1254.53,59.0,30.46,89.0,17.67,6.75,06:12:00,18:17:00
1531,1474756527,9/24/2016 12:00:00 AM,12:35:27,299.84,59.0,30.47,89.0,0.86,5.62,06:12:00,18:17:00
1532,1474756220,9/24/2016 12:00:00 AM,12:30:20,275.08,59.0,30.47,89.0,336.31,5.62,06:12:00,18:17:00
1533,1474755922,9/24/2016 12:00:00 AM,12:25:22,147.01,60.0,30.47,88.0,18.26,9.0,06:12:00,18:17:00
1534,1474755618,9/24/2016 12:00:00 AM,12:20:18,112.05,60.0,30.47,89.0,358.25,5.62,06:12:00,18:17:00
1535,1474755320,9/24/2016 12:00:00 AM,12:15:20,128.25,60.0,30.47,89.0,332.06,5.62,06:12:00,18:17:00
1536,1474755021,9/24/2016 12:00:00 AM,12:10:21,144.48,61.0,30.47,88.0,1.74,10.12,06:12:00,18:17:00
1537,1474754725,9/24/2016 12:00:00 AM,12:05:25,128.72,61.0,30.47,84.0,11.26,5.62,06:12:00,18:17:00
1538,1474754420,9/24/2016 12:00:00 AM,12:00:20,82.81,62.0,30.47,84.0,307.15,6.75,06:12:00,18:17:00
1539,1474754122,9/24/2016 12:00:00 AM,11:55:22,160.39,63.0,30.47,83.0,49.25,3.37,06:12:00,18:17:00
1540,1474753823,9/24/2016 12:00:00 AM,11:50:23,132.43,63.0,30.47,83.0,352.31,3.37,06:12:00,18:17:00
1541,1474753522,9/24/2016 12:00:00 AM,11:45:22,377.11,64.0,30.47,79.0,90.25,4.5,06:12:00,18:17:00
1542,1474753224,9/24/2016 12:00:00 AM,11:40:24,654.55,63.0,30.48,78.0,359.83,6.75,06:12:00,18:17:00
1543,1474752928,9/24/2016 12:00:00 AM,11:35:28,496.4,64.0,30.48,80.0,336.44,6.75,06:12:00,18:17:00
1544,1474752626,9/24/2016 12:00:00 AM,11:30:26,1219.12,63.0,30.48,82.0,13.57,7.87,06:12:00,18:17:00
1545,1474752322,9/24/2016 12:00:00 AM,11:25:22,1088.79,63.0,30.48,81.0,320.94,3.37,06:12:00,18:17:00
1546,1474752022,9/24/2016 12:00:00 AM,11:20:22,1093.31,63.0,30.48,83.0,59.87,10.12,06:12:00,18:17:00
1547,1474751720,9/24/2016 12:00:00 AM,11:15:20,735.31,63.0,30.48,85.0,2.2,3.37,06:12:00,18:17:00
1548,1474751424,9/24/2016 12:00:00 AM,11:10:24,1248.63,62.0,30.48,83.0,37.42,4.5,06:12:00,18:17:00
1549,1474751122,9/24/2016 12:00:00 AM,11:05:22,1171.12,62.0,30.48,88.0,345.84,6.75,06:12:00,18:17:00
1550,1474750820,9/24/2016 12:00:00 AM,11:00:20,804.96,62.0,30.49,89.0,3.78,9.0,06:12:00,18:17:00
1551,1474750522,9/24/2016 12:00:00 AM,10:55:22,734.86,62.0,30.49,89.0,8.72,7.87,06:12:00,18:17:00
1552,1474750223,9/24/2016 12:00:00 AM,10:50:23,1149.88,62.0,30.49,87.0,30.39,5.62,06:12:00,18:17:00
1553,1474749922,9/24/2016 12:00:00 AM,10:45:22,1119.04,61.0,30.48,89.0,28.07,6.75,06:12:00,18:17:00
1554,1474749623,9/24/2016 12:00:00 AM,10:40:23,1104.03,61.0,30.48,90.0,0.13,6.75,06:12:00,18:17:00
1555,1474749318,9/24/2016 12:00:00 AM,10:35:18,1007.2,61.0,30.49,91.0,45.26,5.62,06:12:00,18:17:00
1556,1474749023,9/24/2016 12:00:00 AM,10:30:23,365.32,61.0,30.49,91.0,11.57,6.75,06:12:00,18:17:00
1557,1474748725,9/24/2016 12:00:00 AM,10:25:25,855.12,61.0,30.49,91.0,14.04,7.87,06:12:00,18:17:00
1558,1474748425,9/24/2016 12:00:00 AM,10:20:25,285.67,61.0,30.49,91.0,40.88,4.5,06:12:00,18:17:00
1559,1474748120,9/24/2016 12:00:00 AM,10:15:20,912.6,61.0,30.49,88.0,1.43,6.75,06:12:00,18:17:00
1560,1474747819,9/24/2016 12:00:00 AM,10:10:19,956.45,62.0,30.49,90.0,6.47,5.62,06:12:00,18:17:00
1561,1474747522,9/24/2016 12:00:00 AM,10:05:22,867.08,62.0,30.49,87.0,27.69,6.75,06:12:00,18:17:00
1562,1474747219,9/24/2016 12:00:00 AM,10:00:19,845.17,62.0,30.49,85.0,34.38,6.229096658193317,06:12:00,18:17:00
1563,1474746925,9/24/2016 12:00:00 AM,09:55:25,832.89,62.0,30.49,85.0,18.85,5.62,06:12:00,18:17:00
1564,1474746624,9/24/2016 12:00:00 AM,09:50:24,817.94,62.0,30.49,84.0,43.97,4.5,06:12:00,18:17:00
1565,1474746324,9/24/2016 12:00:00 AM,09:45:24,806.66,62.0,30.49,82.0,62.74,2.25,06:12:00,18:17:00
1566,1474746020,9/24/2016 12:00:00 AM,09:40:20,789.56,62.0,30.49,79.0,0.11,6.75,06:12:00,18:17:00
1567,1474745720,9/24/2016 12:00:00 AM,09:35:20,771.11,62.0,30.49,78.0,46.37,4.5,06:12:00,18:17:00
1568,1474745423,9/24/2016 12:00:00 AM,09:30:23,758.48,61.0,30.49,79.0,35.79,1.12,06:12:00,18:17:00
1569,1474745122,9/24/2016 12:00:00 AM,09:25:22,745.24,61.0,30.49,80.0,35.82,2.25,06:12:00,18:17:00
1570,1474744819,9/24/2016 12:00:00 AM,09:20:19,724.58,61.0,30.49,81.0,4.62,2.25,06:12:00,18:17:00
1571,1474744524,9/24/2016 12:00:00 AM,09:15:24,699.44,61.0,30.49,81.0,6.8,2.25,06:12:00,18:17:00
1572,1474744220,9/24/2016 12:00:00 AM,09:10:20,681.58,61.0,30.49,82.0,336.49,2.25,06:12:00,18:17:00
1573,1474743921,9/24/2016 12:00:00 AM,09:05:21,653.4,61.0,30.49,78.0,16.64,3.37,06:12:00,18:17:00
1574,1474743618,9/24/2016 12:00:00 AM,09:00:18,619.35,61.0,30.49,80.0,174.06,2.25,06:12:00,18:17:00
1575,1474743324,9/24/2016 12:00:00 AM,08:55:24,611.55,60.0,30.49,79.0,13.23,2.25,06:12:00,18:17:00
1576,1474743019,9/24/2016 12:00:00 AM,08:50:19,612.65,60.0,30.49,81.0,13.48,2.25,06:12:00,18:17:00
1577,1474742725,9/24/2016 12:00:00 AM,08:45:25,593.14,60.0,30.49,81.0,23.62,0.0,06:12:00,18:17:00
1578,1474742421,9/24/2016 12:00:00 AM,08:40:21,566.04,60.0,30.48,83.0,54.16,3.37,06:12:00,18:17:00
1579,1474742120,9/24/2016 12:00:00 AM,08:35:20,547.06,60.0,30.48,83.0,27.45,1.12,06:12:00,18:17:00
1580,1474741822,9/24/2016 12:00:00 AM,08:30:22,530.87,60.0,30.48,85.0,44.63,2.25,06:12:00,18:17:00
1581,1474741521,9/24/2016 12:00:00 AM,08:25:21,498.45,60.0,30.48,86.0,54.02,0.0,06:12:00,18:17:00
1582,1474741219,9/24/2016 12:00:00 AM,08:20:19,475.13,60.0,30.48,85.0,66.62,0.0,06:12:00,18:17:00
1583,1474740919,9/24/2016 12:00:00 AM,08:15:19,451.15,60.0,30.48,87.0,20.02,1.12,06:12:00,18:17:00
1584,1474740621,9/24/2016 12:00:00 AM,08:10:21,436.02,60.0,30.48,87.0,116.51,2.25,06:12:00,18:17:00
1585,1474740320,9/24/2016 12:00:00 AM,08:05:20,421.08,60.0,30.48,88.0,116.55,1.12,06:12:00,18:17:00
1586,1474740020,9/24/2016 12:00:00 AM,08:00:20,406.51,59.0,30.48,88.0,120.34,1.12,06:12:00,18:17:00
1587,1474739719,9/24/2016 12:00:00 AM,07:55:19,377.59,59.0,30.48,88.0,90.0,0.0,06:12:00,18:17:00
1588,1474739422,9/24/2016 12:00:00 AM,07:50:22,350.74,58.0,30.47,88.0,117.4,3.37,06:12:00,18:17:00
1589,1474739122,9/24/2016 12:00:00 AM,07:45:22,346.35,57.0,30.47,90.0,136.36,3.37,06:12:00,18:17:00
1590,1474738819,9/24/2016 12:00:00 AM,07:40:19,334.44,56.0,30.47,91.0,86.36,1.12,06:12:00,18:17:00
1591,1474738524,9/24/2016 12:00:00 AM,07:35:24,312.36,55.0,30.47,94.0,86.49,2.25,06:12:00,18:17:00
1592,1474738225,9/24/2016 12:00:00 AM,07:30:25,290.54,53.0,30.47,96.0,176.39,1.12,06:12:00,18:17:00
1593,1474737922,9/24/2016 12:00:00 AM,07:25:22,266.95,52.0,30.47,96.0,176.38,1.12,06:12:00,18:17:00
1594,1474737621,9/24/2016 12:00:00 AM,07:20:21,240.91,51.0,30.46,95.0,176.38,3.37,06:12:00,18:17:00
1595,1474737318,9/24/2016 12:00:00 AM,07:15:18,214.19,51.0,30.46,96.0,176.37,4.5,06:12:00,18:17:00
1596,1474737019,9/24/2016 12:00:00 AM,07:10:19,185.15,50.0,30.46,97.0,176.33,3.37,06:12:00,18:17:00
1597,1474736722,9/24/2016 12:00:00 AM,07:05:22,54.22,50.0,30.46,96.0,174.36,3.37,06:12:00,18:17:00
1598,1474736425,9/24/2016 12:00:00 AM,07:00:25,29.84,49.0,30.46,96.0,174.34,3.37,06:12:00,18:17:00
1599,1474736123,9/24/2016 12:00:00 AM,06:55:23,28.06,49.0,30.46,95.0,174.3,2.25,06:12:00,18:17:00
1600,1474735822,9/24/2016 12:00:00 AM,06:50:22,26.52,49.0,30.46,94.0,174.31,4.5,06:12:00,18:17:00
1601,1474735518,9/24/2016 12:00:00 AM,06:45:18,24.35,49.0,30.45,94.0,173.4,3.37,06:12:00,18:17:00
1602,1474735219,9/24/2016 12:00:00 AM,06:40:19,22.19,49.0,30.45,93.0,171.42,4.5,06:12:00,18:17:00
1603,1474734920,9/24/2016 12:00:00 AM,06:35:20,20.04,49.0,30.45,93.0,176.43,3.37,06:12:00,18:17:00
1604,1474734619,9/24/2016 12:00:00 AM,06:30:19,17.38,49.0,30.45,93.0,176.83,5.62,06:12:00,18:17:00
1605,1474734320,9/24/2016 12:00:00 AM,06:25:20,14.36,49.0,30.45,93.0,174.47,5.62,06:12:00,18:17:00
1606,1474734020,9/24/2016 12:00:00 AM,06:20:20,11.69,49.0,30.45,93.0,176.07,6.75,06:12:00,18:17:00
1607,1474733723,9/24/2016 12:00:00 AM,06:15:23,8.25,49.0,30.45,93.0,178.45,6.75,06:12:00,18:17:00
1608,1474733423,9/24/2016 12:00:00 AM,06:10:23,5.67,49.0,30.45,94.0,179.74,7.87,06:12:00,18:17:00
1609,1474733118,9/24/2016 12:00:00 AM,06:05:18,3.18,49.0,30.45,94.0,178.3,7.87,06:12:00,18:17:00
1610,1474732824,9/24/2016 12:00:00 AM,06:00:24,1.72,49.0,30.44,94.0,178.82,6.75,06:12:00,18:17:00
1611,1474732518,9/24/2016 12:00:00 AM,05:55:18,1.24,49.0,30.44,95.0,177.88,5.62,06:12:00,18:17:00
1612,1474732221,9/24/2016 12:00:00 AM,05:50:21,1.23,48.0,30.44,95.0,176.88,6.75,06:12:00,18:17:00
1613,1474731926,9/24/2016 12:00:00 AM,05:45:26,1.19,48.0,30.44,95.0,177.39,7.87,06:12:00,18:17:00
1614,1474731619,9/24/2016 12:00:00 AM,05:40:19,1.2,48.0,30.44,95.0,177.78,5.62,06:12:00,18:17:00
1615,1474731325,9/24/2016 12:00:00 AM,05:35:25,1.18,48.0,30.44,95.0,178.79,5.62,06:12:00,18:17:00
1616,1474731019,9/24/2016 12:00:00 AM,05:30:19,1.21,48.0,30.44,95.0,187.01,4.5,06:12:00,18:17:00
1617,1474730722,9/24/2016 12:00:00 AM,05:25:22,1.2,48.0,30.44,95.0,186.2,2.25,06:12:00,18:17:00
1618,1474730420,9/24/2016 12:00:00 AM,05:20:20,1.25,48.0,30.44,95.0,186.39,2.25,06:12:00,18:17:00
1619,1474730123,9/24/2016 12:00:00 AM,05:15:23,1.24,48.0,30.44,95.0,184.48,5.62,06:12:00,18:17:00
1620,1474729822,9/24/2016 12:00:00 AM,05:10:22,1.23,49.0,30.44,95.0,184.43,2.25,06:12:00,18:17:00
1621,1474729522,9/24/2016 12:00:00 AM,05:05:22,1.24,49.0,30.44,95.0,184.43,3.37,06:12:00,18:17:00
1622,1474729224,9/24/2016 12:00:00 AM,05:00:24,1.24,49.0,30.44,95.0,184.42,4.5,06:12:00,18:17:00
1623,1474728934,9/24/2016 12:00:00 AM,04:55:34,1.22,49.0,30.44,95.0,182.53,4.5,06:12:00,18:17:00
1624,1474728618,9/24/2016 12:00:00 AM,04:50:18,1.22,49.0,30.44,96.0,183.33,5.62,06:12:00,18:17:00
1625,1474728321,9/24/2016 12:00:00 AM,04:45:21,1.24,49.0,30.44,96.0,182.85,6.75,06:12:00,18:17:00
1626,1474728021,9/24/2016 12:00:00 AM,04:40:21,1.22,49.0,30.44,96.0,176.22,6.75,06:12:00,18:17:00
1627,1474727723,9/24/2016 12:00:00 AM,04:35:23,1.22,49.0,30.44,97.0,170.88,4.5,06:12:00,18:17:00
1628,1474727423,9/24/2016 12:00:00 AM,04:30:23,1.23,49.0,30.44,96.0,169.21,4.5,06:12:00,18:17:00
1629,1474727119,9/24/2016 12:00:00 AM,04:25:19,1.25,49.0,30.44,96.0,167.31,4.5,06:12:00,18:17:00
1630,1474726821,9/24/2016 12:00:00 AM,04:20:21,1.24,49.0,30.44,96.0,169.13,5.62,06:12:00,18:17:00
1631,1474726521,9/24/2016 12:00:00 AM,04:15:21,1.22,49.0,30.44,96.0,168.32,4.5,06:12:00,18:17:00
1632,1474726220,9/24/2016 12:00:00 AM,04:10:20,1.24,49.0,30.44,96.0,166.61,4.5,06:12:00,18:17:00
1633,1474725920,9/24/2016 12:00:00 AM,04:05:20,1.25,49.0,30.44,96.0,166.58,3.37,06:12:00,18:17:00
1634,1474725624,9/24/2016 12:00:00 AM,04:00:24,1.24,51.16507236474315,30.44,96.0,166.58,2.25,06:12:00,18:17:00
1635,1474725320,9/24/2016 12:00:00 AM,03:55:20,1.23,49.0,30.44,96.0,166.57,2.25,06:12:00,18:17:00
1636,1474725023,9/24/2016 12:00:00 AM,03:50:23,1.26,50.0,30.44,96.0,166.57,2.25,06:12:00,18:17:00
1637,1474724735,9/24/2016 12:00:00 AM,03:45:35,1.24,50.0,30.44,98.0,166.57,2.25,06:12:00,18:17:00
1638,1474724419,9/24/2016 12:00:00 AM,03:40:19,1.22,50.0,30.44,97.0,166.57,0.0,06:12:00,18:17:00
1639,1474724118,9/24/2016 12:00:00 AM,03:35:18,1.26,50.0,30.44,96.0,166.56,2.25,06:12:00,18:17:00
1640,1474723820,9/24/2016 12:00:00 AM,03:30:20,1.23,50.0,30.44,96.0,180.77,3.37,06:12:00,18:17:00
1641,1474723522,9/24/2016 12:00:00 AM,03:25:22,1.24,50.0,30.44,96.0,177.78,3.37,06:12:00,18:17:00
1642,1474723222,9/24/2016 12:00:00 AM,03:20:22,1.27,50.0,30.44,97.0,176.13,4.5,06:12:00,18:17:00
1643,1474722922,9/24/2016 12:00:00 AM,03:15:22,1.24,50.0,30.44,97.0,192.5,5.62,06:12:00,18:17:00
1644,1474722620,9/24/2016 12:00:00 AM,03:10:20,1.24,50.0,30.44,98.0,189.77,6.75,06:12:00,18:17:00
1645,1474722320,9/24/2016 12:00:00 AM,03:05:20,1.25,50.0,30.44,98.0,190.26,6.75,06:12:00,18:17:00
1646,1474722021,9/24/2016 12:00:00 AM,03:00:21,1.21,50.0,30.44,98.0,186.98,6.75,06:12:00,18:17:00
1647,1474721727,9/24/2016 12:00:00 AM,02:55:27,1.21,50.0,30.45,99.0,185.47,3.37,06:12:00,18:17:00
1648,1474721423,9/24/2016 12:00:00 AM,02:50:23,1.22,50.0,30.44,98.0,185.47,4.5,06:12:00,18:17:00
1649,1474721125,9/24/2016 12:00:00 AM,02:45:25,1.29,50.0,30.45,98.0,183.69,3.37,06:12:00,18:17:00
1650,1474720838,9/24/2016 12:00:00 AM,02:40:38,1.22,50.0,30.45,98.0,183.69,2.25,06:12:00,18:17:00
1651,1474720520,9/24/2016 12:00:00 AM,02:35:20,1.23,50.0,30.45,98.0,180.64,3.37,06:12:00,18:17:00
1652,1474720220,9/24/2016 12:00:00 AM,02:30:20,1.23,50.0,30.45,98.0,179.17,3.37,06:12:00,18:17:00
1653,1474719918,9/24/2016 12:00:00 AM,02:25:18,1.23,50.0,30.45,98.0,179.17,3.37,06:12:00,18:17:00
1654,1474719621,9/24/2016 12:00:00 AM,02:20:21,1.25,50.0,30.45,98.0,179.17,2.25,06:12:00,18:17:00
1655,1474719318,9/24/2016 12:00:00 AM,02:15:18,1.23,51.0,30.45,98.0,179.17,3.37,06:12:00,18:17:00
1656,1474719021,9/24/2016 12:00:00 AM,02:10:21,1.25,51.0,30.45,98.0,179.17,2.25,06:12:00,18:17:00
1657,1474718723,9/24/2016 12:00:00 AM,02:05:23,1.23,51.0,30.45,98.0,179.17,2.25,06:12:00,18:17:00
1658,1474718419,9/24/2016 12:00:00 AM,02:00:19,1.23,51.0,30.45,98.0,179.17,3.37,06:12:00,18:17:00
1659,1474718119,9/24/2016 12:00:00 AM,01:55:19,1.22,51.0,30.46,98.0,179.18,3.37,06:12:00,18:17:00
1660,1474717820,9/24/2016 12:00:00 AM,01:50:20,1.25,51.0,30.46,98.0,179.17,3.37,06:12:00,18:17:00
1661,1474717520,9/24/2016 12:00:00 AM,01:45:20,1.23,51.0,30.46,98.0,179.32,3.37,06:12:00,18:17:00
1662,1474717224,9/24/2016 12:00:00 AM,01:40:24,1.23,51.0,30.46,98.0,184.58,2.25,06:12:00,18:17:00
1663,1474716918,9/24/2016 12:00:00 AM,01:35:18,1.29,51.0,30.46,98.0,184.64,3.37,06:12:00,18:17:00
1664,1474716626,9/24/2016 12:00:00 AM,01:30:26,1.26,51.0,30.46,98.0,186.28,4.5,06:12:00,18:17:00
1665,1474716322,9/24/2016 12:00:00 AM,01:25:22,1.26,51.0,30.47,98.0,185.87,5.62,06:12:00,18:17:00
1666,1474716024,9/24/2016 12:00:00 AM,01:20:24,1.22,51.0,30.47,98.0,185.87,4.5,06:12:00,18:17:00
1667,1474715719,9/24/2016 12:00:00 AM,01:15:19,1.21,51.0,30.47,98.0,185.86,4.5,06:12:00,18:17:00
1668,1474715426,9/24/2016 12:00:00 AM,01:10:26,1.23,51.0,30.47,98.0,185.78,4.5,06:12:00,18:17:00
1669,1474714826,9/24/2016 12:00:00 AM,01:00:26,1.24,52.0,30.47,97.0,184.74,4.5,06:12:00,18:17:00
1670,1474714221,9/24/2016 12:00:00 AM,00:50:21,1.23,52.0,30.48,97.0,184.54,3.37,06:12:00,18:17:00
1671,1474713921,9/24/2016 12:00:00 AM,00:45:21,1.26,52.0,30.48,97.0,143.54770303349548,2.25,06:12:00,18:17:00
1672,1474713618,9/24/2016 12:00:00 AM,00:40:18,1.25,53.0,30.48,97.0,184.54,2.25,06:12:00,18:17:00
1673,1474713319,9/24/2016 12:00:00 AM,00:35:19,1.24,53.0,30.48,97.0,184.54,2.25,06:12:00,18:17:00
1674,1474713020,9/24/2016 12:00:00 AM,00:30:20,1.23,53.0,30.48,97.0,184.54,2.25,06:12:00,18:17:00
1675,1474712722,9/24/2016 12:00:00 AM,00:25:22,1.22,54.0,30.48,96.0,185.41,2.25,06:12:00,18:17:00
1676,1474712421,9/24/2016 12:00:00 AM,00:20:21,1.22,54.0,30.48,97.0,186.1,2.25,06:12:00,18:17:00
1677,1474711821,9/24/2016 12:00:00 AM,00:10:21,1.26,54.0,30.48,97.0,186.14,0.0,06:12:00,18:17:00
1678,1474711520,9/24/2016 12:00:00 AM,00:05:20,1.24,54.0,30.48,98.0,186.14,0.0,06:12:00,18:17:00
1679,1474711222,9/24/2016 12:00:00 AM,00:00:22,1.25,54.0,30.48,98.0,186.14,0.0,06:12:00,18:17:00
1680,1474710919,9/23/2016 12:00:00 AM,23:55:19,1.23,54.0,30.48,98.0,186.14,0.0,06:12:00,18:18:00
1681,1474710618,9/23/2016 12:00:00 AM,23:50:18,1.26,53.0,30.48,98.0,186.14,1.12,06:12:00,18:18:00
1682,1474710323,9/23/2016 12:00:00 AM,23:45:23,1.25,53.0,30.48,98.0,119.22,2.25,06:12:00,18:18:00
1683,1474710019,9/23/2016 12:00:00 AM,23:40:19,1.25,53.0,30.48,99.0,117.45,0.0,06:12:00,18:18:00
1684,1474709723,9/23/2016 12:00:00 AM,23:35:23,1.23,53.0,30.48,99.0,115.46,0.0,06:12:00,18:18:00
1685,1474709420,9/23/2016 12:00:00 AM,23:30:20,1.22,53.0,30.48,98.0,157.27,4.5,06:12:00,18:18:00
1686,1474709118,9/23/2016 12:00:00 AM,23:25:18,1.27,53.0,30.48,98.0,189.16,3.37,06:12:00,18:18:00
1687,1474708821,9/23/2016 12:00:00 AM,23:20:21,1.23,53.0,30.48,98.0,249.87,2.25,06:12:00,18:18:00
1688,1474708522,9/23/2016 12:00:00 AM,23:15:22,1.24,54.0,30.48,98.0,249.89,2.25,06:12:00,18:18:00
1689,1474708221,9/23/2016 12:00:00 AM,23:10:21,1.25,53.0,30.49,98.0,221.24,3.37,06:12:00,18:18:00
1690,1474707923,9/23/2016 12:00:00 AM,23:05:23,1.24,53.0,30.49,98.0,216.54,5.62,06:12:00,18:18:00
1691,1474707621,9/23/2016 12:00:00 AM,23:00:21,1.26,53.0,30.49,99.0,144.34,3.37,06:12:00,18:18:00
1692,1474707327,9/23/2016 12:00:00 AM,22:55:27,1.25,53.0,30.49,99.0,166.37,5.62,06:12:00,18:18:00
1693,1474707020,9/23/2016 12:00:00 AM,22:50:20,1.21,53.0,30.49,99.0,166.72,1.12,06:12:00,18:18:00
1694,1474706720,9/23/2016 12:00:00 AM,22:45:20,1.23,53.0,30.49,100.0,168.01,3.37,06:12:00,18:18:00
1695,1474706423,9/23/2016 12:00:00 AM,22:40:23,1.26,53.0,30.49,100.0,163.68,3.37,06:12:00,18:18:00
1696,1474706123,9/23/2016 12:00:00 AM,22:35:23,1.23,53.0,30.49,100.0,130.08,1.12,06:12:00,18:18:00
1697,1474705820,9/23/2016 12:00:00 AM,22:30:20,1.25,53.0,30.49,100.0,152.83,3.37,06:12:00,18:18:00
1698,1474705523,9/23/2016 12:00:00 AM,22:25:23,1.26,53.0,30.49,100.0,65.59,2.25,06:12:00,18:18:00
1699,1474705224,9/23/2016 12:00:00 AM,22:20:24,1.26,53.0,30.49,101.0,122.91,1.12,06:12:00,18:18:00
1700,1474704922,9/23/2016 12:00:00 AM,22:15:22,1.26,53.0,30.49,101.0,124.99,1.12,06:12:00,18:18:00
1701,1474704620,9/23/2016 12:00:00 AM,22:10:20,1.26,53.0,30.49,101.0,111.26,1.12,06:12:00,18:18:00
1702,1474704321,9/23/2016 12:00:00 AM,22:05:21,1.22,54.0,30.49,101.0,95.18,0.0,06:12:00,18:18:00
1703,1474704023,9/23/2016 12:00:00 AM,22:00:23,1.24,54.0,30.49,101.0,144.83,2.25,06:12:00,18:18:00
1704,1474703721,9/23/2016 12:00:00 AM,21:55:21,1.24,54.0,30.49,101.0,146.96,2.25,06:12:00,18:18:00
1705,1474703422,9/23/2016 12:00:00 AM,21:50:22,1.25,54.0,30.49,101.0,146.96,1.12,06:12:00,18:18:00
1706,1474703119,9/23/2016 12:00:00 AM,21:45:19,1.27,54.0,30.49,101.0,146.96,3.37,06:12:00,18:18:00
1707,1474702819,9/23/2016 12:00:00 AM,21:40:19,1.25,54.0,30.49,101.0,146.96,4.5,06:12:00,18:18:00
1708,1474702525,9/23/2016 12:00:00 AM,21:35:25,1.25,53.0,30.49,101.0,145.53,2.25,06:12:00,18:18:00
1709,1474702223,9/23/2016 12:00:00 AM,21:30:23,1.25,54.0,30.49,101.0,147.51,3.37,06:12:00,18:18:00
1710,1474701922,9/23/2016 12:00:00 AM,21:25:22,1.24,54.0,30.49,101.0,151.51,3.37,06:12:00,18:18:00
1711,1474701622,9/23/2016 12:00:00 AM,21:20:22,1.22,54.0,30.49,101.0,132.88,3.37,06:12:00,18:18:00
1712,1474701320,9/23/2016 12:00:00 AM,21:15:20,1.22,54.0,30.49,101.0,129.13,1.12,06:12:00,18:18:00
1713,1474701021,9/23/2016 12:00:00 AM,21:10:21,1.26,54.0,30.49,101.0,129.12,0.0,06:12:00,18:18:00
1714,1474700720,9/23/2016 12:00:00 AM,21:05:20,1.25,54.0,30.49,101.0,129.12,0.0,06:12:00,18:18:00
1715,1474700421,9/23/2016 12:00:00 AM,21:00:21,1.25,54.0,30.49,101.0,129.12,1.12,06:12:00,18:18:00
1716,1474700118,9/23/2016 12:00:00 AM,20:55:18,1.24,54.0,30.49,101.0,129.16,2.25,06:12:00,18:18:00
1717,1474699824,9/23/2016 12:00:00 AM,20:50:24,1.24,54.0,30.49,101.0,128.02,1.12,06:12:00,18:18:00
1718,1474699523,9/23/2016 12:00:00 AM,20:45:23,1.26,54.0,30.48,101.0,134.3,0.0,06:12:00,18:18:00
1719,1474699222,9/23/2016 12:00:00 AM,20:40:22,1.25,54.0,30.48,101.0,134.3,2.25,06:12:00,18:18:00
1720,1474698920,9/23/2016 12:00:00 AM,20:35:20,1.25,54.0,30.423028000868246,101.0,134.31,2.25,06:12:00,18:18:00
1721,1474698621,9/23/2016 12:00:00 AM,20:30:21,1.25,54.0,30.48,101.0,132.89,1.12,06:12:00,18:18:00
1722,1474698319,9/23/2016 12:00:00 AM,20:25:19,1.26,54.0,30.48,101.0,135.18,2.25,06:12:00,18:18:00
1723,1474698021,9/23/2016 12:00:00 AM,20:20:21,1.24,54.0,30.48,101.0,155.62,2.25,06:12:00,18:18:00
1724,1474697725,9/23/2016 12:00:00 AM,20:15:25,1.26,54.0,30.48,101.0,139.63,4.5,06:12:00,18:18:00
1725,1474697420,9/23/2016 12:00:00 AM,20:10:20,1.24,54.0,30.48,101.0,151.08,2.25,06:12:00,18:18:00
1726,1474697119,9/23/2016 12:00:00 AM,20:05:19,1.22,54.0,30.48,101.0,95.08,1.12,06:12:00,18:18:00
1727,1474696819,9/23/2016 12:00:00 AM,20:00:19,1.24,54.0,30.48,101.0,128.48,2.25,06:12:00,18:18:00
1728,1474696522,9/23/2016 12:00:00 AM,19:55:22,1.26,54.0,30.47,101.0,114.84,3.37,06:12:00,18:18:00
1729,1474696223,9/23/2016 12:00:00 AM,19:50:23,1.27,54.0,30.47,101.0,75.88,2.25,06:12:00,18:18:00
1730,1474695918,9/23/2016 12:00:00 AM,19:45:18,1.27,54.0,30.47,101.0,77.77,1.12,06:12:00,18:18:00
1731,1474695624,9/23/2016 12:00:00 AM,19:40:24,1.26,54.0,30.47,101.0,90.61,3.37,06:12:00,18:18:00
1732,1474695323,9/23/2016 12:00:00 AM,19:35:23,1.24,54.0,30.47,101.0,81.62,3.37,06:12:00,18:18:00
1733,1474695021,9/23/2016 12:00:00 AM,19:30:21,1.27,54.0,30.47,101.0,69.29,5.62,06:12:00,18:18:00
1734,1474694723,9/23/2016 12:00:00 AM,19:25:23,1.27,54.0,30.47,101.0,68.36,2.25,06:12:00,18:18:00
1735,1474694422,9/23/2016 12:00:00 AM,19:20:22,1.25,54.0,30.46,101.0,68.53,4.5,06:12:00,18:18:00
1736,1474694124,9/23/2016 12:00:00 AM,19:15:24,1.25,54.0,30.46,101.0,51.65,3.37,06:12:00,18:18:00
1737,1474693819,9/23/2016 12:00:00 AM,19:10:19,1.25,54.0,30.46,101.0,90.97,2.25,06:12:00,18:18:00
1738,1474693521,9/23/2016 12:00:00 AM,19:05:21,1.26,55.0,30.46,101.0,95.63,2.25,06:12:00,18:18:00
1739,1474693222,9/23/2016 12:00:00 AM,19:00:22,1.24,55.0,30.46,101.0,68.93,4.5,06:12:00,18:18:00
1740,1474692923,9/23/2016 12:00:00 AM,18:55:23,1.23,55.0,30.423028000868246,101.0,99.54,3.37,06:12:00,18:18:00
1741,1474692621,9/23/2016 12:00:00 AM,18:50:21,1.23,55.0,30.45,101.0,100.2,3.37,06:12:00,18:18:00
1742,1474692319,9/23/2016 12:00:00 AM,18:45:19,1.24,55.0,30.45,101.0,63.16,2.25,06:12:00,18:18:00
1743,1474692024,9/23/2016 12:00:00 AM,18:40:24,1.24,55.0,30.45,101.0,47.56,2.25,06:12:00,18:18:00
1744,1474691724,9/23/2016 12:00:00 AM,18:35:24,1.24,55.0,30.45,100.0,89.07,2.25,06:12:00,18:18:00
1745,1474691422,9/23/2016 12:00:00 AM,18:30:22,1.26,55.0,30.45,100.0,90.43,3.37,06:12:00,18:18:00
1746,1474691119,9/23/2016 12:00:00 AM,18:25:19,1.26,55.0,30.45,100.0,53.96,4.5,06:12:00,18:18:00
1747,1474690822,9/23/2016 12:00:00 AM,18:20:22,1.26,55.0,30.45,100.0,57.09,2.25,06:12:00,18:18:00
1748,1474690521,9/23/2016 12:00:00 AM,18:15:21,1.25,55.0,30.45,100.0,90.83,4.5,06:12:00,18:18:00
1749,1474690223,9/23/2016 12:00:00 AM,18:10:23,1.65,55.0,30.45,100.0,128.4,1.12,06:12:00,18:18:00
1750,1474689921,9/23/2016 12:00:00 AM,18:05:21,2.19,55.0,30.45,100.0,75.23,3.37,06:12:00,18:18:00
1751,1474689624,9/23/2016 12:00:00 AM,18:00:24,4.05,55.0,30.45,100.0,49.64,2.25,06:12:00,18:18:00
1752,1474689322,9/23/2016 12:00:00 AM,17:55:22,6.22,55.0,30.44,100.0,8.34,2.25,06:12:00,18:18:00
1753,1474689038,9/23/2016 12:00:00 AM,17:50:38,8.11,55.0,30.44,101.0,42.63,3.37,06:12:00,18:18:00
1754,1474688719,9/23/2016 12:00:00 AM,17:45:19,8.93,55.0,30.44,101.0,64.78,1.12,06:12:00,18:18:00
1755,1474688420,9/23/2016 12:00:00 AM,17:40:20,10.67,54.0,30.44,100.0,94.37,4.5,06:12:00,18:18:00
1756,1474688120,9/23/2016 12:00:00 AM,17:35:20,12.58,54.0,30.44,100.0,65.0,3.37,06:12:00,18:18:00
1757,1474687822,9/23/2016 12:00:00 AM,17:30:22,14.86,55.0,30.44,100.0,68.48,2.25,06:12:00,18:18:00
1758,1474687519,9/23/2016 12:00:00 AM,17:25:19,14.98,55.0,30.44,100.0,18.72,1.12,06:12:00,18:18:00
1759,1474687220,9/23/2016 12:00:00 AM,17:20:20,12.42,55.0,30.43,100.0,49.85,7.87,06:12:00,18:18:00
1760,1474686920,9/23/2016 12:00:00 AM,17:15:20,10.74,55.0,30.43,100.0,30.63,3.37,06:12:00,18:18:00
1761,1474686618,9/23/2016 12:00:00 AM,17:10:18,12.92,55.0,30.43,100.0,65.8,2.25,06:12:00,18:18:00
1762,1474686318,9/23/2016 12:00:00 AM,17:05:18,17.69,56.0,30.43,100.0,70.28,3.37,06:12:00,18:18:00
1763,1474686018,9/23/2016 12:00:00 AM,17:00:18,20.85,55.0,30.43,100.0,41.2,6.75,06:12:00,18:18:00
1764,1474685721,9/23/2016 12:00:00 AM,16:55:21,25.68,55.0,30.43,100.0,108.63,3.37,06:12:00,18:18:00
1765,1474685421,9/23/2016 12:00:00 AM,16:50:21,27.97,55.0,30.43,100.0,91.66,6.75,06:12:00,18:18:00
1766,1474685119,9/23/2016 12:00:00 AM,16:45:19,26.9,55.0,30.43,100.0,75.14,3.37,06:12:00,18:18:00
1767,1474684824,9/23/2016 12:00:00 AM,16:40:24,35.56,56.0,30.43,100.0,45.74,3.37,06:12:00,18:18:00
1768,1474684520,9/23/2016 12:00:00 AM,16:35:20,39.23,56.0,30.42,100.0,74.06,7.87,06:12:00,18:18:00
1769,1474684219,9/23/2016 12:00:00 AM,16:30:19,49.38,56.0,30.42,100.0,300.65,5.62,06:12:00,18:18:00
1770,1474683919,9/23/2016 12:00:00 AM,16:25:19,49.44,56.0,30.42,100.0,92.08,11.25,06:12:00,18:18:00
1771,1474683622,9/23/2016 12:00:00 AM,16:20:22,34.76,56.0,30.42,99.0,64.91,4.5,06:12:00,18:18:00
1772,1474683323,9/23/2016 12:00:00 AM,16:15:23,30.28,56.0,30.42,99.0,54.16,3.37,06:12:00,18:18:00
1773,1474683022,9/23/2016 12:00:00 AM,16:10:22,29.99,56.0,30.42,99.0,32.23,9.0,06:12:00,18:18:00
1774,1474682723,9/23/2016 12:00:00 AM,16:05:23,24.98,56.0,30.42,99.0,70.67,4.5,06:12:00,18:18:00
1775,1474682419,9/23/2016 12:00:00 AM,16:00:19,26.77,57.0,30.42,99.0,65.43,12.37,06:12:00,18:18:00
1776,1474682123,9/23/2016 12:00:00 AM,15:55:23,47.92,57.0,30.41,98.0,359.83,7.87,06:12:00,18:18:00
1777,1474681820,9/23/2016 12:00:00 AM,15:50:20,80.96,57.0,30.42,98.0,42.35,2.25,06:12:00,18:18:00
1778,1474681522,9/23/2016 12:00:00 AM,15:45:22,63.46,57.0,30.41,97.0,33.66,7.87,06:12:00,18:18:00
1779,1474681221,9/23/2016 12:00:00 AM,15:40:21,111.52,57.0,30.41,97.0,84.6,3.37,06:12:00,18:18:00
1780,1474680919,9/23/2016 12:00:00 AM,15:35:19,97.48,58.0,30.41,96.0,43.84,5.62,06:12:00,18:18:00
1781,1474680623,9/23/2016 12:00:00 AM,15:30:23,94.71,58.0,30.41,94.0,43.32,13.5,06:12:00,18:18:00
1782,1474680323,9/23/2016 12:00:00 AM,15:25:23,152.77,58.0,30.41,93.0,66.02,3.37,06:12:00,18:18:00
1783,1474680022,9/23/2016 12:00:00 AM,15:20:22,142.64,59.0,30.41,92.0,100.37,5.62,06:12:00,18:18:00
1784,1474679720,9/23/2016 12:00:00 AM,15:15:20,124.54,59.0,30.41,91.0,25.39,10.12,06:12:00,18:18:00
1785,1474679418,9/23/2016 12:00:00 AM,15:10:18,84.63,60.0,30.41,83.0,31.72,4.5,06:12:00,18:18:00
1786,1474679120,9/23/2016 12:00:00 AM,15:05:20,86.85,61.0,30.41,80.0,123.12,5.62,06:12:00,18:18:00
1787,1474678824,9/23/2016 12:00:00 AM,15:00:24,94.63,61.0,30.41,80.0,94.26,2.25,06:12:00,18:18:00
1788,1474678518,9/23/2016 12:00:00 AM,14:55:18,79.52,61.0,30.41,79.0,61.73,4.5,06:12:00,18:18:00
1789,1474678219,9/23/2016 12:00:00 AM,14:50:19,153.51,62.0,30.41,81.0,125.94,6.75,06:12:00,18:18:00
1790,1474677920,9/23/2016 12:00:00 AM,14:45:20,236.1,61.0,30.41,82.0,183.44,2.25,06:12:00,18:18:00
1791,1474677621,9/23/2016 12:00:00 AM,14:40:21,432.56,61.0,30.41,80.0,348.0,4.5,06:12:00,18:18:00
1792,1474677319,9/23/2016 12:00:00 AM,14:35:19,246.84,60.0,30.42,81.0,106.18,2.25,06:12:00,18:18:00
1793,1474677023,9/23/2016 12:00:00 AM,14:30:23,225.69,60.0,30.42,83.0,138.58,5.62,06:12:00,18:18:00
1794,1474676721,9/23/2016 12:00:00 AM,14:25:21,158.58,60.0,30.42,81.0,122.44,7.87,06:12:00,18:18:00
1795,1474676421,9/23/2016 12:00:00 AM,14:20:21,118.23,60.0,30.42,81.0,167.42,3.37,06:12:00,18:18:00
1796,1474676122,9/23/2016 12:00:00 AM,14:15:22,113.1,60.0,30.42,83.0,140.55,4.5,06:12:00,18:18:00
1797,1474675821,9/23/2016 12:00:00 AM,14:10:21,117.45,60.0,30.42,82.0,131.23,5.62,06:12:00,18:18:00
1798,1474675521,9/23/2016 12:00:00 AM,14:05:21,146.35,60.0,30.42,82.0,127.75,6.75,06:12:00,18:18:00
1799,1474675226,9/23/2016 12:00:00 AM,14:00:26,196.76,60.0,30.42,81.0,138.26,7.87,06:12:00,18:18:00
1800,1474674920,9/23/2016 12:00:00 AM,13:55:20,222.41,60.0,30.43,84.0,100.04,6.75,06:12:00,18:18:00
1801,1474674621,9/23/2016 12:00:00 AM,13:50:21,196.92,60.0,30.43,83.0,79.8,5.62,06:12:00,18:18:00
1802,1474674325,9/23/2016 12:00:00 AM,13:45:25,234.07,60.0,30.43,84.0,90.99,6.75,06:12:00,18:18:00
1803,1474674022,9/23/2016 12:00:00 AM,13:40:22,780.8,59.0,30.43,85.0,181.99,4.5,06:12:00,18:18:00
1804,1474673719,9/23/2016 12:00:00 AM,13:35:19,185.57,59.0,30.43,83.0,141.74,11.25,06:12:00,18:18:00
1805,1474673423,9/23/2016 12:00:00 AM,13:30:23,212.64,60.0,30.43,84.0,63.75,4.5,06:12:00,18:18:00
1806,1474673121,9/23/2016 12:00:00 AM,13:25:21,201.73,60.0,30.43,83.0,138.76,10.12,06:12:00,18:18:00
1807,1474672825,9/23/2016 12:00:00 AM,13:20:25,188.92,60.0,30.43,82.0,111.5,9.0,06:12:00,18:18:00
1808,1474672520,9/23/2016 12:00:00 AM,13:15:20,134.27,60.0,30.44,82.0,102.37,9.0,06:12:00,18:18:00
1809,1474672220,9/23/2016 12:00:00 AM,13:10:20,153.38,61.0,30.44,82.0,109.84,5.62,06:12:00,18:18:00
1810,1474671921,9/23/2016 12:00:00 AM,13:05:21,213.3,61.0,30.44,82.0,63.37,9.0,06:12:00,18:18:00
1811,1474671623,9/23/2016 12:00:00 AM,13:00:23,229.99,62.0,30.44,82.0,67.49,3.37,06:12:00,18:18:00
1812,1474671320,9/23/2016 12:00:00 AM,12:55:20,307.8,61.0,30.44,82.0,130.32,7.87,06:12:00,18:18:00
1813,1474671019,9/23/2016 12:00:00 AM,12:50:19,393.29,61.0,30.44,83.0,29.23,5.62,06:12:00,18:18:00
1814,1474670718,9/23/2016 12:00:00 AM,12:45:18,412.59,60.0,30.44,86.0,95.87,6.75,06:12:00,18:18:00
1815,1474670421,9/23/2016 12:00:00 AM,12:40:21,423.09,60.0,30.44,85.0,6.28,3.37,06:12:00,18:18:00
1816,1474670118,9/23/2016 12:00:00 AM,12:35:18,298.33,60.0,30.45,85.0,110.22,7.87,06:12:00,18:18:00
1817,1474669824,9/23/2016 12:00:00 AM,12:30:24,259.37,60.0,30.45,85.0,73.39,6.75,06:12:00,18:18:00
1818,1474669523,9/23/2016 12:00:00 AM,12:25:23,222.39,60.0,30.45,85.0,119.22,7.87,06:12:00,18:18:00
1819,1474669220,9/23/2016 12:00:00 AM,12:20:20,181.93,61.0,30.45,85.0,121.03,12.37,06:12:00,18:18:00
1820,1474668922,9/23/2016 12:00:00 AM,12:15:22,179.84,61.0,30.45,85.0,111.97,6.75,06:12:00,18:18:00
1821,1474668620,9/23/2016 12:00:00 AM,12:10:20,248.27,62.0,30.45,82.0,124.92,5.62,06:12:00,18:18:00
1822,1474668326,9/23/2016 12:00:00 AM,12:05:26,587.78,62.0,30.45,85.0,127.16,15.75,06:12:00,18:18:00
1823,1474668019,9/23/2016 12:00:00 AM,12:00:19,1328.5,60.0,30.45,89.0,55.83,7.87,06:12:00,18:18:00
1824,1474667721,9/23/2016 12:00:00 AM,11:55:21,786.09,59.0,30.45,91.0,100.02,11.25,06:12:00,18:18:00
1825,1474667421,9/23/2016 12:00:00 AM,11:50:21,565.27,59.0,30.45,94.0,73.51,3.37,06:12:00,18:18:00
1826,1474667122,9/23/2016 12:00:00 AM,11:45:22,665.15,58.0,30.46,94.0,63.16,5.62,06:12:00,18:18:00
1827,1474666822,9/23/2016 12:00:00 AM,11:40:22,445.51,59.0,30.46,94.0,81.71,4.5,06:12:00,18:18:00
1828,1474666522,9/23/2016 12:00:00 AM,11:35:22,454.01,59.0,30.46,94.0,56.99,6.75,06:12:00,18:18:00
1829,1474666219,9/23/2016 12:00:00 AM,11:30:19,1020.81,59.0,30.46,94.0,55.28,7.87,06:12:00,18:18:00
1830,1474665919,9/23/2016 12:00:00 AM,11:25:19,625.34,60.0,30.46,93.0,93.7,7.87,06:12:00,18:18:00
1831,1474665621,9/23/2016 12:00:00 AM,11:20:21,700.9,61.0,30.46,92.0,59.46,9.0,06:12:00,18:18:00
1832,1474665321,9/23/2016 12:00:00 AM,11:15:21,1236.32,61.0,30.46,87.0,38.02,10.12,06:12:00,18:18:00
1833,1474665023,9/23/2016 12:00:00 AM,11:10:23,429.38,62.0,30.46,83.0,58.62,11.25,06:12:00,18:18:00
1834,1474664721,9/23/2016 12:00:00 AM,11:05:21,579.68,63.0,30.47,84.0,127.34,10.12,06:12:00,18:18:00
1835,1474664420,9/23/2016 12:00:00 AM,11:00:20,496.0,63.0,30.47,83.0,148.11,9.0,06:12:00,18:18:00
1836,1474664123,9/23/2016 12:00:00 AM,10:55:23,1069.95,62.0,30.47,85.0,131.91,10.12,06:12:00,18:18:00
1837,1474663821,9/23/2016 12:00:00 AM,10:50:21,1113.02,61.0,30.47,87.0,60.13,4.5,06:12:00,18:18:00
1838,1474663524,9/23/2016 12:00:00 AM,10:45:24,996.62,61.0,30.47,87.0,36.5,2.25,06:12:00,18:18:00
1839,1474663223,9/23/2016 12:00:00 AM,10:40:23,981.65,61.0,30.47,85.0,49.56,11.25,06:12:00,18:18:00
1840,1474662923,9/23/2016 12:00:00 AM,10:35:23,891.65,62.0,30.47,85.0,62.82,4.5,06:12:00,18:18:00
1841,1474662626,9/23/2016 12:00:00 AM,10:30:26,565.81,62.0,30.47,87.0,136.39,11.25,06:12:00,18:18:00
1842,1474662325,9/23/2016 12:00:00 AM,10:25:25,481.7,62.0,30.47,90.0,172.81,9.0,06:12:00,18:18:00
1843,1474662024,9/23/2016 12:00:00 AM,10:20:24,896.56,61.0,30.47,89.0,131.67,14.62,06:12:00,18:18:00
1844,1474661721,9/23/2016 12:00:00 AM,10:15:21,907.94,61.0,30.47,92.0,157.79,5.62,06:12:00,18:18:00
1845,1474661421,9/23/2016 12:00:00 AM,10:10:21,912.75,60.0,30.47,93.0,146.93,9.0,06:12:00,18:18:00
1846,1474661123,9/23/2016 12:00:00 AM,10:05:23,928.91,59.0,30.47,94.0,157.1,4.5,06:12:00,18:18:00
1847,1474660823,9/23/2016 12:00:00 AM,10:00:23,802.11,59.0,30.47,95.0,120.89,16.87,06:12:00,18:18:00
1848,1474660523,9/23/2016 12:00:00 AM,09:55:23,753.65,58.0,30.47,97.0,127.81,13.5,06:12:00,18:18:00
1849,1474660222,9/23/2016 12:00:00 AM,09:50:22,802.23,58.0,30.47,100.0,72.3,2.25,06:12:00,18:18:00
1850,1474659926,9/23/2016 12:00:00 AM,09:45:26,490.68,57.0,30.47,101.0,138.22,10.12,06:12:00,18:18:00
1851,1474659623,9/23/2016 12:00:00 AM,09:40:23,551.89,57.0,30.47,101.0,70.77,5.62,06:12:00,18:18:00
1852,1474659326,9/23/2016 12:00:00 AM,09:35:26,826.05,56.0,30.47,101.0,98.4,10.12,06:12:00,18:18:00
1853,1474659023,9/23/2016 12:00:00 AM,09:30:23,717.26,55.0,30.47,101.0,123.31,9.0,06:12:00,18:18:00
1854,1474658726,9/23/2016 12:00:00 AM,09:25:26,803.58,55.0,30.47,100.0,55.47,4.5,06:12:00,18:18:00
1855,1474658425,9/23/2016 12:00:00 AM,09:20:25,244.72,55.0,30.47,100.0,71.45,3.37,06:12:00,18:18:00
1856,1474658121,9/23/2016 12:00:00 AM,09:15:21,232.9,55.0,30.47,100.0,21.48,5.62,06:12:00,18:18:00
1857,1474657824,9/23/2016 12:00:00 AM,09:10:24,227.87,55.0,30.47,100.0,16.09,7.87,06:12:00,18:18:00
1858,1474657518,9/23/2016 12:00:00 AM,09:05:18,157.22,55.0,30.47,100.0,107.21,7.87,06:12:00,18:18:00
1859,1474657223,9/23/2016 12:00:00 AM,09:00:23,174.95,55.0,30.47,100.0,35.66,6.75,06:12:00,18:18:00
1860,1474656922,9/23/2016 12:00:00 AM,08:55:22,245.22,54.0,30.47,100.0,15.45,5.62,06:12:00,18:18:00
1861,1474656621,9/23/2016 12:00:00 AM,08:50:21,135.53,54.0,30.47,99.0,71.11,2.25,06:12:00,18:18:00
1862,1474656322,9/23/2016 12:00:00 AM,08:45:22,149.97,55.0,30.47,74.83719267708949,75.75,5.62,06:12:00,18:18:00
1863,1474656024,9/23/2016 12:00:00 AM,08:40:24,143.4,55.0,30.47,99.0,49.8,7.87,06:12:00,18:18:00
1864,1474655726,9/23/2016 12:00:00 AM,08:35:26,179.84,55.0,30.47,99.0,49.8,3.37,06:12:00,18:18:00
1865,1474655425,9/23/2016 12:00:00 AM,08:30:25,159.68,55.0,30.46,100.0,120.92,9.0,06:12:00,18:18:00
1866,1474655130,9/23/2016 12:00:00 AM,08:25:30,211.62,55.0,30.46,100.0,114.54,11.25,06:12:00,18:18:00
1867,1474654821,9/23/2016 12:00:00 AM,08:20:21,113.9,55.0,30.46,100.0,160.38,7.87,06:12:00,18:18:00
1868,1474654523,9/23/2016 12:00:00 AM,08:15:23,189.55,55.0,30.46,101.0,106.77,4.5,06:12:00,18:18:00
1869,1474654222,9/23/2016 12:00:00 AM,08:10:22,317.76,54.0,30.46,101.0,103.24,11.25,06:12:00,18:18:00
1870,1474653919,9/23/2016 12:00:00 AM,08:05:19,420.58,54.0,30.46,101.0,58.32,5.62,06:12:00,18:18:00
1871,1474653619,9/23/2016 12:00:00 AM,08:00:19,316.31,51.16507236474315,30.45,101.0,128.07,10.12,06:12:00,18:18:00
1872,1474653324,9/23/2016 12:00:00 AM,07:55:24,132.12,53.0,30.45,101.0,94.04,5.62,06:12:00,18:18:00
1873,1474653024,9/23/2016 12:00:00 AM,07:50:24,128.15,53.0,30.45,101.0,140.24,2.25,06:12:00,18:18:00
1874,1474652723,9/23/2016 12:00:00 AM,07:45:23,154.81,52.0,30.45,101.0,130.68,1.12,06:12:00,18:18:00
1875,1474652420,9/23/2016 12:00:00 AM,07:40:20,143.49,52.0,30.45,100.0,120.66,1.12,06:12:00,18:18:00
1876,1474652125,9/23/2016 12:00:00 AM,07:35:25,118.02,53.0,30.45,101.0,167.41,6.75,06:12:00,18:18:00
1877,1474651819,9/23/2016 12:00:00 AM,07:30:19,65.45,53.0,30.45,101.0,84.09,3.37,06:12:00,18:18:00
1878,1474651520,9/23/2016 12:00:00 AM,07:25:20,92.85,53.0,30.45,101.0,63.76,2.25,06:12:00,18:18:00
1879,1474651219,9/23/2016 12:00:00 AM,07:20:19,86.56,53.0,30.45,101.0,88.99,6.75,06:12:00,18:18:00
1880,1474650923,9/23/2016 12:00:00 AM,07:15:23,62.53,53.0,30.45,101.0,41.66,1.12,06:12:00,18:18:00
1881,1474650622,9/23/2016 12:00:00 AM,07:10:22,52.18,53.0,30.45,100.0,100.72,1.12,06:12:00,18:18:00
1882,1474650320,9/23/2016 12:00:00 AM,07:05:20,48.62,53.0,30.45,100.0,143.69,4.5,06:12:00,18:18:00
1883,1474650025,9/23/2016 12:00:00 AM,07:00:25,57.37,53.0,30.45,100.0,89.85,3.37,06:12:00,18:18:00
1884,1474649722,9/23/2016 12:00:00 AM,06:55:22,34.56,53.0,30.45,100.0,56.8,4.5,06:12:00,18:18:00
1885,1474649418,9/23/2016 12:00:00 AM,06:50:18,26.65,53.0,30.44,100.0,91.2,2.25,06:12:00,18:18:00
1886,1474649121,9/23/2016 12:00:00 AM,06:45:21,18.06,53.0,30.44,100.0,118.15,1.12,06:12:00,18:18:00
1887,1474648823,9/23/2016 12:00:00 AM,06:40:23,12.17,53.0,30.44,100.0,128.48,5.62,06:12:00,18:18:00
1888,1474648525,9/23/2016 12:00:00 AM,06:35:25,9.86,53.0,30.44,100.0,93.36,2.25,06:12:00,18:18:00
1889,1474648223,9/23/2016 12:00:00 AM,06:30:23,8.31,53.0,30.44,100.0,109.53,3.37,06:12:00,18:18:00
1890,1474647919,9/23/2016 12:00:00 AM,06:25:19,6.2,53.0,30.44,100.0,117.67,1.12,06:12:00,18:18:00
1891,1474647624,9/23/2016 12:00:00 AM,06:20:24,4.77,53.0,30.44,100.0,164.9,1.12,06:12:00,18:18:00
1892,1474647319,9/23/2016 12:00:00 AM,06:15:19,3.1,53.0,30.44,100.0,121.43,1.12,06:12:00,18:18:00
1893,1474647024,9/23/2016 12:00:00 AM,06:10:24,1.75,52.0,30.44,99.0,212.59,2.25,06:12:00,18:18:00
1894,1474646721,9/23/2016 12:00:00 AM,06:05:21,1.55,52.0,30.43,99.0,131.98,0.0,06:12:00,18:18:00
1895,1474646421,9/23/2016 12:00:00 AM,06:00:21,1.27,52.0,30.43,99.0,128.2,3.37,06:12:00,18:18:00
1896,1474646125,9/23/2016 12:00:00 AM,05:55:25,1.24,52.0,30.43,99.0,127.88,2.25,06:12:00,18:18:00
1897,1474645823,9/23/2016 12:00:00 AM,05:50:23,1.22,52.0,30.43,99.0,111.23,2.25,06:12:00,18:18:00
1898,1474645521,9/23/2016 12:00:00 AM,05:45:21,1.26,52.0,30.43,99.0,113.38,2.25,06:12:00,18:18:00
1899,1474645224,9/23/2016 12:00:00 AM,05:40:24,1.26,52.0,30.43,99.0,116.35,4.5,06:12:00,18:18:00
1900,1474644920,9/23/2016 12:00:00 AM,05:35:20,1.24,52.0,30.43,98.0,158.5,3.37,06:12:00,18:18:00
1901,1474644623,9/23/2016 12:00:00 AM,05:30:23,1.24,52.0,30.43,98.0,156.19,2.25,06:12:00,18:18:00
1902,1474644319,9/23/2016 12:00:00 AM,05:25:19,1.22,52.0,30.43,98.0,155.44,5.62,06:12:00,18:18:00
1903,1474644020,9/23/2016 12:00:00 AM,05:20:20,1.24,52.0,30.43,97.0,160.22,3.37,06:12:00,18:18:00
1904,1474643723,9/23/2016 12:00:00 AM,05:15:23,1.27,52.0,30.43,97.0,153.17,5.62,06:12:00,18:18:00
1905,1474643419,9/23/2016 12:00:00 AM,05:10:19,1.25,52.0,30.43,96.0,115.75,4.5,06:12:00,18:18:00
1906,1474643119,9/23/2016 12:00:00 AM,05:05:19,1.25,52.0,30.42,95.0,101.32,3.37,06:12:00,18:18:00
1907,1474642820,9/23/2016 12:00:00 AM,05:00:20,1.22,52.0,30.42,94.0,130.64,0.0,06:12:00,18:18:00
1908,1474642522,9/23/2016 12:00:00 AM,04:55:22,1.25,51.0,30.42,92.0,138.87,1.12,06:12:00,18:18:00
1909,1474642219,9/23/2016 12:00:00 AM,04:50:19,1.26,51.0,30.42,90.0,182.56,1.12,06:12:00,18:18:00
1910,1474641921,9/23/2016 12:00:00 AM,04:45:21,1.23,51.0,30.42,89.0,182.56,3.37,06:12:00,18:18:00
1911,1474641620,9/23/2016 12:00:00 AM,04:40:20,1.26,51.0,30.42,89.0,182.57,1.12,06:12:00,18:18:00
1912,1474641321,9/23/2016 12:00:00 AM,04:35:21,1.25,50.0,30.42,88.0,183.28,1.12,06:12:00,18:18:00
1913,1474641025,9/23/2016 12:00:00 AM,04:30:25,1.24,50.0,30.423028000868246,90.0,183.97,3.37,06:12:00,18:18:00
1914,1474640720,9/23/2016 12:00:00 AM,04:25:20,1.24,50.0,30.42,91.0,183.87,2.25,06:12:00,18:18:00
1915,1474640420,9/23/2016 12:00:00 AM,04:20:20,1.26,50.0,30.42,92.0,177.2,4.5,06:12:00,18:18:00
1916,1474640120,9/23/2016 12:00:00 AM,04:15:20,1.24,50.0,30.42,92.0,152.12,2.25,06:12:00,18:18:00
1917,1474639823,9/23/2016 12:00:00 AM,04:10:23,1.25,50.0,30.42,93.0,151.79,2.25,06:12:00,18:18:00
1918,1474639525,9/23/2016 12:00:00 AM,04:05:25,1.24,50.0,30.42,92.0,157.91,2.25,06:12:00,18:18:00
1919,1474639224,9/23/2016 12:00:00 AM,04:00:24,1.22,50.0,30.42,93.0,143.64,3.37,06:12:00,18:18:00
1920,1474638930,9/23/2016 12:00:00 AM,03:55:30,1.23,50.0,30.42,92.0,147.69,2.25,06:12:00,18:18:00
1921,1474638627,9/23/2016 12:00:00 AM,03:50:27,1.22,50.0,30.42,91.0,172.95,3.37,06:12:00,18:18:00
1922,1474638318,9/23/2016 12:00:00 AM,03:45:18,1.26,51.0,30.42,90.0,169.68,4.5,06:12:00,18:18:00
1923,1474638021,9/23/2016 12:00:00 AM,03:40:21,1.22,51.0,30.42,89.0,172.08,2.25,06:12:00,18:18:00
1924,1474637722,9/23/2016 12:00:00 AM,03:35:22,1.23,51.0,30.42,88.0,122.64,2.25,06:12:00,18:18:00
1925,1474637421,9/23/2016 12:00:00 AM,03:30:21,1.25,51.0,30.42,88.0,112.34,3.37,06:12:00,18:18:00
1926,1474637123,9/23/2016 12:00:00 AM,03:25:23,1.23,51.0,30.42,89.0,120.67,1.12,06:12:00,18:18:00
1927,1474636821,9/23/2016 12:00:00 AM,03:20:21,1.23,51.0,30.42,90.0,141.08,1.12,06:12:00,18:18:00
1928,1474636518,9/23/2016 12:00:00 AM,03:15:18,1.25,51.0,30.42,90.0,167.55,2.25,06:12:00,18:18:00
1929,1474636225,9/23/2016 12:00:00 AM,03:10:25,1.24,50.0,30.42,90.0,169.99,4.5,06:12:00,18:18:00
1930,1474635921,9/23/2016 12:00:00 AM,03:05:21,1.23,50.0,30.42,91.0,186.48,5.62,06:12:00,18:18:00
1931,1474635620,9/23/2016 12:00:00 AM,03:00:20,1.25,50.0,30.42,90.0,187.08,7.87,06:12:00,18:18:00
1932,1474635320,9/23/2016 12:00:00 AM,02:55:20,1.22,50.0,30.42,90.0,189.05,4.5,06:12:00,18:18:00
1933,1474635021,9/23/2016 12:00:00 AM,02:50:21,1.23,50.0,30.42,90.0,184.82,5.62,06:12:00,18:18:00
1934,1474634723,9/23/2016 12:00:00 AM,02:45:23,1.25,49.0,30.42,90.0,175.12,5.62,06:12:00,18:18:00
1935,1474634422,9/23/2016 12:00:00 AM,02:40:22,1.21,49.0,30.42,90.0,179.25,4.5,06:12:00,18:18:00
1936,1474634118,9/23/2016 12:00:00 AM,02:35:18,1.26,49.0,30.42,91.0,180.7,6.75,06:12:00,18:18:00
1937,1474633824,9/23/2016 12:00:00 AM,02:30:24,1.24,49.0,30.42,91.0,169.53,5.62,06:12:00,18:18:00
1938,1474633523,9/23/2016 12:00:00 AM,02:25:23,1.22,49.0,30.42,93.0,164.82,4.5,06:12:00,18:18:00
1939,1474633225,9/23/2016 12:00:00 AM,02:20:25,1.25,50.0,30.42,94.0,164.44,4.5,06:12:00,18:18:00
1940,1474632919,9/23/2016 12:00:00 AM,02:15:19,1.23,50.0,30.43,95.0,145.95,4.5,06:12:00,18:18:00
1941,1474632624,9/23/2016 12:00:00 AM,02:10:24,1.25,50.0,30.43,93.0,57.35,3.37,06:12:00,18:18:00
1942,1474632323,9/23/2016 12:00:00 AM,02:05:23,1.24,50.0,30.43,94.0,112.72,4.5,06:12:00,18:18:00
1943,1474632022,9/23/2016 12:00:00 AM,02:00:22,1.23,50.0,30.43,95.0,77.26,3.37,06:12:00,18:18:00
1944,1474631721,9/23/2016 12:00:00 AM,01:55:21,1.26,51.0,30.43,94.0,105.61,2.25,06:12:00,18:18:00
1945,1474631419,9/23/2016 12:00:00 AM,01:50:19,1.23,51.0,30.43,93.0,151.96,3.37,06:12:00,18:18:00
1946,1474631121,9/23/2016 12:00:00 AM,01:45:21,1.22,51.0,30.43,88.0,115.55,3.37,06:12:00,18:18:00
1947,1474630819,9/23/2016 12:00:00 AM,01:40:19,1.23,51.0,30.43,88.0,187.25,3.37,06:12:00,18:18:00
1948,1474630524,9/23/2016 12:00:00 AM,01:35:24,1.24,51.0,30.43,88.0,187.15,4.5,06:12:00,18:18:00
1949,1474630222,9/23/2016 12:00:00 AM,01:30:22,1.24,52.0,30.43,88.0,191.5,5.62,06:12:00,18:18:00
1950,1474629924,9/23/2016 12:00:00 AM,01:25:24,1.23,52.0,30.44,86.0,189.1,5.62,06:12:00,18:18:00
1951,1474629624,9/23/2016 12:00:00 AM,01:20:24,1.28,52.0,30.44,85.0,184.16,5.62,06:12:00,18:18:00
1952,1474629322,9/23/2016 12:00:00 AM,01:15:22,1.25,52.0,30.44,85.0,166.34,5.62,06:12:00,18:18:00
1953,1474629018,9/23/2016 12:00:00 AM,01:10:18,1.23,53.0,30.44,84.0,166.02,4.5,06:12:00,18:18:00
1954,1474628723,9/23/2016 12:00:00 AM,01:05:23,1.27,53.0,30.44,85.0,184.53,7.87,06:12:00,18:18:00
1955,1474628426,9/23/2016 12:00:00 AM,01:00:26,1.26,52.0,30.44,85.0,186.7,10.12,06:12:00,18:18:00
1956,1474628124,9/23/2016 12:00:00 AM,00:55:24,1.21,52.0,30.44,87.0,192.18,6.75,06:12:00,18:18:00
1957,1474627819,9/23/2016 12:00:00 AM,00:50:19,1.25,52.0,30.44,88.0,192.04,12.37,06:12:00,18:18:00
1958,1474627526,9/23/2016 12:00:00 AM,00:45:26,1.26,52.0,30.44,88.0,194.19,11.25,06:12:00,18:18:00
1959,1474627220,9/23/2016 12:00:00 AM,00:40:20,1.28,52.0,30.44,88.0,176.48,9.0,06:12:00,18:18:00
1960,1474626924,9/23/2016 12:00:00 AM,00:35:24,1.21,52.0,30.44,87.0,167.19,12.37,06:12:00,18:18:00
1961,1474626619,9/23/2016 12:00:00 AM,00:30:19,1.23,53.0,30.45,88.0,167.21,5.62,06:12:00,18:18:00
1962,1474626322,9/23/2016 12:00:00 AM,00:25:22,1.23,53.0,30.45,87.0,169.46,6.75,06:12:00,18:18:00
1963,1474626021,9/23/2016 12:00:00 AM,00:20:21,1.25,53.0,30.45,88.0,167.82,5.62,06:12:00,18:18:00
1964,1474625421,9/23/2016 12:00:00 AM,00:10:21,1.25,53.0,30.45,87.0,169.65,5.62,06:12:00,18:18:00
1965,1474625126,9/23/2016 12:00:00 AM,00:05:26,1.25,53.0,30.45,84.0,165.32,10.12,06:12:00,18:18:00
1966,1474624821,9/23/2016 12:00:00 AM,00:00:21,1.24,53.0,30.45,86.0,184.1,6.75,06:12:00,18:18:00
1967,1474624523,9/22/2016 12:00:00 AM,23:55:23,1.22,53.0,30.45,87.0,143.54770303349548,7.87,06:11:00,18:19:00
1968,1474624222,9/22/2016 12:00:00 AM,23:50:22,1.23,53.0,30.46,87.0,155.01,7.87,06:11:00,18:19:00
1969,1474623922,9/22/2016 12:00:00 AM,23:45:22,1.22,53.0,30.46,86.0,192.74,5.62,06:11:00,18:19:00
1970,1474623619,9/22/2016 12:00:00 AM,23:40:19,1.24,53.0,30.46,86.0,140.21,6.75,06:11:00,18:19:00
1971,1474623318,9/22/2016 12:00:00 AM,23:35:18,1.26,53.0,30.46,86.0,145.42,5.62,06:11:00,18:19:00
1972,1474623019,9/22/2016 12:00:00 AM,23:30:19,1.25,53.0,30.46,85.0,170.47,6.75,06:11:00,18:19:00
1973,1474622722,9/22/2016 12:00:00 AM,23:25:22,1.23,53.0,30.46,85.0,166.44,5.62,06:11:00,18:19:00
1974,1474622420,9/22/2016 12:00:00 AM,23:20:20,1.23,53.0,30.46,84.0,120.02,6.75,06:11:00,18:19:00
1975,1474622124,9/22/2016 12:00:00 AM,23:15:24,1.24,53.0,30.46,85.0,169.02,10.12,06:11:00,18:19:00
1976,1474621820,9/22/2016 12:00:00 AM,23:10:20,1.25,53.0,30.46,85.0,178.23,10.12,06:11:00,18:19:00
1977,1474621527,9/22/2016 12:00:00 AM,23:05:27,1.22,53.0,30.46,86.0,180.36,9.0,06:11:00,18:19:00
1978,1474621223,9/22/2016 12:00:00 AM,23:00:23,1.25,53.0,30.46,88.0,151.77,4.5,06:11:00,18:19:00
1979,1474620922,9/22/2016 12:00:00 AM,22:55:22,1.25,53.0,30.46,89.0,130.2,4.5,06:11:00,18:19:00
1980,1474620623,9/22/2016 12:00:00 AM,22:50:23,1.27,54.0,30.47,89.0,35.14,3.37,06:11:00,18:19:00
1981,1474620320,9/22/2016 12:00:00 AM,22:45:20,1.27,54.0,30.47,86.0,89.01,1.12,06:11:00,18:19:00
1982,1474620020,9/22/2016 12:00:00 AM,22:40:20,1.26,54.0,30.46,85.0,118.05,2.25,06:11:00,18:19:00
1983,1474619727,9/22/2016 12:00:00 AM,22:35:27,1.24,54.0,30.46,86.0,134.85,4.5,06:11:00,18:19:00
1984,1474619421,9/22/2016 12:00:00 AM,22:30:21,1.25,54.0,30.46,85.0,116.46,3.37,06:11:00,18:19:00
1985,1474619121,9/22/2016 12:00:00 AM,22:25:21,1.23,54.0,30.46,86.0,118.54,2.25,06:11:00,18:19:00
1986,1474618825,9/22/2016 12:00:00 AM,22:20:25,1.28,54.0,30.46,84.0,138.83,3.37,06:11:00,18:19:00
1987,1474618526,9/22/2016 12:00:00 AM,22:15:26,1.23,54.0,30.46,83.0,120.8,6.75,06:11:00,18:19:00
1988,1474618225,9/22/2016 12:00:00 AM,22:10:25,1.26,54.0,30.46,83.0,127.49,5.62,06:11:00,18:19:00
1989,1474617921,9/22/2016 12:00:00 AM,22:05:21,1.23,54.0,30.46,82.0,131.05,3.37,06:11:00,18:19:00
1990,1474617622,9/22/2016 12:00:00 AM,22:00:22,1.24,54.0,30.46,83.0,180.44,7.87,06:11:00,18:19:00
1991,1474617322,9/22/2016 12:00:00 AM,21:55:22,1.3,54.0,30.46,83.0,142.03,6.75,06:11:00,18:19:00
1992,1474617023,9/22/2016 12:00:00 AM,21:50:23,1.24,54.0,30.46,84.0,131.23,4.5,06:11:00,18:19:00
1993,1474616720,9/22/2016 12:00:00 AM,21:45:20,1.22,54.0,30.46,85.0,138.18,5.62,06:11:00,18:19:00
1994,1474616421,9/22/2016 12:00:00 AM,21:40:21,1.26,54.0,30.46,84.0,134.25,14.62,06:11:00,18:19:00
1995,1474616124,9/22/2016 12:00:00 AM,21:35:24,1.27,54.0,30.46,83.0,129.48,12.37,06:11:00,18:19:00
1996,1474615825,9/22/2016 12:00:00 AM,21:30:25,1.25,54.0,30.46,83.0,167.92,6.75,06:11:00,18:19:00
1997,1474615522,9/22/2016 12:00:00 AM,21:25:22,1.28,54.0,30.46,83.0,140.74,7.87,06:11:00,18:19:00
1998,1474615223,9/22/2016 12:00:00 AM,21:20:23,1.26,54.0,30.46,84.0,188.98,9.0,06:11:00,18:19:00
1999,1474614936,9/22/2016 12:00:00 AM,21:15:36,1.28,54.0,30.46,85.0,151.95,2.25,06:11:00,18:19:00
2000,1474614623,9/22/2016 12:00:00 AM,21:10:23,1.23,54.0,30.46,85.0,114.25,2.25,06:11:00,18:19:00
2001,1474614321,9/22/2016 12:00:00 AM,21:05:21,1.24,54.0,30.46,85.0,112.29,3.37,06:11:00,18:19:00
2002,1474614025,9/22/2016 12:00:00 AM,21:00:25,1.27,53.0,30.46,85.0,152.78,2.25,06:11:00,18:19:00
2003,1474613721,9/22/2016 12:00:00 AM,20:55:21,1.23,53.0,30.46,84.0,154.45,6.75,06:11:00,18:19:00
2004,1474613425,9/22/2016 12:00:00 AM,20:50:25,1.24,53.0,30.46,85.0,157.83,7.87,06:11:00,18:19:00
2005,1474613119,9/22/2016 12:00:00 AM,20:45:19,1.22,53.0,30.46,85.0,166.09,10.12,06:11:00,18:19:00
2006,1474612822,9/22/2016 12:00:00 AM,20:40:22,1.21,53.0,30.45,85.0,167.33,9.0,06:11:00,18:19:00
2007,1474612520,9/22/2016 12:00:00 AM,20:35:20,1.24,53.0,30.45,87.0,162.53,12.37,06:11:00,18:19:00
2008,1474612222,9/22/2016 12:00:00 AM,20:30:22,1.26,53.0,30.45,89.0,137.63,12.37,06:11:00,18:19:00
2009,1474611918,9/22/2016 12:00:00 AM,20:25:18,1.21,53.0,30.45,89.0,176.05,9.0,06:11:00,18:19:00
2010,1474611620,9/22/2016 12:00:00 AM,20:20:20,1.26,53.0,30.45,89.0,165.6,4.5,06:11:00,18:19:00
2011,1474611323,9/22/2016 12:00:00 AM,20:15:23,1.22,53.0,30.45,88.0,145.96,7.87,06:11:00,18:19:00
2012,1474611020,9/22/2016 12:00:00 AM,20:10:20,1.25,53.0,30.45,88.0,155.5,5.62,06:11:00,18:19:00
2013,1474610721,9/22/2016 12:00:00 AM,20:05:21,1.25,53.0,30.45,87.0,156.17,5.62,06:11:00,18:19:00
2014,1474610421,9/22/2016 12:00:00 AM,20:00:21,1.23,53.0,30.45,87.0,154.86,7.87,06:11:00,18:19:00
2015,1474610119,9/22/2016 12:00:00 AM,19:55:19,1.25,53.0,30.45,87.0,151.48,4.5,06:11:00,18:19:00
2016,1474609820,9/22/2016 12:00:00 AM,19:50:20,1.24,53.0,30.45,85.0,154.83,10.12,06:11:00,18:19:00
2017,1474609521,9/22/2016 12:00:00 AM,19:45:21,1.25,53.0,30.45,86.0,114.53,5.62,06:11:00,18:19:00
2018,1474609225,9/22/2016 12:00:00 AM,19:40:25,1.26,52.0,30.45,91.0,108.77,3.37,06:11:00,18:19:00
2019,1474608921,9/22/2016 12:00:00 AM,19:35:21,1.23,53.0,30.45,97.0,54.21,3.37,06:11:00,18:19:00
2020,1474608619,9/22/2016 12:00:00 AM,19:30:19,1.27,53.0,30.44,97.0,356.53,3.37,06:11:00,18:19:00
2021,1474608024,9/22/2016 12:00:00 AM,19:20:24,1.24,53.0,30.44,95.0,0.11,7.87,06:11:00,18:19:00
2022,1474607721,9/22/2016 12:00:00 AM,19:15:21,1.2,53.0,30.44,95.0,108.7,6.75,06:11:00,18:19:00
2023,1474607422,9/22/2016 12:00:00 AM,19:10:22,1.24,52.0,30.43,96.0,85.26,15.75,06:11:00,18:19:00
2024,1474607122,9/22/2016 12:00:00 AM,19:05:22,1.22,52.0,30.43,99.0,58.11,5.62,06:11:00,18:19:00
2025,1474606823,9/22/2016 12:00:00 AM,19:00:23,1.25,52.0,30.43,99.0,83.78,9.0,06:11:00,18:19:00
2026,1474606522,9/22/2016 12:00:00 AM,18:55:22,1.27,52.0,30.43,99.0,115.99,11.25,06:11:00,18:19:00
2027,1474606223,9/22/2016 12:00:00 AM,18:50:23,1.24,53.0,30.43,98.0,44.95,6.75,06:11:00,18:19:00
2028,1474605923,9/22/2016 12:00:00 AM,18:45:23,1.22,53.0,30.43,98.0,114.05,5.62,06:11:00,18:19:00
2029,1474605621,9/22/2016 12:00:00 AM,18:40:21,1.21,53.0,30.42,98.0,69.18,3.37,06:11:00,18:19:00
2030,1474605322,9/22/2016 12:00:00 AM,18:35:22,1.27,53.0,30.43,97.0,39.06,10.12,06:11:00,18:19:00
2031,1474605023,9/22/2016 12:00:00 AM,18:30:23,1.35,53.0,30.42,97.0,151.05,6.75,06:11:00,18:19:00
2032,1474604722,9/22/2016 12:00:00 AM,18:25:22,3.07,53.0,30.42,96.0,25.82,7.87,06:11:00,18:19:00
2033,1474604419,9/22/2016 12:00:00 AM,18:20:19,3.01,53.0,30.42,96.0,58.42,6.75,06:11:00,18:19:00
2034,1474604120,9/22/2016 12:00:00 AM,18:15:20,5.53,54.0,30.42,95.0,63.5,7.87,06:11:00,18:19:00
2035,1474603822,9/22/2016 12:00:00 AM,18:10:22,7.42,54.0,30.42,94.0,179.52,10.12,06:11:00,18:19:00
2036,1474603523,9/22/2016 12:00:00 AM,18:05:23,8.35,55.0,30.42,92.0,25.19,7.87,06:11:00,18:19:00
2037,1474603219,9/22/2016 12:00:00 AM,18:00:19,27.62,56.0,30.42,89.0,60.52,9.0,06:11:00,18:19:00
2038,1474602921,9/22/2016 12:00:00 AM,17:55:21,26.71,57.0,30.42,86.0,68.83,7.87,06:11:00,18:19:00
2039,1474602619,9/22/2016 12:00:00 AM,17:50:19,78.18,59.0,30.42,82.0,63.89,4.5,06:11:00,18:19:00
2040,1474602323,9/22/2016 12:00:00 AM,17:45:23,65.88,58.0,30.41,67.0,82.62,6.75,06:11:00,18:19:00
2041,1474602048,9/22/2016 12:00:00 AM,17:40:48,64.01,57.0,30.41,87.0,351.19,2.25,06:11:00,18:19:00
2042,1474601725,9/22/2016 12:00:00 AM,17:35:25,197.41,58.0,30.42,86.0,24.9,6.75,06:11:00,18:19:00
2043,1474601418,9/22/2016 12:00:00 AM,17:30:18,193.61,59.0,30.42,83.0,48.93,7.87,06:11:00,18:19:00
2044,1474601118,9/22/2016 12:00:00 AM,17:25:18,159.54,60.0,30.42,79.0,10.89,2.25,06:11:00,18:19:00
2045,1474600820,9/22/2016 12:00:00 AM,17:20:20,181.76,60.0,30.41,77.0,51.59,6.75,06:11:00,18:19:00
2046,1474600519,9/22/2016 12:00:00 AM,17:15:19,210.72,60.0,30.41,80.0,56.87,5.62,06:11:00,18:19:00
2047,1474600224,9/22/2016 12:00:00 AM,17:10:24,246.68,60.0,30.41,80.0,69.04,4.5,06:11:00,18:19:00
2048,1474599924,9/22/2016 12:00:00 AM,17:05:24,261.3,61.0,30.41,77.0,216.36,4.5,06:11:00,18:19:00
2049,1474599622,9/22/2016 12:00:00 AM,17:00:22,287.02,62.0,30.41,71.0,9.62,12.37,06:11:00,18:19:00
2050,1474599320,9/22/2016 12:00:00 AM,16:55:20,306.33,63.0,30.41,56.0,47.49,6.75,06:11:00,18:19:00
2051,1474599023,9/22/2016 12:00:00 AM,16:50:23,317.37,62.0,30.41,58.0,142.09,7.87,06:11:00,18:19:00
2052,1474598723,9/22/2016 12:00:00 AM,16:45:23,353.84,62.0,30.41,75.0,26.48,6.75,06:11:00,18:19:00
2053,1474598422,9/22/2016 12:00:00 AM,16:40:22,424.72,64.0,30.41,60.0,134.33,4.5,06:11:00,18:19:00
2054,1474598120,9/22/2016 12:00:00 AM,16:35:20,409.11,64.0,30.41,53.0,127.79,12.37,06:11:00,18:19:00
2055,1474597822,9/22/2016 12:00:00 AM,16:30:22,423.49,64.0,30.41,59.0,78.96,5.62,06:11:00,18:19:00
2056,1474597519,9/22/2016 12:00:00 AM,16:25:19,455.2,65.0,30.41,52.0,144.34,5.62,06:11:00,18:19:00
2057,1474597221,9/22/2016 12:00:00 AM,16:20:21,470.3,66.0,30.41,49.0,122.65,4.5,06:11:00,18:19:00
2058,1474596922,9/22/2016 12:00:00 AM,16:15:22,490.14,67.0,30.41,49.0,93.8,4.5,06:11:00,18:19:00
2059,1474596619,9/22/2016 12:00:00 AM,16:10:19,514.49,67.0,30.41,50.0,110.94,10.12,06:11:00,18:19:00
2060,1474596319,9/22/2016 12:00:00 AM,16:05:19,538.58,67.0,30.41,48.0,177.59,12.37,06:11:00,18:19:00
2061,1474596018,9/22/2016 12:00:00 AM,16:00:18,551.2,67.0,30.41,48.0,137.32,14.62,06:11:00,18:19:00
2062,1474595722,9/22/2016 12:00:00 AM,15:55:22,569.29,68.0,30.41,43.0,129.03,9.0,06:11:00,18:19:00
2063,1474595421,9/22/2016 12:00:00 AM,15:50:21,577.82,69.0,30.4,41.0,135.67,11.25,06:11:00,18:19:00
2064,1474595118,9/22/2016 12:00:00 AM,15:45:18,607.92,69.0,30.41,42.0,131.21,10.12,06:11:00,18:19:00
2065,1474594818,9/22/2016 12:00:00 AM,15:40:18,622.64,67.0,30.41,49.0,164.96,19.12,06:11:00,18:19:00
2066,1474594521,9/22/2016 12:00:00 AM,15:35:21,642.14,68.0,30.4,52.0,106.16,14.62,06:11:00,18:19:00
2067,1474594220,9/22/2016 12:00:00 AM,15:30:20,658.41,68.0,30.4,49.0,52.77,7.87,06:11:00,18:19:00
2068,1474593921,9/22/2016 12:00:00 AM,15:25:21,682.87,68.0,30.4,48.0,167.64,7.87,06:11:00,18:19:00
2069,1474593620,9/22/2016 12:00:00 AM,15:20:20,706.48,68.0,30.4,50.0,104.14,10.12,06:11:00,18:19:00
2070,1474593318,9/22/2016 12:00:00 AM,15:15:18,720.33,68.0,30.4,53.0,124.83,16.87,06:11:00,18:19:00
2071,1474593023,9/22/2016 12:00:00 AM,15:10:23,748.33,68.0,30.4,53.0,141.15,13.5,06:11:00,18:19:00
2072,1474592721,9/22/2016 12:00:00 AM,15:05:21,760.0,68.0,30.4,50.0,182.04,19.12,06:11:00,18:19:00
2073,1474592421,9/22/2016 12:00:00 AM,15:00:21,767.97,68.0,30.41,49.0,74.46,3.37,06:11:00,18:19:00
2074,1474592125,9/22/2016 12:00:00 AM,14:55:25,787.78,68.0,30.41,49.0,164.34,9.0,06:11:00,18:19:00
2075,1474591819,9/22/2016 12:00:00 AM,14:50:19,789.3,69.0,30.4,46.0,114.52,3.37,06:11:00,18:19:00
2076,1474591520,9/22/2016 12:00:00 AM,14:45:20,819.77,69.0,30.41,44.0,85.11,10.12,06:11:00,18:19:00
2077,1474591221,9/22/2016 12:00:00 AM,14:40:21,834.68,70.0,30.41,41.0,113.36,12.37,06:11:00,18:19:00
2078,1474590919,9/22/2016 12:00:00 AM,14:35:19,847.88,70.0,30.41,40.0,118.23,14.62,06:11:00,18:19:00
2079,1474590624,9/22/2016 12:00:00 AM,14:30:24,855.94,70.0,30.41,39.0,122.6,6.75,06:11:00,18:19:00
2080,1474590318,9/22/2016 12:00:00 AM,14:25:18,891.16,70.0,30.4,38.0,121.69,15.75,06:11:00,18:19:00
2081,1474590022,9/22/2016 12:00:00 AM,14:20:22,902.09,70.0,30.41,33.0,111.01,16.87,06:11:00,18:19:00
2082,1474589721,9/22/2016 12:00:00 AM,14:15:21,909.15,70.0,30.4,38.0,188.16,9.0,06:11:00,18:19:00
2083,1474589419,9/22/2016 12:00:00 AM,14:10:19,925.65,71.0,30.4,34.0,105.3,13.5,06:11:00,18:19:00
2084,1474589125,9/22/2016 12:00:00 AM,14:05:25,934.18,71.0,30.41,37.0,151.88,12.37,06:11:00,18:19:00
2085,1474588822,9/22/2016 12:00:00 AM,14:00:22,939.67,70.0,30.41,35.0,169.63,6.75,06:11:00,18:19:00
2086,1474588524,9/22/2016 12:00:00 AM,13:55:24,946.58,70.0,30.41,35.0,145.36,9.0,06:11:00,18:19:00
2087,1474587923,9/22/2016 12:00:00 AM,13:45:23,969.59,71.0,30.41,33.0,121.17,20.25,06:11:00,18:19:00
2088,1474587626,9/22/2016 12:00:00 AM,13:40:26,982.27,71.0,30.41,36.0,105.24,10.12,06:11:00,18:19:00
2089,1474587319,9/22/2016 12:00:00 AM,13:35:19,994.54,71.0,30.41,32.0,121.87,19.12,06:11:00,18:19:00
2090,1474587023,9/22/2016 12:00:00 AM,13:30:23,990.52,71.0,30.41,37.0,160.76,6.75,06:11:00,18:19:00
2091,1474586722,9/22/2016 12:00:00 AM,13:25:22,997.0,71.0,30.41,35.0,203.6,5.62,06:11:00,18:19:00
2092,1474586424,9/22/2016 12:00:00 AM,13:20:24,1009.16,70.0,30.41,30.0,126.44,11.25,06:11:00,18:19:00
2093,1474586119,9/22/2016 12:00:00 AM,13:15:19,1021.24,69.0,30.41,41.0,144.59,13.5,06:11:00,18:19:00
2094,1474585823,9/22/2016 12:00:00 AM,13:10:23,1016.01,69.0,30.41,40.0,133.65,10.12,06:11:00,18:19:00
2095,1474585521,9/22/2016 12:00:00 AM,13:05:21,1020.86,69.0,30.42,38.0,145.58,15.75,06:11:00,18:19:00
2096,1474585221,9/22/2016 12:00:00 AM,13:00:21,1029.46,69.0,30.42,39.0,48.88,7.87,06:11:00,18:19:00
2097,1474584923,9/22/2016 12:00:00 AM,12:55:23,1026.06,70.0,30.42,42.0,126.67,13.5,06:11:00,18:19:00
2098,1474584623,9/22/2016 12:00:00 AM,12:50:23,1043.82,70.0,30.42,41.0,123.91,11.25,06:11:00,18:19:00
2099,1474584322,9/22/2016 12:00:00 AM,12:45:22,1048.62,70.0,30.42,41.0,154.89,11.25,06:11:00,18:19:00
2100,1474584019,9/22/2016 12:00:00 AM,12:40:19,1046.32,70.0,30.42,39.0,179.37,16.87,06:11:00,18:19:00
2101,1474583719,9/22/2016 12:00:00 AM,12:35:19,1047.28,71.0,30.42,36.0,129.04,13.5,06:11:00,18:19:00
2102,1474583419,9/22/2016 12:00:00 AM,12:30:19,1049.18,70.0,30.42,38.0,169.69,10.12,06:11:00,18:19:00
2103,1474583121,9/22/2016 12:00:00 AM,12:25:21,1048.33,70.0,30.42,37.0,136.29,13.5,06:11:00,18:19:00
2104,1474582820,9/22/2016 12:00:00 AM,12:20:20,1051.97,70.0,30.42,37.0,137.95,13.5,06:11:00,18:19:00
2105,1474582522,9/22/2016 12:00:00 AM,12:15:22,1047.71,70.0,30.42,41.0,155.62,11.25,06:11:00,18:19:00
2106,1474582219,9/22/2016 12:00:00 AM,12:10:19,1048.27,70.0,30.42,38.0,92.03,11.25,06:11:00,18:19:00
2107,1474581921,9/22/2016 12:00:00 AM,12:05:21,1053.17,71.0,30.43,32.0,84.45,3.37,06:11:00,18:19:00
2108,1474581618,9/22/2016 12:00:00 AM,12:00:18,1044.95,70.0,30.43,32.0,116.57,15.75,06:11:00,18:19:00
2109,1474581322,9/22/2016 12:00:00 AM,11:55:22,1042.58,70.0,30.43,31.0,130.36,5.62,06:11:00,18:19:00
2110,1474581024,9/22/2016 12:00:00 AM,11:50:24,1046.05,71.0,30.43,31.0,151.69,12.37,06:11:00,18:19:00
2111,1474580719,9/22/2016 12:00:00 AM,11:45:19,1040.07,70.0,30.43,26.0,158.1,7.87,06:11:00,18:19:00
2112,1474580424,9/22/2016 12:00:00 AM,11:40:24,1044.45,70.0,30.43,29.0,160.75,11.25,06:11:00,18:19:00
2113,1474580121,9/22/2016 12:00:00 AM,11:35:21,1039.27,71.0,30.44,30.0,134.89,15.75,06:11:00,18:19:00
2114,1474579826,9/22/2016 12:00:00 AM,11:30:26,1035.48,71.0,30.44,27.0,113.85,18.0,06:11:00,18:19:00
2115,1474579519,9/22/2016 12:00:00 AM,11:25:19,1028.63,71.0,30.44,30.0,190.66,7.87,06:11:00,18:19:00
2116,1474579218,9/22/2016 12:00:00 AM,11:20:18,1020.83,71.0,30.44,26.0,153.22,9.0,06:11:00,18:19:00
2117,1474578920,9/22/2016 12:00:00 AM,11:15:20,1013.01,71.0,30.44,25.0,126.69,6.75,06:11:00,18:19:00
2118,1474578620,9/22/2016 12:00:00 AM,11:10:20,1012.71,71.0,30.44,28.0,125.68,10.12,06:11:00,18:19:00
2119,1474578323,9/22/2016 12:00:00 AM,11:05:23,1000.86,71.0,30.43,29.0,134.92,13.5,06:11:00,18:19:00
2120,1474578020,9/22/2016 12:00:00 AM,11:00:20,992.5,70.0,30.44,27.0,178.62,5.62,06:11:00,18:19:00
2121,1474577721,9/22/2016 12:00:00 AM,10:55:21,986.74,69.0,30.423028000868246,27.0,102.78,11.25,06:11:00,18:19:00
2122,1474577422,9/22/2016 12:00:00 AM,10:50:22,973.53,70.0,30.44,29.0,100.8,14.62,06:11:00,18:19:00
2123,1474577122,9/22/2016 12:00:00 AM,10:45:22,968.85,70.0,30.44,27.0,147.21,9.0,06:11:00,18:19:00
2124,1474576825,9/22/2016 12:00:00 AM,10:40:25,961.76,70.0,30.44,24.0,119.62,10.12,06:11:00,18:19:00
2125,1474576520,9/22/2016 12:00:00 AM,10:35:20,950.73,70.0,30.44,24.0,54.39,10.12,06:11:00,18:19:00
2126,1474576222,9/22/2016 12:00:00 AM,10:30:22,938.11,70.0,30.44,25.0,132.6,6.75,06:11:00,18:19:00
2127,1474575919,9/22/2016 12:00:00 AM,10:25:19,928.49,69.0,30.44,24.0,174.56,13.5,06:11:00,18:19:00
2128,1474575620,9/22/2016 12:00:00 AM,10:20:20,918.66,69.0,30.44,23.0,129.99,14.62,06:11:00,18:19:00
2129,1474575325,9/22/2016 12:00:00 AM,10:15:25,907.41,69.0,30.44,22.0,117.11,12.37,06:11:00,18:19:00
2130,1474575019,9/22/2016 12:00:00 AM,10:10:19,896.0,69.0,30.44,23.0,144.21,10.12,06:11:00,18:19:00
2131,1474574721,9/22/2016 12:00:00 AM,10:05:21,881.31,69.0,30.44,23.0,108.62,12.37,06:11:00,18:19:00
2132,1474574420,9/22/2016 12:00:00 AM,10:00:20,868.1,68.0,30.43,23.0,148.93,14.62,06:11:00,18:19:00
2133,1474574120,9/22/2016 12:00:00 AM,09:55:20,855.06,68.0,30.44,21.0,119.66,9.0,06:11:00,18:19:00
2134,1474573819,9/22/2016 12:00:00 AM,09:50:19,843.06,68.0,30.44,21.0,115.54,11.25,06:11:00,18:19:00
2135,1474573519,9/22/2016 12:00:00 AM,09:45:19,828.52,68.0,30.44,23.0,139.97,9.0,06:11:00,18:19:00
2136,1474573218,9/22/2016 12:00:00 AM,09:40:18,813.7,67.0,30.44,22.0,126.05,13.5,06:11:00,18:19:00
2137,1474572919,9/22/2016 12:00:00 AM,09:35:19,800.37,67.0,30.43,23.0,152.17,11.25,06:11:00,18:19:00
2138,1474572627,9/22/2016 12:00:00 AM,09:30:27,783.18,66.0,30.43,23.0,126.44,11.25,06:11:00,18:19:00
2139,1474572324,9/22/2016 12:00:00 AM,09:25:24,767.27,64.0,30.43,25.0,116.73,4.5,06:11:00,18:19:00
2140,1474572021,9/22/2016 12:00:00 AM,09:20:21,750.94,62.0,30.43,29.0,174.78,11.25,06:11:00,18:19:00
2141,1474571718,9/22/2016 12:00:00 AM,09:15:18,734.59,59.0,30.43,56.0,100.4,2.25,06:11:00,18:19:00
2142,1474571419,9/22/2016 12:00:00 AM,09:10:19,711.53,60.0,30.43,73.0,45.3,13.5,06:11:00,18:19:00
2143,1474571121,9/22/2016 12:00:00 AM,09:05:21,696.2,60.0,30.43,64.0,6.0,11.25,06:11:00,18:19:00
2144,1474570822,9/22/2016 12:00:00 AM,09:00:22,679.63,61.0,30.43,65.0,160.13,7.87,06:11:00,18:19:00
2145,1474570518,9/22/2016 12:00:00 AM,08:55:18,662.65,64.0,30.43,56.0,37.49,3.37,06:11:00,18:19:00
2146,1474570220,9/22/2016 12:00:00 AM,08:50:20,645.6,64.0,30.43,22.0,124.27,6.75,06:11:00,18:19:00
2147,1474569918,9/22/2016 12:00:00 AM,08:45:18,626.2,63.0,30.43,23.0,139.66,5.62,06:11:00,18:19:00
2148,1474569621,9/22/2016 12:00:00 AM,08:40:21,607.52,61.0,30.43,26.0,119.12,4.5,06:11:00,18:19:00
2149,1474569321,9/22/2016 12:00:00 AM,08:35:21,588.05,60.0,30.43,67.0,95.23,5.62,06:11:00,18:19:00
2150,1474569023,9/22/2016 12:00:00 AM,08:30:23,565.93,63.0,30.43,61.0,80.35,12.37,06:11:00,18:19:00
2151,1474568722,9/22/2016 12:00:00 AM,08:25:22,550.89,64.0,30.43,19.0,359.93,2.25,06:11:00,18:19:00
2152,1474568422,9/22/2016 12:00:00 AM,08:20:22,529.22,63.0,30.43,19.0,170.83,4.5,06:11:00,18:19:00
2153,1474568120,9/22/2016 12:00:00 AM,08:15:20,508.32,63.0,30.42,20.0,144.17,7.87,06:11:00,18:19:00
2154,1474567824,9/22/2016 12:00:00 AM,08:10:24,488.35,62.0,30.42,21.0,162.05,13.5,06:11:00,18:19:00
2155,1474567519,9/22/2016 12:00:00 AM,08:05:19,467.47,62.0,30.42,23.0,117.99,6.75,06:11:00,18:19:00
2156,1474567238,9/22/2016 12:00:00 AM,08:00:38,447.17,62.0,30.42,21.0,150.91,6.75,06:11:00,18:19:00
2157,1474566921,9/22/2016 12:00:00 AM,07:55:21,425.0,61.0,30.41,23.0,125.74,7.87,06:11:00,18:19:00
2158,1474566618,9/22/2016 12:00:00 AM,07:50:18,403.22,60.0,30.41,25.0,175.15,5.62,06:11:00,18:19:00
2159,1474566319,9/22/2016 12:00:00 AM,07:45:19,381.78,59.0,30.41,26.0,144.16,4.5,06:11:00,18:19:00
2160,1474566022,9/22/2016 12:00:00 AM,07:40:22,360.69,58.0,30.41,26.0,144.64,5.62,06:11:00,18:19:00
2161,1474565719,9/22/2016 12:00:00 AM,07:35:19,338.31,57.0,30.41,28.0,175.35,4.5,06:11:00,18:19:00
2162,1474565420,9/22/2016 12:00:00 AM,07:30:20,314.95,55.0,30.41,30.0,154.16,1.12,06:11:00,18:19:00
2163,1474565121,9/22/2016 12:00:00 AM,07:25:21,289.33,51.16507236474315,30.41,31.0,105.49,7.87,06:11:00,18:19:00
2164,1474564822,9/22/2016 12:00:00 AM,07:20:22,262.47,53.0,30.41,32.0,160.55,7.87,06:11:00,18:19:00
2165,1474564522,9/22/2016 12:00:00 AM,07:15:22,233.57,52.0,30.4,34.0,168.99,7.87,06:11:00,18:19:00
2166,1474564220,9/22/2016 12:00:00 AM,07:10:20,204.15,51.0,30.4,35.0,169.8,7.87,06:11:00,18:19:00
2167,1474563928,9/22/2016 12:00:00 AM,07:05:28,142.28,50.0,30.4,36.0,143.03,11.25,06:11:00,18:19:00
2168,1474563622,9/22/2016 12:00:00 AM,07:00:22,20.26,50.0,30.4,37.0,132.86,7.87,06:11:00,18:19:00
2169,1474563322,9/22/2016 12:00:00 AM,06:55:22,19.04,49.0,30.4,38.0,168.15,7.87,06:11:00,18:19:00
2170,1474563025,9/22/2016 12:00:00 AM,06:50:25,18.27,48.0,30.4,39.0,184.55,7.87,06:11:00,18:19:00
2171,1474562723,9/22/2016 12:00:00 AM,06:45:23,17.35,48.0,30.4,40.0,168.88,7.87,06:11:00,18:19:00
2172,1474562420,9/22/2016 12:00:00 AM,06:40:20,16.25,48.0,30.4,40.0,188.41,5.62,06:11:00,18:19:00
2173,1474562124,9/22/2016 12:00:00 AM,06:35:24,15.0,47.0,30.4,40.0,185.34,6.229096658193317,06:11:00,18:19:00
2174,1474561819,9/22/2016 12:00:00 AM,06:30:19,13.61,47.0,30.4,40.0,191.72,10.12,06:11:00,18:19:00
2175,1474561522,9/22/2016 12:00:00 AM,06:25:22,11.84,47.0,30.4,41.0,192.32,7.87,06:11:00,18:19:00
2176,1474561219,9/22/2016 12:00:00 AM,06:20:19,9.92,47.0,30.4,41.0,171.78,10.12,06:11:00,18:19:00
2177,1474560919,9/22/2016 12:00:00 AM,06:15:19,7.84,47.0,30.4,41.0,190.82,9.0,06:11:00,18:19:00
2178,1474560621,9/22/2016 12:00:00 AM,06:10:21,5.68,47.0,30.4,42.0,172.38,7.87,06:11:00,18:19:00
2179,1474560319,9/22/2016 12:00:00 AM,06:05:19,3.37,47.0,30.4,41.0,165.3,7.87,06:11:00,18:19:00
2180,1474560020,9/22/2016 12:00:00 AM,06:00:20,1.62,47.0,30.39,41.0,167.61,6.75,06:11:00,18:19:00
2181,1474559720,9/22/2016 12:00:00 AM,05:55:20,1.24,47.0,30.39,42.0,184.47,7.87,06:11:00,18:19:00
2182,1474559419,9/22/2016 12:00:00 AM,05:50:19,1.23,47.0,30.39,43.0,184.79,9.0,06:11:00,18:19:00
2183,1474559119,9/22/2016 12:00:00 AM,05:45:19,1.21,47.0,30.39,43.0,164.83,11.25,06:11:00,18:19:00
2184,1474558822,9/22/2016 12:00:00 AM,05:40:22,1.19,47.0,30.39,43.0,186.19,7.87,06:11:00,18:19:00
2185,1474558524,9/22/2016 12:00:00 AM,05:35:24,1.23,47.0,30.39,44.0,169.84,7.87,06:11:00,18:19:00
2186,1474558219,9/22/2016 12:00:00 AM,05:30:19,1.22,46.0,30.39,44.0,179.89,9.0,06:11:00,18:19:00
2187,1474557923,9/22/2016 12:00:00 AM,05:25:23,1.23,46.0,30.38,45.0,168.12,9.0,06:11:00,18:19:00
2188,1474557622,9/22/2016 12:00:00 AM,05:20:22,1.21,46.0,30.38,46.0,170.0,7.87,06:11:00,18:19:00
2189,1474557320,9/22/2016 12:00:00 AM,05:15:20,1.22,46.0,30.38,47.0,173.11,4.5,06:11:00,18:19:00
2190,1474557022,9/22/2016 12:00:00 AM,05:10:22,1.24,46.0,30.38,48.0,174.24,5.62,06:11:00,18:19:00
2191,1474556737,9/22/2016 12:00:00 AM,05:05:37,1.19,46.0,30.38,49.0,174.38,7.87,06:11:00,18:19:00
2192,1474556418,9/22/2016 12:00:00 AM,05:00:18,1.21,45.0,30.38,49.0,167.98,7.87,06:11:00,18:19:00
2193,1474556118,9/22/2016 12:00:00 AM,04:55:18,1.21,45.0,30.38,51.0,158.76,7.87,06:11:00,18:19:00
2194,1474555821,9/22/2016 12:00:00 AM,04:50:21,1.2,45.0,30.38,52.0,169.9,6.75,06:11:00,18:19:00
2195,1474555518,9/22/2016 12:00:00 AM,04:45:18,1.19,45.0,30.38,74.83719267708949,168.88,7.87,06:11:00,18:19:00
2196,1474555220,9/22/2016 12:00:00 AM,04:40:20,1.21,45.0,30.38,59.0,186.64,7.87,06:11:00,18:19:00
2197,1474554920,9/22/2016 12:00:00 AM,04:35:20,1.22,45.0,30.38,73.0,133.3,5.62,06:11:00,18:19:00
2198,1474554627,9/22/2016 12:00:00 AM,04:30:27,1.2,46.0,30.38,86.0,233.85,3.37,06:11:00,18:19:00
2199,1474554320,9/22/2016 12:00:00 AM,04:25:20,1.18,46.0,30.38,80.0,176.75,4.5,06:11:00,18:19:00
2200,1474554021,9/22/2016 12:00:00 AM,04:20:21,1.2,45.0,30.38,79.0,92.04,3.37,06:11:00,18:19:00
2201,1474553722,9/22/2016 12:00:00 AM,04:15:22,1.19,45.0,30.38,79.0,171.32,3.37,06:11:00,18:19:00
2202,1474553425,9/22/2016 12:00:00 AM,04:10:25,1.21,45.0,30.38,63.0,91.02,5.62,06:11:00,18:19:00
2203,1474553119,9/22/2016 12:00:00 AM,04:05:19,1.21,45.0,30.38,61.0,151.43,7.87,06:11:00,18:19:00
2204,1474552821,9/22/2016 12:00:00 AM,04:00:21,1.18,45.0,30.38,70.0,126.69,4.5,06:11:00,18:19:00
2205,1474552520,9/22/2016 12:00:00 AM,03:55:20,1.23,45.0,30.38,69.0,121.82,5.62,06:11:00,18:19:00
2206,1474552221,9/22/2016 12:00:00 AM,03:50:21,1.2,45.0,30.38,70.0,133.84,5.62,06:11:00,18:19:00
2207,1474551920,9/22/2016 12:00:00 AM,03:45:20,1.22,45.0,30.38,71.0,108.88,4.5,06:11:00,18:19:00
2208,1474551622,9/22/2016 12:00:00 AM,03:40:22,1.18,46.0,30.38,71.0,99.73,3.37,06:11:00,18:19:00
2209,1474551318,9/22/2016 12:00:00 AM,03:35:18,1.21,46.0,30.38,76.0,135.15,4.5,06:11:00,18:19:00
2210,1474551022,9/22/2016 12:00:00 AM,03:30:22,1.19,46.0,30.38,89.0,104.7,4.5,06:11:00,18:19:00
2211,1474550724,9/22/2016 12:00:00 AM,03:25:24,1.23,46.0,30.38,94.0,137.68,9.0,06:11:00,18:19:00
2212,1474550418,9/22/2016 12:00:00 AM,03:20:18,1.21,47.0,30.38,98.0,111.73,12.37,06:11:00,18:19:00
2213,1474550120,9/22/2016 12:00:00 AM,03:15:20,1.21,47.0,30.38,100.0,185.3,3.37,06:11:00,18:19:00
2214,1474549818,9/22/2016 12:00:00 AM,03:10:18,1.24,48.0,30.38,101.0,151.29,7.87,06:11:00,18:19:00
2215,1474549523,9/22/2016 12:00:00 AM,03:05:23,1.23,48.0,30.38,101.0,141.35,10.12,06:11:00,18:19:00
2216,1474549220,9/22/2016 12:00:00 AM,03:00:20,1.21,48.0,30.38,101.0,147.2,6.75,06:11:00,18:19:00
2217,1474548920,9/22/2016 12:00:00 AM,02:55:20,1.21,48.0,30.39,101.0,173.54,7.87,06:11:00,18:19:00
2218,1474548621,9/22/2016 12:00:00 AM,02:50:21,1.22,48.0,30.39,101.0,98.1,9.0,06:11:00,18:19:00
2219,1474548323,9/22/2016 12:00:00 AM,02:45:23,1.25,48.0,30.39,101.0,128.28,9.0,06:11:00,18:19:00
2220,1474548021,9/22/2016 12:00:00 AM,02:40:21,1.23,49.0,30.39,101.0,124.32,6.75,06:11:00,18:19:00
2221,1474547722,9/22/2016 12:00:00 AM,02:35:22,1.22,49.0,30.39,101.0,143.0,7.87,06:11:00,18:19:00
2222,1474547420,9/22/2016 12:00:00 AM,02:30:20,1.21,49.0,30.39,101.0,130.04,4.5,06:11:00,18:19:00
2223,1474547125,9/22/2016 12:00:00 AM,02:25:25,1.21,49.0,30.39,101.0,181.63,2.25,06:11:00,18:19:00
2224,1474546822,9/22/2016 12:00:00 AM,02:20:22,1.24,49.0,30.39,101.0,114.67,4.5,06:11:00,18:19:00
2225,1474546524,9/22/2016 12:00:00 AM,02:15:24,1.22,49.0,30.39,101.0,39.33,2.25,06:11:00,18:19:00
2226,1474546218,9/22/2016 12:00:00 AM,02:10:18,1.24,49.0,30.39,101.0,143.38,5.62,06:11:00,18:19:00
2227,1474545919,9/22/2016 12:00:00 AM,02:05:19,1.25,49.0,30.39,101.0,115.62,5.62,06:11:00,18:19:00
2228,1474545618,9/22/2016 12:00:00 AM,02:00:18,1.22,49.0,30.39,101.0,104.14,4.5,06:11:00,18:19:00
2229,1474545322,9/22/2016 12:00:00 AM,01:55:22,1.22,49.0,30.39,101.0,124.73,9.0,06:11:00,18:19:00
2230,1474545021,9/22/2016 12:00:00 AM,01:50:21,1.24,49.0,30.39,100.0,152.05,6.75,06:11:00,18:19:00
2231,1474544720,9/22/2016 12:00:00 AM,01:45:20,1.23,49.0,30.39,100.0,122.99,10.12,06:11:00,18:19:00
2232,1474544422,9/22/2016 12:00:00 AM,01:40:22,1.24,49.0,30.39,100.0,104.13,7.87,06:11:00,18:19:00
2233,1474544123,9/22/2016 12:00:00 AM,01:35:23,1.2,49.0,30.39,100.0,139.48,6.75,06:11:00,18:19:00
2234,1474543824,9/22/2016 12:00:00 AM,01:30:24,1.19,50.0,30.39,100.0,109.6,7.87,06:11:00,18:19:00
2235,1474543521,9/22/2016 12:00:00 AM,01:25:21,1.24,49.0,30.4,100.0,119.91,7.87,06:11:00,18:19:00
2236,1474543219,9/22/2016 12:00:00 AM,01:20:19,1.25,49.0,30.4,100.0,124.92,9.0,06:11:00,18:19:00
2237,1474542919,9/22/2016 12:00:00 AM,01:15:19,1.21,50.0,30.4,100.0,136.44,7.87,06:11:00,18:19:00
2238,1474542620,9/22/2016 12:00:00 AM,01:10:20,1.22,50.0,30.4,100.0,114.29,7.87,06:11:00,18:19:00
2239,1474542322,9/22/2016 12:00:00 AM,01:05:22,1.23,50.0,30.4,100.0,114.48,4.5,06:11:00,18:19:00
2240,1474542027,9/22/2016 12:00:00 AM,01:00:27,1.25,50.0,30.4,100.0,154.09,5.62,06:11:00,18:19:00
2241,1474541422,9/22/2016 12:00:00 AM,00:50:22,1.24,50.0,30.41,99.0,73.25,3.37,06:11:00,18:19:00
2242,1474541126,9/22/2016 12:00:00 AM,00:45:26,1.21,50.0,30.41,99.0,105.75,2.25,06:11:00,18:19:00
2243,1474540820,9/22/2016 12:00:00 AM,00:40:20,1.21,50.0,30.41,99.0,65.33,2.25,06:11:00,18:19:00
2244,1474540523,9/22/2016 12:00:00 AM,00:35:23,1.22,50.0,30.41,99.0,159.03,2.25,06:11:00,18:19:00
2245,1474540219,9/22/2016 12:00:00 AM,00:30:19,1.23,50.0,30.41,99.0,117.73,5.62,06:11:00,18:19:00
2246,1474539919,9/22/2016 12:00:00 AM,00:25:19,1.21,50.0,30.41,98.0,155.02,9.0,06:11:00,18:19:00
2247,1474539627,9/22/2016 12:00:00 AM,00:20:27,1.22,50.0,30.41,98.0,163.71,5.62,06:11:00,18:19:00
2248,1474539020,9/22/2016 12:00:00 AM,00:10:20,1.24,50.0,30.41,98.0,109.42,5.62,06:11:00,18:19:00
2249,1474538721,9/22/2016 12:00:00 AM,00:05:21,1.2,50.0,30.41,98.0,126.49,9.0,06:11:00,18:19:00
2250,1474538422,9/22/2016 12:00:00 AM,00:00:22,1.23,50.0,30.41,98.0,154.3,9.0,06:11:00,18:19:00
2251,1474538119,9/21/2016 12:00:00 AM,23:55:19,1.22,50.0,30.41,98.0,147.05,10.12,06:11:00,18:20:00
2252,1474537819,9/21/2016 12:00:00 AM,23:50:19,1.23,50.0,30.41,97.0,157.38,1.12,06:11:00,18:20:00
2253,1474537525,9/21/2016 12:00:00 AM,23:45:25,1.25,50.0,30.41,97.0,157.11,5.62,06:11:00,18:20:00
2254,1474537221,9/21/2016 12:00:00 AM,23:40:21,1.25,50.0,30.41,97.0,119.04,11.25,06:11:00,18:20:00
2255,1474536918,9/21/2016 12:00:00 AM,23:35:18,1.23,50.0,30.41,97.0,145.34,6.75,06:11:00,18:20:00
2256,1474536619,9/21/2016 12:00:00 AM,23:30:19,1.25,50.0,30.41,97.0,128.75,7.87,06:11:00,18:20:00
2257,1474536322,9/21/2016 12:00:00 AM,23:25:22,1.24,50.0,30.41,96.0,162.53,7.87,06:11:00,18:20:00
2258,1474536023,9/21/2016 12:00:00 AM,23:20:23,1.24,50.0,30.41,96.0,135.68,7.87,06:11:00,18:20:00
2259,1474535721,9/21/2016 12:00:00 AM,23:15:21,1.24,49.0,30.41,95.0,176.53,12.37,06:11:00,18:20:00
2260,1474535418,9/21/2016 12:00:00 AM,23:10:18,1.26,49.0,30.41,94.0,156.89,4.5,06:11:00,18:20:00
2261,1474535122,9/21/2016 12:00:00 AM,23:05:22,1.23,49.0,30.41,92.0,164.48,9.0,06:11:00,18:20:00
2262,1474534823,9/21/2016 12:00:00 AM,23:00:23,1.22,49.0,30.41,90.0,162.42,7.87,06:11:00,18:20:00
2263,1474534522,9/21/2016 12:00:00 AM,22:55:22,1.22,49.0,30.41,87.0,156.37,9.0,06:11:00,18:20:00
2264,1474534218,9/21/2016 12:00:00 AM,22:50:18,1.22,49.0,30.41,81.0,112.27,4.5,06:11:00,18:20:00
2265,1474533920,9/21/2016 12:00:00 AM,22:45:20,1.24,49.0,30.42,78.0,170.39,6.75,06:11:00,18:20:00
2266,1474533619,9/21/2016 12:00:00 AM,22:40:19,1.23,49.0,30.42,75.0,160.51,6.75,06:11:00,18:20:00
2267,1474533320,9/21/2016 12:00:00 AM,22:35:20,1.24,49.0,30.42,73.0,163.19,7.87,06:11:00,18:20:00
2268,1474533020,9/21/2016 12:00:00 AM,22:30:20,1.22,49.0,30.42,76.0,168.62,3.37,06:11:00,18:20:00
2269,1474532722,9/21/2016 12:00:00 AM,22:25:22,1.22,49.0,30.42,82.0,123.6,4.5,06:11:00,18:20:00
2270,1474532421,9/21/2016 12:00:00 AM,22:20:21,1.24,49.0,30.42,84.0,156.21,9.0,06:11:00,18:20:00
2271,1474532121,9/21/2016 12:00:00 AM,22:15:21,1.23,49.0,30.42,87.0,161.54,9.0,06:11:00,18:20:00
2272,1474531822,9/21/2016 12:00:00 AM,22:10:22,1.19,49.0,30.42,87.0,137.19,10.12,06:11:00,18:20:00
2273,1474531521,9/21/2016 12:00:00 AM,22:05:21,1.22,49.0,30.42,89.0,146.34,6.75,06:11:00,18:20:00
2274,1474531222,9/21/2016 12:00:00 AM,22:00:22,1.25,49.0,30.42,91.0,132.21,2.25,06:11:00,18:20:00
2275,1474530920,9/21/2016 12:00:00 AM,21:55:20,1.25,50.0,30.42,94.0,132.67,9.0,06:11:00,18:20:00
2276,1474530622,9/21/2016 12:00:00 AM,21:50:22,1.21,50.0,30.42,93.0,84.27,5.62,06:11:00,18:20:00
2277,1474530324,9/21/2016 12:00:00 AM,21:45:24,1.21,50.0,30.42,93.0,136.44,9.0,06:11:00,18:20:00
2278,1474530021,9/21/2016 12:00:00 AM,21:40:21,1.23,50.0,30.42,92.0,87.91,9.0,06:11:00,18:20:00
2279,1474529722,9/21/2016 12:00:00 AM,21:35:22,1.25,50.0,30.42,92.0,119.85,9.0,06:11:00,18:20:00
2280,1474529425,9/21/2016 12:00:00 AM,21:30:25,1.24,50.0,30.42,92.0,123.26,6.75,06:11:00,18:20:00
2281,1474529118,9/21/2016 12:00:00 AM,21:25:18,1.23,50.0,30.42,93.0,105.48,6.75,06:11:00,18:20:00
2282,1474528820,9/21/2016 12:00:00 AM,21:20:20,1.23,50.0,30.423028000868246,93.0,105.54,9.0,06:11:00,18:20:00
2283,1474528522,9/21/2016 12:00:00 AM,21:15:22,1.25,50.0,30.42,93.0,110.36,9.0,06:11:00,18:20:00
2284,1474528226,9/21/2016 12:00:00 AM,21:10:26,1.25,50.0,30.42,92.0,96.81,7.87,06:11:00,18:20:00
2285,1474527918,9/21/2016 12:00:00 AM,21:05:18,1.23,51.0,30.42,92.0,95.34,7.87,06:11:00,18:20:00
2286,1474527619,9/21/2016 12:00:00 AM,21:00:19,1.23,51.0,30.42,92.0,202.79,5.62,06:11:00,18:20:00
2287,1474527320,9/21/2016 12:00:00 AM,20:55:20,1.2,51.0,30.42,92.0,183.47,4.5,06:11:00,18:20:00
2288,1474527018,9/21/2016 12:00:00 AM,20:50:18,1.23,51.0,30.42,92.0,141.52,5.62,06:11:00,18:20:00
2289,1474526722,9/21/2016 12:00:00 AM,20:45:22,1.26,51.0,30.41,91.0,110.24,6.75,06:11:00,18:20:00
2290,1474526424,9/21/2016 12:00:00 AM,20:40:24,1.25,51.0,30.41,91.0,129.7,5.62,06:11:00,18:20:00
2291,1474526127,9/21/2016 12:00:00 AM,20:35:27,1.22,50.0,30.41,91.0,124.0,5.62,06:11:00,18:20:00
2292,1474525822,9/21/2016 12:00:00 AM,20:30:22,1.19,50.0,30.41,90.0,117.33,4.5,06:11:00,18:20:00
2293,1474525520,9/21/2016 12:00:00 AM,20:25:20,1.23,51.0,30.41,90.0,168.48,7.87,06:11:00,18:20:00
2294,1474525221,9/21/2016 12:00:00 AM,20:20:21,1.22,51.0,30.41,89.0,136.02,10.12,06:11:00,18:20:00
2295,1474524920,9/21/2016 12:00:00 AM,20:15:20,1.23,51.0,30.41,87.0,96.22,5.62,06:11:00,18:20:00
2296,1474524622,9/21/2016 12:00:00 AM,20:10:22,1.21,51.0,30.41,86.0,57.34,6.75,06:11:00,18:20:00
2297,1474524321,9/21/2016 12:00:00 AM,20:05:21,1.23,51.0,30.41,84.0,145.84,6.75,06:11:00,18:20:00
2298,1474524020,9/21/2016 12:00:00 AM,20:00:20,1.23,51.0,30.41,81.0,128.14,7.87,06:11:00,18:20:00
2299,1474523723,9/21/2016 12:00:00 AM,19:55:23,1.23,51.0,30.41,80.0,145.26,4.5,06:11:00,18:20:00
2300,1474523421,9/21/2016 12:00:00 AM,19:50:21,1.27,51.0,30.4,78.0,137.43,10.12,06:11:00,18:20:00
2301,1474523119,9/21/2016 12:00:00 AM,19:45:19,1.23,52.0,30.4,75.0,161.86,5.62,06:11:00,18:20:00
2302,1474522821,9/21/2016 12:00:00 AM,19:40:21,1.24,52.0,30.4,73.0,61.17,5.62,06:11:00,18:20:00
2303,1474522520,9/21/2016 12:00:00 AM,19:35:20,1.27,52.0,30.4,70.0,67.98,4.5,06:11:00,18:20:00
2304,1474522220,9/21/2016 12:00:00 AM,19:30:20,1.27,52.0,30.4,74.0,143.54770303349548,6.75,06:11:00,18:20:00
2305,1474521920,9/21/2016 12:00:00 AM,19:25:20,1.25,53.0,30.4,74.0,99.32,4.5,06:11:00,18:20:00
2306,1474521620,9/21/2016 12:00:00 AM,19:20:20,1.26,52.0,30.4,59.0,124.85,5.62,06:11:00,18:20:00
2307,1474521323,9/21/2016 12:00:00 AM,19:15:23,1.21,52.0,30.4,63.0,118.86,9.0,06:11:00,18:20:00
2308,1474521020,9/21/2016 12:00:00 AM,19:10:20,1.24,52.0,30.4,58.0,147.25,5.62,06:11:00,18:20:00
2309,1474520720,9/21/2016 12:00:00 AM,19:05:20,1.24,51.0,30.4,66.0,119.45,7.87,06:11:00,18:20:00
2310,1474520418,9/21/2016 12:00:00 AM,19:00:18,1.22,51.0,30.4,82.0,133.28,7.87,06:11:00,18:20:00
2311,1474520123,9/21/2016 12:00:00 AM,18:55:23,1.21,51.0,30.39,92.0,158.74,9.0,06:11:00,18:20:00
2312,1474519818,9/21/2016 12:00:00 AM,18:50:18,1.22,51.0,30.39,93.0,65.97,4.5,06:11:00,18:20:00
2313,1474519518,9/21/2016 12:00:00 AM,18:45:18,1.21,51.0,30.39,94.0,75.94,3.37,06:11:00,18:20:00
2314,1474519219,9/21/2016 12:00:00 AM,18:40:19,1.23,51.0,30.39,95.0,150.09,1.12,06:11:00,18:20:00
2315,1474518919,9/21/2016 12:00:00 AM,18:35:19,1.22,51.0,30.39,95.0,131.88,4.5,06:11:00,18:20:00
2316,1474518622,9/21/2016 12:00:00 AM,18:30:22,1.64,51.0,30.39,96.0,101.58,5.62,06:11:00,18:20:00
2317,1474518322,9/21/2016 12:00:00 AM,18:25:22,2.85,51.0,30.39,96.0,52.32,5.62,06:11:00,18:20:00
2318,1474518020,9/21/2016 12:00:00 AM,18:20:20,4.19,51.0,30.39,95.0,69.03,6.75,06:11:00,18:20:00
2319,1474517719,9/21/2016 12:00:00 AM,18:15:19,5.55,52.0,30.39,94.0,102.48,3.37,06:11:00,18:20:00
2320,1474517422,9/21/2016 12:00:00 AM,18:10:22,8.81,52.0,30.39,93.0,85.88,3.37,06:11:00,18:20:00
2321,1474517119,9/21/2016 12:00:00 AM,18:05:19,15.62,52.0,30.39,94.0,56.24,3.37,06:11:00,18:20:00
2322,1474516820,9/21/2016 12:00:00 AM,18:00:20,24.14,52.0,30.39,94.0,54.96,6.75,06:11:00,18:20:00
2323,1474516518,9/21/2016 12:00:00 AM,17:55:18,35.14,52.0,30.39,94.0,72.03,2.25,06:11:00,18:20:00
2324,1474516222,9/21/2016 12:00:00 AM,17:50:22,39.28,52.0,30.39,93.0,75.71,6.75,06:11:00,18:20:00
2325,1474515921,9/21/2016 12:00:00 AM,17:45:21,49.21,52.0,30.39,93.0,0.82,2.25,06:11:00,18:20:00
2326,1474515620,9/21/2016 12:00:00 AM,17:40:20,61.35,53.0,30.39,93.0,74.36,4.5,06:11:00,18:20:00
2327,1474515325,9/21/2016 12:00:00 AM,17:35:25,66.52,53.0,30.39,93.0,49.75,2.25,06:11:00,18:20:00
2328,1474515020,9/21/2016 12:00:00 AM,17:30:20,89.24,53.0,30.39,92.0,8.78,4.5,06:11:00,18:20:00
2329,1474514718,9/21/2016 12:00:00 AM,17:25:18,98.92,53.0,30.39,92.0,38.33,6.75,06:11:00,18:20:00
2330,1474514420,9/21/2016 12:00:00 AM,17:20:20,112.93,53.0,30.39,92.0,44.25,3.37,06:11:00,18:20:00
2331,1474514121,9/21/2016 12:00:00 AM,17:15:21,126.18,53.0,30.39,92.0,53.07,10.12,06:11:00,18:20:00
2332,1474513820,9/21/2016 12:00:00 AM,17:10:20,115.12,53.0,30.39,92.0,77.5,4.5,06:11:00,18:20:00
2333,1474513518,9/21/2016 12:00:00 AM,17:05:18,126.91,53.0,30.39,92.0,29.22,9.0,06:11:00,18:20:00
2334,1474513219,9/21/2016 12:00:00 AM,17:00:19,131.86,54.0,30.38,91.0,40.71,7.87,06:11:00,18:20:00
2335,1474512923,9/21/2016 12:00:00 AM,16:55:23,116.82,54.0,30.38,91.0,10.31,5.62,06:11:00,18:20:00
2336,1474512618,9/21/2016 12:00:00 AM,16:50:18,130.77,54.0,30.38,90.0,24.35,7.87,06:11:00,18:20:00
2337,1474512319,9/21/2016 12:00:00 AM,16:45:19,167.76,55.0,30.38,89.0,38.12,2.25,06:11:00,18:20:00
2338,1474512022,9/21/2016 12:00:00 AM,16:40:22,161.48,55.0,30.38,87.0,55.6,4.5,06:11:00,18:20:00
2339,1474511720,9/21/2016 12:00:00 AM,16:35:20,210.1,56.0,30.38,86.0,97.97,6.75,06:11:00,18:20:00
2340,1474511420,9/21/2016 12:00:00 AM,16:30:20,286.08,56.0,30.38,85.0,32.7,7.87,06:11:00,18:20:00
2341,1474511120,9/21/2016 12:00:00 AM,16:25:20,433.22,56.0,30.38,84.0,42.48,9.0,06:11:00,18:20:00
2342,1474510520,9/21/2016 12:00:00 AM,16:15:20,616.99,58.0,30.39,80.0,25.53,9.0,06:11:00,18:20:00
2343,1474510219,9/21/2016 12:00:00 AM,16:10:19,524.05,58.0,30.39,78.0,21.42,9.0,06:11:00,18:20:00
2344,1474509921,9/21/2016 12:00:00 AM,16:05:21,546.14,58.0,30.38,77.0,27.58,6.75,06:11:00,18:20:00
2345,1474509619,9/21/2016 12:00:00 AM,16:00:19,562.06,58.0,30.38,78.0,357.68,3.37,06:11:00,18:20:00
2346,1474509318,9/21/2016 12:00:00 AM,15:55:18,582.22,58.0,30.38,79.0,348.19,2.25,06:11:00,18:20:00
2347,1474509023,9/21/2016 12:00:00 AM,15:50:23,600.72,59.0,30.38,79.0,54.11,11.25,06:11:00,18:20:00
2348,1474508718,9/21/2016 12:00:00 AM,15:45:18,632.48,60.0,30.38,74.0,1.3,7.87,06:11:00,18:20:00
2349,1474508418,9/21/2016 12:00:00 AM,15:40:18,638.86,60.0,30.38,70.0,54.56,10.12,06:11:00,18:20:00
2350,1474508123,9/21/2016 12:00:00 AM,15:35:23,658.72,60.0,30.38,72.0,19.04,5.62,06:11:00,18:20:00
2351,1474507820,9/21/2016 12:00:00 AM,15:30:20,674.63,60.0,30.38,74.0,11.07,6.75,06:11:00,18:20:00
2352,1474507521,9/21/2016 12:00:00 AM,15:25:21,694.15,60.0,30.38,74.0,14.21,9.0,06:11:00,18:20:00
2353,1474507219,9/21/2016 12:00:00 AM,15:20:19,711.55,61.0,30.38,74.83719267708949,45.87,6.75,06:11:00,18:20:00
2354,1474506923,9/21/2016 12:00:00 AM,15:15:23,727.61,61.0,30.38,73.0,18.29,6.75,06:11:00,18:20:00
2355,1474506624,9/21/2016 12:00:00 AM,15:10:24,745.91,61.0,30.38,74.0,58.11,5.62,06:11:00,18:20:00
2356,1474506323,9/21/2016 12:00:00 AM,15:05:23,761.53,61.0,30.38,75.0,84.44,2.25,06:11:00,18:20:00
2357,1474506021,9/21/2016 12:00:00 AM,15:00:21,777.99,60.0,30.38,75.0,359.92,2.25,06:11:00,18:20:00
2358,1474505721,9/21/2016 12:00:00 AM,14:55:21,793.02,60.0,30.38,78.0,105.37,4.5,06:11:00,18:20:00
2359,1474505419,9/21/2016 12:00:00 AM,14:50:19,810.48,59.0,30.38,78.0,69.7,9.0,06:11:00,18:20:00
2360,1474505119,9/21/2016 12:00:00 AM,14:45:19,825.52,59.0,30.38,77.0,57.16,4.5,06:11:00,18:20:00
2361,1474504820,9/21/2016 12:00:00 AM,14:40:20,841.54,59.0,30.39,78.0,0.23,3.37,06:11:00,18:20:00
2362,1474504522,9/21/2016 12:00:00 AM,14:35:22,438.95,59.0,30.39,80.0,50.64,2.25,06:11:00,18:20:00
2363,1474504222,9/21/2016 12:00:00 AM,14:30:22,277.5,59.0,30.39,79.0,33.68,11.25,06:11:00,18:20:00
2364,1474503619,9/21/2016 12:00:00 AM,14:20:19,989.29,60.0,30.39,78.0,1.75,4.5,06:11:00,18:20:00
2365,1474503320,9/21/2016 12:00:00 AM,14:15:20,870.55,60.0,30.39,80.0,48.47,11.25,06:11:00,18:20:00
2366,1474503022,9/21/2016 12:00:00 AM,14:10:22,955.95,60.0,30.39,82.0,56.06,7.87,06:11:00,18:20:00
2367,1474502724,9/21/2016 12:00:00 AM,14:05:24,785.34,60.0,30.39,83.0,1.13,7.87,06:11:00,18:20:00
2368,1474502421,9/21/2016 12:00:00 AM,14:00:21,804.33,60.0,30.39,85.0,45.34,6.75,06:11:00,18:20:00
2369,1474502119,9/21/2016 12:00:00 AM,13:55:19,627.61,60.0,30.39,80.0,1.1,7.87,06:11:00,18:20:00
2370,1474501822,9/21/2016 12:00:00 AM,13:50:22,841.76,60.0,30.39,80.0,3.23,6.75,06:11:00,18:20:00
2371,1474501521,9/21/2016 12:00:00 AM,13:45:21,942.18,60.0,30.39,81.0,31.34,10.12,06:11:00,18:20:00
2372,1474501219,9/21/2016 12:00:00 AM,13:40:19,988.59,60.0,30.39,80.0,21.97,3.37,06:11:00,18:20:00
2373,1474500918,9/21/2016 12:00:00 AM,13:35:18,988.64,60.0,30.4,80.0,65.33,7.87,06:11:00,18:20:00
2374,1474500619,9/21/2016 12:00:00 AM,13:30:19,1038.66,60.0,30.4,80.0,36.89,9.0,06:11:00,18:20:00
2375,1474500324,9/21/2016 12:00:00 AM,13:25:24,1005.74,60.0,30.4,77.0,0.11,7.87,06:11:00,18:20:00
2376,1474500024,9/21/2016 12:00:00 AM,13:20:24,764.04,60.0,30.4,78.0,26.11,9.0,06:11:00,18:20:00
2377,1474499721,9/21/2016 12:00:00 AM,13:15:21,1017.85,60.0,30.4,78.0,0.11,7.87,06:11:00,18:20:00
2378,1474499420,9/21/2016 12:00:00 AM,13:10:20,1024.04,60.0,30.4,80.0,10.71,3.37,06:11:00,18:20:00
2379,1474499123,9/21/2016 12:00:00 AM,13:05:23,1031.69,60.0,30.4,79.0,32.01,10.12,06:11:00,18:20:00
2380,1474498825,9/21/2016 12:00:00 AM,13:00:25,1035.56,59.0,30.4,80.0,21.4,7.87,06:11:00,18:20:00
2381,1474498522,9/21/2016 12:00:00 AM,12:55:22,1042.73,59.0,30.4,81.0,30.1,7.87,06:11:00,18:20:00
2382,1474498222,9/21/2016 12:00:00 AM,12:50:22,1051.3,59.0,30.41,81.0,12.94,10.12,06:11:00,18:20:00
2383,1474497920,9/21/2016 12:00:00 AM,12:45:20,510.51,59.0,30.41,82.0,351.92,5.62,06:11:00,18:20:00
2384,1474497621,9/21/2016 12:00:00 AM,12:40:21,1100.92,59.0,30.41,83.0,24.81,5.62,06:11:00,18:20:00
2385,1474497322,9/21/2016 12:00:00 AM,12:35:22,765.08,58.0,30.41,84.0,336.49,5.62,06:11:00,18:20:00
2386,1474497021,9/21/2016 12:00:00 AM,12:30:21,665.41,59.0,30.41,84.0,327.3,5.62,06:11:00,18:20:00
2387,1474496720,9/21/2016 12:00:00 AM,12:25:20,1108.61,59.0,30.41,83.0,143.54770303349548,3.37,06:11:00,18:20:00
2388,1474496423,9/21/2016 12:00:00 AM,12:20:23,378.54,58.0,30.41,85.0,53.97,5.62,06:11:00,18:20:00
2389,1474496121,9/21/2016 12:00:00 AM,12:15:21,940.75,57.0,30.41,87.0,359.65,6.75,06:11:00,18:20:00
2390,1474495821,9/21/2016 12:00:00 AM,12:10:21,934.38,57.0,30.41,90.0,43.83,9.0,06:11:00,18:20:00
2391,1474495520,9/21/2016 12:00:00 AM,12:05:20,568.17,58.0,30.42,89.0,13.01,4.5,06:11:00,18:20:00
2392,1474495221,9/21/2016 12:00:00 AM,12:00:21,1009.24,57.0,30.42,89.0,11.98,2.25,06:11:00,18:20:00
2393,1474494923,9/21/2016 12:00:00 AM,11:55:23,1262.87,58.0,30.42,93.0,20.73,5.62,06:11:00,18:20:00
2394,1474494618,9/21/2016 12:00:00 AM,11:50:18,733.23,59.0,30.42,84.0,85.69,6.75,06:11:00,18:20:00
2395,1474494323,9/21/2016 12:00:00 AM,11:45:23,913.42,58.0,30.42,83.0,0.42,7.87,06:11:00,18:20:00
2396,1474494021,9/21/2016 12:00:00 AM,11:40:21,808.82,58.0,30.42,84.0,31.13,9.0,06:11:00,18:20:00
2397,1474493721,9/21/2016 12:00:00 AM,11:35:21,929.28,58.0,30.42,85.0,35.43,11.25,06:11:00,18:20:00
2398,1474493421,9/21/2016 12:00:00 AM,11:30:21,792.79,58.0,30.42,86.0,144.5,12.37,06:11:00,18:20:00
2399,1474493118,9/21/2016 12:00:00 AM,11:25:18,516.86,59.0,30.43,86.0,287.64,6.75,06:11:00,18:20:00
2400,1474492821,9/21/2016 12:00:00 AM,11:20:21,1203.23,59.0,30.42,84.0,34.3,11.25,06:11:00,18:20:00
2401,1474492520,9/21/2016 12:00:00 AM,11:15:20,991.51,59.0,30.43,82.0,214.18,2.25,06:11:00,18:20:00
2402,1474492224,9/21/2016 12:00:00 AM,11:10:24,1076.8,59.0,30.43,79.0,319.03,5.62,06:11:00,18:20:00
2403,1474491921,9/21/2016 12:00:00 AM,11:05:21,1026.84,59.0,30.43,82.0,15.05,10.12,06:11:00,18:20:00
2404,1474491304,9/21/2016 12:00:00 AM,10:55:04,1030.37,58.0,30.43,84.0,48.57,12.37,06:11:00,18:20:00
2405,1474491002,9/21/2016 12:00:00 AM,10:50:02,613.26,58.0,30.43,85.0,103.07,5.62,06:11:00,18:20:00
2406,1474490707,9/21/2016 12:00:00 AM,10:45:07,916.01,58.0,30.43,84.0,48.4,9.0,06:11:00,18:20:00
2407,1474490407,9/21/2016 12:00:00 AM,10:40:07,1111.97,58.0,30.43,83.0,49.13,12.37,06:11:00,18:20:00
2408,1474490108,9/21/2016 12:00:00 AM,10:35:08,1004.93,58.0,30.43,86.0,48.21,4.5,06:11:00,18:20:00
2409,1474489802,9/21/2016 12:00:00 AM,10:30:02,525.08,58.0,30.43,86.0,36.56,6.75,06:11:00,18:20:00
2410,1474489507,9/21/2016 12:00:00 AM,10:25:07,962.54,58.0,30.43,86.0,64.85,6.75,06:11:00,18:20:00
2411,1474489202,9/21/2016 12:00:00 AM,10:20:02,938.04,58.0,30.42,84.0,35.98,10.12,06:11:00,18:20:00
2412,1474488917,9/21/2016 12:00:00 AM,10:15:17,960.47,58.0,30.42,85.0,110.83,9.0,06:11:00,18:20:00
2413,1474488608,9/21/2016 12:00:00 AM,10:10:08,902.96,58.0,30.42,84.0,41.89,6.75,06:11:00,18:20:00
2414,1474488005,9/21/2016 12:00:00 AM,10:00:05,869.13,57.0,30.43,84.0,59.41,10.12,06:11:00,18:20:00
2415,1474487705,9/21/2016 12:00:00 AM,09:55:05,859.83,57.0,30.43,86.0,48.3,4.5,06:11:00,18:20:00
2416,1474487403,9/21/2016 12:00:00 AM,09:50:03,851.04,57.0,30.43,87.0,26.37,3.37,06:11:00,18:20:00
2417,1474487104,9/21/2016 12:00:00 AM,09:45:04,837.37,57.0,30.43,87.0,0.11,4.5,06:11:00,18:20:00
2418,1474486805,9/21/2016 12:00:00 AM,09:40:05,628.18,51.16507236474315,30.43,88.0,221.06,3.37,06:11:00,18:20:00
2419,1474486505,9/21/2016 12:00:00 AM,09:35:05,866.73,56.0,30.43,88.0,75.26,3.37,06:11:00,18:20:00
2420,1474486206,9/21/2016 12:00:00 AM,09:30:06,798.44,56.0,30.43,89.0,313.97,7.87,06:11:00,18:20:00
2421,1474485903,9/21/2016 12:00:00 AM,09:25:03,516.63,56.0,30.43,90.0,80.47,2.25,06:11:00,18:20:00
2422,1474485608,9/21/2016 12:00:00 AM,09:20:08,796.21,56.0,30.43,88.0,32.81,4.5,06:11:00,18:20:00
2423,1474485307,9/21/2016 12:00:00 AM,09:15:07,731.54,56.0,30.42,88.0,49.44,3.37,06:11:00,18:20:00
2424,1474485003,9/21/2016 12:00:00 AM,09:10:03,714.72,56.0,30.42,89.0,74.46,9.0,06:11:00,18:20:00
2425,1474484704,9/21/2016 12:00:00 AM,09:05:04,616.52,55.0,30.42,90.0,52.84,6.75,06:11:00,18:20:00
2426,1474484404,9/21/2016 12:00:00 AM,09:00:04,502.09,55.0,30.42,90.0,105.53,7.87,06:11:00,18:20:00
2427,1474484104,9/21/2016 12:00:00 AM,08:55:04,654.18,55.0,30.43,92.0,7.37,4.5,06:11:00,18:20:00
2428,1474483803,9/21/2016 12:00:00 AM,08:50:03,397.06,55.0,30.43,92.0,55.55,1.12,06:11:00,18:20:00
2429,1474483505,9/21/2016 12:00:00 AM,08:45:05,645.65,55.0,30.42,92.0,44.31,4.5,06:11:00,18:20:00
2430,1474483204,9/21/2016 12:00:00 AM,08:40:04,406.39,55.0,30.42,90.0,336.6,6.75,06:11:00,18:20:00
2431,1474482903,9/21/2016 12:00:00 AM,08:35:03,410.91,55.0,30.42,90.0,1.27,5.62,06:11:00,18:20:00
2432,1474482605,9/21/2016 12:00:00 AM,08:30:05,572.3,55.0,30.42,90.0,18.82,7.87,06:11:00,18:20:00
2433,1474482304,9/21/2016 12:00:00 AM,08:25:04,542.18,54.0,30.42,91.0,92.25,3.37,06:11:00,18:20:00
2434,1474482004,9/21/2016 12:00:00 AM,08:20:04,521.7,54.0,30.41,94.0,65.83,10.12,06:11:00,18:20:00
2435,1474481707,9/21/2016 12:00:00 AM,08:15:07,470.13,54.0,30.41,92.0,61.29,4.5,06:11:00,18:20:00
2436,1474481403,9/21/2016 12:00:00 AM,08:10:03,374.15,55.0,30.41,92.0,39.31,5.62,06:11:00,18:20:00
2437,1474481106,9/21/2016 12:00:00 AM,08:05:06,458.2,56.0,30.41,91.0,351.8,2.25,06:11:00,18:20:00
2438,1474480806,9/21/2016 12:00:00 AM,08:00:06,441.81,56.0,30.41,90.0,50.76,3.37,06:11:00,18:20:00
2439,1474480507,9/21/2016 12:00:00 AM,07:55:07,420.73,55.0,30.41,89.0,84.26,4.5,06:11:00,18:20:00
2440,1474480204,9/21/2016 12:00:00 AM,07:50:04,398.93,55.0,30.41,90.0,115.26,5.62,06:11:00,18:20:00
2441,1474479903,9/21/2016 12:00:00 AM,07:45:03,377.17,54.0,30.41,92.0,132.97,2.25,06:11:00,18:20:00
2442,1474479603,9/21/2016 12:00:00 AM,07:40:03,355.49,53.0,30.41,92.0,66.4,3.37,06:11:00,18:20:00
2443,1474479304,9/21/2016 12:00:00 AM,07:35:04,332.92,53.0,30.4,94.0,83.04,1.12,06:11:00,18:20:00
2444,1474479008,9/21/2016 12:00:00 AM,07:30:08,308.58,52.0,30.4,96.0,112.5,2.25,06:11:00,18:20:00
2445,1474478705,9/21/2016 12:00:00 AM,07:25:05,277.96,51.0,30.4,97.0,126.1,7.87,06:11:00,18:20:00
2446,1474478405,9/21/2016 12:00:00 AM,07:20:05,247.04,51.0,30.4,99.0,122.7,7.87,06:11:00,18:20:00
2447,1474478103,9/21/2016 12:00:00 AM,07:15:03,217.98,50.0,30.4,100.0,98.25,7.87,06:11:00,18:20:00
2448,1474477807,9/21/2016 12:00:00 AM,07:10:07,190.77,49.0,30.4,100.0,136.84,7.87,06:11:00,18:20:00
2449,1474477506,9/21/2016 12:00:00 AM,07:05:06,151.48,48.0,30.4,100.0,98.29,6.75,06:11:00,18:20:00
2450,1474477204,9/21/2016 12:00:00 AM,07:00:04,20.2,47.0,30.39,100.0,156.71,2.25,06:11:00,18:20:00
2451,1474476905,9/21/2016 12:00:00 AM,06:55:05,19.0,47.0,30.39,100.0,151.65,2.25,06:11:00,18:20:00
2452,1474476608,9/21/2016 12:00:00 AM,06:50:08,18.19,47.0,30.39,100.0,150.01,2.25,06:11:00,18:20:00
2453,1474476303,9/21/2016 12:00:00 AM,06:45:03,17.2,47.0,30.39,100.0,135.45,4.5,06:11:00,18:20:00
2454,1474476004,9/21/2016 12:00:00 AM,06:40:04,16.17,47.0,30.39,100.0,178.83,5.62,06:11:00,18:20:00
2455,1474475702,9/21/2016 12:00:00 AM,06:35:02,14.9,46.0,30.39,100.0,146.94,9.0,06:11:00,18:20:00
2456,1474475409,9/21/2016 12:00:00 AM,06:30:09,14.25,46.0,30.39,100.0,142.19,5.62,06:11:00,18:20:00
2457,1474475104,9/21/2016 12:00:00 AM,06:25:04,16.07,46.0,30.39,100.0,151.41,6.75,06:11:00,18:20:00
2458,1474474803,9/21/2016 12:00:00 AM,06:20:03,11.49,46.0,30.39,100.0,169.46,9.0,06:11:00,18:20:00
2459,1474474503,9/21/2016 12:00:00 AM,06:15:03,7.69,46.0,30.39,100.0,124.66,2.25,06:11:00,18:20:00
2460,1474474205,9/21/2016 12:00:00 AM,06:10:05,5.52,46.0,30.39,100.0,140.85,5.62,06:11:00,18:20:00
2461,1474473906,9/21/2016 12:00:00 AM,06:05:06,3.39,46.0,30.39,100.0,166.8,5.62,06:11:00,18:20:00
2462,1474473607,9/21/2016 12:00:00 AM,06:00:07,1.79,46.0,30.39,100.0,158.78,6.75,06:11:00,18:20:00
2463,1474473303,9/21/2016 12:00:00 AM,05:55:03,1.24,46.0,30.39,100.0,162.04,6.75,06:11:00,18:20:00
2464,1474473003,9/21/2016 12:00:00 AM,05:50:03,1.21,46.0,30.39,99.0,141.79,7.87,06:11:00,18:20:00
2465,1474472707,9/21/2016 12:00:00 AM,05:45:07,1.23,46.0,30.39,99.0,163.62,6.75,06:11:00,18:20:00
2466,1474472402,9/21/2016 12:00:00 AM,05:40:02,1.21,46.0,30.39,99.0,176.75,6.75,06:11:00,18:20:00
2467,1474472103,9/21/2016 12:00:00 AM,05:35:03,1.21,46.0,30.39,98.0,136.0,6.229096658193317,06:11:00,18:20:00
2468,1474471804,9/21/2016 12:00:00 AM,05:30:04,1.22,46.0,30.39,98.0,169.82,6.75,06:11:00,18:20:00
2469,1474471506,9/21/2016 12:00:00 AM,05:25:06,1.2,47.0,30.39,98.0,157.24,4.5,06:11:00,18:20:00
2470,1474471203,9/21/2016 12:00:00 AM,05:20:03,1.24,47.0,30.39,98.0,143.45,3.37,06:11:00,18:20:00
2471,1474470905,9/21/2016 12:00:00 AM,05:15:05,1.21,47.0,30.38,97.0,139.12,6.75,06:11:00,18:20:00
2472,1474470607,9/21/2016 12:00:00 AM,05:10:07,1.19,46.0,30.38,96.0,165.25,5.62,06:11:00,18:20:00
2473,1474470305,9/21/2016 12:00:00 AM,05:05:05,1.23,46.0,30.38,94.0,136.36,4.5,06:11:00,18:20:00
2474,1474470003,9/21/2016 12:00:00 AM,05:00:03,1.23,46.0,30.38,94.0,187.76,3.37,06:11:00,18:20:00
2475,1474469704,9/21/2016 12:00:00 AM,04:55:04,1.21,46.0,30.38,95.0,166.49,6.75,06:11:00,18:20:00
2476,1474469402,9/21/2016 12:00:00 AM,04:50:02,1.25,46.0,30.38,95.0,140.7,9.0,06:11:00,18:20:00
2477,1474469105,9/21/2016 12:00:00 AM,04:45:05,1.2,46.0,30.38,94.0,160.6,4.5,06:11:00,18:20:00
2478,1474468805,9/21/2016 12:00:00 AM,04:40:05,1.24,46.0,30.37,92.0,148.74,7.87,06:11:00,18:20:00
2479,1474468507,9/21/2016 12:00:00 AM,04:35:07,1.22,46.0,30.37,90.0,172.24,7.87,06:11:00,18:20:00
2480,1474468205,9/21/2016 12:00:00 AM,04:30:05,1.25,45.0,30.37,88.0,138.52,12.37,06:11:00,18:20:00
2481,1474467904,9/21/2016 12:00:00 AM,04:25:04,1.2,45.0,30.37,85.0,144.88,11.25,06:11:00,18:20:00
2482,1474467605,9/21/2016 12:00:00 AM,04:20:05,1.21,45.0,30.37,84.0,172.54,5.62,06:11:00,18:20:00
2483,1474467304,9/21/2016 12:00:00 AM,04:15:04,1.25,45.0,30.37,84.0,146.45,5.62,06:11:00,18:20:00
2484,1474467004,9/21/2016 12:00:00 AM,04:10:04,1.23,45.0,30.37,82.0,157.61,4.5,06:11:00,18:20:00
2485,1474466704,9/21/2016 12:00:00 AM,04:05:04,1.2,45.0,30.37,79.0,144.69,5.62,06:11:00,18:20:00
2486,1474466405,9/21/2016 12:00:00 AM,04:00:05,1.23,45.0,30.37,79.0,169.06,6.75,06:11:00,18:20:00
2487,1474466105,9/21/2016 12:00:00 AM,03:55:05,1.21,45.0,30.37,80.0,160.5,7.87,06:11:00,18:20:00
2488,1474465803,9/21/2016 12:00:00 AM,03:50:03,1.2,45.0,30.37,84.0,132.85,6.75,06:11:00,18:20:00
2489,1474465513,9/21/2016 12:00:00 AM,03:45:13,1.21,45.0,30.37,90.0,160.58,6.75,06:11:00,18:20:00
2490,1474465204,9/21/2016 12:00:00 AM,03:40:04,1.18,45.0,30.37,92.0,172.86,7.87,06:11:00,18:20:00
2491,1474464906,9/21/2016 12:00:00 AM,03:35:06,1.19,45.0,30.37,92.0,167.58,6.75,06:11:00,18:20:00
2492,1474464606,9/21/2016 12:00:00 AM,03:30:06,1.19,51.16507236474315,30.38,90.0,139.29,10.12,06:11:00,18:20:00
2493,1474464307,9/21/2016 12:00:00 AM,03:25:07,1.2,45.0,30.38,91.0,172.1,7.87,06:11:00,18:20:00
2494,1474464004,9/21/2016 12:00:00 AM,03:20:04,1.24,45.0,30.38,92.0,110.13,7.87,06:11:00,18:20:00
2495,1474463709,9/21/2016 12:00:00 AM,03:15:09,1.21,44.0,30.38,90.0,151.24,9.0,06:11:00,18:20:00
2496,1474463405,9/21/2016 12:00:00 AM,03:10:05,1.22,51.16507236474315,30.38,89.0,194.43,4.5,06:11:00,18:20:00
2497,1474463105,9/21/2016 12:00:00 AM,03:05:05,1.2,44.0,30.38,88.0,173.94,5.62,06:11:00,18:20:00
2498,1474462805,9/21/2016 12:00:00 AM,03:00:05,1.23,44.0,30.38,85.0,155.71,4.5,06:11:00,18:20:00
2499,1474462503,9/21/2016 12:00:00 AM,02:55:03,1.19,44.0,30.38,85.0,169.32,5.62,06:11:00,18:20:00
2500,1474462202,9/21/2016 12:00:00 AM,02:50:02,1.23,44.0,30.38,87.0,124.7,5.62,06:11:00,18:20:00
2501,1474461904,9/21/2016 12:00:00 AM,02:45:04,1.23,44.0,30.38,77.0,147.21,5.62,06:11:00,18:20:00
2502,1474461605,9/21/2016 12:00:00 AM,02:40:05,1.18,44.0,30.38,80.0,132.75,5.62,06:11:00,18:20:00
2503,1474461303,9/21/2016 12:00:00 AM,02:35:03,1.24,43.0,30.38,78.0,137.71,5.62,06:11:00,18:20:00
2504,1474461007,9/21/2016 12:00:00 AM,02:30:07,1.21,43.0,30.38,77.0,153.82,5.62,06:11:00,18:20:00
2505,1474460713,9/21/2016 12:00:00 AM,02:25:13,1.16,43.0,30.38,79.0,172.37,5.62,06:11:00,18:20:00
2506,1474460404,9/21/2016 12:00:00 AM,02:20:04,1.24,43.0,30.38,81.0,147.44,6.75,06:11:00,18:20:00
2507,1474460105,9/21/2016 12:00:00 AM,02:15:05,1.2,43.0,30.39,78.0,169.8,5.62,06:11:00,18:20:00
2508,1474459805,9/21/2016 12:00:00 AM,02:10:05,1.22,43.0,30.39,76.0,160.15,5.62,06:11:00,18:20:00
2509,1474459503,9/21/2016 12:00:00 AM,02:05:03,1.21,43.0,30.39,76.0,172.86,4.5,06:11:00,18:20:00
2510,1474459204,9/21/2016 12:00:00 AM,02:00:04,1.2,44.0,30.39,74.0,160.88,4.5,06:11:00,18:20:00
2511,1474458905,9/21/2016 12:00:00 AM,01:55:05,1.22,44.0,30.39,70.0,163.38,5.62,06:11:00,18:20:00
2512,1474458605,9/21/2016 12:00:00 AM,01:50:05,1.24,44.0,30.39,70.0,156.99,4.5,06:11:00,18:20:00
2513,1474458304,9/21/2016 12:00:00 AM,01:45:04,1.23,44.0,30.39,72.0,150.52,2.25,06:11:00,18:20:00
2514,1474458004,9/21/2016 12:00:00 AM,01:40:04,1.23,45.0,30.39,73.0,149.46,1.12,06:11:00,18:20:00
2515,1474457705,9/21/2016 12:00:00 AM,01:35:05,1.2,45.0,30.39,73.0,151.05,4.5,06:11:00,18:20:00
2516,1474457405,9/21/2016 12:00:00 AM,01:30:05,1.21,45.0,30.39,73.0,159.07,3.37,06:11:00,18:20:00
2517,1474457103,9/21/2016 12:00:00 AM,01:25:03,1.22,45.0,30.39,75.0,177.7,4.5,06:11:00,18:20:00
2518,1474456805,9/21/2016 12:00:00 AM,01:20:05,1.22,46.0,30.39,77.0,162.14,5.62,06:11:00,18:20:00
2519,1474456505,9/21/2016 12:00:00 AM,01:15:05,1.23,46.0,30.39,80.0,157.08,3.37,06:11:00,18:20:00
2520,1474456205,9/21/2016 12:00:00 AM,01:10:05,1.21,46.0,30.39,82.0,136.73,4.5,06:11:00,18:20:00
2521,1474455904,9/21/2016 12:00:00 AM,01:05:04,1.24,46.0,30.39,93.0,129.41,3.37,06:11:00,18:20:00
2522,1474455604,9/21/2016 12:00:00 AM,01:00:04,1.22,46.0,30.39,100.0,111.09,4.5,06:11:00,18:20:00
2523,1474455305,9/21/2016 12:00:00 AM,00:55:05,1.21,47.0,30.39,101.0,147.78,4.5,06:11:00,18:20:00
2524,1474454705,9/21/2016 12:00:00 AM,00:45:05,1.2,47.0,30.39,101.0,129.19,3.37,06:11:00,18:20:00
2525,1474454406,9/21/2016 12:00:00 AM,00:40:06,1.18,47.0,30.39,101.0,135.7,5.62,06:11:00,18:20:00
2526,1474454109,9/21/2016 12:00:00 AM,00:35:09,1.24,48.0,30.4,101.0,154.86,2.25,06:11:00,18:20:00
2527,1474453803,9/21/2016 12:00:00 AM,00:30:03,1.26,48.0,30.39,101.0,112.53,1.12,06:11:00,18:20:00
2528,1474453503,9/21/2016 12:00:00 AM,00:25:03,1.21,48.0,30.4,101.0,35.09,4.5,06:11:00,18:20:00
2529,1474453203,9/21/2016 12:00:00 AM,00:20:03,1.2,47.0,30.4,101.0,102.14,3.37,06:11:00,18:20:00
2530,1474452607,9/21/2016 12:00:00 AM,00:10:07,1.22,48.0,30.4,101.0,154.35,3.37,06:11:00,18:20:00
2531,1474452319,9/21/2016 12:00:00 AM,00:05:19,1.2,48.0,30.4,101.0,164.01,4.5,06:11:00,18:20:00
2532,1474452005,9/21/2016 12:00:00 AM,00:00:05,1.2,48.0,30.4,101.0,150.08,4.5,06:11:00,18:20:00
2533,1474451706,9/20/2016 12:00:00 AM,23:55:06,1.2,49.0,30.41,101.0,108.35,3.37,06:11:00,18:21:00
2534,1474451406,9/20/2016 12:00:00 AM,23:50:06,1.22,49.0,30.41,101.0,142.48,7.87,06:11:00,18:21:00
2535,1474451109,9/20/2016 12:00:00 AM,23:45:09,1.24,49.0,30.41,101.0,75.25,2.25,06:11:00,18:21:00
2536,1474450802,9/20/2016 12:00:00 AM,23:40:02,1.26,49.0,30.41,101.0,82.03,3.37,06:11:00,18:21:00
2537,1474450504,9/20/2016 12:00:00 AM,23:35:04,1.24,49.0,30.41,101.0,108.28,3.37,06:11:00,18:21:00
2538,1474450207,9/20/2016 12:00:00 AM,23:30:07,1.19,49.0,30.41,101.0,79.03,3.37,06:11:00,18:21:00
2539,1474449905,9/20/2016 12:00:00 AM,23:25:05,1.24,49.0,30.41,101.0,90.41,1.12,06:11:00,18:21:00
2540,1474449604,9/20/2016 12:00:00 AM,23:20:04,1.23,49.0,30.41,101.0,81.61,5.62,06:11:00,18:21:00
2541,1474449303,9/20/2016 12:00:00 AM,23:15:03,1.22,49.0,30.42,100.0,126.03,4.5,06:11:00,18:21:00
2542,1474449007,9/20/2016 12:00:00 AM,23:10:07,1.24,49.0,30.41,100.0,148.53,1.12,06:11:00,18:21:00
2543,1474448703,9/20/2016 12:00:00 AM,23:05:03,1.27,49.0,30.41,100.0,67.13,2.25,06:11:00,18:21:00
2544,1474448403,9/20/2016 12:00:00 AM,23:00:03,1.28,50.0,30.41,100.0,57.52,2.25,06:11:00,18:21:00
2545,1474448103,9/20/2016 12:00:00 AM,22:55:03,1.21,50.0,30.41,100.0,113.12,1.12,06:11:00,18:21:00
2546,1474447808,9/20/2016 12:00:00 AM,22:50:08,1.23,50.0,30.42,100.0,137.88,1.12,06:11:00,18:21:00
2547,1474447505,9/20/2016 12:00:00 AM,22:45:05,1.2,50.0,30.42,100.0,107.54,2.25,06:11:00,18:21:00
2548,1474447203,9/20/2016 12:00:00 AM,22:40:03,1.24,50.0,30.42,100.0,91.16,3.37,06:11:00,18:21:00
2549,1474446905,9/20/2016 12:00:00 AM,22:35:05,1.22,50.0,30.42,100.0,131.25,6.75,06:11:00,18:21:00
2550,1474446619,9/20/2016 12:00:00 AM,22:30:19,1.23,50.0,30.42,100.0,148.07,3.37,06:11:00,18:21:00
2551,1474446305,9/20/2016 12:00:00 AM,22:25:05,1.19,50.0,30.42,100.0,181.98,5.62,06:11:00,18:21:00
2552,1474446009,9/20/2016 12:00:00 AM,22:20:09,1.23,50.0,30.42,100.0,103.7,1.12,06:11:00,18:21:00
2553,1474445704,9/20/2016 12:00:00 AM,22:15:04,1.23,50.0,30.42,100.0,143.44,7.87,06:11:00,18:21:00
2554,1474445405,9/20/2016 12:00:00 AM,22:10:05,1.24,50.0,30.42,100.0,112.54,4.5,06:11:00,18:21:00
2555,1474445104,9/20/2016 12:00:00 AM,22:05:04,1.23,50.0,30.43,100.0,119.64,2.25,06:11:00,18:21:00
2556,1474444804,9/20/2016 12:00:00 AM,22:00:04,1.24,50.0,30.43,100.0,133.19,5.62,06:11:00,18:21:00
2557,1474444503,9/20/2016 12:00:00 AM,21:55:03,1.23,50.0,30.43,100.0,114.71,5.62,06:11:00,18:21:00
2558,1474444204,9/20/2016 12:00:00 AM,21:50:04,1.23,50.0,30.43,100.0,132.83,4.5,06:11:00,18:21:00
2559,1474443904,9/20/2016 12:00:00 AM,21:45:04,1.25,50.0,30.43,100.0,127.0,5.62,06:11:00,18:21:00
2560,1474443608,9/20/2016 12:00:00 AM,21:40:08,1.23,50.0,30.43,100.0,144.84,2.25,06:11:00,18:21:00
2561,1474443304,9/20/2016 12:00:00 AM,21:35:04,1.24,50.0,30.43,100.0,161.8,6.75,06:11:00,18:21:00
2562,1474443006,9/20/2016 12:00:00 AM,21:30:06,1.23,50.0,30.43,74.83719267708949,146.62,3.37,06:11:00,18:21:00
2563,1474442704,9/20/2016 12:00:00 AM,21:25:04,1.23,50.0,30.43,99.0,120.88,7.87,06:11:00,18:21:00
2564,1474442407,9/20/2016 12:00:00 AM,21:20:07,1.23,50.0,30.43,99.0,154.51,3.37,06:11:00,18:21:00
2565,1474442106,9/20/2016 12:00:00 AM,21:15:06,1.24,50.0,30.43,99.0,136.24,3.37,06:11:00,18:21:00
2566,1474441805,9/20/2016 12:00:00 AM,21:10:05,1.22,50.0,30.43,99.0,69.83,2.25,06:11:00,18:21:00
2567,1474441504,9/20/2016 12:00:00 AM,21:05:04,1.22,50.0,30.42,98.0,138.15,3.37,06:11:00,18:21:00
2568,1474441205,9/20/2016 12:00:00 AM,21:00:05,1.27,49.0,30.42,99.0,125.42,5.62,06:11:00,18:21:00
2569,1474440904,9/20/2016 12:00:00 AM,20:55:04,1.25,49.0,30.42,99.0,125.94,4.5,06:11:00,18:21:00
2570,1474440603,9/20/2016 12:00:00 AM,20:50:03,1.23,48.0,30.42,99.0,170.03,5.62,06:11:00,18:21:00
2571,1474440305,9/20/2016 12:00:00 AM,20:45:05,1.2,48.0,30.42,100.0,108.94,3.37,06:11:00,18:21:00
2572,1474440009,9/20/2016 12:00:00 AM,20:40:09,1.21,48.0,30.42,101.0,150.82,3.37,06:11:00,18:21:00
2573,1474439704,9/20/2016 12:00:00 AM,20:35:04,1.23,49.0,30.42,101.0,146.55,6.75,06:11:00,18:21:00
2574,1474439405,9/20/2016 12:00:00 AM,20:30:05,1.22,49.0,30.42,101.0,140.39,6.75,06:11:00,18:21:00
2575,1474439103,9/20/2016 12:00:00 AM,20:25:03,1.23,49.0,30.42,101.0,67.84,3.37,06:11:00,18:21:00
2576,1474438805,9/20/2016 12:00:00 AM,20:20:05,1.27,49.0,30.42,101.0,74.91,3.37,06:11:00,18:21:00
2577,1474438503,9/20/2016 12:00:00 AM,20:15:03,1.25,50.0,30.41,101.0,79.33,4.5,06:11:00,18:21:00
2578,1474438203,9/20/2016 12:00:00 AM,20:10:03,1.24,50.0,30.41,101.0,161.93,2.25,06:11:00,18:21:00
2579,1474437905,9/20/2016 12:00:00 AM,20:05:05,1.23,50.0,30.41,101.0,99.63,4.5,06:11:00,18:21:00
2580,1474437605,9/20/2016 12:00:00 AM,20:00:05,1.23,50.0,30.41,101.0,17.74,7.87,06:11:00,18:21:00
2581,1474437308,9/20/2016 12:00:00 AM,19:55:08,1.22,50.0,30.41,101.0,55.65,5.62,06:11:00,18:21:00
2582,1474437005,9/20/2016 12:00:00 AM,19:50:05,1.2,50.0,30.41,101.0,95.46,1.12,06:11:00,18:21:00
2583,1474436704,9/20/2016 12:00:00 AM,19:45:04,1.25,50.0,30.4,101.0,30.31,5.62,06:11:00,18:21:00
2584,1474436401,9/20/2016 12:00:00 AM,19:40:01,1.2,50.0,30.4,101.0,102.21,4.5,06:11:00,18:21:00
2585,1474436106,9/20/2016 12:00:00 AM,19:35:06,1.24,51.0,30.4,101.0,56.35,3.37,06:11:00,18:21:00
2586,1474435808,9/20/2016 12:00:00 AM,19:30:08,1.22,51.0,30.4,101.0,29.77,5.62,06:11:00,18:21:00
2587,1474435509,9/20/2016 12:00:00 AM,19:25:09,1.25,51.0,30.4,101.0,26.08,3.37,06:11:00,18:21:00
2588,1474435205,9/20/2016 12:00:00 AM,19:20:05,1.21,51.0,30.39,101.0,80.65,3.37,06:11:00,18:21:00
2589,1474434904,9/20/2016 12:00:00 AM,19:15:04,1.24,51.0,30.39,101.0,75.22,5.62,06:11:00,18:21:00
2590,1474434604,9/20/2016 12:00:00 AM,19:10:04,1.2,51.0,30.4,101.0,68.76,3.37,06:11:00,18:21:00
2591,1474434304,9/20/2016 12:00:00 AM,19:05:04,1.21,51.0,30.39,101.0,82.89,3.37,06:11:00,18:21:00
2592,1474434006,9/20/2016 12:00:00 AM,19:00:06,1.22,51.0,30.39,101.0,93.17,2.25,06:11:00,18:21:00
2593,1474433712,9/20/2016 12:00:00 AM,18:55:12,1.23,51.0,30.39,101.0,115.62,3.37,06:11:00,18:21:00
2594,1474433406,9/20/2016 12:00:00 AM,18:50:06,1.21,51.0,30.39,101.0,116.11,2.25,06:11:00,18:21:00
2595,1474433106,9/20/2016 12:00:00 AM,18:45:06,1.23,51.0,30.39,101.0,120.8,3.37,06:11:00,18:21:00
2596,1474432805,9/20/2016 12:00:00 AM,18:40:05,1.23,50.0,30.39,101.0,124.25,3.37,06:11:00,18:21:00
2597,1474432503,9/20/2016 12:00:00 AM,18:35:03,1.2,50.0,30.39,100.0,126.55,3.37,06:11:00,18:21:00
2598,1474432205,9/20/2016 12:00:00 AM,18:30:05,1.29,50.0,30.39,100.0,108.78,2.25,06:11:00,18:21:00
2599,1474431902,9/20/2016 12:00:00 AM,18:25:02,2.12,50.0,30.39,100.0,67.57,2.25,06:11:00,18:21:00
2600,1474431606,9/20/2016 12:00:00 AM,18:20:06,3.43,50.0,30.39,100.0,89.52,3.37,06:11:00,18:21:00
2601,1474431302,9/20/2016 12:00:00 AM,18:15:02,4.94,50.0,30.39,100.0,58.31,1.12,06:11:00,18:21:00
2602,1474431004,9/20/2016 12:00:00 AM,18:10:04,7.33,50.0,30.39,100.0,59.22,2.25,06:11:00,18:21:00
2603,1474430705,9/20/2016 12:00:00 AM,18:05:05,12.67,50.0,30.39,99.0,67.14,4.5,06:11:00,18:21:00
2604,1474430406,9/20/2016 12:00:00 AM,18:00:06,15.42,50.0,30.38,99.0,72.17,1.12,06:11:00,18:21:00
2605,1474430107,9/20/2016 12:00:00 AM,17:55:07,26.22,51.0,30.38,99.0,80.59,5.62,06:11:00,18:21:00
2606,1474429808,9/20/2016 12:00:00 AM,17:50:08,34.62,51.0,30.38,99.0,86.49,2.25,06:11:00,18:21:00
2607,1474429504,9/20/2016 12:00:00 AM,17:45:04,34.05,52.0,30.38,99.0,60.41,4.5,06:11:00,18:21:00
2608,1474429205,9/20/2016 12:00:00 AM,17:40:05,30.18,52.0,30.38,99.0,56.76,5.62,06:11:00,18:21:00
2609,1474428915,9/20/2016 12:00:00 AM,17:35:15,50.32,53.0,30.38,99.0,27.71,5.62,06:11:00,18:21:00
2610,1474428651,9/20/2016 12:00:00 AM,17:30:51,52.4,53.0,30.38,98.0,41.06,3.37,06:11:00,18:21:00
2611,1474428309,9/20/2016 12:00:00 AM,17:25:09,57.32,53.0,30.38,98.0,38.82,4.5,06:11:00,18:21:00
2612,1474427708,9/20/2016 12:00:00 AM,17:15:08,68.11,54.0,30.38,97.0,47.21,3.37,06:11:00,18:21:00
2613,1474427403,9/20/2016 12:00:00 AM,17:10:03,57.5,54.0,30.38,97.0,27.56,2.25,06:11:00,18:21:00
2614,1474427105,9/20/2016 12:00:00 AM,17:05:05,184.28,55.0,30.38,97.0,27.12,4.5,06:11:00,18:21:00
2615,1474426805,9/20/2016 12:00:00 AM,17:00:05,107.21,55.0,30.38,96.0,10.23,3.37,06:11:00,18:21:00
2616,1474426506,9/20/2016 12:00:00 AM,16:55:06,110.11,55.0,30.38,96.0,9.65,4.5,06:11:00,18:21:00
2617,1474426202,9/20/2016 12:00:00 AM,16:50:02,166.69,55.0,30.38,95.0,13.5,0.0,06:11:00,18:21:00
2618,1474425907,9/20/2016 12:00:00 AM,16:45:07,130.4,55.0,30.38,95.0,44.52,4.5,06:11:00,18:21:00
2619,1474425603,9/20/2016 12:00:00 AM,16:40:03,241.97,55.0,30.38,95.0,0.18,3.37,06:11:00,18:21:00
2620,1474425302,9/20/2016 12:00:00 AM,16:35:02,132.49,55.0,30.38,94.0,11.34,4.5,06:11:00,18:21:00
2621,1474425004,9/20/2016 12:00:00 AM,16:30:04,177.91,56.0,30.38,95.0,13.35,3.37,06:11:00,18:21:00
2622,1474424705,9/20/2016 12:00:00 AM,16:25:05,237.93,56.0,30.38,95.0,5.47,2.25,06:11:00,18:21:00
2623,1474424405,9/20/2016 12:00:00 AM,16:20:05,164.84,56.0,30.38,95.0,36.77,4.5,06:11:00,18:21:00
2624,1474424107,9/20/2016 12:00:00 AM,16:15:07,268.57,56.0,30.38,94.0,39.63,2.25,06:11:00,18:21:00
2625,1474423808,9/20/2016 12:00:00 AM,16:10:08,280.79,56.0,30.38,93.0,15.88,3.37,06:11:00,18:21:00
2626,1474423506,9/20/2016 12:00:00 AM,16:05:06,210.43,56.0,30.38,92.0,28.04,4.5,06:11:00,18:21:00
2627,1474423207,9/20/2016 12:00:00 AM,16:00:07,223.6,57.0,30.38,92.0,44.5,7.87,06:11:00,18:21:00
2628,1474422906,9/20/2016 12:00:00 AM,15:55:06,297.21,57.0,30.38,92.0,47.99,3.37,06:11:00,18:21:00
2629,1474422606,9/20/2016 12:00:00 AM,15:50:06,220.15,57.0,30.38,92.0,16.25,6.75,06:11:00,18:21:00
2630,1474422309,9/20/2016 12:00:00 AM,15:45:09,285.57,57.0,30.38,90.0,0.12,5.62,06:11:00,18:21:00
2631,1474422003,9/20/2016 12:00:00 AM,15:40:03,268.67,58.0,30.38,89.0,12.68,6.75,06:11:00,18:21:00
2632,1474421710,9/20/2016 12:00:00 AM,15:35:10,216.44,59.0,30.38,86.0,0.1,4.5,06:11:00,18:21:00
2633,1474421403,9/20/2016 12:00:00 AM,15:30:03,273.77,60.0,30.38,85.0,1.09,6.75,06:11:00,18:21:00
2634,1474421104,9/20/2016 12:00:00 AM,15:25:04,589.2,60.0,30.38,84.0,6.42,6.75,06:11:00,18:21:00
2635,1474420803,9/20/2016 12:00:00 AM,15:20:03,286.34,60.0,30.38,84.0,336.48,5.62,06:11:00,18:21:00
2636,1474420506,9/20/2016 12:00:00 AM,15:15:06,491.22,60.0,30.38,85.0,22.08,3.37,06:11:00,18:21:00
2637,1474420205,9/20/2016 12:00:00 AM,15:10:05,776.62,60.0,30.38,86.0,346.95,5.62,06:11:00,18:21:00
2638,1474419905,9/20/2016 12:00:00 AM,15:05:05,682.9,59.0,30.38,87.0,353.5,7.87,06:11:00,18:21:00
2639,1474419606,9/20/2016 12:00:00 AM,15:00:06,954.04,59.0,30.38,87.0,49.84,5.62,06:11:00,18:21:00
2640,1474419305,9/20/2016 12:00:00 AM,14:55:05,770.72,59.0,30.38,85.0,0.1,5.62,06:11:00,18:21:00
2641,1474419003,9/20/2016 12:00:00 AM,14:50:03,493.91,60.0,30.38,84.0,43.62,5.62,06:11:00,18:21:00
2642,1474418709,9/20/2016 12:00:00 AM,14:45:09,592.09,60.0,30.38,84.0,0.59,9.0,06:11:00,18:21:00
2643,1474418404,9/20/2016 12:00:00 AM,14:40:04,639.36,60.0,30.38,82.0,68.43,4.5,06:11:00,18:21:00
2644,1474418103,9/20/2016 12:00:00 AM,14:35:03,463.87,61.0,30.38,81.0,7.84,6.75,06:11:00,18:21:00
2645,1474417805,9/20/2016 12:00:00 AM,14:30:05,788.95,61.0,30.38,81.0,0.12,9.0,06:11:00,18:21:00
2646,1474417503,9/20/2016 12:00:00 AM,14:25:03,925.68,62.0,30.38,79.0,33.82,6.75,06:11:00,18:21:00
2647,1474417202,9/20/2016 12:00:00 AM,14:20:02,941.99,62.0,30.38,79.0,359.92,4.5,06:11:00,18:21:00
2648,1474416903,9/20/2016 12:00:00 AM,14:15:03,729.71,62.0,30.38,78.0,12.25,5.62,06:11:00,18:21:00
2649,1474416605,9/20/2016 12:00:00 AM,14:10:05,923.62,63.0,30.39,75.0,2.21,7.87,06:11:00,18:21:00
2650,1474416306,9/20/2016 12:00:00 AM,14:05:06,926.79,63.0,30.39,75.0,87.23,7.87,06:11:00,18:21:00
2651,1474416006,9/20/2016 12:00:00 AM,14:00:06,941.52,63.0,30.39,75.0,51.44,5.62,06:11:00,18:21:00
2652,1474415704,9/20/2016 12:00:00 AM,13:55:04,945.49,63.0,30.38,73.0,38.76,4.5,06:11:00,18:21:00
2653,1474415403,9/20/2016 12:00:00 AM,13:50:03,952.75,62.0,30.39,71.0,43.45,3.37,06:11:00,18:21:00
2654,1474415103,9/20/2016 12:00:00 AM,13:45:03,962.15,62.0,30.39,69.0,33.57,4.5,06:11:00,18:21:00
2655,1474414805,9/20/2016 12:00:00 AM,13:40:05,974.01,63.0,30.39,70.0,43.86,5.62,06:11:00,18:21:00
2656,1474414507,9/20/2016 12:00:00 AM,13:35:07,984.53,62.0,30.39,65.0,40.11,2.25,06:11:00,18:21:00
2657,1474414208,9/20/2016 12:00:00 AM,13:30:08,992.55,63.0,30.39,66.0,357.95,7.87,06:11:00,18:21:00
2658,1474413905,9/20/2016 12:00:00 AM,13:25:05,1001.0,62.0,30.39,61.0,128.05,5.62,06:11:00,18:21:00
2659,1474413608,9/20/2016 12:00:00 AM,13:20:08,1004.2,63.0,30.39,66.0,0.11,10.12,06:11:00,18:21:00
2660,1474413311,9/20/2016 12:00:00 AM,13:15:11,1014.38,64.0,30.39,74.83719267708949,1.23,2.25,06:11:00,18:21:00
2661,1474413009,9/20/2016 12:00:00 AM,13:10:09,1018.39,63.0,30.39,64.0,336.14,9.0,06:11:00,18:21:00
2662,1474412704,9/20/2016 12:00:00 AM,13:05:04,1023.27,63.0,30.4,61.0,336.45,7.87,06:11:00,18:21:00
2663,1474412408,9/20/2016 12:00:00 AM,13:00:08,1031.24,64.0,30.4,59.0,11.2,7.87,06:11:00,18:21:00
2664,1474412104,9/20/2016 12:00:00 AM,12:55:04,1039.15,65.0,30.4,57.0,2.26,5.62,06:11:00,18:21:00
2665,1474411804,9/20/2016 12:00:00 AM,12:50:04,1041.37,65.0,30.4,74.83719267708949,8.03,10.12,06:11:00,18:21:00
2666,1474411508,9/20/2016 12:00:00 AM,12:45:08,1044.98,64.0,30.4,58.0,42.07,9.0,06:11:00,18:21:00
2667,1474411207,9/20/2016 12:00:00 AM,12:40:07,1050.7,64.0,30.4,52.0,0.18,7.87,06:11:00,18:21:00
2668,1474410910,9/20/2016 12:00:00 AM,12:35:10,1054.22,63.0,30.4,43.0,0.12,4.5,06:11:00,18:21:00
2669,1474410605,9/20/2016 12:00:00 AM,12:30:05,1059.67,63.0,30.41,39.0,1.66,6.75,06:11:00,18:21:00
2670,1474410304,9/20/2016 12:00:00 AM,12:25:04,1060.99,62.0,30.41,54.0,22.13,3.37,06:11:00,18:21:00
2671,1474410008,9/20/2016 12:00:00 AM,12:20:08,1059.81,62.0,30.41,65.0,7.21,6.75,06:11:00,18:21:00
2672,1474409708,9/20/2016 12:00:00 AM,12:15:08,1062.79,63.0,30.41,62.0,42.29,10.12,06:11:00,18:21:00
2673,1474409407,9/20/2016 12:00:00 AM,12:10:07,1060.78,63.0,30.41,65.0,8.9,6.75,06:11:00,18:21:00
2674,1474409116,9/20/2016 12:00:00 AM,12:05:16,1061.81,63.0,30.41,61.0,36.06,10.12,06:11:00,18:21:00
2675,1474408805,9/20/2016 12:00:00 AM,12:00:05,1058.71,63.0,30.41,60.0,47.89,4.5,06:11:00,18:21:00
2676,1474408504,9/20/2016 12:00:00 AM,11:55:04,1058.63,64.0,30.41,55.0,1.79,7.87,06:11:00,18:21:00
2677,1474408204,9/20/2016 12:00:00 AM,11:50:04,1061.11,63.0,30.42,52.0,24.46,4.5,06:11:00,18:21:00
2678,1474407906,9/20/2016 12:00:00 AM,11:45:06,1052.74,63.0,30.42,60.0,51.61,4.5,06:11:00,18:21:00
2679,1474407604,9/20/2016 12:00:00 AM,11:40:04,1039.39,63.0,30.42,74.83719267708949,43.39,3.37,06:11:00,18:21:00
2680,1474407304,9/20/2016 12:00:00 AM,11:35:04,1050.03,63.0,30.42,56.0,4.46,5.62,06:11:00,18:21:00
2681,1474407007,9/20/2016 12:00:00 AM,11:30:07,1040.3,63.0,30.42,54.0,76.29,3.37,06:11:00,18:21:00
2682,1474406703,9/20/2016 12:00:00 AM,11:25:03,1027.01,63.0,30.42,52.0,0.38,3.37,06:11:00,18:21:00
2683,1474406405,9/20/2016 12:00:00 AM,11:20:05,1032.22,62.0,30.42,53.0,143.54770303349548,2.25,06:11:00,18:21:00
2684,1474406103,9/20/2016 12:00:00 AM,11:15:03,1019.08,62.0,30.42,63.0,27.07,5.62,06:11:00,18:21:00
2685,1474405803,9/20/2016 12:00:00 AM,11:10:03,968.89,62.0,30.42,64.0,46.66,4.5,06:11:00,18:21:00
2686,1474405505,9/20/2016 12:00:00 AM,11:05:05,1000.34,62.0,30.42,61.0,31.67,9.0,06:11:00,18:21:00
2687,1474405210,9/20/2016 12:00:00 AM,11:00:10,990.28,62.0,30.42,60.0,350.45,5.62,06:11:00,18:21:00
2688,1474404905,9/20/2016 12:00:00 AM,10:55:05,971.9,62.0,30.43,66.0,29.87,4.5,06:11:00,18:21:00
2689,1474404605,9/20/2016 12:00:00 AM,10:50:05,955.31,62.0,30.42,63.0,36.73,5.62,06:11:00,18:21:00
2690,1474404304,9/20/2016 12:00:00 AM,10:45:04,912.79,62.0,30.43,59.0,21.35,5.62,06:11:00,18:21:00
2691,1474404007,9/20/2016 12:00:00 AM,10:40:07,919.72,62.0,30.42,56.0,18.97,5.62,06:11:00,18:21:00
2692,1474403707,9/20/2016 12:00:00 AM,10:35:07,910.65,61.0,30.43,60.0,9.3,3.37,06:11:00,18:21:00
2693,1474403407,9/20/2016 12:00:00 AM,10:30:07,936.29,61.0,30.43,66.0,13.18,7.87,06:11:00,18:21:00
2694,1474403108,9/20/2016 12:00:00 AM,10:25:08,910.84,61.0,30.43,65.0,0.11,6.75,06:11:00,18:21:00
2695,1474402805,9/20/2016 12:00:00 AM,10:20:05,908.89,62.0,30.43,65.0,41.84,7.87,06:11:00,18:21:00
2696,1474402507,9/20/2016 12:00:00 AM,10:15:07,905.59,62.0,30.43,63.0,359.9,7.87,06:11:00,18:21:00
2697,1474402208,9/20/2016 12:00:00 AM,10:10:08,889.67,62.0,30.43,62.0,2.73,4.5,06:11:00,18:21:00
2698,1474401906,9/20/2016 12:00:00 AM,10:05:06,883.87,62.0,30.43,56.0,13.05,7.87,06:11:00,18:21:00
2699,1474401606,9/20/2016 12:00:00 AM,10:00:06,876.5,62.0,30.42,55.0,0.11,3.37,06:11:00,18:21:00
2700,1474401306,9/20/2016 12:00:00 AM,09:55:06,866.43,61.0,30.42,58.0,63.04,3.37,06:11:00,18:21:00
2701,1474401007,9/20/2016 12:00:00 AM,09:50:07,852.06,61.0,30.42,65.0,61.86,3.37,06:11:00,18:21:00
2702,1474400702,9/20/2016 12:00:00 AM,09:45:02,836.46,60.0,30.42,68.0,358.22,2.25,06:11:00,18:21:00
2703,1474400408,9/20/2016 12:00:00 AM,09:40:08,820.78,60.0,30.42,70.0,98.81,6.75,06:11:00,18:21:00
2704,1474400103,9/20/2016 12:00:00 AM,09:35:03,805.36,60.0,30.42,71.0,33.02,3.37,06:11:00,18:21:00
2705,1474399804,9/20/2016 12:00:00 AM,09:30:04,789.1,60.0,30.42,67.0,60.35,5.62,06:11:00,18:21:00
2706,1474399508,9/20/2016 12:00:00 AM,09:25:08,774.98,60.0,30.42,66.0,48.85,2.25,06:11:00,18:21:00
2707,1474399207,9/20/2016 12:00:00 AM,09:20:07,754.75,60.0,30.42,67.0,3.51,5.62,06:11:00,18:21:00
2708,1474398904,9/20/2016 12:00:00 AM,09:15:04,738.22,61.0,30.42,62.0,18.01,4.5,06:11:00,18:21:00
2709,1474398603,9/20/2016 12:00:00 AM,09:10:03,723.37,61.0,30.42,61.0,46.83,5.62,06:11:00,18:21:00
2710,1474398312,9/20/2016 12:00:00 AM,09:05:12,705.11,61.0,30.42,57.0,46.24,6.75,06:11:00,18:21:00
2711,1474398009,9/20/2016 12:00:00 AM,09:00:09,686.7,62.0,30.42,56.0,46.17,4.5,06:11:00,18:21:00
2712,1474397706,9/20/2016 12:00:00 AM,08:55:06,669.63,62.0,30.42,52.0,66.69,7.87,06:11:00,18:21:00
2713,1474397404,9/20/2016 12:00:00 AM,08:50:04,651.49,62.0,30.42,25.0,45.38,3.37,06:11:00,18:21:00
2714,1474397105,9/20/2016 12:00:00 AM,08:45:05,632.19,61.0,30.42,28.0,93.32,4.5,06:11:00,18:21:00
2715,1474396805,9/20/2016 12:00:00 AM,08:40:05,614.34,61.0,30.42,37.0,51.33,1.12,06:11:00,18:21:00
2716,1474396508,9/20/2016 12:00:00 AM,08:35:08,594.28,60.0,30.42,37.0,91.09,1.12,06:11:00,18:21:00
2717,1474396203,9/20/2016 12:00:00 AM,08:30:03,574.04,60.0,30.42,38.0,47.31,4.5,06:11:00,18:21:00
2718,1474395905,9/20/2016 12:00:00 AM,08:25:05,552.68,60.0,30.42,36.0,18.88,5.62,06:11:00,18:21:00
2719,1474395605,9/20/2016 12:00:00 AM,08:20:05,533.02,60.0,30.42,45.0,30.89,2.25,06:11:00,18:21:00
2720,1474395306,9/20/2016 12:00:00 AM,08:15:06,512.65,60.0,30.42,51.0,108.34,5.62,06:11:00,18:21:00
2721,1474395004,9/20/2016 12:00:00 AM,08:10:04,493.02,59.0,30.423028000868246,39.0,77.1,3.37,06:11:00,18:21:00
2722,1474394704,9/20/2016 12:00:00 AM,08:05:04,471.33,58.0,30.41,43.0,126.51,3.37,06:11:00,18:21:00
2723,1474394403,9/20/2016 12:00:00 AM,08:00:03,449.72,57.0,30.41,50.0,104.02,1.12,06:11:00,18:21:00
2724,1474394104,9/20/2016 12:00:00 AM,07:55:04,427.38,57.0,30.41,54.0,80.83,3.37,06:11:00,18:21:00
2725,1474393802,9/20/2016 12:00:00 AM,07:50:02,406.8,57.0,30.41,57.0,149.07,4.5,06:11:00,18:21:00
2726,1474393506,9/20/2016 12:00:00 AM,07:45:06,384.72,57.0,30.41,53.0,52.77,4.5,06:11:00,18:21:00
2727,1474393206,9/20/2016 12:00:00 AM,07:40:06,364.76,57.0,30.41,46.0,42.35,5.62,06:11:00,18:21:00
2728,1474392906,9/20/2016 12:00:00 AM,07:35:06,342.5,56.0,30.41,32.0,88.36,3.37,06:11:00,18:21:00
2729,1474392604,9/20/2016 12:00:00 AM,07:30:04,318.62,55.0,30.4,34.0,48.89,1.12,06:11:00,18:21:00
2730,1474392305,9/20/2016 12:00:00 AM,07:25:05,293.32,53.0,30.4,41.0,118.46,2.25,06:11:00,18:21:00
2731,1474392002,9/20/2016 12:00:00 AM,07:20:02,264.57,52.0,30.4,43.0,135.77,2.25,06:11:00,18:21:00
2732,1474391708,9/20/2016 12:00:00 AM,07:15:08,236.08,51.16507236474315,30.4,50.0,103.05,3.37,06:11:00,18:21:00
2733,1474391405,9/20/2016 12:00:00 AM,07:10:05,206.52,50.0,30.4,56.0,133.49,4.5,06:11:00,18:21:00
2734,1474391107,9/20/2016 12:00:00 AM,07:05:07,178.38,49.0,30.4,61.0,147.51,3.37,06:11:00,18:21:00
2735,1474390804,9/20/2016 12:00:00 AM,07:00:04,21.67,48.0,30.4,50.0,96.41,6.75,06:11:00,18:21:00
2736,1474390502,9/20/2016 12:00:00 AM,06:55:02,20.37,48.0,30.4,47.0,123.31,3.37,06:11:00,18:21:00
2737,1474390204,9/20/2016 12:00:00 AM,06:50:04,19.41,47.0,30.4,50.0,106.48,4.5,06:11:00,18:21:00
2738,1474389904,9/20/2016 12:00:00 AM,06:45:04,18.24,46.0,30.4,44.0,122.5,4.5,06:11:00,18:21:00
2739,1474389612,9/20/2016 12:00:00 AM,06:40:12,17.03,46.0,30.4,40.0,168.28,4.5,06:11:00,18:21:00
2740,1474389307,9/20/2016 12:00:00 AM,06:35:07,15.62,46.0,30.4,41.0,160.47,4.5,06:11:00,18:21:00
2741,1474389006,9/20/2016 12:00:00 AM,06:30:06,13.64,46.0,30.4,41.0,172.93,6.75,06:11:00,18:21:00
2742,1474388704,9/20/2016 12:00:00 AM,06:25:04,11.88,46.0,30.4,42.0,171.14,5.62,06:11:00,18:21:00
2743,1474388402,9/20/2016 12:00:00 AM,06:20:02,9.94,47.0,30.4,40.0,139.37,3.37,06:11:00,18:21:00
2744,1474388105,9/20/2016 12:00:00 AM,06:15:05,7.92,47.0,30.4,39.0,152.66,3.37,06:11:00,18:21:00
2745,1474387804,9/20/2016 12:00:00 AM,06:10:04,5.8,47.0,30.4,39.0,159.52,5.62,06:11:00,18:21:00
2746,1474387506,9/20/2016 12:00:00 AM,06:05:06,3.58,48.0,30.4,34.0,111.67,3.37,06:11:00,18:21:00
2747,1474387204,9/20/2016 12:00:00 AM,06:00:04,1.98,48.0,30.39,32.0,103.18,2.25,06:11:00,18:21:00
2748,1474386910,9/20/2016 12:00:00 AM,05:55:10,1.25,48.0,30.39,33.0,160.22,6.75,06:11:00,18:21:00
2749,1474386609,9/20/2016 12:00:00 AM,05:50:09,1.23,47.0,30.39,32.0,166.02,5.62,06:11:00,18:21:00
2750,1474386304,9/20/2016 12:00:00 AM,05:45:04,1.26,47.0,30.39,34.0,153.85,4.5,06:11:00,18:21:00
2751,1474386005,9/20/2016 12:00:00 AM,05:40:05,1.21,47.0,30.39,34.0,169.95,5.62,06:11:00,18:21:00
2752,1474385705,9/20/2016 12:00:00 AM,05:35:05,1.22,47.0,30.39,32.0,177.53,6.75,06:11:00,18:21:00
2753,1474385406,9/20/2016 12:00:00 AM,05:30:06,1.21,47.0,30.39,33.0,174.66,6.75,06:11:00,18:21:00
2754,1474385106,9/20/2016 12:00:00 AM,05:25:06,1.19,47.0,30.39,33.0,189.03,9.0,06:11:00,18:21:00
2755,1474384805,9/20/2016 12:00:00 AM,05:20:05,1.22,47.0,30.39,34.0,173.26,6.75,06:11:00,18:21:00
2756,1474384506,9/20/2016 12:00:00 AM,05:15:06,1.23,47.0,30.39,33.0,174.45,6.75,06:11:00,18:21:00
2757,1474384205,9/20/2016 12:00:00 AM,05:10:05,1.26,47.0,30.39,33.0,161.19,6.229096658193317,06:11:00,18:21:00
2758,1474383902,9/20/2016 12:00:00 AM,05:05:02,1.24,48.0,30.39,31.0,163.47,6.75,06:11:00,18:21:00
2759,1474383604,9/20/2016 12:00:00 AM,05:00:04,1.19,47.0,30.39,31.0,174.29,5.62,06:11:00,18:21:00
2760,1474383308,9/20/2016 12:00:00 AM,04:55:08,1.21,47.0,30.39,32.0,190.4,5.62,06:11:00,18:21:00
2761,1474383005,9/20/2016 12:00:00 AM,04:50:05,1.22,47.0,30.39,32.0,187.6,6.75,06:11:00,18:21:00
2762,1474382709,9/20/2016 12:00:00 AM,04:45:09,1.22,47.0,30.39,33.0,188.43,7.87,06:11:00,18:21:00
2763,1474382407,9/20/2016 12:00:00 AM,04:40:07,1.2,48.0,30.39,33.0,185.93,6.75,06:11:00,18:21:00
2764,1474382105,9/20/2016 12:00:00 AM,04:35:05,1.21,47.0,30.39,33.0,183.04,7.87,06:11:00,18:21:00
2765,1474381803,9/20/2016 12:00:00 AM,04:30:03,1.25,47.0,30.39,32.0,178.37,7.87,06:11:00,18:21:00
2766,1474381503,9/20/2016 12:00:00 AM,04:25:03,1.25,47.0,30.39,32.0,181.37,5.62,06:11:00,18:21:00
2767,1474381202,9/20/2016 12:00:00 AM,04:20:02,1.24,47.0,30.39,34.0,167.37,6.75,06:11:00,18:21:00
2768,1474380904,9/20/2016 12:00:00 AM,04:15:04,1.22,47.0,30.39,34.0,182.15,9.0,06:11:00,18:21:00
2769,1474380608,9/20/2016 12:00:00 AM,04:10:08,1.22,46.0,30.39,34.0,170.53,9.0,06:11:00,18:21:00
2770,1474380306,9/20/2016 12:00:00 AM,04:05:06,1.24,46.0,30.39,35.0,176.39,6.75,06:11:00,18:21:00
2771,1474380004,9/20/2016 12:00:00 AM,04:00:04,1.22,46.0,30.39,35.0,174.2,6.75,06:11:00,18:21:00
2772,1474379706,9/20/2016 12:00:00 AM,03:55:06,1.25,46.0,30.39,35.0,181.4,6.75,06:11:00,18:21:00
2773,1474379405,9/20/2016 12:00:00 AM,03:50:05,1.23,47.0,30.39,35.0,176.0,7.87,06:11:00,18:21:00
2774,1474379104,9/20/2016 12:00:00 AM,03:45:04,1.21,47.0,30.39,34.0,186.19,7.87,06:11:00,18:21:00
2775,1474378806,9/20/2016 12:00:00 AM,03:40:06,1.28,47.0,30.423028000868246,33.0,175.78,5.62,06:11:00,18:21:00
2776,1474378504,9/20/2016 12:00:00 AM,03:35:04,1.25,47.0,30.39,33.0,177.07,5.62,06:11:00,18:21:00
2777,1474378205,9/20/2016 12:00:00 AM,03:30:05,1.22,47.0,30.39,32.0,160.82,5.62,06:11:00,18:21:00
2778,1474377904,9/20/2016 12:00:00 AM,03:25:04,1.23,47.0,30.39,31.0,171.21,5.62,06:11:00,18:21:00
2779,1474377606,9/20/2016 12:00:00 AM,03:20:06,1.25,47.0,30.39,34.0,156.94,5.62,06:11:00,18:21:00
2780,1474377308,9/20/2016 12:00:00 AM,03:15:08,1.24,47.0,30.39,35.0,168.64,6.75,06:11:00,18:21:00
2781,1474377003,9/20/2016 12:00:00 AM,03:10:03,1.21,47.0,30.39,35.0,179.76,6.75,06:11:00,18:21:00
2782,1474376711,9/20/2016 12:00:00 AM,03:05:11,1.18,47.0,30.39,36.0,179.36,5.62,06:11:00,18:21:00
2783,1474376403,9/20/2016 12:00:00 AM,03:00:03,1.2,47.0,30.4,37.0,183.58,7.87,06:11:00,18:21:00
2784,1474376102,9/20/2016 12:00:00 AM,02:55:02,1.29,47.0,30.4,38.0,160.78,6.75,06:11:00,18:21:00
2785,1474375804,9/20/2016 12:00:00 AM,02:50:04,1.23,47.0,30.4,37.0,177.52,9.0,06:11:00,18:21:00
2786,1474375505,9/20/2016 12:00:00 AM,02:45:05,1.19,47.0,30.4,36.0,170.09,6.75,06:11:00,18:21:00
2787,1474375202,9/20/2016 12:00:00 AM,02:40:02,1.28,47.0,30.4,37.0,181.27,5.62,06:11:00,18:21:00
2788,1474374905,9/20/2016 12:00:00 AM,02:35:05,1.19,48.0,30.4,37.0,177.29,6.75,06:11:00,18:21:00
2789,1474374603,9/20/2016 12:00:00 AM,02:30:03,1.25,48.0,30.4,39.0,177.76,6.75,06:11:00,18:21:00
2790,1474374304,9/20/2016 12:00:00 AM,02:25:04,1.24,48.0,30.4,38.0,174.92,4.5,06:11:00,18:21:00
2791,1474374006,9/20/2016 12:00:00 AM,02:20:06,1.25,48.0,30.4,38.0,168.93,3.37,06:11:00,18:21:00
2792,1474373704,9/20/2016 12:00:00 AM,02:15:04,1.22,48.0,30.4,38.0,172.07,7.87,06:11:00,18:21:00
2793,1474373420,9/20/2016 12:00:00 AM,02:10:20,1.28,48.0,30.4,40.0,169.34,5.62,06:11:00,18:21:00
2794,1474373107,9/20/2016 12:00:00 AM,02:05:07,1.25,48.0,30.4,41.0,162.26,7.87,06:11:00,18:21:00
2795,1474372805,9/20/2016 12:00:00 AM,02:00:05,1.25,48.0,30.41,39.0,165.14,5.62,06:11:00,18:21:00
2796,1474372504,9/20/2016 12:00:00 AM,01:55:04,1.22,48.0,30.41,43.0,181.48,5.62,06:11:00,18:21:00
2797,1474372209,9/20/2016 12:00:00 AM,01:50:09,1.23,48.0,30.41,45.0,175.38,6.75,06:11:00,18:21:00
2798,1474371905,9/20/2016 12:00:00 AM,01:45:05,1.22,49.0,30.41,46.0,181.73,6.75,06:11:00,18:21:00
2799,1474371604,9/20/2016 12:00:00 AM,01:40:04,1.23,49.0,30.41,45.0,175.54,5.62,06:11:00,18:21:00
2800,1474371302,9/20/2016 12:00:00 AM,01:35:02,1.22,50.0,30.41,43.0,171.95,5.62,06:11:00,18:21:00
2801,1474371006,9/20/2016 12:00:00 AM,01:30:06,1.24,50.0,30.41,44.0,174.16,6.75,06:11:00,18:21:00
2802,1474370708,9/20/2016 12:00:00 AM,01:25:08,1.22,50.0,30.41,44.0,169.95,5.62,06:11:00,18:21:00
2803,1474370405,9/20/2016 12:00:00 AM,01:20:05,1.25,50.0,30.41,44.0,155.25,5.62,06:11:00,18:21:00
2804,1474370106,9/20/2016 12:00:00 AM,01:15:06,1.25,50.0,30.41,45.0,150.69,7.87,06:11:00,18:21:00
2805,1474369804,9/20/2016 12:00:00 AM,01:10:04,1.22,50.0,30.41,45.0,182.22,6.75,06:11:00,18:21:00
2806,1474369503,9/20/2016 12:00:00 AM,01:05:03,1.25,50.0,30.41,45.0,174.02,9.0,06:11:00,18:21:00
2807,1474369206,9/20/2016 12:00:00 AM,01:00:06,1.23,50.0,30.41,43.0,150.78,10.12,06:11:00,18:21:00
2808,1474368304,9/20/2016 12:00:00 AM,00:45:04,1.23,50.0,30.42,42.0,171.41,5.62,06:11:00,18:21:00
2809,1474368010,9/20/2016 12:00:00 AM,00:40:10,1.23,50.0,30.42,41.0,166.69,5.62,06:11:00,18:21:00
2810,1474367705,9/20/2016 12:00:00 AM,00:35:05,1.23,50.0,30.42,42.0,172.97,5.62,06:11:00,18:21:00
2811,1474367404,9/20/2016 12:00:00 AM,00:30:04,1.27,50.0,30.42,42.0,174.68,5.62,06:11:00,18:21:00
2812,1474367111,9/20/2016 12:00:00 AM,00:25:11,1.21,50.0,30.42,42.0,172.01,7.87,06:11:00,18:21:00
2813,1474366205,9/20/2016 12:00:00 AM,00:10:05,1.19,50.0,30.42,39.0,153.41,4.5,06:11:00,18:21:00
2814,1474365905,9/20/2016 12:00:00 AM,00:05:05,1.25,50.0,30.42,42.0,175.1,4.5,06:11:00,18:21:00
2815,1474365604,9/20/2016 12:00:00 AM,00:00:04,1.27,50.0,30.43,43.0,157.5,6.75,06:11:00,18:21:00
2816,1474365306,9/19/2016 12:00:00 AM,23:55:06,1.23,50.0,30.43,42.0,131.71,5.62,06:11:00,18:22:00
2817,1474365011,9/19/2016 12:00:00 AM,23:50:11,1.28,51.0,30.43,42.0,168.67,6.75,06:11:00,18:22:00
2818,1474364705,9/19/2016 12:00:00 AM,23:45:05,1.23,51.0,30.43,41.0,168.44,4.5,06:11:00,18:22:00
2819,1474364404,9/19/2016 12:00:00 AM,23:40:04,1.25,51.0,30.43,43.0,150.43,6.75,06:11:00,18:22:00
2820,1474364115,9/19/2016 12:00:00 AM,23:35:15,1.25,51.0,30.43,42.0,166.41,4.5,06:11:00,18:22:00
2821,1474363803,9/19/2016 12:00:00 AM,23:30:03,1.24,51.0,30.43,41.0,176.54,6.75,06:11:00,18:22:00
2822,1474363502,9/19/2016 12:00:00 AM,23:25:02,1.24,51.0,30.43,41.0,171.39,6.75,06:11:00,18:22:00
2823,1474363207,9/19/2016 12:00:00 AM,23:20:07,1.24,51.0,30.43,40.0,164.0,5.62,06:11:00,18:22:00
2824,1474362910,9/19/2016 12:00:00 AM,23:15:10,1.25,51.0,30.43,40.0,180.93,4.5,06:11:00,18:22:00
2825,1474362602,9/19/2016 12:00:00 AM,23:10:02,1.26,51.0,30.43,40.0,180.07,5.62,06:11:00,18:22:00
2826,1474362308,9/19/2016 12:00:00 AM,23:05:08,1.22,51.0,30.44,41.0,173.46,4.5,06:11:00,18:22:00
2827,1474362003,9/19/2016 12:00:00 AM,23:00:03,1.26,51.0,30.43,40.0,180.6,4.5,06:11:00,18:22:00
2828,1474361704,9/19/2016 12:00:00 AM,22:55:04,1.24,51.0,30.43,41.0,171.29,6.75,06:11:00,18:22:00
2829,1474361404,9/19/2016 12:00:00 AM,22:50:04,1.24,51.0,30.44,40.0,161.69,6.75,06:11:00,18:22:00
2830,1474361102,9/19/2016 12:00:00 AM,22:45:02,1.24,52.0,30.44,41.0,167.17,4.5,06:11:00,18:22:00
2831,1474360804,9/19/2016 12:00:00 AM,22:40:04,1.2,52.0,30.44,40.0,158.01,9.0,06:11:00,18:22:00
2832,1474360503,9/19/2016 12:00:00 AM,22:35:03,1.24,52.0,30.44,39.0,154.16,7.87,06:11:00,18:22:00
2833,1474359904,9/19/2016 12:00:00 AM,22:25:04,1.27,52.0,30.44,41.0,166.38,4.5,06:11:00,18:22:00
2834,1474359305,9/19/2016 12:00:00 AM,22:15:05,1.24,52.0,30.44,41.0,170.22,3.37,06:11:00,18:22:00
2835,1474359004,9/19/2016 12:00:00 AM,22:10:04,1.24,52.0,30.44,40.0,156.13,5.62,06:11:00,18:22:00
2836,1474358705,9/19/2016 12:00:00 AM,22:05:05,1.25,52.0,30.44,39.0,157.46,5.62,06:11:00,18:22:00
2837,1474358409,9/19/2016 12:00:00 AM,22:00:09,1.26,52.0,30.44,39.0,149.13,4.5,06:11:00,18:22:00
2838,1474358103,9/19/2016 12:00:00 AM,21:55:03,1.26,52.0,30.44,40.0,151.45,6.75,06:11:00,18:22:00
2839,1474357805,9/19/2016 12:00:00 AM,21:50:05,1.23,52.0,30.44,41.0,172.3,4.5,06:11:00,18:22:00
2840,1474357503,9/19/2016 12:00:00 AM,21:45:03,1.23,52.0,30.44,41.0,165.54,4.5,06:11:00,18:22:00
2841,1474357203,9/19/2016 12:00:00 AM,21:40:03,1.28,52.0,30.44,41.0,158.99,6.75,06:11:00,18:22:00
2842,1474356902,9/19/2016 12:00:00 AM,21:35:02,1.24,53.0,30.44,41.0,166.57,5.62,06:11:00,18:22:00
2843,1474356608,9/19/2016 12:00:00 AM,21:30:08,1.25,53.0,30.44,41.0,174.89,5.62,06:11:00,18:22:00
2844,1474356305,9/19/2016 12:00:00 AM,21:25:05,1.28,53.0,30.44,41.0,158.47,5.62,06:11:00,18:22:00
2845,1474356006,9/19/2016 12:00:00 AM,21:20:06,1.27,53.0,30.44,41.0,178.26,5.62,06:11:00,18:22:00
2846,1474355702,9/19/2016 12:00:00 AM,21:15:02,1.25,53.0,30.44,40.0,160.36,5.62,06:11:00,18:22:00
2847,1474355405,9/19/2016 12:00:00 AM,21:10:05,1.24,54.0,30.44,40.0,146.02,4.5,06:11:00,18:22:00
2848,1474355109,9/19/2016 12:00:00 AM,21:05:09,1.27,54.0,30.44,41.0,172.82,6.75,06:11:00,18:22:00
2849,1474354804,9/19/2016 12:00:00 AM,21:00:04,1.25,54.0,30.44,41.0,162.37,5.62,06:11:00,18:22:00
2850,1474354505,9/19/2016 12:00:00 AM,20:55:05,1.23,54.0,30.44,40.0,148.64,6.75,06:11:00,18:22:00
2851,1474354207,9/19/2016 12:00:00 AM,20:50:07,1.23,54.0,30.44,40.0,159.47,5.62,06:11:00,18:22:00
2852,1474353905,9/19/2016 12:00:00 AM,20:45:05,1.26,54.0,30.44,74.83719267708949,167.64,6.75,06:11:00,18:22:00
2853,1474353604,9/19/2016 12:00:00 AM,20:40:04,1.25,54.0,30.43,40.0,160.43,4.5,06:11:00,18:22:00
2854,1474353305,9/19/2016 12:00:00 AM,20:35:05,1.24,54.0,30.43,41.0,150.22,4.5,06:11:00,18:22:00
2855,1474353006,9/19/2016 12:00:00 AM,20:30:06,1.23,54.0,30.43,40.0,166.1,4.5,06:11:00,18:22:00
2856,1474352707,9/19/2016 12:00:00 AM,20:25:07,1.25,54.0,30.43,41.0,147.13,5.62,06:11:00,18:22:00
2857,1474352409,9/19/2016 12:00:00 AM,20:20:09,1.24,54.0,30.43,42.0,178.35,6.75,06:11:00,18:22:00
2858,1474352107,9/19/2016 12:00:00 AM,20:15:07,1.25,54.0,30.43,42.0,162.22,5.62,06:11:00,18:22:00
2859,1474351808,9/19/2016 12:00:00 AM,20:10:08,1.25,54.0,30.43,42.0,162.44,7.87,06:11:00,18:22:00
2860,1474351504,9/19/2016 12:00:00 AM,20:05:04,1.24,54.0,30.43,42.0,158.95,4.5,06:11:00,18:22:00
2861,1474351205,9/19/2016 12:00:00 AM,20:00:05,1.26,55.0,30.43,42.0,149.05,3.37,06:11:00,18:22:00
2862,1474350905,9/19/2016 12:00:00 AM,19:55:05,1.24,55.0,30.43,42.0,175.04,5.62,06:11:00,18:22:00
2863,1474350605,9/19/2016 12:00:00 AM,19:50:05,1.25,55.0,30.43,41.0,156.36,5.62,06:11:00,18:22:00
2864,1474350306,9/19/2016 12:00:00 AM,19:45:06,1.26,55.0,30.43,39.0,114.42,2.25,06:11:00,18:22:00
2865,1474350005,9/19/2016 12:00:00 AM,19:40:05,1.27,55.0,30.43,41.0,161.21,4.5,06:11:00,18:22:00
2866,1474349705,9/19/2016 12:00:00 AM,19:35:05,1.24,55.0,30.42,42.0,112.8,1.12,06:11:00,18:22:00
2867,1474349411,9/19/2016 12:00:00 AM,19:30:11,1.23,55.0,30.42,46.0,149.21,2.25,06:11:00,18:22:00
2868,1474349103,9/19/2016 12:00:00 AM,19:25:03,1.25,55.0,30.42,52.0,143.94,2.25,06:11:00,18:22:00
2869,1474348802,9/19/2016 12:00:00 AM,19:20:02,1.22,56.0,30.42,59.0,126.31,1.12,06:11:00,18:22:00
2870,1474348206,9/19/2016 12:00:00 AM,19:10:06,1.25,56.0,30.42,50.0,110.97,2.25,06:11:00,18:22:00
2871,1474347903,9/19/2016 12:00:00 AM,19:05:03,1.25,56.0,30.42,51.0,109.92,2.25,06:11:00,18:22:00
2872,1474347611,9/19/2016 12:00:00 AM,19:00:11,1.25,57.0,30.42,58.0,102.91,1.12,06:11:00,18:22:00
2873,1474347307,9/19/2016 12:00:00 AM,18:55:07,1.27,57.0,30.41,40.0,132.15,0.0,06:11:00,18:22:00
2874,1474347002,9/19/2016 12:00:00 AM,18:50:02,1.25,57.0,30.41,44.0,135.56,2.25,06:11:00,18:22:00
2875,1474346704,9/19/2016 12:00:00 AM,18:45:04,1.24,57.0,30.41,61.0,133.23,3.37,06:11:00,18:22:00
2876,1474346403,9/19/2016 12:00:00 AM,18:40:03,1.26,57.0,30.41,45.0,136.7,0.0,06:11:00,18:22:00
2877,1474346105,9/19/2016 12:00:00 AM,18:35:05,1.28,57.0,30.41,66.0,122.55,2.25,06:11:00,18:22:00
2878,1474345804,9/19/2016 12:00:00 AM,18:30:04,1.4,57.0,30.41,58.0,126.85,2.25,06:11:00,18:22:00
2879,1474345509,9/19/2016 12:00:00 AM,18:25:09,2.34,57.0,30.41,75.0,116.39,2.25,06:11:00,18:22:00
2880,1474345207,9/19/2016 12:00:00 AM,18:20:07,3.92,58.0,30.41,84.0,95.21,2.25,06:11:00,18:22:00
2881,1474344902,9/19/2016 12:00:00 AM,18:15:02,8.57,58.0,30.41,83.0,98.26,2.25,06:11:00,18:22:00
2882,1474344604,9/19/2016 12:00:00 AM,18:10:04,18.92,59.0,30.41,82.0,65.4,3.37,06:11:00,18:22:00
2883,1474344304,9/19/2016 12:00:00 AM,18:05:04,24.33,59.0,30.41,81.0,49.61,4.5,06:11:00,18:22:00
2884,1474344004,9/19/2016 12:00:00 AM,18:00:04,23.19,59.0,30.41,79.0,61.61,2.25,06:11:00,18:22:00
2885,1474343704,9/19/2016 12:00:00 AM,17:55:04,31.38,60.0,30.41,77.0,24.9,2.25,06:11:00,18:22:00
2886,1474343405,9/19/2016 12:00:00 AM,17:50:05,45.99,61.0,30.4,73.0,37.15,3.37,06:11:00,18:22:00
2887,1474343106,9/19/2016 12:00:00 AM,17:45:06,83.06,61.0,30.4,69.0,49.15,2.25,06:11:00,18:22:00
2888,1474342506,9/19/2016 12:00:00 AM,17:35:06,127.07,62.0,30.4,70.0,25.41,4.5,06:11:00,18:22:00
2889,1474342207,9/19/2016 12:00:00 AM,17:30:07,189.05,63.0,30.4,69.0,15.33,0.0,06:11:00,18:22:00
2890,1474341904,9/19/2016 12:00:00 AM,17:25:04,208.33,63.0,30.4,62.0,26.27,2.25,06:11:00,18:22:00
2891,1474341603,9/19/2016 12:00:00 AM,17:20:03,235.66,63.0,30.4,60.0,41.62,2.25,06:11:00,18:22:00
2892,1474341306,9/19/2016 12:00:00 AM,17:15:06,273.13,63.0,30.4,62.0,18.66,2.25,06:11:00,18:22:00
2893,1474341003,9/19/2016 12:00:00 AM,17:10:03,300.75,63.0,30.4,64.0,61.47,3.37,06:11:00,18:22:00
2894,1474340703,9/19/2016 12:00:00 AM,17:05:03,337.7,63.0,30.4,58.0,23.13,3.37,06:11:00,18:22:00
2895,1474340404,9/19/2016 12:00:00 AM,17:00:04,369.16,62.0,30.4,58.0,33.48,1.12,06:11:00,18:22:00
2896,1474340107,9/19/2016 12:00:00 AM,16:55:07,383.04,62.0,30.4,68.0,40.32,3.37,06:11:00,18:22:00
2897,1474339804,9/19/2016 12:00:00 AM,16:50:04,417.93,51.16507236474315,30.4,71.0,0.31,5.62,06:11:00,18:22:00
2898,1474339512,9/19/2016 12:00:00 AM,16:45:12,434.99,61.0,30.4,70.0,27.0,4.5,06:11:00,18:22:00
2899,1474339208,9/19/2016 12:00:00 AM,16:40:08,361.68,61.0,30.4,71.0,34.08,1.12,06:11:00,18:22:00
2900,1474338905,9/19/2016 12:00:00 AM,16:35:05,337.89,61.0,30.4,73.0,30.67,1.12,06:11:00,18:22:00
2901,1474338605,9/19/2016 12:00:00 AM,16:30:05,336.18,61.0,30.4,73.0,5.31,3.37,06:11:00,18:22:00
2902,1474338305,9/19/2016 12:00:00 AM,16:25:05,353.88,62.0,30.4,71.0,38.72,7.87,06:11:00,18:22:00
2903,1474338003,9/19/2016 12:00:00 AM,16:20:03,289.47,62.0,30.4,69.0,359.26,4.5,06:11:00,18:22:00
2904,1474337708,9/19/2016 12:00:00 AM,16:15:08,359.35,63.0,30.4,67.0,39.0,4.5,06:11:00,18:22:00
2905,1474337404,9/19/2016 12:00:00 AM,16:10:04,395.69,63.0,30.4,59.0,44.3,4.5,06:11:00,18:22:00
2906,1474337103,9/19/2016 12:00:00 AM,16:05:03,433.56,63.0,30.4,63.0,26.72,4.5,06:11:00,18:22:00
2907,1474336805,9/19/2016 12:00:00 AM,16:00:05,515.34,63.0,30.4,63.0,71.59,4.5,06:11:00,18:22:00
2908,1474336504,9/19/2016 12:00:00 AM,15:55:04,530.14,63.0,30.4,61.0,24.62,3.37,06:11:00,18:22:00
2909,1474336205,9/19/2016 12:00:00 AM,15:50:05,569.97,63.0,30.4,61.0,29.28,5.62,06:11:00,18:22:00
2910,1474335906,9/19/2016 12:00:00 AM,15:45:06,598.88,64.0,30.4,59.0,30.3,4.5,06:11:00,18:22:00
2911,1474335607,9/19/2016 12:00:00 AM,15:40:07,568.81,64.0,30.4,62.0,26.42,6.75,06:11:00,18:22:00
2912,1474335303,9/19/2016 12:00:00 AM,15:35:03,622.88,63.0,30.4,62.0,20.93,6.75,06:11:00,18:22:00
2913,1474335004,9/19/2016 12:00:00 AM,15:30:04,641.7,64.0,30.4,54.0,16.66,3.37,06:11:00,18:22:00
2914,1474334705,9/19/2016 12:00:00 AM,15:25:05,636.25,64.0,30.4,57.0,0.11,4.5,06:11:00,18:22:00
2915,1474334405,9/19/2016 12:00:00 AM,15:20:05,685.03,64.0,30.4,55.0,14.04,5.62,06:11:00,18:22:00
2916,1474334104,9/19/2016 12:00:00 AM,15:15:04,704.41,64.0,30.41,59.0,6.04,5.62,06:11:00,18:22:00
2917,1474333809,9/19/2016 12:00:00 AM,15:10:09,758.55,64.0,30.41,60.0,38.3,4.5,06:11:00,18:22:00
2918,1474333505,9/19/2016 12:00:00 AM,15:05:05,785.59,64.0,30.4,57.0,40.26,6.75,06:11:00,18:22:00
2919,1474333205,9/19/2016 12:00:00 AM,15:00:05,788.41,64.0,30.41,59.0,42.69,4.5,06:11:00,18:22:00
2920,1474332906,9/19/2016 12:00:00 AM,14:55:06,813.08,64.0,30.41,58.0,0.58,6.75,06:11:00,18:22:00
2921,1474332609,9/19/2016 12:00:00 AM,14:50:09,788.29,65.0,30.41,54.0,2.25,6.75,06:11:00,18:22:00
2922,1474332307,9/19/2016 12:00:00 AM,14:45:07,851.03,66.0,30.41,56.0,29.56,11.25,06:11:00,18:22:00
2923,1474332005,9/19/2016 12:00:00 AM,14:40:05,869.89,66.0,30.41,39.0,1.25,6.75,06:11:00,18:22:00
2924,1474331709,9/19/2016 12:00:00 AM,14:35:09,886.72,66.0,30.41,45.0,40.42,4.5,06:11:00,18:22:00
2925,1474331402,9/19/2016 12:00:00 AM,14:30:02,901.56,66.0,30.41,42.0,359.92,9.0,06:11:00,18:22:00
2926,1474331104,9/19/2016 12:00:00 AM,14:25:04,906.87,66.0,30.41,42.0,2.95,6.75,06:11:00,18:22:00
2927,1474330803,9/19/2016 12:00:00 AM,14:20:03,931.33,66.0,30.41,43.0,336.44,7.87,06:11:00,18:22:00
2928,1474330503,9/19/2016 12:00:00 AM,14:15:03,952.01,66.0,30.41,44.0,357.39,9.0,06:11:00,18:22:00
2929,1474330203,9/19/2016 12:00:00 AM,14:10:03,960.54,66.0,30.41,37.0,13.29,6.75,06:11:00,18:22:00
2930,1474329906,9/19/2016 12:00:00 AM,14:05:06,955.5,66.0,30.41,30.0,46.53,3.37,06:11:00,18:22:00
2931,1474329603,9/19/2016 12:00:00 AM,14:00:03,992.23,66.0,30.42,33.0,33.5,6.75,06:11:00,18:22:00
2932,1474329304,9/19/2016 12:00:00 AM,13:55:04,867.07,66.0,30.42,38.0,2.43,5.62,06:11:00,18:22:00
2933,1474329003,9/19/2016 12:00:00 AM,13:50:03,900.21,65.0,30.42,26.0,11.4,4.5,06:11:00,18:22:00
2934,1474328704,9/19/2016 12:00:00 AM,13:45:04,898.96,65.0,30.42,37.0,0.12,10.12,06:11:00,18:22:00
2935,1474328406,9/19/2016 12:00:00 AM,13:40:06,906.84,65.0,30.42,37.0,25.21,10.12,06:11:00,18:22:00
2936,1474328107,9/19/2016 12:00:00 AM,13:35:07,971.1,66.0,30.42,33.0,17.09,7.87,06:11:00,18:22:00
2937,1474327803,9/19/2016 12:00:00 AM,13:30:03,987.76,66.0,30.423028000868246,28.0,47.36,2.25,06:11:00,18:22:00
2938,1474327502,9/19/2016 12:00:00 AM,13:25:02,1019.99,66.0,30.42,33.0,28.73,7.87,06:11:00,18:22:00
2939,1474327206,9/19/2016 12:00:00 AM,13:20:06,1038.31,66.0,30.42,32.0,33.62,6.75,06:11:00,18:22:00
2940,1474326905,9/19/2016 12:00:00 AM,13:15:05,1033.49,66.0,30.42,41.0,3.77,6.75,06:11:00,18:22:00
2941,1474326605,9/19/2016 12:00:00 AM,13:10:05,1053.66,66.0,30.43,27.0,36.49,6.75,06:11:00,18:22:00
2942,1474326306,9/19/2016 12:00:00 AM,13:05:06,1056.07,66.0,30.43,24.0,0.11,6.75,06:11:00,18:22:00
2943,1474326004,9/19/2016 12:00:00 AM,13:00:04,1053.71,66.0,30.43,27.0,25.43,7.87,06:11:00,18:22:00
2944,1474325705,9/19/2016 12:00:00 AM,12:55:05,1076.17,66.0,30.43,28.0,39.73,5.62,06:11:00,18:22:00
2945,1474325406,9/19/2016 12:00:00 AM,12:50:06,1081.23,67.0,30.43,27.0,22.62,5.62,06:11:00,18:22:00
2946,1474325103,9/19/2016 12:00:00 AM,12:45:03,1055.14,67.0,30.43,22.0,21.1,11.25,06:11:00,18:22:00
2947,1474324804,9/19/2016 12:00:00 AM,12:40:04,989.61,67.0,30.43,25.0,47.33,10.12,06:11:00,18:22:00
2948,1474324508,9/19/2016 12:00:00 AM,12:35:08,1061.0,67.0,30.43,22.0,21.31,5.62,06:11:00,18:22:00
2949,1474324205,9/19/2016 12:00:00 AM,12:30:05,1058.03,67.0,30.44,22.0,12.41,10.12,06:11:00,18:22:00
2950,1474323908,9/19/2016 12:00:00 AM,12:25:08,1077.5,67.0,30.44,15.0,16.44,4.5,06:11:00,18:22:00
2951,1474323612,9/19/2016 12:00:00 AM,12:20:12,1083.74,67.0,30.44,19.0,39.22,6.75,06:11:00,18:22:00
2952,1474323302,9/19/2016 12:00:00 AM,12:15:02,1085.75,67.0,30.44,26.0,17.73,6.75,06:11:00,18:22:00
2953,1474323006,9/19/2016 12:00:00 AM,12:10:06,1071.32,67.0,30.44,25.0,29.86,7.87,06:11:00,18:22:00
2954,1474322706,9/19/2016 12:00:00 AM,12:05:06,1079.95,67.0,30.44,25.0,350.71,4.5,06:11:00,18:22:00
2955,1474322404,9/19/2016 12:00:00 AM,12:00:04,1072.26,67.0,30.44,25.0,338.01,7.87,06:11:00,18:22:00
2956,1474322106,9/19/2016 12:00:00 AM,11:55:06,1073.63,67.0,30.44,24.0,11.64,6.75,06:11:00,18:22:00
2957,1474321803,9/19/2016 12:00:00 AM,11:50:03,1069.13,51.16507236474315,30.44,26.0,24.91,3.37,06:11:00,18:22:00
2958,1474321508,9/19/2016 12:00:00 AM,11:45:08,1066.0,67.0,30.44,28.0,156.08,4.5,06:11:00,18:22:00
2959,1474321204,9/19/2016 12:00:00 AM,11:40:04,1062.78,66.0,30.44,21.0,13.31,4.5,06:11:00,18:22:00
2960,1474320903,9/19/2016 12:00:00 AM,11:35:03,1059.98,66.0,30.45,25.0,13.66,3.37,06:11:00,18:22:00
2961,1474320608,9/19/2016 12:00:00 AM,11:30:08,1052.18,66.0,30.45,21.0,27.15,10.12,06:11:00,18:22:00
2962,1474320312,9/19/2016 12:00:00 AM,11:25:12,1048.48,66.0,30.45,22.0,43.33,3.37,06:11:00,18:22:00
2963,1474320005,9/19/2016 12:00:00 AM,11:20:05,1042.8,66.0,30.45,22.0,32.27,4.5,06:11:00,18:22:00
2964,1474319707,9/19/2016 12:00:00 AM,11:15:07,1034.82,66.0,30.45,21.0,0.11,3.37,06:11:00,18:22:00
2965,1474319402,9/19/2016 12:00:00 AM,11:10:02,1025.47,67.0,30.45,24.0,336.15,5.62,06:11:00,18:22:00
2966,1474319108,9/19/2016 12:00:00 AM,11:05:08,1021.12,67.0,30.45,16.0,27.58,4.5,06:11:00,18:22:00
2967,1474318805,9/19/2016 12:00:00 AM,11:00:05,1011.08,67.0,30.45,17.0,14.0,6.75,06:11:00,18:22:00
2968,1474318505,9/19/2016 12:00:00 AM,10:55:05,1003.3,67.0,30.45,21.0,52.4,2.25,06:11:00,18:22:00
2969,1474318206,9/19/2016 12:00:00 AM,10:50:06,996.59,67.0,30.45,24.0,40.94,10.12,06:11:00,18:22:00
2970,1474317907,9/19/2016 12:00:00 AM,10:45:07,985.62,67.0,30.45,28.0,116.08,2.25,06:11:00,18:22:00
2971,1474317613,9/19/2016 12:00:00 AM,10:40:13,975.68,67.0,30.45,30.0,97.43,4.5,06:11:00,18:22:00
2972,1474317305,9/19/2016 12:00:00 AM,10:35:05,966.8,67.0,30.45,34.0,15.25,6.75,06:11:00,18:22:00
2973,1474317005,9/19/2016 12:00:00 AM,10:30:05,954.32,67.0,30.45,29.0,27.47,5.62,06:11:00,18:22:00
2974,1474316704,9/19/2016 12:00:00 AM,10:25:04,944.78,67.0,30.45,28.0,28.54,6.75,06:11:00,18:22:00
2975,1474316405,9/19/2016 12:00:00 AM,10:20:05,934.76,67.0,30.45,27.0,5.33,5.62,06:11:00,18:22:00
2976,1474316103,9/19/2016 12:00:00 AM,10:15:03,908.64,67.0,30.45,24.0,26.0,5.62,06:11:00,18:22:00
2977,1474315803,9/19/2016 12:00:00 AM,10:10:03,909.93,67.0,30.45,24.0,336.46,4.5,06:11:00,18:22:00
2978,1474315508,9/19/2016 12:00:00 AM,10:05:08,901.83,67.0,30.45,24.0,72.3,4.5,06:11:00,18:22:00
2979,1474315211,9/19/2016 12:00:00 AM,10:00:11,884.24,66.0,30.45,22.0,31.23,5.62,06:11:00,18:22:00
2980,1474314906,9/19/2016 12:00:00 AM,09:55:06,848.29,66.0,30.45,27.0,4.62,6.75,06:11:00,18:22:00
2981,1474314609,9/19/2016 12:00:00 AM,09:50:09,850.73,66.0,30.45,27.0,7.92,3.37,06:11:00,18:22:00
2982,1474314306,9/19/2016 12:00:00 AM,09:45:06,841.7,65.0,30.45,27.0,68.18,3.37,06:11:00,18:22:00
2983,1474313703,9/19/2016 12:00:00 AM,09:35:03,799.47,64.0,30.45,38.0,27.59,5.62,06:11:00,18:22:00
2984,1474313404,9/19/2016 12:00:00 AM,09:30:04,788.01,65.0,30.45,40.0,10.36,4.5,06:11:00,18:22:00
2985,1474313106,9/19/2016 12:00:00 AM,09:25:06,765.41,66.0,30.45,47.0,32.11,7.87,06:11:00,18:22:00
2986,1474312506,9/19/2016 12:00:00 AM,09:15:06,732.63,68.0,30.45,24.0,35.51,3.37,06:11:00,18:22:00
2987,1474312205,9/19/2016 12:00:00 AM,09:10:05,727.99,68.0,30.45,17.0,70.01,6.229096658193317,06:11:00,18:22:00
2988,1474311907,9/19/2016 12:00:00 AM,09:05:07,703.62,68.0,30.45,17.0,20.49,2.25,06:11:00,18:22:00
2989,1474311616,9/19/2016 12:00:00 AM,09:00:16,685.08,68.0,30.45,16.0,46.78,3.37,06:11:00,18:22:00
2990,1474311306,9/19/2016 12:00:00 AM,08:55:06,663.39,68.0,30.45,18.0,56.16,4.5,06:11:00,18:22:00
2991,1474311002,9/19/2016 12:00:00 AM,08:50:02,648.24,68.0,30.45,23.0,349.42,1.12,06:11:00,18:22:00
2992,1474310715,9/19/2016 12:00:00 AM,08:45:15,631.94,68.0,30.45,16.0,6.8,3.37,06:11:00,18:22:00
2993,1474310405,9/19/2016 12:00:00 AM,08:40:05,621.36,67.0,30.45,15.0,138.6,1.12,06:11:00,18:22:00
2994,1474310106,9/19/2016 12:00:00 AM,08:35:06,601.71,67.0,30.45,16.0,14.56,4.5,06:11:00,18:22:00
2995,1474309806,9/19/2016 12:00:00 AM,08:30:06,576.06,68.0,30.45,16.0,58.37,3.37,06:11:00,18:22:00
2996,1474309502,9/19/2016 12:00:00 AM,08:25:02,556.59,68.0,30.45,17.0,108.15,2.25,06:11:00,18:22:00
2997,1474309203,9/19/2016 12:00:00 AM,08:20:03,523.92,67.0,30.45,18.0,145.11,3.37,06:11:00,18:22:00
2998,1474308905,9/19/2016 12:00:00 AM,08:15:05,501.92,66.0,30.44,19.0,129.8,2.25,06:11:00,18:22:00
2999,1474308604,9/19/2016 12:00:00 AM,08:10:04,486.82,66.0,30.44,19.0,79.58,2.25,06:11:00,18:22:00
3000,1474308309,9/19/2016 12:00:00 AM,08:05:09,472.3,65.0,30.44,20.0,159.88,3.37,06:11:00,18:22:00
3001,1474308004,9/19/2016 12:00:00 AM,08:00:04,448.85,64.0,30.44,21.0,121.97,4.5,06:11:00,18:22:00
3002,1474307706,9/19/2016 12:00:00 AM,07:55:06,430.0,62.0,30.44,23.0,112.44,2.25,06:11:00,18:22:00
3003,1474307406,9/19/2016 12:00:00 AM,07:50:06,409.92,60.0,30.44,28.0,157.15,5.62,06:11:00,18:22:00
3004,1474307107,9/19/2016 12:00:00 AM,07:45:07,378.21,59.0,30.44,29.0,154.74,1.12,06:11:00,18:22:00
3005,1474306805,9/19/2016 12:00:00 AM,07:40:05,345.7,57.0,30.43,33.0,158.86,4.5,06:11:00,18:22:00
3006,1474306504,9/19/2016 12:00:00 AM,07:35:04,322.87,56.0,30.43,36.0,172.14,2.25,06:11:00,18:22:00
3007,1474306205,9/19/2016 12:00:00 AM,07:30:05,291.52,55.0,30.43,37.0,173.93,4.5,06:11:00,18:22:00
3008,1474305904,9/19/2016 12:00:00 AM,07:25:04,266.09,54.0,30.43,37.0,174.17,2.25,06:11:00,18:22:00
3009,1474305605,9/19/2016 12:00:00 AM,07:20:05,228.33,53.0,30.43,41.0,178.51,2.25,06:11:00,18:22:00
3010,1474305302,9/19/2016 12:00:00 AM,07:15:02,213.98,52.0,30.43,42.0,166.2,5.62,06:11:00,18:22:00
3011,1474305004,9/19/2016 12:00:00 AM,07:10:04,202.76,52.0,30.43,43.0,179.16,4.5,06:11:00,18:22:00
3012,1474304707,9/19/2016 12:00:00 AM,07:05:07,165.27,51.0,30.43,44.0,181.68,5.62,06:11:00,18:22:00
3013,1474304404,9/19/2016 12:00:00 AM,07:00:04,35.48,51.0,30.43,44.0,184.7,7.87,06:11:00,18:22:00
3014,1474304105,9/19/2016 12:00:00 AM,06:55:05,32.36,50.0,30.43,46.0,179.7,6.75,06:11:00,18:22:00
3015,1474303803,9/19/2016 12:00:00 AM,06:50:03,30.75,50.0,30.43,46.0,179.67,6.75,06:11:00,18:22:00
3016,1474303504,9/19/2016 12:00:00 AM,06:45:04,28.68,50.0,30.43,45.0,181.52,6.75,06:11:00,18:22:00
3017,1474303205,9/19/2016 12:00:00 AM,06:40:05,26.72,50.0,30.43,47.0,178.18,7.87,06:11:00,18:22:00
3018,1474302909,9/19/2016 12:00:00 AM,06:35:09,24.26,49.0,30.42,47.0,183.69,7.87,06:11:00,18:22:00
3019,1474302603,9/19/2016 12:00:00 AM,06:30:03,21.69,49.0,30.42,47.0,176.76,6.75,06:11:00,18:22:00
3020,1474302306,9/19/2016 12:00:00 AM,06:25:06,18.79,49.0,30.42,48.0,177.57,9.0,06:11:00,18:22:00
3021,1474302007,9/19/2016 12:00:00 AM,06:20:07,15.08,49.0,30.42,47.0,180.73,9.0,06:11:00,18:22:00
3022,1474301708,9/19/2016 12:00:00 AM,06:15:08,10.9,49.0,30.42,48.0,179.55,9.0,06:11:00,18:22:00
3023,1474301402,9/19/2016 12:00:00 AM,06:10:02,7.49,49.0,30.42,48.0,181.62,7.87,06:11:00,18:22:00
3024,1474301107,9/19/2016 12:00:00 AM,06:05:07,5.2,49.0,30.42,49.0,179.23,9.0,06:11:00,18:22:00
3025,1474300802,9/19/2016 12:00:00 AM,06:00:02,2.72,49.0,30.42,49.0,178.24,6.75,06:11:00,18:22:00
3026,1474300507,9/19/2016 12:00:00 AM,05:55:07,1.25,48.0,30.42,48.0,180.47,9.0,06:11:00,18:22:00
3027,1474300205,9/19/2016 12:00:00 AM,05:50:05,1.24,48.0,30.42,49.0,185.58,9.0,06:11:00,18:22:00
3028,1474299907,9/19/2016 12:00:00 AM,05:45:07,1.23,48.0,30.42,49.0,180.81,9.0,06:11:00,18:22:00
3029,1474299604,9/19/2016 12:00:00 AM,05:40:04,1.22,48.0,30.42,48.0,182.36,7.87,06:11:00,18:22:00
3030,1474299304,9/19/2016 12:00:00 AM,05:35:04,1.21,49.0,30.42,49.0,180.32,6.75,06:11:00,18:22:00
3031,1474299005,9/19/2016 12:00:00 AM,05:30:05,1.21,49.0,30.42,48.0,180.39,6.75,06:11:00,18:22:00
3032,1474298708,9/19/2016 12:00:00 AM,05:25:08,1.23,49.0,30.42,48.0,180.29,6.75,06:11:00,18:22:00
3033,1474298406,9/19/2016 12:00:00 AM,05:20:06,1.21,49.0,30.42,47.0,179.22,7.87,06:11:00,18:22:00
3034,1474298107,9/19/2016 12:00:00 AM,05:15:07,1.24,49.0,30.42,48.0,180.04,5.62,06:11:00,18:22:00
3035,1474297804,9/19/2016 12:00:00 AM,05:10:04,1.24,49.0,30.42,46.0,176.22,9.0,06:11:00,18:22:00
3036,1474297505,9/19/2016 12:00:00 AM,05:05:05,1.25,49.0,30.41,47.0,181.34,7.87,06:11:00,18:22:00
3037,1474297205,9/19/2016 12:00:00 AM,05:00:05,1.23,49.0,30.41,48.0,179.62,6.75,06:11:00,18:22:00
3038,1474296902,9/19/2016 12:00:00 AM,04:55:02,1.24,49.0,30.41,48.0,181.79,10.12,06:11:00,18:22:00
3039,1474296606,9/19/2016 12:00:00 AM,04:50:06,1.19,49.0,30.41,48.0,183.44,9.0,06:11:00,18:22:00
3040,1474296308,9/19/2016 12:00:00 AM,04:45:08,1.24,48.0,30.41,49.0,182.96,9.0,06:11:00,18:22:00
3041,1474296016,9/19/2016 12:00:00 AM,04:40:16,1.24,48.0,30.41,51.0,183.48,9.0,06:11:00,18:22:00
3042,1474295709,9/19/2016 12:00:00 AM,04:35:09,1.22,48.0,30.41,51.0,182.71,9.0,06:11:00,18:22:00
3043,1474295402,9/19/2016 12:00:00 AM,04:30:02,1.24,48.0,30.41,51.0,189.5,9.0,06:11:00,18:22:00
3044,1474295103,9/19/2016 12:00:00 AM,04:25:03,1.23,48.0,30.41,50.0,182.63,9.0,06:11:00,18:22:00
3045,1474294803,9/19/2016 12:00:00 AM,04:20:03,1.22,47.0,30.41,51.0,180.8,9.0,06:11:00,18:22:00
3046,1474294504,9/19/2016 12:00:00 AM,04:15:04,1.25,47.0,30.41,51.0,184.5,7.87,06:11:00,18:22:00
3047,1474294203,9/19/2016 12:00:00 AM,04:10:03,1.18,47.0,30.41,52.0,187.51,6.75,06:11:00,18:22:00
3048,1474293905,9/19/2016 12:00:00 AM,04:05:05,1.22,48.0,30.41,51.0,159.91,6.75,06:11:00,18:22:00
3049,1474293606,9/19/2016 12:00:00 AM,04:00:06,1.2,48.0,30.41,51.0,173.61,6.75,06:11:00,18:22:00
3050,1474293304,9/19/2016 12:00:00 AM,03:55:04,1.24,48.0,30.41,51.0,170.9,4.5,06:11:00,18:22:00
3051,1474293002,9/19/2016 12:00:00 AM,03:50:02,1.21,48.0,30.41,51.0,183.5,6.75,06:11:00,18:22:00
3052,1474292705,9/19/2016 12:00:00 AM,03:45:05,1.25,48.0,30.41,51.0,172.3,6.75,06:11:00,18:22:00
3053,1474292403,9/19/2016 12:00:00 AM,03:40:03,1.26,48.0,30.41,50.0,177.98,4.5,06:11:00,18:22:00
3054,1474292103,9/19/2016 12:00:00 AM,03:35:03,1.25,48.0,30.41,51.0,169.76,5.62,06:11:00,18:22:00
3055,1474291808,9/19/2016 12:00:00 AM,03:30:08,1.26,48.0,30.41,50.0,165.6,5.62,06:11:00,18:22:00
3056,1474291504,9/19/2016 12:00:00 AM,03:25:04,1.2,48.0,30.41,51.0,179.08,6.75,06:11:00,18:22:00
3057,1474291205,9/19/2016 12:00:00 AM,03:20:05,1.17,48.0,30.41,51.0,190.84,9.0,06:11:00,18:22:00
3058,1474290905,9/19/2016 12:00:00 AM,03:15:05,1.22,48.0,30.41,51.0,185.9,9.0,06:11:00,18:22:00
3059,1474290603,9/19/2016 12:00:00 AM,03:10:03,1.24,48.0,30.41,51.0,176.84,9.0,06:11:00,18:22:00
3060,1474290303,9/19/2016 12:00:00 AM,03:05:03,1.25,48.0,30.41,51.0,182.01,7.87,06:11:00,18:22:00
3061,1474290006,9/19/2016 12:00:00 AM,03:00:06,1.17,48.0,30.42,51.0,196.5,7.87,06:11:00,18:22:00
3062,1474289706,9/19/2016 12:00:00 AM,02:55:06,1.2,48.0,30.42,49.0,190.94,9.0,06:11:00,18:22:00
3063,1474289407,9/19/2016 12:00:00 AM,02:50:07,1.22,48.0,30.42,49.0,191.35,7.87,06:11:00,18:22:00
3064,1474289106,9/19/2016 12:00:00 AM,02:45:06,1.25,48.0,30.42,48.0,178.52,6.75,06:11:00,18:22:00
3065,1474288506,9/19/2016 12:00:00 AM,02:35:06,1.22,48.0,30.42,48.0,174.94,5.62,06:11:00,18:22:00
3066,1474288205,9/19/2016 12:00:00 AM,02:30:05,1.24,48.0,30.42,48.0,176.26,6.75,06:11:00,18:22:00
3067,1474287904,9/19/2016 12:00:00 AM,02:25:04,1.25,48.0,30.42,48.0,173.2,6.75,06:11:00,18:22:00
3068,1474287604,9/19/2016 12:00:00 AM,02:20:04,1.24,48.0,30.42,49.0,176.53,6.75,06:11:00,18:22:00
3069,1474287306,9/19/2016 12:00:00 AM,02:15:06,1.26,48.0,30.42,49.0,165.62,5.62,06:11:00,18:22:00
3070,1474287007,9/19/2016 12:00:00 AM,02:10:07,1.22,48.0,30.42,50.0,179.31,6.75,06:11:00,18:22:00
3071,1474286703,9/19/2016 12:00:00 AM,02:05:03,1.24,48.0,30.42,48.0,157.6,6.75,06:11:00,18:22:00
3072,1474286408,9/19/2016 12:00:00 AM,02:00:08,1.27,48.0,30.42,47.0,162.6,5.62,06:11:00,18:22:00
3073,1474286104,9/19/2016 12:00:00 AM,01:55:04,1.23,48.0,30.42,48.0,179.12,7.87,06:11:00,18:22:00
3074,1474285804,9/19/2016 12:00:00 AM,01:50:04,1.22,48.0,30.43,48.0,160.92,6.75,06:11:00,18:22:00
3075,1474285506,9/19/2016 12:00:00 AM,01:45:06,1.25,48.0,30.43,47.0,182.44,5.62,06:11:00,18:22:00
3076,1474285206,9/19/2016 12:00:00 AM,01:40:06,1.28,48.0,30.43,49.0,161.25,5.62,06:11:00,18:22:00
3077,1474284904,9/19/2016 12:00:00 AM,01:35:04,1.25,48.0,30.43,48.0,158.08,7.87,06:11:00,18:22:00
3078,1474284606,9/19/2016 12:00:00 AM,01:30:06,1.25,48.0,30.43,48.0,168.52,4.5,06:11:00,18:22:00
3079,1474284303,9/19/2016 12:00:00 AM,01:25:03,1.22,48.0,30.43,47.0,177.64,6.75,06:11:00,18:22:00
3080,1474284002,9/19/2016 12:00:00 AM,01:20:02,1.22,48.0,30.44,47.0,192.73,7.87,06:11:00,18:22:00
3081,1474283708,9/19/2016 12:00:00 AM,01:15:08,1.26,48.0,30.44,47.0,183.37,7.87,06:11:00,18:22:00
3082,1474283402,9/19/2016 12:00:00 AM,01:10:02,1.22,48.0,30.44,47.0,191.06,7.87,06:11:00,18:22:00
3083,1474282808,9/19/2016 12:00:00 AM,01:00:08,1.24,48.0,30.44,48.0,183.36,6.75,06:11:00,18:22:00
3084,1474281903,9/19/2016 12:00:00 AM,00:45:03,1.26,48.0,30.45,43.0,185.5,5.62,06:11:00,18:22:00
3085,1474281605,9/19/2016 12:00:00 AM,00:40:05,1.22,49.0,30.45,43.0,181.99,6.75,06:11:00,18:22:00
3086,1474281306,9/19/2016 12:00:00 AM,00:35:06,1.26,49.0,30.45,41.0,172.64,7.87,06:11:00,18:22:00
3087,1474281005,9/19/2016 12:00:00 AM,00:30:05,1.25,49.0,30.45,41.0,172.41,5.62,06:11:00,18:22:00
3088,1474280405,9/19/2016 12:00:00 AM,00:20:05,1.24,49.0,30.45,41.0,161.46,4.5,06:11:00,18:22:00
3089,1474279804,9/19/2016 12:00:00 AM,00:10:04,1.25,49.0,30.45,41.0,162.98,7.87,06:11:00,18:22:00
3090,1474279504,9/19/2016 12:00:00 AM,00:05:04,1.22,49.0,30.46,42.0,167.83,5.62,06:11:00,18:22:00
3091,1474278904,9/18/2016 12:00:00 AM,23:55:04,1.26,49.0,30.423028000868246,44.0,158.44,6.75,06:11:00,18:23:00
3092,1474278606,9/18/2016 12:00:00 AM,23:50:06,1.25,49.0,30.46,44.0,189.84,6.75,06:11:00,18:23:00
3093,1474278304,9/18/2016 12:00:00 AM,23:45:04,1.22,50.0,30.46,43.0,152.95,6.75,06:11:00,18:23:00
3094,1474278003,9/18/2016 12:00:00 AM,23:40:03,1.24,50.0,30.46,41.0,146.77,5.62,06:11:00,18:23:00
3095,1474277704,9/18/2016 12:00:00 AM,23:35:04,1.23,50.0,30.46,40.0,170.22,7.87,06:11:00,18:23:00
3096,1474277403,9/18/2016 12:00:00 AM,23:30:03,1.22,50.0,30.46,39.0,155.51,7.87,06:11:00,18:23:00
3097,1474277105,9/18/2016 12:00:00 AM,23:25:05,1.25,50.0,30.46,41.0,162.68,6.75,06:11:00,18:23:00
3098,1474276806,9/18/2016 12:00:00 AM,23:20:06,1.25,50.0,30.46,40.0,158.2,5.62,06:11:00,18:23:00
3099,1474276503,9/18/2016 12:00:00 AM,23:15:03,1.24,50.0,30.46,40.0,172.6,4.5,06:11:00,18:23:00
3100,1474276203,9/18/2016 12:00:00 AM,23:10:03,1.24,50.0,30.46,39.0,180.87,6.75,06:11:00,18:23:00
3101,1474275904,9/18/2016 12:00:00 AM,23:05:04,1.25,50.0,30.46,38.0,182.02,7.87,06:11:00,18:23:00
3102,1474275605,9/18/2016 12:00:00 AM,23:00:05,1.23,50.0,30.46,37.0,161.56,7.87,06:11:00,18:23:00
3103,1474275305,9/18/2016 12:00:00 AM,22:55:05,1.23,50.0,30.46,37.0,167.24,5.62,06:11:00,18:23:00
3104,1474275010,9/18/2016 12:00:00 AM,22:50:10,1.25,50.0,30.46,37.0,152.16,6.75,06:11:00,18:23:00
3105,1474274707,9/18/2016 12:00:00 AM,22:45:07,1.24,50.0,30.46,37.0,149.57,5.62,06:11:00,18:23:00
3106,1474274405,9/18/2016 12:00:00 AM,22:40:05,1.21,50.0,30.46,38.0,175.88,6.75,06:11:00,18:23:00
3107,1474274105,9/18/2016 12:00:00 AM,22:35:05,1.23,50.0,30.46,39.0,156.92,6.75,06:11:00,18:23:00
3108,1474273806,9/18/2016 12:00:00 AM,22:30:06,1.24,50.0,30.47,40.0,162.83,7.87,06:11:00,18:23:00
3109,1474273505,9/18/2016 12:00:00 AM,22:25:05,1.24,50.0,30.47,39.0,157.63,7.87,06:11:00,18:23:00
3110,1474272902,9/18/2016 12:00:00 AM,22:15:02,1.26,50.0,30.47,46.0,159.37,7.87,06:11:00,18:23:00
3111,1474272603,9/18/2016 12:00:00 AM,22:10:03,1.26,51.0,30.47,41.0,159.81,5.62,06:11:00,18:23:00
3112,1474272306,9/18/2016 12:00:00 AM,22:05:06,1.27,51.0,30.47,40.0,157.37,6.75,06:11:00,18:23:00
3113,1474272008,9/18/2016 12:00:00 AM,22:00:08,1.24,51.0,30.47,40.0,129.96,6.75,06:11:00,18:23:00
3114,1474271703,9/18/2016 12:00:00 AM,21:55:03,1.28,51.0,30.47,41.0,177.53,5.62,06:11:00,18:23:00
3115,1474271404,9/18/2016 12:00:00 AM,21:50:04,1.26,51.0,30.47,40.0,146.37,6.75,06:11:00,18:23:00
3116,1474271105,9/18/2016 12:00:00 AM,21:45:05,1.25,51.0,30.47,42.0,153.12,7.87,06:11:00,18:23:00
3117,1474270806,9/18/2016 12:00:00 AM,21:40:06,1.24,51.0,30.47,45.0,165.29,5.62,06:11:00,18:23:00
3118,1474270506,9/18/2016 12:00:00 AM,21:35:06,1.23,52.0,30.47,49.0,158.55,7.87,06:11:00,18:23:00
3119,1474270205,9/18/2016 12:00:00 AM,21:30:05,1.27,52.0,30.47,47.0,147.58,5.62,06:11:00,18:23:00
3120,1474269903,9/18/2016 12:00:00 AM,21:25:03,1.26,53.0,30.47,54.0,163.95,2.25,06:11:00,18:23:00
3121,1474269608,9/18/2016 12:00:00 AM,21:20:08,1.25,53.0,30.47,57.0,166.84,2.25,06:11:00,18:23:00
3122,1474269305,9/18/2016 12:00:00 AM,21:15:05,1.26,53.0,30.47,58.0,130.66,2.25,06:11:00,18:23:00
3123,1474269006,9/18/2016 12:00:00 AM,21:10:06,1.26,53.0,30.47,60.0,114.49,4.5,06:11:00,18:23:00
3124,1474268703,9/18/2016 12:00:00 AM,21:05:03,1.26,53.0,30.46,63.0,162.37,4.5,06:11:00,18:23:00
3125,1474268406,9/18/2016 12:00:00 AM,21:00:06,1.24,53.0,30.46,69.0,163.16,4.5,06:11:00,18:23:00
3126,1474268107,9/18/2016 12:00:00 AM,20:55:07,1.27,53.0,30.46,68.0,152.69,3.37,06:11:00,18:23:00
3127,1474267807,9/18/2016 12:00:00 AM,20:50:07,1.23,54.0,30.46,68.0,127.6,4.5,06:11:00,18:23:00
3128,1474267506,9/18/2016 12:00:00 AM,20:45:06,1.27,54.0,30.46,63.0,133.72,2.25,06:11:00,18:23:00
3129,1474267204,9/18/2016 12:00:00 AM,20:40:04,1.22,54.0,30.46,67.0,169.98,2.25,06:11:00,18:23:00
3130,1474266904,9/18/2016 12:00:00 AM,20:35:04,1.26,53.0,30.46,68.0,114.82,2.25,06:11:00,18:23:00
3131,1474266603,9/18/2016 12:00:00 AM,20:30:03,1.31,54.0,30.45,70.0,162.75,3.37,06:11:00,18:23:00
3132,1474266304,9/18/2016 12:00:00 AM,20:25:04,1.22,54.0,30.45,72.0,172.55,5.62,06:11:00,18:23:00
3133,1474266006,9/18/2016 12:00:00 AM,20:20:06,1.23,54.0,30.45,72.0,146.55,5.62,06:11:00,18:23:00
3134,1474265703,9/18/2016 12:00:00 AM,20:15:03,1.22,54.0,30.45,72.0,165.22,4.5,06:11:00,18:23:00
3135,1474265409,9/18/2016 12:00:00 AM,20:10:09,1.27,54.0,30.45,72.0,151.85,4.5,06:11:00,18:23:00
3136,1474265104,9/18/2016 12:00:00 AM,20:05:04,1.27,54.0,30.45,73.0,155.05,2.25,06:11:00,18:23:00
3137,1474264803,9/18/2016 12:00:00 AM,20:00:03,1.27,53.0,30.45,69.0,119.23,2.25,06:11:00,18:23:00
3138,1474264507,9/18/2016 12:00:00 AM,19:55:07,1.22,53.0,30.44,73.0,162.15,4.5,06:11:00,18:23:00
3139,1474264205,9/18/2016 12:00:00 AM,19:50:05,1.21,53.0,30.44,76.0,149.59,5.62,06:11:00,18:23:00
3140,1474263906,9/18/2016 12:00:00 AM,19:45:06,1.26,53.0,30.44,77.0,168.08,4.5,06:11:00,18:23:00
3141,1474263607,9/18/2016 12:00:00 AM,19:40:07,1.31,53.0,30.44,75.0,175.5,4.5,06:11:00,18:23:00
3142,1474263305,9/18/2016 12:00:00 AM,19:35:05,1.27,53.0,30.44,79.0,169.28,4.5,06:11:00,18:23:00
3143,1474263003,9/18/2016 12:00:00 AM,19:30:03,1.26,53.0,30.44,81.0,161.94,3.37,06:11:00,18:23:00
3144,1474262707,9/18/2016 12:00:00 AM,19:25:07,1.28,53.0,30.44,81.0,100.95,4.5,06:11:00,18:23:00
3145,1474262403,9/18/2016 12:00:00 AM,19:20:03,1.25,52.0,30.44,99.0,104.47,3.37,06:11:00,18:23:00
3146,1474262110,9/18/2016 12:00:00 AM,19:15:10,1.3,52.0,30.43,100.0,149.97,4.5,06:11:00,18:23:00
3147,1474261803,9/18/2016 12:00:00 AM,19:10:03,1.24,52.0,30.43,100.0,169.48,3.37,06:11:00,18:23:00
3148,1474261503,9/18/2016 12:00:00 AM,19:05:03,1.24,52.0,30.43,100.0,136.29,4.5,06:11:00,18:23:00
3149,1474261205,9/18/2016 12:00:00 AM,19:00:05,1.24,53.0,30.43,100.0,92.65,2.25,06:11:00,18:23:00
3150,1474260906,9/18/2016 12:00:00 AM,18:55:06,1.26,54.0,30.43,101.0,74.23,2.25,06:11:00,18:23:00
3151,1474260303,9/18/2016 12:00:00 AM,18:45:03,1.26,54.0,30.43,101.0,180.23,6.75,06:11:00,18:23:00
3152,1474260008,9/18/2016 12:00:00 AM,18:40:08,1.28,54.0,30.43,101.0,196.93,6.75,06:11:00,18:23:00
3153,1474259706,9/18/2016 12:00:00 AM,18:35:06,1.24,54.0,30.43,101.0,195.38,7.87,06:11:00,18:23:00
3154,1474259405,9/18/2016 12:00:00 AM,18:30:05,1.91,54.0,30.43,101.0,194.65,5.62,06:11:00,18:23:00
3155,1474259106,9/18/2016 12:00:00 AM,18:25:06,3.71,54.0,30.43,101.0,162.4,2.25,06:11:00,18:23:00
3156,1474258805,9/18/2016 12:00:00 AM,18:20:05,5.05,54.0,30.43,101.0,161.42,3.37,06:11:00,18:23:00
3157,1474258503,9/18/2016 12:00:00 AM,18:15:03,6.52,54.0,30.43,101.0,166.99,1.12,06:11:00,18:23:00
3158,1474258205,9/18/2016 12:00:00 AM,18:10:05,8.38,53.0,30.43,101.0,161.82,4.5,06:11:00,18:23:00
3159,1474257904,9/18/2016 12:00:00 AM,18:05:04,13.05,53.0,30.43,101.0,143.95,3.37,06:11:00,18:23:00
3160,1474257609,9/18/2016 12:00:00 AM,18:00:09,20.93,53.0,30.42,101.0,154.95,2.25,06:11:00,18:23:00
3161,1474257308,9/18/2016 12:00:00 AM,17:55:08,24.29,53.0,30.42,101.0,73.17,4.5,06:11:00,18:23:00
3162,1474257005,9/18/2016 12:00:00 AM,17:50:05,35.91,53.0,30.42,101.0,82.86,2.25,06:11:00,18:23:00
3163,1474256702,9/18/2016 12:00:00 AM,17:45:02,47.58,53.0,30.42,101.0,107.23,3.37,06:11:00,18:23:00
3164,1474256403,9/18/2016 12:00:00 AM,17:40:03,53.16,53.0,30.42,101.0,79.8,3.37,06:11:00,18:23:00
3165,1474256106,9/18/2016 12:00:00 AM,17:35:06,42.55,53.0,30.42,101.0,65.29,4.5,06:11:00,18:23:00
3166,1474255805,9/18/2016 12:00:00 AM,17:30:05,42.6,53.0,30.42,101.0,72.78,2.25,06:11:00,18:23:00
3167,1474255505,9/18/2016 12:00:00 AM,17:25:05,56.59,53.0,30.42,101.0,48.45,1.12,06:11:00,18:23:00
3168,1474255214,9/18/2016 12:00:00 AM,17:20:14,54.84,53.0,30.42,101.0,17.36,2.25,06:11:00,18:23:00
3169,1474254904,9/18/2016 12:00:00 AM,17:15:04,70.75,53.0,30.42,101.0,49.17,3.37,06:11:00,18:23:00
3170,1474254603,9/18/2016 12:00:00 AM,17:10:03,100.0,53.0,30.42,101.0,63.07,3.37,06:11:00,18:23:00
3171,1474254305,9/18/2016 12:00:00 AM,17:05:05,116.5,53.0,30.42,100.0,84.77,2.25,06:11:00,18:23:00
3172,1474254005,9/18/2016 12:00:00 AM,17:00:05,103.11,53.0,30.42,100.0,51.71,3.37,06:11:00,18:23:00
3173,1474253703,9/18/2016 12:00:00 AM,16:55:03,100.87,53.0,30.42,100.0,9.43,3.37,06:11:00,18:23:00
3174,1474253408,9/18/2016 12:00:00 AM,16:50:08,113.88,53.0,30.42,100.0,47.12,2.25,06:11:00,18:23:00
3175,1474253106,9/18/2016 12:00:00 AM,16:45:06,95.0,54.0,30.42,100.0,336.39,5.62,06:11:00,18:23:00
3176,1474252805,9/18/2016 12:00:00 AM,16:40:05,81.41,54.0,30.42,100.0,46.99,4.5,06:11:00,18:23:00
3177,1474252503,9/18/2016 12:00:00 AM,16:35:03,76.75,54.0,30.42,100.0,36.09,4.5,06:11:00,18:23:00
3178,1474252203,9/18/2016 12:00:00 AM,16:30:03,89.97,54.0,30.42,100.0,6.85,2.25,06:11:00,18:23:00
3179,1474251904,9/18/2016 12:00:00 AM,16:25:04,196.66,54.0,30.42,100.0,40.78,2.25,06:11:00,18:23:00
3180,1474251305,9/18/2016 12:00:00 AM,16:15:05,130.14,54.0,30.42,100.0,17.44,3.37,06:11:00,18:23:00
3181,1474251006,9/18/2016 12:00:00 AM,16:10:06,126.86,54.0,30.42,100.0,4.25,5.62,06:11:00,18:23:00
3182,1474250702,9/18/2016 12:00:00 AM,16:05:02,145.01,55.0,30.42,100.0,26.39,3.37,06:11:00,18:23:00
3183,1474250405,9/18/2016 12:00:00 AM,16:00:05,122.01,55.0,30.42,100.0,32.28,5.62,06:11:00,18:23:00
3184,1474250106,9/18/2016 12:00:00 AM,15:55:06,154.81,55.0,30.42,100.0,0.34,2.25,06:11:00,18:23:00
3185,1474249805,9/18/2016 12:00:00 AM,15:50:05,192.87,55.0,30.42,100.0,359.92,3.37,06:11:00,18:23:00
3186,1474249206,9/18/2016 12:00:00 AM,15:40:06,176.75,55.0,30.42,74.83719267708949,336.49,4.5,06:11:00,18:23:00
3187,1474248905,9/18/2016 12:00:00 AM,15:35:05,185.9,55.0,30.42,99.0,7.12,2.25,06:11:00,18:23:00
3188,1474248605,9/18/2016 12:00:00 AM,15:30:05,188.57,55.0,30.43,99.0,2.09,2.25,06:11:00,18:23:00
3189,1474248306,9/18/2016 12:00:00 AM,15:25:06,212.63,55.0,30.43,99.0,4.93,4.5,06:11:00,18:23:00
3190,1474248009,9/18/2016 12:00:00 AM,15:20:09,234.31,55.0,30.43,99.0,3.55,5.62,06:11:00,18:23:00
3191,1474247705,9/18/2016 12:00:00 AM,15:15:05,179.21,55.0,30.43,98.0,36.47,1.12,06:11:00,18:23:00
3192,1474247407,9/18/2016 12:00:00 AM,15:10:07,172.33,55.0,30.43,98.0,27.14,2.25,06:11:00,18:23:00
3193,1474247104,9/18/2016 12:00:00 AM,15:05:04,195.74,55.0,30.43,98.0,2.81,4.5,06:11:00,18:23:00
3194,1474246802,9/18/2016 12:00:00 AM,15:00:02,198.19,56.0,30.43,98.0,1.92,5.62,06:11:00,18:23:00
3195,1474246504,9/18/2016 12:00:00 AM,14:55:04,280.14,56.0,30.43,97.0,55.73,4.5,06:11:00,18:23:00
3196,1474246203,9/18/2016 12:00:00 AM,14:50:03,328.09,56.0,30.43,97.0,87.21,2.25,06:11:00,18:23:00
3197,1474245907,9/18/2016 12:00:00 AM,14:45:07,294.44,56.0,30.43,96.0,68.27,2.25,06:11:00,18:23:00
3198,1474245606,9/18/2016 12:00:00 AM,14:40:06,297.1,57.0,30.43,94.0,31.63,6.75,06:11:00,18:23:00
3199,1474245307,9/18/2016 12:00:00 AM,14:35:07,216.82,57.0,30.44,92.0,50.79,5.62,06:11:00,18:23:00
3200,1474245003,9/18/2016 12:00:00 AM,14:30:03,384.49,58.0,30.44,93.0,341.94,4.5,06:11:00,18:23:00
3201,1474244706,9/18/2016 12:00:00 AM,14:25:06,476.45,59.0,30.44,90.0,20.02,6.75,06:11:00,18:23:00
3202,1474244406,9/18/2016 12:00:00 AM,14:20:06,321.62,59.0,30.44,88.0,13.68,7.87,06:11:00,18:23:00
3203,1474244102,9/18/2016 12:00:00 AM,14:15:02,519.29,61.0,30.44,86.0,44.61,6.75,06:11:00,18:23:00
3204,1474243806,9/18/2016 12:00:00 AM,14:10:06,1147.7,62.0,30.44,85.0,359.86,6.229096658193317,06:11:00,18:23:00
3205,1474243504,9/18/2016 12:00:00 AM,14:05:04,972.72,62.0,30.44,84.0,45.92,7.87,06:11:00,18:23:00
3206,1474243204,9/18/2016 12:00:00 AM,14:00:04,754.26,62.0,30.44,84.0,30.62,4.5,06:11:00,18:23:00
3207,1474242906,9/18/2016 12:00:00 AM,13:55:06,1026.69,62.0,30.44,84.0,332.65,5.62,06:11:00,18:23:00
3208,1474242603,9/18/2016 12:00:00 AM,13:50:03,675.8,62.0,30.44,84.0,336.48,10.12,06:11:00,18:23:00
3209,1474242306,9/18/2016 12:00:00 AM,13:45:06,1056.06,62.0,30.45,84.0,25.86,9.0,06:11:00,18:23:00
3210,1474242005,9/18/2016 12:00:00 AM,13:40:05,995.47,62.0,30.45,81.0,215.01,4.5,06:11:00,18:23:00
3211,1474241704,9/18/2016 12:00:00 AM,13:35:04,933.71,62.0,30.45,83.0,48.56,5.62,06:11:00,18:23:00
3212,1474241409,9/18/2016 12:00:00 AM,13:30:09,936.29,62.0,30.45,82.0,3.33,9.0,06:11:00,18:23:00
3213,1474241103,9/18/2016 12:00:00 AM,13:25:03,995.19,62.0,30.45,82.0,3.89,3.37,06:11:00,18:23:00
3214,1474240803,9/18/2016 12:00:00 AM,13:20:03,995.95,62.0,30.45,83.0,23.45,6.75,06:11:00,18:23:00
3215,1474240505,9/18/2016 12:00:00 AM,13:15:05,1012.1,62.0,30.45,81.0,337.41,6.75,06:11:00,18:23:00
3216,1474240207,9/18/2016 12:00:00 AM,13:10:07,1032.35,62.0,30.45,81.0,27.91,4.5,06:11:00,18:23:00
3217,1474239904,9/18/2016 12:00:00 AM,13:05:04,1021.62,62.0,30.46,80.0,55.49,7.87,06:11:00,18:23:00
3218,1474239603,9/18/2016 12:00:00 AM,13:00:03,1019.14,62.0,30.45,82.0,348.28,5.62,06:11:00,18:23:00
3219,1474239306,9/18/2016 12:00:00 AM,12:55:06,1029.12,51.16507236474315,30.46,82.0,37.26,7.87,06:11:00,18:23:00
3220,1474238702,9/18/2016 12:00:00 AM,12:45:02,1028.58,62.0,30.46,80.0,0.22,6.75,06:11:00,18:23:00
3221,1474238406,9/18/2016 12:00:00 AM,12:40:06,1032.72,62.0,30.46,78.0,57.05,5.62,06:11:00,18:23:00
3222,1474238107,9/18/2016 12:00:00 AM,12:35:07,1030.59,62.0,30.46,78.0,23.43,6.75,06:11:00,18:23:00
3223,1474237804,9/18/2016 12:00:00 AM,12:30:04,1033.68,62.0,30.46,76.0,35.34,7.87,06:11:00,18:23:00
3224,1474237504,9/18/2016 12:00:00 AM,12:25:04,1033.32,63.0,30.46,77.0,64.67,5.62,06:11:00,18:23:00
3225,1474237206,9/18/2016 12:00:00 AM,12:20:06,1035.95,62.0,30.46,78.0,26.91,3.37,06:11:00,18:23:00
3226,1474236910,9/18/2016 12:00:00 AM,12:15:10,1040.38,62.0,30.47,77.0,11.08,7.87,06:11:00,18:23:00
3227,1474236607,9/18/2016 12:00:00 AM,12:10:07,1042.41,61.0,30.47,78.0,32.47,6.75,06:11:00,18:23:00
3228,1474236305,9/18/2016 12:00:00 AM,12:05:05,1039.52,62.0,30.47,76.0,359.43,6.75,06:11:00,18:23:00
3229,1474236006,9/18/2016 12:00:00 AM,12:00:06,1038.32,62.0,30.47,74.0,29.49,6.75,06:11:00,18:23:00
3230,1474235403,9/18/2016 12:00:00 AM,11:50:03,1033.25,62.0,30.47,70.0,354.02,5.62,06:11:00,18:23:00
3231,1474235103,9/18/2016 12:00:00 AM,11:45:03,1028.78,62.0,30.47,70.0,18.59,2.25,06:11:00,18:23:00
3232,1474234803,9/18/2016 12:00:00 AM,11:40:03,1026.49,62.0,30.48,67.0,12.1,7.87,06:11:00,18:23:00
3233,1474234506,9/18/2016 12:00:00 AM,11:35:06,1020.61,62.0,30.48,63.0,35.59,4.5,06:11:00,18:23:00
3234,1474234209,9/18/2016 12:00:00 AM,11:30:09,1016.9,62.0,30.48,61.0,37.27,7.87,06:11:00,18:23:00
3235,1474233905,9/18/2016 12:00:00 AM,11:25:05,1012.33,62.0,30.48,63.0,72.52,6.75,06:11:00,18:23:00
3236,1474233604,9/18/2016 12:00:00 AM,11:20:04,1006.77,62.0,30.48,66.0,38.11,6.75,06:11:00,18:23:00
3237,1474233308,9/18/2016 12:00:00 AM,11:15:08,1000.51,62.0,30.48,59.0,42.02,9.0,06:11:00,18:23:00
3238,1474233005,9/18/2016 12:00:00 AM,11:10:05,992.82,62.0,30.48,64.0,63.87,2.25,06:11:00,18:23:00
3239,1474232704,9/18/2016 12:00:00 AM,11:05:04,985.95,62.0,30.48,65.0,72.62,2.25,06:11:00,18:23:00
3240,1474232403,9/18/2016 12:00:00 AM,11:00:03,978.62,62.0,30.48,64.0,78.2,2.25,06:11:00,18:23:00
3241,1474232104,9/18/2016 12:00:00 AM,10:55:04,969.27,62.0,30.48,60.0,23.86,2.25,06:11:00,18:23:00
3242,1474231805,9/18/2016 12:00:00 AM,10:50:05,960.21,62.0,30.48,60.0,43.7,6.75,06:11:00,18:23:00
3243,1474231502,9/18/2016 12:00:00 AM,10:45:02,952.34,63.0,30.48,56.0,34.68,9.0,06:11:00,18:23:00
3244,1474231204,9/18/2016 12:00:00 AM,10:40:04,944.14,63.0,30.48,55.0,63.3,4.5,06:11:00,18:23:00
3245,1474230905,9/18/2016 12:00:00 AM,10:35:05,933.75,63.0,30.48,57.0,89.3,5.62,06:11:00,18:23:00
3246,1474230604,9/18/2016 12:00:00 AM,10:30:04,921.61,63.0,30.48,58.0,154.41,3.37,06:11:00,18:23:00
3247,1474230306,9/18/2016 12:00:00 AM,10:25:06,913.46,63.0,30.48,54.0,65.34,7.87,06:11:00,18:23:00
3248,1474229707,9/18/2016 12:00:00 AM,10:15:07,890.38,63.0,30.48,49.0,21.62,4.5,06:11:00,18:23:00
3249,1474229409,9/18/2016 12:00:00 AM,10:10:09,875.84,63.0,30.48,54.0,171.0,3.37,06:11:00,18:23:00
3250,1474229104,9/18/2016 12:00:00 AM,10:05:04,865.21,63.0,30.49,52.0,21.8,7.87,06:11:00,18:23:00
3251,1474228805,9/18/2016 12:00:00 AM,10:00:05,851.98,63.0,30.48,55.0,12.96,2.25,06:11:00,18:23:00
3252,1474228503,9/18/2016 12:00:00 AM,09:55:03,837.6,63.0,30.48,54.0,15.65,3.37,06:11:00,18:23:00
3253,1474228203,9/18/2016 12:00:00 AM,09:50:03,823.2,63.0,30.48,56.0,41.52,2.25,06:11:00,18:23:00
3254,1474227906,9/18/2016 12:00:00 AM,09:45:06,808.55,63.0,30.48,59.0,46.72,4.5,06:11:00,18:23:00
3255,1474227604,9/18/2016 12:00:00 AM,09:40:04,793.94,63.0,30.48,58.0,22.86,5.62,06:11:00,18:23:00
3256,1474227305,9/18/2016 12:00:00 AM,09:35:05,780.78,63.0,30.48,59.0,103.37,7.87,06:11:00,18:23:00
3257,1474227006,9/18/2016 12:00:00 AM,09:30:06,763.85,63.0,30.48,60.0,11.98,3.37,06:11:00,18:23:00
3258,1474226706,9/18/2016 12:00:00 AM,09:25:06,748.52,63.0,30.48,58.0,58.7,6.75,06:11:00,18:23:00
3259,1474226411,9/18/2016 12:00:00 AM,09:20:11,732.31,62.0,30.48,66.0,68.97,2.25,06:11:00,18:23:00
3260,1474226108,9/18/2016 12:00:00 AM,09:15:08,715.61,62.0,30.48,64.0,46.18,5.62,06:11:00,18:23:00
3261,1474225805,9/18/2016 12:00:00 AM,09:10:05,699.26,62.0,30.48,67.0,122.45,4.5,06:11:00,18:23:00
3262,1474225505,9/18/2016 12:00:00 AM,09:05:05,681.3,62.0,30.48,67.0,99.57,2.25,06:11:00,18:23:00
3263,1474225203,9/18/2016 12:00:00 AM,09:00:03,663.77,62.0,30.48,69.0,106.15,2.25,06:11:00,18:23:00
3264,1474224902,9/18/2016 12:00:00 AM,08:55:02,645.55,62.0,30.48,72.0,96.63,5.62,06:11:00,18:23:00
3265,1474224608,9/18/2016 12:00:00 AM,08:50:08,626.78,61.0,30.48,70.0,15.22,3.37,06:11:00,18:23:00
3266,1474224306,9/18/2016 12:00:00 AM,08:45:06,607.84,61.0,30.48,75.0,36.81,4.5,06:11:00,18:23:00
3267,1474224005,9/18/2016 12:00:00 AM,08:40:05,589.11,61.0,30.47,76.0,66.44,3.37,06:11:00,18:23:00
3268,1474223707,9/18/2016 12:00:00 AM,08:35:07,570.94,61.0,30.47,72.0,45.05,6.75,06:11:00,18:23:00
3269,1474223403,9/18/2016 12:00:00 AM,08:30:03,550.44,61.0,30.47,81.0,53.51,6.75,06:11:00,18:23:00
3270,1474223106,9/18/2016 12:00:00 AM,08:25:06,530.83,61.0,30.47,79.0,99.15,3.37,06:11:00,18:23:00
3271,1474222804,9/18/2016 12:00:00 AM,08:20:04,510.85,61.0,30.47,83.0,68.4,5.62,06:11:00,18:23:00
3272,1474222506,9/18/2016 12:00:00 AM,08:15:06,490.41,60.0,30.47,75.0,72.32,4.5,06:11:00,18:23:00
3273,1474222204,9/18/2016 12:00:00 AM,08:10:04,470.03,60.0,30.47,82.0,72.72,3.37,06:11:00,18:23:00
3274,1474221903,9/18/2016 12:00:00 AM,08:05:03,448.84,60.0,30.47,79.0,75.62,4.5,06:11:00,18:23:00
3275,1474221604,9/18/2016 12:00:00 AM,08:00:04,428.43,59.0,30.47,81.0,70.13,3.37,06:11:00,18:23:00
3276,1474221303,9/18/2016 12:00:00 AM,07:55:03,406.92,58.0,30.46,84.0,85.02,1.12,06:11:00,18:23:00
3277,1474221008,9/18/2016 12:00:00 AM,07:50:08,387.01,58.0,30.46,87.0,150.59,3.37,06:11:00,18:23:00
3278,1474220405,9/18/2016 12:00:00 AM,07:40:05,346.79,56.0,30.46,93.0,119.45,5.62,06:11:00,18:23:00
3279,1474220106,9/18/2016 12:00:00 AM,07:35:06,326.09,56.0,30.46,94.0,129.47,3.37,06:11:00,18:23:00
3280,1474219806,9/18/2016 12:00:00 AM,07:30:06,303.06,56.0,30.46,93.0,50.01,1.12,06:11:00,18:23:00
3281,1474219505,9/18/2016 12:00:00 AM,07:25:05,273.56,55.0,30.45,87.0,149.78,1.12,06:11:00,18:23:00
3282,1474219208,9/18/2016 12:00:00 AM,07:20:08,246.8,54.0,30.45,90.0,158.74,4.5,06:11:00,18:23:00
3283,1474218902,9/18/2016 12:00:00 AM,07:15:02,219.05,53.0,30.45,92.0,152.74,5.62,06:11:00,18:23:00
3284,1474218612,9/18/2016 12:00:00 AM,07:10:12,192.37,52.0,30.45,95.0,159.26,5.62,06:11:00,18:23:00
3285,1474218308,9/18/2016 12:00:00 AM,07:05:08,166.44,51.0,30.45,97.0,170.43,4.5,06:11:00,18:23:00
3286,1474218007,9/18/2016 12:00:00 AM,07:00:07,20.52,51.0,30.45,98.0,139.17,2.25,06:11:00,18:23:00
3287,1474217703,9/18/2016 12:00:00 AM,06:55:03,19.12,50.0,30.44,96.0,168.38,6.75,06:11:00,18:23:00
3288,1474217403,9/18/2016 12:00:00 AM,06:50:03,18.25,50.0,30.44,98.0,152.72,3.37,06:11:00,18:23:00
3289,1474217107,9/18/2016 12:00:00 AM,06:45:07,17.29,50.0,30.44,98.0,38.32,1.12,06:11:00,18:23:00
3290,1474216803,9/18/2016 12:00:00 AM,06:40:03,16.1,50.0,30.44,100.0,162.0,6.229096658193317,06:11:00,18:23:00
3291,1474216508,9/18/2016 12:00:00 AM,06:35:08,14.89,50.0,30.44,100.0,155.11,5.62,06:11:00,18:23:00
3292,1474216205,9/18/2016 12:00:00 AM,06:30:05,13.44,50.0,30.44,100.0,167.96,6.229096658193317,06:11:00,18:23:00
3293,1474215902,9/18/2016 12:00:00 AM,06:25:02,11.66,50.0,30.44,100.0,110.11,6.75,06:11:00,18:23:00
3294,1474215603,9/18/2016 12:00:00 AM,06:20:03,9.56,50.0,30.44,100.0,151.1,6.75,06:11:00,18:23:00
3295,1474215304,9/18/2016 12:00:00 AM,06:15:04,7.48,50.0,30.44,100.0,123.54,6.75,06:11:00,18:23:00
3296,1474215006,9/18/2016 12:00:00 AM,06:10:06,5.51,50.0,30.44,100.0,161.31,4.5,06:11:00,18:23:00
3297,1474214705,9/18/2016 12:00:00 AM,06:05:05,3.5,50.0,30.44,100.0,127.42,4.5,06:11:00,18:23:00
3298,1474214405,9/18/2016 12:00:00 AM,06:00:05,1.96,50.0,30.44,100.0,160.7,2.25,06:11:00,18:23:00
3299,1474214108,9/18/2016 12:00:00 AM,05:55:08,1.27,50.0,30.44,100.0,167.54,4.5,06:11:00,18:23:00
3300,1474213807,9/18/2016 12:00:00 AM,05:50:07,1.2,51.0,30.44,101.0,152.83,3.37,06:11:00,18:23:00
3301,1474213507,9/18/2016 12:00:00 AM,05:45:07,1.27,50.0,30.44,101.0,178.77,3.37,06:11:00,18:23:00
3302,1474213203,9/18/2016 12:00:00 AM,05:40:03,1.22,50.0,30.43,100.0,179.07,3.37,06:11:00,18:23:00
3303,1474212903,9/18/2016 12:00:00 AM,05:35:03,1.26,51.0,30.44,100.0,136.32,5.62,06:11:00,18:23:00
3304,1474212604,9/18/2016 12:00:00 AM,05:30:04,1.24,51.0,30.43,101.0,141.67,2.25,06:11:00,18:23:00
3305,1474212311,9/18/2016 12:00:00 AM,05:25:11,1.22,51.0,30.43,101.0,141.07,6.75,06:11:00,18:23:00
3306,1474212005,9/18/2016 12:00:00 AM,05:20:05,1.25,51.0,30.43,101.0,120.89,5.62,06:11:00,18:23:00
3307,1474211705,9/18/2016 12:00:00 AM,05:15:05,1.23,51.0,30.43,101.0,158.45,1.12,06:11:00,18:23:00
3308,1474211404,9/18/2016 12:00:00 AM,05:10:04,1.25,51.0,30.43,101.0,134.52,2.25,06:11:00,18:23:00
3309,1474211106,9/18/2016 12:00:00 AM,05:05:06,1.25,51.0,30.43,101.0,166.91,5.62,06:11:00,18:23:00
3310,1474210808,9/18/2016 12:00:00 AM,05:00:08,1.23,51.0,30.43,101.0,180.08,4.5,06:11:00,18:23:00
3311,1474210503,9/18/2016 12:00:00 AM,04:55:03,1.21,51.0,30.43,100.0,157.13,6.75,06:11:00,18:23:00
3312,1474210203,9/18/2016 12:00:00 AM,04:50:03,1.28,51.0,30.43,101.0,165.07,6.75,06:11:00,18:23:00
3313,1474209909,9/18/2016 12:00:00 AM,04:45:09,1.22,51.0,30.43,100.0,167.94,5.62,06:11:00,18:23:00
3314,1474209305,9/18/2016 12:00:00 AM,04:35:05,1.2,52.0,30.43,100.0,169.9,5.62,06:11:00,18:23:00
3315,1474209004,9/18/2016 12:00:00 AM,04:30:04,1.27,52.0,30.43,100.0,139.08,5.62,06:11:00,18:23:00
3316,1474208705,9/18/2016 12:00:00 AM,04:25:05,1.28,52.0,30.43,100.0,165.74,4.5,06:11:00,18:23:00
3317,1474208408,9/18/2016 12:00:00 AM,04:20:08,1.26,52.0,30.43,100.0,150.6,4.5,06:11:00,18:23:00
3318,1474208108,9/18/2016 12:00:00 AM,04:15:08,1.2,52.0,30.43,100.0,163.96,4.5,06:11:00,18:23:00
3319,1474207805,9/18/2016 12:00:00 AM,04:10:05,1.23,52.0,30.43,100.0,140.19,4.5,06:11:00,18:23:00
3320,1474207504,9/18/2016 12:00:00 AM,04:05:04,1.26,52.0,30.43,100.0,140.35,2.25,06:11:00,18:23:00
3321,1474207203,9/18/2016 12:00:00 AM,04:00:03,1.25,52.0,30.43,100.0,113.75,4.5,06:11:00,18:23:00
3322,1474206908,9/18/2016 12:00:00 AM,03:55:08,1.26,52.0,30.43,100.0,160.17,5.62,06:11:00,18:23:00
3323,1474206604,9/18/2016 12:00:00 AM,03:50:04,1.28,52.0,30.44,100.0,169.31,5.62,06:11:00,18:23:00
3324,1474206306,9/18/2016 12:00:00 AM,03:45:06,1.26,52.0,30.44,100.0,163.8,5.62,06:11:00,18:23:00
3325,1474206009,9/18/2016 12:00:00 AM,03:40:09,1.21,52.0,30.44,100.0,149.67,6.75,06:11:00,18:23:00
3326,1474205705,9/18/2016 12:00:00 AM,03:35:05,1.26,51.0,30.44,100.0,168.64,4.5,06:11:00,18:23:00
3327,1474205403,9/18/2016 12:00:00 AM,03:30:03,1.25,51.0,30.44,100.0,174.24,6.75,06:11:00,18:23:00
3328,1474205107,9/18/2016 12:00:00 AM,03:25:07,1.25,51.0,30.44,100.0,151.12,9.0,06:11:00,18:23:00
3329,1474204505,9/18/2016 12:00:00 AM,03:15:05,1.27,51.0,30.44,99.0,167.32,4.5,06:11:00,18:23:00
3330,1474204207,9/18/2016 12:00:00 AM,03:10:07,1.25,51.0,30.44,99.0,154.81,9.0,06:11:00,18:23:00
3331,1474203908,9/18/2016 12:00:00 AM,03:05:08,1.25,51.0,30.44,99.0,166.55,7.87,06:11:00,18:23:00
3332,1474203606,9/18/2016 12:00:00 AM,03:00:06,1.25,51.0,30.44,99.0,165.53,7.87,06:11:00,18:23:00
3333,1474203302,9/18/2016 12:00:00 AM,02:55:02,1.24,51.0,30.44,99.0,174.1,6.75,06:11:00,18:23:00
3334,1474202706,9/18/2016 12:00:00 AM,02:45:06,1.25,51.0,30.45,98.0,164.73,7.87,06:11:00,18:23:00
3335,1474202404,9/18/2016 12:00:00 AM,02:40:04,1.25,51.0,30.45,98.0,146.97,6.75,06:11:00,18:23:00
3336,1474202106,9/18/2016 12:00:00 AM,02:35:06,1.23,51.0,30.45,97.0,174.16,9.0,06:11:00,18:23:00
3337,1474201807,9/18/2016 12:00:00 AM,02:30:07,1.23,51.0,30.45,97.0,156.93,7.87,06:11:00,18:23:00
3338,1474201504,9/18/2016 12:00:00 AM,02:25:04,1.26,50.0,30.45,96.0,151.22,5.62,06:11:00,18:23:00
3339,1474201210,9/18/2016 12:00:00 AM,02:20:10,1.21,50.0,30.45,94.0,180.76,4.5,06:11:00,18:23:00
3340,1474200906,9/18/2016 12:00:00 AM,02:15:06,1.23,50.0,30.45,92.0,152.96,2.25,06:11:00,18:23:00
3341,1474200606,9/18/2016 12:00:00 AM,02:10:06,1.23,50.0,30.45,92.0,166.04,6.75,06:11:00,18:23:00
3342,1474200309,9/18/2016 12:00:00 AM,02:05:09,1.27,50.0,30.45,93.0,155.32,4.5,06:11:00,18:23:00
3343,1474200002,9/18/2016 12:00:00 AM,02:00:02,1.22,50.0,30.45,93.0,185.0,6.75,06:11:00,18:23:00
3344,1474199706,9/18/2016 12:00:00 AM,01:55:06,1.19,50.0,30.46,93.0,175.39,6.75,06:11:00,18:23:00
3345,1474199404,9/18/2016 12:00:00 AM,01:50:04,1.24,50.0,30.46,92.0,172.51,5.62,06:11:00,18:23:00
3346,1474199103,9/18/2016 12:00:00 AM,01:45:03,1.24,51.0,30.46,93.0,160.17,5.62,06:11:00,18:23:00
3347,1474198806,9/18/2016 12:00:00 AM,01:40:06,1.25,51.0,30.46,94.0,147.75,7.87,06:11:00,18:23:00
3348,1474198509,9/18/2016 12:00:00 AM,01:35:09,1.24,51.0,30.46,92.0,167.03,7.87,06:11:00,18:23:00
3349,1474198208,9/18/2016 12:00:00 AM,01:30:08,1.23,51.0,30.46,91.0,159.93,7.87,06:11:00,18:23:00
3350,1474197908,9/18/2016 12:00:00 AM,01:25:08,1.25,51.0,30.46,89.0,147.11,7.87,06:11:00,18:23:00
3351,1474197602,9/18/2016 12:00:00 AM,01:20:02,1.27,51.0,30.46,86.0,146.13,9.0,06:11:00,18:23:00
3352,1474197306,9/18/2016 12:00:00 AM,01:15:06,1.27,51.0,30.46,86.0,147.59,7.87,06:11:00,18:23:00
3353,1474197004,9/18/2016 12:00:00 AM,01:10:04,1.21,50.0,30.47,84.0,108.55,6.75,06:11:00,18:23:00
3354,1474196707,9/18/2016 12:00:00 AM,01:05:07,1.22,51.0,30.47,84.0,161.07,5.62,06:11:00,18:23:00
3355,1474196406,9/18/2016 12:00:00 AM,01:00:06,1.25,50.0,30.47,84.0,168.35,6.75,06:11:00,18:23:00
3356,1474196105,9/18/2016 12:00:00 AM,00:55:05,1.23,50.0,30.47,84.0,183.16,5.62,06:11:00,18:23:00
3357,1474195508,9/18/2016 12:00:00 AM,00:45:08,1.24,51.0,30.47,84.0,172.97,6.75,06:11:00,18:23:00
3358,1474195205,9/18/2016 12:00:00 AM,00:40:05,1.24,51.0,30.47,84.0,174.26,5.62,06:11:00,18:23:00
3359,1474194906,9/18/2016 12:00:00 AM,00:35:06,1.26,51.0,30.47,84.0,140.13,7.87,06:11:00,18:23:00
3360,1474194606,9/18/2016 12:00:00 AM,00:30:06,1.21,51.0,30.47,85.0,146.99,5.62,06:11:00,18:23:00
3361,1474194302,9/18/2016 12:00:00 AM,00:25:02,1.25,51.0,30.47,86.0,173.65,3.37,06:11:00,18:23:00
3362,1474194005,9/18/2016 12:00:00 AM,00:20:05,1.22,51.0,30.47,85.0,167.86,6.75,06:11:00,18:23:00
3363,1474193412,9/18/2016 12:00:00 AM,00:10:12,1.25,51.0,30.48,85.0,168.51,5.62,06:11:00,18:23:00
3364,1474193104,9/18/2016 12:00:00 AM,00:05:04,1.25,51.0,30.48,85.0,148.8,9.0,06:11:00,18:23:00
3365,1474192803,9/18/2016 12:00:00 AM,00:00:03,1.22,51.0,30.48,86.0,180.59,5.62,06:11:00,18:23:00
3366,1474192507,9/17/2016 12:00:00 AM,23:55:07,1.25,51.0,30.48,86.0,148.82,9.0,06:10:00,18:24:00
3367,1474191903,9/17/2016 12:00:00 AM,23:45:03,1.2,51.0,30.48,87.0,185.99,9.0,06:10:00,18:24:00
3368,1474191613,9/17/2016 12:00:00 AM,23:40:13,1.23,51.0,30.48,86.0,183.74,7.87,06:10:00,18:24:00
3369,1474191304,9/17/2016 12:00:00 AM,23:35:04,1.22,51.0,30.49,86.0,173.11,9.0,06:10:00,18:24:00
3370,1474191004,9/17/2016 12:00:00 AM,23:30:04,1.22,52.0,30.49,85.0,157.56,10.12,06:10:00,18:24:00
3371,1474190703,9/17/2016 12:00:00 AM,23:25:03,1.23,52.0,30.49,85.0,167.92,7.87,06:10:00,18:24:00
3372,1474190403,9/17/2016 12:00:00 AM,23:20:03,1.23,51.0,30.49,85.0,146.88,9.0,06:10:00,18:24:00
3373,1474190109,9/17/2016 12:00:00 AM,23:15:09,1.25,52.0,30.49,85.0,187.82,5.62,06:10:00,18:24:00
3374,1474189805,9/17/2016 12:00:00 AM,23:10:05,1.27,52.0,30.49,84.0,147.85,9.0,06:10:00,18:24:00
3375,1474189506,9/17/2016 12:00:00 AM,23:05:06,1.26,52.0,30.49,84.0,142.54,6.75,06:10:00,18:24:00
3376,1474189210,9/17/2016 12:00:00 AM,23:00:10,1.23,52.0,30.49,84.0,175.13,6.75,06:10:00,18:24:00
3377,1474188909,9/17/2016 12:00:00 AM,22:55:09,1.25,52.0,30.49,84.0,168.68,10.12,06:10:00,18:24:00
3378,1474188604,9/17/2016 12:00:00 AM,22:50:04,1.22,52.0,30.49,84.0,153.57,7.87,06:10:00,18:24:00
3379,1474188308,9/17/2016 12:00:00 AM,22:45:08,1.28,52.0,30.49,83.0,165.7,6.75,06:10:00,18:24:00
3380,1474188005,9/17/2016 12:00:00 AM,22:40:05,1.26,52.0,30.49,83.0,149.07,4.5,06:10:00,18:24:00
3381,1474187708,9/17/2016 12:00:00 AM,22:35:08,1.26,52.0,30.49,83.0,160.06,9.0,06:10:00,18:24:00
3382,1474187402,9/17/2016 12:00:00 AM,22:30:02,1.29,52.0,30.49,83.0,169.03,7.87,06:10:00,18:24:00
3383,1474187104,9/17/2016 12:00:00 AM,22:25:04,1.28,52.0,30.49,83.0,192.46,7.87,06:10:00,18:24:00
3384,1474186805,9/17/2016 12:00:00 AM,22:20:05,1.22,52.0,30.49,83.0,140.3,6.75,06:10:00,18:24:00
3385,1474186503,9/17/2016 12:00:00 AM,22:15:03,1.26,52.0,30.49,83.0,156.89,6.75,06:10:00,18:24:00
3386,1474186210,9/17/2016 12:00:00 AM,22:10:10,1.26,52.0,30.49,83.0,181.91,7.87,06:10:00,18:24:00
3387,1474185902,9/17/2016 12:00:00 AM,22:05:02,1.22,52.0,30.49,83.0,173.03,7.87,06:10:00,18:24:00
3388,1474185606,9/17/2016 12:00:00 AM,22:00:06,1.26,52.0,30.49,83.0,165.54,6.75,06:10:00,18:24:00
3389,1474185306,9/17/2016 12:00:00 AM,21:55:06,1.22,52.0,30.49,83.0,173.13,5.62,06:10:00,18:24:00
3390,1474185005,9/17/2016 12:00:00 AM,21:50:05,1.27,52.0,30.5,83.0,124.74,3.37,06:10:00,18:24:00
3391,1474184703,9/17/2016 12:00:00 AM,21:45:03,1.27,52.0,30.49,83.0,160.83,5.62,06:10:00,18:24:00
3392,1474184411,9/17/2016 12:00:00 AM,21:40:11,1.2,53.0,30.5,83.0,171.9,9.0,06:10:00,18:24:00
3393,1474184104,9/17/2016 12:00:00 AM,21:35:04,1.23,53.0,30.49,83.0,153.03,4.5,06:10:00,18:24:00
3394,1474183803,9/17/2016 12:00:00 AM,21:30:03,1.26,53.0,30.49,83.0,163.29,4.5,06:10:00,18:24:00
3395,1474183504,9/17/2016 12:00:00 AM,21:25:04,1.26,53.0,30.49,84.0,167.38,3.37,06:10:00,18:24:00
3396,1474183205,9/17/2016 12:00:00 AM,21:20:05,1.26,53.0,30.49,86.0,126.13,2.25,06:10:00,18:24:00
3397,1474182913,9/17/2016 12:00:00 AM,21:15:13,1.25,53.0,30.49,85.0,148.76,3.37,06:10:00,18:24:00
3398,1474182606,9/17/2016 12:00:00 AM,21:10:06,1.27,53.0,30.49,87.0,155.75,3.37,06:10:00,18:24:00
3399,1474182303,9/17/2016 12:00:00 AM,21:05:03,1.25,53.0,30.49,84.0,128.24,6.75,06:10:00,18:24:00
3400,1474182004,9/17/2016 12:00:00 AM,21:00:04,1.25,53.0,30.49,82.0,126.34,6.75,06:10:00,18:24:00
3401,1474181705,9/17/2016 12:00:00 AM,20:55:05,1.24,53.0,30.49,81.0,161.45,3.37,06:10:00,18:24:00
3402,1474181407,9/17/2016 12:00:00 AM,20:50:07,1.28,53.0,30.48,81.0,160.06,1.12,06:10:00,18:24:00
3403,1474181103,9/17/2016 12:00:00 AM,20:45:03,1.26,53.0,30.48,82.0,170.31,5.62,06:10:00,18:24:00
3404,1474180804,9/17/2016 12:00:00 AM,20:40:04,1.26,53.0,30.48,81.0,135.26,3.37,06:10:00,18:24:00
3405,1474180505,9/17/2016 12:00:00 AM,20:35:05,1.28,53.0,30.48,80.0,144.54,6.75,06:10:00,18:24:00
3406,1474180205,9/17/2016 12:00:00 AM,20:30:05,1.22,53.0,30.48,81.0,147.36,6.75,06:10:00,18:24:00
3407,1474179907,9/17/2016 12:00:00 AM,20:25:07,1.23,53.0,30.48,81.0,154.88,5.62,06:10:00,18:24:00
3408,1474179610,9/17/2016 12:00:00 AM,20:20:10,1.25,53.0,30.48,81.0,173.24,4.5,06:10:00,18:24:00
3409,1474179304,9/17/2016 12:00:00 AM,20:15:04,1.24,53.0,30.48,80.0,130.3,5.62,06:10:00,18:24:00
3410,1474179005,9/17/2016 12:00:00 AM,20:10:05,1.22,53.0,30.48,79.0,127.48,5.62,06:10:00,18:24:00
3411,1474178706,9/17/2016 12:00:00 AM,20:05:06,1.23,53.0,30.47,79.0,129.02,6.75,06:10:00,18:24:00
3412,1474178404,9/17/2016 12:00:00 AM,20:00:04,1.25,53.0,30.47,79.0,100.27,2.25,06:10:00,18:24:00
3413,1474178106,9/17/2016 12:00:00 AM,19:55:06,1.26,53.0,30.47,79.0,134.43,3.37,06:10:00,18:24:00
3414,1474177809,9/17/2016 12:00:00 AM,19:50:09,1.23,53.0,30.47,79.0,119.61,2.25,06:10:00,18:24:00
3415,1474177504,9/17/2016 12:00:00 AM,19:45:04,1.25,54.0,30.47,79.0,146.69,7.87,06:10:00,18:24:00
3416,1474177205,9/17/2016 12:00:00 AM,19:40:05,1.27,54.0,30.47,78.0,147.58,6.75,06:10:00,18:24:00
3417,1474176906,9/17/2016 12:00:00 AM,19:35:06,1.25,54.0,30.47,77.0,118.44,3.37,06:10:00,18:24:00
3418,1474176608,9/17/2016 12:00:00 AM,19:30:08,1.24,54.0,30.47,78.0,140.91,5.62,06:10:00,18:24:00
3419,1474176305,9/17/2016 12:00:00 AM,19:25:05,1.25,54.0,30.47,74.83719267708949,143.54770303349548,6.75,06:10:00,18:24:00
3420,1474176008,9/17/2016 12:00:00 AM,19:20:08,1.22,54.0,30.46,77.0,160.87,5.62,06:10:00,18:24:00
3421,1474175704,9/17/2016 12:00:00 AM,19:15:04,1.22,54.0,30.46,76.0,129.59,5.62,06:10:00,18:24:00
3422,1474175407,9/17/2016 12:00:00 AM,19:10:07,1.24,54.0,30.46,78.0,133.93,4.5,06:10:00,18:24:00
3423,1474175106,9/17/2016 12:00:00 AM,19:05:06,1.24,54.0,30.47,79.0,133.82,4.5,06:10:00,18:24:00
3424,1474174807,9/17/2016 12:00:00 AM,19:00:07,1.2,54.0,30.47,78.0,155.36,3.37,06:10:00,18:24:00
3425,1474174503,9/17/2016 12:00:00 AM,18:55:03,1.23,54.0,30.46,78.0,161.8,2.25,06:10:00,18:24:00
3426,1474174206,9/17/2016 12:00:00 AM,18:50:06,1.27,54.0,30.46,78.0,106.41,4.5,06:10:00,18:24:00
3427,1474173906,9/17/2016 12:00:00 AM,18:45:06,1.2,54.0,30.46,80.0,119.93,4.5,06:10:00,18:24:00
3428,1474173608,9/17/2016 12:00:00 AM,18:40:08,1.28,55.0,30.46,84.0,135.37,9.0,06:10:00,18:24:00
3429,1474173303,9/17/2016 12:00:00 AM,18:35:03,1.2,55.0,30.46,83.0,134.74,5.62,06:10:00,18:24:00
3430,1474173004,9/17/2016 12:00:00 AM,18:30:04,1.46,55.0,30.46,85.0,135.56,5.62,06:10:00,18:24:00
3431,1474172705,9/17/2016 12:00:00 AM,18:25:05,2.28,55.0,30.46,85.0,144.24,5.62,06:10:00,18:24:00
3432,1474172402,9/17/2016 12:00:00 AM,18:20:02,3.41,55.0,30.46,83.0,94.68,6.75,06:10:00,18:24:00
3433,1474172106,9/17/2016 12:00:00 AM,18:15:06,7.25,55.0,30.46,81.0,118.69,7.87,06:10:00,18:24:00
3434,1474171808,9/17/2016 12:00:00 AM,18:10:08,11.45,56.0,30.46,82.0,109.54,7.87,06:10:00,18:24:00
3435,1474171504,9/17/2016 12:00:00 AM,18:05:04,15.18,56.0,30.46,81.0,131.78,3.37,06:10:00,18:24:00
3436,1474171205,9/17/2016 12:00:00 AM,18:00:05,19.87,56.0,30.46,80.0,156.36,5.62,06:10:00,18:24:00
3437,1474170903,9/17/2016 12:00:00 AM,17:55:03,25.21,57.0,30.46,79.0,92.22,3.37,06:10:00,18:24:00
3438,1474170605,9/17/2016 12:00:00 AM,17:50:05,33.82,57.0,30.46,80.0,91.69,6.75,06:10:00,18:24:00
3439,1474170307,9/17/2016 12:00:00 AM,17:45:07,51.79,57.0,30.46,79.0,108.55,5.62,06:10:00,18:24:00
3440,1474170007,9/17/2016 12:00:00 AM,17:40:07,67.32,57.0,30.45,79.0,136.6,7.87,06:10:00,18:24:00
3441,1474169706,9/17/2016 12:00:00 AM,17:35:06,89.96,57.0,30.45,78.0,143.54770303349548,2.25,06:10:00,18:24:00
3442,1474169404,9/17/2016 12:00:00 AM,17:30:04,126.24,57.0,30.45,78.0,55.96,2.25,06:10:00,18:24:00
3443,1474169103,9/17/2016 12:00:00 AM,17:25:03,133.58,58.0,30.45,77.0,87.38,5.62,06:10:00,18:24:00
3444,1474168806,9/17/2016 12:00:00 AM,17:20:06,126.62,58.0,30.45,76.0,89.96,4.5,06:10:00,18:24:00
3445,1474168505,9/17/2016 12:00:00 AM,17:15:05,177.51,58.0,30.45,76.0,159.01,3.37,06:10:00,18:24:00
3446,1474168208,9/17/2016 12:00:00 AM,17:10:08,170.24,58.0,30.45,77.0,95.83,3.37,06:10:00,18:24:00
3447,1474167903,9/17/2016 12:00:00 AM,17:05:03,178.18,58.0,30.45,81.0,86.74,6.75,06:10:00,18:24:00
3448,1474167606,9/17/2016 12:00:00 AM,17:00:06,176.57,58.0,30.45,82.0,132.58,5.62,06:10:00,18:24:00
3449,1474167307,9/17/2016 12:00:00 AM,16:55:07,247.31,58.0,30.45,81.0,134.84,5.62,06:10:00,18:24:00
3450,1474167002,9/17/2016 12:00:00 AM,16:50:02,191.76,57.0,30.45,84.0,78.73,3.37,06:10:00,18:24:00
3451,1474166704,9/17/2016 12:00:00 AM,16:45:04,204.5,57.0,30.45,87.0,80.47,9.0,06:10:00,18:24:00
3452,1474166405,9/17/2016 12:00:00 AM,16:40:05,200.14,58.0,30.45,89.0,46.77,7.87,06:10:00,18:24:00
3453,1474166106,9/17/2016 12:00:00 AM,16:35:06,202.15,58.0,30.45,90.0,53.38,9.0,06:10:00,18:24:00
3454,1474165802,9/17/2016 12:00:00 AM,16:30:02,211.67,58.0,30.45,85.0,93.27,6.75,06:10:00,18:24:00
3455,1474165508,9/17/2016 12:00:00 AM,16:25:08,224.02,51.16507236474315,30.45,86.0,84.37,7.87,06:10:00,18:24:00
3456,1474165204,9/17/2016 12:00:00 AM,16:20:04,242.95,59.0,30.45,87.0,78.12,6.75,06:10:00,18:24:00
3457,1474164905,9/17/2016 12:00:00 AM,16:15:05,256.24,59.0,30.45,83.0,98.01,4.5,06:10:00,18:24:00
3458,1474164605,9/17/2016 12:00:00 AM,16:10:05,295.8,59.0,30.45,84.0,52.53,4.5,06:10:00,18:24:00
3459,1474164303,9/17/2016 12:00:00 AM,16:05:03,398.47,59.0,30.45,82.0,41.44,7.87,06:10:00,18:24:00
3460,1474164006,9/17/2016 12:00:00 AM,16:00:06,344.46,59.0,30.45,86.0,73.53,9.0,06:10:00,18:24:00
3461,1474163704,9/17/2016 12:00:00 AM,15:55:04,371.29,59.0,30.45,83.0,76.99,5.62,06:10:00,18:24:00
3462,1474163402,9/17/2016 12:00:00 AM,15:50:02,357.99,59.0,30.45,84.0,74.5,4.5,06:10:00,18:24:00
3463,1474163102,9/17/2016 12:00:00 AM,15:45:02,362.31,59.0,30.45,83.0,34.16,2.25,06:10:00,18:24:00
3464,1474162805,9/17/2016 12:00:00 AM,15:40:05,361.57,60.0,30.45,85.0,65.33,3.37,06:10:00,18:24:00
3465,1474162505,9/17/2016 12:00:00 AM,15:35:05,384.05,60.0,30.45,83.0,50.2,4.5,06:10:00,18:24:00
3466,1474162203,9/17/2016 12:00:00 AM,15:30:03,448.99,60.0,30.45,85.0,37.33,6.229096658193317,06:10:00,18:24:00
3467,1474161907,9/17/2016 12:00:00 AM,15:25:07,465.01,60.0,30.45,84.0,54.27,6.75,06:10:00,18:24:00
3468,1474161606,9/17/2016 12:00:00 AM,15:20:06,443.25,60.0,30.45,84.0,78.41,6.75,06:10:00,18:24:00
3469,1474161303,9/17/2016 12:00:00 AM,15:15:03,556.76,60.0,30.45,86.0,48.97,9.0,06:10:00,18:24:00
3470,1474161009,9/17/2016 12:00:00 AM,15:10:09,593.34,60.0,30.45,87.0,316.04,2.25,06:10:00,18:24:00
3471,1474160706,9/17/2016 12:00:00 AM,15:05:06,556.8,59.0,30.45,87.0,77.79,6.75,06:10:00,18:24:00
3472,1474160402,9/17/2016 12:00:00 AM,15:00:02,533.43,59.0,30.45,88.0,359.92,4.5,06:10:00,18:24:00
3473,1474160108,9/17/2016 12:00:00 AM,14:55:08,544.55,59.0,30.45,90.0,44.75,6.75,06:10:00,18:24:00
3474,1474159808,9/17/2016 12:00:00 AM,14:50:08,470.02,59.0,30.45,90.0,42.26,2.25,06:10:00,18:24:00
3475,1474159505,9/17/2016 12:00:00 AM,14:45:05,437.79,59.0,30.45,90.0,43.56,11.25,06:10:00,18:24:00
3476,1474159205,9/17/2016 12:00:00 AM,14:40:05,417.91,59.0,30.46,90.0,15.34,4.5,06:10:00,18:24:00
3477,1474158903,9/17/2016 12:00:00 AM,14:35:03,423.66,59.0,30.45,91.0,73.64,7.87,06:10:00,18:24:00
3478,1474158606,9/17/2016 12:00:00 AM,14:30:06,441.82,59.0,30.46,90.0,51.65,10.12,06:10:00,18:24:00
3479,1474158305,9/17/2016 12:00:00 AM,14:25:05,467.81,59.0,30.46,91.0,37.7,6.75,06:10:00,18:24:00
3480,1474158006,9/17/2016 12:00:00 AM,14:20:06,458.11,59.0,30.46,91.0,20.24,9.0,06:10:00,18:24:00
3481,1474157704,9/17/2016 12:00:00 AM,14:15:04,506.58,59.0,30.46,89.0,130.79,3.37,06:10:00,18:24:00
3482,1474157405,9/17/2016 12:00:00 AM,14:10:05,539.97,60.0,30.46,91.0,138.84,9.0,06:10:00,18:24:00
3483,1474157104,9/17/2016 12:00:00 AM,14:05:04,602.96,60.0,30.46,91.0,78.06,6.75,06:10:00,18:24:00
3484,1474156810,9/17/2016 12:00:00 AM,14:00:10,622.34,59.0,30.46,91.0,59.62,10.12,06:10:00,18:24:00
3485,1474156505,9/17/2016 12:00:00 AM,13:55:05,584.23,60.0,30.46,91.0,73.54,3.37,06:10:00,18:24:00
3486,1474156204,9/17/2016 12:00:00 AM,13:50:04,590.95,60.0,30.46,91.0,78.04,10.12,06:10:00,18:24:00
3487,1474155904,9/17/2016 12:00:00 AM,13:45:04,574.88,60.0,30.46,89.0,13.71,3.37,06:10:00,18:24:00
3488,1474155607,9/17/2016 12:00:00 AM,13:40:07,589.97,60.0,30.46,88.0,54.18,5.62,06:10:00,18:24:00
3489,1474155302,9/17/2016 12:00:00 AM,13:35:02,692.36,60.0,30.47,90.0,95.49,9.0,06:10:00,18:24:00
3490,1474155004,9/17/2016 12:00:00 AM,13:30:04,770.26,60.0,30.47,88.0,32.4,13.5,06:10:00,18:24:00
3491,1474154705,9/17/2016 12:00:00 AM,13:25:05,772.43,60.0,30.47,90.0,105.26,3.37,06:10:00,18:24:00
3492,1474154434,9/17/2016 12:00:00 AM,13:20:34,780.3,60.0,30.47,90.0,64.71,9.0,06:10:00,18:24:00
3493,1474154428,9/17/2016 12:00:00 AM,13:20:28,780.69,60.0,30.47,90.0,24.23,11.25,06:10:00,18:24:00
3494,1474153804,9/17/2016 12:00:00 AM,13:10:04,670.39,59.0,30.47,93.0,57.12,3.37,06:10:00,18:24:00
3495,1474153509,9/17/2016 12:00:00 AM,13:05:09,733.33,59.0,30.47,93.0,41.13,7.87,06:10:00,18:24:00
3496,1474153205,9/17/2016 12:00:00 AM,13:00:05,586.3,59.0,30.47,93.0,52.99,4.5,06:10:00,18:24:00
3497,1474152903,9/17/2016 12:00:00 AM,12:55:03,588.75,59.0,30.47,92.0,4.34,10.12,06:10:00,18:24:00
3498,1474152602,9/17/2016 12:00:00 AM,12:50:02,782.21,59.0,30.47,93.0,75.96,9.0,06:10:00,18:24:00
3499,1474152307,9/17/2016 12:00:00 AM,12:45:07,714.25,59.0,30.48,92.0,32.05,9.0,06:10:00,18:24:00
3500,1474152008,9/17/2016 12:00:00 AM,12:40:08,755.93,59.0,30.48,92.0,354.86,5.62,06:10:00,18:24:00
3501,1474151705,9/17/2016 12:00:00 AM,12:35:05,724.16,59.0,30.48,93.0,107.81,7.87,06:10:00,18:24:00
3502,1474151406,9/17/2016 12:00:00 AM,12:30:06,719.45,59.0,30.48,93.0,93.47,10.12,06:10:00,18:24:00
3503,1474151105,9/17/2016 12:00:00 AM,12:25:05,805.97,59.0,30.48,94.0,14.91,7.87,06:10:00,18:24:00
3504,1474150804,9/17/2016 12:00:00 AM,12:20:04,595.22,58.0,30.48,95.0,74.57,10.12,06:10:00,18:24:00
3505,1474150504,9/17/2016 12:00:00 AM,12:15:04,899.44,58.0,30.48,98.0,37.01,5.62,06:10:00,18:24:00
3506,1474150208,9/17/2016 12:00:00 AM,12:10:08,673.68,58.0,30.49,98.0,347.88,4.5,06:10:00,18:24:00
3507,1474149908,9/17/2016 12:00:00 AM,12:05:08,720.55,58.0,30.48,99.0,30.71,1.12,06:10:00,18:24:00
3508,1474149607,9/17/2016 12:00:00 AM,12:00:07,673.09,58.0,30.48,99.0,0.62,4.5,06:10:00,18:24:00
3509,1474149309,9/17/2016 12:00:00 AM,11:55:09,630.88,57.0,30.48,100.0,118.57,5.62,06:10:00,18:24:00
3510,1474149007,9/17/2016 12:00:00 AM,11:50:07,674.71,57.0,30.48,100.0,39.81,6.75,06:10:00,18:24:00
3511,1474148703,9/17/2016 12:00:00 AM,11:45:03,633.13,57.0,30.49,101.0,116.64,6.75,06:10:00,18:24:00
3512,1474148407,9/17/2016 12:00:00 AM,11:40:07,526.78,57.0,30.49,100.0,89.28,5.62,06:10:00,18:24:00
3513,1474148105,9/17/2016 12:00:00 AM,11:35:05,524.72,57.0,30.49,100.0,74.94,6.75,06:10:00,18:24:00
3514,1474147802,9/17/2016 12:00:00 AM,11:30:02,516.3,57.0,30.49,100.0,68.5,9.0,06:10:00,18:24:00
3515,1474147504,9/17/2016 12:00:00 AM,11:25:04,431.58,57.0,30.49,100.0,356.31,4.5,06:10:00,18:24:00
3516,1474147217,9/17/2016 12:00:00 AM,11:20:17,363.03,57.0,30.49,100.0,30.55,6.75,06:10:00,18:24:00
3517,1474146904,9/17/2016 12:00:00 AM,11:15:04,337.35,58.0,30.49,100.0,9.02,3.37,06:10:00,18:24:00
3518,1474146606,9/17/2016 12:00:00 AM,11:10:06,359.19,57.0,30.49,100.0,42.28,2.25,06:10:00,18:24:00
3519,1474146308,9/17/2016 12:00:00 AM,11:05:08,273.75,58.0,30.49,100.0,86.2,4.5,06:10:00,18:24:00
3520,1474146007,9/17/2016 12:00:00 AM,11:00:07,332.31,58.0,30.49,100.0,121.78,4.5,06:10:00,18:24:00
3521,1474145704,9/17/2016 12:00:00 AM,10:55:04,323.7,57.0,30.49,98.0,54.27,2.25,06:10:00,18:24:00
3522,1474145405,9/17/2016 12:00:00 AM,10:50:05,235.13,58.0,30.49,98.0,63.91,6.75,06:10:00,18:24:00
3523,1474145108,9/17/2016 12:00:00 AM,10:45:08,408.85,59.0,30.49,97.0,308.45,1.12,06:10:00,18:24:00
3524,1474144807,9/17/2016 12:00:00 AM,10:40:07,342.9,59.0,30.49,96.0,65.12,13.5,06:10:00,18:24:00
3525,1474144503,9/17/2016 12:00:00 AM,10:35:03,418.93,59.0,30.49,94.0,18.85,1.12,06:10:00,18:24:00
3526,1474144205,9/17/2016 12:00:00 AM,10:30:05,599.0,59.0,30.49,94.0,103.71,5.62,06:10:00,18:24:00
3527,1474143908,9/17/2016 12:00:00 AM,10:25:08,422.37,60.0,30.5,94.0,148.79,5.62,06:10:00,18:24:00
3528,1474143606,9/17/2016 12:00:00 AM,10:20:06,630.07,59.0,30.49,96.0,129.85,10.12,06:10:00,18:24:00
3529,1474143305,9/17/2016 12:00:00 AM,10:15:05,629.39,58.0,30.49,98.0,119.03,13.5,06:10:00,18:24:00
3530,1474143006,9/17/2016 12:00:00 AM,10:10:06,345.57,58.0,30.49,99.0,134.9,9.0,06:10:00,18:24:00
3531,1474142710,9/17/2016 12:00:00 AM,10:05:10,701.29,58.0,30.49,101.0,75.62,6.75,06:10:00,18:24:00
3532,1474142402,9/17/2016 12:00:00 AM,10:00:02,855.52,58.0,30.49,101.0,52.15,4.5,06:10:00,18:24:00
3533,1474142105,9/17/2016 12:00:00 AM,09:55:05,715.81,58.0,30.423028000868246,102.0,67.35,16.87,06:10:00,18:24:00
3534,1474141806,9/17/2016 12:00:00 AM,09:50:06,839.12,57.0,30.49,102.0,78.52,7.87,06:10:00,18:24:00
3535,1474141503,9/17/2016 12:00:00 AM,09:45:03,657.51,56.0,30.49,101.0,142.39,9.0,06:10:00,18:24:00
3536,1474141204,9/17/2016 12:00:00 AM,09:40:04,591.29,56.0,30.49,101.0,161.71,4.5,06:10:00,18:24:00
3537,1474140904,9/17/2016 12:00:00 AM,09:35:04,405.47,56.0,30.49,101.0,94.69,3.37,06:10:00,18:24:00
3538,1474140606,9/17/2016 12:00:00 AM,09:30:06,455.61,56.0,30.49,101.0,75.4,3.37,06:10:00,18:24:00
3539,1474140305,9/17/2016 12:00:00 AM,09:25:05,369.63,56.0,30.49,101.0,27.98,4.5,06:10:00,18:24:00
3540,1474140004,9/17/2016 12:00:00 AM,09:20:04,278.09,56.0,30.49,101.0,69.88,4.5,06:10:00,18:24:00
3541,1474139707,9/17/2016 12:00:00 AM,09:15:07,510.67,56.0,30.49,101.0,12.39,3.37,06:10:00,18:24:00
3542,1474139408,9/17/2016 12:00:00 AM,09:10:08,313.24,56.0,30.49,101.0,94.01,6.75,06:10:00,18:24:00
3543,1474139106,9/17/2016 12:00:00 AM,09:05:06,262.44,56.0,30.49,101.0,151.61,3.37,06:10:00,18:24:00
3544,1474138810,9/17/2016 12:00:00 AM,09:00:10,329.99,56.0,30.49,101.0,61.62,4.5,06:10:00,18:24:00
3545,1474138503,9/17/2016 12:00:00 AM,08:55:03,421.89,56.0,30.49,101.0,51.5,5.62,06:10:00,18:24:00
3546,1474138203,9/17/2016 12:00:00 AM,08:50:03,499.08,56.0,30.49,101.0,98.48,11.25,06:10:00,18:24:00
3547,1474137907,9/17/2016 12:00:00 AM,08:45:07,427.99,56.0,30.49,101.0,121.28,4.5,06:10:00,18:24:00
3548,1474137614,9/17/2016 12:00:00 AM,08:40:14,379.05,56.0,30.49,101.0,117.67,5.62,06:10:00,18:24:00
3549,1474137304,9/17/2016 12:00:00 AM,08:35:04,380.02,55.0,30.48,101.0,43.94,6.75,06:10:00,18:24:00
3550,1474137007,9/17/2016 12:00:00 AM,08:30:07,247.92,55.0,30.48,101.0,81.06,4.5,06:10:00,18:24:00
3551,1474136708,9/17/2016 12:00:00 AM,08:25:08,175.9,55.0,30.49,101.0,10.33,6.75,06:10:00,18:24:00
3552,1474136405,9/17/2016 12:00:00 AM,08:20:05,185.64,55.0,30.48,101.0,81.38,6.75,06:10:00,18:24:00
3553,1474136105,9/17/2016 12:00:00 AM,08:15:05,194.33,55.0,30.48,101.0,58.5,10.12,06:10:00,18:24:00
3554,1474135805,9/17/2016 12:00:00 AM,08:10:05,197.12,55.0,30.48,101.0,137.7,6.75,06:10:00,18:24:00
3555,1474135504,9/17/2016 12:00:00 AM,08:05:04,207.86,55.0,30.48,101.0,74.28,9.0,06:10:00,18:24:00
3556,1474135206,9/17/2016 12:00:00 AM,08:00:06,198.3,55.0,30.48,101.0,67.91,2.25,06:10:00,18:24:00
3557,1474134907,9/17/2016 12:00:00 AM,07:55:07,167.42,55.0,30.48,101.0,147.71,4.5,06:10:00,18:24:00
3558,1474134303,9/17/2016 12:00:00 AM,07:45:03,87.75,55.0,30.48,101.0,133.68,4.5,06:10:00,18:24:00
3559,1474134004,9/17/2016 12:00:00 AM,07:40:04,94.61,55.0,30.48,101.0,152.51,6.75,06:10:00,18:24:00
3560,1474133708,9/17/2016 12:00:00 AM,07:35:08,101.29,51.16507236474315,30.47,101.0,82.63,7.87,06:10:00,18:24:00
3561,1474133404,9/17/2016 12:00:00 AM,07:30:04,106.75,55.0,30.47,101.0,124.05,10.12,06:10:00,18:24:00
3562,1474133103,9/17/2016 12:00:00 AM,07:25:03,156.75,55.0,30.47,101.0,137.04,2.25,06:10:00,18:24:00
3563,1474132803,9/17/2016 12:00:00 AM,07:20:03,136.57,54.0,30.47,101.0,135.08,6.75,06:10:00,18:24:00
3564,1474132506,9/17/2016 12:00:00 AM,07:15:06,132.54,54.0,30.47,101.0,140.64,2.25,06:10:00,18:24:00
3565,1474132204,9/17/2016 12:00:00 AM,07:10:04,111.33,54.0,30.47,101.0,74.75,3.37,06:10:00,18:24:00
3566,1474131906,9/17/2016 12:00:00 AM,07:05:06,96.47,54.0,30.47,101.0,71.82,6.75,06:10:00,18:24:00
3567,1474131606,9/17/2016 12:00:00 AM,07:00:06,85.49,54.0,30.47,101.0,88.27,2.25,06:10:00,18:24:00
3568,1474131306,9/17/2016 12:00:00 AM,06:55:06,72.42,54.0,30.47,101.0,111.68,2.25,06:10:00,18:24:00
3569,1474131007,9/17/2016 12:00:00 AM,06:50:07,70.74,54.0,30.47,101.0,135.54,3.37,06:10:00,18:24:00
3570,1474130708,9/17/2016 12:00:00 AM,06:45:08,59.57,54.0,30.47,101.0,139.87,5.62,06:10:00,18:24:00
3571,1474130106,9/17/2016 12:00:00 AM,06:35:06,25.69,54.0,30.47,101.0,103.64,4.5,06:10:00,18:24:00
3572,1474129807,9/17/2016 12:00:00 AM,06:30:07,16.11,54.0,30.47,101.0,112.36,4.5,06:10:00,18:24:00
3573,1474129505,9/17/2016 12:00:00 AM,06:25:05,11.34,54.0,30.46,100.0,161.15,2.25,06:10:00,18:24:00
3574,1474129210,9/17/2016 12:00:00 AM,06:20:10,8.84,54.0,30.46,100.0,119.6,3.37,06:10:00,18:24:00
3575,1474128903,9/17/2016 12:00:00 AM,06:15:03,6.46,54.0,30.46,100.0,135.15,6.75,06:10:00,18:24:00
3576,1474128605,9/17/2016 12:00:00 AM,06:10:05,3.82,54.0,30.46,100.0,112.4,6.75,06:10:00,18:24:00
3577,1474128306,9/17/2016 12:00:00 AM,06:05:06,2.53,54.0,30.46,100.0,126.09,6.75,06:10:00,18:24:00
3578,1474128003,9/17/2016 12:00:00 AM,06:00:03,1.56,53.0,30.46,100.0,140.58,6.75,06:10:00,18:24:00
3579,1474127708,9/17/2016 12:00:00 AM,05:55:08,1.24,53.0,30.45,100.0,140.93,6.75,06:10:00,18:24:00
3580,1474127403,9/17/2016 12:00:00 AM,05:50:03,1.23,53.0,30.45,100.0,177.06,3.37,06:10:00,18:24:00
3581,1474127107,9/17/2016 12:00:00 AM,05:45:07,1.22,53.0,30.45,100.0,160.77,3.37,06:10:00,18:24:00
3582,1474126806,9/17/2016 12:00:00 AM,05:40:06,1.22,53.0,30.45,99.0,160.9,6.75,06:10:00,18:24:00
3583,1474126504,9/17/2016 12:00:00 AM,05:35:04,1.25,53.0,30.45,99.0,163.02,10.12,06:10:00,18:24:00
3584,1474126209,9/17/2016 12:00:00 AM,05:30:09,1.25,53.0,30.45,99.0,155.59,7.87,06:10:00,18:24:00
3585,1474125905,9/17/2016 12:00:00 AM,05:25:05,1.22,53.0,30.45,99.0,149.54,6.75,06:10:00,18:24:00
3586,1474125607,9/17/2016 12:00:00 AM,05:20:07,1.24,53.0,30.45,98.0,103.25,6.75,06:10:00,18:24:00
3587,1474125308,9/17/2016 12:00:00 AM,05:15:08,1.2,53.0,30.45,97.0,154.39,3.37,06:10:00,18:24:00
3588,1474125005,9/17/2016 12:00:00 AM,05:10:05,1.23,53.0,30.45,97.0,142.31,3.37,06:10:00,18:24:00
3589,1474124720,9/17/2016 12:00:00 AM,05:05:20,1.25,53.0,30.45,97.0,122.63,6.75,06:10:00,18:24:00
3590,1474124404,9/17/2016 12:00:00 AM,05:00:04,1.22,53.0,30.45,97.0,162.51,4.5,06:10:00,18:24:00
3591,1474124107,9/17/2016 12:00:00 AM,04:55:07,1.25,53.0,30.45,97.0,156.48,6.75,06:10:00,18:24:00
3592,1474123808,9/17/2016 12:00:00 AM,04:50:08,1.22,53.0,30.45,96.0,161.12,4.5,06:10:00,18:24:00
3593,1474123504,9/17/2016 12:00:00 AM,04:45:04,1.22,53.0,30.44,96.0,126.75,9.0,06:10:00,18:24:00
3594,1474123209,9/17/2016 12:00:00 AM,04:40:09,1.25,53.0,30.44,96.0,151.61,5.62,06:10:00,18:24:00
3595,1474122903,9/17/2016 12:00:00 AM,04:35:03,1.26,53.0,30.44,95.0,128.07,5.62,06:10:00,18:24:00
3596,1474122605,9/17/2016 12:00:00 AM,04:30:05,1.25,53.0,30.44,94.0,165.57,6.75,06:10:00,18:24:00
3597,1474122303,9/17/2016 12:00:00 AM,04:25:03,1.23,53.0,30.44,95.0,153.06,9.0,06:10:00,18:24:00
3598,1474122006,9/17/2016 12:00:00 AM,04:20:06,1.26,53.0,30.44,95.0,160.07,7.87,06:10:00,18:24:00
3599,1474121706,9/17/2016 12:00:00 AM,04:15:06,1.25,53.0,30.44,96.0,159.65,7.87,06:10:00,18:24:00
3600,1474121404,9/17/2016 12:00:00 AM,04:10:04,1.2,53.0,30.44,95.0,182.98,3.37,06:10:00,18:24:00
3601,1474121105,9/17/2016 12:00:00 AM,04:05:05,1.28,53.0,30.44,96.0,152.66,5.62,06:10:00,18:24:00
3602,1474120804,9/17/2016 12:00:00 AM,04:00:04,1.22,53.0,30.44,96.0,144.08,10.12,06:10:00,18:24:00
3603,1474120506,9/17/2016 12:00:00 AM,03:55:06,1.23,53.0,30.44,96.0,137.39,7.87,06:10:00,18:24:00
3604,1474120202,9/17/2016 12:00:00 AM,03:50:02,1.24,53.0,30.44,96.0,173.18,11.25,06:10:00,18:24:00
3605,1474119904,9/17/2016 12:00:00 AM,03:45:04,1.26,53.0,30.44,95.0,162.9,9.0,06:10:00,18:24:00
3606,1474119606,9/17/2016 12:00:00 AM,03:40:06,1.19,53.0,30.44,94.0,157.68,10.12,06:10:00,18:24:00
3607,1474119305,9/17/2016 12:00:00 AM,03:35:05,1.27,53.0,30.44,94.0,137.7,6.75,06:10:00,18:24:00
3608,1474119008,9/17/2016 12:00:00 AM,03:30:08,1.3,53.0,30.44,94.0,129.93,7.87,06:10:00,18:24:00
3609,1474118706,9/17/2016 12:00:00 AM,03:25:06,1.23,53.0,30.44,95.0,149.63,4.5,06:10:00,18:24:00
3610,1474118409,9/17/2016 12:00:00 AM,03:20:09,1.22,53.0,30.44,96.0,137.86,4.5,06:10:00,18:24:00
3611,1474118107,9/17/2016 12:00:00 AM,03:15:07,1.24,53.0,30.44,96.0,139.23,6.75,06:10:00,18:24:00
3612,1474117804,9/17/2016 12:00:00 AM,03:10:04,1.23,53.0,30.44,96.0,165.48,4.5,06:10:00,18:24:00
3613,1474117503,9/17/2016 12:00:00 AM,03:05:03,1.26,53.0,30.44,97.0,157.6,10.12,06:10:00,18:24:00
3614,1474117208,9/17/2016 12:00:00 AM,03:00:08,1.26,53.0,30.44,97.0,139.54,7.87,06:10:00,18:24:00
3615,1474116903,9/17/2016 12:00:00 AM,02:55:03,1.26,53.0,30.44,98.0,167.04,12.37,06:10:00,18:24:00
3616,1474116606,9/17/2016 12:00:00 AM,02:50:06,1.26,53.0,30.44,98.0,156.68,10.12,06:10:00,18:24:00
3617,1474116306,9/17/2016 12:00:00 AM,02:45:06,1.23,53.0,30.45,99.0,157.57,6.75,06:10:00,18:24:00
3618,1474116006,9/17/2016 12:00:00 AM,02:40:06,1.23,53.0,30.45,99.0,161.42,7.87,06:10:00,18:24:00
3619,1474115706,9/17/2016 12:00:00 AM,02:35:06,1.24,53.0,30.45,99.0,154.97,5.62,06:10:00,18:24:00
3620,1474115405,9/17/2016 12:00:00 AM,02:30:05,1.23,53.0,30.45,99.0,148.5,6.75,06:10:00,18:24:00
3621,1474115104,9/17/2016 12:00:00 AM,02:25:04,1.21,53.0,30.45,99.0,181.45,7.87,06:10:00,18:24:00
3622,1474114812,9/17/2016 12:00:00 AM,02:20:12,1.23,54.0,30.45,99.0,174.96,5.62,06:10:00,18:24:00
3623,1474114505,9/17/2016 12:00:00 AM,02:15:05,1.24,54.0,30.46,99.0,111.71,6.75,06:10:00,18:24:00
3624,1474114206,9/17/2016 12:00:00 AM,02:10:06,1.25,54.0,30.46,99.0,133.13,7.87,06:10:00,18:24:00
3625,1474113902,9/17/2016 12:00:00 AM,02:05:02,1.24,54.0,30.45,99.0,123.48,4.5,06:10:00,18:24:00
3626,1474113605,9/17/2016 12:00:00 AM,02:00:05,1.24,54.0,30.45,99.0,144.58,4.5,06:10:00,18:24:00
3627,1474113306,9/17/2016 12:00:00 AM,01:55:06,1.26,54.0,30.45,98.0,148.18,10.12,06:10:00,18:24:00
3628,1474113006,9/17/2016 12:00:00 AM,01:50:06,1.25,54.0,30.45,98.0,165.41,7.87,06:10:00,18:24:00
3629,1474112703,9/17/2016 12:00:00 AM,01:45:03,1.22,54.0,30.45,98.0,137.64,5.62,06:10:00,18:24:00
3630,1474112407,9/17/2016 12:00:00 AM,01:40:07,1.28,54.0,30.45,98.0,129.61,9.0,06:10:00,18:24:00
3631,1474112102,9/17/2016 12:00:00 AM,01:35:02,1.25,54.0,30.46,97.0,157.64,5.62,06:10:00,18:24:00
3632,1474111807,9/17/2016 12:00:00 AM,01:30:07,1.26,54.0,30.46,96.0,119.27,6.75,06:10:00,18:24:00
3633,1474111507,9/17/2016 12:00:00 AM,01:25:07,1.24,54.0,30.46,97.0,176.25,5.62,06:10:00,18:24:00
3634,1474111203,9/17/2016 12:00:00 AM,01:20:03,1.23,54.0,30.46,97.0,176.61,6.75,06:10:00,18:24:00
3635,1474110904,9/17/2016 12:00:00 AM,01:15:04,1.27,54.0,30.46,97.0,160.81,4.5,06:10:00,18:24:00
3636,1474110605,9/17/2016 12:00:00 AM,01:10:05,1.23,54.0,30.47,97.0,146.79,5.62,06:10:00,18:24:00
3637,1474110306,9/17/2016 12:00:00 AM,01:05:06,1.29,54.0,30.47,97.0,153.16,7.87,06:10:00,18:24:00
3638,1474110008,9/17/2016 12:00:00 AM,01:00:08,1.23,54.0,30.47,97.0,155.73,6.75,06:10:00,18:24:00
3639,1474109705,9/17/2016 12:00:00 AM,00:55:05,1.27,54.0,30.47,96.0,145.84,9.0,06:10:00,18:24:00
3640,1474108505,9/17/2016 12:00:00 AM,00:35:05,1.25,54.0,30.47,96.0,150.13,7.87,06:10:00,18:24:00
3641,1474108208,9/17/2016 12:00:00 AM,00:30:08,1.25,54.0,30.47,96.0,146.56,10.12,06:10:00,18:24:00
3642,1474107902,9/17/2016 12:00:00 AM,00:25:02,1.26,54.0,30.47,95.0,129.42,10.12,06:10:00,18:24:00
3643,1474107613,9/17/2016 12:00:00 AM,00:20:13,1.24,54.0,30.48,95.0,158.53,4.5,06:10:00,18:24:00
3644,1474107007,9/17/2016 12:00:00 AM,00:10:07,1.24,54.0,30.47,96.0,169.54,7.87,06:10:00,18:24:00
3645,1474106706,9/17/2016 12:00:00 AM,00:05:06,1.26,53.0,30.48,96.0,170.58,6.75,06:10:00,18:24:00
3646,1474106405,9/17/2016 12:00:00 AM,00:00:05,1.28,54.0,30.48,96.0,153.36,4.5,06:10:00,18:24:00
3647,1474106104,9/16/2016 12:00:00 AM,23:55:04,1.23,54.0,30.48,96.0,159.74,6.75,06:10:00,18:25:00
3648,1474105803,9/16/2016 12:00:00 AM,23:50:03,1.27,54.0,30.48,96.0,158.44,5.62,06:10:00,18:25:00
3649,1474105504,9/16/2016 12:00:00 AM,23:45:04,1.21,54.0,30.48,96.0,156.3,4.5,06:10:00,18:25:00
3650,1474105205,9/16/2016 12:00:00 AM,23:40:05,1.25,54.0,30.48,96.0,164.06,6.75,06:10:00,18:25:00
3651,1474104903,9/16/2016 12:00:00 AM,23:35:03,1.23,54.0,30.48,95.0,154.32,6.75,06:10:00,18:25:00
3652,1474104610,9/16/2016 12:00:00 AM,23:30:10,1.22,54.0,30.48,95.0,143.01,9.0,06:10:00,18:25:00
3653,1474104304,9/16/2016 12:00:00 AM,23:25:04,1.23,54.0,30.48,95.0,112.51,5.62,06:10:00,18:25:00
3654,1474104006,9/16/2016 12:00:00 AM,23:20:06,1.27,53.0,30.48,95.0,149.0,2.25,06:10:00,18:25:00
3655,1474103710,9/16/2016 12:00:00 AM,23:15:10,1.25,53.0,30.48,95.0,155.89,2.25,06:10:00,18:25:00
3656,1474103403,9/16/2016 12:00:00 AM,23:10:03,1.27,53.0,30.47,95.0,169.16,4.5,06:10:00,18:25:00
3657,1474103105,9/16/2016 12:00:00 AM,23:05:05,1.22,53.0,30.48,96.0,162.71,9.0,06:10:00,18:25:00
3658,1474102804,9/16/2016 12:00:00 AM,23:00:04,1.24,53.0,30.48,96.0,185.77,7.87,06:10:00,18:25:00
3659,1474102503,9/16/2016 12:00:00 AM,22:55:03,1.24,53.0,30.48,97.0,191.66,5.62,06:10:00,18:25:00
3660,1474102202,9/16/2016 12:00:00 AM,22:50:02,1.2,53.0,30.48,97.0,125.54,5.62,06:10:00,18:25:00
3661,1474101904,9/16/2016 12:00:00 AM,22:45:04,1.25,53.0,30.48,98.0,172.36,7.87,06:10:00,18:25:00
3662,1474101607,9/16/2016 12:00:00 AM,22:40:07,1.25,54.0,30.48,98.0,163.57,6.75,06:10:00,18:25:00
3663,1474101306,9/16/2016 12:00:00 AM,22:35:06,1.27,53.0,30.48,98.0,160.44,9.0,06:10:00,18:25:00
3664,1474101004,9/16/2016 12:00:00 AM,22:30:04,1.23,53.0,30.48,98.0,133.76,7.87,06:10:00,18:25:00
3665,1474100703,9/16/2016 12:00:00 AM,22:25:03,1.24,54.0,30.48,98.0,170.81,4.5,06:10:00,18:25:00
3666,1474100403,9/16/2016 12:00:00 AM,22:20:03,1.27,54.0,30.48,98.0,175.19,9.0,06:10:00,18:25:00
3667,1474100105,9/16/2016 12:00:00 AM,22:15:05,1.24,54.0,30.48,97.0,138.56,9.0,06:10:00,18:25:00
3668,1474099805,9/16/2016 12:00:00 AM,22:10:05,1.23,54.0,30.48,97.0,172.84,7.87,06:10:00,18:25:00
3669,1474099505,9/16/2016 12:00:00 AM,22:05:05,1.28,54.0,30.48,97.0,152.28,7.87,06:10:00,18:25:00
3670,1474099202,9/16/2016 12:00:00 AM,22:00:02,1.27,54.0,30.48,97.0,163.44,6.75,06:10:00,18:25:00
3671,1474098905,9/16/2016 12:00:00 AM,21:55:05,1.26,54.0,30.48,97.0,142.99,7.87,06:10:00,18:25:00
3672,1474098606,9/16/2016 12:00:00 AM,21:50:06,1.26,54.0,30.48,97.0,167.56,4.5,06:10:00,18:25:00
3673,1474098304,9/16/2016 12:00:00 AM,21:45:04,1.26,54.0,30.49,97.0,148.58,10.12,06:10:00,18:25:00
3674,1474098003,9/16/2016 12:00:00 AM,21:40:03,1.26,54.0,30.48,96.0,165.94,7.87,06:10:00,18:25:00
3675,1474097704,9/16/2016 12:00:00 AM,21:35:04,1.22,54.0,30.48,96.0,155.2,9.0,06:10:00,18:25:00
3676,1474097406,9/16/2016 12:00:00 AM,21:30:06,1.28,54.0,30.48,96.0,163.17,5.62,06:10:00,18:25:00
3677,1474097110,9/16/2016 12:00:00 AM,21:25:10,1.26,54.0,30.48,96.0,156.4,3.37,06:10:00,18:25:00
3678,1474096803,9/16/2016 12:00:00 AM,21:20:03,1.22,54.0,30.48,95.0,178.4,4.5,06:10:00,18:25:00
3679,1474096504,9/16/2016 12:00:00 AM,21:15:04,1.23,55.0,30.48,95.0,160.41,2.25,06:10:00,18:25:00
3680,1474096206,9/16/2016 12:00:00 AM,21:10:06,1.26,55.0,30.48,95.0,111.01,7.87,06:10:00,18:25:00
3681,1474095905,9/16/2016 12:00:00 AM,21:05:05,1.18,55.0,30.48,94.0,170.68,3.37,06:10:00,18:25:00
3682,1474095605,9/16/2016 12:00:00 AM,21:00:05,1.22,55.0,30.48,94.0,137.27,3.37,06:10:00,18:25:00
3683,1474095304,9/16/2016 12:00:00 AM,20:55:04,1.23,55.0,30.48,94.0,32.15,1.12,06:10:00,18:25:00
3684,1474095006,9/16/2016 12:00:00 AM,20:50:06,1.26,54.0,30.48,94.0,164.09,5.62,06:10:00,18:25:00
3685,1474094709,9/16/2016 12:00:00 AM,20:45:09,1.23,54.0,30.48,94.0,161.61,11.25,06:10:00,18:25:00
3686,1474094404,9/16/2016 12:00:00 AM,20:40:04,1.27,54.0,30.47,94.0,167.46,6.229096658193317,06:10:00,18:25:00
3687,1474094109,9/16/2016 12:00:00 AM,20:35:09,1.26,54.0,30.47,94.0,142.59,6.75,06:10:00,18:25:00
3688,1474093806,9/16/2016 12:00:00 AM,20:30:06,1.21,54.0,30.47,95.0,177.44,7.87,06:10:00,18:25:00
3689,1474093507,9/16/2016 12:00:00 AM,20:25:07,1.25,54.0,30.47,95.0,158.56,9.0,06:10:00,18:25:00
3690,1474093205,9/16/2016 12:00:00 AM,20:20:05,1.25,54.0,30.47,96.0,149.08,7.87,06:10:00,18:25:00
3691,1474092903,9/16/2016 12:00:00 AM,20:15:03,1.25,54.0,30.47,96.0,176.65,10.12,06:10:00,18:25:00
3692,1474092605,9/16/2016 12:00:00 AM,20:10:05,1.22,54.0,30.47,95.0,175.61,11.25,06:10:00,18:25:00
3693,1474092303,9/16/2016 12:00:00 AM,20:05:03,1.26,54.0,30.47,96.0,158.62,6.75,06:10:00,18:25:00
3694,1474092003,9/16/2016 12:00:00 AM,20:00:03,1.21,54.0,30.47,95.0,154.79,4.5,06:10:00,18:25:00
3695,1474091704,9/16/2016 12:00:00 AM,19:55:04,1.27,54.0,30.47,96.0,117.2,5.62,06:10:00,18:25:00
3696,1474091405,9/16/2016 12:00:00 AM,19:50:05,1.26,54.0,30.47,96.0,113.79,5.62,06:10:00,18:25:00
3697,1474091104,9/16/2016 12:00:00 AM,19:45:04,1.22,54.0,30.47,95.0,62.88,5.62,06:10:00,18:25:00
3698,1474090802,9/16/2016 12:00:00 AM,19:40:02,1.24,54.0,30.47,95.0,109.13,3.37,06:10:00,18:25:00
3699,1474090509,9/16/2016 12:00:00 AM,19:35:09,1.25,54.0,30.47,95.0,171.14,2.25,06:10:00,18:25:00
3700,1474090206,9/16/2016 12:00:00 AM,19:30:06,1.26,54.0,30.47,95.0,130.13,4.5,06:10:00,18:25:00
3701,1474089906,9/16/2016 12:00:00 AM,19:25:06,1.26,54.0,30.47,96.0,136.94,7.87,06:10:00,18:25:00
3702,1474089604,9/16/2016 12:00:00 AM,19:20:04,1.23,54.0,30.46,97.0,141.79,9.0,06:10:00,18:25:00
3703,1474089309,9/16/2016 12:00:00 AM,19:15:09,1.25,54.0,30.46,97.0,159.95,4.5,06:10:00,18:25:00
3704,1474089002,9/16/2016 12:00:00 AM,19:10:02,1.25,54.0,30.46,97.0,149.94,6.75,06:10:00,18:25:00
3705,1474088708,9/16/2016 12:00:00 AM,19:05:08,1.25,54.0,30.46,96.0,144.1,9.0,06:10:00,18:25:00
3706,1474088405,9/16/2016 12:00:00 AM,19:00:05,1.29,54.0,30.46,96.0,147.78,3.37,06:10:00,18:25:00
3707,1474088110,9/16/2016 12:00:00 AM,18:55:10,1.22,54.0,30.46,97.0,164.43,9.0,06:10:00,18:25:00
3708,1474087804,9/16/2016 12:00:00 AM,18:50:04,1.25,54.0,30.46,97.0,164.33,6.75,06:10:00,18:25:00
3709,1474087504,9/16/2016 12:00:00 AM,18:45:04,1.27,54.0,30.46,97.0,125.1,10.12,06:10:00,18:25:00
3710,1474087207,9/16/2016 12:00:00 AM,18:40:07,1.28,54.0,30.45,97.0,132.61,10.12,06:10:00,18:25:00
3711,1474086904,9/16/2016 12:00:00 AM,18:35:04,1.44,54.0,30.45,96.0,121.89,11.25,06:10:00,18:25:00
3712,1474086606,9/16/2016 12:00:00 AM,18:30:06,3.4,55.0,30.45,96.0,124.93,5.62,06:10:00,18:25:00
3713,1474086303,9/16/2016 12:00:00 AM,18:25:03,7.05,55.0,30.45,96.0,177.35,4.5,06:10:00,18:25:00
3714,1474086004,9/16/2016 12:00:00 AM,18:20:04,10.56,55.0,30.45,95.0,157.7,5.62,06:10:00,18:25:00
3715,1474085702,9/16/2016 12:00:00 AM,18:15:02,16.84,55.0,30.45,96.0,133.49,6.75,06:10:00,18:25:00
3716,1474085404,9/16/2016 12:00:00 AM,18:10:04,24.87,55.0,30.44,96.0,116.0,9.0,06:10:00,18:25:00
3717,1474085106,9/16/2016 12:00:00 AM,18:05:06,32.76,55.0,30.44,97.0,148.63,3.37,06:10:00,18:25:00
3718,1474084811,9/16/2016 12:00:00 AM,18:00:11,52.46,56.0,30.44,97.0,130.47,6.75,06:10:00,18:25:00
3719,1474084503,9/16/2016 12:00:00 AM,17:55:03,87.65,56.0,30.44,97.0,114.04,3.37,06:10:00,18:25:00
3720,1474084204,9/16/2016 12:00:00 AM,17:50:04,144.23,56.0,30.44,96.0,88.75,6.75,06:10:00,18:25:00
3721,1474083907,9/16/2016 12:00:00 AM,17:45:07,98.76,56.0,30.44,96.0,97.57,5.62,06:10:00,18:25:00
3722,1474083603,9/16/2016 12:00:00 AM,17:40:03,88.13,57.0,30.44,94.0,106.04,4.5,06:10:00,18:25:00
3723,1474083305,9/16/2016 12:00:00 AM,17:35:05,158.03,57.0,30.44,93.0,97.79,11.25,06:10:00,18:25:00
3724,1474083005,9/16/2016 12:00:00 AM,17:30:05,163.0,58.0,30.44,94.0,140.19,13.5,06:10:00,18:25:00
3725,1474082704,9/16/2016 12:00:00 AM,17:25:04,209.56,57.0,30.43,95.0,151.31,7.87,06:10:00,18:25:00
3726,1474082406,9/16/2016 12:00:00 AM,17:20:06,244.17,57.0,30.43,96.0,67.97,3.37,06:10:00,18:25:00
3727,1474082105,9/16/2016 12:00:00 AM,17:15:05,238.79,57.0,30.43,97.0,125.11,12.37,06:10:00,18:25:00
3728,1474081805,9/16/2016 12:00:00 AM,17:10:05,266.04,56.0,30.43,97.0,130.01,4.5,06:10:00,18:25:00
3729,1474081506,9/16/2016 12:00:00 AM,17:05:06,153.87,57.0,30.44,97.0,74.2,9.0,06:10:00,18:25:00
3730,1474081208,9/16/2016 12:00:00 AM,17:00:08,261.2,57.0,30.44,97.0,41.39,4.5,06:10:00,18:25:00
3731,1474080904,9/16/2016 12:00:00 AM,16:55:04,372.3,56.0,30.44,97.0,34.34,4.5,06:10:00,18:25:00
3732,1474080606,9/16/2016 12:00:00 AM,16:50:06,355.46,56.0,30.44,97.0,82.81,9.0,06:10:00,18:25:00
3733,1474080305,9/16/2016 12:00:00 AM,16:45:05,161.6,57.0,30.44,95.0,94.88,13.5,06:10:00,18:25:00
3734,1474080005,9/16/2016 12:00:00 AM,16:40:05,229.41,57.0,30.44,95.0,98.47,5.62,06:10:00,18:25:00
3735,1474079709,9/16/2016 12:00:00 AM,16:35:09,515.89,58.0,30.44,95.0,6.16,6.75,06:10:00,18:25:00
3736,1474079106,9/16/2016 12:00:00 AM,16:25:06,294.81,58.0,30.44,94.0,83.14,11.25,06:10:00,18:25:00
3737,1474078808,9/16/2016 12:00:00 AM,16:20:08,409.63,58.0,30.44,96.0,0.11,4.5,06:10:00,18:25:00
3738,1474078519,9/16/2016 12:00:00 AM,16:15:19,402.45,57.0,30.43,95.0,89.76,5.62,06:10:00,18:25:00
3739,1474077609,9/16/2016 12:00:00 AM,16:00:09,389.5,57.0,30.43,99.0,95.11,11.25,06:10:00,18:25:00
3740,1474077305,9/16/2016 12:00:00 AM,15:55:05,497.27,56.0,30.43,100.0,156.27,13.5,06:10:00,18:25:00
3741,1474077006,9/16/2016 12:00:00 AM,15:50:06,487.44,56.0,30.43,100.0,195.48,5.62,06:10:00,18:25:00
3742,1474076705,9/16/2016 12:00:00 AM,15:45:05,389.85,55.0,30.43,101.0,142.55,7.87,06:10:00,18:25:00
3743,1474076404,9/16/2016 12:00:00 AM,15:40:04,484.63,55.0,30.43,100.0,120.12,11.25,06:10:00,18:25:00
3744,1474076141,9/16/2016 12:00:00 AM,15:35:41,568.24,54.0,30.44,100.0,15.9,5.62,06:10:00,18:25:00
3745,1474074005,9/16/2016 12:00:00 AM,15:00:05,494.36,54.0,30.44,100.0,145.77,6.75,06:10:00,18:25:00
3746,1474073707,9/16/2016 12:00:00 AM,14:55:07,440.79,54.0,30.44,100.0,89.26,7.87,06:10:00,18:25:00
3747,1474073405,9/16/2016 12:00:00 AM,14:50:05,506.15,54.0,30.45,99.0,104.72,7.87,06:10:00,18:25:00
3748,1474073107,9/16/2016 12:00:00 AM,14:45:07,322.56,54.0,30.44,99.0,141.73,9.0,06:10:00,18:25:00
3749,1474072805,9/16/2016 12:00:00 AM,14:40:05,409.59,54.0,30.45,99.0,131.04,10.12,06:10:00,18:25:00
3750,1474072507,9/16/2016 12:00:00 AM,14:35:07,228.19,54.0,30.45,99.0,10.64,5.62,06:10:00,18:25:00
3751,1474072210,9/16/2016 12:00:00 AM,14:30:10,278.95,54.0,30.45,74.83719267708949,140.21,4.5,06:10:00,18:25:00
3752,1474071905,9/16/2016 12:00:00 AM,14:25:05,207.68,54.0,30.45,98.0,95.12,5.62,06:10:00,18:25:00
3753,1474071607,9/16/2016 12:00:00 AM,14:20:07,197.67,55.0,30.45,98.0,47.66,4.5,06:10:00,18:25:00
3754,1474071304,9/16/2016 12:00:00 AM,14:15:04,234.8,55.0,30.45,97.0,354.65,1.12,06:10:00,18:25:00
3755,1474071007,9/16/2016 12:00:00 AM,14:10:07,359.53,55.0,30.45,97.0,16.28,5.62,06:10:00,18:25:00
3756,1474070702,9/16/2016 12:00:00 AM,14:05:02,259.01,56.0,30.46,96.0,28.79,7.87,06:10:00,18:25:00
3757,1474070406,9/16/2016 12:00:00 AM,14:00:06,175.39,56.0,30.45,94.0,0.13,10.12,06:10:00,18:25:00
3758,1474070107,9/16/2016 12:00:00 AM,13:55:07,231.2,57.0,30.46,93.0,35.95,12.37,06:10:00,18:25:00
3759,1474069808,9/16/2016 12:00:00 AM,13:50:08,432.2,57.0,30.46,90.0,51.65,2.25,06:10:00,18:25:00
3760,1474069506,9/16/2016 12:00:00 AM,13:45:06,348.48,57.0,30.46,90.0,56.64,11.25,06:10:00,18:25:00
3761,1474069207,9/16/2016 12:00:00 AM,13:40:07,458.04,57.0,30.46,90.0,131.72,6.75,06:10:00,18:25:00
3762,1474068903,9/16/2016 12:00:00 AM,13:35:03,453.36,51.16507236474315,30.46,91.0,78.67,5.62,06:10:00,18:25:00
3763,1474068607,9/16/2016 12:00:00 AM,13:30:07,597.78,56.0,30.46,92.0,88.88,4.5,06:10:00,18:25:00
3764,1474068307,9/16/2016 12:00:00 AM,13:25:07,387.11,56.0,30.46,91.0,70.8,6.75,06:10:00,18:25:00
3765,1474068005,9/16/2016 12:00:00 AM,13:20:05,361.07,57.0,30.46,90.0,133.13,9.0,06:10:00,18:25:00
3766,1474067707,9/16/2016 12:00:00 AM,13:15:07,434.32,57.0,30.46,90.0,103.09,12.37,06:10:00,18:25:00
3767,1474067403,9/16/2016 12:00:00 AM,13:10:03,320.35,58.0,30.46,88.0,75.01,9.0,06:10:00,18:25:00
3768,1474067103,9/16/2016 12:00:00 AM,13:05:03,878.57,58.0,30.46,89.0,87.81,9.0,06:10:00,18:25:00
3769,1474066830,9/16/2016 12:00:00 AM,13:00:30,434.84,58.0,30.46,86.0,56.46,10.12,06:10:00,18:25:00
3770,1474066502,9/16/2016 12:00:00 AM,12:55:02,1078.33,59.0,30.47,86.0,38.8,9.0,06:10:00,18:25:00
3771,1474066204,9/16/2016 12:00:00 AM,12:50:04,1283.7,60.0,30.46,84.0,110.78,13.5,06:10:00,18:25:00
3772,1474065903,9/16/2016 12:00:00 AM,12:45:03,917.41,60.0,30.46,83.0,39.61,13.5,06:10:00,18:25:00
3773,1474065608,9/16/2016 12:00:00 AM,12:40:08,1119.79,60.0,30.47,83.0,0.12,9.0,06:10:00,18:25:00
3774,1474065304,9/16/2016 12:00:00 AM,12:35:04,1161.83,60.0,30.47,84.0,49.05,4.5,06:10:00,18:25:00
3775,1474065004,9/16/2016 12:00:00 AM,12:30:04,1164.28,60.0,30.47,84.0,43.98,4.5,06:10:00,18:25:00
3776,1474064705,9/16/2016 12:00:00 AM,12:25:05,1049.95,60.0,30.47,83.0,329.87,6.75,06:10:00,18:25:00
3777,1474064407,9/16/2016 12:00:00 AM,12:20:07,1115.32,60.0,30.47,83.0,80.81,3.37,06:10:00,18:25:00
3778,1474064109,9/16/2016 12:00:00 AM,12:15:09,798.99,59.0,30.47,83.0,53.96,6.229096658193317,06:10:00,18:25:00
3779,1474063804,9/16/2016 12:00:00 AM,12:10:04,1224.36,59.0,30.48,84.0,41.87,5.62,06:10:00,18:25:00
3780,1474063503,9/16/2016 12:00:00 AM,12:05:03,1286.85,59.0,30.48,83.0,38.01,6.75,06:10:00,18:25:00
3781,1474063207,9/16/2016 12:00:00 AM,12:00:07,1131.33,60.0,30.47,83.0,90.32,15.75,06:10:00,18:25:00
3782,1474062904,9/16/2016 12:00:00 AM,11:55:04,1052.89,60.0,30.47,82.0,71.04,5.62,06:10:00,18:25:00
3783,1474062604,9/16/2016 12:00:00 AM,11:50:04,1190.96,60.0,30.48,87.0,71.37,6.75,06:10:00,18:25:00
3784,1474062320,9/16/2016 12:00:00 AM,11:45:20,1171.55,59.0,30.48,84.0,169.99,6.75,06:10:00,18:25:00
3785,1474062005,9/16/2016 12:00:00 AM,11:40:05,376.85,59.0,30.48,83.0,89.3,9.0,06:10:00,18:25:00
3786,1474061707,9/16/2016 12:00:00 AM,11:35:07,492.82,59.0,30.48,83.0,165.95,6.75,06:10:00,18:25:00
3787,1474061405,9/16/2016 12:00:00 AM,11:30:05,646.14,58.0,30.48,82.0,57.4,4.5,06:10:00,18:25:00
3788,1474061108,9/16/2016 12:00:00 AM,11:25:08,767.42,58.0,30.48,82.0,105.31,7.87,06:10:00,18:25:00
3789,1474060805,9/16/2016 12:00:00 AM,11:20:05,474.52,58.0,30.48,80.0,121.28,6.75,06:10:00,18:25:00
3790,1474060504,9/16/2016 12:00:00 AM,11:15:04,381.66,59.0,30.48,81.0,35.67,4.5,06:10:00,18:25:00
3791,1474060205,9/16/2016 12:00:00 AM,11:10:05,366.98,59.0,30.48,78.0,173.42,9.0,06:10:00,18:25:00
3792,1474059904,9/16/2016 12:00:00 AM,11:05:04,484.65,59.0,30.48,79.0,83.83,4.5,06:10:00,18:25:00
3793,1474059604,9/16/2016 12:00:00 AM,11:00:04,513.47,59.0,30.48,78.0,146.11,4.5,06:10:00,18:25:00
3794,1474059307,9/16/2016 12:00:00 AM,10:55:07,715.05,59.0,30.48,78.0,76.1,15.75,06:10:00,18:25:00
3795,1474059005,9/16/2016 12:00:00 AM,10:50:05,705.58,59.0,30.48,79.0,104.48,3.37,06:10:00,18:25:00
3796,1474058705,9/16/2016 12:00:00 AM,10:45:05,629.29,59.0,30.48,79.0,52.5,7.87,06:10:00,18:25:00
3797,1474058404,9/16/2016 12:00:00 AM,10:40:04,789.73,59.0,30.49,80.0,335.53,2.25,06:10:00,18:25:00
3798,1474058106,9/16/2016 12:00:00 AM,10:35:06,1115.47,58.0,30.49,83.0,36.84,4.5,06:10:00,18:25:00
3799,1474057807,9/16/2016 12:00:00 AM,10:30:07,851.81,58.0,30.49,81.0,21.36,7.87,06:10:00,18:25:00
3800,1474057509,9/16/2016 12:00:00 AM,10:25:09,784.54,58.0,30.49,83.0,334.73,3.37,06:10:00,18:25:00
3801,1474057210,9/16/2016 12:00:00 AM,10:20:10,737.78,57.0,30.49,84.0,101.62,11.25,06:10:00,18:25:00
3802,1474056907,9/16/2016 12:00:00 AM,10:15:07,1155.24,57.0,30.49,83.0,87.18,7.87,06:10:00,18:25:00
3803,1474056603,9/16/2016 12:00:00 AM,10:10:03,436.76,57.0,30.49,83.0,18.96,7.87,06:10:00,18:25:00
3804,1474056308,9/16/2016 12:00:00 AM,10:05:08,407.41,58.0,30.49,83.0,159.38,3.37,06:10:00,18:25:00
3805,1474056005,9/16/2016 12:00:00 AM,10:00:05,352.87,58.0,30.49,83.0,159.55,9.0,06:10:00,18:25:00
3806,1474055705,9/16/2016 12:00:00 AM,09:55:05,806.31,57.0,30.49,90.0,70.43,3.37,06:10:00,18:25:00
3807,1474055407,9/16/2016 12:00:00 AM,09:50:07,826.01,55.0,30.48,92.0,135.73,5.62,06:10:00,18:25:00
3808,1474055108,9/16/2016 12:00:00 AM,09:45:08,344.38,55.0,30.48,93.0,74.49,3.37,06:10:00,18:25:00
3809,1474054803,9/16/2016 12:00:00 AM,09:40:03,276.13,55.0,30.49,92.0,125.22,1.12,06:10:00,18:25:00
3810,1474054506,9/16/2016 12:00:00 AM,09:35:06,327.73,54.0,30.49,91.0,32.86,2.25,06:10:00,18:25:00
3811,1474053908,9/16/2016 12:00:00 AM,09:25:08,315.61,54.0,30.49,91.0,76.37,3.37,06:10:00,18:25:00
3812,1474053607,9/16/2016 12:00:00 AM,09:20:07,333.5,54.0,30.49,91.0,144.79,2.25,06:10:00,18:25:00
3813,1474053304,9/16/2016 12:00:00 AM,09:15:04,337.29,54.0,30.49,91.0,136.76,5.62,06:10:00,18:25:00
3814,1474053004,9/16/2016 12:00:00 AM,09:10:04,303.66,54.0,30.49,90.0,137.13,9.0,06:10:00,18:25:00
3815,1474052703,9/16/2016 12:00:00 AM,09:05:03,598.01,54.0,30.49,91.0,161.87,7.87,06:10:00,18:25:00
3816,1474052410,9/16/2016 12:00:00 AM,09:00:10,301.66,54.0,30.48,90.0,241.79,6.75,06:10:00,18:25:00
3817,1474052104,9/16/2016 12:00:00 AM,08:55:04,487.56,54.0,30.48,91.0,132.95,4.5,06:10:00,18:25:00
3818,1474051809,9/16/2016 12:00:00 AM,08:50:09,705.66,54.0,30.48,93.0,138.17,10.12,06:10:00,18:25:00
3819,1474051504,9/16/2016 12:00:00 AM,08:45:04,509.56,53.0,30.47,93.0,128.52,16.87,06:10:00,18:25:00
3820,1474051214,9/16/2016 12:00:00 AM,08:40:14,286.77,53.0,30.47,95.0,128.25,13.5,06:10:00,18:25:00
3821,1474050903,9/16/2016 12:00:00 AM,08:35:03,401.14,53.0,30.47,74.83719267708949,131.39,10.12,06:10:00,18:25:00
3822,1474050604,9/16/2016 12:00:00 AM,08:30:04,525.8,52.0,30.47,98.0,166.17,15.75,06:10:00,18:25:00
3823,1474050308,9/16/2016 12:00:00 AM,08:25:08,399.53,52.0,30.47,99.0,179.74,15.75,06:10:00,18:25:00
3824,1474050008,9/16/2016 12:00:00 AM,08:20:08,284.41,52.0,30.47,99.0,160.13,10.12,06:10:00,18:25:00
3825,1474049702,9/16/2016 12:00:00 AM,08:15:02,263.55,52.0,30.46,99.0,114.6,18.0,06:10:00,18:25:00
3826,1474049405,9/16/2016 12:00:00 AM,08:10:05,215.3,52.0,30.46,99.0,150.83,19.12,06:10:00,18:25:00
3827,1474048530,9/16/2016 12:00:00 AM,07:55:30,269.27,51.0,30.45,100.0,31.25,13.5,06:10:00,18:25:00
3828,1474048205,9/16/2016 12:00:00 AM,07:50:05,147.48,51.0,30.45,100.0,59.87,7.87,06:10:00,18:25:00
3829,1474047906,9/16/2016 12:00:00 AM,07:45:06,143.46,51.0,30.44,99.0,111.97,9.0,06:10:00,18:25:00
3830,1474047616,9/16/2016 12:00:00 AM,07:40:16,216.68,51.0,30.45,99.0,66.26,14.62,06:10:00,18:25:00
3831,1474047615,9/16/2016 12:00:00 AM,07:40:15,216.68,51.0,30.45,99.0,66.26,14.62,06:10:00,18:25:00
3832,1473994507,9/15/2016 12:00:00 AM,16:55:07,45.81,54.0,30.41,94.0,245.4,7.87,06:10:00,18:26:00
3833,1473993906,9/15/2016 12:00:00 AM,16:45:06,57.52,53.0,30.41,93.0,144.45,3.37,06:10:00,18:26:00
3834,1473993607,9/15/2016 12:00:00 AM,16:40:07,62.46,53.0,30.41,93.0,144.43,2.25,06:10:00,18:26:00
3835,1473990906,9/15/2016 12:00:00 AM,15:55:06,95.06,54.0,30.41,89.0,58.87,7.87,06:10:00,18:26:00
3836,1473988209,9/15/2016 12:00:00 AM,15:10:09,213.91,53.0,30.43,86.0,135.48,3.37,06:10:00,18:26:00
3837,1473987605,9/15/2016 12:00:00 AM,15:00:05,181.57,53.0,30.43,88.0,150.39,3.37,06:10:00,18:26:00
3838,1473985805,9/15/2016 12:00:00 AM,14:30:05,83.62,53.0,30.43,85.0,146.37,9.0,06:10:00,18:26:00
3839,1473982209,9/15/2016 12:00:00 AM,13:30:09,94.62,53.0,30.44,92.0,165.93,5.62,06:10:00,18:26:00
3840,1473981607,9/15/2016 12:00:00 AM,13:20:07,84.99,53.0,30.44,91.0,154.54,4.5,06:10:00,18:26:00
3841,1473981308,9/15/2016 12:00:00 AM,13:15:08,80.65,53.0,30.44,90.0,155.58,3.37,06:10:00,18:26:00
3842,1473980410,9/15/2016 12:00:00 AM,13:00:10,81.27,54.0,30.45,86.0,116.49,6.75,06:10:00,18:26:00
3843,1473978305,9/15/2016 12:00:00 AM,12:25:05,67.75,54.0,30.46,88.0,120.08,2.25,06:10:00,18:26:00
3844,1473975006,9/15/2016 12:00:00 AM,11:30:06,61.71,54.0,30.47,95.0,159.7,4.5,06:10:00,18:26:00
3845,1473973810,9/15/2016 12:00:00 AM,11:10:10,59.48,55.0,30.47,92.0,53.46,6.75,06:10:00,18:26:00
3846,1473973506,9/15/2016 12:00:00 AM,11:05:06,69.91,55.0,30.46,91.0,31.17,1.12,06:10:00,18:26:00
3847,1473972604,9/15/2016 12:00:00 AM,10:50:04,133.57,55.0,30.46,90.0,138.37,3.37,06:10:00,18:26:00
3848,1473972011,9/15/2016 12:00:00 AM,10:40:11,167.11,55.0,30.46,94.0,152.34,2.25,06:10:00,18:26:00
3849,1473971110,9/15/2016 12:00:00 AM,10:25:10,212.75,54.0,30.47,99.0,158.59,1.12,06:10:00,18:26:00
3850,1473970804,9/15/2016 12:00:00 AM,10:20:04,222.66,54.0,30.47,100.0,156.91,4.5,06:10:00,18:26:00
3851,1473970505,9/15/2016 12:00:00 AM,10:15:05,220.87,53.0,30.47,100.0,160.47,2.25,06:10:00,18:26:00
3852,1473970203,9/15/2016 12:00:00 AM,10:10:03,219.13,53.0,30.47,101.0,158.64,4.5,06:10:00,18:26:00
3853,1473969905,9/15/2016 12:00:00 AM,10:05:05,194.96,53.0,30.47,101.0,162.77,4.5,06:10:00,18:26:00
3854,1473969603,9/15/2016 12:00:00 AM,10:00:03,150.52,52.0,30.47,101.0,170.77,6.75,06:10:00,18:26:00
3855,1473969306,9/15/2016 12:00:00 AM,09:55:06,121.03,52.0,30.47,101.0,187.46,4.5,06:10:00,18:26:00
3856,1473969007,9/15/2016 12:00:00 AM,09:50:07,123.14,52.0,30.47,101.0,184.02,4.5,06:10:00,18:26:00
3857,1473968702,9/15/2016 12:00:00 AM,09:45:02,145.18,52.0,30.47,101.0,170.67,4.5,06:10:00,18:26:00
3858,1473968404,9/15/2016 12:00:00 AM,09:40:04,152.23,52.0,30.47,101.0,159.78,5.62,06:10:00,18:26:00
3859,1473968104,9/15/2016 12:00:00 AM,09:35:04,155.7,52.0,30.46,101.0,160.87,9.0,06:10:00,18:26:00
3860,1473967806,9/15/2016 12:00:00 AM,09:30:06,154.53,51.0,30.46,100.0,165.86,6.75,06:10:00,18:26:00
3861,1473967512,9/15/2016 12:00:00 AM,09:25:12,131.34,51.0,30.47,100.0,123.9,2.25,06:10:00,18:26:00
3862,1473967207,9/15/2016 12:00:00 AM,09:20:07,79.03,51.0,30.47,100.0,135.89,5.62,06:10:00,18:26:00
3863,1473966906,9/15/2016 12:00:00 AM,09:15:06,71.63,51.0,30.47,100.0,79.28,1.12,06:10:00,18:26:00
3864,1473966605,9/15/2016 12:00:00 AM,09:10:05,50.41,51.0,30.47,100.0,101.23,2.25,06:10:00,18:26:00
3865,1473966309,9/15/2016 12:00:00 AM,09:05:09,34.95,51.0,30.47,100.0,70.46,2.25,06:10:00,18:26:00
3866,1473966007,9/15/2016 12:00:00 AM,09:00:07,50.43,51.0,30.47,100.0,77.73,3.37,06:10:00,18:26:00
3867,1473965704,9/15/2016 12:00:00 AM,08:55:04,35.2,50.0,30.47,100.0,118.96,3.37,06:10:00,18:26:00
3868,1473965405,9/15/2016 12:00:00 AM,08:50:05,26.77,50.0,30.46,100.0,143.51,6.229096658193317,06:10:00,18:26:00
3869,1473965107,9/15/2016 12:00:00 AM,08:45:07,24.66,50.0,30.46,100.0,144.57,3.37,06:10:00,18:26:00
3870,1473964807,9/15/2016 12:00:00 AM,08:40:07,23.54,50.0,30.46,99.0,150.13,1.12,06:10:00,18:26:00
3871,1473964507,9/15/2016 12:00:00 AM,08:35:07,24.38,51.0,30.46,99.0,138.6,7.87,06:10:00,18:26:00
3872,1473964205,9/15/2016 12:00:00 AM,08:30:05,26.02,51.0,30.46,99.0,156.58,6.75,06:10:00,18:26:00
3873,1473963905,9/15/2016 12:00:00 AM,08:25:05,33.69,51.0,30.46,99.0,147.58,3.37,06:10:00,18:26:00
3874,1473963604,9/15/2016 12:00:00 AM,08:20:04,30.31,50.0,30.45,98.0,106.73,3.37,06:10:00,18:26:00
3875,1473963302,9/15/2016 12:00:00 AM,08:15:02,57.84,50.0,30.45,99.0,174.78,1.12,06:10:00,18:26:00
3876,1473963005,9/15/2016 12:00:00 AM,08:10:05,73.87,50.0,30.44,99.0,174.78,2.25,06:10:00,18:26:00
3877,1473962704,9/15/2016 12:00:00 AM,08:05:04,92.16,50.0,30.44,99.0,174.78,0.0,06:10:00,18:26:00
3878,1473962403,9/15/2016 12:00:00 AM,08:00:03,104.48,50.0,30.43,99.0,174.78,2.25,06:10:00,18:26:00
3879,1473962109,9/15/2016 12:00:00 AM,07:55:09,99.69,49.0,30.44,99.0,174.78,2.25,06:10:00,18:26:00
3880,1473961806,9/15/2016 12:00:00 AM,07:50:06,91.43,49.0,30.43,99.0,174.78,3.37,06:10:00,18:26:00
3881,1473961509,9/15/2016 12:00:00 AM,07:45:09,75.39,49.0,30.43,99.0,174.8,4.5,06:10:00,18:26:00
3882,1473961208,9/15/2016 12:00:00 AM,07:40:08,60.86,49.0,30.43,99.0,169.52,4.5,06:10:00,18:26:00
3883,1473960907,9/15/2016 12:00:00 AM,07:35:07,58.7,49.0,30.43,99.0,160.87,4.5,06:10:00,18:26:00
3884,1473960605,9/15/2016 12:00:00 AM,07:30:05,60.04,49.0,30.43,99.0,158.39,6.75,06:10:00,18:26:00
3885,1473960305,9/15/2016 12:00:00 AM,07:25:05,55.36,48.0,30.43,98.0,160.59,3.37,06:10:00,18:26:00
3886,1473960005,9/15/2016 12:00:00 AM,07:20:05,45.97,48.0,30.423028000868246,98.0,157.95,5.62,06:10:00,18:26:00
3887,1473959702,9/15/2016 12:00:00 AM,07:15:02,37.97,48.0,30.44,98.0,156.05,4.5,06:10:00,18:26:00
3888,1473959405,9/15/2016 12:00:00 AM,07:10:05,38.27,48.0,30.44,98.0,165.93,3.37,06:10:00,18:26:00
3889,1473959103,9/15/2016 12:00:00 AM,07:05:03,42.49,48.0,30.43,98.0,176.43,4.5,06:10:00,18:26:00
3890,1473958807,9/15/2016 12:00:00 AM,07:00:07,39.53,48.0,30.43,98.0,153.23,3.37,06:10:00,18:26:00
3891,1473958506,9/15/2016 12:00:00 AM,06:55:06,29.49,48.0,30.43,98.0,167.01,3.37,06:10:00,18:26:00
3892,1473958205,9/15/2016 12:00:00 AM,06:50:05,21.06,48.0,30.43,98.0,168.15,2.25,06:10:00,18:26:00
3893,1473957905,9/15/2016 12:00:00 AM,06:45:05,14.5,48.0,30.43,74.83719267708949,166.67,3.37,06:10:00,18:26:00
3894,1473957606,9/15/2016 12:00:00 AM,06:40:06,9.66,49.0,30.43,99.0,163.34,3.37,06:10:00,18:26:00
3895,1473957306,9/15/2016 12:00:00 AM,06:35:06,7.49,48.0,30.43,99.0,154.3,4.5,06:10:00,18:26:00
3896,1473957008,9/15/2016 12:00:00 AM,06:30:08,5.9,48.0,30.43,100.0,172.66,3.37,06:10:00,18:26:00
3897,1473956704,9/15/2016 12:00:00 AM,06:25:04,4.16,48.0,30.43,100.0,185.63,5.62,06:10:00,18:26:00
3898,1473956405,9/15/2016 12:00:00 AM,06:20:05,2.6,48.0,30.43,74.83719267708949,143.54770303349548,4.5,06:10:00,18:26:00
3899,1473956104,9/15/2016 12:00:00 AM,06:15:04,1.97,48.0,30.42,99.0,96.42,3.37,06:10:00,18:26:00
3900,1473955808,9/15/2016 12:00:00 AM,06:10:08,2.05,48.0,30.42,99.0,165.21,2.25,06:10:00,18:26:00
3901,1473955503,9/15/2016 12:00:00 AM,06:05:03,1.44,48.0,30.41,99.0,165.21,2.25,06:10:00,18:26:00
3902,1473955204,9/15/2016 12:00:00 AM,06:00:04,1.26,48.0,30.41,99.0,165.19,4.5,06:10:00,18:26:00
3903,1473954905,9/15/2016 12:00:00 AM,05:55:05,1.21,48.0,30.41,99.0,165.21,5.62,06:10:00,18:26:00
3904,1473954603,9/15/2016 12:00:00 AM,05:50:03,1.23,48.0,30.41,99.0,184.22,3.37,06:10:00,18:26:00
3905,1473954307,9/15/2016 12:00:00 AM,05:45:07,1.25,48.0,30.4,99.0,184.45,4.5,06:10:00,18:26:00
3906,1473954005,9/15/2016 12:00:00 AM,05:40:05,1.24,48.0,30.4,99.0,182.71,2.25,06:10:00,18:26:00
3907,1473953707,9/15/2016 12:00:00 AM,05:35:07,1.21,48.0,30.41,99.0,182.71,2.25,06:10:00,18:26:00
3908,1473953404,9/15/2016 12:00:00 AM,05:30:04,1.21,48.0,30.41,99.0,188.36,4.5,06:10:00,18:26:00
3909,1473953104,9/15/2016 12:00:00 AM,05:25:04,1.21,49.0,30.41,99.0,186.11,4.5,06:10:00,18:26:00
3910,1473952804,9/15/2016 12:00:00 AM,05:20:04,1.27,49.0,30.41,99.0,191.09,6.75,06:10:00,18:26:00
3911,1473952504,9/15/2016 12:00:00 AM,05:15:04,1.22,49.0,30.41,99.0,192.91,5.62,06:10:00,18:26:00
3912,1473952206,9/15/2016 12:00:00 AM,05:10:06,1.26,49.0,30.423028000868246,99.0,181.38,4.5,06:10:00,18:26:00
3913,1473951909,9/15/2016 12:00:00 AM,05:05:09,1.21,49.0,30.42,99.0,163.88,2.25,06:10:00,18:26:00
3914,1473951605,9/15/2016 12:00:00 AM,05:00:05,1.2,49.0,30.42,99.0,157.0,4.5,06:10:00,18:26:00
3915,1473951311,9/15/2016 12:00:00 AM,04:55:11,1.25,49.0,30.43,98.0,157.85,1.12,06:10:00,18:26:00
3916,1473951008,9/15/2016 12:00:00 AM,04:50:08,1.25,49.0,30.43,98.0,126.86,3.37,06:10:00,18:26:00
3917,1473950706,9/15/2016 12:00:00 AM,04:45:06,1.23,49.0,30.42,98.0,52.56,1.12,06:10:00,18:26:00
3918,1473950407,9/15/2016 12:00:00 AM,04:40:07,1.22,51.16507236474315,30.42,98.0,62.09,2.25,06:10:00,18:26:00
3919,1473950104,9/15/2016 12:00:00 AM,04:35:04,1.22,48.0,30.41,98.0,336.55,2.25,06:10:00,18:26:00
3920,1473949806,9/15/2016 12:00:00 AM,04:30:06,1.2,48.0,30.41,98.0,336.55,0.0,06:10:00,18:26:00
3921,1473949504,9/15/2016 12:00:00 AM,04:25:04,1.2,48.0,30.41,97.0,178.39,3.37,06:10:00,18:26:00
3922,1473949206,9/15/2016 12:00:00 AM,04:20:06,1.22,48.0,30.4,97.0,178.48,4.5,06:10:00,18:26:00
3923,1473948904,9/15/2016 12:00:00 AM,04:15:04,1.2,48.0,30.4,97.0,179.85,6.75,06:10:00,18:26:00
3924,1473948604,9/15/2016 12:00:00 AM,04:10:04,1.24,49.0,30.41,97.0,181.12,5.62,06:10:00,18:26:00
3925,1473948303,9/15/2016 12:00:00 AM,04:05:03,1.21,49.0,30.41,96.0,166.31,4.5,06:10:00,18:26:00
3926,1473948003,9/15/2016 12:00:00 AM,04:00:03,1.21,49.0,30.42,96.0,108.02,4.5,06:10:00,18:26:00
3927,1473947706,9/15/2016 12:00:00 AM,03:55:06,1.21,49.0,30.42,93.0,145.25,2.25,06:10:00,18:26:00
3928,1473947404,9/15/2016 12:00:00 AM,03:50:04,1.25,49.0,30.41,92.0,122.89,1.12,06:10:00,18:26:00
3929,1473947108,9/15/2016 12:00:00 AM,03:45:08,1.27,49.0,30.41,93.0,37.62,1.12,06:10:00,18:26:00
3930,1473946804,9/15/2016 12:00:00 AM,03:40:04,1.23,49.0,30.41,94.0,37.62,2.25,06:10:00,18:26:00
3931,1473946506,9/15/2016 12:00:00 AM,03:35:06,1.22,48.0,30.4,95.0,37.21,4.5,06:10:00,18:26:00
3932,1473946203,9/15/2016 12:00:00 AM,03:30:03,1.25,48.0,30.4,94.0,168.34,3.37,06:10:00,18:26:00
3933,1473945902,9/15/2016 12:00:00 AM,03:25:02,1.24,48.0,30.4,94.0,177.22,4.5,06:10:00,18:26:00
3934,1473945607,9/15/2016 12:00:00 AM,03:20:07,1.24,48.0,30.4,95.0,180.99,5.62,06:10:00,18:26:00
3935,1473945305,9/15/2016 12:00:00 AM,03:15:05,1.22,48.0,30.4,95.0,185.32,5.62,06:10:00,18:26:00
3936,1473945008,9/15/2016 12:00:00 AM,03:10:08,1.21,48.0,30.4,96.0,193.65,6.75,06:10:00,18:26:00
3937,1473944712,9/15/2016 12:00:00 AM,03:05:12,1.2,48.0,30.4,97.0,192.7,11.25,06:10:00,18:26:00
3938,1473944409,9/15/2016 12:00:00 AM,03:00:09,1.24,48.0,30.4,97.0,202.07,9.0,06:10:00,18:26:00
3939,1473944105,9/15/2016 12:00:00 AM,02:55:05,1.22,48.0,30.41,98.0,212.35,9.0,06:10:00,18:26:00
3940,1473943805,9/15/2016 12:00:00 AM,02:50:05,1.24,48.0,30.41,98.0,211.64,6.75,06:10:00,18:26:00
3941,1473943505,9/15/2016 12:00:00 AM,02:45:05,1.22,49.0,30.41,99.0,211.57,6.75,06:10:00,18:26:00
3942,1473943206,9/15/2016 12:00:00 AM,02:40:06,1.21,49.0,30.42,100.0,204.91,6.75,06:10:00,18:26:00
3943,1473942905,9/15/2016 12:00:00 AM,02:35:05,1.24,49.0,30.43,100.0,217.18,3.37,06:10:00,18:26:00
3944,1473942606,9/15/2016 12:00:00 AM,02:30:06,1.22,49.0,30.43,100.0,214.6,4.5,06:10:00,18:26:00
3945,1473942304,9/15/2016 12:00:00 AM,02:25:04,1.24,50.0,30.43,100.0,230.27,4.5,06:10:00,18:26:00
3946,1473942008,9/15/2016 12:00:00 AM,02:20:08,1.23,50.0,30.43,100.0,227.6,3.37,06:10:00,18:26:00
3947,1473941704,9/15/2016 12:00:00 AM,02:15:04,1.23,50.0,30.43,101.0,208.97,4.5,06:10:00,18:26:00
3948,1473941407,9/15/2016 12:00:00 AM,02:10:07,1.23,49.0,30.44,100.0,208.97,2.25,06:10:00,18:26:00
3949,1473941109,9/15/2016 12:00:00 AM,02:05:09,1.25,49.0,30.44,100.0,208.97,0.0,06:10:00,18:26:00
3950,1473940806,9/15/2016 12:00:00 AM,02:00:06,1.23,48.0,30.43,100.0,208.97,0.0,06:10:00,18:26:00
3951,1473940508,9/15/2016 12:00:00 AM,01:55:08,1.26,48.0,30.43,99.0,208.97,3.37,06:10:00,18:26:00
3952,1473940207,9/15/2016 12:00:00 AM,01:50:07,1.23,48.0,30.43,99.0,208.97,4.5,06:10:00,18:26:00
3953,1473939906,9/15/2016 12:00:00 AM,01:45:06,1.23,48.0,30.43,99.0,208.97,4.5,06:10:00,18:26:00
3954,1473939604,9/15/2016 12:00:00 AM,01:40:04,1.24,48.0,30.42,99.0,208.98,4.5,06:10:00,18:26:00
3955,1473939305,9/15/2016 12:00:00 AM,01:35:05,1.23,48.0,30.42,99.0,208.97,5.62,06:10:00,18:26:00
3956,1473939005,9/15/2016 12:00:00 AM,01:30:05,1.22,48.0,30.42,99.0,211.55,5.62,06:10:00,18:26:00
3957,1473938706,9/15/2016 12:00:00 AM,01:25:06,1.21,48.0,30.42,99.0,215.39,5.62,06:10:00,18:26:00
3958,1473938406,9/15/2016 12:00:00 AM,01:20:06,1.25,48.0,30.43,98.0,215.45,4.5,06:10:00,18:26:00
3959,1473938104,9/15/2016 12:00:00 AM,01:15:04,1.22,48.0,30.43,98.0,215.5,3.37,06:10:00,18:26:00
3960,1473937808,9/15/2016 12:00:00 AM,01:10:08,1.23,48.0,30.43,97.0,215.46,4.5,06:10:00,18:26:00
3961,1473937503,9/15/2016 12:00:00 AM,01:05:03,1.23,48.0,30.43,97.0,215.45,4.5,06:10:00,18:26:00
3962,1473937205,9/15/2016 12:00:00 AM,01:00:05,1.22,48.0,30.43,96.0,221.73,4.5,06:10:00,18:26:00
3963,1473936605,9/15/2016 12:00:00 AM,00:50:05,1.21,49.0,30.43,96.0,283.2,3.37,06:10:00,18:26:00
3964,1473936007,9/15/2016 12:00:00 AM,00:40:07,1.23,49.0,30.44,96.0,283.21,2.25,06:10:00,18:26:00
3965,1473935706,9/15/2016 12:00:00 AM,00:35:06,1.24,49.0,30.44,96.0,283.21,3.37,06:10:00,18:26:00
3966,1473935405,9/15/2016 12:00:00 AM,00:30:05,1.23,49.0,30.44,96.0,283.21,2.25,06:10:00,18:26:00
3967,1473935105,9/15/2016 12:00:00 AM,00:25:05,1.24,49.0,30.44,95.0,283.23,3.37,06:10:00,18:26:00
3968,1473934808,9/15/2016 12:00:00 AM,00:20:08,1.25,49.0,30.44,74.83719267708949,143.54770303349548,2.25,06:10:00,18:26:00
3969,1473934209,9/15/2016 12:00:00 AM,00:10:09,1.23,50.0,30.44,97.0,284.56,2.25,06:10:00,18:26:00
3970,1473933903,9/15/2016 12:00:00 AM,00:05:03,1.24,50.0,30.44,96.0,284.56,1.12,06:10:00,18:26:00
3971,1473933609,9/15/2016 12:00:00 AM,00:00:09,1.26,51.0,30.44,95.0,284.57,3.37,06:10:00,18:26:00
3972,1473933310,9/14/2016 12:00:00 AM,23:55:10,1.24,51.0,30.44,94.0,302.86,3.37,06:10:00,18:26:00
3973,1473933008,9/14/2016 12:00:00 AM,23:50:08,1.27,51.0,30.44,94.0,235.21,4.5,06:10:00,18:26:00
3974,1473932707,9/14/2016 12:00:00 AM,23:45:07,1.25,50.0,30.45,95.0,233.29,4.5,06:10:00,18:26:00
3975,1473932405,9/14/2016 12:00:00 AM,23:40:05,1.23,50.0,30.44,95.0,231.93,3.37,06:10:00,18:26:00
3976,1473932102,9/14/2016 12:00:00 AM,23:35:02,1.21,50.0,30.45,95.0,207.41,5.62,06:10:00,18:26:00
3977,1473931805,9/14/2016 12:00:00 AM,23:30:05,1.25,50.0,30.45,96.0,191.18,7.87,06:10:00,18:26:00
3978,1473931509,9/14/2016 12:00:00 AM,23:25:09,1.23,50.0,30.45,98.0,195.17,6.75,06:10:00,18:26:00
3979,1473931207,9/14/2016 12:00:00 AM,23:20:07,1.24,50.0,30.45,99.0,188.27,10.12,06:10:00,18:26:00
3980,1473930906,9/14/2016 12:00:00 AM,23:15:06,1.21,50.0,30.45,100.0,192.18,11.25,06:10:00,18:26:00
3981,1473930606,9/14/2016 12:00:00 AM,23:10:06,1.23,50.0,30.45,100.0,187.99,6.75,06:10:00,18:26:00
3982,1473930307,9/14/2016 12:00:00 AM,23:05:07,1.22,51.0,30.46,101.0,118.38,2.25,06:10:00,18:26:00
3983,1473930011,9/14/2016 12:00:00 AM,23:00:11,1.23,51.0,30.46,101.0,76.56,4.5,06:10:00,18:26:00
3984,1473929703,9/14/2016 12:00:00 AM,22:55:03,1.23,51.0,30.46,100.0,140.53,3.37,06:10:00,18:26:00
3985,1473929404,9/14/2016 12:00:00 AM,22:50:04,1.21,51.0,30.46,101.0,47.29,3.37,06:10:00,18:26:00
3986,1473929108,9/14/2016 12:00:00 AM,22:45:08,1.23,51.0,30.46,100.0,60.35,1.12,06:10:00,18:26:00
3987,1473928805,9/14/2016 12:00:00 AM,22:40:05,1.24,51.0,30.46,100.0,101.41,2.25,06:10:00,18:26:00
3988,1473928505,9/14/2016 12:00:00 AM,22:35:05,1.24,51.0,30.47,100.0,143.54770303349548,2.25,06:10:00,18:26:00
3989,1473928205,9/14/2016 12:00:00 AM,22:30:05,1.25,51.0,30.47,100.0,107.21,1.12,06:10:00,18:26:00
3990,1473927905,9/14/2016 12:00:00 AM,22:25:05,1.22,51.0,30.46,100.0,136.2,3.37,06:10:00,18:26:00
3991,1473927602,9/14/2016 12:00:00 AM,22:20:02,1.24,51.0,30.46,100.0,138.78,3.37,06:10:00,18:26:00
3992,1473927303,9/14/2016 12:00:00 AM,22:15:03,1.26,51.0,30.46,100.0,155.4,3.37,06:10:00,18:26:00
3993,1473927004,9/14/2016 12:00:00 AM,22:10:04,1.24,51.0,30.46,100.0,154.33,3.37,06:10:00,18:26:00
3994,1473926705,9/14/2016 12:00:00 AM,22:05:05,1.22,51.0,30.46,100.0,148.11,2.25,06:10:00,18:26:00
3995,1473926407,9/14/2016 12:00:00 AM,22:00:07,1.22,51.0,30.46,100.0,80.01,1.12,06:10:00,18:26:00
3996,1473926106,9/14/2016 12:00:00 AM,21:55:06,1.25,51.0,30.46,99.0,57.01,2.25,06:10:00,18:26:00
3997,1473925807,9/14/2016 12:00:00 AM,21:50:07,1.24,51.0,30.46,99.0,67.4,1.12,06:10:00,18:26:00
3998,1473925508,9/14/2016 12:00:00 AM,21:45:08,1.27,52.0,30.46,99.0,40.52,1.12,06:10:00,18:26:00
3999,1473925207,9/14/2016 12:00:00 AM,21:40:07,1.24,52.0,30.46,99.0,143.54770303349548,4.5,06:10:00,18:26:00
4000,1473924902,9/14/2016 12:00:00 AM,21:35:02,1.25,52.0,30.46,99.0,36.3,3.37,06:10:00,18:26:00
4001,1473924607,9/14/2016 12:00:00 AM,21:30:07,1.23,52.0,30.46,99.0,116.87,2.25,06:10:00,18:26:00
4002,1473924304,9/14/2016 12:00:00 AM,21:25:04,1.23,52.0,30.46,99.0,71.6,4.5,06:10:00,18:26:00
4003,1473923705,9/14/2016 12:00:00 AM,21:15:05,1.22,52.0,30.46,99.0,119.86,3.37,06:10:00,18:26:00
4004,1473923423,9/14/2016 12:00:00 AM,21:10:23,1.22,52.0,30.46,99.0,125.4,6.75,06:10:00,18:26:00
4005,1473923103,9/14/2016 12:00:00 AM,21:05:03,1.18,51.0,30.46,99.0,122.14,7.87,06:10:00,18:26:00
4006,1473922808,9/14/2016 12:00:00 AM,21:00:08,1.26,51.0,30.46,99.0,111.07,5.62,06:10:00,18:26:00
4007,1473922504,9/14/2016 12:00:00 AM,20:55:04,1.27,51.0,30.46,100.0,121.78,3.37,06:10:00,18:26:00
4008,1473922204,9/14/2016 12:00:00 AM,20:50:04,1.26,51.0,30.46,100.0,162.64,3.37,06:10:00,18:26:00
4009,1473921903,9/14/2016 12:00:00 AM,20:45:03,1.24,51.0,30.46,100.0,148.88,4.5,06:10:00,18:26:00
4010,1473921608,9/14/2016 12:00:00 AM,20:40:08,1.25,51.0,30.46,100.0,144.3,4.5,06:10:00,18:26:00
4011,1473921306,9/14/2016 12:00:00 AM,20:35:06,1.21,51.0,30.46,100.0,121.83,3.37,06:10:00,18:26:00
4012,1473921008,9/14/2016 12:00:00 AM,20:30:08,1.25,51.0,30.46,100.0,103.09,3.37,06:10:00,18:26:00
4013,1473920705,9/14/2016 12:00:00 AM,20:25:05,1.23,51.0,30.46,100.0,114.18,3.37,06:10:00,18:26:00
4014,1473920404,9/14/2016 12:00:00 AM,20:20:04,1.23,51.0,30.46,100.0,116.04,5.62,06:10:00,18:26:00
4015,1473920109,9/14/2016 12:00:00 AM,20:15:09,1.24,50.0,30.46,100.0,137.76,3.37,06:10:00,18:26:00
4016,1473919803,9/14/2016 12:00:00 AM,20:10:03,1.21,50.0,30.45,101.0,175.17,5.62,06:10:00,18:26:00
4017,1473919502,9/14/2016 12:00:00 AM,20:05:02,1.23,50.0,30.45,101.0,178.32,5.62,06:10:00,18:26:00
4018,1473919205,9/14/2016 12:00:00 AM,20:00:05,1.19,50.0,30.45,101.0,136.29,10.12,06:10:00,18:26:00
4019,1473918907,9/14/2016 12:00:00 AM,19:55:07,1.25,50.0,30.45,101.0,161.73,10.12,06:10:00,18:26:00
4020,1473918603,9/14/2016 12:00:00 AM,19:50:03,1.25,50.0,30.45,101.0,150.23,11.25,06:10:00,18:26:00
4021,1473918302,9/14/2016 12:00:00 AM,19:45:02,1.24,50.0,30.45,101.0,158.11,11.25,06:10:00,18:26:00
4022,1473918006,9/14/2016 12:00:00 AM,19:40:06,1.25,50.0,30.45,101.0,159.28,7.87,06:10:00,18:26:00
4023,1473917703,9/14/2016 12:00:00 AM,19:35:03,1.69,50.0,30.45,101.0,177.56,6.75,06:10:00,18:26:00
4024,1473917407,9/14/2016 12:00:00 AM,19:30:07,1.76,50.0,30.44,101.0,167.18,14.62,06:10:00,18:26:00
4025,1473917104,9/14/2016 12:00:00 AM,19:25:04,1.78,50.0,30.44,101.0,161.86,3.37,06:10:00,18:26:00
4026,1473916807,9/14/2016 12:00:00 AM,19:20:07,1.61,50.0,30.44,101.0,120.68,7.87,06:10:00,18:26:00
4027,1473916508,9/14/2016 12:00:00 AM,19:15:08,1.68,50.0,30.44,100.0,64.2,6.75,06:10:00,18:26:00
4028,1473916201,9/14/2016 12:00:00 AM,19:10:01,1.59,50.0,30.43,100.0,144.46,2.25,06:10:00,18:26:00
4029,1473915902,9/14/2016 12:00:00 AM,19:05:02,1.62,50.0,30.43,100.0,88.68,7.87,06:10:00,18:26:00
4030,1473915604,9/14/2016 12:00:00 AM,19:00:04,1.62,51.0,30.43,100.0,176.3,3.37,06:10:00,18:26:00
4031,1473915307,9/14/2016 12:00:00 AM,18:55:07,1.76,51.0,30.43,100.0,65.58,6.75,06:10:00,18:26:00
4032,1473915004,9/14/2016 12:00:00 AM,18:50:04,1.76,51.0,30.42,99.0,84.42,7.87,06:10:00,18:26:00
4033,1473914705,9/14/2016 12:00:00 AM,18:45:05,1.77,52.0,30.42,100.0,342.77,4.5,06:10:00,18:26:00
4034,1473914407,9/14/2016 12:00:00 AM,18:40:07,1.82,54.0,30.42,100.0,90.11,14.62,06:10:00,18:26:00
4035,1473914105,9/14/2016 12:00:00 AM,18:35:05,1.78,54.0,30.42,100.0,0.6,3.37,06:10:00,18:26:00
4036,1473913807,9/14/2016 12:00:00 AM,18:30:07,1.73,55.0,30.42,100.0,323.0,3.37,06:10:00,18:26:00
4037,1473913510,9/14/2016 12:00:00 AM,18:25:10,2.55,55.0,30.42,100.0,18.33,3.37,06:10:00,18:26:00
4038,1473913203,9/14/2016 12:00:00 AM,18:20:03,5.14,54.0,30.41,100.0,37.74,4.5,06:10:00,18:26:00
4039,1473912903,9/14/2016 12:00:00 AM,18:15:03,8.54,55.0,30.41,100.0,46.11,5.62,06:10:00,18:26:00
4040,1473912609,9/14/2016 12:00:00 AM,18:10:09,10.68,55.0,30.41,100.0,35.4,4.5,06:10:00,18:26:00
4041,1473912302,9/14/2016 12:00:00 AM,18:05:02,8.42,55.0,30.41,99.0,20.28,2.25,06:10:00,18:26:00
4042,1473912007,9/14/2016 12:00:00 AM,18:00:07,5.48,55.0,30.41,99.0,10.35,3.37,06:10:00,18:26:00
4043,1473911712,9/14/2016 12:00:00 AM,17:55:12,5.49,55.0,30.41,99.0,2.87,5.62,06:10:00,18:26:00
4044,1473911403,9/14/2016 12:00:00 AM,17:50:03,6.22,55.0,30.41,99.0,19.9,3.37,06:10:00,18:26:00
4045,1473911108,9/14/2016 12:00:00 AM,17:45:08,20.99,55.0,30.41,98.0,0.66,2.25,06:10:00,18:26:00
4046,1473910807,9/14/2016 12:00:00 AM,17:40:07,19.91,55.0,30.41,98.0,29.85,1.12,06:10:00,18:26:00
4047,1473910504,9/14/2016 12:00:00 AM,17:35:04,25.06,56.0,30.4,98.0,0.74,6.229096658193317,06:10:00,18:26:00
4048,1473910209,9/14/2016 12:00:00 AM,17:30:09,66.82,56.0,30.4,97.0,32.96,2.25,06:10:00,18:26:00
4049,1473909904,9/14/2016 12:00:00 AM,17:25:04,87.17,56.0,30.4,97.0,2.77,2.25,06:10:00,18:26:00
4050,1473909607,9/14/2016 12:00:00 AM,17:20:07,76.73,57.0,30.4,97.0,25.68,2.25,06:10:00,18:26:00
4051,1473909306,9/14/2016 12:00:00 AM,17:15:06,62.82,57.0,30.4,95.0,4.24,4.5,06:10:00,18:26:00
4052,1473909006,9/14/2016 12:00:00 AM,17:10:06,81.58,57.0,30.4,94.0,7.58,3.37,06:10:00,18:26:00
4053,1473908709,9/14/2016 12:00:00 AM,17:05:09,101.78,57.0,30.4,95.0,15.19,3.37,06:10:00,18:26:00
4054,1473908406,9/14/2016 12:00:00 AM,17:00:06,117.44,57.0,30.4,97.0,6.74,3.37,06:10:00,18:26:00
4055,1473908106,9/14/2016 12:00:00 AM,16:55:06,389.4,57.0,30.4,98.0,9.42,5.62,06:10:00,18:26:00
4056,1473907807,9/14/2016 12:00:00 AM,16:50:07,417.02,56.0,30.4,98.0,7.23,0.0,06:10:00,18:26:00
4057,1473907503,9/14/2016 12:00:00 AM,16:45:03,195.95,56.0,30.4,99.0,7.61,2.25,06:10:00,18:26:00
4058,1473907205,9/14/2016 12:00:00 AM,16:40:05,569.58,56.0,30.4,99.0,12.07,3.37,06:10:00,18:26:00
4059,1473906902,9/14/2016 12:00:00 AM,16:35:02,538.92,56.0,30.4,99.0,314.15,0.0,06:10:00,18:26:00
4060,1473906609,9/14/2016 12:00:00 AM,16:30:09,241.36,55.0,30.4,99.0,314.09,2.25,06:10:00,18:26:00
4061,1473906309,9/14/2016 12:00:00 AM,16:25:09,155.67,55.0,30.4,99.0,314.55,2.25,06:10:00,18:26:00
4062,1473906018,9/14/2016 12:00:00 AM,16:20:18,133.7,55.0,30.41,99.0,0.88,0.0,06:10:00,18:26:00
4063,1473905703,9/14/2016 12:00:00 AM,16:15:03,95.32,55.0,30.41,99.0,0.76,2.25,06:10:00,18:26:00
4064,1473905403,9/14/2016 12:00:00 AM,16:10:03,93.18,55.0,30.41,99.0,336.08,4.5,06:10:00,18:26:00
4065,1473905108,9/14/2016 12:00:00 AM,16:05:08,38.99,56.0,30.41,99.0,24.62,4.5,06:10:00,18:26:00
4066,1473904806,9/14/2016 12:00:00 AM,16:00:06,52.02,56.0,30.41,98.0,0.49,10.12,06:10:00,18:26:00
4067,1473904503,9/14/2016 12:00:00 AM,15:55:03,84.93,56.0,30.41,98.0,24.22,5.62,06:10:00,18:26:00
4068,1473904205,9/14/2016 12:00:00 AM,15:50:05,48.33,57.0,30.41,98.0,0.45,4.5,06:10:00,18:26:00
4069,1473903909,9/14/2016 12:00:00 AM,15:45:09,68.72,57.0,30.41,98.0,336.5,3.37,06:10:00,18:26:00
4070,1473903604,9/14/2016 12:00:00 AM,15:40:04,187.42,57.0,30.41,98.0,12.39,6.75,06:10:00,18:26:00
4071,1473903307,9/14/2016 12:00:00 AM,15:35:07,403.24,58.0,30.41,99.0,41.57,4.5,06:10:00,18:26:00
4072,1473903005,9/14/2016 12:00:00 AM,15:30:05,735.57,57.0,30.41,99.0,50.76,5.62,06:10:00,18:26:00
4073,1473902707,9/14/2016 12:00:00 AM,15:25:07,467.27,57.0,30.41,99.0,102.54,3.37,06:10:00,18:26:00
4074,1473902403,9/14/2016 12:00:00 AM,15:20:03,532.63,57.0,30.41,99.0,39.92,4.5,06:10:00,18:26:00
4075,1473902105,9/14/2016 12:00:00 AM,15:15:05,635.68,56.0,30.41,98.0,73.41,3.37,06:10:00,18:26:00
4076,1473901802,9/14/2016 12:00:00 AM,15:10:02,309.27,56.0,30.41,98.0,73.06,3.37,06:10:00,18:26:00
4077,1473901511,9/14/2016 12:00:00 AM,15:05:11,170.04,56.0,30.41,98.0,33.37,1.12,06:10:00,18:26:00
4078,1473901208,9/14/2016 12:00:00 AM,15:00:08,173.89,56.0,30.41,97.0,34.6,1.12,06:10:00,18:26:00
4079,1473900903,9/14/2016 12:00:00 AM,14:55:03,222.28,56.0,30.41,97.0,5.02,4.5,06:10:00,18:26:00
4080,1473900605,9/14/2016 12:00:00 AM,14:50:05,266.39,55.0,30.41,94.0,309.61,3.37,06:10:00,18:26:00
4081,1473900308,9/14/2016 12:00:00 AM,14:45:08,310.44,55.0,30.41,95.0,307.38,2.25,06:10:00,18:26:00
4082,1473900002,9/14/2016 12:00:00 AM,14:40:02,197.65,56.0,30.41,95.0,297.94,6.75,06:10:00,18:26:00
4083,1473899708,9/14/2016 12:00:00 AM,14:35:08,82.98,56.0,30.42,91.0,259.58,12.37,06:10:00,18:26:00
4084,1473899406,9/14/2016 12:00:00 AM,14:30:06,47.99,57.0,30.41,83.0,244.62,13.5,06:10:00,18:26:00
4085,1473899109,9/14/2016 12:00:00 AM,14:25:09,33.94,59.0,30.41,76.0,234.36,20.25,06:10:00,18:26:00
4086,1473898808,9/14/2016 12:00:00 AM,14:20:08,44.94,60.0,30.41,74.0,198.85,10.12,06:10:00,18:26:00
4087,1473898507,9/14/2016 12:00:00 AM,14:15:07,93.91,60.0,30.4,79.0,104.06,5.62,06:10:00,18:26:00
4088,1473898209,9/14/2016 12:00:00 AM,14:10:09,158.42,61.0,30.4,83.0,23.06,6.75,06:10:00,18:26:00
4089,1473897903,9/14/2016 12:00:00 AM,14:05:03,239.88,61.0,30.41,81.0,36.54,10.12,06:10:00,18:26:00
4090,1473897607,9/14/2016 12:00:00 AM,14:00:07,425.46,62.0,30.41,78.0,137.92,1.12,06:10:00,18:26:00
4091,1473897303,9/14/2016 12:00:00 AM,13:55:03,416.18,61.0,30.41,89.0,183.51,5.62,06:10:00,18:26:00
4092,1473897005,9/14/2016 12:00:00 AM,13:50:05,528.74,60.0,30.41,89.0,178.65,5.62,06:10:00,18:26:00
4093,1473896712,9/14/2016 12:00:00 AM,13:45:12,363.22,60.0,30.42,83.0,157.22,2.25,06:10:00,18:26:00
4094,1473896405,9/14/2016 12:00:00 AM,13:40:05,243.46,61.0,30.42,84.0,125.42,7.87,06:10:00,18:26:00
4095,1473896109,9/14/2016 12:00:00 AM,13:35:09,185.26,61.0,30.42,75.0,99.21,9.0,06:10:00,18:26:00
4096,1473895807,9/14/2016 12:00:00 AM,13:30:07,127.26,62.0,30.42,78.0,335.79,12.37,06:10:00,18:26:00
4097,1473895504,9/14/2016 12:00:00 AM,13:25:04,148.34,65.0,30.42,68.0,358.94,11.25,06:10:00,18:26:00
4098,1473895206,9/14/2016 12:00:00 AM,13:20:06,228.88,67.0,30.43,59.0,142.24,3.37,06:10:00,18:26:00
4099,1473894908,9/14/2016 12:00:00 AM,13:15:08,157.83,68.0,30.43,53.0,90.98,3.37,06:10:00,18:26:00
4100,1473894606,9/14/2016 12:00:00 AM,13:10:06,194.26,70.0,30.43,52.0,140.84,7.87,06:10:00,18:26:00
4101,1473894306,9/14/2016 12:00:00 AM,13:05:06,306.41,70.0,30.43,52.0,176.46,3.37,06:10:00,18:26:00
4102,1473894007,9/14/2016 12:00:00 AM,13:00:07,831.5,69.0,30.43,55.0,192.55,2.25,06:10:00,18:26:00
4103,1473893706,9/14/2016 12:00:00 AM,12:55:06,529.63,68.0,30.43,59.0,186.9,11.25,06:10:00,18:26:00
4104,1473893406,9/14/2016 12:00:00 AM,12:50:06,1242.36,65.0,30.44,63.0,202.69,9.0,06:10:00,18:26:00
4105,1473893103,9/14/2016 12:00:00 AM,12:45:03,360.84,65.0,30.44,65.0,193.5,9.0,06:10:00,18:26:00
4106,1473892803,9/14/2016 12:00:00 AM,12:40:03,316.55,66.0,30.44,65.0,189.51,9.0,06:10:00,18:26:00
4107,1473892504,9/14/2016 12:00:00 AM,12:35:04,349.34,66.0,30.44,69.0,173.68,12.37,06:10:00,18:26:00
4108,1473892205,9/14/2016 12:00:00 AM,12:30:05,356.6,66.0,30.44,63.0,181.48,10.12,06:10:00,18:26:00
4109,1473891905,9/14/2016 12:00:00 AM,12:25:05,479.49,65.0,30.44,66.0,155.13,9.0,06:10:00,18:26:00
4110,1473891603,9/14/2016 12:00:00 AM,12:20:03,335.95,63.0,30.45,70.0,193.64,5.62,06:10:00,18:26:00
4111,1473891304,9/14/2016 12:00:00 AM,12:15:04,1266.25,60.0,30.44,76.0,135.02,5.62,06:10:00,18:26:00
4112,1473891004,9/14/2016 12:00:00 AM,12:10:04,369.96,60.0,30.44,77.0,98.87,3.37,06:10:00,18:26:00
4113,1473890702,9/14/2016 12:00:00 AM,12:05:02,323.57,59.0,30.45,77.0,17.59,5.62,06:10:00,18:26:00
4114,1473890405,9/14/2016 12:00:00 AM,12:00:05,310.68,59.0,30.45,79.0,29.11,7.87,06:10:00,18:26:00
4115,1473890103,9/14/2016 12:00:00 AM,11:55:03,290.47,59.0,30.45,79.0,25.62,9.0,06:10:00,18:26:00
4116,1473889805,9/14/2016 12:00:00 AM,11:50:05,290.99,59.0,30.45,79.0,69.34,9.0,06:10:00,18:26:00
4117,1473889506,9/14/2016 12:00:00 AM,11:45:06,920.08,59.0,30.45,78.0,11.91,9.0,06:10:00,18:26:00
4118,1473889207,9/14/2016 12:00:00 AM,11:40:07,450.3,59.0,30.45,79.0,15.03,4.5,06:10:00,18:26:00
4119,1473888905,9/14/2016 12:00:00 AM,11:35:05,427.93,59.0,30.45,78.0,13.93,4.5,06:10:00,18:26:00
4120,1473888606,9/14/2016 12:00:00 AM,11:30:06,419.4,59.0,30.46,80.0,43.9,5.62,06:10:00,18:26:00
4121,1473888304,9/14/2016 12:00:00 AM,11:25:04,383.85,59.0,30.46,78.0,44.89,7.87,06:10:00,18:26:00
4122,1473888007,9/14/2016 12:00:00 AM,11:20:07,315.09,59.0,30.46,80.0,143.54770303349548,5.62,06:10:00,18:26:00
4123,1473887707,9/14/2016 12:00:00 AM,11:15:07,387.65,59.0,30.46,79.0,39.27,5.62,06:10:00,18:26:00
4124,1473887406,9/14/2016 12:00:00 AM,11:10:06,866.59,59.0,30.46,79.0,1.64,9.0,06:10:00,18:26:00
4125,1473887105,9/14/2016 12:00:00 AM,11:05:05,472.19,60.0,30.46,78.0,30.32,9.0,06:10:00,18:26:00
4126,1473886803,9/14/2016 12:00:00 AM,11:00:03,345.65,60.0,30.46,74.0,16.63,4.5,06:10:00,18:26:00
4127,1473886503,9/14/2016 12:00:00 AM,10:55:03,357.78,60.0,30.46,76.0,88.41,5.62,06:10:00,18:26:00
4128,1473886205,9/14/2016 12:00:00 AM,10:50:05,1118.74,59.0,30.46,77.0,51.22,7.87,06:10:00,18:26:00
4129,1473885904,9/14/2016 12:00:00 AM,10:45:04,1072.53,58.0,30.46,78.0,14.49,6.75,06:10:00,18:26:00
4130,1473885608,9/14/2016 12:00:00 AM,10:40:08,502.58,58.0,30.46,79.0,72.33,3.37,06:10:00,18:26:00
4131,1473885313,9/14/2016 12:00:00 AM,10:35:13,438.67,58.0,30.47,80.0,32.59,7.87,06:10:00,18:26:00
4132,1473885003,9/14/2016 12:00:00 AM,10:30:03,514.19,57.0,30.47,80.0,36.17,9.0,06:10:00,18:26:00
4133,1473884706,9/14/2016 12:00:00 AM,10:25:06,366.31,57.0,30.46,81.0,39.35,3.37,06:10:00,18:26:00
4134,1473884406,9/14/2016 12:00:00 AM,10:20:06,211.84,57.0,30.47,79.0,17.68,2.25,06:10:00,18:26:00
4135,1473884108,9/14/2016 12:00:00 AM,10:15:08,248.41,57.0,30.47,77.0,23.87,2.25,06:10:00,18:26:00
4136,1473883807,9/14/2016 12:00:00 AM,10:10:07,262.37,58.0,30.47,78.0,51.93,3.37,06:10:00,18:26:00
4137,1473883506,9/14/2016 12:00:00 AM,10:05:06,295.74,58.0,30.47,76.0,24.79,2.25,06:10:00,18:26:00
4138,1473883208,9/14/2016 12:00:00 AM,10:00:08,247.18,58.0,30.47,74.0,359.18,5.62,06:10:00,18:26:00
4139,1473882905,9/14/2016 12:00:00 AM,09:55:05,332.11,59.0,30.46,72.0,52.5,5.62,06:10:00,18:26:00
4140,1473882603,9/14/2016 12:00:00 AM,09:50:03,332.3,60.0,30.46,72.0,13.18,10.12,06:10:00,18:26:00
4141,1473882307,9/14/2016 12:00:00 AM,09:45:07,709.34,60.0,30.46,69.0,9.77,7.87,06:10:00,18:26:00
4142,1473882006,9/14/2016 12:00:00 AM,09:40:06,825.8,60.0,30.46,67.0,21.27,5.62,06:10:00,18:26:00
4143,1473881705,9/14/2016 12:00:00 AM,09:35:05,782.53,59.0,30.45,65.0,39.65,2.25,06:10:00,18:26:00
4144,1473881403,9/14/2016 12:00:00 AM,09:30:03,765.38,60.0,30.45,65.0,62.49,6.75,06:10:00,18:26:00
4145,1473881106,9/14/2016 12:00:00 AM,09:25:06,747.09,59.0,30.45,65.0,0.79,5.62,06:10:00,18:26:00
4146,1473880803,9/14/2016 12:00:00 AM,09:20:03,731.0,59.0,30.45,64.0,25.34,4.5,06:10:00,18:26:00
4147,1473880505,9/14/2016 12:00:00 AM,09:15:05,716.86,58.0,30.45,65.0,39.22,6.75,06:10:00,18:26:00
4148,1473880206,9/14/2016 12:00:00 AM,09:10:06,662.06,58.0,30.45,66.0,9.19,3.37,06:10:00,18:26:00
4149,1473879904,9/14/2016 12:00:00 AM,09:05:04,367.54,58.0,30.45,65.0,14.42,2.25,06:10:00,18:26:00
4150,1473879604,9/14/2016 12:00:00 AM,09:00:04,361.98,58.0,30.45,66.0,22.28,2.25,06:10:00,18:26:00
4151,1473879309,9/14/2016 12:00:00 AM,08:55:09,698.67,58.0,30.45,67.0,35.04,5.62,06:10:00,18:26:00
4152,1473879005,9/14/2016 12:00:00 AM,08:50:05,680.04,57.0,30.45,68.0,26.7,4.5,06:10:00,18:26:00
4153,1473878705,9/14/2016 12:00:00 AM,08:45:05,665.14,57.0,30.45,69.0,13.76,3.37,06:10:00,18:26:00
4154,1473878404,9/14/2016 12:00:00 AM,08:40:04,617.27,56.0,30.45,71.0,10.02,1.12,06:10:00,18:26:00
4155,1473878104,9/14/2016 12:00:00 AM,08:35:04,580.63,56.0,30.45,72.0,351.57,1.12,06:10:00,18:26:00
4156,1473877807,9/14/2016 12:00:00 AM,08:30:07,566.2,55.0,30.44,72.0,351.58,2.25,06:10:00,18:26:00
4157,1473877506,9/14/2016 12:00:00 AM,08:25:06,552.05,55.0,30.44,73.0,357.25,3.37,06:10:00,18:26:00
4158,1473877205,9/14/2016 12:00:00 AM,08:20:05,515.11,55.0,30.44,74.0,0.99,1.12,06:10:00,18:26:00
4159,1473876906,9/14/2016 12:00:00 AM,08:15:06,491.31,55.0,30.44,74.0,1.26,2.25,06:10:00,18:26:00
4160,1473876602,9/14/2016 12:00:00 AM,08:10:02,469.44,55.0,30.44,75.0,1.13,2.25,06:10:00,18:26:00
4161,1473876304,9/14/2016 12:00:00 AM,08:05:04,449.18,55.0,30.43,74.0,1.0,1.12,06:10:00,18:26:00
4162,1473876002,9/14/2016 12:00:00 AM,08:00:02,429.34,55.0,30.43,73.0,1.04,2.25,06:10:00,18:26:00
4163,1473875709,9/14/2016 12:00:00 AM,07:55:09,408.83,56.0,30.43,75.0,4.37,3.37,06:10:00,18:26:00
4164,1473875407,9/14/2016 12:00:00 AM,07:50:07,388.51,55.0,30.42,75.0,169.67,1.12,06:10:00,18:26:00
4165,1473875102,9/14/2016 12:00:00 AM,07:45:02,366.22,55.0,30.42,76.0,169.69,2.25,06:10:00,18:26:00
4166,1473874804,9/14/2016 12:00:00 AM,07:40:04,344.86,55.0,30.42,77.0,169.66,1.12,06:10:00,18:26:00
4167,1473874505,9/14/2016 12:00:00 AM,07:35:05,324.19,54.0,30.42,78.0,169.7,1.12,06:10:00,18:26:00
4168,1473874207,9/14/2016 12:00:00 AM,07:30:07,301.63,53.0,30.42,81.0,169.67,0.0,06:10:00,18:26:00
4169,1473873908,9/14/2016 12:00:00 AM,07:25:08,278.01,52.0,30.41,82.0,169.68,0.0,06:10:00,18:26:00
4170,1473873607,9/14/2016 12:00:00 AM,07:20:07,251.73,50.0,30.41,84.0,169.66,0.0,06:10:00,18:26:00
4171,1473873307,9/14/2016 12:00:00 AM,07:15:07,223.25,48.0,30.41,90.0,169.67,0.0,06:10:00,18:26:00
4172,1473873003,9/14/2016 12:00:00 AM,07:10:03,196.26,47.0,30.41,93.0,169.68,3.37,06:10:00,18:26:00
4173,1473872702,9/14/2016 12:00:00 AM,07:05:02,170.58,47.0,30.41,94.0,169.69,2.25,06:10:00,18:26:00
4174,1473872403,9/14/2016 12:00:00 AM,07:00:03,103.4,46.0,30.41,94.0,169.68,2.25,06:10:00,18:26:00
4175,1473872108,9/14/2016 12:00:00 AM,06:55:08,23.46,46.0,30.41,95.0,169.65,4.5,06:10:00,18:26:00
4176,1473871806,9/14/2016 12:00:00 AM,06:50:06,22.92,46.0,30.41,95.0,169.64,4.5,06:10:00,18:26:00
4177,1473871504,9/14/2016 12:00:00 AM,06:45:04,21.99,46.0,30.41,95.0,169.05,3.37,06:10:00,18:26:00
4178,1473871204,9/14/2016 12:00:00 AM,06:40:04,20.15,46.0,30.41,95.0,168.98,4.5,06:10:00,18:26:00
4179,1473870904,9/14/2016 12:00:00 AM,06:35:04,18.67,46.0,30.4,94.0,168.98,4.5,06:10:00,18:26:00
4180,1473870612,9/14/2016 12:00:00 AM,06:30:12,17.47,46.0,30.4,93.0,168.46,3.37,06:10:00,18:26:00
4181,1473870306,9/14/2016 12:00:00 AM,06:25:06,15.01,46.0,30.4,93.0,168.46,2.25,06:10:00,18:26:00
4182,1473870005,9/14/2016 12:00:00 AM,06:20:05,12.91,51.16507236474315,30.4,93.0,168.31,3.37,06:10:00,18:26:00
4183,1473869706,9/14/2016 12:00:00 AM,06:15:06,11.0,46.0,30.4,93.0,168.79,4.5,06:10:00,18:26:00
4184,1473869407,9/14/2016 12:00:00 AM,06:10:07,7.51,46.0,30.4,93.0,169.1,3.37,06:10:00,18:26:00
4185,1473869106,9/14/2016 12:00:00 AM,06:05:06,5.06,46.0,30.4,93.0,169.25,4.5,06:10:00,18:26:00
4186,1473868805,9/14/2016 12:00:00 AM,06:00:05,3.94,46.0,30.4,93.0,168.47,3.37,06:10:00,18:26:00
4187,1473868507,9/14/2016 12:00:00 AM,05:55:07,3.59,46.0,30.4,93.0,169.02,4.5,06:10:00,18:26:00
4188,1473868206,9/14/2016 12:00:00 AM,05:50:06,2.89,46.0,30.4,93.0,167.71,3.37,06:10:00,18:26:00
4189,1473867905,9/14/2016 12:00:00 AM,05:45:05,3.85,46.0,30.4,93.0,167.09,4.5,06:10:00,18:26:00
4190,1473867605,9/14/2016 12:00:00 AM,05:40:05,3.53,46.0,30.4,92.0,169.51,5.62,06:10:00,18:26:00
4191,1473867302,9/14/2016 12:00:00 AM,05:35:02,2.63,46.0,30.4,91.0,181.42,5.62,06:10:00,18:26:00
4192,1473867007,9/14/2016 12:00:00 AM,05:30:07,2.79,46.0,30.4,88.0,181.55,3.37,06:10:00,18:26:00
4193,1473866705,9/14/2016 12:00:00 AM,05:25:05,3.01,47.0,30.4,89.0,181.52,4.5,06:10:00,18:26:00
4194,1473866408,9/14/2016 12:00:00 AM,05:20:08,3.3,47.0,30.4,87.0,181.54,4.5,06:10:00,18:26:00
4195,1473866108,9/14/2016 12:00:00 AM,05:15:08,3.53,47.0,30.4,87.0,188.59,5.62,06:10:00,18:26:00
4196,1473865809,9/14/2016 12:00:00 AM,05:10:09,2.93,47.0,30.4,88.0,198.08,5.62,06:10:00,18:26:00
4197,1473865503,9/14/2016 12:00:00 AM,05:05:03,3.29,46.0,30.39,88.0,198.37,5.62,06:10:00,18:26:00
4198,1473865202,9/14/2016 12:00:00 AM,05:00:02,3.25,46.0,30.39,89.0,199.17,5.62,06:10:00,18:26:00
4199,1473864906,9/14/2016 12:00:00 AM,04:55:06,3.19,46.0,30.39,89.0,199.2,4.5,06:10:00,18:26:00
4200,1473864606,9/14/2016 12:00:00 AM,04:50:06,2.46,47.0,30.39,89.0,199.27,5.62,06:10:00,18:26:00
4201,1473864304,9/14/2016 12:00:00 AM,04:45:04,2.49,47.0,30.39,90.0,198.61,4.5,06:10:00,18:26:00
4202,1473864003,9/14/2016 12:00:00 AM,04:40:03,2.08,47.0,30.39,91.0,194.72,4.5,06:10:00,18:26:00
4203,1473863703,9/14/2016 12:00:00 AM,04:35:03,2.21,46.0,30.39,90.0,191.32,4.5,06:10:00,18:26:00
4204,1473863404,9/14/2016 12:00:00 AM,04:30:04,2.2,47.0,30.39,89.0,191.31,5.62,06:10:00,18:26:00
4205,1473863105,9/14/2016 12:00:00 AM,04:25:05,2.54,47.0,30.39,89.0,191.4,6.75,06:10:00,18:26:00
4206,1473862804,9/14/2016 12:00:00 AM,04:20:04,2.95,47.0,30.39,89.0,192.03,2.25,06:10:00,18:26:00
4207,1473862504,9/14/2016 12:00:00 AM,04:15:04,2.54,47.0,30.39,90.0,192.07,2.25,06:10:00,18:26:00
4208,1473862204,9/14/2016 12:00:00 AM,04:10:04,2.2,47.0,30.39,92.0,192.13,3.37,06:10:00,18:26:00
4209,1473861909,9/14/2016 12:00:00 AM,04:05:09,2.2,47.0,30.39,92.0,192.12,3.37,06:10:00,18:26:00
4210,1473861604,9/14/2016 12:00:00 AM,04:00:04,2.27,47.0,30.39,93.0,191.53,4.5,06:10:00,18:26:00
4211,1473861303,9/14/2016 12:00:00 AM,03:55:03,2.85,47.0,30.39,93.0,191.48,3.37,06:10:00,18:26:00
4212,1473860705,9/14/2016 12:00:00 AM,03:45:05,1.8,47.0,30.39,95.0,182.77,3.37,06:10:00,18:26:00
4213,1473860403,9/14/2016 12:00:00 AM,03:40:03,1.8,47.0,30.39,95.0,182.74,5.62,06:10:00,18:26:00
4214,1473860108,9/14/2016 12:00:00 AM,03:35:08,1.9,47.0,30.39,94.0,182.12,5.62,06:10:00,18:26:00
4215,1473859807,9/14/2016 12:00:00 AM,03:30:07,2.06,47.0,30.39,94.0,191.13,3.37,06:10:00,18:26:00
4216,1473859508,9/14/2016 12:00:00 AM,03:25:08,2.14,48.0,30.39,94.0,192.19,1.12,06:10:00,18:26:00
4217,1473859206,9/14/2016 12:00:00 AM,03:20:06,1.69,48.0,30.39,95.0,192.24,0.0,06:10:00,18:26:00
4218,1473858907,9/14/2016 12:00:00 AM,03:15:07,2.1,48.0,30.39,93.0,192.19,1.12,06:10:00,18:26:00
4219,1473858603,9/14/2016 12:00:00 AM,03:10:03,1.96,48.0,30.39,92.0,192.21,3.37,06:10:00,18:26:00
4220,1473858304,9/14/2016 12:00:00 AM,03:05:04,2.16,49.0,30.39,91.0,192.19,3.37,06:10:00,18:26:00
4221,1473858011,9/14/2016 12:00:00 AM,03:00:11,2.58,49.0,30.39,91.0,192.15,3.37,06:10:00,18:26:00
4222,1473857703,9/14/2016 12:00:00 AM,02:55:03,1.88,49.0,30.4,92.0,192.21,2.25,06:10:00,18:26:00
4223,1473857404,9/14/2016 12:00:00 AM,02:50:04,3.55,49.0,30.4,94.0,192.05,2.25,06:10:00,18:26:00
4224,1473857104,9/14/2016 12:00:00 AM,02:45:04,3.09,49.0,30.4,94.0,188.86,1.12,06:10:00,18:26:00
4225,1473856807,9/14/2016 12:00:00 AM,02:40:07,3.09,49.0,30.4,94.0,183.08,5.62,06:10:00,18:26:00
4226,1473856506,9/14/2016 12:00:00 AM,02:35:06,1.88,49.0,30.4,95.0,183.11,5.62,06:10:00,18:26:00
4227,1473856206,9/14/2016 12:00:00 AM,02:30:06,3.35,49.0,30.4,95.0,182.92,5.62,06:10:00,18:26:00
4228,1473855903,9/14/2016 12:00:00 AM,02:25:03,3.28,49.0,30.4,96.0,182.89,6.75,06:10:00,18:26:00
4229,1473855610,9/14/2016 12:00:00 AM,02:20:10,3.45,49.0,30.4,96.0,182.79,6.75,06:10:00,18:26:00
4230,1473855307,9/14/2016 12:00:00 AM,02:15:07,3.43,49.0,30.4,96.0,180.66,6.75,06:10:00,18:26:00
4231,1473855003,9/14/2016 12:00:00 AM,02:10:03,3.28,49.0,30.41,97.0,173.95,5.62,06:10:00,18:26:00
4232,1473854707,9/14/2016 12:00:00 AM,02:05:07,2.96,49.0,30.41,97.0,169.49,5.62,06:10:00,18:26:00
4233,1473854406,9/14/2016 12:00:00 AM,02:00:06,2.73,49.0,30.41,97.0,169.51,5.62,06:10:00,18:26:00
4234,1473854104,9/14/2016 12:00:00 AM,01:55:04,2.74,49.0,30.41,97.0,169.5,4.5,06:10:00,18:26:00
4235,1473853807,9/14/2016 12:00:00 AM,01:50:07,2.23,49.0,30.41,96.0,169.48,4.5,06:10:00,18:26:00
4236,1473853503,9/14/2016 12:00:00 AM,01:45:03,1.91,49.0,30.41,96.0,169.45,3.37,06:10:00,18:26:00
4237,1473853203,9/14/2016 12:00:00 AM,01:40:03,2.26,49.0,30.41,97.0,169.45,2.25,06:10:00,18:26:00
4238,1473852903,9/14/2016 12:00:00 AM,01:35:03,2.59,49.0,30.42,97.0,169.5,3.37,06:10:00,18:26:00
4239,1473852607,9/14/2016 12:00:00 AM,01:30:07,2.03,50.0,30.42,97.0,169.47,2.25,06:10:00,18:26:00
4240,1473852308,9/14/2016 12:00:00 AM,01:25:08,2.34,50.0,30.42,98.0,169.47,1.12,06:10:00,18:26:00
4241,1473852005,9/14/2016 12:00:00 AM,01:20:05,2.28,50.0,30.42,98.0,169.48,3.37,06:10:00,18:26:00
4242,1473851703,9/14/2016 12:00:00 AM,01:15:03,2.61,50.0,30.42,98.0,169.48,2.25,06:10:00,18:26:00
4243,1473851404,9/14/2016 12:00:00 AM,01:10:04,2.49,50.0,30.42,98.0,169.48,1.12,06:10:00,18:26:00
4244,1473851103,9/14/2016 12:00:00 AM,01:05:03,2.22,51.0,30.42,99.0,169.47,2.25,06:10:00,18:26:00
4245,1473850807,9/14/2016 12:00:00 AM,01:00:07,2.33,51.0,30.42,99.0,169.47,0.0,06:10:00,18:26:00
4246,1473850509,9/14/2016 12:00:00 AM,00:55:09,2.18,51.0,30.42,98.0,169.47,0.0,06:10:00,18:26:00
4247,1473850207,9/14/2016 12:00:00 AM,00:50:07,2.43,51.0,30.43,98.0,169.47,0.0,06:10:00,18:26:00
4248,1473849303,9/14/2016 12:00:00 AM,00:35:03,2.34,51.0,30.43,98.0,169.48,2.25,06:10:00,18:26:00
4249,1473849006,9/14/2016 12:00:00 AM,00:30:06,1.95,51.0,30.43,99.0,169.47,3.37,06:10:00,18:26:00
4250,1473848704,9/14/2016 12:00:00 AM,00:25:04,1.89,52.0,30.43,99.0,169.47,3.37,06:10:00,18:26:00
4251,1473848406,9/14/2016 12:00:00 AM,00:20:06,1.96,52.0,30.43,100.0,168.84,4.5,06:10:00,18:26:00
4252,1473847504,9/14/2016 12:00:00 AM,00:05:04,2.27,52.0,30.44,101.0,178.9,4.5,06:10:00,18:26:00
4253,1473847203,9/14/2016 12:00:00 AM,00:00:03,2.28,52.0,30.44,101.0,188.85,3.37,06:10:00,18:26:00
4254,1473846904,9/13/2016 12:00:00 AM,23:55:04,2.33,52.0,30.44,101.0,188.85,4.5,06:10:00,18:27:00
4255,1473846605,9/13/2016 12:00:00 AM,23:50:05,2.43,52.0,30.44,101.0,191.97,3.37,06:10:00,18:27:00
4256,1473846308,9/13/2016 12:00:00 AM,23:45:08,2.54,52.0,30.45,101.0,206.0,3.37,06:10:00,18:27:00
4257,1473846004,9/13/2016 12:00:00 AM,23:40:04,2.54,52.0,30.45,101.0,195.59,4.5,06:10:00,18:27:00
4258,1473845704,9/13/2016 12:00:00 AM,23:35:04,2.7,52.0,30.45,101.0,219.04,4.5,06:10:00,18:27:00
4259,1473845405,9/13/2016 12:00:00 AM,23:30:05,2.73,52.0,30.45,101.0,276.3,3.37,06:10:00,18:27:00
4260,1473845103,9/13/2016 12:00:00 AM,23:25:03,2.99,52.0,30.46,101.0,317.42,3.37,06:10:00,18:27:00
4261,1473844808,9/13/2016 12:00:00 AM,23:20:08,2.38,52.0,30.46,100.0,5.46,2.25,06:10:00,18:27:00
4262,1473844510,9/13/2016 12:00:00 AM,23:15:10,2.56,52.0,30.46,100.0,12.66,2.25,06:10:00,18:27:00
4263,1473844205,9/13/2016 12:00:00 AM,23:10:05,2.54,52.0,30.46,100.0,12.67,1.12,06:10:00,18:27:00
4264,1473843903,9/13/2016 12:00:00 AM,23:05:03,2.38,52.0,30.45,100.0,12.58,0.0,06:10:00,18:27:00
4265,1473843609,9/13/2016 12:00:00 AM,23:00:09,2.51,52.0,30.45,100.0,12.67,1.12,06:10:00,18:27:00
4266,1473843305,9/13/2016 12:00:00 AM,22:55:05,2.78,52.0,30.45,100.0,12.85,2.25,06:10:00,18:27:00
4267,1473843003,9/13/2016 12:00:00 AM,22:50:03,2.83,52.0,30.45,100.0,55.84,3.37,06:10:00,18:27:00
4268,1473842704,9/13/2016 12:00:00 AM,22:45:04,1.72,52.0,30.45,100.0,143.39,0.0,06:10:00,18:27:00
4269,1473842403,9/13/2016 12:00:00 AM,22:40:03,1.9,52.0,30.45,100.0,142.26,2.25,06:10:00,18:27:00
4270,1473842103,9/13/2016 12:00:00 AM,22:35:03,1.8,52.0,30.45,100.0,144.26,2.25,06:10:00,18:27:00
4271,1473841805,9/13/2016 12:00:00 AM,22:30:05,1.8,53.0,30.45,101.0,144.03,4.5,06:10:00,18:27:00
4272,1473841509,9/13/2016 12:00:00 AM,22:25:09,1.63,53.0,30.45,101.0,97.01,0.0,06:10:00,18:27:00
4273,1473841206,9/13/2016 12:00:00 AM,22:20:06,2.0,53.0,30.45,101.0,97.15,0.0,06:10:00,18:27:00
4274,1473840905,9/13/2016 12:00:00 AM,22:15:05,1.81,53.0,30.45,101.0,97.07,1.12,06:10:00,18:27:00
4275,1473840607,9/13/2016 12:00:00 AM,22:10:07,2.09,53.0,30.45,101.0,16.09,2.25,06:10:00,18:27:00
4276,1473840305,9/13/2016 12:00:00 AM,22:05:05,1.91,53.0,30.45,101.0,15.93,1.12,06:10:00,18:27:00
4277,1473840007,9/13/2016 12:00:00 AM,22:00:07,3.01,53.0,30.46,101.0,16.93,0.0,06:10:00,18:27:00
4278,1473839406,9/13/2016 12:00:00 AM,21:50:06,2.42,53.0,30.46,101.0,16.37,1.12,06:10:00,18:27:00
4279,1473839104,9/13/2016 12:00:00 AM,21:45:04,2.35,53.0,30.46,101.0,16.28,2.25,06:10:00,18:27:00
4280,1473838803,9/13/2016 12:00:00 AM,21:40:03,2.37,53.0,30.46,101.0,16.23,2.25,06:10:00,18:27:00
4281,1473838504,9/13/2016 12:00:00 AM,21:35:04,2.29,53.0,30.46,100.0,15.25,2.25,06:10:00,18:27:00
4282,1473838203,9/13/2016 12:00:00 AM,21:30:03,2.71,53.0,30.46,101.0,317.56,3.37,06:10:00,18:27:00
4283,1473837903,9/13/2016 12:00:00 AM,21:25:03,3.1,53.0,30.45,101.0,302.02,2.25,06:10:00,18:27:00
4284,1473837605,9/13/2016 12:00:00 AM,21:20:05,2.89,53.0,30.45,101.0,302.2,2.25,06:10:00,18:27:00
4285,1473837303,9/13/2016 12:00:00 AM,21:15:03,3.11,53.0,30.45,101.0,300.04,1.12,06:10:00,18:27:00
4286,1473837005,9/13/2016 12:00:00 AM,21:10:05,3.98,53.0,30.45,101.0,299.41,1.12,06:10:00,18:27:00
4287,1473836703,9/13/2016 12:00:00 AM,21:05:03,4.13,53.0,30.45,101.0,299.27,1.12,06:10:00,18:27:00
4288,1473836412,9/13/2016 12:00:00 AM,21:00:12,3.38,53.0,30.45,101.0,299.79,1.12,06:10:00,18:27:00
4289,1473836105,9/13/2016 12:00:00 AM,20:55:05,2.8,53.0,30.44,101.0,300.51,3.37,06:10:00,18:27:00
4290,1473835802,9/13/2016 12:00:00 AM,20:50:02,2.42,53.0,30.45,101.0,300.95,1.12,06:10:00,18:27:00
4291,1473835505,9/13/2016 12:00:00 AM,20:45:05,3.21,53.0,30.45,100.0,300.31,0.0,06:10:00,18:27:00
4292,1473835207,9/13/2016 12:00:00 AM,20:40:07,3.47,53.0,30.44,100.0,300.11,2.25,06:10:00,18:27:00
4293,1473834904,9/13/2016 12:00:00 AM,20:35:04,4.02,53.0,30.44,100.0,299.68,2.25,06:10:00,18:27:00
4294,1473834604,9/13/2016 12:00:00 AM,20:30:04,2.94,54.0,30.43,100.0,302.66,1.12,06:10:00,18:27:00
4295,1473834307,9/13/2016 12:00:00 AM,20:25:07,3.21,54.0,30.43,100.0,303.65,0.0,06:10:00,18:27:00
4296,1473834005,9/13/2016 12:00:00 AM,20:20:05,2.03,54.0,30.44,100.0,304.75,2.25,06:10:00,18:27:00
4297,1473833707,9/13/2016 12:00:00 AM,20:15:07,1.52,54.0,30.43,100.0,305.18,4.5,06:10:00,18:27:00
4298,1473833405,9/13/2016 12:00:00 AM,20:10:05,1.62,54.0,30.43,100.0,301.1,2.25,06:10:00,18:27:00
4299,1473833107,9/13/2016 12:00:00 AM,20:05:07,1.83,54.0,30.43,100.0,300.95,2.25,06:10:00,18:27:00
4300,1473832803,9/13/2016 12:00:00 AM,20:00:03,1.57,54.0,30.43,100.0,186.56,1.12,06:10:00,18:27:00
4301,1473832503,9/13/2016 12:00:00 AM,19:55:03,1.72,54.0,30.43,100.0,180.12,1.12,06:10:00,18:27:00
4302,1473832203,9/13/2016 12:00:00 AM,19:50:03,1.69,54.0,30.43,100.0,52.43,0.0,06:10:00,18:27:00
4303,1473831909,9/13/2016 12:00:00 AM,19:45:09,1.62,54.0,30.43,100.0,52.39,0.0,06:10:00,18:27:00
4304,1473831605,9/13/2016 12:00:00 AM,19:40:05,1.74,54.0,30.43,100.0,52.58,2.25,06:10:00,18:27:00
4305,1473831303,9/13/2016 12:00:00 AM,19:35:03,1.72,51.16507236474315,30.43,99.0,336.1,2.25,06:10:00,18:27:00
4306,1473831004,9/13/2016 12:00:00 AM,19:30:04,2.7,54.0,30.43,99.0,335.32,3.37,06:10:00,18:27:00
4307,1473830705,9/13/2016 12:00:00 AM,19:25:05,3.24,54.0,30.43,99.0,357.88,6.75,06:10:00,18:27:00
4308,1473830404,9/13/2016 12:00:00 AM,19:20:04,1.75,55.0,30.43,99.0,334.1,2.25,06:10:00,18:27:00
4309,1473830105,9/13/2016 12:00:00 AM,19:15:05,1.69,55.0,30.43,99.0,346.76,7.87,06:10:00,18:27:00
4310,1473829805,9/13/2016 12:00:00 AM,19:10:05,1.91,55.0,30.43,99.0,359.35,5.62,06:10:00,18:27:00
4311,1473829503,9/13/2016 12:00:00 AM,19:05:03,1.6,55.0,30.42,99.0,358.68,3.37,06:10:00,18:27:00
4312,1473829204,9/13/2016 12:00:00 AM,19:00:04,2.12,55.0,30.42,99.0,350.4,4.5,06:10:00,18:27:00
4313,1473828906,9/13/2016 12:00:00 AM,18:55:06,2.85,55.0,30.42,99.0,355.04,4.5,06:10:00,18:27:00
4314,1473828608,9/13/2016 12:00:00 AM,18:50:08,2.58,55.0,30.42,99.0,344.09,4.5,06:10:00,18:27:00
4315,1473828309,9/13/2016 12:00:00 AM,18:45:09,1.7,56.0,30.42,99.0,334.1,5.62,06:10:00,18:27:00
4316,1473828005,9/13/2016 12:00:00 AM,18:40:05,1.67,56.0,30.42,98.0,352.81,5.62,06:10:00,18:27:00
4317,1473827706,9/13/2016 12:00:00 AM,18:35:06,2.28,56.0,30.42,98.0,343.73,3.37,06:10:00,18:27:00
4318,1473827405,9/13/2016 12:00:00 AM,18:30:05,2.69,56.0,30.42,98.0,358.52,6.75,06:10:00,18:27:00
4319,1473827104,9/13/2016 12:00:00 AM,18:25:04,3.42,56.0,30.42,98.0,338.83,5.62,06:10:00,18:27:00
4320,1473826805,9/13/2016 12:00:00 AM,18:20:05,2.22,56.0,30.41,98.0,350.15,3.37,06:10:00,18:27:00
4321,1473826502,9/13/2016 12:00:00 AM,18:15:02,3.0,56.0,30.41,98.0,336.11,2.25,06:10:00,18:27:00
4322,1473826203,9/13/2016 12:00:00 AM,18:10:03,4.63,56.0,30.41,97.0,13.22,0.0,06:10:00,18:27:00
4323,1473825904,9/13/2016 12:00:00 AM,18:05:04,6.52,56.0,30.41,97.0,354.9,4.5,06:10:00,18:27:00
4324,1473825602,9/13/2016 12:00:00 AM,18:00:02,13.1,56.0,30.4,97.0,354.47,2.25,06:10:00,18:27:00
4325,1473825308,9/13/2016 12:00:00 AM,17:55:08,13.25,56.0,30.41,96.0,335.97,4.5,06:10:00,18:27:00
4326,1473825006,9/13/2016 12:00:00 AM,17:50:06,13.42,57.0,30.4,95.0,335.08,7.87,06:10:00,18:27:00
4327,1473824704,9/13/2016 12:00:00 AM,17:45:04,22.11,57.0,30.4,95.0,341.94,6.75,06:10:00,18:27:00
4328,1473824404,9/13/2016 12:00:00 AM,17:40:04,41.48,57.0,30.4,95.0,327.15,4.5,06:10:00,18:27:00
4329,1473824105,9/13/2016 12:00:00 AM,17:35:05,57.7,57.0,30.4,95.0,311.15,3.37,06:10:00,18:27:00
4330,1473823806,9/13/2016 12:00:00 AM,17:30:06,51.09,57.0,30.4,95.0,308.97,3.37,06:10:00,18:27:00
4331,1473823503,9/13/2016 12:00:00 AM,17:25:03,35.82,56.0,30.4,95.0,285.45,3.37,06:10:00,18:27:00
4332,1473823206,9/13/2016 12:00:00 AM,17:20:06,42.85,56.0,30.4,96.0,287.91,3.37,06:10:00,18:27:00
4333,1473822907,9/13/2016 12:00:00 AM,17:15:07,89.56,56.0,30.4,96.0,143.54770303349548,3.37,06:10:00,18:27:00
4334,1473822605,9/13/2016 12:00:00 AM,17:10:05,59.14,57.0,30.4,95.0,79.69,2.25,06:10:00,18:27:00
4335,1473822304,9/13/2016 12:00:00 AM,17:05:04,54.65,57.0,30.4,94.0,346.98,5.62,06:10:00,18:27:00
4336,1473822006,9/13/2016 12:00:00 AM,17:00:06,109.6,57.0,30.4,93.0,81.84,4.5,06:10:00,18:27:00
4337,1473821710,9/13/2016 12:00:00 AM,16:55:10,46.2,58.0,30.4,91.0,61.27,5.62,06:10:00,18:27:00
4338,1473821402,9/13/2016 12:00:00 AM,16:50:02,72.48,59.0,30.4,89.0,29.79,2.25,06:10:00,18:27:00
4339,1473821104,9/13/2016 12:00:00 AM,16:45:04,98.67,60.0,30.4,88.0,333.16,12.37,06:10:00,18:27:00
4340,1473820802,9/13/2016 12:00:00 AM,16:40:02,82.41,60.0,30.4,88.0,341.39,10.12,06:10:00,18:27:00
4341,1473820509,9/13/2016 12:00:00 AM,16:35:09,130.49,60.0,30.4,86.0,331.17,11.25,06:10:00,18:27:00
4342,1473820206,9/13/2016 12:00:00 AM,16:30:06,130.45,60.0,30.4,86.0,342.32,4.5,06:10:00,18:27:00
4343,1473819903,9/13/2016 12:00:00 AM,16:25:03,116.89,61.0,30.4,83.0,324.44,11.25,06:10:00,18:27:00
4344,1473819608,9/13/2016 12:00:00 AM,16:20:08,100.42,61.0,30.4,83.0,348.71,7.87,06:10:00,18:27:00
4345,1473819303,9/13/2016 12:00:00 AM,16:15:03,266.98,62.0,30.4,79.0,325.22,7.87,06:10:00,18:27:00
4346,1473819002,9/13/2016 12:00:00 AM,16:10:02,273.27,61.0,30.4,81.0,322.04,7.87,06:10:00,18:27:00
4347,1473818704,9/13/2016 12:00:00 AM,16:05:04,269.22,62.0,30.4,81.0,322.64,10.12,06:10:00,18:27:00
4348,1473818404,9/13/2016 12:00:00 AM,16:00:04,203.96,61.0,30.4,82.0,325.49,7.87,06:10:00,18:27:00
4349,1473818104,9/13/2016 12:00:00 AM,15:55:04,303.2,61.0,30.4,83.0,319.58,6.75,06:10:00,18:27:00
4350,1473817806,9/13/2016 12:00:00 AM,15:50:06,312.93,62.0,30.4,80.0,294.22,11.25,06:10:00,18:27:00
4351,1473817511,9/13/2016 12:00:00 AM,15:45:11,322.68,61.0,30.4,80.0,321.35,9.0,06:10:00,18:27:00
4352,1473817204,9/13/2016 12:00:00 AM,15:40:04,294.28,61.0,30.4,81.0,319.97,6.75,06:10:00,18:27:00
4353,1473816906,9/13/2016 12:00:00 AM,15:35:06,825.95,61.0,30.4,84.0,328.68,10.12,06:10:00,18:27:00
4354,1473816603,9/13/2016 12:00:00 AM,15:30:03,317.96,61.0,30.4,84.0,311.63,12.37,06:10:00,18:27:00
4355,1473816306,9/13/2016 12:00:00 AM,15:25:06,226.45,61.0,30.4,83.0,332.03,9.0,06:10:00,18:27:00
4356,1473816009,9/13/2016 12:00:00 AM,15:20:09,242.83,61.0,30.4,85.0,320.87,7.87,06:10:00,18:27:00
4357,1473815702,9/13/2016 12:00:00 AM,15:15:02,461.23,60.0,30.4,87.0,330.25,10.12,06:10:00,18:27:00
4358,1473815402,9/13/2016 12:00:00 AM,15:10:02,551.42,59.0,30.4,90.0,330.88,5.62,06:10:00,18:27:00
4359,1473815106,9/13/2016 12:00:00 AM,15:05:06,301.15,59.0,30.4,90.0,325.72,6.75,06:10:00,18:27:00
4360,1473814805,9/13/2016 12:00:00 AM,15:00:05,221.93,59.0,30.4,92.0,335.91,6.75,06:10:00,18:27:00
4361,1473814506,9/13/2016 12:00:00 AM,14:55:06,156.43,58.0,30.4,94.0,17.33,2.25,06:10:00,18:27:00
4362,1473814202,9/13/2016 12:00:00 AM,14:50:02,185.8,58.0,30.4,94.0,6.2,0.0,06:10:00,18:27:00
4363,1473813912,9/13/2016 12:00:00 AM,14:45:12,181.4,57.0,30.4,94.0,4.4,3.37,06:10:00,18:27:00
4364,1473813604,9/13/2016 12:00:00 AM,14:40:04,107.06,57.0,30.41,95.0,1.72,5.62,06:10:00,18:27:00
4365,1473813303,9/13/2016 12:00:00 AM,14:35:03,69.51,57.0,30.41,95.0,352.87,5.62,06:10:00,18:27:00
4366,1473813009,9/13/2016 12:00:00 AM,14:30:09,66.22,57.0,30.4,96.0,69.92,2.25,06:10:00,18:27:00
4367,1473812704,9/13/2016 12:00:00 AM,14:25:04,58.47,57.0,30.41,96.0,17.78,5.62,06:10:00,18:27:00
4368,1473812404,9/13/2016 12:00:00 AM,14:20:04,81.89,58.0,30.41,96.0,51.64,4.5,06:10:00,18:27:00
4369,1473812108,9/13/2016 12:00:00 AM,14:15:08,42.98,58.0,30.41,94.0,39.18,5.62,06:10:00,18:27:00
4370,1473811804,9/13/2016 12:00:00 AM,14:10:04,66.24,59.0,30.41,74.83719267708949,39.36,13.5,06:10:00,18:27:00
4371,1473811505,9/13/2016 12:00:00 AM,14:05:05,26.83,59.0,30.41,91.0,22.66,7.87,06:10:00,18:27:00
4372,1473811206,9/13/2016 12:00:00 AM,14:00:06,41.66,60.0,30.41,87.0,353.3,10.12,06:10:00,18:27:00
4373,1473810905,9/13/2016 12:00:00 AM,13:55:05,47.01,60.0,30.41,85.0,29.35,7.87,06:10:00,18:27:00
4374,1473810604,9/13/2016 12:00:00 AM,13:50:04,162.94,60.0,30.41,85.0,24.57,4.5,06:10:00,18:27:00
4375,1473810303,9/13/2016 12:00:00 AM,13:45:03,209.93,61.0,30.42,85.0,31.21,11.25,06:10:00,18:27:00
4376,1473810003,9/13/2016 12:00:00 AM,13:40:03,148.67,61.0,30.42,83.0,13.13,7.87,06:10:00,18:27:00
4377,1473809709,9/13/2016 12:00:00 AM,13:35:09,117.99,60.0,30.42,84.0,62.71,6.75,06:10:00,18:27:00
4378,1473809410,9/13/2016 12:00:00 AM,13:30:10,192.06,60.0,30.42,84.0,42.43,7.87,06:10:00,18:27:00
4379,1473809112,9/13/2016 12:00:00 AM,13:25:12,189.13,60.0,30.42,85.0,6.91,10.12,06:10:00,18:27:00
4380,1473808806,9/13/2016 12:00:00 AM,13:20:06,175.06,61.0,30.42,85.0,38.75,7.87,06:10:00,18:27:00
4381,1473808505,9/13/2016 12:00:00 AM,13:15:05,187.97,61.0,30.42,79.0,32.62,5.62,06:10:00,18:27:00
4382,1473808202,9/13/2016 12:00:00 AM,13:10:02,154.37,61.0,30.43,78.0,3.56,10.12,06:10:00,18:27:00
4383,1473807902,9/13/2016 12:00:00 AM,13:05:02,166.27,61.0,30.42,79.0,73.35,5.62,06:10:00,18:27:00
4384,1473807604,9/13/2016 12:00:00 AM,13:00:04,189.47,61.0,30.42,81.0,81.91,2.25,06:10:00,18:27:00
4385,1473807307,9/13/2016 12:00:00 AM,12:55:07,221.85,61.0,30.43,83.0,69.39,15.75,06:10:00,18:27:00
4386,1473807008,9/13/2016 12:00:00 AM,12:50:08,197.32,62.0,30.43,82.0,35.89,4.5,06:10:00,18:27:00
4387,1473806706,9/13/2016 12:00:00 AM,12:45:06,207.89,62.0,30.43,79.0,355.26,6.75,06:10:00,18:27:00
4388,1473806403,9/13/2016 12:00:00 AM,12:40:03,260.01,62.0,30.44,80.0,47.38,3.37,06:10:00,18:27:00
4389,1473806109,9/13/2016 12:00:00 AM,12:35:09,358.02,62.0,30.44,79.0,9.13,9.0,06:10:00,18:27:00
4390,1473805805,9/13/2016 12:00:00 AM,12:30:05,208.75,63.0,30.44,77.0,58.44,4.5,06:10:00,18:27:00
4391,1473805504,9/13/2016 12:00:00 AM,12:25:04,301.65,64.0,30.44,77.0,58.68,6.75,06:10:00,18:27:00
4392,1473805205,9/13/2016 12:00:00 AM,12:20:05,228.81,65.0,30.45,73.0,46.65,18.0,06:10:00,18:27:00
4393,1473804909,9/13/2016 12:00:00 AM,12:15:09,409.73,67.0,30.45,69.0,27.09,9.0,06:10:00,18:27:00
4394,1473804608,9/13/2016 12:00:00 AM,12:10:08,1187.74,69.0,30.46,59.0,81.49,7.87,06:10:00,18:27:00
4395,1473804307,9/13/2016 12:00:00 AM,12:05:07,1226.98,68.0,30.46,48.0,322.67,10.12,06:10:00,18:27:00
4396,1473804006,9/13/2016 12:00:00 AM,12:00:06,884.0,68.0,30.46,48.0,323.09,10.12,06:10:00,18:27:00
4397,1473803706,9/13/2016 12:00:00 AM,11:55:06,1039.71,68.0,30.46,48.0,353.0,10.12,06:10:00,18:27:00
4398,1473803404,9/13/2016 12:00:00 AM,11:50:04,1065.87,68.0,30.46,48.0,24.38,6.75,06:10:00,18:27:00
4399,1473803107,9/13/2016 12:00:00 AM,11:45:07,1049.49,67.0,30.46,50.0,30.44,9.0,06:10:00,18:27:00
4400,1473802804,9/13/2016 12:00:00 AM,11:40:04,935.12,67.0,30.46,50.0,288.95,4.5,06:10:00,18:27:00
4401,1473802505,9/13/2016 12:00:00 AM,11:35:05,1051.82,67.0,30.46,49.0,0.83,6.75,06:10:00,18:27:00
4402,1473802206,9/13/2016 12:00:00 AM,11:30:06,1039.81,67.0,30.46,50.0,317.65,13.5,06:10:00,18:27:00
4403,1473801907,9/13/2016 12:00:00 AM,11:25:07,1043.46,67.0,30.423028000868246,50.0,345.61,7.87,06:10:00,18:27:00
4404,1473801604,9/13/2016 12:00:00 AM,11:20:04,1041.72,67.0,30.46,49.0,325.95,9.0,06:10:00,18:27:00
4405,1473801309,9/13/2016 12:00:00 AM,11:15:09,1034.98,66.0,30.46,50.0,328.91,4.5,06:10:00,18:27:00
4406,1473801005,9/13/2016 12:00:00 AM,11:10:05,1016.55,66.0,30.46,50.0,296.45,6.75,06:10:00,18:27:00
4407,1473800706,9/13/2016 12:00:00 AM,11:05:06,983.0,65.0,30.46,50.0,304.68,5.62,06:10:00,18:27:00
4408,1473800105,9/13/2016 12:00:00 AM,10:55:05,997.52,65.0,30.47,51.0,335.06,5.62,06:10:00,18:27:00
4409,1473799808,9/13/2016 12:00:00 AM,10:50:08,987.49,64.0,30.47,52.0,349.39,7.87,06:10:00,18:27:00
4410,1473799507,9/13/2016 12:00:00 AM,10:45:07,977.6,65.0,30.47,52.0,300.72,12.37,06:10:00,18:27:00
4411,1473799206,9/13/2016 12:00:00 AM,10:40:06,969.69,64.0,30.47,53.0,297.1,10.12,06:10:00,18:27:00
4412,1473798904,9/13/2016 12:00:00 AM,10:35:04,991.4,64.0,30.47,51.0,0.79,4.5,06:10:00,18:27:00
4413,1473798607,9/13/2016 12:00:00 AM,10:30:07,875.8,65.0,30.47,51.0,338.96,3.37,06:10:00,18:27:00
4414,1473798304,9/13/2016 12:00:00 AM,10:25:04,1182.66,64.0,30.47,52.0,345.91,3.37,06:10:00,18:27:00
4415,1473798003,9/13/2016 12:00:00 AM,10:20:03,683.18,63.0,30.47,53.0,242.46,3.37,06:10:00,18:27:00
4416,1473797704,9/13/2016 12:00:00 AM,10:15:04,1024.43,62.0,30.47,55.0,101.74,1.12,06:10:00,18:27:00
4417,1473797404,9/13/2016 12:00:00 AM,10:10:04,956.88,62.0,30.47,55.0,316.63,1.12,06:10:00,18:27:00
4418,1473797102,9/13/2016 12:00:00 AM,10:05:02,1014.15,61.0,30.47,56.0,280.58,2.25,06:10:00,18:27:00
4419,1473796807,9/13/2016 12:00:00 AM,10:00:07,516.36,61.0,30.47,57.0,357.48,0.0,06:10:00,18:27:00
4420,1473796503,9/13/2016 12:00:00 AM,09:55:03,473.29,51.16507236474315,30.47,57.0,7.86,1.12,06:10:00,18:27:00
4421,1473796204,9/13/2016 12:00:00 AM,09:50:04,700.74,61.0,30.47,56.0,317.71,3.37,06:10:00,18:27:00
4422,1473795907,9/13/2016 12:00:00 AM,09:45:07,514.0,61.0,30.47,57.0,1.56,3.37,06:10:00,18:27:00
4423,1473795604,9/13/2016 12:00:00 AM,09:40:04,447.45,61.0,30.47,58.0,7.37,4.5,06:10:00,18:27:00
4424,1473795305,9/13/2016 12:00:00 AM,09:35:05,485.04,61.0,30.47,57.0,359.26,4.5,06:10:00,18:27:00
4425,1473795009,9/13/2016 12:00:00 AM,09:30:09,880.28,61.0,30.47,59.0,0.78,6.75,06:10:00,18:27:00
4426,1473794706,9/13/2016 12:00:00 AM,09:25:06,527.76,60.0,30.47,60.0,349.29,3.37,06:10:00,18:27:00
4427,1473794410,9/13/2016 12:00:00 AM,09:20:10,509.23,60.0,30.47,61.0,353.53,4.5,06:10:00,18:27:00
4428,1473794104,9/13/2016 12:00:00 AM,09:15:04,399.9,59.0,30.47,61.0,0.82,3.37,06:10:00,18:27:00
4429,1473793806,9/13/2016 12:00:00 AM,09:10:06,297.88,59.0,30.47,61.0,350.34,2.25,06:10:00,18:27:00
4430,1473793508,9/13/2016 12:00:00 AM,09:05:08,272.87,60.0,30.47,60.0,335.07,2.25,06:10:00,18:27:00
4431,1473793207,9/13/2016 12:00:00 AM,09:00:07,242.8,60.0,30.47,60.0,354.34,3.37,06:10:00,18:27:00
4432,1473792910,9/13/2016 12:00:00 AM,08:55:10,284.27,60.0,30.47,60.0,354.62,5.62,06:10:00,18:27:00
4433,1473792607,9/13/2016 12:00:00 AM,08:50:07,327.68,60.0,30.46,59.0,319.05,5.62,06:10:00,18:27:00
4434,1473792304,9/13/2016 12:00:00 AM,08:45:04,392.22,60.0,30.46,62.0,323.83,1.12,06:10:00,18:27:00
4435,1473792002,9/13/2016 12:00:00 AM,08:40:02,444.53,59.0,30.46,63.0,325.43,3.37,06:10:00,18:27:00
4436,1473791705,9/13/2016 12:00:00 AM,08:35:05,466.41,59.0,30.46,64.0,358.99,3.37,06:10:00,18:27:00
4437,1473791403,9/13/2016 12:00:00 AM,08:30:03,346.5,59.0,30.46,63.0,359.46,2.25,06:10:00,18:27:00
4438,1473791104,9/13/2016 12:00:00 AM,08:25:04,539.74,59.0,30.46,64.0,358.76,1.12,06:10:00,18:27:00
4439,1473790806,9/13/2016 12:00:00 AM,08:20:06,427.27,58.0,30.46,65.0,359.5,1.12,06:10:00,18:27:00
4440,1473790504,9/13/2016 12:00:00 AM,08:15:04,469.32,58.0,30.46,65.0,359.48,0.0,06:10:00,18:27:00
4441,1473790203,9/13/2016 12:00:00 AM,08:10:03,329.25,58.0,30.46,65.0,358.81,3.37,06:10:00,18:27:00
4442,1473789903,9/13/2016 12:00:00 AM,08:05:03,370.08,59.0,30.46,65.0,345.5,5.62,06:10:00,18:27:00
4443,1473789604,9/13/2016 12:00:00 AM,08:00:04,281.64,58.0,30.45,64.0,335.91,4.5,06:10:00,18:27:00
4444,1473789303,9/13/2016 12:00:00 AM,07:55:03,358.58,58.0,30.45,74.83719267708949,348.06,1.12,06:10:00,18:27:00
4445,1473789008,9/13/2016 12:00:00 AM,07:50:08,538.79,57.0,30.45,69.0,172.72,1.12,06:10:00,18:27:00
4446,1473788706,9/13/2016 12:00:00 AM,07:45:06,205.52,55.0,30.44,73.0,173.55,3.37,06:10:00,18:27:00
4447,1473788403,9/13/2016 12:00:00 AM,07:40:03,454.39,54.0,30.45,76.0,163.04,3.37,06:10:00,18:27:00
4448,1473788107,9/13/2016 12:00:00 AM,07:35:07,167.62,53.0,30.44,76.0,165.92,3.37,06:10:00,18:27:00
4449,1473787803,9/13/2016 12:00:00 AM,07:30:03,116.6,53.0,30.45,75.0,168.76,3.37,06:10:00,18:27:00
4450,1473787503,9/13/2016 12:00:00 AM,07:25:03,102.48,52.0,30.44,75.0,173.0,5.62,06:10:00,18:27:00
4451,1473787206,9/13/2016 12:00:00 AM,07:20:06,85.48,52.0,30.44,75.0,170.48,4.5,06:10:00,18:27:00
4452,1473786902,9/13/2016 12:00:00 AM,07:15:02,66.93,52.0,30.44,75.0,159.01,3.37,06:10:00,18:27:00
4453,1473786603,9/13/2016 12:00:00 AM,07:10:03,67.68,52.0,30.44,76.0,161.28,2.25,06:10:00,18:27:00
4454,1473786309,9/13/2016 12:00:00 AM,07:05:09,63.39,52.0,30.44,76.0,161.27,2.25,06:10:00,18:27:00
4455,1473786008,9/13/2016 12:00:00 AM,07:00:08,57.14,52.0,30.44,76.0,161.25,1.12,06:10:00,18:27:00
4456,1473785703,9/13/2016 12:00:00 AM,06:55:03,48.37,52.0,30.44,77.0,161.27,2.25,06:10:00,18:27:00
4457,1473785404,9/13/2016 12:00:00 AM,06:50:04,44.05,52.0,30.44,79.0,161.28,4.5,06:10:00,18:27:00
4458,1473785105,9/13/2016 12:00:00 AM,06:45:05,43.09,52.0,30.43,80.0,118.5,3.37,06:10:00,18:27:00
4459,1473784807,9/13/2016 12:00:00 AM,06:40:07,38.95,52.0,30.43,78.0,108.79,0.0,06:10:00,18:27:00
4460,1473784506,9/13/2016 12:00:00 AM,06:35:06,31.83,52.0,30.43,78.0,109.44,2.25,06:10:00,18:27:00
4461,1473784205,9/13/2016 12:00:00 AM,06:30:05,28.63,51.0,30.43,79.0,143.54770303349548,1.12,06:10:00,18:27:00
4462,1473783904,9/13/2016 12:00:00 AM,06:25:04,23.69,50.0,30.43,80.0,104.46,2.25,06:10:00,18:27:00
4463,1473783604,9/13/2016 12:00:00 AM,06:20:04,15.51,50.0,30.43,80.0,118.34,2.25,06:10:00,18:27:00
4464,1473783307,9/13/2016 12:00:00 AM,06:15:07,11.97,50.0,30.43,83.0,162.75,3.37,06:10:00,18:27:00
4465,1473783004,9/13/2016 12:00:00 AM,06:10:04,9.04,50.0,30.43,83.0,169.66,4.5,06:10:00,18:27:00
4466,1473782704,9/13/2016 12:00:00 AM,06:05:04,5.15,50.0,30.44,82.0,177.93,3.37,06:10:00,18:27:00
4467,1473782402,9/13/2016 12:00:00 AM,06:00:02,3.14,50.0,30.44,81.0,182.74,5.62,06:10:00,18:27:00
4468,1473782104,9/13/2016 12:00:00 AM,05:55:04,3.29,50.0,30.44,81.0,183.51,5.62,06:10:00,18:27:00
4469,1473781805,9/13/2016 12:00:00 AM,05:50:05,3.48,51.16507236474315,30.44,80.0,189.64,5.62,06:10:00,18:27:00
4470,1473781505,9/13/2016 12:00:00 AM,05:45:05,3.29,51.0,30.44,80.0,186.64,4.5,06:10:00,18:27:00
4471,1473781209,9/13/2016 12:00:00 AM,05:40:09,2.63,51.0,30.44,79.0,270.72,2.25,06:10:00,18:27:00
4472,1473780905,9/13/2016 12:00:00 AM,05:35:05,3.07,51.0,30.44,78.0,272.57,0.0,06:10:00,18:27:00
4473,1473780606,9/13/2016 12:00:00 AM,05:30:06,2.56,51.0,30.44,79.0,272.8,0.0,06:10:00,18:27:00
4474,1473780304,9/13/2016 12:00:00 AM,05:25:04,2.63,50.0,30.44,80.0,272.74,2.25,06:10:00,18:27:00
4475,1473780004,9/13/2016 12:00:00 AM,05:20:04,2.83,50.0,30.43,79.0,160.22,0.0,06:10:00,18:27:00
4476,1473779705,9/13/2016 12:00:00 AM,05:15:05,3.26,50.0,30.43,79.0,166.84,4.5,06:10:00,18:27:00
4477,1473779404,9/13/2016 12:00:00 AM,05:10:04,2.53,50.0,30.43,78.0,169.55,3.37,06:10:00,18:27:00
4478,1473779110,9/13/2016 12:00:00 AM,05:05:10,3.06,50.0,30.42,80.0,176.66,5.62,06:10:00,18:27:00
4479,1473778806,9/13/2016 12:00:00 AM,05:00:06,2.64,49.0,30.42,83.0,188.71,5.62,06:10:00,18:27:00
4480,1473778508,9/13/2016 12:00:00 AM,04:55:08,2.62,49.0,30.43,85.0,178.3,4.5,06:10:00,18:27:00
4481,1473778209,9/13/2016 12:00:00 AM,04:50:09,2.33,49.0,30.43,85.0,164.77,5.62,06:10:00,18:27:00
4482,1473777909,9/13/2016 12:00:00 AM,04:45:09,2.28,49.0,30.43,85.0,186.17,5.62,06:10:00,18:27:00
4483,1473777606,9/13/2016 12:00:00 AM,04:40:06,1.73,49.0,30.43,85.0,178.34,4.5,06:10:00,18:27:00
4484,1473777307,9/13/2016 12:00:00 AM,04:35:07,1.89,49.0,30.43,85.0,173.16,4.5,06:10:00,18:27:00
4485,1473777005,9/13/2016 12:00:00 AM,04:30:05,2.61,50.0,30.43,83.0,175.08,3.37,06:10:00,18:27:00
4486,1473776706,9/13/2016 12:00:00 AM,04:25:06,2.47,50.0,30.43,84.0,175.07,2.25,06:10:00,18:27:00
4487,1473776404,9/13/2016 12:00:00 AM,04:20:04,2.41,50.0,30.43,83.0,175.04,2.25,06:10:00,18:27:00
4488,1473776103,9/13/2016 12:00:00 AM,04:15:03,3.03,50.0,30.43,83.0,175.06,3.37,06:10:00,18:27:00
4489,1473775804,9/13/2016 12:00:00 AM,04:10:04,1.82,50.0,30.43,83.0,175.52,3.37,06:10:00,18:27:00
4490,1473775508,9/13/2016 12:00:00 AM,04:05:08,1.56,50.0,30.43,83.0,179.33,3.37,06:10:00,18:27:00
4491,1473775206,9/13/2016 12:00:00 AM,04:00:06,2.03,50.0,30.42,82.0,182.16,4.5,06:10:00,18:27:00
4492,1473774910,9/13/2016 12:00:00 AM,03:55:10,2.28,50.0,30.43,82.0,194.38,4.5,06:10:00,18:27:00
4493,1473774607,9/13/2016 12:00:00 AM,03:50:07,2.03,50.0,30.43,81.0,214.77,4.5,06:10:00,18:27:00
4494,1473774306,9/13/2016 12:00:00 AM,03:45:06,1.99,50.0,30.43,80.0,215.53,1.12,06:10:00,18:27:00
4495,1473774005,9/13/2016 12:00:00 AM,03:40:05,1.96,50.0,30.43,81.0,215.53,1.12,06:10:00,18:27:00
4496,1473773709,9/13/2016 12:00:00 AM,03:35:09,1.98,50.0,30.43,81.0,184.44,2.25,06:10:00,18:27:00
4497,1473773403,9/13/2016 12:00:00 AM,03:30:03,2.11,50.0,30.44,80.0,184.43,2.25,06:10:00,18:27:00
4498,1473773109,9/13/2016 12:00:00 AM,03:25:09,2.53,51.0,30.44,79.0,184.41,2.25,06:10:00,18:27:00
4499,1473772806,9/13/2016 12:00:00 AM,03:20:06,3.3,51.0,30.43,79.0,184.35,3.37,06:10:00,18:27:00
4500,1473772506,9/13/2016 12:00:00 AM,03:15:06,3.15,51.0,30.43,78.0,184.39,3.37,06:10:00,18:27:00
4501,1473772206,9/13/2016 12:00:00 AM,03:10:06,2.35,51.0,30.43,74.0,184.52,4.5,06:10:00,18:27:00
4502,1473771904,9/13/2016 12:00:00 AM,03:05:04,2.03,51.0,30.43,76.0,184.97,4.5,06:10:00,18:27:00
4503,1473771607,9/13/2016 12:00:00 AM,03:00:07,2.92,51.0,30.44,78.0,184.93,5.62,06:10:00,18:27:00
4504,1473771306,9/13/2016 12:00:00 AM,02:55:06,3.41,51.0,30.43,80.0,187.36,7.87,06:10:00,18:27:00
4505,1473771005,9/13/2016 12:00:00 AM,02:50:05,2.17,51.0,30.44,81.0,196.02,6.75,06:10:00,18:27:00
4506,1473770705,9/13/2016 12:00:00 AM,02:45:05,2.47,51.0,30.44,79.0,196.21,6.75,06:10:00,18:27:00
4507,1473770404,9/13/2016 12:00:00 AM,02:40:04,3.42,51.0,30.44,79.0,207.46,5.62,06:10:00,18:27:00
4508,1473770104,9/13/2016 12:00:00 AM,02:35:04,4.54,51.0,30.44,78.0,216.7,2.25,06:10:00,18:27:00
4509,1473769803,9/13/2016 12:00:00 AM,02:30:03,3.19,51.0,30.44,78.0,214.61,3.37,06:10:00,18:27:00
4510,1473769508,9/13/2016 12:00:00 AM,02:25:08,4.19,51.0,30.44,74.0,174.52,1.12,06:10:00,18:27:00
4511,1473769203,9/13/2016 12:00:00 AM,02:20:03,3.45,51.0,30.44,76.0,178.2,2.25,06:10:00,18:27:00
4512,1473768904,9/13/2016 12:00:00 AM,02:15:04,1.61,50.0,30.44,75.0,178.27,1.12,06:10:00,18:27:00
4513,1473768305,9/13/2016 12:00:00 AM,02:05:05,1.63,50.0,30.45,74.0,179.62,6.75,06:10:00,18:27:00
4514,1473768005,9/13/2016 12:00:00 AM,02:00:05,1.81,50.0,30.45,77.0,179.74,6.75,06:10:00,18:27:00
4515,1473767703,9/13/2016 12:00:00 AM,01:55:03,1.86,50.0,30.44,80.0,182.28,6.229096658193317,06:10:00,18:27:00
4516,1473767408,9/13/2016 12:00:00 AM,01:50:08,1.94,50.0,30.45,83.0,177.4,7.87,06:10:00,18:27:00
4517,1473767105,9/13/2016 12:00:00 AM,01:45:05,1.91,50.0,30.45,82.0,177.99,10.12,06:10:00,18:27:00
4518,1473766808,9/13/2016 12:00:00 AM,01:40:08,1.92,50.0,30.45,82.0,191.81,7.87,06:10:00,18:27:00
4519,1473766507,9/13/2016 12:00:00 AM,01:35:07,2.23,50.0,30.45,85.0,193.82,9.0,06:10:00,18:27:00
4520,1473766205,9/13/2016 12:00:00 AM,01:30:05,2.13,50.0,30.46,87.0,194.45,7.87,06:10:00,18:27:00
4521,1473765908,9/13/2016 12:00:00 AM,01:25:08,2.15,50.0,30.46,90.0,215.42,4.5,06:10:00,18:27:00
4522,1473765610,9/13/2016 12:00:00 AM,01:20:10,2.07,50.0,30.46,89.0,215.72,4.5,06:10:00,18:27:00
4523,1473765302,9/13/2016 12:00:00 AM,01:15:02,2.32,50.0,30.46,89.0,215.66,3.37,06:10:00,18:27:00
4524,1473765004,9/13/2016 12:00:00 AM,01:10:04,2.36,50.0,30.46,88.0,143.54770303349548,3.37,06:10:00,18:27:00
4525,1473764703,9/13/2016 12:00:00 AM,01:05:03,2.42,50.0,30.46,88.0,215.63,3.37,06:10:00,18:27:00
4526,1473764403,9/13/2016 12:00:00 AM,01:00:03,2.39,50.0,30.47,89.0,215.61,2.25,06:10:00,18:27:00
4527,1473764102,9/13/2016 12:00:00 AM,00:55:02,2.48,50.0,30.47,89.0,215.54,1.12,06:10:00,18:27:00
4528,1473762905,9/13/2016 12:00:00 AM,00:35:05,1.9,50.0,30.48,92.0,197.75,3.37,06:10:00,18:27:00
4529,1473762608,9/13/2016 12:00:00 AM,00:30:08,1.94,50.0,30.48,92.0,196.6,6.75,06:10:00,18:27:00
4530,1473762307,9/13/2016 12:00:00 AM,00:25:07,1.96,50.0,30.48,93.0,195.49,4.5,06:10:00,18:27:00
4531,1473762005,9/13/2016 12:00:00 AM,00:20:05,2.24,50.0,30.48,93.0,195.4,4.5,06:10:00,18:27:00
4532,1473761405,9/13/2016 12:00:00 AM,00:10:05,1.9,50.0,30.48,95.0,195.03,3.37,06:10:00,18:27:00
4533,1473761102,9/13/2016 12:00:00 AM,00:05:02,1.85,50.0,30.49,95.0,195.04,4.5,06:10:00,18:27:00
4534,1473760807,9/13/2016 12:00:00 AM,00:00:07,1.88,51.0,30.49,96.0,195.02,2.25,06:10:00,18:27:00
4535,1473760504,9/12/2016 12:00:00 AM,23:55:04,2.07,51.0,30.49,96.0,194.53,6.75,06:09:00,18:28:00
4536,1473760205,9/12/2016 12:00:00 AM,23:50:05,2.15,51.0,30.49,97.0,193.68,6.75,06:09:00,18:28:00
4537,1473759905,9/12/2016 12:00:00 AM,23:45:05,1.99,51.0,30.49,97.0,187.64,6.75,06:09:00,18:28:00
4538,1473759607,9/12/2016 12:00:00 AM,23:40:07,1.69,51.0,30.49,97.0,216.33,3.37,06:09:00,18:28:00
4539,1473759304,9/12/2016 12:00:00 AM,23:35:04,1.76,51.0,30.49,97.0,190.2,4.5,06:09:00,18:28:00
4540,1473759006,9/12/2016 12:00:00 AM,23:30:06,1.83,51.0,30.49,96.0,184.57,6.75,06:09:00,18:28:00
4541,1473758706,9/12/2016 12:00:00 AM,23:25:06,1.98,51.0,30.49,95.0,193.75,5.62,06:09:00,18:28:00
4542,1473758404,9/12/2016 12:00:00 AM,23:20:04,1.7,51.0,30.5,94.0,193.01,5.62,06:09:00,18:28:00
4543,1473758105,9/12/2016 12:00:00 AM,23:15:05,1.8,51.0,30.5,93.0,187.94,4.5,06:09:00,18:28:00
4544,1473757804,9/12/2016 12:00:00 AM,23:10:04,1.45,51.0,30.49,92.0,171.31,4.5,06:09:00,18:28:00
4545,1473757507,9/12/2016 12:00:00 AM,23:05:07,2.21,52.0,30.49,92.0,170.91,3.37,06:09:00,18:28:00
4546,1473757202,9/12/2016 12:00:00 AM,23:00:02,1.68,52.0,30.5,91.0,160.98,4.5,06:09:00,18:28:00
4547,1473756906,9/12/2016 12:00:00 AM,22:55:06,1.52,52.0,30.5,91.0,106.57,2.25,06:09:00,18:28:00
4548,1473756608,9/12/2016 12:00:00 AM,22:50:08,1.58,53.0,30.5,91.0,106.57,0.0,06:09:00,18:28:00
4549,1473756305,9/12/2016 12:00:00 AM,22:45:05,1.71,53.0,30.5,91.0,106.63,0.0,06:09:00,18:28:00
4550,1473756003,9/12/2016 12:00:00 AM,22:40:03,1.78,53.0,30.5,92.0,106.66,0.0,06:09:00,18:28:00
4551,1473755708,9/12/2016 12:00:00 AM,22:35:08,1.76,53.0,30.5,94.0,106.66,1.12,06:09:00,18:28:00
4552,1473755403,9/12/2016 12:00:00 AM,22:30:03,2.02,53.0,30.5,97.0,106.72,1.12,06:09:00,18:28:00
4553,1473755112,9/12/2016 12:00:00 AM,22:25:12,1.93,53.0,30.5,99.0,106.7,1.12,06:09:00,18:28:00
4554,1473754803,9/12/2016 12:00:00 AM,22:20:03,1.96,53.0,30.5,99.0,106.71,1.12,06:09:00,18:28:00
4555,1473754509,9/12/2016 12:00:00 AM,22:15:09,2.1,53.0,30.5,100.0,106.76,1.12,06:09:00,18:28:00
4556,1473754202,9/12/2016 12:00:00 AM,22:10:02,1.72,53.0,30.51,100.0,191.75,1.12,06:09:00,18:28:00
4557,1473753904,9/12/2016 12:00:00 AM,22:05:04,1.73,53.0,30.51,100.0,191.75,0.0,06:09:00,18:28:00
4558,1473753603,9/12/2016 12:00:00 AM,22:00:03,1.9,52.0,30.51,100.0,191.73,1.12,06:09:00,18:28:00
4559,1473753305,9/12/2016 12:00:00 AM,21:55:05,2.08,52.0,30.51,100.0,191.72,3.37,06:09:00,18:28:00
4560,1473753006,9/12/2016 12:00:00 AM,21:50:06,1.93,53.0,30.51,100.0,302.06,2.25,06:09:00,18:28:00
4561,1473752704,9/12/2016 12:00:00 AM,21:45:04,1.97,53.0,30.51,100.0,302.12,1.12,06:09:00,18:28:00
4562,1473752408,9/12/2016 12:00:00 AM,21:40:08,2.08,53.0,30.51,100.0,302.03,0.0,06:09:00,18:28:00
4563,1473752106,9/12/2016 12:00:00 AM,21:35:06,2.03,53.0,30.51,100.0,302.06,3.37,06:09:00,18:28:00
4564,1473751805,9/12/2016 12:00:00 AM,21:30:05,2.03,53.0,30.51,100.0,303.31,2.25,06:09:00,18:28:00
4565,1473751505,9/12/2016 12:00:00 AM,21:25:05,2.34,54.0,30.5,100.0,303.57,1.12,06:09:00,18:28:00
4566,1473751203,9/12/2016 12:00:00 AM,21:20:03,2.35,54.0,30.5,100.0,303.56,0.0,06:09:00,18:28:00
4567,1473750904,9/12/2016 12:00:00 AM,21:15:04,2.05,54.0,30.5,100.0,303.74,0.0,06:09:00,18:28:00
4568,1473750604,9/12/2016 12:00:00 AM,21:10:04,1.95,54.0,30.5,100.0,303.81,0.0,06:09:00,18:28:00
4569,1473750303,9/12/2016 12:00:00 AM,21:05:03,2.28,54.0,30.5,100.0,303.52,1.12,06:09:00,18:28:00
4570,1473750005,9/12/2016 12:00:00 AM,21:00:05,1.96,54.0,30.5,100.0,303.79,1.12,06:09:00,18:28:00
4571,1473749707,9/12/2016 12:00:00 AM,20:55:07,2.28,54.0,30.5,100.0,303.54,0.0,06:09:00,18:28:00
4572,1473749403,9/12/2016 12:00:00 AM,20:50:03,2.33,54.0,30.5,100.0,303.51,2.25,06:09:00,18:28:00
4573,1473749106,9/12/2016 12:00:00 AM,20:45:06,2.4,54.0,30.49,100.0,303.36,0.0,06:09:00,18:28:00
4574,1473748803,9/12/2016 12:00:00 AM,20:40:03,2.29,54.0,30.49,100.0,303.47,0.0,06:09:00,18:28:00
4575,1473748504,9/12/2016 12:00:00 AM,20:35:04,2.29,54.0,30.49,100.0,303.51,0.0,06:09:00,18:28:00
4576,1473748207,9/12/2016 12:00:00 AM,20:30:07,2.31,54.0,30.49,100.0,301.52,1.12,06:09:00,18:28:00
4577,1473747907,9/12/2016 12:00:00 AM,20:25:07,2.36,54.0,30.49,100.0,324.71,2.25,06:09:00,18:28:00
4578,1473747608,9/12/2016 12:00:00 AM,20:20:08,2.54,54.0,30.49,100.0,322.7,2.25,06:09:00,18:28:00
4579,1473747304,9/12/2016 12:00:00 AM,20:15:04,2.49,54.0,30.49,100.0,322.78,0.0,06:09:00,18:28:00
4580,1473747004,9/12/2016 12:00:00 AM,20:10:04,2.51,54.0,30.49,100.0,322.73,2.25,06:09:00,18:28:00
4581,1473746706,9/12/2016 12:00:00 AM,20:05:06,1.72,54.0,30.49,100.0,323.43,3.37,06:09:00,18:28:00
4582,1473746403,9/12/2016 12:00:00 AM,20:00:03,1.74,54.0,30.49,100.0,323.35,3.37,06:09:00,18:28:00
4583,1473746106,9/12/2016 12:00:00 AM,19:55:06,1.82,55.0,30.49,100.0,326.4,3.37,06:09:00,18:28:00
4584,1473745803,9/12/2016 12:00:00 AM,19:50:03,1.97,55.0,30.49,100.0,346.49,2.25,06:09:00,18:28:00
4585,1473745504,9/12/2016 12:00:00 AM,19:45:04,1.89,55.0,30.49,100.0,347.94,3.37,06:09:00,18:28:00
4586,1473745206,9/12/2016 12:00:00 AM,19:40:06,1.72,55.0,30.49,100.0,351.2,2.25,06:09:00,18:28:00
4587,1473744908,9/12/2016 12:00:00 AM,19:35:08,1.64,55.0,30.49,100.0,350.79,4.5,06:09:00,18:28:00
4588,1473744603,9/12/2016 12:00:00 AM,19:30:03,1.8,55.0,30.48,100.0,345.01,3.37,06:09:00,18:28:00
4589,1473744307,9/12/2016 12:00:00 AM,19:25:07,1.76,55.0,30.48,100.0,341.47,3.37,06:09:00,18:28:00
4590,1473744004,9/12/2016 12:00:00 AM,19:20:04,2.02,55.0,30.48,99.0,347.6,4.5,06:09:00,18:28:00
4591,1473743704,9/12/2016 12:00:00 AM,19:15:04,2.01,55.0,30.48,99.0,344.46,2.25,06:09:00,18:28:00
4592,1473743404,9/12/2016 12:00:00 AM,19:10:04,2.11,55.0,30.48,99.0,342.51,3.37,06:09:00,18:28:00
4593,1473743105,9/12/2016 12:00:00 AM,19:05:05,2.11,55.0,30.48,99.0,339.65,3.37,06:09:00,18:28:00
4594,1473742806,9/12/2016 12:00:00 AM,19:00:06,2.0,55.0,30.47,99.0,359.15,4.5,06:09:00,18:28:00
4595,1473742503,9/12/2016 12:00:00 AM,18:55:03,2.4,55.0,30.47,99.0,336.82,3.37,06:09:00,18:28:00
4596,1473742205,9/12/2016 12:00:00 AM,18:50:05,1.99,55.0,30.47,99.0,351.2,3.37,06:09:00,18:28:00
4597,1473741909,9/12/2016 12:00:00 AM,18:45:09,2.11,55.0,30.47,99.0,351.07,0.0,06:09:00,18:28:00
4598,1473741602,9/12/2016 12:00:00 AM,18:40:02,2.17,55.0,30.47,99.0,351.17,2.25,06:09:00,18:28:00
4599,1473741304,9/12/2016 12:00:00 AM,18:35:04,2.75,56.0,30.47,99.0,350.25,4.5,06:09:00,18:28:00
4600,1473741006,9/12/2016 12:00:00 AM,18:30:06,3.6,55.0,30.47,99.0,346.14,3.37,06:09:00,18:28:00
4601,1473740706,9/12/2016 12:00:00 AM,18:25:06,2.92,56.0,30.48,99.0,338.04,5.62,06:09:00,18:28:00
4602,1473740402,9/12/2016 12:00:00 AM,18:20:02,5.09,56.0,30.47,99.0,340.11,6.75,06:09:00,18:28:00
4603,1473740103,9/12/2016 12:00:00 AM,18:15:03,9.35,56.0,30.47,99.0,325.2,4.5,06:09:00,18:28:00
4604,1473739810,9/12/2016 12:00:00 AM,18:10:10,6.6,56.0,30.47,99.0,335.35,7.87,06:09:00,18:28:00
4605,1473739505,9/12/2016 12:00:00 AM,18:05:05,8.83,56.0,30.47,99.0,325.03,4.5,06:09:00,18:28:00
4606,1473739209,9/12/2016 12:00:00 AM,18:00:09,10.54,56.0,30.47,99.0,339.93,3.37,06:09:00,18:28:00
4607,1473738905,9/12/2016 12:00:00 AM,17:55:05,13.26,56.0,30.47,99.0,2.33,3.37,06:09:00,18:28:00
4608,1473738608,9/12/2016 12:00:00 AM,17:50:08,18.93,56.0,30.47,99.0,1.2,1.12,06:09:00,18:28:00
4609,1473738318,9/12/2016 12:00:00 AM,17:45:18,14.27,56.0,30.46,99.0,10.61,3.37,06:09:00,18:28:00
4610,1473738021,9/12/2016 12:00:00 AM,17:40:21,13.21,56.0,30.46,99.0,2.65,4.5,06:09:00,18:28:00
4611,1473737722,9/12/2016 12:00:00 AM,17:35:22,20.21,56.0,30.46,99.0,27.84,2.25,06:09:00,18:28:00
4612,1473737421,9/12/2016 12:00:00 AM,17:30:21,17.93,56.0,30.46,99.0,352.8,2.25,06:09:00,18:28:00
4613,1473737118,9/12/2016 12:00:00 AM,17:25:18,11.01,56.0,30.46,99.0,352.27,0.0,06:09:00,18:28:00
4614,1473736822,9/12/2016 12:00:00 AM,17:20:22,29.66,56.0,30.46,99.0,351.95,1.12,06:09:00,18:28:00
4615,1473736520,9/12/2016 12:00:00 AM,17:15:20,44.51,56.0,30.47,99.0,8.46,1.12,06:09:00,18:28:00
4616,1473736220,9/12/2016 12:00:00 AM,17:10:20,51.11,56.0,30.46,99.0,7.37,2.25,06:09:00,18:28:00
4617,1473735919,9/12/2016 12:00:00 AM,17:05:19,92.04,56.0,30.46,99.0,9.24,1.12,06:09:00,18:28:00
4618,1473735624,9/12/2016 12:00:00 AM,17:00:24,93.58,56.0,30.46,99.0,335.71,5.62,06:09:00,18:28:00
4619,1473735322,9/12/2016 12:00:00 AM,16:55:22,54.39,57.0,30.47,98.0,354.88,7.87,06:09:00,18:28:00
4620,1473735020,9/12/2016 12:00:00 AM,16:50:20,43.95,57.0,30.47,98.0,350.51,3.37,06:09:00,18:28:00
4621,1473734722,9/12/2016 12:00:00 AM,16:45:22,63.39,57.0,30.46,97.0,335.43,4.5,06:09:00,18:28:00
4622,1473734422,9/12/2016 12:00:00 AM,16:40:22,34.75,57.0,30.47,96.0,354.14,5.62,06:09:00,18:28:00
4623,1473734125,9/12/2016 12:00:00 AM,16:35:25,53.27,58.0,30.47,94.0,335.99,6.75,06:09:00,18:28:00
4624,1473733822,9/12/2016 12:00:00 AM,16:30:22,58.17,58.0,30.47,94.0,333.35,5.62,06:09:00,18:28:00
4625,1473733520,9/12/2016 12:00:00 AM,16:25:20,47.63,58.0,30.47,95.0,337.76,7.87,06:09:00,18:28:00
4626,1473733222,9/12/2016 12:00:00 AM,16:20:22,80.4,57.0,30.46,96.0,336.85,10.12,06:09:00,18:28:00
4627,1473732918,9/12/2016 12:00:00 AM,16:15:18,24.55,57.0,30.46,97.0,359.45,3.37,06:09:00,18:28:00
4628,1473732621,9/12/2016 12:00:00 AM,16:10:21,24.28,57.0,30.46,97.0,0.47,3.37,06:09:00,18:28:00
4629,1473732320,9/12/2016 12:00:00 AM,16:05:20,40.13,57.0,30.46,97.0,15.98,4.5,06:09:00,18:28:00
4630,1473732019,9/12/2016 12:00:00 AM,16:00:19,52.42,57.0,30.46,97.0,355.81,5.62,06:09:00,18:28:00
4631,1473731722,9/12/2016 12:00:00 AM,15:55:22,28.04,57.0,30.46,96.0,9.99,3.37,06:09:00,18:28:00
4632,1473731420,9/12/2016 12:00:00 AM,15:50:20,35.63,58.0,30.46,96.0,335.92,6.75,06:09:00,18:28:00
4633,1473731120,9/12/2016 12:00:00 AM,15:45:20,18.9,58.0,30.46,96.0,16.84,4.5,06:09:00,18:28:00
4634,1473730819,9/12/2016 12:00:00 AM,15:40:19,46.41,58.0,30.46,96.0,57.93,1.12,06:09:00,18:28:00
4635,1473730522,9/12/2016 12:00:00 AM,15:35:22,64.63,58.0,30.46,96.0,37.21,7.87,06:09:00,18:28:00
4636,1473730221,9/12/2016 12:00:00 AM,15:30:21,40.23,58.0,30.46,95.0,21.9,7.87,06:09:00,18:28:00
4637,1473729927,9/12/2016 12:00:00 AM,15:25:27,38.54,59.0,30.46,95.0,26.47,3.37,06:09:00,18:28:00
4638,1473729620,9/12/2016 12:00:00 AM,15:20:20,72.71,59.0,30.46,94.0,0.91,7.87,06:09:00,18:28:00
4639,1473729321,9/12/2016 12:00:00 AM,15:15:21,89.64,59.0,30.46,94.0,16.19,3.37,06:09:00,18:28:00
4640,1473729021,9/12/2016 12:00:00 AM,15:10:21,67.4,59.0,30.46,94.0,31.35,4.5,06:09:00,18:28:00
4641,1473728720,9/12/2016 12:00:00 AM,15:05:20,73.36,59.0,30.46,94.0,24.41,7.87,06:09:00,18:28:00
4642,1473728421,9/12/2016 12:00:00 AM,15:00:21,56.11,59.0,30.46,93.0,24.94,7.87,06:09:00,18:28:00
4643,1473728118,9/12/2016 12:00:00 AM,14:55:18,43.06,60.0,30.46,93.0,7.7,4.5,06:09:00,18:28:00
4644,1473727826,9/12/2016 12:00:00 AM,14:50:26,140.82,60.0,30.46,92.0,49.49,6.75,06:09:00,18:28:00
4645,1473727521,9/12/2016 12:00:00 AM,14:45:21,299.24,59.0,30.46,93.0,59.17,4.5,06:09:00,18:28:00
4646,1473727221,9/12/2016 12:00:00 AM,14:40:21,230.83,59.0,30.46,93.0,37.27,5.62,06:09:00,18:28:00
4647,1473726919,9/12/2016 12:00:00 AM,14:35:19,182.23,59.0,30.46,93.0,49.63,6.75,06:09:00,18:28:00
4648,1473726623,9/12/2016 12:00:00 AM,14:30:23,205.95,59.0,30.46,93.0,27.88,4.5,06:09:00,18:28:00
4649,1473726322,9/12/2016 12:00:00 AM,14:25:22,128.86,59.0,30.47,94.0,33.41,7.87,06:09:00,18:28:00
4650,1473726036,9/12/2016 12:00:00 AM,14:20:36,190.92,59.0,30.47,94.0,13.45,12.37,06:09:00,18:28:00
4651,1473725720,9/12/2016 12:00:00 AM,14:15:20,124.08,60.0,30.47,92.0,67.15,4.5,06:09:00,18:28:00
4652,1473725419,9/12/2016 12:00:00 AM,14:10:19,141.52,60.0,30.47,74.83719267708949,27.27,9.0,06:09:00,18:28:00
4653,1473725123,9/12/2016 12:00:00 AM,14:05:23,112.62,60.0,30.47,90.0,15.79,9.0,06:09:00,18:28:00
4654,1473724819,9/12/2016 12:00:00 AM,14:00:19,122.06,60.0,30.47,91.0,35.07,12.37,06:09:00,18:28:00
4655,1473724522,9/12/2016 12:00:00 AM,13:55:22,155.15,60.0,30.47,91.0,12.11,11.25,06:09:00,18:28:00
4656,1473724222,9/12/2016 12:00:00 AM,13:50:22,368.95,61.0,30.47,90.0,29.52,13.5,06:09:00,18:28:00
4657,1473723621,9/12/2016 12:00:00 AM,13:40:21,229.09,61.0,30.48,88.0,2.81,5.62,06:09:00,18:28:00
4658,1473723319,9/12/2016 12:00:00 AM,13:35:19,155.97,61.0,30.48,86.0,14.5,6.75,06:09:00,18:28:00
4659,1473723019,9/12/2016 12:00:00 AM,13:30:19,149.16,62.0,30.48,87.0,336.0,2.25,06:09:00,18:28:00
4660,1473722720,9/12/2016 12:00:00 AM,13:25:20,316.89,62.0,30.48,81.0,32.37,6.75,06:09:00,18:28:00
4661,1473722422,9/12/2016 12:00:00 AM,13:20:22,243.96,61.0,30.48,82.0,70.85,2.25,06:09:00,18:28:00
4662,1473722122,9/12/2016 12:00:00 AM,13:15:22,207.02,61.0,30.48,84.0,43.45,7.87,06:09:00,18:28:00
4663,1473721823,9/12/2016 12:00:00 AM,13:10:23,219.81,61.0,30.48,83.0,33.03,7.87,06:09:00,18:28:00
4664,1473721521,9/12/2016 12:00:00 AM,13:05:21,210.1,61.0,30.48,85.0,22.53,9.0,06:09:00,18:28:00
4665,1473721223,9/12/2016 12:00:00 AM,13:00:23,207.27,61.0,30.48,86.0,17.8,11.25,06:09:00,18:28:00
4666,1473720922,9/12/2016 12:00:00 AM,12:55:22,168.49,61.0,30.49,86.0,25.51,3.37,06:09:00,18:28:00
4667,1473720623,9/12/2016 12:00:00 AM,12:50:23,155.49,61.0,30.49,85.0,43.21,9.0,06:09:00,18:28:00
4668,1473720323,9/12/2016 12:00:00 AM,12:45:23,235.73,61.0,30.49,85.0,25.01,2.25,06:09:00,18:28:00
4669,1473720022,9/12/2016 12:00:00 AM,12:40:22,108.19,61.0,30.49,85.0,349.15,4.5,06:09:00,18:28:00
4670,1473719421,9/12/2016 12:00:00 AM,12:30:21,181.51,61.0,30.5,84.0,5.5,6.75,06:09:00,18:28:00
4671,1473719119,9/12/2016 12:00:00 AM,12:25:19,185.47,62.0,30.5,84.0,15.44,9.0,06:09:00,18:28:00
4672,1473718823,9/12/2016 12:00:00 AM,12:20:23,158.03,62.0,30.5,82.0,8.41,5.62,06:09:00,18:28:00
4673,1473718522,9/12/2016 12:00:00 AM,12:15:22,226.85,63.0,30.51,78.0,6.22,10.12,06:09:00,18:28:00
4674,1473718222,9/12/2016 12:00:00 AM,12:10:22,160.85,63.0,30.5,78.0,273.73,7.87,06:09:00,18:28:00
4675,1473717918,9/12/2016 12:00:00 AM,12:05:18,183.35,63.0,30.5,78.0,337.23,1.12,06:09:00,18:28:00
4676,1473717623,9/12/2016 12:00:00 AM,12:00:23,162.62,63.0,30.5,77.0,1.14,4.5,06:09:00,18:28:00
4677,1473717323,9/12/2016 12:00:00 AM,11:55:23,1359.79,63.0,30.5,77.0,54.71,6.75,06:09:00,18:28:00
4678,1473717022,9/12/2016 12:00:00 AM,11:50:22,176.88,64.0,30.51,77.0,21.69,11.25,06:09:00,18:28:00
4679,1473716719,9/12/2016 12:00:00 AM,11:45:19,244.68,65.0,30.51,74.0,114.05,2.25,06:09:00,18:28:00
4680,1473716419,9/12/2016 12:00:00 AM,11:40:19,477.05,64.0,30.51,74.83719267708949,281.21,4.5,06:09:00,18:28:00
4681,1473716123,9/12/2016 12:00:00 AM,11:35:23,312.86,65.0,30.52,72.0,351.86,6.75,06:09:00,18:28:00
4682,1473715819,9/12/2016 12:00:00 AM,11:30:19,435.61,65.0,30.51,70.0,6.16,5.62,06:09:00,18:28:00
4683,1473715520,9/12/2016 12:00:00 AM,11:25:20,408.61,65.0,30.51,71.0,297.0,10.12,06:09:00,18:28:00
4684,1473715220,9/12/2016 12:00:00 AM,11:20:20,956.25,65.0,30.52,66.0,319.11,6.75,06:09:00,18:28:00
4685,1473714918,9/12/2016 12:00:00 AM,11:15:18,258.79,65.0,30.52,66.0,357.2,9.0,06:09:00,18:28:00
4686,1473714621,9/12/2016 12:00:00 AM,11:10:21,195.46,66.0,30.52,65.0,351.07,7.87,06:09:00,18:28:00
4687,1473714321,9/12/2016 12:00:00 AM,11:05:21,410.96,66.0,30.52,66.0,350.2,5.62,06:09:00,18:28:00
4688,1473714020,9/12/2016 12:00:00 AM,11:00:20,674.36,65.0,30.52,56.0,337.17,1.12,06:09:00,18:28:00
4689,1473713722,9/12/2016 12:00:00 AM,10:55:22,1180.9,65.0,30.52,56.0,9.22,9.0,06:09:00,18:28:00
4690,1473713419,9/12/2016 12:00:00 AM,10:50:19,247.18,66.0,30.52,54.0,1.44,9.0,06:09:00,18:28:00
4691,1473713125,9/12/2016 12:00:00 AM,10:45:25,1057.64,66.0,30.52,55.0,47.52,2.25,06:09:00,18:28:00
4692,1473712820,9/12/2016 12:00:00 AM,10:40:20,986.54,65.0,30.52,58.0,1.87,4.5,06:09:00,18:28:00
4693,1473712518,9/12/2016 12:00:00 AM,10:35:18,977.1,65.0,30.52,58.0,7.76,7.87,06:09:00,18:28:00
4694,1473712223,9/12/2016 12:00:00 AM,10:30:23,941.88,65.0,30.53,57.0,8.3,9.0,06:09:00,18:28:00
4695,1473711921,9/12/2016 12:00:00 AM,10:25:21,924.57,65.0,30.52,55.0,1.65,4.5,06:09:00,18:28:00
4696,1473711623,9/12/2016 12:00:00 AM,10:20:23,914.39,64.0,30.52,56.0,263.71,4.5,06:09:00,18:28:00
4697,1473711319,9/12/2016 12:00:00 AM,10:15:19,898.98,64.0,30.52,57.0,32.85,5.62,06:09:00,18:28:00
4698,1473711024,9/12/2016 12:00:00 AM,10:10:24,886.67,64.0,30.52,57.0,51.59,4.5,06:09:00,18:28:00
4699,1473710725,9/12/2016 12:00:00 AM,10:05:25,874.45,64.0,30.52,58.0,22.08,9.0,06:09:00,18:28:00
4700,1473710424,9/12/2016 12:00:00 AM,10:00:24,858.22,63.0,30.52,59.0,357.97,4.5,06:09:00,18:28:00
4701,1473710119,9/12/2016 12:00:00 AM,09:55:19,844.41,63.0,30.52,59.0,76.79,2.25,06:09:00,18:28:00
4702,1473709820,9/12/2016 12:00:00 AM,09:50:20,830.85,63.0,30.52,59.0,16.12,6.229096658193317,06:09:00,18:28:00
4703,1473709520,9/12/2016 12:00:00 AM,09:45:20,818.25,62.0,30.52,59.0,34.69,6.75,06:09:00,18:28:00
4704,1473709220,9/12/2016 12:00:00 AM,09:40:20,801.76,62.0,30.52,59.0,41.48,4.5,06:09:00,18:28:00
4705,1473708920,9/12/2016 12:00:00 AM,09:35:20,789.5,62.0,30.52,61.0,16.2,10.12,06:09:00,18:28:00
4706,1473708622,9/12/2016 12:00:00 AM,09:30:22,771.49,62.0,30.52,61.0,335.43,7.87,06:09:00,18:28:00
4707,1473708319,9/12/2016 12:00:00 AM,09:25:19,754.1,62.0,30.52,62.0,354.41,1.12,06:09:00,18:28:00
4708,1473708020,9/12/2016 12:00:00 AM,09:20:20,738.71,61.0,30.52,63.0,32.52,5.62,06:09:00,18:28:00
4709,1473707722,9/12/2016 12:00:00 AM,09:15:22,723.91,61.0,30.51,64.0,358.98,3.37,06:09:00,18:28:00
4710,1473707423,9/12/2016 12:00:00 AM,09:10:23,706.4,61.0,30.51,65.0,52.03,1.12,06:09:00,18:28:00
4711,1473707122,9/12/2016 12:00:00 AM,09:05:22,689.99,60.0,30.52,66.0,335.58,5.62,06:09:00,18:28:00
4712,1473706822,9/12/2016 12:00:00 AM,09:00:22,668.68,60.0,30.51,67.0,39.8,3.37,06:09:00,18:28:00
4713,1473706523,9/12/2016 12:00:00 AM,08:55:23,648.95,60.0,30.51,66.0,335.57,4.5,06:09:00,18:28:00
4714,1473706220,9/12/2016 12:00:00 AM,08:50:20,632.99,60.0,30.51,68.0,48.72,3.37,06:09:00,18:28:00
4715,1473705923,9/12/2016 12:00:00 AM,08:45:23,614.57,60.0,30.51,68.0,335.49,4.5,06:09:00,18:28:00
4716,1473705619,9/12/2016 12:00:00 AM,08:40:19,594.34,59.0,30.51,69.0,63.04,2.25,06:09:00,18:28:00
4717,1473705318,9/12/2016 12:00:00 AM,08:35:18,574.41,58.0,30.51,71.0,24.35,3.37,06:09:00,18:28:00
4718,1473705018,9/12/2016 12:00:00 AM,08:30:18,555.64,58.0,30.51,69.0,19.01,2.25,06:09:00,18:28:00
4719,1473704419,9/12/2016 12:00:00 AM,08:20:19,515.95,58.0,30.51,70.0,2.0,3.37,06:09:00,18:28:00
4720,1473704121,9/12/2016 12:00:00 AM,08:15:21,495.0,58.0,30.51,68.0,26.43,2.25,06:09:00,18:28:00
4721,1473703818,9/12/2016 12:00:00 AM,08:10:18,473.84,59.0,30.51,63.0,3.08,5.62,06:09:00,18:28:00
4722,1473703521,9/12/2016 12:00:00 AM,08:05:21,454.42,60.0,30.5,61.0,335.78,4.5,06:09:00,18:28:00
4723,1473703219,9/12/2016 12:00:00 AM,08:00:19,433.58,60.0,30.5,61.0,14.27,3.37,06:09:00,18:28:00
4724,1473702924,9/12/2016 12:00:00 AM,07:55:24,415.29,60.0,30.5,57.0,76.44,4.5,06:09:00,18:28:00
4725,1473702621,9/12/2016 12:00:00 AM,07:50:21,390.7,59.0,30.5,59.0,109.18,2.25,06:09:00,18:28:00
4726,1473702321,9/12/2016 12:00:00 AM,07:45:21,372.75,58.0,30.5,60.0,134.93,2.25,06:09:00,18:28:00
4727,1473702019,9/12/2016 12:00:00 AM,07:40:19,351.42,57.0,30.5,63.0,150.45,2.25,06:09:00,18:28:00
4728,1473701721,9/12/2016 12:00:00 AM,07:35:21,327.45,55.0,30.5,65.0,151.63,2.25,06:09:00,18:28:00
4729,1473701419,9/12/2016 12:00:00 AM,07:30:19,308.85,53.0,30.5,68.0,153.25,1.12,06:09:00,18:28:00
4730,1473701120,9/12/2016 12:00:00 AM,07:25:20,284.28,52.0,30.5,74.0,153.26,1.12,06:09:00,18:28:00
4731,1473700820,9/12/2016 12:00:00 AM,07:20:20,259.02,50.0,30.5,77.0,150.3,3.37,06:09:00,18:28:00
4732,1473700519,9/12/2016 12:00:00 AM,07:15:19,233.35,49.0,30.49,78.0,160.14,3.37,06:09:00,18:28:00
4733,1473700222,9/12/2016 12:00:00 AM,07:10:22,214.86,48.0,30.49,77.0,174.56,5.62,06:09:00,18:28:00
4734,1473699918,9/12/2016 12:00:00 AM,07:05:18,171.88,48.0,30.49,75.0,167.3,4.5,06:09:00,18:28:00
4735,1473699621,9/12/2016 12:00:00 AM,07:00:21,47.51,47.0,30.49,75.0,169.85,3.37,06:09:00,18:28:00
4736,1473699324,9/12/2016 12:00:00 AM,06:55:24,31.69,47.0,30.49,76.0,175.47,6.229096658193317,06:09:00,18:28:00
4737,1473699024,9/12/2016 12:00:00 AM,06:50:24,30.5,47.0,30.48,75.0,173.66,3.37,06:09:00,18:28:00
4738,1473698721,9/12/2016 12:00:00 AM,06:45:21,30.27,46.0,30.48,72.0,166.97,5.62,06:09:00,18:28:00
4739,1473698419,9/12/2016 12:00:00 AM,06:40:19,26.9,46.0,30.48,73.0,166.41,5.62,06:09:00,18:28:00
4740,1473698119,9/12/2016 12:00:00 AM,06:35:19,23.87,45.0,30.48,75.0,183.84,6.75,06:09:00,18:28:00
4741,1473697819,9/12/2016 12:00:00 AM,06:30:19,21.66,45.0,30.48,74.0,176.32,4.5,06:09:00,18:28:00
4742,1473697520,9/12/2016 12:00:00 AM,06:25:20,18.75,45.0,30.48,74.0,170.18,5.62,06:09:00,18:28:00
4743,1473697221,9/12/2016 12:00:00 AM,06:20:21,14.33,46.0,30.48,72.0,168.6,5.62,06:09:00,18:28:00
4744,1473696923,9/12/2016 12:00:00 AM,06:15:23,9.81,46.0,30.48,72.0,170.36,4.5,06:09:00,18:28:00
4745,1473696623,9/12/2016 12:00:00 AM,06:10:23,6.63,46.0,30.48,71.0,169.81,4.5,06:09:00,18:28:00
4746,1473696323,9/12/2016 12:00:00 AM,06:05:23,5.22,46.0,30.48,71.0,170.14,4.5,06:09:00,18:28:00
4747,1473696021,9/12/2016 12:00:00 AM,06:00:21,3.92,46.0,30.48,71.0,167.15,3.37,06:09:00,18:28:00
4748,1473695723,9/12/2016 12:00:00 AM,05:55:23,1.88,46.0,30.48,72.0,166.43,2.25,06:09:00,18:28:00
4749,1473695421,9/12/2016 12:00:00 AM,05:50:21,1.78,46.0,30.48,71.0,178.41,4.5,06:09:00,18:28:00
4750,1473695119,9/12/2016 12:00:00 AM,05:45:19,1.82,46.0,30.48,71.0,162.53,4.5,06:09:00,18:28:00
4751,1473694819,9/12/2016 12:00:00 AM,05:40:19,1.73,46.0,30.48,72.0,174.09,4.5,06:09:00,18:28:00
4752,1473694518,9/12/2016 12:00:00 AM,05:35:18,2.03,46.0,30.48,70.0,170.81,2.25,06:09:00,18:28:00
4753,1473694219,9/12/2016 12:00:00 AM,05:30:19,1.85,46.0,30.48,71.0,176.38,3.37,06:09:00,18:28:00
4754,1473693922,9/12/2016 12:00:00 AM,05:25:22,1.88,46.0,30.48,70.0,188.38,7.87,06:09:00,18:28:00
4755,1473693620,9/12/2016 12:00:00 AM,05:20:20,2.08,46.0,30.47,72.0,193.09,9.0,06:09:00,18:28:00
4756,1473693320,9/12/2016 12:00:00 AM,05:15:20,1.72,45.0,30.47,73.0,200.31,7.87,06:09:00,18:28:00
4757,1473693018,9/12/2016 12:00:00 AM,05:10:18,1.96,45.0,30.47,75.0,204.19,6.75,06:09:00,18:28:00
4758,1473692727,9/12/2016 12:00:00 AM,05:05:27,1.91,45.0,30.47,76.0,195.24,6.75,06:09:00,18:28:00
4759,1473692422,9/12/2016 12:00:00 AM,05:00:22,2.14,45.0,30.47,79.0,199.7,6.75,06:09:00,18:28:00
4760,1473692119,9/12/2016 12:00:00 AM,04:55:19,2.2,45.0,30.47,80.0,197.36,4.5,06:09:00,18:28:00
4761,1473691822,9/12/2016 12:00:00 AM,04:50:22,2.38,45.0,30.47,77.0,200.99,5.62,06:09:00,18:28:00
4762,1473691521,9/12/2016 12:00:00 AM,04:45:21,2.37,45.0,30.47,79.0,180.54,4.5,06:09:00,18:28:00
4763,1473691222,9/12/2016 12:00:00 AM,04:40:22,2.08,45.0,30.47,83.0,189.54,6.75,06:09:00,18:28:00
4764,1473690925,9/12/2016 12:00:00 AM,04:35:25,2.17,45.0,30.47,82.0,186.68,4.5,06:09:00,18:28:00
4765,1473690624,9/12/2016 12:00:00 AM,04:30:24,2.01,45.0,30.47,86.0,188.44,4.5,06:09:00,18:28:00
4766,1473690319,9/12/2016 12:00:00 AM,04:25:19,2.06,45.0,30.47,85.0,188.92,5.62,06:09:00,18:28:00
4767,1473690026,9/12/2016 12:00:00 AM,04:20:26,1.94,45.0,30.47,86.0,189.27,4.5,06:09:00,18:28:00
4768,1473689723,9/12/2016 12:00:00 AM,04:15:23,2.05,45.0,30.47,83.0,194.39,5.62,06:09:00,18:28:00
4769,1473689419,9/12/2016 12:00:00 AM,04:10:19,1.84,45.0,30.47,82.0,192.17,5.62,06:09:00,18:28:00
4770,1473689126,9/12/2016 12:00:00 AM,04:05:26,1.96,45.0,30.47,86.0,190.77,6.75,06:09:00,18:28:00
4771,1473688824,9/12/2016 12:00:00 AM,04:00:24,1.96,45.0,30.46,84.0,185.34,4.5,06:09:00,18:28:00
4772,1473688520,9/12/2016 12:00:00 AM,03:55:20,2.06,45.0,30.46,88.0,180.24,4.5,06:09:00,18:28:00
4773,1473688219,9/12/2016 12:00:00 AM,03:50:19,2.07,45.0,30.46,88.0,177.46,5.62,06:09:00,18:28:00
4774,1473687922,9/12/2016 12:00:00 AM,03:45:22,1.99,45.0,30.47,89.0,183.03,4.5,06:09:00,18:28:00
4775,1473687622,9/12/2016 12:00:00 AM,03:40:22,1.92,45.0,30.46,90.0,181.0,4.5,06:09:00,18:28:00
4776,1473687321,9/12/2016 12:00:00 AM,03:35:21,1.8,45.0,30.47,91.0,143.54770303349548,5.62,06:09:00,18:28:00
4777,1473687023,9/12/2016 12:00:00 AM,03:30:23,2.01,46.0,30.47,90.0,174.8,4.5,06:09:00,18:28:00
4778,1473686723,9/12/2016 12:00:00 AM,03:25:23,1.88,46.0,30.47,90.0,173.44,4.5,06:09:00,18:28:00
4779,1473686419,9/12/2016 12:00:00 AM,03:20:19,1.9,46.0,30.47,89.0,173.44,4.5,06:09:00,18:28:00
4780,1473686122,9/12/2016 12:00:00 AM,03:15:22,1.99,46.0,30.47,87.0,173.5,5.62,06:09:00,18:28:00
4781,1473685822,9/12/2016 12:00:00 AM,03:10:22,2.16,47.0,30.47,87.0,172.06,4.5,06:09:00,18:28:00
4782,1473685522,9/12/2016 12:00:00 AM,03:05:22,1.88,47.0,30.47,88.0,172.82,4.5,06:09:00,18:28:00
4783,1473685222,9/12/2016 12:00:00 AM,03:00:22,1.91,47.0,30.47,88.0,172.72,4.5,06:09:00,18:28:00
4784,1473684920,9/12/2016 12:00:00 AM,02:55:20,1.89,47.0,30.47,89.0,172.87,4.5,06:09:00,18:28:00
4785,1473684621,9/12/2016 12:00:00 AM,02:50:21,1.96,47.0,30.47,90.0,177.76,1.12,06:09:00,18:28:00
4786,1473684319,9/12/2016 12:00:00 AM,02:45:19,2.04,47.0,30.47,85.0,177.76,3.37,06:09:00,18:28:00
4787,1473684022,9/12/2016 12:00:00 AM,02:40:22,1.97,47.0,30.47,85.0,178.94,6.75,06:09:00,18:28:00
4788,1473683723,9/12/2016 12:00:00 AM,02:35:23,1.94,47.0,30.47,87.0,179.85,5.62,06:09:00,18:28:00
4789,1473683431,9/12/2016 12:00:00 AM,02:30:31,1.95,47.0,30.47,87.0,179.01,6.75,06:09:00,18:28:00
4790,1473683118,9/12/2016 12:00:00 AM,02:25:18,1.98,47.0,30.47,88.0,179.43,5.62,06:09:00,18:28:00
4791,1473682820,9/12/2016 12:00:00 AM,02:20:20,2.08,47.0,30.47,86.0,179.7,7.87,06:09:00,18:28:00
4792,1473682519,9/12/2016 12:00:00 AM,02:15:19,1.92,47.0,30.47,85.0,177.83,7.87,06:09:00,18:28:00
4793,1473682221,9/12/2016 12:00:00 AM,02:10:21,2.05,47.0,30.47,86.0,172.82,7.87,06:09:00,18:28:00
4794,1473681925,9/12/2016 12:00:00 AM,02:05:25,2.1,47.0,30.47,88.0,180.55,7.87,06:09:00,18:28:00
4795,1473681620,9/12/2016 12:00:00 AM,02:00:20,1.95,47.0,30.47,90.0,177.77,7.87,06:09:00,18:28:00
4796,1473681318,9/12/2016 12:00:00 AM,01:55:18,1.92,47.0,30.48,92.0,177.64,6.75,06:09:00,18:28:00
4797,1473681022,9/12/2016 12:00:00 AM,01:50:22,2.03,47.0,30.48,94.0,182.37,5.62,06:09:00,18:28:00
4798,1473680722,9/12/2016 12:00:00 AM,01:45:22,1.92,46.0,30.48,93.0,179.51,6.75,06:09:00,18:28:00
4799,1473680425,9/12/2016 12:00:00 AM,01:40:25,1.93,46.0,30.48,93.0,185.75,6.75,06:09:00,18:28:00
4800,1473680128,9/12/2016 12:00:00 AM,01:35:28,1.87,46.0,30.48,92.0,191.6,3.37,06:09:00,18:28:00
4801,1473679824,9/12/2016 12:00:00 AM,01:30:24,1.99,46.0,30.48,92.0,191.59,4.5,06:09:00,18:28:00
4802,1473679524,9/12/2016 12:00:00 AM,01:25:24,2.03,46.0,30.48,91.0,191.59,3.37,06:09:00,18:28:00
4803,1473679222,9/12/2016 12:00:00 AM,01:20:22,1.87,46.0,30.49,89.0,191.6,4.5,06:09:00,18:28:00
4804,1473678920,9/12/2016 12:00:00 AM,01:15:20,2.11,46.0,30.48,89.0,191.59,5.62,06:09:00,18:28:00
4805,1473678623,9/12/2016 12:00:00 AM,01:10:23,2.07,46.0,30.49,88.0,191.58,3.37,06:09:00,18:28:00
4806,1473678324,9/12/2016 12:00:00 AM,01:05:24,2.02,46.0,30.49,89.0,191.59,5.62,06:09:00,18:28:00
4807,1473678029,9/12/2016 12:00:00 AM,01:00:29,1.98,46.0,30.49,89.0,191.87,5.62,06:09:00,18:28:00
4808,1473677718,9/12/2016 12:00:00 AM,00:55:18,2.06,46.0,30.49,91.0,190.36,6.75,06:09:00,18:28:00
4809,1473677428,9/12/2016 12:00:00 AM,00:50:28,2.29,47.0,30.49,92.0,176.41,3.37,06:09:00,18:28:00
4810,1473677125,9/12/2016 12:00:00 AM,00:45:25,1.87,47.0,30.49,93.0,174.08,4.5,06:09:00,18:28:00
4811,1473676525,9/12/2016 12:00:00 AM,00:35:25,2.09,47.0,30.49,93.0,174.93,3.37,06:09:00,18:28:00
4812,1473676221,9/12/2016 12:00:00 AM,00:30:21,2.21,47.0,30.49,95.0,170.63,4.5,06:09:00,18:28:00
4813,1473675922,9/12/2016 12:00:00 AM,00:25:22,2.56,47.0,30.5,95.0,170.62,3.37,06:09:00,18:28:00
4814,1473675622,9/12/2016 12:00:00 AM,00:20:22,2.46,47.0,30.5,95.0,170.63,2.25,06:09:00,18:28:00
4815,1473674721,9/12/2016 12:00:00 AM,00:05:21,2.2,48.0,30.5,94.0,170.67,2.25,06:09:00,18:28:00
4816,1473674418,9/12/2016 12:00:00 AM,00:00:18,2.07,48.0,30.5,94.0,170.66,2.25,06:09:00,18:28:00
4817,1473674124,9/11/2016 12:00:00 AM,23:55:24,2.15,48.0,30.5,95.0,170.67,3.37,06:09:00,18:29:00
4818,1473673820,9/11/2016 12:00:00 AM,23:50:20,2.14,48.0,30.5,95.0,170.55,3.37,06:09:00,18:29:00
4819,1473673523,9/11/2016 12:00:00 AM,23:45:23,2.1,48.0,30.5,95.0,175.95,3.37,06:09:00,18:29:00
4820,1473673224,9/11/2016 12:00:00 AM,23:40:24,2.12,48.0,30.5,96.0,175.97,3.37,06:09:00,18:29:00
4821,1473672923,9/11/2016 12:00:00 AM,23:35:23,2.4,49.0,30.5,97.0,180.35,3.37,06:09:00,18:29:00
4822,1473672619,9/11/2016 12:00:00 AM,23:30:19,2.38,49.0,30.51,98.0,180.83,3.37,06:09:00,18:29:00
4823,1473672324,9/11/2016 12:00:00 AM,23:25:24,2.16,49.0,30.51,98.0,180.83,4.5,06:09:00,18:29:00
4824,1473672022,9/11/2016 12:00:00 AM,23:20:22,2.16,49.0,30.51,98.0,179.51,5.62,06:09:00,18:29:00
4825,1473671719,9/11/2016 12:00:00 AM,23:15:19,2.75,49.0,30.51,99.0,173.23,4.5,06:09:00,18:29:00
4826,1473671421,9/11/2016 12:00:00 AM,23:10:21,2.45,49.0,30.51,98.0,173.01,4.5,06:09:00,18:29:00
4827,1473671119,9/11/2016 12:00:00 AM,23:05:19,2.37,49.0,30.51,98.0,172.14,4.5,06:09:00,18:29:00
4828,1473670824,9/11/2016 12:00:00 AM,23:00:24,2.35,49.0,30.51,98.0,170.56,4.5,06:09:00,18:29:00
4829,1473670523,9/11/2016 12:00:00 AM,22:55:23,2.34,50.0,30.51,98.0,170.54,2.25,06:09:00,18:29:00
4830,1473670218,9/11/2016 12:00:00 AM,22:50:18,2.17,50.0,30.51,98.0,170.53,2.25,06:09:00,18:29:00
4831,1473669918,9/11/2016 12:00:00 AM,22:45:18,2.3,50.0,30.51,98.0,170.53,1.12,06:09:00,18:29:00
4832,1473669620,9/11/2016 12:00:00 AM,22:40:20,2.37,49.0,30.51,97.0,170.53,1.12,06:09:00,18:29:00
4833,1473669324,9/11/2016 12:00:00 AM,22:35:24,2.44,50.0,30.51,97.0,170.53,3.37,06:09:00,18:29:00
4834,1473669020,9/11/2016 12:00:00 AM,22:30:20,2.38,50.0,30.51,97.0,170.72,2.25,06:09:00,18:29:00
4835,1473668725,9/11/2016 12:00:00 AM,22:25:25,2.57,50.0,30.51,98.0,170.38,2.25,06:09:00,18:29:00
4836,1473668420,9/11/2016 12:00:00 AM,22:20:20,2.36,50.0,30.51,98.0,169.52,3.37,06:09:00,18:29:00
4837,1473668119,9/11/2016 12:00:00 AM,22:15:19,2.54,50.0,30.51,99.0,165.52,3.37,06:09:00,18:29:00
4838,1473667822,9/11/2016 12:00:00 AM,22:10:22,2.74,50.0,30.51,99.0,171.24,3.37,06:09:00,18:29:00
4839,1473667521,9/11/2016 12:00:00 AM,22:05:21,2.44,50.0,30.51,99.0,180.15,3.37,06:09:00,18:29:00
4840,1473667221,9/11/2016 12:00:00 AM,22:00:21,2.46,50.0,30.51,99.0,180.18,3.37,06:09:00,18:29:00
4841,1473666919,9/11/2016 12:00:00 AM,21:55:19,2.21,51.0,30.51,99.0,180.26,2.25,06:09:00,18:29:00
4842,1473666620,9/11/2016 12:00:00 AM,21:50:20,2.51,51.0,30.51,99.0,180.25,2.25,06:09:00,18:29:00
4843,1473666324,9/11/2016 12:00:00 AM,21:45:24,2.28,52.0,30.51,99.0,180.26,3.37,06:09:00,18:29:00
4844,1473666021,9/11/2016 12:00:00 AM,21:40:21,2.23,52.0,30.51,99.0,180.26,1.12,06:09:00,18:29:00
4845,1473665724,9/11/2016 12:00:00 AM,21:35:24,2.22,52.0,30.423028000868246,99.0,180.25,3.37,06:09:00,18:29:00
4846,1473665418,9/11/2016 12:00:00 AM,21:30:18,2.42,53.0,30.51,100.0,185.54,4.5,06:09:00,18:29:00
4847,1473665119,9/11/2016 12:00:00 AM,21:25:19,2.33,53.0,30.51,100.0,171.57,4.5,06:09:00,18:29:00
4848,1473664822,9/11/2016 12:00:00 AM,21:20:22,2.52,53.0,30.51,100.0,171.55,2.25,06:09:00,18:29:00
4849,1473664525,9/11/2016 12:00:00 AM,21:15:25,2.71,53.0,30.51,100.0,171.55,2.25,06:09:00,18:29:00
4850,1473664221,9/11/2016 12:00:00 AM,21:10:21,2.5,53.0,30.51,100.0,133.59,1.12,06:09:00,18:29:00
4851,1473663922,9/11/2016 12:00:00 AM,21:05:22,2.86,51.16507236474315,30.51,100.0,131.52,2.25,06:09:00,18:29:00
4852,1473663619,9/11/2016 12:00:00 AM,21:00:19,2.97,53.0,30.51,100.0,130.31,0.0,06:09:00,18:29:00
4853,1473663321,9/11/2016 12:00:00 AM,20:55:21,2.12,53.0,30.51,99.0,130.1,0.0,06:09:00,18:29:00
4854,1473663023,9/11/2016 12:00:00 AM,20:50:23,2.06,53.0,30.51,99.0,130.09,0.0,06:09:00,18:29:00
4855,1473662719,9/11/2016 12:00:00 AM,20:45:19,1.72,53.0,30.5,99.0,130.04,0.0,06:09:00,18:29:00
4856,1473662423,9/11/2016 12:00:00 AM,20:40:23,2.15,53.0,30.5,99.0,130.13,1.12,06:09:00,18:29:00
4857,1473662122,9/11/2016 12:00:00 AM,20:35:22,2.21,53.0,30.5,99.0,130.15,0.0,06:09:00,18:29:00
4858,1473661820,9/11/2016 12:00:00 AM,20:30:20,1.83,52.0,30.5,98.0,130.07,2.25,06:09:00,18:29:00
4859,1473661520,9/11/2016 12:00:00 AM,20:25:20,1.93,52.0,30.5,96.0,151.71,2.25,06:09:00,18:29:00
4860,1473661223,9/11/2016 12:00:00 AM,20:20:23,1.72,52.0,30.5,94.0,154.18,2.25,06:09:00,18:29:00
4861,1473660924,9/11/2016 12:00:00 AM,20:15:24,1.88,52.0,30.5,94.0,131.73,3.37,06:09:00,18:29:00
4862,1473660618,9/11/2016 12:00:00 AM,20:10:18,1.64,52.0,30.5,94.0,59.12,1.12,06:09:00,18:29:00
4863,1473660325,9/11/2016 12:00:00 AM,20:05:25,2.5,53.0,30.423028000868246,94.0,59.61,1.12,06:09:00,18:29:00
4864,1473660021,9/11/2016 12:00:00 AM,20:00:21,2.17,53.0,30.49,93.0,59.49,1.12,06:09:00,18:29:00
4865,1473659718,9/11/2016 12:00:00 AM,19:55:18,2.65,53.0,30.49,93.0,59.63,2.25,06:09:00,18:29:00
4866,1473659421,9/11/2016 12:00:00 AM,19:50:21,2.27,54.0,30.49,93.0,59.4,2.25,06:09:00,18:29:00
4867,1473659122,9/11/2016 12:00:00 AM,19:45:22,2.81,54.0,30.49,93.0,59.63,0.0,06:09:00,18:29:00
4868,1473658823,9/11/2016 12:00:00 AM,19:40:23,3.21,54.0,30.49,92.0,59.85,1.12,06:09:00,18:29:00
4869,1473658520,9/11/2016 12:00:00 AM,19:35:20,1.92,54.0,30.49,91.0,59.19,0.0,06:09:00,18:29:00
4870,1473658220,9/11/2016 12:00:00 AM,19:30:20,2.01,55.0,30.49,93.0,59.26,0.0,06:09:00,18:29:00
4871,1473657919,9/11/2016 12:00:00 AM,19:25:19,1.7,55.0,30.49,92.0,59.09,0.0,06:09:00,18:29:00
4872,1473657622,9/11/2016 12:00:00 AM,19:20:22,1.89,55.0,30.48,92.0,59.16,0.0,06:09:00,18:29:00
4873,1473657324,9/11/2016 12:00:00 AM,19:15:24,1.66,55.0,30.49,90.0,59.05,0.0,06:09:00,18:29:00
4874,1473657020,9/11/2016 12:00:00 AM,19:10:20,1.68,56.0,30.48,90.0,59.05,0.0,06:09:00,18:29:00
4875,1473656724,9/11/2016 12:00:00 AM,19:05:24,1.89,56.0,30.48,91.0,59.12,2.25,06:09:00,18:29:00
4876,1473656420,9/11/2016 12:00:00 AM,19:00:20,1.68,56.0,30.48,92.0,53.37,6.229096658193317,06:09:00,18:29:00
4877,1473656119,9/11/2016 12:00:00 AM,18:55:19,1.88,56.0,30.48,92.0,53.48,1.12,06:09:00,18:29:00
4878,1473655822,9/11/2016 12:00:00 AM,18:50:22,2.0,56.0,30.48,93.0,53.54,0.0,06:09:00,18:29:00
4879,1473655522,9/11/2016 12:00:00 AM,18:45:22,1.98,56.0,30.48,95.0,60.38,0.0,06:09:00,18:29:00
4880,1473655220,9/11/2016 12:00:00 AM,18:40:20,1.71,56.0,30.48,96.0,116.57,1.12,06:09:00,18:29:00
4881,1473654920,9/11/2016 12:00:00 AM,18:35:20,2.18,56.0,30.48,97.0,123.36,2.25,06:09:00,18:29:00
4882,1473654621,9/11/2016 12:00:00 AM,18:30:21,3.7,56.0,30.48,98.0,119.56,3.37,06:09:00,18:29:00
4883,1473654318,9/11/2016 12:00:00 AM,18:25:18,5.89,56.0,30.47,98.0,130.95,2.25,06:09:00,18:29:00
4884,1473654018,9/11/2016 12:00:00 AM,18:20:18,8.87,56.0,30.47,99.0,90.32,2.25,06:09:00,18:29:00
4885,1473653723,9/11/2016 12:00:00 AM,18:15:23,12.21,56.0,30.47,99.0,110.17,4.5,06:09:00,18:29:00
4886,1473653422,9/11/2016 12:00:00 AM,18:10:22,19.94,55.0,30.47,99.0,122.08,4.5,06:09:00,18:29:00
4887,1473653121,9/11/2016 12:00:00 AM,18:05:21,25.66,56.0,30.47,100.0,70.45,0.0,06:09:00,18:29:00
4888,1473652822,9/11/2016 12:00:00 AM,18:00:22,30.5,56.0,30.46,100.0,62.03,2.25,06:09:00,18:29:00
4889,1473652522,9/11/2016 12:00:00 AM,17:55:22,22.37,56.0,30.47,100.0,52.62,5.62,06:09:00,18:29:00
4890,1473652220,9/11/2016 12:00:00 AM,17:50:20,40.66,56.0,30.46,100.0,27.78,2.25,06:09:00,18:29:00
4891,1473651919,9/11/2016 12:00:00 AM,17:45:19,60.81,56.0,30.46,100.0,18.61,2.25,06:09:00,18:29:00
4892,1473651622,9/11/2016 12:00:00 AM,17:40:22,46.75,55.0,30.46,100.0,38.13,1.12,06:09:00,18:29:00
4893,1473651321,9/11/2016 12:00:00 AM,17:35:21,33.89,56.0,30.46,100.0,7.4,3.37,06:09:00,18:29:00
4894,1473651019,9/11/2016 12:00:00 AM,17:30:19,50.28,56.0,30.46,100.0,49.36,2.25,06:09:00,18:29:00
4895,1473650724,9/11/2016 12:00:00 AM,17:25:24,48.32,56.0,30.46,100.0,58.33,3.37,06:09:00,18:29:00
4896,1473650423,9/11/2016 12:00:00 AM,17:20:23,130.6,56.0,30.46,100.0,48.87,3.37,06:09:00,18:29:00
4897,1473650123,9/11/2016 12:00:00 AM,17:15:23,98.47,56.0,30.46,100.0,60.43,2.25,06:09:00,18:29:00
4898,1473649819,9/11/2016 12:00:00 AM,17:10:19,55.33,56.0,30.46,100.0,59.06,3.37,06:09:00,18:29:00
4899,1473649522,9/11/2016 12:00:00 AM,17:05:22,61.26,56.0,30.46,99.0,66.67,1.12,06:09:00,18:29:00
4900,1473649219,9/11/2016 12:00:00 AM,17:00:19,171.07,56.0,30.45,99.0,90.93,3.37,06:09:00,18:29:00
4901,1473648919,9/11/2016 12:00:00 AM,16:55:19,46.2,56.0,30.46,99.0,30.52,2.25,06:09:00,18:29:00
4902,1473648622,9/11/2016 12:00:00 AM,16:50:22,61.85,56.0,30.46,99.0,11.22,0.0,06:09:00,18:29:00
4903,1473648322,9/11/2016 12:00:00 AM,16:45:22,44.23,56.0,30.46,98.0,14.69,3.37,06:09:00,18:29:00
4904,1473648019,9/11/2016 12:00:00 AM,16:40:19,37.37,57.0,30.46,98.0,5.4,3.37,06:09:00,18:29:00
4905,1473647720,9/11/2016 12:00:00 AM,16:35:20,65.84,57.0,30.46,97.0,39.72,4.5,06:09:00,18:29:00
4906,1473647421,9/11/2016 12:00:00 AM,16:30:21,89.64,57.0,30.46,96.0,44.27,2.25,06:09:00,18:29:00
4907,1473647120,9/11/2016 12:00:00 AM,16:25:20,165.77,57.0,30.46,95.0,33.88,2.25,06:09:00,18:29:00
4908,1473646825,9/11/2016 12:00:00 AM,16:20:25,136.57,58.0,30.45,95.0,65.94,2.25,06:09:00,18:29:00
4909,1473646522,9/11/2016 12:00:00 AM,16:15:22,147.67,58.0,30.46,95.0,3.49,4.5,06:09:00,18:29:00
4910,1473646221,9/11/2016 12:00:00 AM,16:10:21,158.96,58.0,30.46,94.0,40.31,4.5,06:09:00,18:29:00
4911,1473645920,9/11/2016 12:00:00 AM,16:05:20,107.28,58.0,30.46,93.0,29.91,3.37,06:09:00,18:29:00
4912,1473645620,9/11/2016 12:00:00 AM,16:00:20,207.08,58.0,30.45,92.0,44.29,5.62,06:09:00,18:29:00
4913,1473645320,9/11/2016 12:00:00 AM,15:55:20,209.58,58.0,30.46,92.0,15.7,5.62,06:09:00,18:29:00
4914,1473645024,9/11/2016 12:00:00 AM,15:50:24,250.86,58.0,30.45,92.0,348.64,3.37,06:09:00,18:29:00
4915,1473644720,9/11/2016 12:00:00 AM,15:45:20,284.87,58.0,30.45,92.0,88.38,2.25,06:09:00,18:29:00
4916,1473644423,9/11/2016 12:00:00 AM,15:40:23,169.22,59.0,30.45,92.0,5.04,2.25,06:09:00,18:29:00
4917,1473644119,9/11/2016 12:00:00 AM,15:35:19,229.41,59.0,30.45,92.0,56.21,6.75,06:09:00,18:29:00
4918,1473643823,9/11/2016 12:00:00 AM,15:30:23,156.08,59.0,30.45,91.0,51.91,6.75,06:09:00,18:29:00
4919,1473643521,9/11/2016 12:00:00 AM,15:25:21,167.38,59.0,30.45,91.0,81.25,2.25,06:09:00,18:29:00
4920,1473643218,9/11/2016 12:00:00 AM,15:20:18,153.42,59.0,30.45,90.0,68.59,6.75,06:09:00,18:29:00
4921,1473642921,9/11/2016 12:00:00 AM,15:15:21,202.84,59.0,30.45,90.0,332.25,2.25,06:09:00,18:29:00
4922,1473642621,9/11/2016 12:00:00 AM,15:10:21,276.43,59.0,30.45,91.0,79.32,5.62,06:09:00,18:29:00
4923,1473642321,9/11/2016 12:00:00 AM,15:05:21,480.13,59.0,30.45,93.0,34.0,5.62,06:09:00,18:29:00
4924,1473642021,9/11/2016 12:00:00 AM,15:00:21,320.19,58.0,30.45,93.0,25.02,5.62,06:09:00,18:29:00
4925,1473641722,9/11/2016 12:00:00 AM,14:55:22,208.26,58.0,30.45,94.0,25.92,5.62,06:09:00,18:29:00
4926,1473641420,9/11/2016 12:00:00 AM,14:50:20,244.64,58.0,30.45,94.0,0.59,1.12,06:09:00,18:29:00
4927,1473641120,9/11/2016 12:00:00 AM,14:45:20,169.75,58.0,30.45,94.0,0.48,4.5,06:09:00,18:29:00
4928,1473640823,9/11/2016 12:00:00 AM,14:40:23,132.97,58.0,30.46,93.0,80.89,3.37,06:09:00,18:29:00
4929,1473640521,9/11/2016 12:00:00 AM,14:35:21,116.72,58.0,30.46,94.0,48.67,1.12,06:09:00,18:29:00
4930,1473640222,9/11/2016 12:00:00 AM,14:30:22,56.48,58.0,30.46,94.0,7.67,6.229096658193317,06:09:00,18:29:00
4931,1473639920,9/11/2016 12:00:00 AM,14:25:20,143.21,58.0,30.46,93.0,5.32,7.87,06:09:00,18:29:00
4932,1473639620,9/11/2016 12:00:00 AM,14:20:20,156.05,58.0,30.46,93.0,15.66,3.37,06:09:00,18:29:00
4933,1473639321,9/11/2016 12:00:00 AM,14:15:21,76.26,58.0,30.46,92.0,48.05,6.75,06:09:00,18:29:00
4934,1473639019,9/11/2016 12:00:00 AM,14:10:19,122.09,58.0,30.46,91.0,39.09,5.62,06:09:00,18:29:00
4935,1473638729,9/11/2016 12:00:00 AM,14:05:29,149.81,58.0,30.46,91.0,33.74,3.37,06:09:00,18:29:00
4936,1473638424,9/11/2016 12:00:00 AM,14:00:24,176.07,58.0,30.46,91.0,347.31,2.25,06:09:00,18:29:00
4937,1473638125,9/11/2016 12:00:00 AM,13:55:25,147.95,58.0,30.46,90.0,17.13,5.62,06:09:00,18:29:00
4938,1473637820,9/11/2016 12:00:00 AM,13:50:20,212.1,58.0,30.46,90.0,22.6,6.75,06:09:00,18:29:00
4939,1473637521,9/11/2016 12:00:00 AM,13:45:21,143.36,58.0,30.423028000868246,90.0,7.57,1.12,06:09:00,18:29:00
4940,1473637221,9/11/2016 12:00:00 AM,13:40:21,87.75,59.0,30.46,89.0,36.87,6.75,06:09:00,18:29:00
4941,1473636921,9/11/2016 12:00:00 AM,13:35:21,100.11,59.0,30.47,89.0,39.35,6.75,06:09:00,18:29:00
4942,1473636621,9/11/2016 12:00:00 AM,13:30:21,188.83,59.0,30.47,88.0,32.46,3.37,06:09:00,18:29:00
4943,1473636318,9/11/2016 12:00:00 AM,13:25:18,203.33,59.0,30.47,87.0,40.68,4.5,06:09:00,18:29:00
4944,1473636019,9/11/2016 12:00:00 AM,13:20:19,162.07,59.0,30.47,87.0,91.09,6.75,06:09:00,18:29:00
4945,1473635724,9/11/2016 12:00:00 AM,13:15:24,165.91,59.0,30.47,87.0,45.83,12.37,06:09:00,18:29:00
4946,1473635422,9/11/2016 12:00:00 AM,13:10:22,207.76,60.0,30.47,87.0,48.62,5.62,06:09:00,18:29:00
4947,1473635122,9/11/2016 12:00:00 AM,13:05:22,191.61,60.0,30.47,85.0,47.87,5.62,06:09:00,18:29:00
4948,1473634825,9/11/2016 12:00:00 AM,13:00:25,238.33,61.0,30.47,82.0,332.88,4.5,06:09:00,18:29:00
4949,1473634518,9/11/2016 12:00:00 AM,12:55:18,250.93,61.0,30.47,82.0,48.39,9.0,06:09:00,18:29:00
4950,1473634222,9/11/2016 12:00:00 AM,12:50:22,299.31,61.0,30.47,74.83719267708949,58.2,7.87,06:09:00,18:29:00
4951,1473633918,9/11/2016 12:00:00 AM,12:45:18,408.95,62.0,30.47,80.0,12.37,7.87,06:09:00,18:29:00
4952,1473633620,9/11/2016 12:00:00 AM,12:40:20,508.18,61.0,30.47,80.0,39.73,2.25,06:09:00,18:29:00
4953,1473633318,9/11/2016 12:00:00 AM,12:35:18,484.36,61.0,30.48,81.0,60.29,7.87,06:09:00,18:29:00
4954,1473633026,9/11/2016 12:00:00 AM,12:30:26,676.7,60.0,30.48,81.0,30.05,5.62,06:09:00,18:29:00
4955,1473632725,9/11/2016 12:00:00 AM,12:25:25,392.24,61.0,30.48,81.0,34.51,9.0,06:09:00,18:29:00
4956,1473632420,9/11/2016 12:00:00 AM,12:20:20,397.9,60.0,30.48,80.0,51.21,1.12,06:09:00,18:29:00
4957,1473632122,9/11/2016 12:00:00 AM,12:15:22,447.69,60.0,30.48,81.0,15.28,7.87,06:09:00,18:29:00
4958,1473631819,9/11/2016 12:00:00 AM,12:10:19,366.47,60.0,30.48,82.0,26.71,4.5,06:09:00,18:29:00
4959,1473631524,9/11/2016 12:00:00 AM,12:05:24,446.14,60.0,30.49,82.0,29.32,9.0,06:09:00,18:29:00
4960,1473631222,9/11/2016 12:00:00 AM,12:00:22,362.58,59.0,30.49,82.0,2.78,4.5,06:09:00,18:29:00
4961,1473630921,9/11/2016 12:00:00 AM,11:55:21,400.5,59.0,30.49,82.0,70.37,4.5,06:09:00,18:29:00
4962,1473630319,9/11/2016 12:00:00 AM,11:45:19,414.37,60.0,30.49,81.0,4.83,5.62,06:09:00,18:29:00
4963,1473630020,9/11/2016 12:00:00 AM,11:40:20,234.51,61.0,30.49,78.0,67.34,5.62,06:09:00,18:29:00
4964,1473629720,9/11/2016 12:00:00 AM,11:35:20,259.98,61.0,30.49,77.0,50.74,4.5,06:09:00,18:29:00
4965,1473629422,9/11/2016 12:00:00 AM,11:30:22,806.23,61.0,30.49,78.0,49.85,4.5,06:09:00,18:29:00
4966,1473629120,9/11/2016 12:00:00 AM,11:25:20,398.68,60.0,30.5,79.0,358.47,3.37,06:09:00,18:29:00
4967,1473628820,9/11/2016 12:00:00 AM,11:20:20,640.52,60.0,30.5,79.0,25.93,7.87,06:09:00,18:29:00
4968,1473628519,9/11/2016 12:00:00 AM,11:15:19,328.5,60.0,30.5,77.0,26.98,10.12,06:09:00,18:29:00
4969,1473628222,9/11/2016 12:00:00 AM,11:10:22,319.36,61.0,30.5,74.0,343.99,6.75,06:09:00,18:29:00
4970,1473627922,9/11/2016 12:00:00 AM,11:05:22,400.66,62.0,30.5,73.0,358.4,5.62,06:09:00,18:29:00
4971,1473627618,9/11/2016 12:00:00 AM,11:00:18,1245.33,62.0,30.5,74.0,41.11,7.87,06:09:00,18:29:00
4972,1473627322,9/11/2016 12:00:00 AM,10:55:22,735.63,62.0,30.5,73.0,35.59,7.87,06:09:00,18:29:00
4973,1473627018,9/11/2016 12:00:00 AM,10:50:18,1227.33,61.0,30.5,76.0,30.33,5.62,06:09:00,18:29:00
4974,1473626719,9/11/2016 12:00:00 AM,10:45:19,1194.95,61.0,30.5,75.0,358.13,6.75,06:09:00,18:29:00
4975,1473626423,9/11/2016 12:00:00 AM,10:40:23,1050.8,60.0,30.5,75.0,17.65,6.75,06:09:00,18:29:00
4976,1473626118,9/11/2016 12:00:00 AM,10:35:18,242.28,60.0,30.5,78.0,1.56,7.87,06:09:00,18:29:00
4977,1473625820,9/11/2016 12:00:00 AM,10:30:20,928.91,61.0,30.5,74.0,26.86,10.12,06:09:00,18:29:00
4978,1473625521,9/11/2016 12:00:00 AM,10:25:21,960.11,61.0,30.5,75.0,7.07,7.87,06:09:00,18:29:00
4979,1473625220,9/11/2016 12:00:00 AM,10:20:20,890.9,60.0,30.5,76.0,5.54,9.0,06:09:00,18:29:00
4980,1473624919,9/11/2016 12:00:00 AM,10:15:19,912.42,60.0,30.5,75.0,71.99,6.75,06:09:00,18:29:00
4981,1473624621,9/11/2016 12:00:00 AM,10:10:21,893.49,60.0,30.5,73.0,5.89,11.25,06:09:00,18:29:00
4982,1473624324,9/11/2016 12:00:00 AM,10:05:24,894.05,60.0,30.5,71.0,1.25,6.75,06:09:00,18:29:00
4983,1473624021,9/11/2016 12:00:00 AM,10:00:21,887.47,60.0,30.5,70.0,41.37,1.12,06:09:00,18:29:00
4984,1473623723,9/11/2016 12:00:00 AM,09:55:23,862.1,60.0,30.5,71.0,39.83,7.87,06:09:00,18:29:00
4985,1473623423,9/11/2016 12:00:00 AM,09:50:23,850.7,60.0,30.5,69.0,14.87,2.25,06:09:00,18:29:00
4986,1473623119,9/11/2016 12:00:00 AM,09:45:19,833.06,59.0,30.5,68.0,1.61,5.62,06:09:00,18:29:00
4987,1473622818,9/11/2016 12:00:00 AM,09:40:18,817.31,59.0,30.5,61.0,39.7,6.75,06:09:00,18:29:00
4988,1473622521,9/11/2016 12:00:00 AM,09:35:21,805.22,59.0,30.5,58.0,64.98,3.37,06:09:00,18:29:00
4989,1473622220,9/11/2016 12:00:00 AM,09:30:20,789.98,59.0,30.5,58.0,14.74,3.37,06:09:00,18:29:00
4990,1473621920,9/11/2016 12:00:00 AM,09:25:20,774.75,59.0,30.5,60.0,24.98,3.37,06:09:00,18:29:00
4991,1473621620,9/11/2016 12:00:00 AM,09:20:20,758.61,59.0,30.5,57.0,44.36,6.75,06:09:00,18:29:00
4992,1473621321,9/11/2016 12:00:00 AM,09:15:21,743.58,59.0,30.5,58.0,335.26,6.75,06:09:00,18:29:00
4993,1473621019,9/11/2016 12:00:00 AM,09:10:19,726.58,59.0,30.5,52.0,1.91,3.37,06:09:00,18:29:00
4994,1473620720,9/11/2016 12:00:00 AM,09:05:20,707.53,59.0,30.5,51.0,50.75,3.37,06:09:00,18:29:00
4995,1473620419,9/11/2016 12:00:00 AM,09:00:19,688.98,59.0,30.5,51.0,9.77,3.37,06:09:00,18:29:00
4996,1473620120,9/11/2016 12:00:00 AM,08:55:20,672.88,59.0,30.49,48.0,67.5,3.37,06:09:00,18:29:00
4997,1473619822,9/11/2016 12:00:00 AM,08:50:22,654.64,58.0,30.49,49.0,11.13,3.37,06:09:00,18:29:00
4998,1473619520,9/11/2016 12:00:00 AM,08:45:20,613.29,58.0,30.49,48.0,358.24,6.229096658193317,06:09:00,18:29:00
4999,1473619220,9/11/2016 12:00:00 AM,08:40:20,614.9,58.0,30.49,47.0,357.98,6.75,06:09:00,18:29:00
5000,1473618924,9/11/2016 12:00:00 AM,08:35:24,562.37,58.0,30.49,48.0,358.05,5.62,06:09:00,18:29:00
5001,1473618619,9/11/2016 12:00:00 AM,08:30:19,552.44,58.0,30.49,49.0,9.38,2.25,06:09:00,18:29:00
5002,1473618319,9/11/2016 12:00:00 AM,08:25:19,574.25,58.0,30.48,48.0,36.28,2.25,06:09:00,18:29:00
5003,1473618022,9/11/2016 12:00:00 AM,08:20:22,309.52,58.0,30.48,50.0,28.5,3.37,06:09:00,18:29:00
5004,1473617721,9/11/2016 12:00:00 AM,08:15:21,545.23,58.0,30.48,49.0,358.51,3.37,06:09:00,18:29:00
5005,1473617418,9/11/2016 12:00:00 AM,08:10:18,543.08,58.0,30.48,51.0,1.84,4.5,06:09:00,18:29:00
5006,1473617119,9/11/2016 12:00:00 AM,08:05:19,490.87,57.0,30.48,51.0,34.15,2.25,06:09:00,18:29:00
5007,1473616819,9/11/2016 12:00:00 AM,08:00:19,487.07,56.0,30.48,55.0,185.51,1.12,06:09:00,18:29:00
5008,1473616520,9/11/2016 12:00:00 AM,07:55:20,444.33,55.0,30.48,56.0,185.55,1.12,06:09:00,18:29:00
5009,1473616221,9/11/2016 12:00:00 AM,07:50:21,423.04,55.0,30.48,54.0,185.49,0.0,06:09:00,18:29:00
5010,1473615923,9/11/2016 12:00:00 AM,07:45:23,409.45,55.0,30.47,57.0,185.5,1.12,06:09:00,18:29:00
5011,1473615623,9/11/2016 12:00:00 AM,07:40:23,386.5,53.0,30.47,62.0,185.47,1.12,06:09:00,18:29:00
5012,1473615326,9/11/2016 12:00:00 AM,07:35:26,361.39,52.0,30.47,67.0,185.45,3.37,06:09:00,18:29:00
5013,1473615020,9/11/2016 12:00:00 AM,07:30:20,337.3,50.0,30.47,68.0,185.47,2.25,06:09:00,18:29:00
5014,1473614721,9/11/2016 12:00:00 AM,07:25:21,309.22,49.0,30.47,72.0,185.46,2.25,06:09:00,18:29:00
5015,1473614422,9/11/2016 12:00:00 AM,07:20:22,282.13,48.0,30.47,72.0,185.49,3.37,06:09:00,18:29:00
5016,1473614121,9/11/2016 12:00:00 AM,07:15:21,254.67,47.0,30.47,73.0,185.53,5.62,06:09:00,18:29:00
5017,1473613819,9/11/2016 12:00:00 AM,07:10:19,206.78,46.0,30.47,74.0,186.55,5.62,06:09:00,18:29:00
5018,1473613519,9/11/2016 12:00:00 AM,07:05:19,194.0,46.0,30.47,75.0,182.89,5.62,06:09:00,18:29:00
5019,1473613219,9/11/2016 12:00:00 AM,07:00:19,167.02,45.0,30.46,76.0,183.82,5.62,06:09:00,18:29:00
5020,1473612926,9/11/2016 12:00:00 AM,06:55:26,30.36,45.0,30.46,77.0,181.34,6.75,06:09:00,18:29:00
5021,1473612619,9/11/2016 12:00:00 AM,06:50:19,28.11,44.0,30.423028000868246,77.0,183.37,6.75,06:09:00,18:29:00
5022,1473612323,9/11/2016 12:00:00 AM,06:45:23,27.28,44.0,30.46,78.0,177.51,9.0,06:09:00,18:29:00
5023,1473612019,9/11/2016 12:00:00 AM,06:40:19,26.3,44.0,30.46,79.0,181.84,9.0,06:09:00,18:29:00
5024,1473611719,9/11/2016 12:00:00 AM,06:35:19,24.45,43.0,30.46,79.0,176.82,6.75,06:09:00,18:29:00
5025,1473611424,9/11/2016 12:00:00 AM,06:30:24,21.98,43.0,30.46,79.0,182.24,10.12,06:09:00,18:29:00
5026,1473611122,9/11/2016 12:00:00 AM,06:25:22,17.88,43.0,30.45,80.0,182.41,7.87,06:09:00,18:29:00
5027,1473610822,9/11/2016 12:00:00 AM,06:20:22,15.22,43.0,30.45,81.0,180.93,9.0,06:09:00,18:29:00
5028,1473610523,9/11/2016 12:00:00 AM,06:15:23,10.52,43.0,30.45,80.0,143.54770303349548,6.75,06:09:00,18:29:00
5029,1473610221,9/11/2016 12:00:00 AM,06:10:21,5.21,43.0,30.45,81.0,183.4,7.87,06:09:00,18:29:00
5030,1473609921,9/11/2016 12:00:00 AM,06:05:21,3.45,43.0,30.45,81.0,180.21,7.87,06:09:00,18:29:00
5031,1473609623,9/11/2016 12:00:00 AM,06:00:23,2.88,43.0,30.45,81.0,174.37,6.75,06:09:00,18:29:00
5032,1473609324,9/11/2016 12:00:00 AM,05:55:24,1.87,44.0,30.45,81.0,174.28,4.5,06:09:00,18:29:00
5033,1473609021,9/11/2016 12:00:00 AM,05:50:21,2.01,43.0,30.45,81.0,174.06,4.5,06:09:00,18:29:00
5034,1473608721,9/11/2016 12:00:00 AM,05:45:21,1.75,44.0,30.44,82.0,174.38,4.5,06:09:00,18:29:00
5035,1473608423,9/11/2016 12:00:00 AM,05:40:23,2.25,44.0,30.44,81.0,175.74,6.75,06:09:00,18:29:00
5036,1473608123,9/11/2016 12:00:00 AM,05:35:23,1.79,44.0,30.44,82.0,174.04,4.5,06:09:00,18:29:00
5037,1473607820,9/11/2016 12:00:00 AM,05:30:20,2.21,44.0,30.44,82.0,174.5,6.229096658193317,06:09:00,18:29:00
5038,1473607520,9/11/2016 12:00:00 AM,05:25:20,2.26,44.0,30.44,83.0,173.74,6.75,06:09:00,18:29:00
5039,1473607219,9/11/2016 12:00:00 AM,05:20:19,2.08,44.0,30.44,83.0,172.92,7.87,06:09:00,18:29:00
5040,1473606920,9/11/2016 12:00:00 AM,05:15:20,2.02,44.0,30.43,83.0,180.71,7.87,06:09:00,18:29:00
5041,1473606620,9/11/2016 12:00:00 AM,05:10:20,2.12,44.0,30.43,82.0,178.28,7.87,06:09:00,18:29:00
5042,1473606323,9/11/2016 12:00:00 AM,05:05:23,1.71,44.0,30.43,81.0,177.49,6.75,06:09:00,18:29:00
5043,1473606018,9/11/2016 12:00:00 AM,05:00:18,2.24,44.0,30.43,81.0,178.73,7.87,06:09:00,18:29:00
5044,1473605719,9/11/2016 12:00:00 AM,04:55:19,2.58,44.0,30.43,81.0,182.91,5.62,06:09:00,18:29:00
5045,1473605419,9/11/2016 12:00:00 AM,04:50:19,2.42,44.0,30.43,81.0,187.59,4.5,06:09:00,18:29:00
5046,1473605127,9/11/2016 12:00:00 AM,04:45:27,2.05,44.0,30.43,82.0,189.08,6.75,06:09:00,18:29:00
5047,1473604818,9/11/2016 12:00:00 AM,04:40:18,2.1,44.0,30.43,82.0,189.33,6.75,06:09:00,18:29:00
5048,1473604519,9/11/2016 12:00:00 AM,04:35:19,2.11,44.0,30.43,83.0,182.44,5.62,06:09:00,18:29:00
5049,1473604221,9/11/2016 12:00:00 AM,04:30:21,2.15,44.0,30.43,83.0,191.89,7.87,06:09:00,18:29:00
5050,1473603919,9/11/2016 12:00:00 AM,04:25:19,2.11,44.0,30.42,84.0,194.14,6.75,06:09:00,18:29:00
5051,1473603621,9/11/2016 12:00:00 AM,04:20:21,2.23,44.0,30.42,84.0,193.69,6.75,06:09:00,18:29:00
5052,1473603319,9/11/2016 12:00:00 AM,04:15:19,2.14,44.0,30.42,84.0,196.2,5.62,06:09:00,18:29:00
5053,1473603018,9/11/2016 12:00:00 AM,04:10:18,1.83,44.0,30.42,84.0,197.35,6.75,06:09:00,18:29:00
5054,1473602719,9/11/2016 12:00:00 AM,04:05:19,1.83,44.0,30.42,84.0,196.87,6.75,06:09:00,18:29:00
5055,1473602421,9/11/2016 12:00:00 AM,04:00:21,2.44,45.0,30.42,85.0,217.8,4.5,06:09:00,18:29:00
5056,1473602119,9/11/2016 12:00:00 AM,03:55:19,2.26,45.0,30.42,82.0,218.4,3.37,06:09:00,18:29:00
5057,1473601818,9/11/2016 12:00:00 AM,03:50:18,2.2,45.0,30.42,82.0,210.89,1.12,06:09:00,18:29:00
5058,1473601522,9/11/2016 12:00:00 AM,03:45:22,2.38,45.0,30.42,81.0,197.1,5.62,06:09:00,18:29:00
5059,1473601219,9/11/2016 12:00:00 AM,03:40:19,2.67,45.0,30.42,80.0,199.04,7.87,06:09:00,18:29:00
5060,1473600923,9/11/2016 12:00:00 AM,03:35:23,2.77,45.0,30.42,80.0,194.68,6.75,06:09:00,18:29:00
5061,1473600620,9/11/2016 12:00:00 AM,03:30:20,2.76,45.0,30.42,80.0,197.85,6.75,06:09:00,18:29:00
5062,1473600320,9/11/2016 12:00:00 AM,03:25:20,2.04,45.0,30.42,80.0,197.02,6.75,06:09:00,18:29:00
5063,1473600023,9/11/2016 12:00:00 AM,03:20:23,2.02,46.0,30.42,79.0,195.98,6.75,06:09:00,18:29:00
5064,1473599722,9/11/2016 12:00:00 AM,03:15:22,1.98,46.0,30.42,78.0,234.56,2.25,06:09:00,18:29:00
5065,1473599423,9/11/2016 12:00:00 AM,03:10:23,2.12,46.0,30.42,77.0,201.03,3.37,06:09:00,18:29:00
5066,1473599122,9/11/2016 12:00:00 AM,03:05:22,2.08,46.0,30.42,76.0,192.57,5.62,06:09:00,18:29:00
5067,1473598819,9/11/2016 12:00:00 AM,03:00:19,1.81,46.0,30.42,76.0,191.04,7.87,06:09:00,18:29:00
5068,1473598519,9/11/2016 12:00:00 AM,02:55:19,2.19,46.0,30.42,76.0,193.76,5.62,06:09:00,18:29:00
5069,1473598222,9/11/2016 12:00:00 AM,02:50:22,2.62,46.0,30.41,75.0,191.49,7.87,06:09:00,18:29:00
5070,1473597918,9/11/2016 12:00:00 AM,02:45:18,3.3,46.0,30.41,76.0,190.91,7.87,06:09:00,18:29:00
5071,1473597626,9/11/2016 12:00:00 AM,02:40:26,3.6,46.0,30.42,77.0,189.24,7.87,06:09:00,18:29:00
5072,1473597319,9/11/2016 12:00:00 AM,02:35:19,3.53,51.16507236474315,30.42,77.0,193.34,7.87,06:09:00,18:29:00
5073,1473597023,9/11/2016 12:00:00 AM,02:30:23,2.84,46.0,30.42,79.0,194.96,6.75,06:09:00,18:29:00
5074,1473596720,9/11/2016 12:00:00 AM,02:25:20,3.21,46.0,30.42,78.0,193.38,6.75,06:09:00,18:29:00
5075,1473596418,9/11/2016 12:00:00 AM,02:20:18,3.56,46.0,30.42,79.0,193.23,7.87,06:09:00,18:29:00
5076,1473596122,9/11/2016 12:00:00 AM,02:15:22,3.24,46.0,30.42,80.0,188.17,10.12,06:09:00,18:29:00
5077,1473595822,9/11/2016 12:00:00 AM,02:10:22,3.09,46.0,30.42,80.0,188.15,9.0,06:09:00,18:29:00
5078,1473595519,9/11/2016 12:00:00 AM,02:05:19,3.48,46.0,30.42,80.0,196.19,7.87,06:09:00,18:29:00
5079,1473595220,9/11/2016 12:00:00 AM,02:00:20,3.69,46.0,30.42,80.0,196.85,7.87,06:09:00,18:29:00
5080,1473594920,9/11/2016 12:00:00 AM,01:55:20,2.47,46.0,30.42,80.0,192.83,7.87,06:09:00,18:29:00
5081,1473594618,9/11/2016 12:00:00 AM,01:50:18,2.53,46.0,30.42,81.0,190.26,7.87,06:09:00,18:29:00
5082,1473594320,9/11/2016 12:00:00 AM,01:45:20,2.71,46.0,30.42,83.0,195.34,9.0,06:09:00,18:29:00
5083,1473594023,9/11/2016 12:00:00 AM,01:40:23,2.71,46.0,30.42,82.0,194.29,6.75,06:09:00,18:29:00
5084,1473593719,9/11/2016 12:00:00 AM,01:35:19,2.72,46.0,30.42,83.0,188.34,9.0,06:09:00,18:29:00
5085,1473593420,9/11/2016 12:00:00 AM,01:30:20,2.63,46.0,30.42,83.0,196.29,6.75,06:09:00,18:29:00
5086,1473593125,9/11/2016 12:00:00 AM,01:25:25,2.17,46.0,30.43,84.0,192.66,6.75,06:09:00,18:29:00
5087,1473592821,9/11/2016 12:00:00 AM,01:20:21,2.33,46.0,30.43,85.0,191.83,6.75,06:09:00,18:29:00
5088,1473592524,9/11/2016 12:00:00 AM,01:15:24,2.59,46.0,30.43,85.0,193.75,7.87,06:09:00,18:29:00
5089,1473592220,9/11/2016 12:00:00 AM,01:10:20,2.47,47.0,30.43,86.0,192.91,3.37,06:09:00,18:29:00
5090,1473591926,9/11/2016 12:00:00 AM,01:05:26,2.61,47.0,30.43,87.0,192.91,3.37,06:09:00,18:29:00
5091,1473591619,9/11/2016 12:00:00 AM,01:00:19,3.33,47.0,30.43,91.0,192.84,1.12,06:09:00,18:29:00
5092,1473591319,9/11/2016 12:00:00 AM,00:55:19,1.91,47.0,30.43,90.0,193.01,1.12,06:09:00,18:29:00
5093,1473591023,9/11/2016 12:00:00 AM,00:50:23,2.06,47.0,30.43,89.0,193.0,0.0,06:09:00,18:29:00
5094,1473590725,9/11/2016 12:00:00 AM,00:45:25,1.99,46.0,30.43,90.0,193.01,1.12,06:09:00,18:29:00
5095,1473590119,9/11/2016 12:00:00 AM,00:35:19,2.4,46.0,30.43,90.0,192.88,5.62,06:09:00,18:29:00
5096,1473589818,9/11/2016 12:00:00 AM,00:30:18,2.53,46.0,30.43,90.0,191.77,5.62,06:09:00,18:29:00
5097,1473589519,9/11/2016 12:00:00 AM,00:25:19,2.68,46.0,30.43,91.0,184.27,5.62,06:09:00,18:29:00
5098,1473589222,9/11/2016 12:00:00 AM,00:20:22,2.1,46.0,30.43,92.0,184.31,4.5,06:09:00,18:29:00
5099,1473588324,9/11/2016 12:00:00 AM,00:05:24,1.93,46.0,30.43,92.0,179.14,4.5,06:09:00,18:29:00
5100,1473588019,9/11/2016 12:00:00 AM,00:00:19,1.96,46.0,30.44,91.0,179.14,5.62,06:09:00,18:29:00
5101,1473587724,9/10/2016 12:00:00 AM,23:55:24,2.11,46.0,30.44,92.0,213.33,2.25,06:09:00,18:30:00
5102,1473587419,9/10/2016 12:00:00 AM,23:50:19,1.79,46.0,30.44,93.0,213.39,2.25,06:09:00,18:30:00
5103,1473587128,9/10/2016 12:00:00 AM,23:45:28,1.71,46.0,30.423028000868246,93.0,213.41,3.37,06:09:00,18:30:00
5104,1473586819,9/10/2016 12:00:00 AM,23:40:19,1.68,47.0,30.43,93.0,213.4,2.25,06:09:00,18:30:00
5105,1473586538,9/10/2016 12:00:00 AM,23:35:38,1.63,47.0,30.43,92.0,213.41,3.37,06:09:00,18:30:00
5106,1473586225,9/10/2016 12:00:00 AM,23:30:25,1.62,47.0,30.43,92.0,186.91,4.5,06:09:00,18:30:00
5107,1473585918,9/10/2016 12:00:00 AM,23:25:18,1.6,47.0,30.44,93.0,185.62,3.37,06:09:00,18:30:00
5108,1473585630,9/10/2016 12:00:00 AM,23:20:30,1.61,47.0,30.44,94.0,186.68,3.37,06:09:00,18:30:00
5109,1473585321,9/10/2016 12:00:00 AM,23:15:21,1.6,47.0,30.44,94.0,186.7,2.25,06:09:00,18:30:00
5110,1473585021,9/10/2016 12:00:00 AM,23:10:21,1.63,47.0,30.44,93.0,186.69,3.37,06:09:00,18:30:00
5111,1473584720,9/10/2016 12:00:00 AM,23:05:20,1.78,48.0,30.44,93.0,186.06,3.37,06:09:00,18:30:00
5112,1473584424,9/10/2016 12:00:00 AM,23:00:24,1.6,48.0,30.44,92.0,186.07,2.25,06:09:00,18:30:00
5113,1473584118,9/10/2016 12:00:00 AM,22:55:18,1.55,48.0,30.44,92.0,186.08,2.25,06:09:00,18:30:00
5114,1473583820,9/10/2016 12:00:00 AM,22:50:20,1.56,48.0,30.44,92.0,186.08,2.25,06:09:00,18:30:00
5115,1473583519,9/10/2016 12:00:00 AM,22:45:19,1.57,49.0,30.44,93.0,186.07,2.25,06:09:00,18:30:00
5116,1473583219,9/10/2016 12:00:00 AM,22:40:19,1.83,48.0,30.44,94.0,186.06,2.25,06:09:00,18:30:00
5117,1473582922,9/10/2016 12:00:00 AM,22:35:22,2.06,49.0,30.44,93.0,187.37,3.37,06:09:00,18:30:00
5118,1473582621,9/10/2016 12:00:00 AM,22:30:21,1.63,49.0,30.44,93.0,187.34,5.62,06:09:00,18:30:00
5119,1473582322,9/10/2016 12:00:00 AM,22:25:22,1.72,49.0,30.44,93.0,182.44,4.5,06:09:00,18:30:00
5120,1473582018,9/10/2016 12:00:00 AM,22:20:18,1.71,49.0,30.44,93.0,179.17,5.62,06:09:00,18:30:00
5121,1473581721,9/10/2016 12:00:00 AM,22:15:21,1.88,49.0,30.44,93.0,181.03,5.62,06:09:00,18:30:00
5122,1473581422,9/10/2016 12:00:00 AM,22:10:22,2.0,49.0,30.44,92.0,178.61,5.62,06:09:00,18:30:00
5123,1473581124,9/10/2016 12:00:00 AM,22:05:24,2.39,49.0,30.44,91.0,175.87,4.5,06:09:00,18:30:00
5124,1473580822,9/10/2016 12:00:00 AM,22:00:22,2.36,49.0,30.44,91.0,177.95,2.25,06:09:00,18:30:00
5125,1473580523,9/10/2016 12:00:00 AM,21:55:23,2.94,49.0,30.44,91.0,177.96,3.37,06:09:00,18:30:00
5126,1473580220,9/10/2016 12:00:00 AM,21:50:20,3.15,50.0,30.44,91.0,178.02,3.37,06:09:00,18:30:00
5127,1473579921,9/10/2016 12:00:00 AM,21:45:21,2.29,50.0,30.44,90.0,178.13,4.5,06:09:00,18:30:00
5128,1473579623,9/10/2016 12:00:00 AM,21:40:23,2.96,50.0,30.44,90.0,177.59,3.37,06:09:00,18:30:00
5129,1473579323,9/10/2016 12:00:00 AM,21:35:23,2.67,50.0,30.44,88.0,173.84,2.25,06:09:00,18:30:00
5130,1473579023,9/10/2016 12:00:00 AM,21:30:23,2.97,50.0,30.44,89.0,188.11,3.37,06:09:00,18:30:00
5131,1473578724,9/10/2016 12:00:00 AM,21:25:24,2.76,50.0,30.44,90.0,187.29,5.62,06:09:00,18:30:00
5132,1473578418,9/10/2016 12:00:00 AM,21:20:18,2.63,50.0,30.44,91.0,183.35,4.5,06:09:00,18:30:00
5133,1473578118,9/10/2016 12:00:00 AM,21:15:18,2.69,50.0,30.44,90.0,174.18,3.37,06:09:00,18:30:00
5134,1473577823,9/10/2016 12:00:00 AM,21:10:23,2.79,50.0,30.44,91.0,172.45,4.5,06:09:00,18:30:00
5135,1473577522,9/10/2016 12:00:00 AM,21:05:22,2.69,50.0,30.44,91.0,164.8,5.62,06:09:00,18:30:00
5136,1473577224,9/10/2016 12:00:00 AM,21:00:24,2.55,50.0,30.44,91.0,134.55,4.5,06:09:00,18:30:00
5137,1473576921,9/10/2016 12:00:00 AM,20:55:21,2.66,50.0,30.44,91.0,156.91,3.37,06:09:00,18:30:00
5138,1473576620,9/10/2016 12:00:00 AM,20:50:20,2.45,50.0,30.43,90.0,157.5,2.25,06:09:00,18:30:00
5139,1473576321,9/10/2016 12:00:00 AM,20:45:21,2.62,50.0,30.43,90.0,150.2,6.75,06:09:00,18:30:00
5140,1473576021,9/10/2016 12:00:00 AM,20:40:21,2.24,50.0,30.43,90.0,157.88,3.37,06:09:00,18:30:00
5141,1473575719,9/10/2016 12:00:00 AM,20:35:19,2.33,50.0,30.43,89.0,151.2,3.37,06:09:00,18:30:00
5142,1473575419,9/10/2016 12:00:00 AM,20:30:19,2.98,50.0,30.43,89.0,151.17,5.62,06:09:00,18:30:00
5143,1473575122,9/10/2016 12:00:00 AM,20:25:22,2.28,50.0,30.43,88.0,125.18,3.37,06:09:00,18:30:00
5144,1473574821,9/10/2016 12:00:00 AM,20:20:21,2.87,50.0,30.42,88.0,130.87,4.5,06:09:00,18:30:00
5145,1473574520,9/10/2016 12:00:00 AM,20:15:20,2.69,50.0,30.42,88.0,139.95,4.5,06:09:00,18:30:00
5146,1473574220,9/10/2016 12:00:00 AM,20:10:20,3.05,50.0,30.42,90.0,143.3,3.37,06:09:00,18:30:00
5147,1473573920,9/10/2016 12:00:00 AM,20:05:20,3.32,50.0,30.42,90.0,145.99,1.12,06:09:00,18:30:00
5148,1473573628,9/10/2016 12:00:00 AM,20:00:28,3.04,50.0,30.42,92.0,164.63,4.5,06:09:00,18:30:00
5149,1473573325,9/10/2016 12:00:00 AM,19:55:25,2.17,50.0,30.42,93.0,152.78,5.62,06:09:00,18:30:00
5150,1473573019,9/10/2016 12:00:00 AM,19:50:19,2.06,50.0,30.42,93.0,156.78,5.62,06:09:00,18:30:00
5151,1473572722,9/10/2016 12:00:00 AM,19:45:22,1.94,50.0,30.42,93.0,131.06,2.25,06:09:00,18:30:00
5152,1473572428,9/10/2016 12:00:00 AM,19:40:28,1.98,50.0,30.41,94.0,123.68,4.5,06:09:00,18:30:00
5153,1473572123,9/10/2016 12:00:00 AM,19:35:23,2.11,50.0,30.41,96.0,127.91,4.5,06:09:00,18:30:00
5154,1473571821,9/10/2016 12:00:00 AM,19:30:21,2.4,51.0,30.41,97.0,108.0,1.12,06:09:00,18:30:00
5155,1473571523,9/10/2016 12:00:00 AM,19:25:23,2.08,51.0,30.41,96.0,75.87,3.37,06:09:00,18:30:00
5156,1473571220,9/10/2016 12:00:00 AM,19:20:20,1.99,50.0,30.41,97.0,79.28,2.25,06:09:00,18:30:00
5157,1473570921,9/10/2016 12:00:00 AM,19:15:21,2.31,50.0,30.4,97.0,71.98,5.62,06:09:00,18:30:00
5158,1473570623,9/10/2016 12:00:00 AM,19:10:23,1.66,51.0,30.4,98.0,39.22,1.12,06:09:00,18:30:00
5159,1473570324,9/10/2016 12:00:00 AM,19:05:24,2.15,51.0,30.4,98.0,25.64,4.5,06:09:00,18:30:00
5160,1473570020,9/10/2016 12:00:00 AM,19:00:20,2.27,51.0,30.4,98.0,1.53,6.75,06:09:00,18:30:00
5161,1473569719,9/10/2016 12:00:00 AM,18:55:19,1.99,51.0,30.4,98.0,128.98,1.12,06:09:00,18:30:00
5162,1473569425,9/10/2016 12:00:00 AM,18:50:25,2.36,52.0,30.39,98.0,54.69,4.5,06:09:00,18:30:00
5163,1473569122,9/10/2016 12:00:00 AM,18:45:22,2.98,51.0,30.39,97.0,54.39,1.12,06:09:00,18:30:00
5164,1473568821,9/10/2016 12:00:00 AM,18:40:21,3.21,52.0,30.39,97.0,51.7,1.12,06:09:00,18:30:00
5165,1473568519,9/10/2016 12:00:00 AM,18:35:19,2.61,52.0,30.39,96.0,29.3,5.62,06:09:00,18:30:00
5166,1473568220,9/10/2016 12:00:00 AM,18:30:20,3.32,52.0,30.39,96.0,55.44,4.5,06:09:00,18:30:00
5167,1473567920,9/10/2016 12:00:00 AM,18:25:20,4.65,52.0,30.39,96.0,20.97,2.25,06:09:00,18:30:00
5168,1473567624,9/10/2016 12:00:00 AM,18:20:24,7.68,52.0,30.39,96.0,126.89,3.37,06:09:00,18:30:00
5169,1473567323,9/10/2016 12:00:00 AM,18:15:23,11.46,53.0,30.39,96.0,61.59,6.75,06:09:00,18:30:00
5170,1473567019,9/10/2016 12:00:00 AM,18:10:19,13.79,54.0,30.39,94.0,70.69,3.37,06:09:00,18:30:00
5171,1473566720,9/10/2016 12:00:00 AM,18:05:20,27.12,54.0,30.39,89.0,39.03,5.62,06:09:00,18:30:00
5172,1473566421,9/10/2016 12:00:00 AM,18:00:21,43.25,54.0,30.38,86.0,115.73,1.12,06:09:00,18:30:00
5173,1473566118,9/10/2016 12:00:00 AM,17:55:18,45.68,55.0,30.38,89.0,116.56,3.37,06:09:00,18:30:00
5174,1473565821,9/10/2016 12:00:00 AM,17:50:21,30.13,55.0,30.38,89.0,66.62,3.37,06:09:00,18:30:00
5175,1473565523,9/10/2016 12:00:00 AM,17:45:23,49.16,55.0,30.38,85.0,54.27,2.25,06:09:00,18:30:00
5176,1473565219,9/10/2016 12:00:00 AM,17:40:19,103.49,55.0,30.38,85.0,88.07,3.37,06:09:00,18:30:00
5177,1473564621,9/10/2016 12:00:00 AM,17:30:21,109.34,55.0,30.37,92.0,32.71,7.87,06:09:00,18:30:00
5178,1473564320,9/10/2016 12:00:00 AM,17:25:20,102.54,55.0,30.37,93.0,57.88,4.5,06:09:00,18:30:00
5179,1473564021,9/10/2016 12:00:00 AM,17:20:21,83.34,55.0,30.37,88.0,47.94,5.62,06:09:00,18:30:00
5180,1473563723,9/10/2016 12:00:00 AM,17:15:23,69.39,55.0,30.37,88.0,75.72,4.5,06:09:00,18:30:00
5181,1473563418,9/10/2016 12:00:00 AM,17:10:18,81.82,55.0,30.423028000868246,89.0,70.08,5.62,06:09:00,18:30:00
5182,1473563124,9/10/2016 12:00:00 AM,17:05:24,87.35,55.0,30.37,93.0,16.41,4.5,06:09:00,18:30:00
5183,1473562820,9/10/2016 12:00:00 AM,17:00:20,91.15,55.0,30.37,93.0,357.8,4.5,06:09:00,18:30:00
5184,1473562526,9/10/2016 12:00:00 AM,16:55:26,104.4,55.0,30.37,94.0,33.99,5.62,06:09:00,18:30:00
5185,1473562221,9/10/2016 12:00:00 AM,16:50:21,125.12,55.0,30.37,94.0,7.68,6.75,06:09:00,18:30:00
5186,1473561920,9/10/2016 12:00:00 AM,16:45:20,113.85,55.0,30.37,94.0,45.43,2.25,06:09:00,18:30:00
5187,1473561620,9/10/2016 12:00:00 AM,16:40:20,130.07,55.0,30.36,94.0,48.16,7.87,06:09:00,18:30:00
5188,1473561319,9/10/2016 12:00:00 AM,16:35:19,154.87,55.0,30.36,94.0,2.25,4.5,06:09:00,18:30:00
5189,1473561018,9/10/2016 12:00:00 AM,16:30:18,167.27,55.0,30.36,95.0,77.03,7.87,06:09:00,18:30:00
5190,1473560719,9/10/2016 12:00:00 AM,16:25:19,222.08,55.0,30.36,95.0,17.85,11.25,06:09:00,18:30:00
5191,1473560422,9/10/2016 12:00:00 AM,16:20:22,203.34,55.0,30.36,95.0,40.64,6.75,06:09:00,18:30:00
5192,1473560124,9/10/2016 12:00:00 AM,16:15:24,164.02,55.0,30.36,96.0,67.73,6.75,06:09:00,18:30:00
5193,1473559822,9/10/2016 12:00:00 AM,16:10:22,152.71,55.0,30.36,95.0,358.64,6.75,06:09:00,18:30:00
5194,1473559522,9/10/2016 12:00:00 AM,16:05:22,141.48,55.0,30.36,96.0,37.1,6.75,06:09:00,18:30:00
5195,1473559220,9/10/2016 12:00:00 AM,16:00:20,132.28,55.0,30.36,97.0,3.48,3.37,06:09:00,18:30:00
5196,1473558919,9/10/2016 12:00:00 AM,15:55:19,138.51,55.0,30.35,97.0,15.78,3.37,06:09:00,18:30:00
5197,1473558620,9/10/2016 12:00:00 AM,15:50:20,180.06,55.0,30.36,97.0,2.48,3.37,06:09:00,18:30:00
5198,1473558322,9/10/2016 12:00:00 AM,15:45:22,158.82,55.0,30.36,96.0,35.26,7.87,06:09:00,18:30:00
5199,1473558022,9/10/2016 12:00:00 AM,15:40:22,161.98,55.0,30.36,96.0,30.88,6.75,06:09:00,18:30:00
5200,1473557719,9/10/2016 12:00:00 AM,15:35:19,305.94,55.0,30.36,96.0,53.75,5.62,06:09:00,18:30:00
5201,1473557420,9/10/2016 12:00:00 AM,15:30:20,232.5,56.0,30.36,96.0,38.41,6.75,06:09:00,18:30:00
5202,1473557122,9/10/2016 12:00:00 AM,15:25:22,274.32,56.0,30.36,95.0,58.21,5.62,06:09:00,18:30:00
5203,1473556823,9/10/2016 12:00:00 AM,15:20:23,240.43,56.0,30.36,95.0,12.08,5.62,06:09:00,18:30:00
5204,1473556524,9/10/2016 12:00:00 AM,15:15:24,418.07,56.0,30.36,95.0,48.26,7.87,06:09:00,18:30:00
5205,1473556218,9/10/2016 12:00:00 AM,15:10:18,228.26,57.0,30.36,93.0,0.87,2.25,06:09:00,18:30:00
5206,1473555920,9/10/2016 12:00:00 AM,15:05:20,286.86,57.0,30.36,93.0,28.7,6.75,06:09:00,18:30:00
5207,1473555620,9/10/2016 12:00:00 AM,15:00:20,369.71,58.0,30.36,91.0,29.99,6.75,06:09:00,18:30:00
5208,1473555318,9/10/2016 12:00:00 AM,14:55:18,343.5,58.0,30.423028000868246,89.0,59.64,13.5,06:09:00,18:30:00
5209,1473555025,9/10/2016 12:00:00 AM,14:50:25,401.86,59.0,30.36,87.0,46.03,10.12,06:09:00,18:30:00
5210,1473554721,9/10/2016 12:00:00 AM,14:45:21,395.04,59.0,30.36,86.0,51.78,7.87,06:09:00,18:30:00
5211,1473554420,9/10/2016 12:00:00 AM,14:40:20,364.44,60.0,30.36,84.0,5.3,11.25,06:09:00,18:30:00
5212,1473554122,9/10/2016 12:00:00 AM,14:35:22,396.97,60.0,30.36,83.0,42.55,5.62,06:09:00,18:30:00
5213,1473553819,9/10/2016 12:00:00 AM,14:30:19,549.44,60.0,30.36,84.0,8.56,5.62,06:09:00,18:30:00
5214,1473553520,9/10/2016 12:00:00 AM,14:25:20,461.74,60.0,30.36,84.0,359.36,5.62,06:09:00,18:30:00
5215,1473553222,9/10/2016 12:00:00 AM,14:20:22,330.48,60.0,30.36,83.0,335.72,9.0,06:09:00,18:30:00
5216,1473552921,9/10/2016 12:00:00 AM,14:15:21,310.54,59.0,30.36,84.0,335.77,3.37,06:09:00,18:30:00
5217,1473552622,9/10/2016 12:00:00 AM,14:10:22,240.16,60.0,30.36,82.0,27.25,5.62,06:09:00,18:30:00
5218,1473552324,9/10/2016 12:00:00 AM,14:05:24,187.86,62.0,30.36,80.0,359.24,6.75,06:09:00,18:30:00
5219,1473552019,9/10/2016 12:00:00 AM,14:00:19,309.96,62.0,30.37,80.0,345.63,6.75,06:09:00,18:30:00
5220,1473551722,9/10/2016 12:00:00 AM,13:55:22,335.92,61.0,30.36,79.0,356.35,5.62,06:09:00,18:30:00
5221,1473551420,9/10/2016 12:00:00 AM,13:50:20,307.43,62.0,30.37,78.0,5.85,5.62,06:09:00,18:30:00
5222,1473551125,9/10/2016 12:00:00 AM,13:45:25,464.06,62.0,30.37,78.0,359.23,7.87,06:09:00,18:30:00
5223,1473550822,9/10/2016 12:00:00 AM,13:40:22,1045.27,62.0,30.37,78.0,359.28,4.5,06:09:00,18:30:00
5224,1473550520,9/10/2016 12:00:00 AM,13:35:20,614.43,62.0,30.37,77.0,46.02,7.87,06:09:00,18:30:00
5225,1473550221,9/10/2016 12:00:00 AM,13:30:21,1160.73,61.0,30.37,78.0,28.86,9.0,06:09:00,18:30:00
5226,1473549919,9/10/2016 12:00:00 AM,13:25:19,1106.12,61.0,30.37,78.0,18.22,4.5,06:09:00,18:30:00
5227,1473549620,9/10/2016 12:00:00 AM,13:20:20,459.04,62.0,30.37,76.0,46.56,5.62,06:09:00,18:30:00
5228,1473549326,9/10/2016 12:00:00 AM,13:15:26,412.71,63.0,30.37,74.0,355.33,11.25,06:09:00,18:30:00
5229,1473549021,9/10/2016 12:00:00 AM,13:10:21,1137.45,63.0,30.37,71.0,33.64,5.62,06:09:00,18:30:00
5230,1473548722,9/10/2016 12:00:00 AM,13:05:22,1140.91,63.0,30.37,68.0,5.19,2.25,06:09:00,18:30:00
5231,1473548421,9/10/2016 12:00:00 AM,13:00:21,1121.57,63.0,30.37,70.0,358.86,9.0,06:09:00,18:30:00
5232,1473523824,9/10/2016 12:00:00 AM,06:10:24,8.16,41.0,30.35,89.0,164.97,6.75,06:09:00,18:30:00
5233,1473523220,9/10/2016 12:00:00 AM,06:00:20,4.84,41.0,30.35,87.0,157.94,4.5,06:09:00,18:30:00
5234,1473522322,9/10/2016 12:00:00 AM,05:45:22,2.57,41.0,30.34,87.0,181.63,5.62,06:09:00,18:30:00
5235,1473521722,9/10/2016 12:00:00 AM,05:35:22,2.44,41.0,30.35,89.0,185.54,6.75,06:09:00,18:30:00
5236,1473521423,9/10/2016 12:00:00 AM,05:30:23,2.77,42.0,30.35,89.0,182.64,5.62,06:09:00,18:30:00
5237,1473521121,9/10/2016 12:00:00 AM,05:25:21,2.78,42.0,30.35,89.0,187.65,6.75,06:09:00,18:30:00
5238,1473520821,9/10/2016 12:00:00 AM,05:20:21,2.59,42.0,30.35,89.0,186.79,7.87,06:09:00,18:30:00
5239,1473520521,9/10/2016 12:00:00 AM,05:15:21,2.33,42.0,30.34,90.0,168.39,6.75,06:09:00,18:30:00
5240,1473520223,9/10/2016 12:00:00 AM,05:10:23,2.95,42.0,30.34,74.83719267708949,173.61,4.5,06:09:00,18:30:00
5241,1473519929,9/10/2016 12:00:00 AM,05:05:29,3.17,42.0,30.34,91.0,178.47,7.87,06:09:00,18:30:00
5242,1473519624,9/10/2016 12:00:00 AM,05:00:24,3.16,42.0,30.34,92.0,182.06,9.0,06:09:00,18:30:00
5243,1473519323,9/10/2016 12:00:00 AM,04:55:23,3.42,42.0,30.34,92.0,181.12,9.0,06:09:00,18:30:00
5244,1473519022,9/10/2016 12:00:00 AM,04:50:22,3.63,42.0,30.34,92.0,179.15,7.87,06:09:00,18:30:00
5245,1473518722,9/10/2016 12:00:00 AM,04:45:22,3.44,42.0,30.34,92.0,177.09,4.5,06:09:00,18:30:00
5246,1473518419,9/10/2016 12:00:00 AM,04:40:19,3.44,42.0,30.34,91.0,178.87,5.62,06:09:00,18:30:00
5247,1473518120,9/10/2016 12:00:00 AM,04:35:20,3.15,42.0,30.34,91.0,178.25,4.5,06:09:00,18:30:00
5248,1473517824,9/10/2016 12:00:00 AM,04:30:24,2.7,42.0,30.34,92.0,178.36,5.62,06:09:00,18:30:00
5249,1473517520,9/10/2016 12:00:00 AM,04:25:20,2.42,42.0,30.34,92.0,179.37,5.62,06:09:00,18:30:00
5250,1473517222,9/10/2016 12:00:00 AM,04:20:22,2.69,42.0,30.34,91.0,181.22,6.75,06:09:00,18:30:00
5251,1473516921,9/10/2016 12:00:00 AM,04:15:21,2.77,51.16507236474315,30.34,90.0,181.82,4.5,06:09:00,18:30:00
5252,1473516622,9/10/2016 12:00:00 AM,04:10:22,2.88,42.0,30.34,90.0,175.74,3.37,06:09:00,18:30:00
5253,1473516322,9/10/2016 12:00:00 AM,04:05:22,3.17,42.0,30.34,91.0,181.76,6.75,06:09:00,18:30:00
5254,1473516019,9/10/2016 12:00:00 AM,04:00:19,3.36,42.0,30.34,93.0,183.11,6.75,06:09:00,18:30:00
5255,1473515720,9/10/2016 12:00:00 AM,03:55:20,3.5,42.0,30.34,94.0,182.68,4.5,06:09:00,18:30:00
5256,1473515424,9/10/2016 12:00:00 AM,03:50:24,3.27,42.0,30.34,95.0,175.81,4.5,06:09:00,18:30:00
5257,1473515121,9/10/2016 12:00:00 AM,03:45:21,3.25,42.0,30.34,95.0,174.02,3.37,06:09:00,18:30:00
5258,1473514819,9/10/2016 12:00:00 AM,03:40:19,3.55,42.0,30.34,95.0,171.06,3.37,06:09:00,18:30:00
5259,1473514519,9/10/2016 12:00:00 AM,03:35:19,3.49,42.0,30.34,74.83719267708949,155.07,4.5,06:09:00,18:30:00
5260,1473514222,9/10/2016 12:00:00 AM,03:30:22,2.64,42.0,30.34,95.0,157.96,4.5,06:09:00,18:30:00
5261,1473513920,9/10/2016 12:00:00 AM,03:25:20,2.46,42.0,30.34,94.0,143.43,4.5,06:09:00,18:30:00
5262,1473513621,9/10/2016 12:00:00 AM,03:20:21,2.51,42.0,30.34,94.0,185.19,4.5,06:09:00,18:30:00
5263,1473513321,9/10/2016 12:00:00 AM,03:15:21,2.58,43.0,30.34,95.0,175.85,4.5,06:09:00,18:30:00
5264,1473513023,9/10/2016 12:00:00 AM,03:10:23,2.86,43.0,30.34,95.0,165.2,4.5,06:09:00,18:30:00
5265,1473512724,9/10/2016 12:00:00 AM,03:05:24,2.9,43.0,30.34,96.0,180.41,4.5,06:09:00,18:30:00
5266,1473512120,9/10/2016 12:00:00 AM,02:55:20,1.83,43.0,30.34,96.0,169.19,4.5,06:09:00,18:30:00
5267,1473511820,9/10/2016 12:00:00 AM,02:50:20,1.57,43.0,30.34,96.0,166.98,4.5,06:09:00,18:30:00
5268,1473511525,9/10/2016 12:00:00 AM,02:45:25,1.74,43.0,30.34,96.0,167.09,4.5,06:09:00,18:30:00
5269,1473511220,9/10/2016 12:00:00 AM,02:40:20,1.83,43.0,30.34,96.0,186.86,5.62,06:09:00,18:30:00
5270,1473510921,9/10/2016 12:00:00 AM,02:35:21,1.99,43.0,30.35,96.0,165.87,5.62,06:09:00,18:30:00
5271,1473510622,9/10/2016 12:00:00 AM,02:30:22,1.96,43.0,30.35,97.0,187.0,4.5,06:09:00,18:30:00
5272,1473510326,9/10/2016 12:00:00 AM,02:25:26,2.24,43.0,30.423028000868246,97.0,171.48,5.62,06:09:00,18:30:00
5273,1473510023,9/10/2016 12:00:00 AM,02:20:23,2.18,44.0,30.35,98.0,175.46,6.75,06:09:00,18:30:00
5274,1473509725,9/10/2016 12:00:00 AM,02:15:25,2.19,44.0,30.35,98.0,175.03,4.5,06:09:00,18:30:00
5275,1473509419,9/10/2016 12:00:00 AM,02:10:19,2.27,44.0,30.35,98.0,172.1,4.5,06:09:00,18:30:00
5276,1473509120,9/10/2016 12:00:00 AM,02:05:20,2.62,44.0,30.35,98.0,165.87,4.5,06:09:00,18:30:00
5277,1473508820,9/10/2016 12:00:00 AM,02:00:20,2.87,45.0,30.35,99.0,167.29,3.37,06:09:00,18:30:00
5278,1473508519,9/10/2016 12:00:00 AM,01:55:19,1.56,45.0,30.35,99.0,132.66,4.5,06:09:00,18:30:00
5279,1473508223,9/10/2016 12:00:00 AM,01:50:23,1.63,45.0,30.35,99.0,162.06,4.5,06:09:00,18:30:00
5280,1473507924,9/10/2016 12:00:00 AM,01:45:24,1.57,45.0,30.35,99.0,154.62,4.5,06:09:00,18:30:00
5281,1473507622,9/10/2016 12:00:00 AM,01:40:22,1.59,45.0,30.35,99.0,148.87,3.37,06:09:00,18:30:00
5282,1473507321,9/10/2016 12:00:00 AM,01:35:21,1.58,45.0,30.35,99.0,163.11,3.37,06:09:00,18:30:00
5283,1473506721,9/10/2016 12:00:00 AM,01:25:21,1.63,45.0,30.36,99.0,165.09,4.5,06:09:00,18:30:00
5284,1473506420,9/10/2016 12:00:00 AM,01:20:20,1.56,45.0,30.36,100.0,191.05,6.75,06:09:00,18:30:00
5285,1473506121,9/10/2016 12:00:00 AM,01:15:21,1.57,46.0,30.36,100.0,182.21,4.5,06:09:00,18:30:00
5286,1473505819,9/10/2016 12:00:00 AM,01:10:19,1.57,46.0,30.36,100.0,167.23,4.5,06:09:00,18:30:00
5287,1473505522,9/10/2016 12:00:00 AM,01:05:22,1.66,46.0,30.36,100.0,182.4,4.5,06:09:00,18:30:00
5288,1473505222,9/10/2016 12:00:00 AM,01:00:22,1.63,47.0,30.37,101.0,161.72,4.5,06:09:00,18:30:00
5289,1473504626,9/10/2016 12:00:00 AM,00:50:26,1.53,47.0,30.37,101.0,158.01,2.25,06:09:00,18:30:00
5290,1473503723,9/10/2016 12:00:00 AM,00:35:23,1.58,47.0,30.37,101.0,175.69,5.62,06:09:00,18:30:00
5291,1473503420,9/10/2016 12:00:00 AM,00:30:20,1.56,47.0,30.37,101.0,176.37,5.62,06:09:00,18:30:00
5292,1473503121,9/10/2016 12:00:00 AM,00:25:21,1.58,47.0,30.37,101.0,164.14,4.5,06:09:00,18:30:00
5293,1473502824,9/10/2016 12:00:00 AM,00:20:24,1.52,47.0,30.37,101.0,164.62,6.75,06:09:00,18:30:00
5294,1473501920,9/10/2016 12:00:00 AM,00:05:20,1.56,51.16507236474315,30.38,100.0,139.48,3.37,06:09:00,18:30:00
5295,1473501621,9/10/2016 12:00:00 AM,00:00:21,1.61,47.0,30.38,100.0,130.12,3.37,06:09:00,18:30:00
5296,1473501323,9/9/2016 12:00:00 AM,23:55:23,1.59,46.0,30.38,100.0,134.2,0.0,06:09:00,18:31:00
5297,1473501022,9/9/2016 12:00:00 AM,23:50:22,2.14,46.0,30.38,100.0,130.12,2.25,06:09:00,18:31:00
5298,1473500725,9/9/2016 12:00:00 AM,23:45:25,2.75,46.0,30.38,100.0,126.23,3.37,06:09:00,18:31:00
5299,1473500423,9/9/2016 12:00:00 AM,23:40:23,3.11,47.0,30.38,100.0,121.15,2.25,06:09:00,18:31:00
5300,1473499523,9/9/2016 12:00:00 AM,23:25:23,1.55,47.0,30.38,100.0,127.64,3.37,06:09:00,18:31:00
5301,1473499221,9/9/2016 12:00:00 AM,23:20:21,1.43,48.0,30.38,100.0,34.78,1.12,06:09:00,18:31:00
5302,1473498922,9/9/2016 12:00:00 AM,23:15:22,1.49,51.16507236474315,30.38,100.0,119.41,1.12,06:09:00,18:31:00
5303,1473498622,9/9/2016 12:00:00 AM,23:10:22,1.48,48.0,30.38,100.0,76.75,4.5,06:09:00,18:31:00
5304,1473498322,9/9/2016 12:00:00 AM,23:05:22,1.44,48.0,30.38,100.0,45.44,2.25,06:09:00,18:31:00
5305,1473498023,9/9/2016 12:00:00 AM,23:00:23,1.44,48.0,30.38,100.0,67.11,1.12,06:09:00,18:31:00
5306,1473497720,9/9/2016 12:00:00 AM,22:55:20,1.41,48.0,30.38,100.0,72.43,5.62,06:09:00,18:31:00
5307,1473497431,9/9/2016 12:00:00 AM,22:50:31,1.43,48.0,30.38,100.0,152.32,2.25,06:09:00,18:31:00
5308,1473497122,9/9/2016 12:00:00 AM,22:45:22,1.43,48.0,30.38,100.0,126.99,6.75,06:09:00,18:31:00
5309,1473496820,9/9/2016 12:00:00 AM,22:40:20,1.41,48.0,30.38,100.0,125.4,7.87,06:09:00,18:31:00
5310,1473496523,9/9/2016 12:00:00 AM,22:35:23,1.38,47.0,30.38,100.0,126.6,6.75,06:09:00,18:31:00
5311,1473496219,9/9/2016 12:00:00 AM,22:30:19,1.47,47.0,30.38,74.83719267708949,164.02,10.12,06:09:00,18:31:00
5312,1473495621,9/9/2016 12:00:00 AM,22:20:21,1.56,47.0,30.38,99.0,150.7,6.75,06:09:00,18:31:00
5313,1473495325,9/9/2016 12:00:00 AM,22:15:25,1.59,47.0,30.38,98.0,162.23,4.5,06:09:00,18:31:00
5314,1473495019,9/9/2016 12:00:00 AM,22:10:19,1.44,46.0,30.38,97.0,151.84,7.87,06:09:00,18:31:00
5315,1473494733,9/9/2016 12:00:00 AM,22:05:33,1.62,46.0,30.38,96.0,155.42,10.12,06:09:00,18:31:00
5316,1473494428,9/9/2016 12:00:00 AM,22:00:28,1.61,46.0,30.38,97.0,145.88,4.5,06:09:00,18:31:00
5317,1473494120,9/9/2016 12:00:00 AM,21:55:20,1.53,46.0,30.38,97.0,175.03,3.37,06:09:00,18:31:00
5318,1473493822,9/9/2016 12:00:00 AM,21:50:22,1.44,46.0,30.38,97.0,161.29,6.75,06:09:00,18:31:00
5319,1473493521,9/9/2016 12:00:00 AM,21:45:21,1.47,46.0,30.38,97.0,101.15,1.12,06:09:00,18:31:00
5320,1473493225,9/9/2016 12:00:00 AM,21:40:25,1.45,46.0,30.38,97.0,176.35,4.5,06:09:00,18:31:00
5321,1473492922,9/9/2016 12:00:00 AM,21:35:22,1.52,47.0,30.38,97.0,50.37,4.5,06:09:00,18:31:00
5322,1473492620,9/9/2016 12:00:00 AM,21:30:20,1.51,47.0,30.38,96.0,131.77,5.62,06:09:00,18:31:00
5323,1473492325,9/9/2016 12:00:00 AM,21:25:25,1.49,47.0,30.38,95.0,55.23,5.62,06:09:00,18:31:00
5324,1473492025,9/9/2016 12:00:00 AM,21:20:25,1.54,47.0,30.38,93.0,96.84,1.12,06:09:00,18:31:00
5325,1473491722,9/9/2016 12:00:00 AM,21:15:22,1.46,47.0,30.38,91.0,167.52,5.62,06:09:00,18:31:00
5326,1473491419,9/9/2016 12:00:00 AM,21:10:19,1.54,47.0,30.38,91.0,115.56,6.75,06:09:00,18:31:00
5327,1473491119,9/9/2016 12:00:00 AM,21:05:19,1.53,47.0,30.38,90.0,142.48,2.25,06:09:00,18:31:00
5328,1473490820,9/9/2016 12:00:00 AM,21:00:20,1.56,47.0,30.38,88.0,176.29,3.37,06:09:00,18:31:00
5329,1473490521,9/9/2016 12:00:00 AM,20:55:21,1.49,47.0,30.38,85.0,100.02,4.5,06:09:00,18:31:00
5330,1473490221,9/9/2016 12:00:00 AM,20:50:21,1.56,47.0,30.38,80.0,142.66,6.75,06:09:00,18:31:00
5331,1473489921,9/9/2016 12:00:00 AM,20:45:21,1.51,47.0,30.38,76.0,130.62,6.75,06:09:00,18:31:00
5332,1473489623,9/9/2016 12:00:00 AM,20:40:23,1.54,47.0,30.38,78.0,133.34,5.62,06:09:00,18:31:00
5333,1473489319,9/9/2016 12:00:00 AM,20:35:19,1.59,47.0,30.37,80.0,109.82,3.37,06:09:00,18:31:00
5334,1473489022,9/9/2016 12:00:00 AM,20:30:22,1.59,47.0,30.37,91.0,144.66,9.0,06:09:00,18:31:00
5335,1473488721,9/9/2016 12:00:00 AM,20:25:21,1.6,47.0,30.37,93.0,52.01,1.12,06:09:00,18:31:00
5336,1473488423,9/9/2016 12:00:00 AM,20:20:23,1.57,48.0,30.37,92.0,105.67,2.25,06:09:00,18:31:00
5337,1473488123,9/9/2016 12:00:00 AM,20:15:23,1.57,48.0,30.37,96.0,53.61,3.37,06:09:00,18:31:00
5338,1473487222,9/9/2016 12:00:00 AM,20:00:22,2.18,48.0,30.37,98.0,139.16,5.62,06:09:00,18:31:00
5339,1473486925,9/9/2016 12:00:00 AM,19:55:25,2.27,48.0,30.37,99.0,161.31,6.75,06:09:00,18:31:00
5340,1473486629,9/9/2016 12:00:00 AM,19:50:29,1.57,48.0,30.37,99.0,138.84,10.12,06:09:00,18:31:00
5341,1473486323,9/9/2016 12:00:00 AM,19:45:23,1.67,49.0,30.37,99.0,122.52,6.75,06:09:00,18:31:00
5342,1473486021,9/9/2016 12:00:00 AM,19:40:21,1.65,49.0,30.37,100.0,125.72,5.62,06:09:00,18:31:00
5343,1473485419,9/9/2016 12:00:00 AM,19:30:19,1.68,49.0,30.36,100.0,143.54770303349548,3.37,06:09:00,18:31:00
5344,1473485124,9/9/2016 12:00:00 AM,19:25:24,1.65,49.0,30.36,100.0,109.77,3.37,06:09:00,18:31:00
5345,1473484820,9/9/2016 12:00:00 AM,19:20:20,1.8,49.0,30.36,100.0,49.07,3.37,06:09:00,18:31:00
5346,1473484221,9/9/2016 12:00:00 AM,19:10:21,1.89,49.0,30.36,100.0,143.54770303349548,3.37,06:09:00,18:31:00
5347,1473483925,9/9/2016 12:00:00 AM,19:05:25,1.87,50.0,30.36,100.0,162.09,4.5,06:09:00,18:31:00
5348,1473483620,9/9/2016 12:00:00 AM,19:00:20,1.71,50.0,30.36,100.0,136.85,2.25,06:09:00,18:31:00
5349,1473483322,9/9/2016 12:00:00 AM,18:55:22,1.64,49.0,30.36,100.0,154.54,2.25,06:09:00,18:31:00
5350,1473483022,9/9/2016 12:00:00 AM,18:50:22,1.61,49.0,30.36,99.0,160.5,4.5,06:09:00,18:31:00
5351,1473482722,9/9/2016 12:00:00 AM,18:45:22,1.65,49.0,30.35,99.0,131.42,3.37,06:09:00,18:31:00
5352,1473456623,9/9/2016 12:00:00 AM,11:30:23,1054.99,57.0,30.4,73.0,25.58,2.25,06:09:00,18:31:00
5353,1473456320,9/9/2016 12:00:00 AM,11:25:20,857.65,56.0,30.4,75.0,3.31,3.37,06:09:00,18:31:00
5354,1473443722,9/9/2016 12:00:00 AM,07:55:22,211.96,50.0,30.4,90.0,107.44,4.5,06:09:00,18:31:00
5355,1473438021,9/9/2016 12:00:00 AM,06:20:21,11.11,42.0,30.38,98.0,198.28,7.87,06:09:00,18:31:00
5356,1473437720,9/9/2016 12:00:00 AM,06:15:20,9.27,42.0,30.38,97.0,145.04,6.75,06:09:00,18:31:00
5357,1473437123,9/9/2016 12:00:00 AM,06:05:23,5.07,42.0,30.38,97.0,162.07,5.62,06:09:00,18:31:00
5358,1473436223,9/9/2016 12:00:00 AM,05:50:23,1.91,43.0,30.37,96.0,53.57,2.25,06:09:00,18:31:00
5359,1473435919,9/9/2016 12:00:00 AM,05:45:19,1.92,43.0,30.37,96.0,134.89,3.37,06:09:00,18:31:00
5360,1473435619,9/9/2016 12:00:00 AM,05:40:19,2.15,43.0,30.37,95.0,180.9,1.12,06:09:00,18:31:00
5361,1473435022,9/9/2016 12:00:00 AM,05:30:22,1.68,43.0,30.37,96.0,155.91,2.25,06:09:00,18:31:00
5362,1473434721,9/9/2016 12:00:00 AM,05:25:21,1.75,43.0,30.37,97.0,106.97,2.25,06:09:00,18:31:00
5363,1473434425,9/9/2016 12:00:00 AM,05:20:25,1.71,43.0,30.36,98.0,73.77,4.5,06:09:00,18:31:00
5364,1473434120,9/9/2016 12:00:00 AM,05:15:20,1.77,44.0,30.36,99.0,79.83,2.25,06:09:00,18:31:00
5365,1473433523,9/9/2016 12:00:00 AM,05:05:23,1.71,44.0,30.36,100.0,136.22,1.12,06:09:00,18:31:00
5366,1473433223,9/9/2016 12:00:00 AM,05:00:23,1.54,44.0,30.36,101.0,177.67,3.37,06:09:00,18:31:00
5367,1473432920,9/9/2016 12:00:00 AM,04:55:20,1.62,44.0,30.37,101.0,131.56,5.62,06:09:00,18:31:00
5368,1473432621,9/9/2016 12:00:00 AM,04:50:21,1.78,44.0,30.36,101.0,71.71,3.37,06:09:00,18:31:00
5369,1473432320,9/9/2016 12:00:00 AM,04:45:20,1.76,44.0,30.36,101.0,72.82,3.37,06:09:00,18:31:00
5370,1473432022,9/9/2016 12:00:00 AM,04:40:22,2.49,44.0,30.36,101.0,108.55,2.25,06:09:00,18:31:00
5371,1473431719,9/9/2016 12:00:00 AM,04:35:19,2.43,44.0,30.36,101.0,125.04,1.12,06:09:00,18:31:00
5372,1473431422,9/9/2016 12:00:00 AM,04:30:22,1.44,44.0,30.36,101.0,132.2,3.37,06:09:00,18:31:00
5373,1473431121,9/9/2016 12:00:00 AM,04:25:21,1.47,44.0,30.36,101.0,140.55,4.5,06:09:00,18:31:00
5374,1473430822,9/9/2016 12:00:00 AM,04:20:22,1.43,44.0,30.36,101.0,146.12,4.5,06:09:00,18:31:00
5375,1473430522,9/9/2016 12:00:00 AM,04:15:22,1.69,44.0,30.36,101.0,121.51,4.5,06:09:00,18:31:00
5376,1473430227,9/9/2016 12:00:00 AM,04:10:27,1.62,44.0,30.36,101.0,151.78,3.37,06:09:00,18:31:00
5377,1473429921,9/9/2016 12:00:00 AM,04:05:21,1.51,44.0,30.36,101.0,153.39,4.5,06:09:00,18:31:00
5378,1473429620,9/9/2016 12:00:00 AM,04:00:20,1.55,44.0,30.36,101.0,161.7,5.62,06:09:00,18:31:00
5379,1473429322,9/9/2016 12:00:00 AM,03:55:22,1.48,44.0,30.36,101.0,154.09,4.5,06:09:00,18:31:00
5380,1473429021,9/9/2016 12:00:00 AM,03:50:21,1.63,44.0,30.36,101.0,146.86,4.5,06:09:00,18:31:00
5381,1473428721,9/9/2016 12:00:00 AM,03:45:21,1.76,44.0,30.36,101.0,155.61,6.75,06:09:00,18:31:00
5382,1473428422,9/9/2016 12:00:00 AM,03:40:22,1.57,44.0,30.36,101.0,156.87,3.37,06:09:00,18:31:00
5383,1473428122,9/9/2016 12:00:00 AM,03:35:22,1.5,44.0,30.36,101.0,153.47,4.5,06:09:00,18:31:00
5384,1473427819,9/9/2016 12:00:00 AM,03:30:19,1.79,44.0,30.36,101.0,153.09,3.37,06:09:00,18:31:00
5385,1473427521,9/9/2016 12:00:00 AM,03:25:21,2.0,44.0,30.36,101.0,166.32,4.5,06:09:00,18:31:00
5386,1473427229,9/9/2016 12:00:00 AM,03:20:29,1.54,44.0,30.36,101.0,175.63,4.5,06:09:00,18:31:00
5387,1473426922,9/9/2016 12:00:00 AM,03:15:22,1.78,44.0,30.37,101.0,174.71,4.5,06:09:00,18:31:00
5388,1473426621,9/9/2016 12:00:00 AM,03:10:21,1.77,44.0,30.37,101.0,164.86,4.5,06:09:00,18:31:00
5389,1473426320,9/9/2016 12:00:00 AM,03:05:20,1.71,44.0,30.37,101.0,142.77,4.5,06:09:00,18:31:00
5390,1473426025,9/9/2016 12:00:00 AM,03:00:25,1.47,44.0,30.37,100.0,162.8,3.37,06:09:00,18:31:00
5391,1473425720,9/9/2016 12:00:00 AM,02:55:20,1.49,44.0,30.37,100.0,185.18,9.0,06:09:00,18:31:00
5392,1473425424,9/9/2016 12:00:00 AM,02:50:24,1.64,44.0,30.37,100.0,140.21,5.62,06:09:00,18:31:00
5393,1473425119,9/9/2016 12:00:00 AM,02:45:19,1.91,44.0,30.37,100.0,159.42,4.5,06:09:00,18:31:00
5394,1473424819,9/9/2016 12:00:00 AM,02:40:19,1.82,44.0,30.37,100.0,189.59,5.62,06:09:00,18:31:00
5395,1473424527,9/9/2016 12:00:00 AM,02:35:27,1.78,44.0,30.37,100.0,172.41,4.5,06:09:00,18:31:00
5396,1473424222,9/9/2016 12:00:00 AM,02:30:22,2.04,44.0,30.37,100.0,146.16,4.5,06:09:00,18:31:00
5397,1473423924,9/9/2016 12:00:00 AM,02:25:24,2.07,44.0,30.37,100.0,159.32,3.37,06:09:00,18:31:00
5398,1473423622,9/9/2016 12:00:00 AM,02:20:22,2.29,44.0,30.37,100.0,164.31,3.37,06:09:00,18:31:00
5399,1473423318,9/9/2016 12:00:00 AM,02:15:18,2.25,43.0,30.37,99.0,159.73,3.37,06:09:00,18:31:00
5400,1473423019,9/9/2016 12:00:00 AM,02:10:19,2.33,43.0,30.38,99.0,146.98,4.5,06:09:00,18:31:00
5401,1473422721,9/9/2016 12:00:00 AM,02:05:21,1.95,43.0,30.38,99.0,160.7,4.5,06:09:00,18:31:00
5402,1473422421,9/9/2016 12:00:00 AM,02:00:21,2.67,43.0,30.38,98.0,153.25,5.62,06:09:00,18:31:00
5403,1473422120,9/9/2016 12:00:00 AM,01:55:20,1.74,43.0,30.38,98.0,160.65,3.37,06:09:00,18:31:00
5404,1473421819,9/9/2016 12:00:00 AM,01:50:19,1.43,43.0,30.38,98.0,167.66,4.5,06:09:00,18:31:00
5405,1473421521,9/9/2016 12:00:00 AM,01:45:21,1.41,43.0,30.38,97.0,144.85,5.62,06:09:00,18:31:00
5406,1473421219,9/9/2016 12:00:00 AM,01:40:19,1.4,42.0,30.38,96.0,160.28,4.5,06:09:00,18:31:00
5407,1473420918,9/9/2016 12:00:00 AM,01:35:18,2.28,42.0,30.38,95.0,176.31,5.62,06:09:00,18:31:00
5408,1473420621,9/9/2016 12:00:00 AM,01:30:21,1.39,42.0,30.38,95.0,177.03,4.5,06:09:00,18:31:00
5409,1473420322,9/9/2016 12:00:00 AM,01:25:22,1.38,42.0,30.39,96.0,182.13,6.75,06:09:00,18:31:00
5410,1473420020,9/9/2016 12:00:00 AM,01:20:20,1.39,42.0,30.39,74.83719267708949,162.95,6.75,06:09:00,18:31:00
5411,1473419729,9/9/2016 12:00:00 AM,01:15:29,1.39,42.0,30.39,97.0,177.82,6.75,06:09:00,18:31:00
5412,1473419421,9/9/2016 12:00:00 AM,01:10:21,2.83,42.0,30.39,97.0,163.31,5.62,06:09:00,18:31:00
5413,1473419119,9/9/2016 12:00:00 AM,01:05:19,2.95,42.0,30.39,97.0,153.92,7.87,06:09:00,18:31:00
5414,1473418823,9/9/2016 12:00:00 AM,01:00:23,3.17,42.0,30.39,96.0,165.57,9.0,06:09:00,18:31:00
5415,1473418523,9/9/2016 12:00:00 AM,00:55:23,3.76,42.0,30.39,96.0,136.69,4.5,06:09:00,18:31:00
5416,1473417020,9/9/2016 12:00:00 AM,00:30:20,1.5,42.0,30.4,94.0,165.24,5.62,06:09:00,18:31:00
5417,1473416421,9/9/2016 12:00:00 AM,00:20:21,1.51,42.0,30.4,92.0,160.21,5.62,06:09:00,18:31:00
5418,1473415220,9/9/2016 12:00:00 AM,00:00:20,1.46,42.0,30.4,90.0,154.95,3.37,06:09:00,18:31:00
5419,1473414918,9/8/2016 12:00:00 AM,23:55:18,1.48,42.0,30.41,90.0,160.46,2.25,06:09:00,18:32:00
5420,1473414625,9/8/2016 12:00:00 AM,23:50:25,1.47,42.0,30.41,89.0,157.9,2.25,06:09:00,18:32:00
5421,1473414320,9/8/2016 12:00:00 AM,23:45:20,1.44,42.0,30.41,89.0,137.35,5.62,06:09:00,18:32:00
5422,1473414023,9/8/2016 12:00:00 AM,23:40:23,1.75,42.0,30.41,90.0,155.66,3.37,06:09:00,18:32:00
5423,1473413720,9/8/2016 12:00:00 AM,23:35:20,1.49,43.0,30.41,88.0,174.22,5.62,06:09:00,18:32:00
5424,1473413421,9/8/2016 12:00:00 AM,23:30:21,1.58,43.0,30.41,89.0,160.08,4.5,06:09:00,18:32:00
5425,1473413122,9/8/2016 12:00:00 AM,23:25:22,1.54,43.0,30.41,88.0,164.36,5.62,06:09:00,18:32:00
5426,1473412820,9/8/2016 12:00:00 AM,23:20:20,1.55,43.0,30.41,88.0,144.89,4.5,06:09:00,18:32:00
5427,1473412520,9/8/2016 12:00:00 AM,23:15:20,1.78,43.0,30.42,88.0,156.48,6.75,06:09:00,18:32:00
5428,1473412220,9/8/2016 12:00:00 AM,23:10:20,1.57,43.0,30.41,88.0,159.15,3.37,06:09:00,18:32:00
5429,1473411922,9/8/2016 12:00:00 AM,23:05:22,1.47,44.0,30.41,87.0,158.42,4.5,06:09:00,18:32:00
5430,1473411619,9/8/2016 12:00:00 AM,23:00:19,1.62,44.0,30.41,87.0,156.96,5.62,06:09:00,18:32:00
5431,1473411321,9/8/2016 12:00:00 AM,22:55:21,1.72,44.0,30.41,88.0,144.11,5.62,06:09:00,18:32:00
5432,1473411024,9/8/2016 12:00:00 AM,22:50:24,1.58,44.0,30.41,88.0,159.01,6.75,06:09:00,18:32:00
5433,1473410723,9/8/2016 12:00:00 AM,22:45:23,1.53,44.0,30.42,88.0,154.51,9.0,06:09:00,18:32:00
5434,1473410426,9/8/2016 12:00:00 AM,22:40:26,1.59,44.0,30.42,89.0,169.1,6.75,06:09:00,18:32:00
5435,1473410125,9/8/2016 12:00:00 AM,22:35:25,1.5,44.0,30.42,90.0,149.85,6.75,06:09:00,18:32:00
5436,1473409823,9/8/2016 12:00:00 AM,22:30:23,1.51,44.0,30.42,90.0,160.77,7.87,06:09:00,18:32:00
5437,1473409525,9/8/2016 12:00:00 AM,22:25:25,1.44,44.0,30.42,91.0,138.36,7.87,06:09:00,18:32:00
5438,1473409222,9/8/2016 12:00:00 AM,22:20:22,1.47,44.0,30.42,91.0,167.43,6.75,06:09:00,18:32:00
5439,1473408918,9/8/2016 12:00:00 AM,22:15:18,1.51,44.0,30.42,91.0,145.64,4.5,06:09:00,18:32:00
5440,1473408618,9/8/2016 12:00:00 AM,22:10:18,1.51,44.0,30.42,91.0,70.31,4.5,06:09:00,18:32:00
5441,1473408321,9/8/2016 12:00:00 AM,22:05:21,1.52,44.0,30.42,91.0,158.02,6.75,06:09:00,18:32:00
5442,1473408020,9/8/2016 12:00:00 AM,22:00:20,1.54,44.0,30.42,91.0,178.04,10.12,06:09:00,18:32:00
5443,1473407722,9/8/2016 12:00:00 AM,21:55:22,1.46,44.0,30.42,91.0,167.99,3.37,06:09:00,18:32:00
5444,1473407420,9/8/2016 12:00:00 AM,21:50:20,1.47,44.0,30.42,91.0,143.54770303349548,2.25,06:09:00,18:32:00
5445,1473407120,9/8/2016 12:00:00 AM,21:45:20,1.4,44.0,30.42,91.0,159.0,3.37,06:09:00,18:32:00
5446,1473406820,9/8/2016 12:00:00 AM,21:40:20,1.43,45.0,30.423028000868246,90.0,138.55,4.5,06:09:00,18:32:00
5447,1473406523,9/8/2016 12:00:00 AM,21:35:23,1.64,45.0,30.42,90.0,130.25,5.62,06:09:00,18:32:00
5448,1473406220,9/8/2016 12:00:00 AM,21:30:20,1.58,44.0,30.42,89.0,128.51,7.87,06:09:00,18:32:00
5449,1473405922,9/8/2016 12:00:00 AM,21:25:22,1.57,44.0,30.42,88.0,155.64,7.87,06:09:00,18:32:00
5450,1473405627,9/8/2016 12:00:00 AM,21:20:27,1.58,44.0,30.42,88.0,131.32,9.0,06:09:00,18:32:00
5451,1473405325,9/8/2016 12:00:00 AM,21:15:25,1.59,44.0,30.42,93.0,104.56,7.87,06:09:00,18:32:00
5452,1473404737,9/8/2016 12:00:00 AM,21:05:37,1.58,44.0,30.41,99.0,148.64,3.37,06:09:00,18:32:00
5453,1473404420,9/8/2016 12:00:00 AM,21:00:20,1.71,44.0,30.41,100.0,153.86,5.62,06:09:00,18:32:00
5454,1473404121,9/8/2016 12:00:00 AM,20:55:21,1.69,44.0,30.41,101.0,151.35,4.5,06:09:00,18:32:00
5455,1473403824,9/8/2016 12:00:00 AM,20:50:24,1.63,44.0,30.41,101.0,152.54,6.75,06:09:00,18:32:00
5456,1473403522,9/8/2016 12:00:00 AM,20:45:22,1.54,45.0,30.41,101.0,177.73,2.25,06:09:00,18:32:00
5457,1473403219,9/8/2016 12:00:00 AM,20:40:19,1.59,46.0,30.41,101.0,139.77,9.0,06:09:00,18:32:00
5458,1473402921,9/8/2016 12:00:00 AM,20:35:21,1.48,46.0,30.41,101.0,114.75,5.62,06:09:00,18:32:00
5459,1473402621,9/8/2016 12:00:00 AM,20:30:21,1.75,47.0,30.41,101.0,140.34,5.62,06:09:00,18:32:00
5460,1473402325,9/8/2016 12:00:00 AM,20:25:25,1.42,47.0,30.41,101.0,95.12,4.5,06:09:00,18:32:00
5461,1473402025,9/8/2016 12:00:00 AM,20:20:25,1.61,48.0,30.4,101.0,129.03,4.5,06:09:00,18:32:00
5462,1473401722,9/8/2016 12:00:00 AM,20:15:22,1.51,47.0,30.4,101.0,128.88,4.5,06:09:00,18:32:00
5463,1473401424,9/8/2016 12:00:00 AM,20:10:24,1.51,48.0,30.4,101.0,89.13,2.25,06:09:00,18:32:00
5464,1473401130,9/8/2016 12:00:00 AM,20:05:30,1.49,48.0,30.4,101.0,75.69,3.37,06:09:00,18:32:00
5465,1473400825,9/8/2016 12:00:00 AM,20:00:25,1.51,48.0,30.4,101.0,70.23,2.25,06:09:00,18:32:00
5466,1473400520,9/8/2016 12:00:00 AM,19:55:20,1.54,48.0,30.4,101.0,71.92,2.25,06:09:00,18:32:00
5467,1473400221,9/8/2016 12:00:00 AM,19:50:21,2.19,48.0,30.4,101.0,107.41,3.37,06:09:00,18:32:00
5468,1473399919,9/8/2016 12:00:00 AM,19:45:19,1.49,48.0,30.4,101.0,136.42,4.5,06:09:00,18:32:00
5469,1473399623,9/8/2016 12:00:00 AM,19:40:23,2.08,48.0,30.4,101.0,90.63,4.5,06:09:00,18:32:00
5470,1473399320,9/8/2016 12:00:00 AM,19:35:20,3.37,48.0,30.4,101.0,68.21,3.37,06:09:00,18:32:00
5471,1473399024,9/8/2016 12:00:00 AM,19:30:24,1.78,49.0,30.4,101.0,83.93,2.25,06:09:00,18:32:00
5472,1473398726,9/8/2016 12:00:00 AM,19:25:26,1.87,49.0,30.4,101.0,63.97,3.37,06:09:00,18:32:00
5473,1473398422,9/8/2016 12:00:00 AM,19:20:22,1.94,49.0,30.4,101.0,67.19,3.37,06:09:00,18:32:00
5474,1473398124,9/8/2016 12:00:00 AM,19:15:24,1.61,49.0,30.4,101.0,53.94,3.37,06:09:00,18:32:00
5475,1473397822,9/8/2016 12:00:00 AM,19:10:22,1.9,49.0,30.4,101.0,36.31,4.5,06:09:00,18:32:00
5476,1473397521,9/8/2016 12:00:00 AM,19:05:21,1.72,49.0,30.39,101.0,55.1,1.12,06:09:00,18:32:00
5477,1473397221,9/8/2016 12:00:00 AM,19:00:21,1.62,49.0,30.4,101.0,35.94,4.5,06:09:00,18:32:00
5478,1473396921,9/8/2016 12:00:00 AM,18:55:21,2.13,50.0,30.39,101.0,79.98,1.12,06:09:00,18:32:00
5479,1473396620,9/8/2016 12:00:00 AM,18:50:20,1.54,50.0,30.39,101.0,82.69,2.25,06:09:00,18:32:00
5480,1473396326,9/8/2016 12:00:00 AM,18:45:26,2.18,49.0,30.39,101.0,54.83,1.12,06:09:00,18:32:00
5481,1473396025,9/8/2016 12:00:00 AM,18:40:25,3.59,50.0,30.39,101.0,54.56,2.25,06:09:00,18:32:00
5482,1473395720,9/8/2016 12:00:00 AM,18:35:20,3.91,50.0,30.4,101.0,32.82,3.37,06:09:00,18:32:00
5483,1473395422,9/8/2016 12:00:00 AM,18:30:22,4.11,50.0,30.4,101.0,43.98,3.37,06:09:00,18:32:00
5484,1473395124,9/8/2016 12:00:00 AM,18:25:24,4.99,50.0,30.4,100.0,57.01,1.12,06:09:00,18:32:00
5485,1473394824,9/8/2016 12:00:00 AM,18:20:24,8.77,50.0,30.39,100.0,57.69,0.0,06:09:00,18:32:00
5486,1473394520,9/8/2016 12:00:00 AM,18:15:20,11.7,50.0,30.39,100.0,30.31,4.5,06:09:00,18:32:00
5487,1473394222,9/8/2016 12:00:00 AM,18:10:22,15.64,50.0,30.39,100.0,57.48,3.37,06:09:00,18:32:00
5488,1473385825,9/8/2016 12:00:00 AM,15:50:25,260.11,55.0,30.39,92.0,22.23,3.37,06:09:00,18:32:00
5489,1473383124,9/8/2016 12:00:00 AM,15:05:24,502.03,55.0,30.39,92.0,336.03,2.25,06:09:00,18:32:00
5490,1473382224,9/8/2016 12:00:00 AM,14:50:24,375.57,55.0,30.4,91.0,337.77,6.75,06:09:00,18:32:00
5491,1473380421,9/8/2016 12:00:00 AM,14:20:21,611.7,55.0,30.4,94.0,32.83,5.62,06:09:00,18:32:00
5492,1473370521,9/8/2016 12:00:00 AM,11:35:21,490.29,57.0,30.44,76.0,2.69,3.37,06:09:00,18:32:00
5493,1473366624,9/8/2016 12:00:00 AM,10:30:24,970.12,57.0,30.44,72.0,32.63,1.12,06:09:00,18:32:00
5494,1473353423,9/8/2016 12:00:00 AM,06:50:23,26.75,46.0,30.42,69.0,108.47,3.37,06:09:00,18:32:00
5495,1473351022,9/8/2016 12:00:00 AM,06:10:22,10.56,44.0,30.41,67.0,198.07,6.75,06:09:00,18:32:00
5496,1473350426,9/8/2016 12:00:00 AM,06:00:26,6.47,45.0,30.41,66.0,197.65,4.5,06:09:00,18:32:00
5497,1473349827,9/8/2016 12:00:00 AM,05:50:27,2.37,45.0,30.41,64.0,198.48,3.37,06:09:00,18:32:00
5498,1473349526,9/8/2016 12:00:00 AM,05:45:26,2.37,44.0,30.41,64.0,200.3,6.75,06:09:00,18:32:00
5499,1473349221,9/8/2016 12:00:00 AM,05:40:21,2.21,43.0,30.4,66.0,205.21,7.87,06:09:00,18:32:00
5500,1473348922,9/8/2016 12:00:00 AM,05:35:22,2.29,43.0,30.4,68.0,193.38,5.62,06:09:00,18:32:00
5501,1473348623,9/8/2016 12:00:00 AM,05:30:23,2.26,42.0,30.4,70.0,196.12,7.87,06:09:00,18:32:00
5502,1473348320,9/8/2016 12:00:00 AM,05:25:20,2.25,42.0,30.4,71.0,182.13,5.62,06:09:00,18:32:00
5503,1473348026,9/8/2016 12:00:00 AM,05:20:26,2.32,42.0,30.4,73.0,167.8,4.5,06:09:00,18:32:00
5504,1473347721,9/8/2016 12:00:00 AM,05:15:21,2.31,42.0,30.4,74.0,178.63,6.75,06:09:00,18:32:00
5505,1473347419,9/8/2016 12:00:00 AM,05:10:19,2.24,43.0,30.4,75.0,190.59,2.25,06:09:00,18:32:00
5506,1473347124,9/8/2016 12:00:00 AM,05:05:24,2.01,43.0,30.4,75.0,190.63,3.37,06:09:00,18:32:00
5507,1473346823,9/8/2016 12:00:00 AM,05:00:23,2.14,43.0,30.4,74.0,188.66,7.87,06:09:00,18:32:00
5508,1473346523,9/8/2016 12:00:00 AM,04:55:23,2.1,43.0,30.4,75.0,196.68,5.62,06:09:00,18:32:00
5509,1473346224,9/8/2016 12:00:00 AM,04:50:24,2.25,43.0,30.4,74.0,191.25,6.75,06:09:00,18:32:00
5510,1473345925,9/8/2016 12:00:00 AM,04:45:25,2.4,43.0,30.4,74.0,197.0,5.62,06:09:00,18:32:00
5511,1473345625,9/8/2016 12:00:00 AM,04:40:25,2.75,43.0,30.4,73.0,201.29,5.62,06:09:00,18:32:00
5512,1473345321,9/8/2016 12:00:00 AM,04:35:21,2.58,44.0,30.4,71.0,175.49,4.5,06:09:00,18:32:00
5513,1473345024,9/8/2016 12:00:00 AM,04:30:24,2.8,44.0,30.4,71.0,140.47,1.12,06:09:00,18:32:00
5514,1473344719,9/8/2016 12:00:00 AM,04:25:19,2.62,44.0,30.4,72.0,122.19,4.5,06:09:00,18:32:00
5515,1473344422,9/8/2016 12:00:00 AM,04:20:22,2.87,44.0,30.4,69.0,195.52,4.5,06:09:00,18:32:00
5516,1473344123,9/8/2016 12:00:00 AM,04:15:23,2.34,44.0,30.39,69.0,195.84,7.87,06:09:00,18:32:00
5517,1473343819,9/8/2016 12:00:00 AM,04:10:19,2.6,44.0,30.39,69.0,196.47,5.62,06:09:00,18:32:00
5518,1473343522,9/8/2016 12:00:00 AM,04:05:22,2.67,44.0,30.39,69.0,196.37,9.0,06:09:00,18:32:00
5519,1473343222,9/8/2016 12:00:00 AM,04:00:22,2.2,44.0,30.39,67.0,191.21,9.0,06:09:00,18:32:00
5520,1473342924,9/8/2016 12:00:00 AM,03:55:24,2.06,43.0,30.4,68.0,193.76,4.5,06:09:00,18:32:00
5521,1473342623,9/8/2016 12:00:00 AM,03:50:23,1.96,43.0,30.4,69.0,194.5,6.75,06:09:00,18:32:00
5522,1473342326,9/8/2016 12:00:00 AM,03:45:26,2.1,43.0,30.4,71.0,189.28,5.62,06:09:00,18:32:00
5523,1473342023,9/8/2016 12:00:00 AM,03:40:23,2.09,43.0,30.4,71.0,194.52,4.5,06:09:00,18:32:00
5524,1473341726,9/8/2016 12:00:00 AM,03:35:26,2.19,43.0,30.4,71.0,189.69,6.75,06:09:00,18:32:00
5525,1473341123,9/8/2016 12:00:00 AM,03:25:23,1.94,43.0,30.4,69.0,193.79,7.87,06:09:00,18:32:00
5526,1473340823,9/8/2016 12:00:00 AM,03:20:23,2.13,43.0,30.4,71.0,183.06,5.62,06:09:00,18:32:00
5527,1473340525,9/8/2016 12:00:00 AM,03:15:25,2.04,43.0,30.4,72.0,112.4,3.37,06:09:00,18:32:00
5528,1473340220,9/8/2016 12:00:00 AM,03:10:20,2.34,43.0,30.4,66.0,186.92,2.25,06:09:00,18:32:00
5529,1473339921,9/8/2016 12:00:00 AM,03:05:21,2.74,43.0,30.4,67.0,186.06,2.25,06:09:00,18:32:00
5530,1473339621,9/8/2016 12:00:00 AM,03:00:21,3.23,43.0,30.4,68.0,183.97,4.5,06:09:00,18:32:00
5531,1473339321,9/8/2016 12:00:00 AM,02:55:21,2.67,51.16507236474315,30.4,69.0,179.48,3.37,06:09:00,18:32:00
5532,1473339022,9/8/2016 12:00:00 AM,02:50:22,3.28,44.0,30.4,68.0,182.36,3.37,06:09:00,18:32:00
5533,1473338718,9/8/2016 12:00:00 AM,02:45:18,3.02,44.0,30.4,66.0,179.64,4.5,06:09:00,18:32:00
5534,1473338420,9/8/2016 12:00:00 AM,02:40:20,3.07,44.0,30.4,63.0,178.69,6.229096658193317,06:09:00,18:32:00
5535,1473338123,9/8/2016 12:00:00 AM,02:35:23,3.29,45.0,30.4,62.0,178.69,3.37,06:09:00,18:32:00
5536,1473337824,9/8/2016 12:00:00 AM,02:30:24,2.14,45.0,30.4,61.0,189.59,4.5,06:09:00,18:32:00
5537,1473337522,9/8/2016 12:00:00 AM,02:25:22,2.42,45.0,30.4,59.0,190.95,1.12,06:09:00,18:32:00
5538,1473337223,9/8/2016 12:00:00 AM,02:20:23,2.63,45.0,30.4,61.0,188.18,5.62,06:09:00,18:32:00
5539,1473336922,9/8/2016 12:00:00 AM,02:15:22,2.5,45.0,30.41,58.0,168.9,3.37,06:09:00,18:32:00
5540,1473336620,9/8/2016 12:00:00 AM,02:10:20,2.71,45.0,30.41,59.0,358.37,3.37,06:09:00,18:32:00
5541,1473336321,9/8/2016 12:00:00 AM,02:05:21,2.04,45.0,30.41,60.0,188.55,9.0,06:09:00,18:32:00
5542,1473336020,9/8/2016 12:00:00 AM,02:00:20,2.13,45.0,30.41,60.0,185.94,5.62,06:09:00,18:32:00
5543,1473335723,9/8/2016 12:00:00 AM,01:55:23,2.26,45.0,30.41,59.0,185.36,6.75,06:09:00,18:32:00
5544,1473335421,9/8/2016 12:00:00 AM,01:50:21,2.47,45.0,30.41,56.0,165.23,4.5,06:09:00,18:32:00
5545,1473335121,9/8/2016 12:00:00 AM,01:45:21,2.42,45.0,30.41,51.0,146.35,1.12,06:09:00,18:32:00
5546,1473334824,9/8/2016 12:00:00 AM,01:40:24,2.37,45.0,30.42,56.0,157.38,4.5,06:09:00,18:32:00
5547,1473334524,9/8/2016 12:00:00 AM,01:35:24,2.16,45.0,30.42,56.0,180.61,5.62,06:09:00,18:32:00
5548,1473334220,9/8/2016 12:00:00 AM,01:30:20,2.55,46.0,30.42,53.0,188.13,6.75,06:09:00,18:32:00
5549,1473333921,9/8/2016 12:00:00 AM,01:25:21,2.47,47.0,30.42,51.0,192.1,6.75,06:09:00,18:32:00
5550,1473333622,9/8/2016 12:00:00 AM,01:20:22,2.74,47.0,30.42,50.0,166.5,6.75,06:09:00,18:32:00
5551,1473333325,9/8/2016 12:00:00 AM,01:15:25,2.66,47.0,30.42,49.0,144.47,4.5,06:09:00,18:32:00
5552,1473333026,9/8/2016 12:00:00 AM,01:10:26,2.66,46.0,30.42,49.0,83.35,6.75,06:09:00,18:32:00
5553,1473332721,9/8/2016 12:00:00 AM,01:05:21,2.25,46.0,30.42,53.0,108.35,5.62,06:09:00,18:32:00
5554,1473332423,9/8/2016 12:00:00 AM,01:00:23,2.22,46.0,30.42,52.0,125.88,4.5,06:09:00,18:32:00
5555,1473332124,9/8/2016 12:00:00 AM,00:55:24,2.51,45.0,30.42,53.0,148.31,4.5,06:09:00,18:32:00
5556,1473331827,9/8/2016 12:00:00 AM,00:50:27,2.3,45.0,30.42,59.0,97.0,1.12,06:09:00,18:32:00
5557,1473330320,9/8/2016 12:00:00 AM,00:25:20,3.13,46.0,30.43,66.0,155.89,9.0,06:09:00,18:32:00
5558,1473330022,9/8/2016 12:00:00 AM,00:20:22,3.14,46.0,30.43,62.0,134.84,6.75,06:09:00,18:32:00
5559,1473329122,9/8/2016 12:00:00 AM,00:05:22,2.28,47.0,30.43,65.0,168.97,5.62,06:09:00,18:32:00
5560,1473328824,9/8/2016 12:00:00 AM,00:00:24,2.56,48.0,30.44,61.0,122.08,2.25,06:09:00,18:32:00
5561,1473328519,9/7/2016 12:00:00 AM,23:55:19,2.77,48.0,30.44,54.0,117.59,2.25,06:08:00,18:33:00
5562,1473328226,9/7/2016 12:00:00 AM,23:50:26,2.8,48.0,30.44,54.0,130.7,9.0,06:08:00,18:33:00
5563,1473327923,9/7/2016 12:00:00 AM,23:45:23,3.24,48.0,30.44,50.0,89.38,6.75,06:08:00,18:33:00
5564,1473327622,9/7/2016 12:00:00 AM,23:40:22,3.36,48.0,30.44,49.0,128.34,2.25,06:08:00,18:33:00
5565,1473327326,9/7/2016 12:00:00 AM,23:35:26,2.74,48.0,30.44,50.0,150.09,2.25,06:08:00,18:33:00
5566,1473326720,9/7/2016 12:00:00 AM,23:25:20,2.65,48.0,30.44,47.0,162.83,4.5,06:08:00,18:33:00
5567,1473326424,9/7/2016 12:00:00 AM,23:20:24,2.65,48.0,30.44,49.0,183.11,9.0,06:08:00,18:33:00
5568,1473326122,9/7/2016 12:00:00 AM,23:15:22,2.67,48.0,30.44,50.0,182.01,5.62,06:08:00,18:33:00
5569,1473325822,9/7/2016 12:00:00 AM,23:10:22,2.68,48.0,30.44,50.0,176.2,5.62,06:08:00,18:33:00
5570,1473325521,9/7/2016 12:00:00 AM,23:05:21,2.71,48.0,30.44,51.0,180.26,6.75,06:08:00,18:33:00
5571,1473325223,9/7/2016 12:00:00 AM,23:00:23,3.05,48.0,30.44,48.0,166.13,6.75,06:08:00,18:33:00
5572,1473324922,9/7/2016 12:00:00 AM,22:55:22,3.48,48.0,30.44,49.0,162.44,7.87,06:08:00,18:33:00
5573,1473324623,9/7/2016 12:00:00 AM,22:50:23,3.19,48.0,30.44,49.0,174.83,6.75,06:08:00,18:33:00
5574,1473324325,9/7/2016 12:00:00 AM,22:45:25,3.44,48.0,30.45,50.0,159.4,5.62,06:08:00,18:33:00
5575,1473324021,9/7/2016 12:00:00 AM,22:40:21,3.88,48.0,30.45,49.0,160.08,5.62,06:08:00,18:33:00
5576,1473323723,9/7/2016 12:00:00 AM,22:35:23,3.51,48.0,30.45,50.0,181.44,5.62,06:08:00,18:33:00
5577,1473323419,9/7/2016 12:00:00 AM,22:30:19,3.98,48.0,30.45,50.0,172.16,6.75,06:08:00,18:33:00
5578,1473323121,9/7/2016 12:00:00 AM,22:25:21,4.03,47.0,30.45,51.0,185.79,6.75,06:08:00,18:33:00
5579,1473322820,9/7/2016 12:00:00 AM,22:20:20,2.69,47.0,30.45,52.0,136.0,5.62,06:08:00,18:33:00
5580,1473322520,9/7/2016 12:00:00 AM,22:15:20,2.93,47.0,30.45,53.0,173.79,6.75,06:08:00,18:33:00
5581,1473322227,9/7/2016 12:00:00 AM,22:10:27,2.47,48.0,30.45,55.0,169.94,5.62,06:08:00,18:33:00
5582,1473321926,9/7/2016 12:00:00 AM,22:05:26,2.32,48.0,30.45,55.0,141.9,7.87,06:08:00,18:33:00
5583,1473321626,9/7/2016 12:00:00 AM,22:00:26,2.85,48.0,30.45,53.0,118.23,5.62,06:08:00,18:33:00
5584,1473321321,9/7/2016 12:00:00 AM,21:55:21,2.7,48.0,30.45,53.0,113.65,3.37,06:08:00,18:33:00
5585,1473321024,9/7/2016 12:00:00 AM,21:50:24,2.87,49.0,30.45,51.0,134.52,3.37,06:08:00,18:33:00
5586,1473320723,9/7/2016 12:00:00 AM,21:45:23,2.38,49.0,30.45,52.0,54.95,6.75,06:08:00,18:33:00
5587,1473320428,9/7/2016 12:00:00 AM,21:40:28,2.21,49.0,30.45,53.0,150.04,3.37,06:08:00,18:33:00
5588,1473320122,9/7/2016 12:00:00 AM,21:35:22,2.63,49.0,30.45,49.0,152.94,3.37,06:08:00,18:33:00
5589,1473319824,9/7/2016 12:00:00 AM,21:30:24,2.6,49.0,30.45,50.0,79.66,6.75,06:08:00,18:33:00
5590,1473319521,9/7/2016 12:00:00 AM,21:25:21,2.96,49.0,30.45,50.0,173.21,6.75,06:08:00,18:33:00
5591,1473319224,9/7/2016 12:00:00 AM,21:20:24,2.27,50.0,30.45,52.0,76.03,3.37,06:08:00,18:33:00
5592,1473318923,9/7/2016 12:00:00 AM,21:15:23,2.4,50.0,30.45,46.0,158.8,2.25,06:08:00,18:33:00
5593,1473318621,9/7/2016 12:00:00 AM,21:10:21,2.68,50.0,30.44,74.83719267708949,89.48,2.25,06:08:00,18:33:00
5594,1473318324,9/7/2016 12:00:00 AM,21:05:24,2.38,50.0,30.44,49.0,163.05,3.37,06:08:00,18:33:00
5595,1473318029,9/7/2016 12:00:00 AM,21:00:29,2.57,51.0,30.44,50.0,145.88,5.62,06:08:00,18:33:00
5596,1473317721,9/7/2016 12:00:00 AM,20:55:21,2.6,51.0,30.44,47.0,119.06,9.0,06:08:00,18:33:00
5597,1473317423,9/7/2016 12:00:00 AM,20:50:23,2.88,51.0,30.44,44.0,122.18,7.87,06:08:00,18:33:00
5598,1473317123,9/7/2016 12:00:00 AM,20:45:23,2.81,51.0,30.44,46.0,158.25,5.62,06:08:00,18:33:00
5599,1473316819,9/7/2016 12:00:00 AM,20:40:19,3.13,52.0,30.44,42.0,149.2,4.5,06:08:00,18:33:00
5600,1473316524,9/7/2016 12:00:00 AM,20:35:24,2.99,52.0,30.44,46.0,103.4,5.62,06:08:00,18:33:00
5601,1473316222,9/7/2016 12:00:00 AM,20:30:22,2.83,52.0,30.44,46.0,174.65,9.0,06:08:00,18:33:00
5602,1473315920,9/7/2016 12:00:00 AM,20:25:20,2.22,52.0,30.44,44.0,137.14,6.75,06:08:00,18:33:00
5603,1473315626,9/7/2016 12:00:00 AM,20:20:26,2.6,52.0,30.44,45.0,161.9,5.62,06:08:00,18:33:00
5604,1473315325,9/7/2016 12:00:00 AM,20:15:25,2.4,52.0,30.44,46.0,150.04,6.75,06:08:00,18:33:00
5605,1473315024,9/7/2016 12:00:00 AM,20:10:24,2.15,52.0,30.43,47.0,155.29,6.75,06:08:00,18:33:00
5606,1473314731,9/7/2016 12:00:00 AM,20:05:31,2.42,51.0,30.43,48.0,153.75,4.5,06:08:00,18:33:00
5607,1473314125,9/7/2016 12:00:00 AM,19:55:25,2.56,51.0,30.43,55.0,149.27,4.5,06:08:00,18:33:00
5608,1473313820,9/7/2016 12:00:00 AM,19:50:20,2.79,51.0,30.43,55.0,166.46,2.25,06:08:00,18:33:00
5609,1473313522,9/7/2016 12:00:00 AM,19:45:22,2.93,52.0,30.43,61.0,175.4,3.37,06:08:00,18:33:00
5610,1473313232,9/7/2016 12:00:00 AM,19:40:32,3.31,53.0,30.43,71.0,135.18,4.5,06:08:00,18:33:00
5611,1473312924,9/7/2016 12:00:00 AM,19:35:24,2.97,53.0,30.43,58.0,98.2,3.37,06:08:00,18:33:00
5612,1473312621,9/7/2016 12:00:00 AM,19:30:21,1.81,53.0,30.42,51.0,132.29,2.25,06:08:00,18:33:00
5613,1473312321,9/7/2016 12:00:00 AM,19:25:21,1.96,53.0,30.42,51.0,160.46,3.37,06:08:00,18:33:00
5614,1473312020,9/7/2016 12:00:00 AM,19:20:20,2.07,53.0,30.42,51.0,164.57,4.5,06:08:00,18:33:00
5615,1473311721,9/7/2016 12:00:00 AM,19:15:21,2.11,53.0,30.42,54.0,159.17,6.75,06:08:00,18:33:00
5616,1473311421,9/7/2016 12:00:00 AM,19:10:21,2.12,54.0,30.42,57.0,122.51,1.12,06:08:00,18:33:00
5617,1473311122,9/7/2016 12:00:00 AM,19:05:22,2.24,54.0,30.42,64.0,135.03,2.25,06:08:00,18:33:00
5618,1473310823,9/7/2016 12:00:00 AM,19:00:23,2.15,54.0,30.42,68.0,87.84,3.37,06:08:00,18:33:00
5619,1473310526,9/7/2016 12:00:00 AM,18:55:26,2.16,53.0,30.42,70.0,141.59,3.37,06:08:00,18:33:00
5620,1473310219,9/7/2016 12:00:00 AM,18:50:19,2.06,53.0,30.42,73.0,72.39,1.12,06:08:00,18:33:00
5621,1473309920,9/7/2016 12:00:00 AM,18:45:20,2.08,53.0,30.42,80.0,140.01,3.37,06:08:00,18:33:00
5622,1473309322,9/7/2016 12:00:00 AM,18:35:22,5.29,54.0,30.41,89.0,55.94,0.0,06:08:00,18:33:00
5623,1473309022,9/7/2016 12:00:00 AM,18:30:22,7.63,55.0,30.41,88.0,75.96,0.0,06:08:00,18:33:00
5624,1473308424,9/7/2016 12:00:00 AM,18:20:24,15.91,56.0,30.41,85.0,41.59,2.25,06:08:00,18:33:00
5625,1473307523,9/7/2016 12:00:00 AM,18:05:23,37.14,57.0,30.41,84.0,72.91,1.12,06:08:00,18:33:00
5626,1473307223,9/7/2016 12:00:00 AM,18:00:23,55.99,57.0,30.41,83.0,20.88,4.5,06:08:00,18:33:00
5627,1473306622,9/7/2016 12:00:00 AM,17:50:22,100.84,57.0,30.423028000868246,82.0,72.85,5.62,06:08:00,18:33:00
5628,1473302720,9/7/2016 12:00:00 AM,16:45:20,423.57,60.0,30.4,68.0,13.24,3.37,06:08:00,18:33:00
5629,1473300325,9/7/2016 12:00:00 AM,16:05:25,583.94,61.0,30.41,61.0,22.4,3.37,06:08:00,18:33:00
5630,1473299720,9/7/2016 12:00:00 AM,15:55:20,622.27,61.0,30.41,56.0,9.71,4.5,06:08:00,18:33:00
5631,1473297624,9/7/2016 12:00:00 AM,15:20:24,747.76,61.0,30.41,71.0,36.9,6.75,06:08:00,18:33:00
5632,1473295524,9/7/2016 12:00:00 AM,14:45:24,864.37,62.0,30.41,66.0,24.06,9.0,06:08:00,18:33:00
5633,1473291626,9/7/2016 12:00:00 AM,13:40:26,1007.24,59.0,30.43,78.0,2.1,6.75,06:08:00,18:33:00
5634,1473291324,9/7/2016 12:00:00 AM,13:35:24,1018.91,59.0,30.43,76.0,4.28,2.25,06:08:00,18:33:00
5635,1473290425,9/7/2016 12:00:00 AM,13:20:25,1041.17,59.0,30.43,77.0,46.37,9.0,06:08:00,18:33:00
5636,1473288923,9/7/2016 12:00:00 AM,12:55:23,1069.2,59.0,30.43,80.0,1.88,4.5,06:08:00,18:33:00
5637,1473285323,9/7/2016 12:00:00 AM,11:55:23,1075.35,58.0,30.44,74.83719267708949,10.55,7.87,06:08:00,18:33:00
5638,1473280821,9/7/2016 12:00:00 AM,10:40:21,1005.15,57.0,30.44,85.0,335.88,6.229096658193317,06:08:00,18:33:00
5639,1473280525,9/7/2016 12:00:00 AM,10:35:25,747.74,57.0,30.44,86.0,28.35,5.62,06:08:00,18:33:00
5640,1473280227,9/7/2016 12:00:00 AM,10:30:27,510.87,57.0,30.44,85.0,48.18,9.0,06:08:00,18:33:00
5641,1473279919,9/7/2016 12:00:00 AM,10:25:19,1060.72,57.0,30.44,87.0,52.87,11.25,06:08:00,18:33:00
5642,1473279624,9/7/2016 12:00:00 AM,10:20:24,859.78,56.0,30.44,88.0,13.37,4.5,06:08:00,18:33:00
5643,1473279322,9/7/2016 12:00:00 AM,10:15:22,1036.1,56.0,30.45,90.0,357.7,3.37,06:08:00,18:33:00
5644,1473279020,9/7/2016 12:00:00 AM,10:10:20,515.29,56.0,30.45,91.0,60.65,7.87,06:08:00,18:33:00
5645,1473278724,9/7/2016 12:00:00 AM,10:05:24,600.27,56.0,30.45,92.0,69.37,5.62,06:08:00,18:33:00
5646,1473278418,9/7/2016 12:00:00 AM,10:00:18,1044.73,56.0,30.45,89.0,342.81,1.12,06:08:00,18:33:00
5647,1473278121,9/7/2016 12:00:00 AM,09:55:21,640.71,55.0,30.45,88.0,53.59,3.37,06:08:00,18:33:00
5648,1473277819,9/7/2016 12:00:00 AM,09:50:19,619.73,55.0,30.45,91.0,2.37,2.25,06:08:00,18:33:00
5649,1473277535,9/7/2016 12:00:00 AM,09:45:35,637.36,55.0,30.45,92.0,46.52,3.37,06:08:00,18:33:00
5650,1473277224,9/7/2016 12:00:00 AM,09:40:24,983.69,55.0,30.45,90.0,3.2,6.75,06:08:00,18:33:00
5651,1473276923,9/7/2016 12:00:00 AM,09:35:23,517.55,55.0,30.45,88.0,26.39,2.25,06:08:00,18:33:00
5652,1473276621,9/7/2016 12:00:00 AM,09:30:21,480.37,55.0,30.45,89.0,18.31,7.87,06:08:00,18:33:00
5653,1473276322,9/7/2016 12:00:00 AM,09:25:22,319.84,55.0,30.45,91.0,32.26,2.25,06:08:00,18:33:00
5654,1473276021,9/7/2016 12:00:00 AM,09:20:21,832.45,54.0,30.45,95.0,57.28,5.62,06:08:00,18:33:00
5655,1473275721,9/7/2016 12:00:00 AM,09:15:21,698.69,53.0,30.45,95.0,79.62,6.75,06:08:00,18:33:00
5656,1473275421,9/7/2016 12:00:00 AM,09:10:21,380.59,53.0,30.45,97.0,25.19,5.62,06:08:00,18:33:00
5657,1473275125,9/7/2016 12:00:00 AM,09:05:25,365.79,53.0,30.45,97.0,75.78,4.5,06:08:00,18:33:00
5658,1473274820,9/7/2016 12:00:00 AM,09:00:20,412.69,53.0,30.45,99.0,43.73,3.37,06:08:00,18:33:00
5659,1473274521,9/7/2016 12:00:00 AM,08:55:21,229.38,52.0,30.45,99.0,30.7,4.5,06:08:00,18:33:00
5660,1473274219,9/7/2016 12:00:00 AM,08:50:19,368.25,52.0,30.44,99.0,27.69,3.37,06:08:00,18:33:00
5661,1473273918,9/7/2016 12:00:00 AM,08:45:18,349.22,52.0,30.423028000868246,99.0,58.44,3.37,06:08:00,18:33:00
5662,1473273630,9/7/2016 12:00:00 AM,08:40:30,401.65,52.0,30.44,99.0,54.97,4.5,06:08:00,18:33:00
5663,1473273326,9/7/2016 12:00:00 AM,08:35:26,278.69,52.0,30.44,99.0,348.51,3.37,06:08:00,18:33:00
5664,1473273020,9/7/2016 12:00:00 AM,08:30:20,330.6,52.0,30.44,99.0,323.93,3.37,06:08:00,18:33:00
5665,1473272723,9/7/2016 12:00:00 AM,08:25:23,326.79,52.0,30.44,98.0,73.69,1.12,06:08:00,18:33:00
5666,1473272427,9/7/2016 12:00:00 AM,08:20:27,303.69,52.0,30.44,98.0,113.57,4.5,06:08:00,18:33:00
5667,1473272120,9/7/2016 12:00:00 AM,08:15:20,316.83,52.0,30.44,98.0,81.92,7.87,06:08:00,18:33:00
5668,1473271823,9/7/2016 12:00:00 AM,08:10:23,355.89,52.0,30.44,97.0,43.61,3.37,06:08:00,18:33:00
5669,1473271522,9/7/2016 12:00:00 AM,08:05:22,335.14,52.0,30.44,97.0,111.66,5.62,06:08:00,18:33:00
5670,1473271219,9/7/2016 12:00:00 AM,08:00:19,346.39,52.0,30.44,96.0,66.64,3.37,06:08:00,18:33:00
5671,1473270919,9/7/2016 12:00:00 AM,07:55:19,252.02,52.0,30.44,95.0,107.59,3.37,06:08:00,18:33:00
5672,1473270625,9/7/2016 12:00:00 AM,07:50:25,321.17,52.0,30.44,95.0,102.35,1.12,06:08:00,18:33:00
5673,1473270324,9/7/2016 12:00:00 AM,07:45:24,269.56,51.0,30.43,95.0,157.94,5.62,06:08:00,18:33:00
5674,1473270019,9/7/2016 12:00:00 AM,07:40:19,326.71,51.0,30.43,95.0,130.07,9.0,06:08:00,18:33:00
5675,1473269722,9/7/2016 12:00:00 AM,07:35:22,312.71,51.0,30.43,95.0,122.85,5.62,06:08:00,18:33:00
5676,1473269422,9/7/2016 12:00:00 AM,07:30:22,217.87,50.0,30.43,95.0,175.46,5.62,06:08:00,18:33:00
5677,1473269120,9/7/2016 12:00:00 AM,07:25:20,267.26,50.0,30.43,94.0,133.6,4.5,06:08:00,18:33:00
5678,1473268824,9/7/2016 12:00:00 AM,07:20:24,237.62,50.0,30.43,94.0,141.7,7.87,06:08:00,18:33:00
5679,1473268523,9/7/2016 12:00:00 AM,07:15:23,248.85,50.0,30.43,94.0,125.88,9.0,06:08:00,18:33:00
5680,1473268218,9/7/2016 12:00:00 AM,07:10:18,218.21,49.0,30.43,95.0,129.21,10.12,06:08:00,18:33:00
5681,1473267920,9/7/2016 12:00:00 AM,07:05:20,189.73,48.0,30.43,96.0,136.94,9.0,06:08:00,18:33:00
5682,1473267621,9/7/2016 12:00:00 AM,07:00:21,169.8,47.0,30.43,96.0,168.04,4.5,06:08:00,18:33:00
5683,1473267319,9/7/2016 12:00:00 AM,06:55:19,26.74,46.0,30.42,95.0,186.19,2.25,06:08:00,18:33:00
5684,1473267020,9/7/2016 12:00:00 AM,06:50:20,20.21,46.0,30.42,94.0,157.75,4.5,06:08:00,18:33:00
5685,1473266721,9/7/2016 12:00:00 AM,06:45:21,19.15,45.0,30.42,91.0,152.99,5.62,06:08:00,18:33:00
5686,1473266421,9/7/2016 12:00:00 AM,06:40:21,18.03,45.0,30.42,90.0,168.3,5.62,06:08:00,18:33:00
5687,1473266120,9/7/2016 12:00:00 AM,06:35:20,16.82,45.0,30.42,90.0,152.52,6.75,06:08:00,18:33:00
5688,1473265818,9/7/2016 12:00:00 AM,06:30:18,15.34,45.0,30.42,85.0,155.73,3.37,06:08:00,18:33:00
5689,1473265518,9/7/2016 12:00:00 AM,06:25:18,13.74,45.0,30.41,82.0,186.0,3.37,06:08:00,18:33:00
5690,1473265221,9/7/2016 12:00:00 AM,06:20:21,12.08,45.0,30.41,83.0,176.6,4.5,06:08:00,18:33:00
5691,1473264922,9/7/2016 12:00:00 AM,06:15:22,10.2,45.0,30.41,81.0,136.25,5.62,06:08:00,18:33:00
5692,1473264623,9/7/2016 12:00:00 AM,06:10:23,8.07,45.0,30.41,78.0,164.08,3.37,06:08:00,18:33:00
5693,1473264322,9/7/2016 12:00:00 AM,06:05:22,5.61,45.0,30.41,68.0,199.79,6.75,06:08:00,18:33:00
5694,1473264019,9/7/2016 12:00:00 AM,06:00:19,3.33,45.0,30.41,63.0,152.04,5.62,06:08:00,18:33:00
5695,1473263720,9/7/2016 12:00:00 AM,05:55:20,2.11,44.0,30.41,58.0,156.19,3.37,06:08:00,18:33:00
5696,1473263421,9/7/2016 12:00:00 AM,05:50:21,1.97,44.0,30.41,56.0,166.35,7.87,06:08:00,18:33:00
5697,1473263122,9/7/2016 12:00:00 AM,05:45:22,2.0,44.0,30.41,58.0,157.51,5.62,06:08:00,18:33:00
5698,1473262824,9/7/2016 12:00:00 AM,05:40:24,1.92,44.0,30.41,61.0,156.11,7.87,06:08:00,18:33:00
5699,1473262523,9/7/2016 12:00:00 AM,05:35:23,2.03,44.0,30.41,61.0,178.74,6.75,06:08:00,18:33:00
5700,1473262223,9/7/2016 12:00:00 AM,05:30:23,2.16,44.0,30.4,61.0,163.32,5.62,06:08:00,18:33:00
5701,1473261919,9/7/2016 12:00:00 AM,05:25:19,2.11,43.0,30.4,61.0,161.59,4.5,06:08:00,18:33:00
5702,1473261623,9/7/2016 12:00:00 AM,05:20:23,2.29,43.0,30.4,62.0,166.01,7.87,06:08:00,18:33:00
5703,1473261318,9/7/2016 12:00:00 AM,05:15:18,2.4,43.0,30.4,63.0,158.52,6.75,06:08:00,18:33:00
5704,1473261020,9/7/2016 12:00:00 AM,05:10:20,2.37,44.0,30.4,62.0,154.6,4.5,06:08:00,18:33:00
5705,1473260727,9/7/2016 12:00:00 AM,05:05:27,2.41,44.0,30.4,64.0,177.88,3.37,06:08:00,18:33:00
5706,1473260421,9/7/2016 12:00:00 AM,05:00:21,2.61,44.0,30.4,65.0,170.24,6.75,06:08:00,18:33:00
5707,1473260122,9/7/2016 12:00:00 AM,04:55:22,2.41,44.0,30.4,71.0,168.45,3.37,06:08:00,18:33:00
5708,1473259819,9/7/2016 12:00:00 AM,04:50:19,2.06,44.0,30.4,65.0,177.91,4.5,06:08:00,18:33:00
5709,1473259519,9/7/2016 12:00:00 AM,04:45:19,2.46,44.0,30.4,64.0,154.65,5.62,06:08:00,18:33:00
5710,1473259220,9/7/2016 12:00:00 AM,04:40:20,2.52,43.0,30.4,67.0,167.73,4.5,06:08:00,18:33:00
5711,1473258926,9/7/2016 12:00:00 AM,04:35:26,2.52,43.0,30.4,67.0,172.53,4.5,06:08:00,18:33:00
5712,1473258622,9/7/2016 12:00:00 AM,04:30:22,2.21,43.0,30.4,68.0,155.16,5.62,06:08:00,18:33:00
5713,1473258320,9/7/2016 12:00:00 AM,04:25:20,2.49,43.0,30.39,67.0,177.78,5.62,06:08:00,18:33:00
5714,1473258024,9/7/2016 12:00:00 AM,04:20:24,2.37,43.0,30.39,68.0,176.98,6.75,06:08:00,18:33:00
5715,1473257722,9/7/2016 12:00:00 AM,04:15:22,2.39,43.0,30.39,68.0,189.93,7.87,06:08:00,18:33:00
5716,1473257422,9/7/2016 12:00:00 AM,04:10:22,2.32,43.0,30.39,67.0,181.32,5.62,06:08:00,18:33:00
5717,1473257119,9/7/2016 12:00:00 AM,04:05:19,2.88,43.0,30.39,67.0,176.1,5.62,06:08:00,18:33:00
5718,1473256822,9/7/2016 12:00:00 AM,04:00:22,2.5,43.0,30.4,67.0,152.19,5.62,06:08:00,18:33:00
5719,1473256520,9/7/2016 12:00:00 AM,03:55:20,2.8,43.0,30.4,67.0,166.84,6.75,06:08:00,18:33:00
5720,1473256223,9/7/2016 12:00:00 AM,03:50:23,2.77,43.0,30.4,66.0,159.63,2.25,06:08:00,18:33:00
5721,1473255919,9/7/2016 12:00:00 AM,03:45:19,2.73,43.0,30.4,67.0,176.61,6.75,06:08:00,18:33:00
5722,1473255621,9/7/2016 12:00:00 AM,03:40:21,2.8,44.0,30.4,67.0,175.52,4.5,06:08:00,18:33:00
5723,1473255322,9/7/2016 12:00:00 AM,03:35:22,2.79,44.0,30.4,63.0,173.9,5.62,06:08:00,18:33:00
5724,1473255026,9/7/2016 12:00:00 AM,03:30:26,3.38,45.0,30.4,64.0,161.43,2.25,06:08:00,18:33:00
5725,1473254720,9/7/2016 12:00:00 AM,03:25:20,3.32,44.0,30.4,63.0,123.5,1.12,06:08:00,18:33:00
5726,1473254419,9/7/2016 12:00:00 AM,03:20:19,3.09,43.0,30.4,65.0,176.82,2.25,06:08:00,18:33:00
5727,1473254121,9/7/2016 12:00:00 AM,03:15:21,2.96,44.0,30.4,68.0,186.51,5.62,06:08:00,18:33:00
5728,1473253818,9/7/2016 12:00:00 AM,03:10:18,2.83,44.0,30.4,66.0,184.39,5.62,06:08:00,18:33:00
5729,1473253521,9/7/2016 12:00:00 AM,03:05:21,2.82,44.0,30.4,63.0,177.16,1.12,06:08:00,18:33:00
5730,1473253223,9/7/2016 12:00:00 AM,03:00:23,2.73,44.0,30.4,63.0,173.65,4.5,06:08:00,18:33:00
5731,1473252924,9/7/2016 12:00:00 AM,02:55:24,2.74,44.0,30.4,64.0,156.05,5.62,06:08:00,18:33:00
5732,1473252622,9/7/2016 12:00:00 AM,02:50:22,2.77,44.0,30.4,64.0,157.31,3.37,06:08:00,18:33:00
5733,1473252321,9/7/2016 12:00:00 AM,02:45:21,2.73,44.0,30.4,67.0,175.14,4.5,06:08:00,18:33:00
5734,1473252023,9/7/2016 12:00:00 AM,02:40:23,2.75,44.0,30.4,66.0,189.25,4.5,06:08:00,18:33:00
5735,1473251719,9/7/2016 12:00:00 AM,02:35:19,2.54,45.0,30.4,66.0,176.15,6.75,06:08:00,18:33:00
5736,1473251419,9/7/2016 12:00:00 AM,02:30:19,2.47,45.0,30.4,65.0,175.55,4.5,06:08:00,18:33:00
5737,1473251123,9/7/2016 12:00:00 AM,02:25:23,2.37,45.0,30.4,65.0,152.84,4.5,06:08:00,18:33:00
5738,1473250822,9/7/2016 12:00:00 AM,02:20:22,2.25,45.0,30.4,64.0,179.72,5.62,06:08:00,18:33:00
5739,1473250518,9/7/2016 12:00:00 AM,02:15:18,2.23,45.0,30.4,63.0,151.57,7.87,06:08:00,18:33:00
5740,1473250221,9/7/2016 12:00:00 AM,02:10:21,2.33,45.0,30.4,62.0,174.72,3.37,06:08:00,18:33:00
5741,1473249927,9/7/2016 12:00:00 AM,02:05:27,2.33,45.0,30.4,64.0,126.75,4.5,06:08:00,18:33:00
5742,1473249622,9/7/2016 12:00:00 AM,02:00:22,2.52,45.0,30.4,65.0,159.68,6.75,06:08:00,18:33:00
5743,1473249320,9/7/2016 12:00:00 AM,01:55:20,2.68,45.0,30.4,65.0,145.2,4.5,06:08:00,18:33:00
5744,1473249019,9/7/2016 12:00:00 AM,01:50:19,2.55,45.0,30.4,64.0,165.59,4.5,06:08:00,18:33:00
5745,1473248720,9/7/2016 12:00:00 AM,01:45:20,2.55,45.0,30.4,64.0,173.08,4.5,06:08:00,18:33:00
5746,1473248419,9/7/2016 12:00:00 AM,01:40:19,2.75,46.0,30.4,63.0,115.81,3.37,06:08:00,18:33:00
5747,1473248121,9/7/2016 12:00:00 AM,01:35:21,2.94,46.0,30.4,62.0,161.49,2.25,06:08:00,18:33:00
5748,1473247819,9/7/2016 12:00:00 AM,01:30:19,3.22,46.0,30.4,60.0,122.37,1.12,06:08:00,18:33:00
5749,1473247524,9/7/2016 12:00:00 AM,01:25:24,3.4,47.0,30.4,59.0,166.54,3.37,06:08:00,18:33:00
5750,1473247223,9/7/2016 12:00:00 AM,01:20:23,3.29,47.0,30.4,60.0,149.04,6.75,06:08:00,18:33:00
5751,1473246924,9/7/2016 12:00:00 AM,01:15:24,3.62,47.0,30.4,59.0,164.03,6.75,06:08:00,18:33:00
5752,1473246623,9/7/2016 12:00:00 AM,01:10:23,3.39,46.0,30.4,60.0,171.64,5.62,06:08:00,18:33:00
5753,1473246321,9/7/2016 12:00:00 AM,01:05:21,2.52,46.0,30.4,60.0,145.6,7.87,06:08:00,18:33:00
5754,1473246022,9/7/2016 12:00:00 AM,01:00:22,2.81,46.0,30.41,61.0,120.32,5.62,06:08:00,18:33:00
5755,1473245725,9/7/2016 12:00:00 AM,00:55:25,2.85,46.0,30.4,60.0,158.63,3.37,06:08:00,18:33:00
5756,1473245426,9/7/2016 12:00:00 AM,00:50:26,1.56,46.0,30.4,61.0,128.07,6.75,06:08:00,18:33:00
5757,1473245123,9/7/2016 12:00:00 AM,00:45:23,1.63,46.0,30.41,64.0,177.98,9.0,06:08:00,18:33:00
5758,1473244219,9/7/2016 12:00:00 AM,00:30:19,1.85,46.0,30.41,62.0,130.31,5.62,06:08:00,18:33:00
5759,1473243919,9/7/2016 12:00:00 AM,00:25:19,2.87,46.0,30.41,62.0,130.69,3.37,06:08:00,18:33:00
5760,1473243621,9/7/2016 12:00:00 AM,00:20:21,2.39,47.0,30.41,61.0,137.25,5.62,06:08:00,18:33:00
5761,1473242424,9/7/2016 12:00:00 AM,00:00:24,1.75,48.0,30.41,56.0,169.04,2.25,06:08:00,18:33:00
5762,1473242122,9/6/2016 12:00:00 AM,23:55:22,2.57,48.0,30.41,56.0,135.14,7.87,06:08:00,18:34:00
5763,1473241820,9/6/2016 12:00:00 AM,23:50:20,1.93,48.0,30.41,56.0,143.54770303349548,11.25,06:08:00,18:34:00
5764,1473241520,9/6/2016 12:00:00 AM,23:45:20,1.87,47.0,30.42,57.0,154.01,3.37,06:08:00,18:34:00
5765,1473241221,9/6/2016 12:00:00 AM,23:40:21,1.84,47.0,30.42,59.0,169.36,6.75,06:08:00,18:34:00
5766,1473240920,9/6/2016 12:00:00 AM,23:35:20,2.01,48.0,30.42,60.0,150.96,7.87,06:08:00,18:34:00
5767,1473240619,9/6/2016 12:00:00 AM,23:30:19,2.43,48.0,30.42,58.0,173.01,3.37,06:08:00,18:34:00
5768,1473240018,9/6/2016 12:00:00 AM,23:20:18,2.49,48.0,30.42,59.0,173.75,4.5,06:08:00,18:34:00
5769,1473239727,9/6/2016 12:00:00 AM,23:15:27,2.04,48.0,30.42,58.0,152.42,6.75,06:08:00,18:34:00
5770,1473239425,9/6/2016 12:00:00 AM,23:10:25,2.18,49.0,30.42,58.0,128.95,6.75,06:08:00,18:34:00
5771,1473239124,9/6/2016 12:00:00 AM,23:05:24,2.28,49.0,30.42,58.0,122.84,9.0,06:08:00,18:34:00
5772,1473238819,9/6/2016 12:00:00 AM,23:00:19,2.4,49.0,30.42,58.0,134.59,7.87,06:08:00,18:34:00
5773,1473238518,9/6/2016 12:00:00 AM,22:55:18,2.27,49.0,30.43,59.0,103.0,9.0,06:08:00,18:34:00
5774,1473238218,9/6/2016 12:00:00 AM,22:50:18,2.44,49.0,30.43,59.0,136.46,3.37,06:08:00,18:34:00
5775,1473237920,9/6/2016 12:00:00 AM,22:45:20,2.3,49.0,30.43,59.0,159.33,6.75,06:08:00,18:34:00
5776,1473237618,9/6/2016 12:00:00 AM,22:40:18,2.28,49.0,30.42,59.0,120.42,4.5,06:08:00,18:34:00
5777,1473237326,9/6/2016 12:00:00 AM,22:35:26,2.41,48.0,30.42,59.0,151.57,3.37,06:08:00,18:34:00
5778,1473237022,9/6/2016 12:00:00 AM,22:30:22,2.37,48.0,30.42,63.0,169.32,6.75,06:08:00,18:34:00
5779,1473236721,9/6/2016 12:00:00 AM,22:25:21,2.38,47.0,30.42,68.0,152.49,4.5,06:08:00,18:34:00
5780,1473236424,9/6/2016 12:00:00 AM,22:20:24,2.79,47.0,30.42,72.0,188.74,6.75,06:08:00,18:34:00
5781,1473236118,9/6/2016 12:00:00 AM,22:15:18,2.51,47.0,30.42,73.0,173.99,5.62,06:08:00,18:34:00
5782,1473235820,9/6/2016 12:00:00 AM,22:10:20,2.44,47.0,30.42,76.0,159.16,6.75,06:08:00,18:34:00
5783,1473235520,9/6/2016 12:00:00 AM,22:05:20,2.65,47.0,30.43,80.0,109.46,7.87,06:08:00,18:34:00
5784,1473235219,9/6/2016 12:00:00 AM,22:00:19,2.4,47.0,30.43,83.0,126.66,6.75,06:08:00,18:34:00
5785,1473234921,9/6/2016 12:00:00 AM,21:55:21,2.49,48.0,30.43,85.0,125.2,7.87,06:08:00,18:34:00
5786,1473234622,9/6/2016 12:00:00 AM,21:50:22,2.21,47.0,30.43,83.0,181.19,3.37,06:08:00,18:34:00
5787,1473234318,9/6/2016 12:00:00 AM,21:45:18,2.16,47.0,30.43,85.0,176.77,4.5,06:08:00,18:34:00
5788,1473234019,9/6/2016 12:00:00 AM,21:40:19,2.33,47.0,30.43,85.0,335.6,2.25,06:08:00,18:34:00
5789,1473233722,9/6/2016 12:00:00 AM,21:35:22,2.46,47.0,30.42,88.0,155.76,5.62,06:08:00,18:34:00
5790,1473233421,9/6/2016 12:00:00 AM,21:30:21,2.54,47.0,30.42,84.0,99.69,5.62,06:08:00,18:34:00
5791,1473233121,9/6/2016 12:00:00 AM,21:25:21,2.55,47.0,30.42,82.0,130.24,2.25,06:08:00,18:34:00
5792,1473232821,9/6/2016 12:00:00 AM,21:20:21,2.58,47.0,30.42,82.0,105.47,3.37,06:08:00,18:34:00
5793,1473232523,9/6/2016 12:00:00 AM,21:15:23,2.75,47.0,30.42,85.0,134.38,6.75,06:08:00,18:34:00
5794,1473232219,9/6/2016 12:00:00 AM,21:10:19,2.5,47.0,30.42,88.0,144.21,5.62,06:08:00,18:34:00
5795,1473231920,9/6/2016 12:00:00 AM,21:05:20,2.07,51.16507236474315,30.42,88.0,136.34,6.75,06:08:00,18:34:00
5796,1473231618,9/6/2016 12:00:00 AM,21:00:18,2.15,47.0,30.42,88.0,128.83,10.12,06:08:00,18:34:00
5797,1473231327,9/6/2016 12:00:00 AM,20:55:27,2.02,48.0,30.43,88.0,98.5,7.87,06:08:00,18:34:00
5798,1473231024,9/6/2016 12:00:00 AM,20:50:24,2.0,48.0,30.42,86.0,125.92,6.75,06:08:00,18:34:00
5799,1473230720,9/6/2016 12:00:00 AM,20:45:20,1.96,48.0,30.42,88.0,153.92,9.0,06:08:00,18:34:00
5800,1473230423,9/6/2016 12:00:00 AM,20:40:23,1.99,48.0,30.42,89.0,142.91,6.75,06:08:00,18:34:00
5801,1473230123,9/6/2016 12:00:00 AM,20:35:23,1.89,48.0,30.42,88.0,152.48,6.229096658193317,06:08:00,18:34:00
5802,1473229822,9/6/2016 12:00:00 AM,20:30:22,1.73,48.0,30.42,88.0,114.03,3.37,06:08:00,18:34:00
5803,1473229523,9/6/2016 12:00:00 AM,20:25:23,1.87,48.0,30.42,84.0,82.71,3.37,06:08:00,18:34:00
5804,1473229221,9/6/2016 12:00:00 AM,20:20:21,2.17,47.0,30.41,87.0,46.97,3.37,06:08:00,18:34:00
5805,1473228918,9/6/2016 12:00:00 AM,20:15:18,1.96,47.0,30.41,97.0,154.68,5.62,06:08:00,18:34:00
5806,1473228621,9/6/2016 12:00:00 AM,20:10:21,2.07,47.0,30.41,99.0,147.36,5.62,06:08:00,18:34:00
5807,1473228321,9/6/2016 12:00:00 AM,20:05:21,2.0,48.0,30.41,100.0,132.07,4.5,06:08:00,18:34:00
5808,1473228021,9/6/2016 12:00:00 AM,20:00:21,2.14,49.0,30.41,100.0,102.28,7.87,06:08:00,18:34:00
5809,1473227721,9/6/2016 12:00:00 AM,19:55:21,2.26,49.0,30.41,100.0,83.32,2.25,06:08:00,18:34:00
5810,1473227418,9/6/2016 12:00:00 AM,19:50:18,2.04,49.0,30.41,100.0,101.83,3.37,06:08:00,18:34:00
5811,1473227121,9/6/2016 12:00:00 AM,19:45:21,2.38,49.0,30.41,100.0,77.16,5.62,06:08:00,18:34:00
5812,1473226832,9/6/2016 12:00:00 AM,19:40:32,2.4,50.0,30.41,100.0,71.93,3.37,06:08:00,18:34:00
5813,1473226518,9/6/2016 12:00:00 AM,19:35:18,2.11,50.0,30.41,100.0,154.77,3.37,06:08:00,18:34:00
5814,1473226219,9/6/2016 12:00:00 AM,19:30:19,2.47,50.0,30.41,100.0,111.59,5.62,06:08:00,18:34:00
5815,1473225921,9/6/2016 12:00:00 AM,19:25:21,2.17,50.0,30.41,100.0,75.85,1.12,06:08:00,18:34:00
5816,1473225623,9/6/2016 12:00:00 AM,19:20:23,1.98,50.0,30.41,100.0,77.87,4.5,06:08:00,18:34:00
5817,1473225321,9/6/2016 12:00:00 AM,19:15:21,1.93,51.0,30.4,100.0,65.51,3.37,06:08:00,18:34:00
5818,1473225022,9/6/2016 12:00:00 AM,19:10:22,2.06,51.0,30.4,99.0,78.59,1.12,06:08:00,18:34:00
5819,1473224725,9/6/2016 12:00:00 AM,19:05:25,2.04,51.0,30.4,99.0,82.5,2.25,06:08:00,18:34:00
5820,1473224419,9/6/2016 12:00:00 AM,19:00:19,1.89,51.0,30.4,99.0,153.81,3.37,06:08:00,18:34:00
5821,1473224118,9/6/2016 12:00:00 AM,18:55:18,1.89,51.0,30.4,99.0,83.94,1.12,06:08:00,18:34:00
5822,1473223820,9/6/2016 12:00:00 AM,18:50:20,3.1,51.0,30.4,98.0,59.86,3.37,06:08:00,18:34:00
5823,1473223522,9/6/2016 12:00:00 AM,18:45:22,2.19,51.0,30.4,98.0,70.41,3.37,06:08:00,18:34:00
5824,1473223220,9/6/2016 12:00:00 AM,18:40:20,2.94,52.0,30.4,98.0,97.84,2.25,06:08:00,18:34:00
5825,1473222922,9/6/2016 12:00:00 AM,18:35:22,3.76,52.0,30.4,97.0,39.34,3.37,06:08:00,18:34:00
5826,1473222621,9/6/2016 12:00:00 AM,18:30:21,4.84,52.0,30.4,97.0,48.9,1.12,06:08:00,18:34:00
5827,1473222321,9/6/2016 12:00:00 AM,18:25:21,8.21,53.0,30.4,96.0,41.92,2.25,06:08:00,18:34:00
5828,1473222020,9/6/2016 12:00:00 AM,18:20:20,18.75,53.0,30.4,95.0,30.14,2.25,06:08:00,18:34:00
5829,1473221723,9/6/2016 12:00:00 AM,18:15:23,33.95,54.0,30.4,94.0,66.69,3.37,06:08:00,18:34:00
5830,1473221425,9/6/2016 12:00:00 AM,18:10:25,23.15,54.0,30.4,93.0,35.07,5.62,06:08:00,18:34:00
5831,1473221120,9/6/2016 12:00:00 AM,18:05:20,38.48,54.0,30.4,92.0,51.04,2.25,06:08:00,18:34:00
5832,1473220820,9/6/2016 12:00:00 AM,18:00:20,68.92,55.0,30.4,91.0,34.42,4.5,06:08:00,18:34:00
5833,1473220521,9/6/2016 12:00:00 AM,17:55:21,79.45,55.0,30.4,90.0,32.36,4.5,06:08:00,18:34:00
5834,1473220218,9/6/2016 12:00:00 AM,17:50:18,100.95,56.0,30.4,91.0,41.24,4.5,06:08:00,18:34:00
5835,1473219920,9/6/2016 12:00:00 AM,17:45:20,146.41,56.0,30.39,90.0,53.35,2.25,06:08:00,18:34:00
5836,1473219622,9/6/2016 12:00:00 AM,17:40:22,159.12,56.0,30.39,90.0,42.02,2.25,06:08:00,18:34:00
5837,1473219319,9/6/2016 12:00:00 AM,17:35:19,182.95,56.0,30.39,89.0,20.01,4.5,06:08:00,18:34:00
5838,1473219019,9/6/2016 12:00:00 AM,17:30:19,211.22,56.0,30.39,89.0,36.95,3.37,06:08:00,18:34:00
5839,1473218721,9/6/2016 12:00:00 AM,17:25:21,250.48,56.0,30.39,90.0,10.97,4.5,06:08:00,18:34:00
5840,1473218422,9/6/2016 12:00:00 AM,17:20:22,319.5,56.0,30.39,90.0,60.0,3.37,06:08:00,18:34:00
5841,1473218122,9/6/2016 12:00:00 AM,17:15:22,280.16,56.0,30.39,92.0,57.4,3.37,06:08:00,18:34:00
5842,1473217825,9/6/2016 12:00:00 AM,17:10:25,468.75,55.0,30.39,93.0,39.23,1.12,06:08:00,18:34:00
5843,1473217521,9/6/2016 12:00:00 AM,17:05:21,246.22,54.0,30.39,93.0,128.9,3.37,06:08:00,18:34:00
5844,1473217222,9/6/2016 12:00:00 AM,17:00:22,152.79,54.0,30.39,93.0,31.97,4.5,06:08:00,18:34:00
5845,1473216922,9/6/2016 12:00:00 AM,16:55:22,192.54,54.0,30.39,94.0,23.8,2.25,06:08:00,18:34:00
5846,1473216624,9/6/2016 12:00:00 AM,16:50:24,155.49,54.0,30.423028000868246,93.0,52.99,4.5,06:08:00,18:34:00
5847,1473216322,9/6/2016 12:00:00 AM,16:45:22,227.73,55.0,30.39,93.0,11.07,5.62,06:08:00,18:34:00
5848,1473216022,9/6/2016 12:00:00 AM,16:40:22,225.04,55.0,30.39,92.0,1.38,5.62,06:08:00,18:34:00
5849,1473215722,9/6/2016 12:00:00 AM,16:35:22,265.17,56.0,30.39,91.0,44.71,4.5,06:08:00,18:34:00
5850,1473215420,9/6/2016 12:00:00 AM,16:30:20,424.49,56.0,30.39,91.0,47.97,4.5,06:08:00,18:34:00
5851,1473215122,9/6/2016 12:00:00 AM,16:25:22,305.13,56.0,30.39,90.0,6.76,3.37,06:08:00,18:34:00
5852,1473214820,9/6/2016 12:00:00 AM,16:20:20,483.37,56.0,30.39,90.0,32.39,5.62,06:08:00,18:34:00
5853,1473214520,9/6/2016 12:00:00 AM,16:15:20,434.18,56.0,30.39,90.0,50.46,5.62,06:08:00,18:34:00
5854,1473214220,9/6/2016 12:00:00 AM,16:10:20,279.35,56.0,30.39,89.0,58.59,3.37,06:08:00,18:34:00
5855,1473213919,9/6/2016 12:00:00 AM,16:05:19,246.76,57.0,30.39,88.0,49.17,9.0,06:08:00,18:34:00
5856,1473213621,9/6/2016 12:00:00 AM,16:00:21,347.15,57.0,30.39,86.0,63.06,1.12,06:08:00,18:34:00
5857,1473213322,9/6/2016 12:00:00 AM,15:55:22,489.78,57.0,30.39,86.0,51.16,5.62,06:08:00,18:34:00
5858,1473213020,9/6/2016 12:00:00 AM,15:50:20,542.74,56.0,30.39,85.0,20.1,3.37,06:08:00,18:34:00
5859,1473212719,9/6/2016 12:00:00 AM,15:45:19,366.17,56.0,30.39,87.0,82.46,9.0,06:08:00,18:34:00
5860,1473212419,9/6/2016 12:00:00 AM,15:40:19,463.62,56.0,30.39,85.0,25.0,2.25,06:08:00,18:34:00
5861,1473212118,9/6/2016 12:00:00 AM,15:35:18,448.12,56.0,30.39,89.0,1.88,4.5,06:08:00,18:34:00
5862,1473211820,9/6/2016 12:00:00 AM,15:30:20,428.2,56.0,30.39,90.0,12.89,3.37,06:08:00,18:34:00
5863,1473211519,9/6/2016 12:00:00 AM,15:25:19,314.74,56.0,30.39,89.0,40.88,10.12,06:08:00,18:34:00
5864,1473211220,9/6/2016 12:00:00 AM,15:20:20,309.65,56.0,30.39,88.0,62.15,4.5,06:08:00,18:34:00
5865,1473210919,9/6/2016 12:00:00 AM,15:15:19,354.86,56.0,30.39,87.0,34.44,6.75,06:08:00,18:34:00
5866,1473210624,9/6/2016 12:00:00 AM,15:10:24,384.22,57.0,30.39,87.0,54.56,4.5,06:08:00,18:34:00
5867,1473210319,9/6/2016 12:00:00 AM,15:05:19,389.25,57.0,30.39,88.0,330.83,4.5,06:08:00,18:34:00
5868,1473210023,9/6/2016 12:00:00 AM,15:00:23,641.01,58.0,30.39,85.0,23.62,9.0,06:08:00,18:34:00
5869,1473209722,9/6/2016 12:00:00 AM,14:55:22,435.61,58.0,30.39,85.0,2.21,6.75,06:08:00,18:34:00
5870,1473209418,9/6/2016 12:00:00 AM,14:50:18,584.98,58.0,30.39,85.0,334.24,4.5,06:08:00,18:34:00
5871,1473209124,9/6/2016 12:00:00 AM,14:45:24,900.04,58.0,30.39,84.0,357.05,6.75,06:08:00,18:34:00
5872,1473208822,9/6/2016 12:00:00 AM,14:40:22,589.95,58.0,30.4,85.0,46.55,9.0,06:08:00,18:34:00
5873,1473208519,9/6/2016 12:00:00 AM,14:35:19,666.6,58.0,30.39,85.0,51.74,9.0,06:08:00,18:34:00
5874,1473208225,9/6/2016 12:00:00 AM,14:30:25,565.82,59.0,30.39,82.0,24.23,3.37,06:08:00,18:34:00
5875,1473207922,9/6/2016 12:00:00 AM,14:25:22,498.63,60.0,30.39,81.0,332.52,9.0,06:08:00,18:34:00
5876,1473207618,9/6/2016 12:00:00 AM,14:20:18,1116.92,59.0,30.4,82.0,2.4,10.12,06:08:00,18:34:00
5877,1473207318,9/6/2016 12:00:00 AM,14:15:18,975.31,59.0,30.4,81.0,14.59,3.37,06:08:00,18:34:00
5878,1473207021,9/6/2016 12:00:00 AM,14:10:21,694.47,59.0,30.4,83.0,7.96,7.87,06:08:00,18:34:00
5879,1473206723,9/6/2016 12:00:00 AM,14:05:23,356.21,59.0,30.4,81.0,55.27,6.75,06:08:00,18:34:00
5880,1473206422,9/6/2016 12:00:00 AM,14:00:22,1094.71,60.0,30.41,80.0,23.98,12.37,06:08:00,18:34:00
5881,1473206120,9/6/2016 12:00:00 AM,13:55:20,1138.21,59.0,30.4,79.0,56.31,0.0,06:08:00,18:34:00
5882,1473205818,9/6/2016 12:00:00 AM,13:50:18,845.89,59.0,30.4,79.0,4.72,7.87,06:08:00,18:34:00
5883,1473205525,9/6/2016 12:00:00 AM,13:45:25,418.52,59.0,30.4,78.0,66.6,4.5,06:08:00,18:34:00
5884,1473205223,9/6/2016 12:00:00 AM,13:40:23,1058.52,60.0,30.41,78.0,4.59,11.25,06:08:00,18:34:00
5885,1473204922,9/6/2016 12:00:00 AM,13:35:22,1030.36,60.0,30.4,75.0,60.16,5.62,06:08:00,18:34:00
5886,1473204621,9/6/2016 12:00:00 AM,13:30:21,1022.54,60.0,30.4,76.0,25.93,7.87,06:08:00,18:34:00
5887,1473204324,9/6/2016 12:00:00 AM,13:25:24,1024.68,60.0,30.41,76.0,7.18,5.62,06:08:00,18:34:00
5888,1473204021,9/6/2016 12:00:00 AM,13:20:21,1036.05,59.0,30.41,75.0,357.75,7.87,06:08:00,18:34:00
5889,1473203721,9/6/2016 12:00:00 AM,13:15:21,1039.33,59.0,30.41,76.0,52.11,7.87,06:08:00,18:34:00
5890,1473203420,9/6/2016 12:00:00 AM,13:10:20,1045.99,59.0,30.41,77.0,13.55,4.5,06:08:00,18:34:00
5891,1473203119,9/6/2016 12:00:00 AM,13:05:19,1057.23,59.0,30.41,76.0,5.82,5.62,06:08:00,18:34:00
5892,1473202820,9/6/2016 12:00:00 AM,13:00:20,1065.47,59.0,30.41,76.0,29.14,3.37,06:08:00,18:34:00
5893,1473202522,9/6/2016 12:00:00 AM,12:55:22,1061.0,58.0,30.41,75.0,20.92,4.5,06:08:00,18:34:00
5894,1473202223,9/6/2016 12:00:00 AM,12:50:23,1064.29,59.0,30.41,72.0,44.83,4.5,06:08:00,18:34:00
5895,1473201921,9/6/2016 12:00:00 AM,12:45:21,1067.7,58.0,30.41,77.0,32.89,4.5,06:08:00,18:34:00
5896,1473201619,9/6/2016 12:00:00 AM,12:40:19,1069.02,58.0,30.42,74.83719267708949,28.94,5.62,06:08:00,18:34:00
5897,1473201321,9/6/2016 12:00:00 AM,12:35:21,1075.79,58.0,30.42,78.0,46.86,6.75,06:08:00,18:34:00
5898,1473201022,9/6/2016 12:00:00 AM,12:30:22,1076.68,58.0,30.42,78.0,36.17,6.75,06:08:00,18:34:00
5899,1473200719,9/6/2016 12:00:00 AM,12:25:19,1047.92,58.0,30.42,81.0,358.32,4.5,06:08:00,18:34:00
5900,1473200424,9/6/2016 12:00:00 AM,12:20:24,618.81,58.0,30.42,82.0,26.1,7.87,06:08:00,18:34:00
5901,1473200124,9/6/2016 12:00:00 AM,12:15:24,655.28,58.0,30.42,81.0,335.75,7.87,06:08:00,18:34:00
5902,1473199826,9/6/2016 12:00:00 AM,12:10:26,1083.17,58.0,30.42,80.0,0.71,6.75,06:08:00,18:34:00
5903,1473199520,9/6/2016 12:00:00 AM,12:05:20,1081.85,58.0,30.42,81.0,28.2,7.87,06:08:00,18:34:00
5904,1473199224,9/6/2016 12:00:00 AM,12:00:24,1101.78,58.0,30.42,82.0,7.68,3.37,06:08:00,18:34:00
5905,1473198920,9/6/2016 12:00:00 AM,11:55:20,1098.4,58.0,30.42,81.0,346.75,4.5,06:08:00,18:34:00
5906,1473198621,9/6/2016 12:00:00 AM,11:50:21,1063.62,58.0,30.42,80.0,35.37,7.87,06:08:00,18:34:00
5907,1473198321,9/6/2016 12:00:00 AM,11:45:21,1061.6,58.0,30.42,80.0,56.97,1.12,06:08:00,18:34:00
5908,1473198021,9/6/2016 12:00:00 AM,11:40:21,1058.16,58.0,30.42,80.0,50.0,4.5,06:08:00,18:34:00
5909,1473197723,9/6/2016 12:00:00 AM,11:35:23,1053.32,58.0,30.42,78.0,24.6,4.5,06:08:00,18:34:00
5910,1473197421,9/6/2016 12:00:00 AM,11:30:21,1045.95,58.0,30.42,77.0,140.55,4.5,06:08:00,18:34:00
5911,1473197120,9/6/2016 12:00:00 AM,11:25:20,1039.55,58.0,30.42,79.0,30.23,7.87,06:08:00,18:34:00
5912,1473196820,9/6/2016 12:00:00 AM,11:20:20,1034.72,58.0,30.42,77.0,31.61,3.37,06:08:00,18:34:00
5913,1473196522,9/6/2016 12:00:00 AM,11:15:22,1031.17,58.0,30.42,76.0,336.34,5.62,06:08:00,18:34:00
5914,1473196224,9/6/2016 12:00:00 AM,11:10:24,1023.67,58.0,30.42,75.0,56.35,4.5,06:08:00,18:34:00
5915,1473195923,9/6/2016 12:00:00 AM,11:05:23,1015.39,59.0,30.42,72.0,341.28,5.62,06:08:00,18:34:00
5916,1473195619,9/6/2016 12:00:00 AM,11:00:19,1007.97,59.0,30.42,72.0,13.68,6.75,06:08:00,18:34:00
5917,1473195322,9/6/2016 12:00:00 AM,10:55:22,1000.69,59.0,30.42,72.0,7.97,3.37,06:08:00,18:34:00
5918,1473195024,9/6/2016 12:00:00 AM,10:50:24,993.08,59.0,30.42,73.0,51.26,7.87,06:08:00,18:34:00
5919,1473194722,9/6/2016 12:00:00 AM,10:45:22,982.99,59.0,30.42,72.0,346.29,6.75,06:08:00,18:34:00
5920,1473194418,9/6/2016 12:00:00 AM,10:40:18,971.67,58.0,30.42,74.0,59.57,9.0,06:08:00,18:34:00
5921,1473194122,9/6/2016 12:00:00 AM,10:35:22,962.23,58.0,30.42,74.0,10.84,4.5,06:08:00,18:34:00
5922,1473193823,9/6/2016 12:00:00 AM,10:30:23,951.29,58.0,30.42,75.0,43.98,4.5,06:08:00,18:34:00
5923,1473193523,9/6/2016 12:00:00 AM,10:25:23,938.72,58.0,30.42,75.0,78.64,2.25,06:08:00,18:34:00
5924,1473193221,9/6/2016 12:00:00 AM,10:20:21,925.0,57.0,30.42,77.0,49.86,5.62,06:08:00,18:34:00
5925,1473192919,9/6/2016 12:00:00 AM,10:15:19,914.7,57.0,30.42,80.0,15.3,10.12,06:08:00,18:34:00
5926,1473192618,9/6/2016 12:00:00 AM,10:10:18,899.86,57.0,30.42,81.0,37.39,1.12,06:08:00,18:34:00
5927,1473192322,9/6/2016 12:00:00 AM,10:05:22,887.75,57.0,30.43,79.0,21.34,7.87,06:08:00,18:34:00
5928,1473192020,9/6/2016 12:00:00 AM,10:00:20,876.46,57.0,30.42,78.0,53.13,4.5,06:08:00,18:34:00
5929,1473191720,9/6/2016 12:00:00 AM,09:55:20,858.95,57.0,30.42,78.0,18.05,6.75,06:08:00,18:34:00
5930,1473191422,9/6/2016 12:00:00 AM,09:50:22,845.77,58.0,30.42,76.0,47.28,6.75,06:08:00,18:34:00
5931,1473191127,9/6/2016 12:00:00 AM,09:45:27,832.41,59.0,30.42,73.0,79.4,5.62,06:08:00,18:34:00
5932,1473190823,9/6/2016 12:00:00 AM,09:40:23,817.35,60.0,30.42,67.0,12.63,6.75,06:08:00,18:34:00
5933,1473190521,9/6/2016 12:00:00 AM,09:35:21,804.26,59.0,30.42,43.0,86.52,4.5,06:08:00,18:34:00
5934,1473190220,9/6/2016 12:00:00 AM,09:30:20,787.28,58.0,30.42,61.0,26.45,5.62,06:08:00,18:34:00
5935,1473189918,9/6/2016 12:00:00 AM,09:25:18,772.64,58.0,30.42,68.0,49.01,5.62,06:08:00,18:34:00
5936,1473189623,9/6/2016 12:00:00 AM,09:20:23,757.23,58.0,30.42,69.0,353.18,3.37,06:08:00,18:34:00
5937,1473189322,9/6/2016 12:00:00 AM,09:15:22,735.57,58.0,30.42,68.0,79.45,5.62,06:08:00,18:34:00
5938,1473189022,9/6/2016 12:00:00 AM,09:10:22,716.79,58.0,30.42,67.0,45.92,5.62,06:08:00,18:34:00
5939,1473188722,9/6/2016 12:00:00 AM,09:05:22,699.56,59.0,30.42,66.0,47.46,2.25,06:08:00,18:34:00
5940,1473188421,9/6/2016 12:00:00 AM,09:00:21,673.18,59.0,30.42,62.0,35.0,9.0,06:08:00,18:34:00
5941,1473188124,9/6/2016 12:00:00 AM,08:55:24,662.85,60.0,30.42,61.0,7.43,1.12,06:08:00,18:34:00
5942,1473187822,9/6/2016 12:00:00 AM,08:50:22,646.03,61.0,30.42,57.0,98.46,5.62,06:08:00,18:34:00
5943,1473187520,9/6/2016 12:00:00 AM,08:45:20,632.69,61.0,30.42,47.0,304.83,2.25,06:08:00,18:34:00
5944,1473187221,9/6/2016 12:00:00 AM,08:40:21,615.77,62.0,30.42,48.0,80.6,3.37,06:08:00,18:34:00
5945,1473186918,9/6/2016 12:00:00 AM,08:35:18,597.42,62.0,30.42,27.0,165.63,4.5,06:08:00,18:34:00
5946,1473186621,9/6/2016 12:00:00 AM,08:30:21,576.26,62.0,30.41,31.0,53.06,1.12,06:08:00,18:34:00
5947,1473186321,9/6/2016 12:00:00 AM,08:25:21,557.86,61.0,30.41,33.0,84.46,5.62,06:08:00,18:34:00
5948,1473186020,9/6/2016 12:00:00 AM,08:20:20,539.11,61.0,30.41,41.0,62.57,3.37,06:08:00,18:34:00
5949,1473185724,9/6/2016 12:00:00 AM,08:15:24,522.4,61.0,30.41,38.0,96.76,3.37,06:08:00,18:34:00
5950,1473185421,9/6/2016 12:00:00 AM,08:10:21,499.23,61.0,30.41,37.0,127.54,5.62,06:08:00,18:34:00
5951,1473185118,9/6/2016 12:00:00 AM,08:05:18,475.69,60.0,30.41,41.0,123.65,2.25,06:08:00,18:34:00
5952,1473184819,9/6/2016 12:00:00 AM,08:00:19,459.73,60.0,30.41,40.0,57.55,2.25,06:08:00,18:34:00
5953,1473184523,9/6/2016 12:00:00 AM,07:55:23,433.22,59.0,30.41,45.0,111.75,4.5,06:08:00,18:34:00
5954,1473184222,9/6/2016 12:00:00 AM,07:50:22,404.99,59.0,30.41,49.0,123.16,5.62,06:08:00,18:34:00
5955,1473183920,9/6/2016 12:00:00 AM,07:45:20,386.61,58.0,30.41,46.0,164.8,4.5,06:08:00,18:34:00
5956,1473183621,9/6/2016 12:00:00 AM,07:40:21,374.52,58.0,30.41,45.0,129.24,5.62,06:08:00,18:34:00
5957,1473183322,9/6/2016 12:00:00 AM,07:35:22,345.83,56.0,30.4,43.0,132.71,3.37,06:08:00,18:34:00
5958,1473183018,9/6/2016 12:00:00 AM,07:30:18,324.7,55.0,30.4,47.0,86.35,3.37,06:08:00,18:34:00
5959,1473182719,9/6/2016 12:00:00 AM,07:25:19,299.2,52.0,30.4,47.0,94.21,2.25,06:08:00,18:34:00
5960,1473182421,9/6/2016 12:00:00 AM,07:20:21,269.55,51.0,30.4,54.0,174.26,4.5,06:08:00,18:34:00
5961,1473182122,9/6/2016 12:00:00 AM,07:15:22,241.89,50.0,30.4,54.0,166.34,5.62,06:08:00,18:34:00
5962,1473181818,9/6/2016 12:00:00 AM,07:10:18,210.89,49.0,30.4,54.0,178.39,4.5,06:08:00,18:34:00
5963,1473181520,9/6/2016 12:00:00 AM,07:05:20,174.64,48.0,30.4,57.0,174.27,5.62,06:08:00,18:34:00
5964,1473181219,9/6/2016 12:00:00 AM,07:00:19,158.75,47.0,30.4,58.0,166.44,6.75,06:08:00,18:34:00
5965,1473180920,9/6/2016 12:00:00 AM,06:55:20,52.26,46.0,30.4,61.0,167.7,5.62,06:08:00,18:34:00
5966,1473180620,9/6/2016 12:00:00 AM,06:50:20,27.36,46.0,30.4,60.0,161.59,4.5,06:08:00,18:34:00
5967,1473180321,9/6/2016 12:00:00 AM,06:45:21,25.74,46.0,30.4,61.0,178.21,4.5,06:08:00,18:34:00
5968,1473180022,9/6/2016 12:00:00 AM,06:40:22,24.24,46.0,30.39,61.0,185.25,5.62,06:08:00,18:34:00
5969,1473179725,9/6/2016 12:00:00 AM,06:35:25,22.66,45.0,30.39,61.0,180.72,6.75,06:08:00,18:34:00
5970,1473179419,9/6/2016 12:00:00 AM,06:30:19,20.82,45.0,30.39,61.0,171.88,5.62,06:08:00,18:34:00
5971,1473179120,9/6/2016 12:00:00 AM,06:25:20,18.91,45.0,30.39,61.0,179.96,7.87,06:08:00,18:34:00
5972,1473178821,9/6/2016 12:00:00 AM,06:20:21,16.6,45.0,30.39,64.0,187.35,9.0,06:08:00,18:34:00
5973,1473178522,9/6/2016 12:00:00 AM,06:15:22,13.19,45.0,30.39,65.0,186.94,5.62,06:08:00,18:34:00
5974,1473178226,9/6/2016 12:00:00 AM,06:10:26,9.02,45.0,30.39,65.0,181.04,7.87,06:08:00,18:34:00
5975,1473177926,9/6/2016 12:00:00 AM,06:05:26,8.4,45.0,30.39,65.0,186.55,5.62,06:08:00,18:34:00
5976,1473177619,9/6/2016 12:00:00 AM,06:00:19,6.12,45.0,30.39,65.0,171.92,7.87,06:08:00,18:34:00
5977,1473177322,9/6/2016 12:00:00 AM,05:55:22,4.28,45.0,30.39,66.0,175.65,6.75,06:08:00,18:34:00
5978,1473177023,9/6/2016 12:00:00 AM,05:50:23,3.01,45.0,30.38,67.0,185.99,5.62,06:08:00,18:34:00
5979,1473176723,9/6/2016 12:00:00 AM,05:45:23,2.86,45.0,30.38,68.0,184.27,5.62,06:08:00,18:34:00
5980,1473176423,9/6/2016 12:00:00 AM,05:40:23,2.92,45.0,30.38,68.0,188.12,6.75,06:08:00,18:34:00
5981,1473176122,9/6/2016 12:00:00 AM,05:35:22,3.24,45.0,30.38,68.0,169.43,7.87,06:08:00,18:34:00
5982,1473175830,9/6/2016 12:00:00 AM,05:30:30,2.88,45.0,30.38,68.0,183.95,6.75,06:08:00,18:34:00
5983,1473175525,9/6/2016 12:00:00 AM,05:25:25,2.96,45.0,30.38,68.0,181.79,6.75,06:08:00,18:34:00
5984,1473175226,9/6/2016 12:00:00 AM,05:20:26,2.67,45.0,30.38,68.0,180.68,6.75,06:08:00,18:34:00
5985,1473174920,9/6/2016 12:00:00 AM,05:15:20,2.27,45.0,30.38,67.0,143.54770303349548,6.75,06:08:00,18:34:00
5986,1473174618,9/6/2016 12:00:00 AM,05:10:18,2.06,45.0,30.38,66.0,153.88,5.62,06:08:00,18:34:00
5987,1473174321,9/6/2016 12:00:00 AM,05:05:21,2.2,46.0,30.38,66.0,175.11,5.62,06:08:00,18:34:00
5988,1473174022,9/6/2016 12:00:00 AM,05:00:22,2.36,46.0,30.38,66.0,179.78,5.62,06:08:00,18:34:00
5989,1473173722,9/6/2016 12:00:00 AM,04:55:22,2.39,46.0,30.38,65.0,158.82,7.87,06:08:00,18:34:00
5990,1473173418,9/6/2016 12:00:00 AM,04:50:18,2.2,46.0,30.38,66.0,194.1,6.75,06:08:00,18:34:00
5991,1473173121,9/6/2016 12:00:00 AM,04:45:21,2.45,45.0,30.38,66.0,179.01,4.5,06:08:00,18:34:00
5992,1473172820,9/6/2016 12:00:00 AM,04:40:20,2.38,45.0,30.38,67.0,164.79,6.75,06:08:00,18:34:00
5993,1473172518,9/6/2016 12:00:00 AM,04:35:18,2.4,46.0,30.38,68.0,164.63,6.75,06:08:00,18:34:00
5994,1473172220,9/6/2016 12:00:00 AM,04:30:20,2.35,46.0,30.38,66.0,178.58,6.75,06:08:00,18:34:00
5995,1473171919,9/6/2016 12:00:00 AM,04:25:19,2.44,46.0,30.423028000868246,66.0,157.67,6.75,06:08:00,18:34:00
5996,1473171620,9/6/2016 12:00:00 AM,04:20:20,2.66,46.0,30.38,67.0,184.73,6.75,06:08:00,18:34:00
5997,1473171324,9/6/2016 12:00:00 AM,04:15:24,2.8,46.0,30.38,67.0,176.79,5.62,06:08:00,18:34:00
5998,1473171020,9/6/2016 12:00:00 AM,04:10:20,2.5,46.0,30.38,67.0,158.64,6.75,06:08:00,18:34:00
5999,1473170719,9/6/2016 12:00:00 AM,04:05:19,2.35,46.0,30.38,68.0,182.32,9.0,06:08:00,18:34:00
6000,1473170421,9/6/2016 12:00:00 AM,04:00:21,2.55,45.0,30.38,68.0,179.28,4.5,06:08:00,18:34:00
6001,1473170122,9/6/2016 12:00:00 AM,03:55:22,2.17,45.0,30.38,70.0,190.17,9.0,06:08:00,18:34:00
6002,1473169825,9/6/2016 12:00:00 AM,03:50:25,2.3,45.0,30.38,70.0,184.93,6.75,06:08:00,18:34:00
6003,1473169520,9/6/2016 12:00:00 AM,03:45:20,2.51,45.0,30.38,71.0,165.78,5.62,06:08:00,18:34:00
6004,1473169218,9/6/2016 12:00:00 AM,03:40:18,2.96,45.0,30.38,74.83719267708949,186.43,7.87,06:08:00,18:34:00
6005,1473168921,9/6/2016 12:00:00 AM,03:35:21,2.8,45.0,30.38,71.0,191.09,5.62,06:08:00,18:34:00
6006,1473168619,9/6/2016 12:00:00 AM,03:30:19,2.96,45.0,30.38,71.0,183.33,5.62,06:08:00,18:34:00
6007,1473168323,9/6/2016 12:00:00 AM,03:25:23,2.64,45.0,30.38,71.0,172.28,6.75,06:08:00,18:34:00
6008,1473168022,9/6/2016 12:00:00 AM,03:20:22,3.24,45.0,30.38,72.0,167.27,5.62,06:08:00,18:34:00
6009,1473167718,9/6/2016 12:00:00 AM,03:15:18,2.65,45.0,30.38,73.0,182.43,6.75,06:08:00,18:34:00
6010,1473167419,9/6/2016 12:00:00 AM,03:10:19,3.57,46.0,30.38,74.0,187.74,7.87,06:08:00,18:34:00
6011,1473167119,9/6/2016 12:00:00 AM,03:05:19,3.11,46.0,30.38,74.83719267708949,180.81,6.75,06:08:00,18:34:00
6012,1473166819,9/6/2016 12:00:00 AM,03:00:19,3.09,46.0,30.38,74.0,186.68,5.62,06:08:00,18:34:00
6013,1473166523,9/6/2016 12:00:00 AM,02:55:23,3.28,46.0,30.39,74.0,182.13,9.0,06:08:00,18:34:00
6014,1473166218,9/6/2016 12:00:00 AM,02:50:18,3.31,46.0,30.39,75.0,165.66,5.62,06:08:00,18:34:00
6015,1473165927,9/6/2016 12:00:00 AM,02:45:27,3.54,46.0,30.39,75.0,174.93,5.62,06:08:00,18:34:00
6016,1473165625,9/6/2016 12:00:00 AM,02:40:25,3.87,46.0,30.39,76.0,175.7,6.75,06:08:00,18:34:00
6017,1473165322,9/6/2016 12:00:00 AM,02:35:22,4.28,46.0,30.39,76.0,189.11,7.87,06:08:00,18:34:00
6018,1473165024,9/6/2016 12:00:00 AM,02:30:24,4.04,47.0,30.39,76.0,189.49,7.87,06:08:00,18:34:00
6019,1473164720,9/6/2016 12:00:00 AM,02:25:20,2.89,47.0,30.39,75.0,172.68,3.37,06:08:00,18:34:00
6020,1473164423,9/6/2016 12:00:00 AM,02:20:23,2.69,47.0,30.39,75.0,185.38,5.62,06:08:00,18:34:00
6021,1473164120,9/6/2016 12:00:00 AM,02:15:20,2.94,51.16507236474315,30.39,75.0,179.86,5.62,06:08:00,18:34:00
6022,1473163819,9/6/2016 12:00:00 AM,02:10:19,3.21,47.0,30.39,75.0,159.56,7.87,06:08:00,18:34:00
6023,1473163521,9/6/2016 12:00:00 AM,02:05:21,3.03,47.0,30.39,75.0,162.13,5.62,06:08:00,18:34:00
6024,1473163218,9/6/2016 12:00:00 AM,02:00:18,2.99,47.0,30.39,75.0,176.38,6.75,06:08:00,18:34:00
6025,1473162927,9/6/2016 12:00:00 AM,01:55:27,3.44,47.0,30.39,75.0,168.18,5.62,06:08:00,18:34:00
6026,1473162621,9/6/2016 12:00:00 AM,01:50:21,2.74,47.0,30.4,75.0,137.91,4.5,06:08:00,18:34:00
6027,1473162319,9/6/2016 12:00:00 AM,01:45:19,2.48,47.0,30.39,76.0,182.34,5.62,06:08:00,18:34:00
6028,1473162022,9/6/2016 12:00:00 AM,01:40:22,2.05,47.0,30.39,75.0,180.13,5.62,06:08:00,18:34:00
6029,1473161721,9/6/2016 12:00:00 AM,01:35:21,2.28,47.0,30.39,76.0,152.6,7.87,06:08:00,18:34:00
6030,1473161420,9/6/2016 12:00:00 AM,01:30:20,2.93,47.0,30.39,75.0,170.24,6.75,06:08:00,18:34:00
6031,1473161120,9/6/2016 12:00:00 AM,01:25:20,2.8,47.0,30.39,75.0,157.3,4.5,06:08:00,18:34:00
6032,1473160818,9/6/2016 12:00:00 AM,01:20:18,2.86,47.0,30.4,76.0,165.85,6.75,06:08:00,18:34:00
6033,1473160523,9/6/2016 12:00:00 AM,01:15:23,2.78,47.0,30.4,76.0,179.69,5.62,06:08:00,18:34:00
6034,1473160222,9/6/2016 12:00:00 AM,01:10:22,2.73,47.0,30.4,76.0,185.45,6.75,06:08:00,18:34:00
6035,1473159920,9/6/2016 12:00:00 AM,01:05:20,3.08,47.0,30.4,76.0,177.44,5.62,06:08:00,18:34:00
6036,1473159620,9/6/2016 12:00:00 AM,01:00:20,2.87,51.16507236474315,30.4,76.0,196.33,6.75,06:08:00,18:34:00
6037,1473159321,9/6/2016 12:00:00 AM,00:55:21,2.69,47.0,30.41,76.0,144.09,6.229096658193317,06:08:00,18:34:00
6038,1473159022,9/6/2016 12:00:00 AM,00:50:22,2.44,47.0,30.41,78.0,148.06,9.0,06:08:00,18:34:00
6039,1473158721,9/6/2016 12:00:00 AM,00:45:21,3.15,47.0,30.41,82.0,127.69,5.62,06:08:00,18:34:00
6040,1473157823,9/6/2016 12:00:00 AM,00:30:23,3.82,47.0,30.41,79.0,154.48,6.75,06:08:00,18:34:00
6041,1473157524,9/6/2016 12:00:00 AM,00:25:24,3.8,47.0,30.41,80.0,186.3,5.62,06:08:00,18:34:00
6042,1473157222,9/6/2016 12:00:00 AM,00:20:22,2.7,47.0,30.41,79.0,131.28,3.37,06:08:00,18:34:00
6043,1473156319,9/6/2016 12:00:00 AM,00:05:19,2.27,46.0,30.42,74.0,166.48,7.87,06:08:00,18:34:00
6044,1473156023,9/6/2016 12:00:00 AM,00:00:23,3.06,46.0,30.42,73.0,166.61,7.87,06:08:00,18:34:00
6045,1473155720,9/5/2016 12:00:00 AM,23:55:20,2.34,46.0,30.43,72.0,165.48,6.75,06:08:00,18:35:00
6046,1473155420,9/5/2016 12:00:00 AM,23:50:20,2.28,47.0,30.43,70.0,181.46,6.75,06:08:00,18:35:00
6047,1473155123,9/5/2016 12:00:00 AM,23:45:23,2.19,47.0,30.43,70.0,164.29,5.62,06:08:00,18:35:00
6048,1473154822,9/5/2016 12:00:00 AM,23:40:22,2.27,48.0,30.43,67.0,166.15,4.5,06:08:00,18:35:00
6049,1473154521,9/5/2016 12:00:00 AM,23:35:21,2.27,48.0,30.43,64.0,135.83,4.5,06:08:00,18:35:00
6050,1473154219,9/5/2016 12:00:00 AM,23:30:19,2.35,48.0,30.43,64.0,167.51,6.75,06:08:00,18:35:00
6051,1473153924,9/5/2016 12:00:00 AM,23:25:24,2.5,48.0,30.43,58.0,159.4,6.75,06:08:00,18:35:00
6052,1473153619,9/5/2016 12:00:00 AM,23:20:19,2.5,47.0,30.43,58.0,172.24,4.5,06:08:00,18:35:00
6053,1473153321,9/5/2016 12:00:00 AM,23:15:21,2.15,47.0,30.43,57.0,162.79,7.87,06:08:00,18:35:00
6054,1473153020,9/5/2016 12:00:00 AM,23:10:20,2.27,48.0,30.43,58.0,158.77,5.62,06:08:00,18:35:00
6055,1473152718,9/5/2016 12:00:00 AM,23:05:18,2.22,48.0,30.43,57.0,180.05,5.62,06:08:00,18:35:00
6056,1473152421,9/5/2016 12:00:00 AM,23:00:21,2.21,48.0,30.43,60.0,147.02,7.87,06:08:00,18:35:00
6057,1473152121,9/5/2016 12:00:00 AM,22:55:21,2.31,48.0,30.43,58.0,172.06,3.37,06:08:00,18:35:00
6058,1473151823,9/5/2016 12:00:00 AM,22:50:23,2.4,48.0,30.43,57.0,166.04,5.62,06:08:00,18:35:00
6059,1473151523,9/5/2016 12:00:00 AM,22:45:23,2.58,48.0,30.43,55.0,158.75,4.5,06:08:00,18:35:00
6060,1473151221,9/5/2016 12:00:00 AM,22:40:21,2.9,48.0,30.43,58.0,139.1,3.37,06:08:00,18:35:00
6061,1473150923,9/5/2016 12:00:00 AM,22:35:23,2.14,48.0,30.43,60.0,158.98,5.62,06:08:00,18:35:00
6062,1473150622,9/5/2016 12:00:00 AM,22:30:22,2.46,48.0,30.43,62.0,157.86,5.62,06:08:00,18:35:00
6063,1473150327,9/5/2016 12:00:00 AM,22:25:27,2.15,49.0,30.43,62.0,146.59,6.75,06:08:00,18:35:00
6064,1473150020,9/5/2016 12:00:00 AM,22:20:20,2.15,49.0,30.43,61.0,120.31,3.37,06:08:00,18:35:00
6065,1473149723,9/5/2016 12:00:00 AM,22:15:23,2.32,49.0,30.43,60.0,167.48,1.12,06:08:00,18:35:00
6066,1473149422,9/5/2016 12:00:00 AM,22:10:22,2.06,49.0,30.43,61.0,170.16,6.75,06:08:00,18:35:00
6067,1473149124,9/5/2016 12:00:00 AM,22:05:24,2.23,48.0,30.43,60.0,152.18,4.5,06:08:00,18:35:00
6068,1473148821,9/5/2016 12:00:00 AM,22:00:21,2.11,48.0,30.43,58.0,162.86,7.87,06:08:00,18:35:00
6069,1473148522,9/5/2016 12:00:00 AM,21:55:22,2.53,49.0,30.43,63.0,159.97,2.25,06:08:00,18:35:00
6070,1473148219,9/5/2016 12:00:00 AM,21:50:19,3.04,49.0,30.43,64.0,171.96,7.87,06:08:00,18:35:00
6071,1473147922,9/5/2016 12:00:00 AM,21:45:22,2.81,49.0,30.43,61.0,158.3,5.62,06:08:00,18:35:00
6072,1473147618,9/5/2016 12:00:00 AM,21:40:18,3.32,50.0,30.43,62.0,154.46,6.75,06:08:00,18:35:00
6073,1473147319,9/5/2016 12:00:00 AM,21:35:19,3.07,50.0,30.43,60.0,124.85,2.25,06:08:00,18:35:00
6074,1473147023,9/5/2016 12:00:00 AM,21:30:23,3.04,49.0,30.43,49.0,94.6,3.37,06:08:00,18:35:00
6075,1473146720,9/5/2016 12:00:00 AM,21:25:20,3.08,49.0,30.43,65.0,159.21,4.5,06:08:00,18:35:00
6076,1473146426,9/5/2016 12:00:00 AM,21:20:26,2.97,49.0,30.43,67.0,160.7,9.0,06:08:00,18:35:00
6077,1473146121,9/5/2016 12:00:00 AM,21:15:21,2.95,49.0,30.43,67.0,136.64,5.62,06:08:00,18:35:00
6078,1473145823,9/5/2016 12:00:00 AM,21:10:23,2.84,49.0,30.43,64.0,166.0,5.62,06:08:00,18:35:00
6079,1473145519,9/5/2016 12:00:00 AM,21:05:19,2.12,49.0,30.43,71.0,159.43,6.75,06:08:00,18:35:00
6080,1473145219,9/5/2016 12:00:00 AM,21:00:19,2.37,49.0,30.43,65.0,154.73,3.37,06:08:00,18:35:00
6081,1473144919,9/5/2016 12:00:00 AM,20:55:19,2.07,49.0,30.43,66.0,143.94,3.37,06:08:00,18:35:00
6082,1473144620,9/5/2016 12:00:00 AM,20:50:20,2.01,49.0,30.42,65.0,160.79,4.5,06:08:00,18:35:00
6083,1473144321,9/5/2016 12:00:00 AM,20:45:21,1.95,49.0,30.42,69.0,155.59,4.5,06:08:00,18:35:00
6084,1473144019,9/5/2016 12:00:00 AM,20:40:19,2.03,49.0,30.42,71.0,160.59,2.25,06:08:00,18:35:00
6085,1473143723,9/5/2016 12:00:00 AM,20:35:23,2.25,48.0,30.42,78.0,159.8,4.5,06:08:00,18:35:00
6086,1473143419,9/5/2016 12:00:00 AM,20:30:19,2.24,48.0,30.42,83.0,124.68,3.37,06:08:00,18:35:00
6087,1473143122,9/5/2016 12:00:00 AM,20:25:22,1.97,48.0,30.42,90.0,121.68,1.12,06:08:00,18:35:00
6088,1473142823,9/5/2016 12:00:00 AM,20:20:23,2.1,48.0,30.42,98.0,119.36,6.75,06:08:00,18:35:00
6089,1473142521,9/5/2016 12:00:00 AM,20:15:21,2.01,48.0,30.41,99.0,162.2,3.37,06:08:00,18:35:00
6090,1473142223,9/5/2016 12:00:00 AM,20:10:23,2.23,49.0,30.41,100.0,111.02,4.5,06:08:00,18:35:00
6091,1473141920,9/5/2016 12:00:00 AM,20:05:20,2.01,49.0,30.41,100.0,136.64,4.5,06:08:00,18:35:00
6092,1473141625,9/5/2016 12:00:00 AM,20:00:25,2.2,49.0,30.41,100.0,117.27,2.25,06:08:00,18:35:00
6093,1473141321,9/5/2016 12:00:00 AM,19:55:21,2.27,49.0,30.41,100.0,77.88,4.5,06:08:00,18:35:00
6094,1473141023,9/5/2016 12:00:00 AM,19:50:23,2.21,49.0,30.41,99.0,86.71,3.37,06:08:00,18:35:00
6095,1473140722,9/5/2016 12:00:00 AM,19:45:22,2.36,50.0,30.41,100.0,86.69,2.25,06:08:00,18:35:00
6096,1473140420,9/5/2016 12:00:00 AM,19:40:20,2.23,51.0,30.41,100.0,164.88,4.5,06:08:00,18:35:00
6097,1473140121,9/5/2016 12:00:00 AM,19:35:21,2.42,51.0,30.41,100.0,117.27,2.25,06:08:00,18:35:00
6098,1473139819,9/5/2016 12:00:00 AM,19:30:19,2.44,51.0,30.41,100.0,79.87,3.37,06:08:00,18:35:00
6099,1473139524,9/5/2016 12:00:00 AM,19:25:24,2.49,52.0,30.41,100.0,73.31,3.37,06:08:00,18:35:00
6100,1473139218,9/5/2016 12:00:00 AM,19:20:18,2.4,52.0,30.41,100.0,73.02,2.25,06:08:00,18:35:00
6101,1473138919,9/5/2016 12:00:00 AM,19:15:19,2.7,53.0,30.41,100.0,56.36,2.25,06:08:00,18:35:00
6102,1473138625,9/5/2016 12:00:00 AM,19:10:25,2.29,53.0,30.41,101.0,77.3,1.12,06:08:00,18:35:00
6103,1473138304,9/5/2016 12:00:00 AM,19:05:04,3.31,53.0,30.41,101.0,78.12,1.12,06:08:00,18:35:00
6104,1473138003,9/5/2016 12:00:00 AM,19:00:03,2.53,53.0,30.41,101.0,77.7,1.12,06:08:00,18:35:00
6105,1473137704,9/5/2016 12:00:00 AM,18:55:04,2.64,53.0,30.41,100.0,77.77,1.12,06:08:00,18:35:00
6106,1473137404,9/5/2016 12:00:00 AM,18:50:04,2.66,52.0,30.41,100.0,63.15,0.0,06:08:00,18:35:00
6107,1473137108,9/5/2016 12:00:00 AM,18:45:08,2.74,52.0,30.41,100.0,81.67,2.25,06:08:00,18:35:00
6108,1473136809,9/5/2016 12:00:00 AM,18:40:09,2.98,52.0,30.41,100.0,130.03,2.25,06:08:00,18:35:00
6109,1473136509,9/5/2016 12:00:00 AM,18:35:09,3.86,52.0,30.41,99.0,47.88,0.0,06:08:00,18:35:00
6110,1473136204,9/5/2016 12:00:00 AM,18:30:04,5.4,53.0,30.4,99.0,27.61,2.25,06:08:00,18:35:00
6111,1473135906,9/5/2016 12:00:00 AM,18:25:06,5.7,53.0,30.4,99.0,39.54,3.37,06:08:00,18:35:00
6112,1473135603,9/5/2016 12:00:00 AM,18:20:03,8.6,53.0,30.4,99.0,20.79,2.25,06:08:00,18:35:00
6113,1473135308,9/5/2016 12:00:00 AM,18:15:08,12.41,54.0,30.4,99.0,5.88,3.37,06:08:00,18:35:00
6114,1473135006,9/5/2016 12:00:00 AM,18:10:06,13.8,54.0,30.4,98.0,28.16,3.37,06:08:00,18:35:00
6115,1473134705,9/5/2016 12:00:00 AM,18:05:05,19.85,54.0,30.4,98.0,335.46,2.25,06:08:00,18:35:00
6116,1473134403,9/5/2016 12:00:00 AM,18:00:03,28.89,55.0,30.4,98.0,340.47,1.12,06:08:00,18:35:00
6117,1473134103,9/5/2016 12:00:00 AM,17:55:03,19.3,55.0,30.4,97.0,1.22,1.12,06:08:00,18:35:00
6118,1473133808,9/5/2016 12:00:00 AM,17:50:08,28.9,56.0,30.4,97.0,1.05,4.5,06:08:00,18:35:00
6119,1473133505,9/5/2016 12:00:00 AM,17:45:05,69.48,56.0,30.4,95.0,352.99,3.37,06:08:00,18:35:00
6120,1473133209,9/5/2016 12:00:00 AM,17:40:09,100.54,57.0,30.4,96.0,356.51,3.37,06:08:00,18:35:00
6121,1473132903,9/5/2016 12:00:00 AM,17:35:03,183.01,57.0,30.4,97.0,326.66,4.5,06:08:00,18:35:00
6122,1473132606,9/5/2016 12:00:00 AM,17:30:06,214.8,56.0,30.39,97.0,267.36,3.37,06:08:00,18:35:00
6123,1473132304,9/5/2016 12:00:00 AM,17:25:04,199.17,56.0,30.4,97.0,51.5,1.12,06:08:00,18:35:00
6124,1473132005,9/5/2016 12:00:00 AM,17:20:05,77.75,56.0,30.4,96.0,358.66,1.12,06:08:00,18:35:00
6125,1473131702,9/5/2016 12:00:00 AM,17:15:02,249.42,57.0,30.4,96.0,351.7,3.37,06:08:00,18:35:00
6126,1473131403,9/5/2016 12:00:00 AM,17:10:03,260.16,57.0,30.4,96.0,14.94,3.37,06:08:00,18:35:00
6127,1473131103,9/5/2016 12:00:00 AM,17:05:03,155.72,56.0,30.4,96.0,1.09,1.12,06:08:00,18:35:00
6128,1473130806,9/5/2016 12:00:00 AM,17:00:06,200.86,56.0,30.4,96.0,37.29,3.37,06:08:00,18:35:00
6129,1473130507,9/5/2016 12:00:00 AM,16:55:07,121.77,56.0,30.4,95.0,33.01,1.12,06:08:00,18:35:00
6130,1473130207,9/5/2016 12:00:00 AM,16:50:07,128.43,57.0,30.4,93.0,335.51,4.5,06:08:00,18:35:00
6131,1473129904,9/5/2016 12:00:00 AM,16:45:04,167.58,58.0,30.4,92.0,1.39,7.87,06:08:00,18:35:00
6132,1473129607,9/5/2016 12:00:00 AM,16:40:07,460.3,58.0,30.4,92.0,344.02,2.25,06:08:00,18:35:00
6133,1473129303,9/5/2016 12:00:00 AM,16:35:03,265.4,59.0,30.4,91.0,335.72,1.12,06:08:00,18:35:00
6134,1473129003,9/5/2016 12:00:00 AM,16:30:03,138.54,59.0,30.4,89.0,346.82,3.37,06:08:00,18:35:00
6135,1473128702,9/5/2016 12:00:00 AM,16:25:02,313.54,60.0,30.4,89.0,358.14,9.0,06:08:00,18:35:00
6136,1473128403,9/5/2016 12:00:00 AM,16:20:03,206.02,60.0,30.4,91.0,308.14,6.75,06:08:00,18:35:00
6137,1473128109,9/5/2016 12:00:00 AM,16:15:09,278.73,59.0,30.4,89.0,350.98,4.5,06:08:00,18:35:00
6138,1473127806,9/5/2016 12:00:00 AM,16:10:06,261.55,60.0,30.4,90.0,343.98,6.75,06:08:00,18:35:00
6139,1473127507,9/5/2016 12:00:00 AM,16:05:07,295.9,59.0,30.4,92.0,323.36,7.87,06:08:00,18:35:00
6140,1473127205,9/5/2016 12:00:00 AM,16:00:05,235.97,59.0,30.4,92.0,339.9,7.87,06:08:00,18:35:00
6141,1473126904,9/5/2016 12:00:00 AM,15:55:04,274.33,59.0,30.4,92.0,335.69,5.62,06:08:00,18:35:00
6142,1473126604,9/5/2016 12:00:00 AM,15:50:04,782.34,59.0,30.4,92.0,358.7,6.75,06:08:00,18:35:00
6143,1473126304,9/5/2016 12:00:00 AM,15:45:04,498.57,58.0,30.4,92.0,356.63,3.37,06:08:00,18:35:00
6144,1473126002,9/5/2016 12:00:00 AM,15:40:02,891.81,58.0,30.4,94.0,40.29,3.37,06:08:00,18:35:00
6145,1473125702,9/5/2016 12:00:00 AM,15:35:02,342.9,58.0,30.4,92.0,355.6,3.37,06:08:00,18:35:00
6146,1473125408,9/5/2016 12:00:00 AM,15:30:08,432.97,59.0,30.4,93.0,341.49,2.25,06:08:00,18:35:00
6147,1473125108,9/5/2016 12:00:00 AM,15:25:08,436.0,59.0,30.4,91.0,3.23,3.37,06:08:00,18:35:00
6148,1473124805,9/5/2016 12:00:00 AM,15:20:05,417.58,59.0,30.4,91.0,357.66,6.75,06:08:00,18:35:00
6149,1473124503,9/5/2016 12:00:00 AM,15:15:03,536.21,59.0,30.4,92.0,343.55,6.75,06:08:00,18:35:00
6150,1473124206,9/5/2016 12:00:00 AM,15:10:06,611.49,60.0,30.4,91.0,329.84,3.37,06:08:00,18:35:00
6151,1473123906,9/5/2016 12:00:00 AM,15:05:06,669.09,60.0,30.41,91.0,335.78,9.0,06:08:00,18:35:00
6152,1473123608,9/5/2016 12:00:00 AM,15:00:08,1003.99,60.0,30.41,92.0,351.4,5.62,06:08:00,18:35:00
6153,1473123305,9/5/2016 12:00:00 AM,14:55:05,789.48,59.0,30.4,93.0,359.1,5.62,06:08:00,18:35:00
6154,1473123004,9/5/2016 12:00:00 AM,14:50:04,674.18,59.0,30.41,92.0,0.66,6.75,06:08:00,18:35:00
6155,1473122704,9/5/2016 12:00:00 AM,14:45:04,400.64,59.0,30.41,91.0,343.11,1.12,06:08:00,18:35:00
6156,1473122406,9/5/2016 12:00:00 AM,14:40:06,330.78,60.0,30.41,90.0,20.3,3.37,06:08:00,18:35:00
6157,1473122104,9/5/2016 12:00:00 AM,14:35:04,449.05,61.0,30.41,88.0,7.69,3.37,06:08:00,18:35:00
6158,1473121804,9/5/2016 12:00:00 AM,14:30:04,759.98,61.0,30.41,88.0,357.87,6.75,06:08:00,18:35:00
6159,1473121506,9/5/2016 12:00:00 AM,14:25:06,961.28,60.0,30.41,89.0,347.65,10.12,06:08:00,18:35:00
6160,1473121205,9/5/2016 12:00:00 AM,14:20:05,562.24,60.0,30.41,91.0,335.52,4.5,06:08:00,18:35:00
6161,1473120904,9/5/2016 12:00:00 AM,14:15:04,1254.94,60.0,30.41,90.0,0.84,2.25,06:08:00,18:35:00
6162,1473120603,9/5/2016 12:00:00 AM,14:10:03,757.11,60.0,30.41,90.0,335.51,9.0,06:08:00,18:35:00
6163,1473120312,9/5/2016 12:00:00 AM,14:05:12,635.99,60.0,30.41,90.0,36.46,2.25,06:08:00,18:35:00
6164,1473120006,9/5/2016 12:00:00 AM,14:00:06,1104.42,61.0,30.41,89.0,2.08,6.75,06:08:00,18:35:00
6165,1473119704,9/5/2016 12:00:00 AM,13:55:04,399.37,62.0,30.41,89.0,34.19,11.25,06:08:00,18:35:00
6166,1473119403,9/5/2016 12:00:00 AM,13:50:03,326.89,63.0,30.42,86.0,352.57,7.87,06:08:00,18:35:00
6167,1473119105,9/5/2016 12:00:00 AM,13:45:05,612.87,63.0,30.41,79.0,6.03,1.12,06:08:00,18:35:00
6168,1473118804,9/5/2016 12:00:00 AM,13:40:04,1264.07,64.0,30.42,81.0,358.72,10.12,06:08:00,18:35:00
6169,1473118506,9/5/2016 12:00:00 AM,13:35:06,1102.97,64.0,30.42,82.0,358.64,3.37,06:08:00,18:35:00
6170,1473118207,9/5/2016 12:00:00 AM,13:30:07,1067.42,64.0,30.42,82.0,334.04,6.75,06:08:00,18:35:00
6171,1473117906,9/5/2016 12:00:00 AM,13:25:06,1035.15,64.0,30.42,75.0,328.19,10.12,06:08:00,18:35:00
6172,1473117605,9/5/2016 12:00:00 AM,13:20:05,1051.18,64.0,30.42,69.0,312.89,6.75,06:08:00,18:35:00
6173,1473117308,9/5/2016 12:00:00 AM,13:15:08,1064.99,64.0,30.42,71.0,317.56,9.0,06:08:00,18:35:00
6174,1473117005,9/5/2016 12:00:00 AM,13:10:05,1045.39,64.0,30.42,73.0,301.05,9.0,06:08:00,18:35:00
6175,1473116703,9/5/2016 12:00:00 AM,13:05:03,1049.51,63.0,30.42,67.0,358.0,4.5,06:08:00,18:35:00
6176,1473116402,9/5/2016 12:00:00 AM,13:00:02,1056.3,64.0,30.43,70.0,143.54770303349548,9.0,06:08:00,18:35:00
6177,1473116105,9/5/2016 12:00:00 AM,12:55:05,1063.15,64.0,30.423028000868246,67.0,331.74,9.0,06:08:00,18:35:00
6178,1473115805,9/5/2016 12:00:00 AM,12:50:05,1067.19,63.0,30.43,67.0,305.68,6.75,06:08:00,18:35:00
6179,1473115504,9/5/2016 12:00:00 AM,12:45:04,1067.92,64.0,30.43,67.0,296.87,11.25,06:08:00,18:35:00
6180,1473115204,9/5/2016 12:00:00 AM,12:40:04,1073.58,64.0,30.43,66.0,313.94,9.0,06:08:00,18:35:00
6181,1473114903,9/5/2016 12:00:00 AM,12:35:03,1073.56,64.0,30.43,67.0,301.67,6.75,06:08:00,18:35:00
6182,1473114605,9/5/2016 12:00:00 AM,12:30:05,1069.75,63.0,30.43,66.0,300.47,6.75,06:08:00,18:35:00
6183,1473114303,9/5/2016 12:00:00 AM,12:25:03,1072.92,63.0,30.43,67.0,330.27,7.87,06:08:00,18:35:00
6184,1473113707,9/5/2016 12:00:00 AM,12:15:07,1072.67,63.0,30.43,67.0,316.06,7.87,06:08:00,18:35:00
6185,1473113409,9/5/2016 12:00:00 AM,12:10:09,1071.92,63.0,30.423028000868246,65.0,311.36,7.87,06:08:00,18:35:00
6186,1473113106,9/5/2016 12:00:00 AM,12:05:06,1069.88,63.0,30.44,66.0,323.33,6.75,06:08:00,18:35:00
6187,1473112809,9/5/2016 12:00:00 AM,12:00:09,1067.61,63.0,30.44,65.0,307.86,11.25,06:08:00,18:35:00
6188,1473112503,9/5/2016 12:00:00 AM,11:55:03,1064.63,63.0,30.44,63.0,316.05,7.87,06:08:00,18:35:00
6189,1473112202,9/5/2016 12:00:00 AM,11:50:02,1062.72,63.0,30.44,67.0,340.81,7.87,06:08:00,18:35:00
6190,1473111904,9/5/2016 12:00:00 AM,11:45:04,1057.8,63.0,30.44,71.0,276.35,6.75,06:08:00,18:35:00
6191,1473111603,9/5/2016 12:00:00 AM,11:40:03,1054.64,62.0,30.44,64.0,301.39,9.0,06:08:00,18:35:00
6192,1473111305,9/5/2016 12:00:00 AM,11:35:05,1048.61,62.0,30.44,73.0,319.05,10.12,06:08:00,18:35:00
6193,1473111005,9/5/2016 12:00:00 AM,11:30:05,1044.18,62.0,30.44,70.0,305.68,10.12,06:08:00,18:35:00
6194,1473110709,9/5/2016 12:00:00 AM,11:25:09,1039.76,62.0,30.44,68.0,260.01,11.25,06:08:00,18:35:00
6195,1473110406,9/5/2016 12:00:00 AM,11:20:06,1036.12,62.0,30.45,60.0,309.53,6.75,06:08:00,18:35:00
6196,1473110110,9/5/2016 12:00:00 AM,11:15:10,1028.58,62.0,30.45,67.0,322.08,7.87,06:08:00,18:35:00
6197,1473109806,9/5/2016 12:00:00 AM,11:10:06,1020.18,62.0,30.45,63.0,335.62,6.75,06:08:00,18:35:00
6198,1473109504,9/5/2016 12:00:00 AM,11:05:04,1012.25,62.0,30.45,70.0,323.51,9.0,06:08:00,18:35:00
6199,1473109204,9/5/2016 12:00:00 AM,11:00:04,1005.56,62.0,30.45,69.0,324.37,9.0,06:08:00,18:35:00
6200,1473108902,9/5/2016 12:00:00 AM,10:55:02,996.12,61.0,30.45,69.0,330.18,5.62,06:08:00,18:35:00
6201,1473108608,9/5/2016 12:00:00 AM,10:50:08,991.02,62.0,30.45,59.0,323.53,11.25,06:08:00,18:35:00
6202,1473108310,9/5/2016 12:00:00 AM,10:45:10,979.73,61.0,30.45,68.0,308.97,9.0,06:08:00,18:35:00
6203,1473108004,9/5/2016 12:00:00 AM,10:40:04,966.72,61.0,30.45,76.0,339.52,7.87,06:08:00,18:35:00
6204,1473107706,9/5/2016 12:00:00 AM,10:35:06,956.43,61.0,30.45,75.0,284.3,7.87,06:08:00,18:35:00
6205,1473107411,9/5/2016 12:00:00 AM,10:30:11,949.43,61.0,30.45,65.0,270.7,6.75,06:08:00,18:35:00
6206,1473106806,9/5/2016 12:00:00 AM,10:20:06,926.04,60.0,30.45,70.0,302.54,9.0,06:08:00,18:35:00
6207,1473106502,9/5/2016 12:00:00 AM,10:15:02,911.03,60.0,30.45,73.0,276.2,11.25,06:08:00,18:35:00
6208,1473106203,9/5/2016 12:00:00 AM,10:10:03,899.71,60.0,30.45,75.0,287.21,10.12,06:08:00,18:35:00
6209,1473105905,9/5/2016 12:00:00 AM,10:05:05,884.26,60.0,30.45,74.0,314.86,10.12,06:08:00,18:35:00
6210,1473105603,9/5/2016 12:00:00 AM,10:00:03,872.42,59.0,30.45,75.0,299.32,7.87,06:08:00,18:35:00
6211,1473105307,9/5/2016 12:00:00 AM,09:55:07,859.81,59.0,30.45,78.0,299.54,11.25,06:08:00,18:35:00
6212,1473105004,9/5/2016 12:00:00 AM,09:50:04,843.56,59.0,30.45,83.0,317.47,7.87,06:08:00,18:35:00
6213,1473104703,9/5/2016 12:00:00 AM,09:45:03,827.57,58.0,30.45,83.0,301.72,6.75,06:08:00,18:35:00
6214,1473104403,9/5/2016 12:00:00 AM,09:40:03,814.74,58.0,30.45,85.0,302.89,6.75,06:08:00,18:35:00
6215,1473104105,9/5/2016 12:00:00 AM,09:35:05,799.38,58.0,30.45,86.0,294.51,9.0,06:08:00,18:35:00
6216,1473103804,9/5/2016 12:00:00 AM,09:30:04,783.1,51.16507236474315,30.45,85.0,321.84,11.25,06:08:00,18:35:00
6217,1473103507,9/5/2016 12:00:00 AM,09:25:07,767.87,57.0,30.44,83.0,283.86,9.0,06:08:00,18:35:00
6218,1473103206,9/5/2016 12:00:00 AM,09:20:06,750.56,58.0,30.44,87.0,317.78,10.12,06:08:00,18:35:00
6219,1473102908,9/5/2016 12:00:00 AM,09:15:08,734.56,57.0,30.44,86.0,293.2,6.75,06:08:00,18:35:00
6220,1473102603,9/5/2016 12:00:00 AM,09:10:03,716.31,58.0,30.44,87.0,291.77,10.12,06:08:00,18:35:00
6221,1473102305,9/5/2016 12:00:00 AM,09:05:05,698.22,58.0,30.44,86.0,317.47,6.75,06:08:00,18:35:00
6222,1473102006,9/5/2016 12:00:00 AM,09:00:06,679.18,58.0,30.44,87.0,313.76,9.0,06:08:00,18:35:00
6223,1473101705,9/5/2016 12:00:00 AM,08:55:05,661.98,58.0,30.44,84.0,280.2,7.87,06:08:00,18:35:00
6224,1473101406,9/5/2016 12:00:00 AM,08:50:06,644.55,57.0,30.43,87.0,288.15,5.62,06:08:00,18:35:00
6225,1473101103,9/5/2016 12:00:00 AM,08:45:03,625.9,57.0,30.43,86.0,262.44,9.0,06:08:00,18:35:00
6226,1473100803,9/5/2016 12:00:00 AM,08:40:03,604.9,57.0,30.43,88.0,285.15,6.75,06:08:00,18:35:00
6227,1473100506,9/5/2016 12:00:00 AM,08:35:06,586.42,57.0,30.44,88.0,288.63,3.37,06:08:00,18:35:00
6228,1473100204,9/5/2016 12:00:00 AM,08:30:04,567.5,57.0,30.43,81.0,286.33,5.62,06:08:00,18:35:00
6229,1473099905,9/5/2016 12:00:00 AM,08:25:05,547.51,57.0,30.43,82.0,291.77,7.87,06:08:00,18:35:00
6230,1473099605,9/5/2016 12:00:00 AM,08:20:05,528.53,56.0,30.43,83.0,253.05,6.75,06:08:00,18:35:00
6231,1473099304,9/5/2016 12:00:00 AM,08:15:04,507.32,56.0,30.43,84.0,286.68,5.62,06:08:00,18:35:00
6232,1473099005,9/5/2016 12:00:00 AM,08:10:05,486.42,56.0,30.43,76.0,271.74,9.0,06:08:00,18:35:00
6233,1473098703,9/5/2016 12:00:00 AM,08:05:03,466.48,56.0,30.43,75.0,272.12,5.62,06:08:00,18:35:00
6234,1473098409,9/5/2016 12:00:00 AM,08:00:09,447.18,56.0,30.42,76.0,240.23,7.87,06:08:00,18:35:00
6235,1473098104,9/5/2016 12:00:00 AM,07:55:04,424.37,55.0,30.43,78.0,265.69,7.87,06:08:00,18:35:00
6236,1473097803,9/5/2016 12:00:00 AM,07:50:03,402.82,55.0,30.43,79.0,245.84,5.62,06:08:00,18:35:00
6237,1473097505,9/5/2016 12:00:00 AM,07:45:05,381.74,54.0,30.43,80.0,248.77,5.62,06:08:00,18:35:00
6238,1473097206,9/5/2016 12:00:00 AM,07:40:06,360.59,54.0,30.42,81.0,238.82,5.62,06:08:00,18:35:00
6239,1473096906,9/5/2016 12:00:00 AM,07:35:06,339.94,53.0,30.42,81.0,251.51,6.75,06:08:00,18:35:00
6240,1473096611,9/5/2016 12:00:00 AM,07:30:11,318.11,53.0,30.42,80.0,228.4,5.62,06:08:00,18:35:00
6241,1473096309,9/5/2016 12:00:00 AM,07:25:09,295.29,52.0,30.42,78.0,228.7,5.62,06:08:00,18:35:00
6242,1473096004,9/5/2016 12:00:00 AM,07:20:04,268.54,52.0,30.42,74.0,230.21,7.87,06:08:00,18:35:00
6243,1473095704,9/5/2016 12:00:00 AM,07:15:04,241.12,50.0,30.42,76.0,232.91,5.62,06:08:00,18:35:00
6244,1473095405,9/5/2016 12:00:00 AM,07:10:05,212.48,50.0,30.42,80.0,221.36,5.62,06:08:00,18:35:00
6245,1473095106,9/5/2016 12:00:00 AM,07:05:06,184.38,49.0,30.42,80.0,220.49,7.87,06:08:00,18:35:00
6246,1473094804,9/5/2016 12:00:00 AM,07:00:04,157.52,48.0,30.42,81.0,143.54770303349548,7.87,06:08:00,18:35:00
6247,1473094504,9/5/2016 12:00:00 AM,06:55:04,64.36,47.0,30.42,82.0,234.68,6.75,06:08:00,18:35:00
6248,1473094204,9/5/2016 12:00:00 AM,06:50:04,20.34,47.0,30.42,80.0,211.61,5.62,06:08:00,18:35:00
6249,1473093904,9/5/2016 12:00:00 AM,06:45:04,19.1,47.0,30.42,79.0,205.13,5.62,06:08:00,18:35:00
6250,1473093603,9/5/2016 12:00:00 AM,06:40:03,18.38,47.0,30.42,74.83719267708949,208.96,5.62,06:08:00,18:35:00
6251,1473093304,9/5/2016 12:00:00 AM,06:35:04,17.24,47.0,30.41,74.0,200.36,5.62,06:08:00,18:35:00
6252,1473093004,9/5/2016 12:00:00 AM,06:30:04,15.33,47.0,30.41,74.0,217.79,5.62,06:08:00,18:35:00
6253,1473092705,9/5/2016 12:00:00 AM,06:25:05,13.76,47.0,30.41,74.0,208.73,4.5,06:08:00,18:35:00
6254,1473092403,9/5/2016 12:00:00 AM,06:20:03,11.91,47.0,30.41,73.0,194.77,6.75,06:08:00,18:35:00
6255,1473092104,9/5/2016 12:00:00 AM,06:15:04,9.63,46.0,30.41,72.0,190.78,7.87,06:08:00,18:35:00
6256,1473091806,9/5/2016 12:00:00 AM,06:10:06,7.38,47.0,30.41,71.0,188.22,4.5,06:08:00,18:35:00
6257,1473091502,9/5/2016 12:00:00 AM,06:05:02,5.84,47.0,30.41,71.0,186.42,6.75,06:08:00,18:35:00
6258,1473091203,9/5/2016 12:00:00 AM,06:00:03,4.14,47.0,30.41,71.0,182.2,4.5,06:08:00,18:35:00
6259,1473090905,9/5/2016 12:00:00 AM,05:55:05,2.45,47.0,30.41,64.0,154.25,2.25,06:08:00,18:35:00
6260,1473090606,9/5/2016 12:00:00 AM,05:50:06,1.97,47.0,30.41,70.0,188.84,6.75,06:08:00,18:35:00
6261,1473090304,9/5/2016 12:00:00 AM,05:45:04,2.36,47.0,30.4,71.0,187.66,6.75,06:08:00,18:35:00
6262,1473090009,9/5/2016 12:00:00 AM,05:40:09,1.66,47.0,30.4,71.0,184.29,6.75,06:08:00,18:35:00
6263,1473089705,9/5/2016 12:00:00 AM,05:35:05,1.66,47.0,30.4,72.0,183.75,9.0,06:08:00,18:35:00
6264,1473089407,9/5/2016 12:00:00 AM,05:30:07,2.65,47.0,30.4,72.0,181.17,6.75,06:08:00,18:35:00
6265,1473089111,9/5/2016 12:00:00 AM,05:25:11,2.69,47.0,30.4,73.0,179.01,7.87,06:08:00,18:35:00
6266,1473088806,9/5/2016 12:00:00 AM,05:20:06,1.7,47.0,30.4,73.0,170.46,9.0,06:08:00,18:35:00
6267,1473088505,9/5/2016 12:00:00 AM,05:15:05,1.79,46.0,30.4,74.0,172.79,7.87,06:08:00,18:35:00
6268,1473088208,9/5/2016 12:00:00 AM,05:10:08,1.65,47.0,30.4,74.0,175.93,9.0,06:08:00,18:35:00
6269,1473087904,9/5/2016 12:00:00 AM,05:05:04,1.53,46.0,30.4,75.0,177.74,10.12,06:08:00,18:35:00
6270,1473087602,9/5/2016 12:00:00 AM,05:00:02,2.01,46.0,30.4,75.0,178.48,10.12,06:08:00,18:35:00
6271,1473087304,9/5/2016 12:00:00 AM,04:55:04,1.58,47.0,30.4,76.0,175.23,9.0,06:08:00,18:35:00
6272,1473087007,9/5/2016 12:00:00 AM,04:50:07,1.54,47.0,30.4,75.0,175.92,9.0,06:08:00,18:35:00
6273,1473086703,9/5/2016 12:00:00 AM,04:45:03,1.86,47.0,30.4,74.83719267708949,175.78,9.0,06:08:00,18:35:00
6274,1473086402,9/5/2016 12:00:00 AM,04:40:02,1.51,46.0,30.4,74.0,177.01,7.87,06:08:00,18:35:00
6275,1473086107,9/5/2016 12:00:00 AM,04:35:07,1.5,47.0,30.4,75.0,170.74,9.0,06:08:00,18:35:00
6276,1473085808,9/5/2016 12:00:00 AM,04:30:08,1.66,47.0,30.4,73.0,168.06,5.62,06:08:00,18:35:00
6277,1473085505,9/5/2016 12:00:00 AM,04:25:05,1.71,47.0,30.4,72.0,176.76,3.37,06:08:00,18:35:00
6278,1473085207,9/5/2016 12:00:00 AM,04:20:07,1.85,47.0,30.4,73.0,191.63,2.25,06:08:00,18:35:00
6279,1473084904,9/5/2016 12:00:00 AM,04:15:04,2.17,47.0,30.4,70.0,171.7,4.5,06:08:00,18:35:00
6280,1473084605,9/5/2016 12:00:00 AM,04:10:05,2.7,47.0,30.4,72.0,171.96,4.5,06:08:00,18:35:00
6281,1473084306,9/5/2016 12:00:00 AM,04:05:06,3.37,47.0,30.4,74.0,176.93,7.87,06:08:00,18:35:00
6282,1473084010,9/5/2016 12:00:00 AM,04:00:10,3.14,46.0,30.4,74.0,174.22,7.87,06:08:00,18:35:00
6283,1473083706,9/5/2016 12:00:00 AM,03:55:06,2.22,47.0,30.4,76.0,179.23,5.62,06:08:00,18:35:00
6284,1473083408,9/5/2016 12:00:00 AM,03:50:08,2.18,47.0,30.4,77.0,190.64,6.75,06:08:00,18:35:00
6285,1473083104,9/5/2016 12:00:00 AM,03:45:04,1.87,48.0,30.4,76.0,176.45,5.62,06:08:00,18:35:00
6286,1473082806,9/5/2016 12:00:00 AM,03:40:06,1.95,48.0,30.41,75.0,185.89,4.5,06:08:00,18:35:00
6287,1473082507,9/5/2016 12:00:00 AM,03:35:07,2.05,49.0,30.41,74.0,181.05,4.5,06:08:00,18:35:00
6288,1473082204,9/5/2016 12:00:00 AM,03:30:04,2.34,48.0,30.41,75.0,176.96,3.37,06:08:00,18:35:00
6289,1473081912,9/5/2016 12:00:00 AM,03:25:12,1.96,47.0,30.41,70.0,176.95,0.0,06:08:00,18:35:00
6290,1473081602,9/5/2016 12:00:00 AM,03:20:02,1.99,47.0,30.41,73.0,169.38,6.75,06:08:00,18:35:00
6291,1473081305,9/5/2016 12:00:00 AM,03:15:05,2.05,47.0,30.41,75.0,171.44,6.75,06:08:00,18:35:00
6292,1473081004,9/5/2016 12:00:00 AM,03:10:04,2.15,47.0,30.41,76.0,193.35,7.87,06:08:00,18:35:00
6293,1473080704,9/5/2016 12:00:00 AM,03:05:04,1.8,47.0,30.41,79.0,193.19,6.75,06:08:00,18:35:00
6294,1473080405,9/5/2016 12:00:00 AM,03:00:05,1.79,46.0,30.41,78.0,192.14,7.87,06:08:00,18:35:00
6295,1473080106,9/5/2016 12:00:00 AM,02:55:06,1.79,46.0,30.41,78.0,192.88,6.75,06:08:00,18:35:00
6296,1473079805,9/5/2016 12:00:00 AM,02:50:05,1.93,46.0,30.41,80.0,192.87,6.75,06:08:00,18:35:00
6297,1473079506,9/5/2016 12:00:00 AM,02:45:06,2.44,46.0,30.41,82.0,187.94,6.75,06:08:00,18:35:00
6298,1473079204,9/5/2016 12:00:00 AM,02:40:04,2.56,46.0,30.41,81.0,177.72,5.62,06:08:00,18:35:00
6299,1473078904,9/5/2016 12:00:00 AM,02:35:04,1.85,46.0,30.41,83.0,178.51,7.87,06:08:00,18:35:00
6300,1473078604,9/5/2016 12:00:00 AM,02:30:04,1.94,46.0,30.42,82.0,179.0,5.62,06:08:00,18:35:00
6301,1473078302,9/5/2016 12:00:00 AM,02:25:02,2.07,46.0,30.42,82.0,174.89,5.62,06:08:00,18:35:00
6302,1473078005,9/5/2016 12:00:00 AM,02:20:05,2.05,46.0,30.42,85.0,173.41,3.37,06:08:00,18:35:00
6303,1473077704,9/5/2016 12:00:00 AM,02:15:04,1.98,46.0,30.42,84.0,175.01,6.75,06:08:00,18:35:00
6304,1473077404,9/5/2016 12:00:00 AM,02:10:04,2.04,46.0,30.42,85.0,166.67,6.75,06:08:00,18:35:00
6305,1473077107,9/5/2016 12:00:00 AM,02:05:07,2.07,46.0,30.42,88.0,175.67,4.5,06:08:00,18:35:00
6306,1473076806,9/5/2016 12:00:00 AM,02:00:06,2.08,46.0,30.42,88.0,176.78,5.62,06:08:00,18:35:00
6307,1473076506,9/5/2016 12:00:00 AM,01:55:06,1.81,46.0,30.42,87.0,178.57,6.75,06:08:00,18:35:00
6308,1473076207,9/5/2016 12:00:00 AM,01:50:07,1.89,46.0,30.42,88.0,181.22,6.75,06:08:00,18:35:00
6309,1473075905,9/5/2016 12:00:00 AM,01:45:05,1.92,46.0,30.42,89.0,171.73,5.62,06:08:00,18:35:00
6310,1473075605,9/5/2016 12:00:00 AM,01:40:05,1.92,46.0,30.43,91.0,176.15,6.229096658193317,06:08:00,18:35:00
6311,1473075307,9/5/2016 12:00:00 AM,01:35:07,1.86,46.0,30.43,91.0,178.28,5.62,06:08:00,18:35:00
6312,1473075004,9/5/2016 12:00:00 AM,01:30:04,1.78,46.0,30.43,90.0,178.58,5.62,06:08:00,18:35:00
6313,1473074706,9/5/2016 12:00:00 AM,01:25:06,1.91,46.0,30.43,90.0,170.21,4.5,06:08:00,18:35:00
6314,1473074406,9/5/2016 12:00:00 AM,01:20:06,2.25,46.0,30.43,91.0,177.39,6.75,06:08:00,18:35:00
6315,1473074104,9/5/2016 12:00:00 AM,01:15:04,2.42,46.0,30.43,92.0,183.89,6.75,06:08:00,18:35:00
6316,1473073812,9/5/2016 12:00:00 AM,01:10:12,2.71,46.0,30.44,91.0,184.54,5.62,06:08:00,18:35:00
6317,1473073506,9/5/2016 12:00:00 AM,01:05:06,3.0,46.0,30.44,91.0,177.53,5.62,06:08:00,18:35:00
6318,1473073202,9/5/2016 12:00:00 AM,01:00:02,3.19,47.0,30.44,89.0,184.26,4.5,06:08:00,18:35:00
6319,1473072904,9/5/2016 12:00:00 AM,00:55:04,2.82,47.0,30.44,87.0,181.74,5.62,06:08:00,18:35:00
6320,1473072602,9/5/2016 12:00:00 AM,00:50:02,2.55,47.0,30.44,87.0,173.66,5.62,06:08:00,18:35:00
6321,1473072307,9/5/2016 12:00:00 AM,00:45:07,2.13,47.0,30.44,85.0,176.42,5.62,06:08:00,18:35:00
6322,1473071102,9/5/2016 12:00:00 AM,00:25:02,2.41,47.0,30.44,82.0,159.24,5.62,06:08:00,18:35:00
6323,1473070803,9/5/2016 12:00:00 AM,00:20:03,2.27,48.0,30.44,81.0,159.6,3.37,06:08:00,18:35:00
6324,1473069904,9/5/2016 12:00:00 AM,00:05:04,2.55,48.0,30.44,79.0,168.91,5.62,06:08:00,18:35:00
6325,1473069605,9/5/2016 12:00:00 AM,00:00:05,3.03,48.0,30.44,78.0,157.17,3.37,06:08:00,18:35:00
6326,1473069305,9/4/2016 12:00:00 AM,23:55:05,3.22,48.0,30.44,81.0,171.42,4.5,06:08:00,18:35:00
6327,1473069009,9/4/2016 12:00:00 AM,23:50:09,1.87,49.0,30.44,82.0,177.67,6.75,06:08:00,18:35:00
6328,1473068702,9/4/2016 12:00:00 AM,23:45:02,2.2,49.0,30.44,82.0,186.72,5.62,06:08:00,18:35:00
6329,1473068407,9/4/2016 12:00:00 AM,23:40:07,2.14,49.0,30.45,83.0,190.69,6.75,06:08:00,18:35:00
6330,1473068108,9/4/2016 12:00:00 AM,23:35:08,2.17,48.0,30.45,85.0,192.91,7.87,06:08:00,18:35:00
6331,1473067806,9/4/2016 12:00:00 AM,23:30:06,2.41,48.0,30.45,86.0,195.06,6.75,06:08:00,18:35:00
6332,1473067504,9/4/2016 12:00:00 AM,23:25:04,2.58,48.0,30.45,86.0,196.13,6.75,06:08:00,18:35:00
6333,1473067205,9/4/2016 12:00:00 AM,23:20:05,2.8,48.0,30.45,90.0,189.44,7.87,06:08:00,18:35:00
6334,1473066907,9/4/2016 12:00:00 AM,23:15:07,3.04,48.0,30.45,90.0,177.83,3.37,06:08:00,18:35:00
6335,1473066610,9/4/2016 12:00:00 AM,23:10:10,3.42,48.0,30.45,92.0,183.94,5.62,06:08:00,18:35:00
6336,1473066305,9/4/2016 12:00:00 AM,23:05:05,3.59,48.0,30.45,95.0,166.64,6.75,06:08:00,18:35:00
6337,1473066005,9/4/2016 12:00:00 AM,23:00:05,2.32,48.0,30.45,95.0,168.61,6.75,06:08:00,18:35:00
6338,1473065702,9/4/2016 12:00:00 AM,22:55:02,2.3,49.0,30.46,96.0,182.15,6.75,06:08:00,18:35:00
6339,1473065404,9/4/2016 12:00:00 AM,22:50:04,2.03,49.0,30.46,96.0,147.53,6.75,06:08:00,18:35:00
6340,1473065103,9/4/2016 12:00:00 AM,22:45:03,2.23,49.0,30.46,97.0,175.43,6.75,06:08:00,18:35:00
6341,1473064804,9/4/2016 12:00:00 AM,22:40:04,2.59,49.0,30.46,97.0,163.72,4.5,06:08:00,18:35:00
6342,1473064502,9/4/2016 12:00:00 AM,22:35:02,2.46,49.0,30.46,97.0,162.33,6.75,06:08:00,18:35:00
6343,1473064205,9/4/2016 12:00:00 AM,22:30:05,2.99,49.0,30.46,97.0,158.59,5.62,06:08:00,18:35:00
6344,1473063902,9/4/2016 12:00:00 AM,22:25:02,2.54,49.0,30.46,96.0,158.06,5.62,06:08:00,18:35:00
6345,1473063602,9/4/2016 12:00:00 AM,22:20:02,2.79,49.0,30.46,97.0,161.53,6.75,06:08:00,18:35:00
6346,1473063304,9/4/2016 12:00:00 AM,22:15:04,2.1,49.0,30.46,97.0,164.81,4.5,06:08:00,18:35:00
6347,1473063005,9/4/2016 12:00:00 AM,22:10:05,2.67,50.0,30.46,97.0,165.98,5.62,06:08:00,18:35:00
6348,1473062704,9/4/2016 12:00:00 AM,22:05:04,2.73,50.0,30.46,96.0,200.96,5.62,06:08:00,18:35:00
6349,1473062402,9/4/2016 12:00:00 AM,22:00:02,2.08,50.0,30.46,96.0,143.19,6.75,06:08:00,18:35:00
6350,1473062106,9/4/2016 12:00:00 AM,21:55:06,2.54,50.0,30.46,96.0,165.2,3.37,06:08:00,18:35:00
6351,1473061804,9/4/2016 12:00:00 AM,21:50:04,3.36,50.0,30.46,95.0,168.33,2.25,06:08:00,18:35:00
6352,1473061505,9/4/2016 12:00:00 AM,21:45:05,3.04,50.0,30.47,94.0,132.12,3.37,06:08:00,18:35:00
6353,1473061206,9/4/2016 12:00:00 AM,21:40:06,3.33,50.0,30.47,94.0,160.98,3.37,06:08:00,18:35:00
6354,1473060905,9/4/2016 12:00:00 AM,21:35:05,2.62,50.0,30.47,94.0,165.24,3.37,06:08:00,18:35:00
6355,1473060603,9/4/2016 12:00:00 AM,21:30:03,2.81,50.0,30.47,93.0,163.36,4.5,06:08:00,18:35:00
6356,1473060302,9/4/2016 12:00:00 AM,21:25:02,3.33,50.0,30.423028000868246,93.0,161.12,6.75,06:08:00,18:35:00
6357,1473060002,9/4/2016 12:00:00 AM,21:20:02,3.44,50.0,30.47,93.0,171.01,6.75,06:08:00,18:35:00
6358,1473059709,9/4/2016 12:00:00 AM,21:15:09,1.89,50.0,30.47,93.0,165.33,3.37,06:08:00,18:35:00
6359,1473059407,9/4/2016 12:00:00 AM,21:10:07,1.71,50.0,30.47,93.0,176.6,3.37,06:08:00,18:35:00
6360,1473059108,9/4/2016 12:00:00 AM,21:05:08,2.01,50.0,30.47,92.0,148.96,6.75,06:08:00,18:35:00
6361,1473058803,9/4/2016 12:00:00 AM,21:00:03,2.1,50.0,30.47,92.0,173.56,6.75,06:08:00,18:35:00
6362,1473058504,9/4/2016 12:00:00 AM,20:55:04,2.22,51.0,30.47,91.0,154.38,7.87,06:08:00,18:35:00
6363,1473058212,9/4/2016 12:00:00 AM,20:50:12,1.97,51.0,30.47,90.0,156.32,5.62,06:08:00,18:35:00
6364,1473057909,9/4/2016 12:00:00 AM,20:45:09,2.21,51.0,30.47,91.0,170.87,2.25,06:08:00,18:35:00
6365,1473057610,9/4/2016 12:00:00 AM,20:40:10,2.25,51.0,30.47,89.0,119.0,5.62,06:08:00,18:35:00
6366,1473057307,9/4/2016 12:00:00 AM,20:35:07,2.07,51.0,30.46,89.0,156.84,4.5,06:08:00,18:35:00
6367,1473057004,9/4/2016 12:00:00 AM,20:30:04,2.04,50.0,30.46,89.0,174.21,4.5,06:08:00,18:35:00
6368,1473056705,9/4/2016 12:00:00 AM,20:25:05,2.18,50.0,30.46,88.0,148.53,5.62,06:08:00,18:35:00
6369,1473056404,9/4/2016 12:00:00 AM,20:20:04,2.35,50.0,30.46,88.0,161.09,3.37,06:08:00,18:35:00
6370,1473056108,9/4/2016 12:00:00 AM,20:15:08,2.46,50.0,30.46,86.0,162.73,2.25,06:08:00,18:35:00
6371,1473055805,9/4/2016 12:00:00 AM,20:10:05,2.43,51.0,30.46,86.0,173.24,3.37,06:08:00,18:35:00
6372,1473055505,9/4/2016 12:00:00 AM,20:05:05,2.67,51.0,30.45,87.0,129.53,2.25,06:08:00,18:35:00
6373,1473055204,9/4/2016 12:00:00 AM,20:00:04,2.67,51.0,30.45,87.0,169.92,4.5,06:08:00,18:35:00
6374,1473054908,9/4/2016 12:00:00 AM,19:55:08,2.88,51.0,30.45,84.0,186.55,6.75,06:08:00,18:35:00
6375,1473054602,9/4/2016 12:00:00 AM,19:50:02,2.87,51.0,30.45,85.0,166.28,6.75,06:08:00,18:35:00
6376,1473054302,9/4/2016 12:00:00 AM,19:45:02,2.54,51.0,30.45,85.0,186.43,6.75,06:08:00,18:35:00
6377,1473054004,9/4/2016 12:00:00 AM,19:40:04,2.47,51.0,30.45,85.0,145.98,3.37,06:08:00,18:35:00
6378,1473053712,9/4/2016 12:00:00 AM,19:35:12,2.97,52.0,30.45,83.0,172.64,5.62,06:08:00,18:35:00
6379,1473053405,9/4/2016 12:00:00 AM,19:30:05,3.04,52.0,30.45,82.0,142.01,2.25,06:08:00,18:35:00
6380,1473053115,9/4/2016 12:00:00 AM,19:25:15,2.87,52.0,30.45,81.0,139.36,1.12,06:08:00,18:35:00
6381,1473052807,9/4/2016 12:00:00 AM,19:20:07,2.68,52.0,30.45,81.0,161.6,4.5,06:08:00,18:35:00
6382,1473052506,9/4/2016 12:00:00 AM,19:15:06,2.36,53.0,30.45,83.0,115.43,3.37,06:08:00,18:35:00
6383,1473052205,9/4/2016 12:00:00 AM,19:10:05,2.51,52.0,30.45,80.0,168.67,3.37,06:08:00,18:35:00
6384,1473051906,9/4/2016 12:00:00 AM,19:05:06,2.35,52.0,30.44,82.0,125.16,4.5,06:08:00,18:35:00
6385,1473051603,9/4/2016 12:00:00 AM,19:00:03,2.31,52.0,30.44,88.0,155.14,3.37,06:08:00,18:35:00
6386,1473051302,9/4/2016 12:00:00 AM,18:55:02,2.23,53.0,30.44,89.0,152.23,2.25,06:08:00,18:35:00
6387,1473051004,9/4/2016 12:00:00 AM,18:50:04,2.43,53.0,30.44,90.0,146.47,4.5,06:08:00,18:35:00
6388,1473050705,9/4/2016 12:00:00 AM,18:45:05,2.78,53.0,30.44,90.0,152.12,4.5,06:08:00,18:35:00
6389,1473050415,9/4/2016 12:00:00 AM,18:40:15,3.83,53.0,30.44,90.0,169.44,5.62,06:08:00,18:35:00
6390,1473050108,9/4/2016 12:00:00 AM,18:35:08,6.05,53.0,30.44,89.0,152.26,5.62,06:08:00,18:35:00
6391,1473049802,9/4/2016 12:00:00 AM,18:30:02,8.26,53.0,30.43,93.0,100.38,6.75,06:08:00,18:35:00
6392,1473049503,9/4/2016 12:00:00 AM,18:25:03,11.07,53.0,30.43,97.0,132.95,5.62,06:08:00,18:35:00
6393,1473049204,9/4/2016 12:00:00 AM,18:20:04,13.94,53.0,30.44,97.0,71.22,2.25,06:08:00,18:35:00
6394,1473048904,9/4/2016 12:00:00 AM,18:15:04,23.74,53.0,30.44,97.0,119.15,3.37,06:08:00,18:35:00
6395,1473048604,9/4/2016 12:00:00 AM,18:10:04,15.52,53.0,30.44,99.0,132.95,5.62,06:08:00,18:35:00
6396,1473048307,9/4/2016 12:00:00 AM,18:05:07,16.18,53.0,30.44,98.0,73.69,2.25,06:08:00,18:35:00
6397,1473048005,9/4/2016 12:00:00 AM,18:00:05,18.84,53.0,30.44,100.0,160.05,1.12,06:08:00,18:35:00
6398,1473047703,9/4/2016 12:00:00 AM,17:55:03,22.19,54.0,30.44,101.0,152.34,4.5,06:08:00,18:35:00
6399,1473047405,9/4/2016 12:00:00 AM,17:50:05,29.04,54.0,30.44,101.0,143.4,3.37,06:08:00,18:35:00
6400,1473047118,9/4/2016 12:00:00 AM,17:45:18,35.23,54.0,30.44,101.0,157.74,2.25,06:08:00,18:35:00
6401,1473046807,9/4/2016 12:00:00 AM,17:40:07,34.35,54.0,30.44,101.0,167.75,3.37,06:08:00,18:35:00
6402,1473046508,9/4/2016 12:00:00 AM,17:35:08,39.49,54.0,30.44,101.0,126.26,4.5,06:08:00,18:35:00
6403,1473046203,9/4/2016 12:00:00 AM,17:30:03,46.92,54.0,30.44,101.0,124.13,3.37,06:08:00,18:35:00
6404,1473045905,9/4/2016 12:00:00 AM,17:25:05,53.76,54.0,30.44,101.0,146.7,1.12,06:08:00,18:35:00
6405,1473045606,9/4/2016 12:00:00 AM,17:20:06,53.25,54.0,30.44,101.0,144.27,5.62,06:08:00,18:35:00
6406,1473045307,9/4/2016 12:00:00 AM,17:15:07,50.08,54.0,30.44,101.0,106.47,5.62,06:08:00,18:35:00
6407,1473045009,9/4/2016 12:00:00 AM,17:10:09,45.93,54.0,30.44,101.0,78.48,2.25,06:08:00,18:35:00
6408,1473044702,9/4/2016 12:00:00 AM,17:05:02,27.42,54.0,30.44,101.0,124.62,1.12,06:08:00,18:35:00
6409,1473044405,9/4/2016 12:00:00 AM,17:00:05,36.74,54.0,30.44,101.0,74.42,4.5,06:08:00,18:35:00
6410,1473044103,9/4/2016 12:00:00 AM,16:55:03,45.33,54.0,30.44,101.0,76.28,4.5,06:08:00,18:35:00
6411,1473043804,9/4/2016 12:00:00 AM,16:50:04,62.7,54.0,30.44,101.0,37.71,4.5,06:08:00,18:35:00
6412,1473043506,9/4/2016 12:00:00 AM,16:45:06,58.74,54.0,30.44,101.0,70.85,4.5,06:08:00,18:35:00
6413,1473043203,9/4/2016 12:00:00 AM,16:40:03,38.75,55.0,30.44,101.0,74.26,3.37,06:08:00,18:35:00
6414,1473042905,9/4/2016 12:00:00 AM,16:35:05,39.71,55.0,30.44,101.0,93.12,3.37,06:08:00,18:35:00
6415,1473042602,9/4/2016 12:00:00 AM,16:30:02,42.11,55.0,30.44,101.0,35.42,3.37,06:08:00,18:35:00
6416,1473042307,9/4/2016 12:00:00 AM,16:25:07,50.6,55.0,30.44,101.0,80.41,2.25,06:08:00,18:35:00
6417,1473042007,9/4/2016 12:00:00 AM,16:20:07,41.7,55.0,30.44,101.0,17.96,3.37,06:08:00,18:35:00
6418,1473041703,9/4/2016 12:00:00 AM,16:15:03,46.66,55.0,30.44,101.0,127.65,4.5,06:08:00,18:35:00
6419,1473041405,9/4/2016 12:00:00 AM,16:10:05,50.21,55.0,30.43,101.0,72.0,1.12,06:08:00,18:35:00
6420,1473041104,9/4/2016 12:00:00 AM,16:05:04,58.33,55.0,30.44,101.0,44.66,10.12,06:08:00,18:35:00
6421,1473040809,9/4/2016 12:00:00 AM,16:00:09,58.83,55.0,30.43,101.0,76.48,3.37,06:08:00,18:35:00
6422,1473040504,9/4/2016 12:00:00 AM,15:55:04,82.05,55.0,30.43,101.0,103.27,4.5,06:08:00,18:35:00
6423,1473039902,9/4/2016 12:00:00 AM,15:45:02,88.99,56.0,30.43,101.0,113.23,5.62,06:08:00,18:35:00
6424,1473039605,9/4/2016 12:00:00 AM,15:40:05,64.01,56.0,30.43,101.0,100.03,12.37,06:08:00,18:35:00
6425,1473039305,9/4/2016 12:00:00 AM,15:35:05,49.58,56.0,30.44,101.0,51.05,2.25,06:08:00,18:35:00
6426,1473039006,9/4/2016 12:00:00 AM,15:30:06,39.23,56.0,30.44,101.0,65.72,4.5,06:08:00,18:35:00
6427,1473038703,9/4/2016 12:00:00 AM,15:25:03,40.77,56.0,30.44,101.0,31.38,4.5,06:08:00,18:35:00
6428,1473038405,9/4/2016 12:00:00 AM,15:20:05,46.86,56.0,30.43,101.0,89.22,9.0,06:08:00,18:35:00
6429,1473038105,9/4/2016 12:00:00 AM,15:15:05,74.2,56.0,30.43,101.0,74.81,6.75,06:08:00,18:35:00
6430,1473037803,9/4/2016 12:00:00 AM,15:10:03,62.21,57.0,30.43,101.0,107.01,4.5,06:08:00,18:35:00
6431,1473037509,9/4/2016 12:00:00 AM,15:05:09,59.87,57.0,30.44,101.0,67.75,2.25,06:08:00,18:35:00
6432,1473037206,9/4/2016 12:00:00 AM,15:00:06,70.39,57.0,30.43,101.0,105.83,10.12,06:08:00,18:35:00
6433,1473036909,9/4/2016 12:00:00 AM,14:55:09,182.14,57.0,30.44,101.0,12.08,4.5,06:08:00,18:35:00
6434,1473036604,9/4/2016 12:00:00 AM,14:50:04,284.65,58.0,30.44,101.0,15.43,5.62,06:08:00,18:35:00
6435,1473036307,9/4/2016 12:00:00 AM,14:45:07,213.01,57.0,30.44,101.0,32.25,2.25,06:08:00,18:35:00
6436,1473036005,9/4/2016 12:00:00 AM,14:40:05,279.7,57.0,30.44,101.0,41.64,7.87,06:08:00,18:35:00
6437,1473035708,9/4/2016 12:00:00 AM,14:35:08,251.53,58.0,30.44,101.0,34.12,1.12,06:08:00,18:35:00
6438,1473035406,9/4/2016 12:00:00 AM,14:30:06,342.44,58.0,30.44,101.0,44.65,9.0,06:08:00,18:35:00
6439,1473035103,9/4/2016 12:00:00 AM,14:25:03,312.86,58.0,30.44,101.0,17.56,7.87,06:08:00,18:35:00
6440,1473034811,9/4/2016 12:00:00 AM,14:20:11,289.49,58.0,30.44,101.0,42.02,7.87,06:08:00,18:35:00
6441,1473034506,9/4/2016 12:00:00 AM,14:15:06,294.59,58.0,30.44,100.0,29.77,9.0,06:08:00,18:35:00
6442,1473034208,9/4/2016 12:00:00 AM,14:10:08,274.43,58.0,30.44,100.0,358.37,6.75,06:08:00,18:35:00
6443,1473033907,9/4/2016 12:00:00 AM,14:05:07,316.49,58.0,30.44,100.0,9.39,12.37,06:08:00,18:35:00
6444,1473033604,9/4/2016 12:00:00 AM,14:00:04,284.82,58.0,30.45,100.0,27.85,9.0,06:08:00,18:35:00
6445,1473033306,9/4/2016 12:00:00 AM,13:55:06,265.44,58.0,30.45,100.0,40.33,5.62,06:08:00,18:35:00
6446,1473033009,9/4/2016 12:00:00 AM,13:50:09,300.03,57.0,30.45,100.0,35.39,7.87,06:08:00,18:35:00
6447,1473032706,9/4/2016 12:00:00 AM,13:45:06,322.67,56.0,30.45,98.0,3.83,2.25,06:08:00,18:35:00
6448,1473032405,9/4/2016 12:00:00 AM,13:40:05,393.56,56.0,30.46,99.0,358.92,7.87,06:08:00,18:35:00
6449,1473032104,9/4/2016 12:00:00 AM,13:35:04,461.99,57.0,30.46,99.0,30.73,7.87,06:08:00,18:35:00
6450,1473031806,9/4/2016 12:00:00 AM,13:30:06,450.37,57.0,30.46,99.0,76.89,3.37,06:08:00,18:35:00
6451,1473031506,9/4/2016 12:00:00 AM,13:25:06,369.13,57.0,30.46,99.0,6.19,4.5,06:08:00,18:35:00
6452,1473031208,9/4/2016 12:00:00 AM,13:20:08,300.37,57.0,30.46,98.0,39.29,11.25,06:08:00,18:35:00
6453,1473030902,9/4/2016 12:00:00 AM,13:15:02,333.81,58.0,30.46,99.0,172.57,6.75,06:08:00,18:35:00
6454,1473030608,9/4/2016 12:00:00 AM,13:10:08,359.65,59.0,30.46,99.0,335.26,9.0,06:08:00,18:35:00
6455,1473030312,9/4/2016 12:00:00 AM,13:05:12,309.7,59.0,30.46,98.0,16.85,10.12,06:08:00,18:35:00
6456,1473030004,9/4/2016 12:00:00 AM,13:00:04,223.03,59.0,30.46,97.0,11.44,2.25,06:08:00,18:35:00
6457,1473029705,9/4/2016 12:00:00 AM,12:55:05,276.19,59.0,30.46,96.0,30.13,4.5,06:08:00,18:35:00
6458,1473029408,9/4/2016 12:00:00 AM,12:50:08,418.5,61.0,30.46,96.0,1.84,9.0,06:08:00,18:35:00
6459,1473029106,9/4/2016 12:00:00 AM,12:45:06,390.29,61.0,30.47,93.0,19.1,4.5,06:08:00,18:35:00
6460,1473028817,9/4/2016 12:00:00 AM,12:40:17,801.33,61.0,30.47,90.0,33.62,6.75,06:08:00,18:35:00
6461,1473028504,9/4/2016 12:00:00 AM,12:35:04,988.64,62.0,30.47,90.0,19.61,9.0,06:08:00,18:35:00
6462,1473028204,9/4/2016 12:00:00 AM,12:30:04,781.09,62.0,30.47,91.0,39.69,11.25,06:08:00,18:35:00
6463,1473027905,9/4/2016 12:00:00 AM,12:25:05,1265.47,61.0,30.47,92.0,10.97,5.62,06:08:00,18:35:00
6464,1473027608,9/4/2016 12:00:00 AM,12:20:08,585.8,61.0,30.47,94.0,39.73,5.62,06:08:00,18:35:00
6465,1473027304,9/4/2016 12:00:00 AM,12:15:04,1601.26,61.0,30.47,93.0,3.56,9.0,06:08:00,18:35:00
6466,1473027007,9/4/2016 12:00:00 AM,12:10:07,415.06,61.0,30.47,92.0,36.96,6.75,06:08:00,18:35:00
6467,1473026704,9/4/2016 12:00:00 AM,12:05:04,647.32,61.0,30.47,90.0,43.14,7.87,06:08:00,18:35:00
6468,1473026404,9/4/2016 12:00:00 AM,12:00:04,805.75,61.0,30.47,90.0,36.94,3.37,06:08:00,18:35:00
6469,1473026103,9/4/2016 12:00:00 AM,11:55:03,654.34,61.0,30.47,90.0,357.42,6.75,06:08:00,18:35:00
6470,1473025506,9/4/2016 12:00:00 AM,11:45:06,1475.4,60.0,30.48,91.0,6.55,6.75,06:08:00,18:35:00
6471,1473025204,9/4/2016 12:00:00 AM,11:40:04,536.0,60.0,30.48,93.0,16.32,7.87,06:08:00,18:35:00
6472,1473024910,9/4/2016 12:00:00 AM,11:35:10,1207.12,59.0,30.47,94.0,59.99,4.5,06:08:00,18:35:00
6473,1473024305,9/4/2016 12:00:00 AM,11:25:05,640.51,60.0,30.47,94.0,1.64,4.5,06:08:00,18:35:00
6474,1473023705,9/4/2016 12:00:00 AM,11:15:05,446.14,59.0,30.47,95.0,63.32,9.0,06:08:00,18:35:00
6475,1473023405,9/4/2016 12:00:00 AM,11:10:05,550.48,59.0,30.47,94.0,58.02,9.0,06:08:00,18:35:00
6476,1473023108,9/4/2016 12:00:00 AM,11:05:08,345.28,59.0,30.48,94.0,40.0,7.87,06:08:00,18:35:00
6477,1473022804,9/4/2016 12:00:00 AM,11:00:04,498.69,59.0,30.48,94.0,45.54,5.62,06:08:00,18:35:00
6478,1473022514,9/4/2016 12:00:00 AM,10:55:14,1368.35,59.0,30.48,95.0,20.97,6.75,06:08:00,18:35:00
6479,1473022204,9/4/2016 12:00:00 AM,10:50:04,596.23,58.0,30.48,96.0,45.74,3.37,06:08:00,18:35:00
6480,1473021903,9/4/2016 12:00:00 AM,10:45:03,494.83,58.0,30.48,96.0,12.73,6.75,06:08:00,18:35:00
6481,1473021602,9/4/2016 12:00:00 AM,10:40:02,575.19,57.0,30.48,96.0,25.6,3.37,06:08:00,18:35:00
6482,1473021305,9/4/2016 12:00:00 AM,10:35:05,326.84,57.0,30.48,96.0,5.48,4.5,06:08:00,18:35:00
6483,1473021003,9/4/2016 12:00:00 AM,10:30:03,382.64,57.0,30.48,96.0,5.91,5.62,06:08:00,18:35:00
6484,1473020703,9/4/2016 12:00:00 AM,10:25:03,344.42,57.0,30.48,96.0,34.11,4.5,06:08:00,18:35:00
6485,1473020405,9/4/2016 12:00:00 AM,10:20:05,280.96,57.0,30.48,96.0,33.42,3.37,06:08:00,18:35:00
6486,1473020105,9/4/2016 12:00:00 AM,10:15:05,247.14,57.0,30.49,96.0,28.76,1.12,06:08:00,18:35:00
6487,1473019805,9/4/2016 12:00:00 AM,10:10:05,295.0,57.0,30.49,97.0,38.24,5.62,06:08:00,18:35:00
6488,1473019504,9/4/2016 12:00:00 AM,10:05:04,322.54,57.0,30.48,97.0,40.47,4.5,06:08:00,18:35:00
6489,1473019204,9/4/2016 12:00:00 AM,10:00:04,248.3,57.0,30.48,98.0,14.63,3.37,06:08:00,18:35:00
6490,1473018909,9/4/2016 12:00:00 AM,09:55:09,304.43,57.0,30.48,98.0,8.75,4.5,06:08:00,18:35:00
6491,1473018603,9/4/2016 12:00:00 AM,09:50:03,850.5,56.0,30.48,98.0,354.4,3.37,06:08:00,18:35:00
6492,1473018306,9/4/2016 12:00:00 AM,09:45:06,347.41,56.0,30.48,98.0,70.89,2.25,06:08:00,18:35:00
6493,1473018009,9/4/2016 12:00:00 AM,09:40:09,294.22,56.0,30.48,99.0,335.34,3.37,06:08:00,18:35:00
6494,1473017704,9/4/2016 12:00:00 AM,09:35:04,345.62,55.0,30.48,99.0,12.53,2.25,06:08:00,18:35:00
6495,1473017407,9/4/2016 12:00:00 AM,09:30:07,241.92,56.0,30.48,99.0,2.06,5.62,06:08:00,18:35:00
6496,1473017104,9/4/2016 12:00:00 AM,09:25:04,249.44,55.0,30.48,99.0,13.3,3.37,06:08:00,18:35:00
6497,1473016805,9/4/2016 12:00:00 AM,09:20:05,173.94,55.0,30.48,98.0,36.3,2.25,06:08:00,18:35:00
6498,1473016506,9/4/2016 12:00:00 AM,09:15:06,194.41,55.0,30.48,98.0,27.09,2.25,06:08:00,18:35:00
6499,1473016203,9/4/2016 12:00:00 AM,09:10:03,139.9,55.0,30.48,97.0,353.0,2.25,06:08:00,18:35:00
6500,1473015903,9/4/2016 12:00:00 AM,09:05:03,147.86,56.0,30.48,97.0,51.75,3.37,06:08:00,18:35:00
6501,1473015602,9/4/2016 12:00:00 AM,09:00:02,177.73,56.0,30.48,97.0,39.17,1.12,06:08:00,18:35:00
6502,1473015305,9/4/2016 12:00:00 AM,08:55:05,258.39,56.0,30.48,97.0,34.71,0.0,06:08:00,18:35:00
6503,1473015002,9/4/2016 12:00:00 AM,08:50:02,221.03,57.0,30.48,97.0,358.72,1.12,06:08:00,18:35:00
6504,1473014706,9/4/2016 12:00:00 AM,08:45:06,601.77,57.0,30.47,96.0,73.72,2.25,06:08:00,18:35:00
6505,1473014403,9/4/2016 12:00:00 AM,08:40:03,379.77,57.0,30.47,95.0,31.62,2.25,06:08:00,18:35:00
6506,1473014106,9/4/2016 12:00:00 AM,08:35:06,360.77,57.0,30.47,94.0,68.73,3.37,06:08:00,18:35:00
6507,1473013807,9/4/2016 12:00:00 AM,08:30:07,619.64,57.0,30.47,93.0,344.1,2.25,06:08:00,18:35:00
6508,1473013505,9/4/2016 12:00:00 AM,08:25:05,544.75,57.0,30.47,93.0,38.61,2.25,06:08:00,18:35:00
6509,1473013202,9/4/2016 12:00:00 AM,08:20:02,512.11,57.0,30.47,93.0,53.32,7.87,06:08:00,18:35:00
6510,1473012903,9/4/2016 12:00:00 AM,08:15:03,506.97,57.0,30.47,92.0,32.72,2.25,06:08:00,18:35:00
6511,1473012602,9/4/2016 12:00:00 AM,08:10:02,472.09,57.0,30.47,90.0,81.91,5.62,06:08:00,18:35:00
6512,1473012303,9/4/2016 12:00:00 AM,08:05:03,450.49,57.0,30.47,89.0,96.36,2.25,06:08:00,18:35:00
6513,1473012004,9/4/2016 12:00:00 AM,08:00:04,430.69,57.0,30.46,87.0,57.25,4.5,06:08:00,18:35:00
6514,1473011708,9/4/2016 12:00:00 AM,07:55:08,409.55,58.0,30.46,86.0,90.61,3.37,06:08:00,18:35:00
6515,1473011407,9/4/2016 12:00:00 AM,07:50:07,389.8,58.0,30.46,83.0,55.58,1.12,06:08:00,18:35:00
6516,1473011112,9/4/2016 12:00:00 AM,07:45:12,368.03,59.0,30.46,82.0,35.05,5.62,06:08:00,18:35:00
6517,1473010805,9/4/2016 12:00:00 AM,07:40:05,346.02,59.0,30.46,83.0,91.97,2.25,06:08:00,18:35:00
6518,1473010505,9/4/2016 12:00:00 AM,07:35:05,325.9,58.0,30.46,80.0,121.95,1.12,06:08:00,18:35:00
6519,1473010207,9/4/2016 12:00:00 AM,07:30:07,304.24,57.0,30.46,82.0,174.54,5.62,06:08:00,18:35:00
6520,1473009910,9/4/2016 12:00:00 AM,07:25:10,280.91,56.0,30.46,83.0,169.89,5.62,06:08:00,18:35:00
6521,1473009603,9/4/2016 12:00:00 AM,07:20:03,254.63,51.16507236474315,30.46,83.0,180.73,5.62,06:08:00,18:35:00
6522,1473009311,9/4/2016 12:00:00 AM,07:15:11,231.02,55.0,30.45,83.0,163.72,7.87,06:08:00,18:35:00
6523,1473009004,9/4/2016 12:00:00 AM,07:10:04,203.49,54.0,30.46,84.0,182.27,4.5,06:08:00,18:35:00
6524,1473008704,9/4/2016 12:00:00 AM,07:05:04,179.61,54.0,30.45,84.0,178.25,10.12,06:08:00,18:35:00
6525,1473008404,9/4/2016 12:00:00 AM,07:00:04,154.09,53.0,30.45,86.0,185.76,6.75,06:08:00,18:35:00
6526,1473008126,9/4/2016 12:00:00 AM,06:55:26,125.33,53.0,30.45,87.0,149.38,6.75,06:08:00,18:35:00
6527,1473007804,9/4/2016 12:00:00 AM,06:50:04,28.01,52.0,30.45,87.0,154.55,9.0,06:08:00,18:35:00
6528,1473007522,9/4/2016 12:00:00 AM,06:45:22,22.57,52.0,30.45,87.0,155.36,6.75,06:08:00,18:35:00
6529,1473007206,9/4/2016 12:00:00 AM,06:40:06,19.31,52.0,30.45,87.0,164.82,7.87,06:08:00,18:35:00
6530,1473006903,9/4/2016 12:00:00 AM,06:35:03,16.69,52.0,30.45,87.0,158.83,5.62,06:08:00,18:35:00
6531,1473006606,9/4/2016 12:00:00 AM,06:30:06,15.6,52.0,30.45,87.0,171.43,10.12,06:08:00,18:35:00
6532,1473006302,9/4/2016 12:00:00 AM,06:25:02,13.72,52.0,30.44,88.0,166.11,5.62,06:08:00,18:35:00
6533,1473006005,9/4/2016 12:00:00 AM,06:20:05,11.62,52.0,30.44,87.0,170.24,6.75,06:08:00,18:35:00
6534,1473005702,9/4/2016 12:00:00 AM,06:15:02,9.47,52.0,30.45,88.0,187.24,7.87,06:08:00,18:35:00
6535,1473005403,9/4/2016 12:00:00 AM,06:10:03,7.57,52.0,30.45,87.0,181.55,7.87,06:08:00,18:35:00
6536,1473005105,9/4/2016 12:00:00 AM,06:05:05,5.96,52.0,30.44,88.0,167.75,6.75,06:08:00,18:35:00
6537,1473004811,9/4/2016 12:00:00 AM,06:00:11,4.64,52.0,30.44,88.0,157.21,7.87,06:08:00,18:35:00
6538,1473004507,9/4/2016 12:00:00 AM,05:55:07,3.12,52.0,30.44,89.0,170.54,6.75,06:08:00,18:35:00
6539,1473004206,9/4/2016 12:00:00 AM,05:50:06,2.51,52.0,30.44,90.0,188.56,9.0,06:08:00,18:35:00
6540,1473003908,9/4/2016 12:00:00 AM,05:45:08,2.77,52.0,30.44,92.0,176.33,6.75,06:08:00,18:35:00
6541,1473003609,9/4/2016 12:00:00 AM,05:40:09,3.22,52.0,30.44,93.0,186.96,6.75,06:08:00,18:35:00
6542,1473003306,9/4/2016 12:00:00 AM,05:35:06,3.26,52.0,30.44,95.0,166.26,7.87,06:08:00,18:35:00
6543,1473003007,9/4/2016 12:00:00 AM,05:30:07,3.46,52.0,30.44,95.0,173.95,7.87,06:08:00,18:35:00
6544,1473002702,9/4/2016 12:00:00 AM,05:25:02,3.64,52.0,30.44,96.0,156.55,10.12,06:08:00,18:35:00
6545,1473002403,9/4/2016 12:00:00 AM,05:20:03,2.97,52.0,30.44,95.0,174.26,10.12,06:08:00,18:35:00
6546,1473002105,9/4/2016 12:00:00 AM,05:15:05,3.93,52.0,30.44,95.0,150.37,9.0,06:08:00,18:35:00
6547,1473001804,9/4/2016 12:00:00 AM,05:10:04,2.84,52.0,30.45,96.0,148.06,10.12,06:08:00,18:35:00
6548,1473001509,9/4/2016 12:00:00 AM,05:05:09,3.08,52.0,30.44,97.0,143.13,12.37,06:08:00,18:35:00
6549,1473001204,9/4/2016 12:00:00 AM,05:00:04,2.71,52.0,30.44,97.0,158.3,9.0,06:08:00,18:35:00
6550,1473000905,9/4/2016 12:00:00 AM,04:55:05,3.21,52.0,30.44,98.0,154.61,6.75,06:08:00,18:35:00
6551,1473000611,9/4/2016 12:00:00 AM,04:50:11,2.51,52.0,30.44,98.0,160.23,9.0,06:08:00,18:35:00
6552,1473000304,9/4/2016 12:00:00 AM,04:45:04,2.59,52.0,30.44,99.0,156.95,6.75,06:08:00,18:35:00
6553,1473000004,9/4/2016 12:00:00 AM,04:40:04,2.59,52.0,30.45,98.0,157.68,3.37,06:08:00,18:35:00
6554,1472999703,9/4/2016 12:00:00 AM,04:35:03,2.43,52.0,30.45,98.0,188.54,1.12,06:08:00,18:35:00
6555,1472999403,9/4/2016 12:00:00 AM,04:30:03,2.49,52.0,30.45,98.0,188.53,2.25,06:08:00,18:35:00
6556,1472999104,9/4/2016 12:00:00 AM,04:25:04,2.6,52.0,30.45,98.0,188.51,3.37,06:08:00,18:35:00
6557,1472998806,9/4/2016 12:00:00 AM,04:20:06,2.93,52.0,30.44,97.0,188.49,3.37,06:08:00,18:35:00
6558,1472998504,9/4/2016 12:00:00 AM,04:15:04,2.59,52.0,30.44,97.0,188.53,2.25,06:08:00,18:35:00
6559,1472998203,9/4/2016 12:00:00 AM,04:10:03,2.44,52.0,30.44,97.0,188.54,2.25,06:08:00,18:35:00
6560,1472997904,9/4/2016 12:00:00 AM,04:05:04,2.47,52.0,30.44,97.0,190.59,3.37,06:08:00,18:35:00
6561,1472997604,9/4/2016 12:00:00 AM,04:00:04,2.53,52.0,30.44,97.0,188.42,5.62,06:08:00,18:35:00
6562,1472997305,9/4/2016 12:00:00 AM,03:55:05,2.52,52.0,30.44,97.0,195.84,5.62,06:08:00,18:35:00
6563,1472997004,9/4/2016 12:00:00 AM,03:50:04,2.57,52.0,30.44,97.0,192.6,5.62,06:08:00,18:35:00
6564,1472996710,9/4/2016 12:00:00 AM,03:45:10,2.53,52.0,30.44,97.0,188.36,5.62,06:08:00,18:35:00
6565,1472996403,9/4/2016 12:00:00 AM,03:40:03,2.58,52.0,30.44,96.0,181.77,5.62,06:08:00,18:35:00
6566,1472996109,9/4/2016 12:00:00 AM,03:35:09,2.54,51.0,30.44,95.0,178.12,4.5,06:08:00,18:35:00
6567,1472995804,9/4/2016 12:00:00 AM,03:30:04,2.55,51.0,30.44,74.83719267708949,177.03,5.62,06:08:00,18:35:00
6568,1472995506,9/4/2016 12:00:00 AM,03:25:06,2.45,51.0,30.44,95.0,174.8,4.5,06:08:00,18:35:00
6569,1472995215,9/4/2016 12:00:00 AM,03:20:15,2.96,51.0,30.44,94.0,172.8,4.5,06:08:00,18:35:00
6570,1472994906,9/4/2016 12:00:00 AM,03:15:06,2.25,51.0,30.44,94.0,170.57,3.37,06:08:00,18:35:00
6571,1472994605,9/4/2016 12:00:00 AM,03:10:05,2.89,51.0,30.44,95.0,160.66,3.37,06:08:00,18:35:00
6572,1472994309,9/4/2016 12:00:00 AM,03:05:09,2.62,51.0,30.44,94.0,138.41,2.25,06:08:00,18:35:00
6573,1472994005,9/4/2016 12:00:00 AM,03:00:05,2.77,51.0,30.44,94.0,124.09,4.5,06:08:00,18:35:00
6574,1472993702,9/4/2016 12:00:00 AM,02:55:02,2.58,51.0,30.44,93.0,163.33,3.37,06:08:00,18:35:00
6575,1472993410,9/4/2016 12:00:00 AM,02:50:10,2.4,51.0,30.45,94.0,162.72,4.5,06:08:00,18:35:00
6576,1472993102,9/4/2016 12:00:00 AM,02:45:02,2.53,50.0,30.45,93.0,139.1,3.37,06:08:00,18:35:00
6577,1472992806,9/4/2016 12:00:00 AM,02:40:06,1.76,50.0,30.45,93.0,187.66,2.25,06:08:00,18:35:00
6578,1472992507,9/4/2016 12:00:00 AM,02:35:07,2.35,50.0,30.45,93.0,187.08,3.37,06:08:00,18:35:00
6579,1472992203,9/4/2016 12:00:00 AM,02:30:03,2.07,50.0,30.44,94.0,182.04,5.62,06:08:00,18:35:00
6580,1472991908,9/4/2016 12:00:00 AM,02:25:08,2.34,50.0,30.44,94.0,177.91,5.62,06:08:00,18:35:00
6581,1472991606,9/4/2016 12:00:00 AM,02:20:06,1.99,50.0,30.45,93.0,169.87,4.5,06:08:00,18:35:00
6582,1472991305,9/4/2016 12:00:00 AM,02:15:05,2.64,50.0,30.45,93.0,179.88,5.62,06:08:00,18:35:00
6583,1472991005,9/4/2016 12:00:00 AM,02:10:05,2.74,50.0,30.45,89.0,186.57,6.75,06:08:00,18:35:00
6584,1472990708,9/4/2016 12:00:00 AM,02:05:08,2.73,50.0,30.45,86.0,182.24,7.87,06:08:00,18:35:00
6585,1472990404,9/4/2016 12:00:00 AM,02:00:04,3.09,50.0,30.45,86.0,176.86,5.62,06:08:00,18:35:00
6586,1472990106,9/4/2016 12:00:00 AM,01:55:06,3.01,50.0,30.45,85.0,171.61,5.62,06:08:00,18:35:00
6587,1472989804,9/4/2016 12:00:00 AM,01:50:04,3.75,50.0,30.45,87.0,151.72,4.5,06:08:00,18:35:00
6588,1472989505,9/4/2016 12:00:00 AM,01:45:05,4.03,50.0,30.45,87.0,165.47,6.75,06:08:00,18:35:00
6589,1472989206,9/4/2016 12:00:00 AM,01:40:06,3.65,50.0,30.45,87.0,172.55,4.5,06:08:00,18:35:00
6590,1472988904,9/4/2016 12:00:00 AM,01:35:04,3.98,51.0,30.45,87.0,111.6,5.62,06:08:00,18:35:00
6591,1472988608,9/4/2016 12:00:00 AM,01:30:08,3.6,51.0,30.45,86.0,155.56,5.62,06:08:00,18:35:00
6592,1472988303,9/4/2016 12:00:00 AM,01:25:03,3.96,50.0,30.46,87.0,23.24,2.25,06:08:00,18:35:00
6593,1472988007,9/4/2016 12:00:00 AM,01:20:07,3.03,49.0,30.46,94.0,87.52,3.37,06:08:00,18:35:00
6594,1472987703,9/4/2016 12:00:00 AM,01:15:03,3.34,49.0,30.423028000868246,91.0,139.86,2.25,06:08:00,18:35:00
6595,1472987406,9/4/2016 12:00:00 AM,01:10:06,3.36,49.0,30.46,93.0,142.83,3.37,06:08:00,18:35:00
6596,1472987107,9/4/2016 12:00:00 AM,01:05:07,3.47,49.0,30.46,95.0,107.83,4.5,06:08:00,18:35:00
6597,1472986802,9/4/2016 12:00:00 AM,01:00:02,3.52,49.0,30.46,97.0,201.2,6.75,06:08:00,18:35:00
6598,1472986505,9/4/2016 12:00:00 AM,00:55:05,3.61,49.0,30.46,97.0,143.54770303349548,6.75,06:08:00,18:35:00
6599,1472986206,9/4/2016 12:00:00 AM,00:50:06,3.08,49.0,30.46,94.0,182.12,6.75,06:08:00,18:35:00
6600,1472985906,9/4/2016 12:00:00 AM,00:45:06,3.72,49.0,30.46,95.0,164.74,7.87,06:08:00,18:35:00
6601,1472985610,9/4/2016 12:00:00 AM,00:40:10,3.4,49.0,30.46,97.0,193.11,5.62,06:08:00,18:35:00
6602,1472984706,9/4/2016 12:00:00 AM,00:25:06,2.27,49.0,30.47,97.0,185.02,2.25,06:08:00,18:35:00
6603,1472984404,9/4/2016 12:00:00 AM,00:20:04,3.81,49.0,30.47,98.0,210.53,3.37,06:08:00,18:35:00
6604,1472983504,9/4/2016 12:00:00 AM,00:05:04,2.52,49.0,30.47,100.0,186.44,1.12,06:08:00,18:35:00
6605,1472983206,9/4/2016 12:00:00 AM,00:00:06,2.61,49.0,30.47,100.0,186.43,3.37,06:08:00,18:35:00
6606,1472982906,9/3/2016 12:00:00 AM,23:55:06,2.96,49.0,30.47,100.0,154.9,5.62,06:08:00,18:36:00
6607,1472982604,9/3/2016 12:00:00 AM,23:50:04,3.06,50.0,30.47,101.0,175.53,2.25,06:08:00,18:36:00
6608,1472982303,9/3/2016 12:00:00 AM,23:45:03,4.32,50.0,30.47,101.0,175.47,2.25,06:08:00,18:36:00
6609,1472982008,9/3/2016 12:00:00 AM,23:40:08,4.64,50.0,30.47,101.0,175.52,4.5,06:08:00,18:36:00
6610,1472981705,9/3/2016 12:00:00 AM,23:35:05,2.67,51.0,30.47,101.0,175.59,3.37,06:08:00,18:36:00
6611,1472981404,9/3/2016 12:00:00 AM,23:30:04,2.41,50.0,30.47,101.0,175.59,0.0,06:08:00,18:36:00
6612,1472981104,9/3/2016 12:00:00 AM,23:25:04,2.75,51.0,30.47,101.0,175.59,2.25,06:08:00,18:36:00
6613,1472980808,9/3/2016 12:00:00 AM,23:20:08,3.38,51.0,30.48,101.0,175.6,3.37,06:08:00,18:36:00
6614,1472980509,9/3/2016 12:00:00 AM,23:15:09,2.05,51.0,30.48,101.0,175.59,3.37,06:08:00,18:36:00
6615,1472980205,9/3/2016 12:00:00 AM,23:10:05,2.29,51.0,30.48,101.0,175.59,3.37,06:08:00,18:36:00
6616,1472979903,9/3/2016 12:00:00 AM,23:05:03,2.34,51.0,30.47,101.0,174.58,3.37,06:08:00,18:36:00
6617,1472979603,9/3/2016 12:00:00 AM,23:00:03,2.42,52.0,30.48,101.0,174.52,3.37,06:08:00,18:36:00
6618,1472979309,9/3/2016 12:00:00 AM,22:55:09,2.19,52.0,30.48,101.0,189.47,6.75,06:08:00,18:36:00
6619,1472978703,9/3/2016 12:00:00 AM,22:45:03,2.86,52.0,30.48,101.0,190.37,6.75,06:08:00,18:36:00
6620,1472978402,9/3/2016 12:00:00 AM,22:40:02,2.49,52.0,30.48,101.0,187.42,7.87,06:08:00,18:36:00
6621,1472978104,9/3/2016 12:00:00 AM,22:35:04,2.71,52.0,30.48,101.0,180.96,5.62,06:08:00,18:36:00
6622,1472977807,9/3/2016 12:00:00 AM,22:30:07,2.47,53.0,30.48,101.0,174.35,4.5,06:08:00,18:36:00
6623,1472977503,9/3/2016 12:00:00 AM,22:25:03,2.66,53.0,30.48,101.0,174.31,4.5,06:08:00,18:36:00
6624,1472977205,9/3/2016 12:00:00 AM,22:20:05,2.61,53.0,30.48,101.0,159.16,4.5,06:08:00,18:36:00
6625,1472976904,9/3/2016 12:00:00 AM,22:15:04,2.91,54.0,30.49,102.0,106.94,4.5,06:08:00,18:36:00
6626,1472976605,9/3/2016 12:00:00 AM,22:10:05,3.24,54.0,30.48,101.0,42.39,2.25,06:08:00,18:36:00
6627,1472976308,9/3/2016 12:00:00 AM,22:05:08,2.01,54.0,30.48,102.0,41.57,2.25,06:08:00,18:36:00
6628,1472976008,9/3/2016 12:00:00 AM,22:00:08,1.71,54.0,30.48,102.0,41.37,2.25,06:08:00,18:36:00
6629,1472975708,9/3/2016 12:00:00 AM,21:55:08,2.1,54.0,30.48,101.0,39.84,1.12,06:08:00,18:36:00
6630,1472975409,9/3/2016 12:00:00 AM,21:50:09,2.31,54.0,30.48,101.0,39.98,1.12,06:08:00,18:36:00
6631,1472975105,9/3/2016 12:00:00 AM,21:45:05,2.3,54.0,30.48,101.0,39.97,1.12,06:08:00,18:36:00
6632,1472974805,9/3/2016 12:00:00 AM,21:40:05,2.42,54.0,30.48,101.0,40.04,1.12,06:08:00,18:36:00
6633,1472974503,9/3/2016 12:00:00 AM,21:35:03,1.57,54.0,30.48,101.0,39.62,1.12,06:08:00,18:36:00
6634,1472974203,9/3/2016 12:00:00 AM,21:30:03,1.82,55.0,30.48,101.0,40.23,2.25,06:08:00,18:36:00
6635,1472973905,9/3/2016 12:00:00 AM,21:25:05,1.91,55.0,30.48,101.0,41.27,1.12,06:08:00,18:36:00
6636,1472973605,9/3/2016 12:00:00 AM,21:20:05,2.11,55.0,30.48,101.0,37.07,2.25,06:08:00,18:36:00
6637,1472973308,9/3/2016 12:00:00 AM,21:15:08,1.95,55.0,30.48,101.0,35.92,1.12,06:08:00,18:36:00
6638,1472973003,9/3/2016 12:00:00 AM,21:10:03,2.12,55.0,30.48,101.0,36.0,2.25,06:08:00,18:36:00
6639,1472972705,9/3/2016 12:00:00 AM,21:05:05,2.08,55.0,30.48,101.0,32.35,3.37,06:08:00,18:36:00
6640,1472972406,9/3/2016 12:00:00 AM,21:00:06,2.04,55.0,30.48,101.0,26.55,1.12,06:08:00,18:36:00
6641,1472972105,9/3/2016 12:00:00 AM,20:55:05,2.2,55.0,30.48,101.0,19.6,2.25,06:08:00,18:36:00
6642,1472971804,9/3/2016 12:00:00 AM,20:50:04,2.08,55.0,30.48,101.0,338.93,3.37,06:08:00,18:36:00
6643,1472971510,9/3/2016 12:00:00 AM,20:45:10,2.06,55.0,30.48,101.0,295.28,2.25,06:08:00,18:36:00
6644,1472971205,9/3/2016 12:00:00 AM,20:40:05,2.0,55.0,30.48,101.0,295.29,0.0,06:08:00,18:36:00
6645,1472970907,9/3/2016 12:00:00 AM,20:35:07,2.1,55.0,30.48,101.0,295.25,1.12,06:08:00,18:36:00
6646,1472970606,9/3/2016 12:00:00 AM,20:30:06,2.35,55.0,30.47,101.0,295.08,1.12,06:08:00,18:36:00
6647,1472970304,9/3/2016 12:00:00 AM,20:25:04,2.75,56.0,30.47,101.0,294.86,1.12,06:08:00,18:36:00
6648,1472970005,9/3/2016 12:00:00 AM,20:20:05,2.74,56.0,30.47,101.0,293.59,3.37,06:08:00,18:36:00
6649,1472969704,9/3/2016 12:00:00 AM,20:15:04,2.81,56.0,30.47,101.0,291.81,2.25,06:08:00,18:36:00
6650,1472969427,9/3/2016 12:00:00 AM,20:10:27,2.62,56.0,30.47,101.0,284.9,3.37,06:08:00,18:36:00
6651,1472969110,9/3/2016 12:00:00 AM,20:05:10,2.67,56.0,30.47,101.0,268.03,2.25,06:08:00,18:36:00
6652,1472968804,9/3/2016 12:00:00 AM,20:00:04,2.61,56.0,30.46,101.0,267.58,2.25,06:08:00,18:36:00
6653,1472968507,9/3/2016 12:00:00 AM,19:55:07,2.79,56.0,30.46,101.0,267.47,1.12,06:08:00,18:36:00
6654,1472968202,9/3/2016 12:00:00 AM,19:50:02,3.08,56.0,30.46,101.0,267.33,0.0,06:08:00,18:36:00
6655,1472967906,9/3/2016 12:00:00 AM,19:45:06,3.0,56.0,30.46,101.0,267.37,1.12,06:08:00,18:36:00
6656,1472967605,9/3/2016 12:00:00 AM,19:40:05,3.03,56.0,30.46,101.0,267.35,2.25,06:08:00,18:36:00
6657,1472967304,9/3/2016 12:00:00 AM,19:35:04,2.88,56.0,30.46,101.0,267.43,1.12,06:08:00,18:36:00
6658,1472967003,9/3/2016 12:00:00 AM,19:30:03,2.27,56.0,30.46,101.0,267.72,1.12,06:08:00,18:36:00
6659,1472966706,9/3/2016 12:00:00 AM,19:25:06,2.6,56.0,30.45,101.0,265.56,2.25,06:08:00,18:36:00
6660,1472966408,9/3/2016 12:00:00 AM,19:20:08,2.61,56.0,30.45,101.0,265.86,1.12,06:08:00,18:36:00
6661,1472966105,9/3/2016 12:00:00 AM,19:15:05,2.55,56.0,30.45,101.0,263.3,0.0,06:08:00,18:36:00
6662,1472965802,9/3/2016 12:00:00 AM,19:10:02,2.54,56.0,30.45,101.0,263.29,3.37,06:08:00,18:36:00
6663,1472965503,9/3/2016 12:00:00 AM,19:05:03,2.22,56.0,30.45,100.0,262.82,3.37,06:08:00,18:36:00
6664,1472965206,9/3/2016 12:00:00 AM,19:00:06,2.54,56.0,30.45,100.0,280.12,4.5,06:08:00,18:36:00
6665,1472964908,9/3/2016 12:00:00 AM,18:55:08,2.51,56.0,30.44,100.0,242.47,3.37,06:08:00,18:36:00
6666,1472964605,9/3/2016 12:00:00 AM,18:50:05,2.27,56.0,30.44,100.0,259.11,3.37,06:08:00,18:36:00
6667,1472964307,9/3/2016 12:00:00 AM,18:45:07,2.75,56.0,30.44,100.0,258.61,4.5,06:08:00,18:36:00
6668,1472964004,9/3/2016 12:00:00 AM,18:40:04,4.28,56.0,30.44,100.0,277.59,4.5,06:08:00,18:36:00
6669,1472963703,9/3/2016 12:00:00 AM,18:35:03,4.43,56.0,30.44,100.0,280.21,4.5,06:08:00,18:36:00
6670,1472963406,9/3/2016 12:00:00 AM,18:30:06,6.52,56.0,30.43,100.0,286.28,3.37,06:08:00,18:36:00
6671,1472963107,9/3/2016 12:00:00 AM,18:25:07,8.52,56.0,30.43,100.0,291.91,5.62,06:08:00,18:36:00
6672,1472962803,9/3/2016 12:00:00 AM,18:20:03,10.41,57.0,30.43,100.0,279.3,4.5,06:08:00,18:36:00
6673,1472962503,9/3/2016 12:00:00 AM,18:15:03,10.42,57.0,30.43,100.0,269.53,3.37,06:08:00,18:36:00
6674,1472962204,9/3/2016 12:00:00 AM,18:10:04,14.67,57.0,30.43,99.0,245.87,4.5,06:08:00,18:36:00
6675,1472961906,9/3/2016 12:00:00 AM,18:05:06,18.18,57.0,30.43,99.0,293.64,5.62,06:08:00,18:36:00
6676,1472961305,9/3/2016 12:00:00 AM,17:55:05,35.46,57.0,30.43,99.0,265.9,7.87,06:08:00,18:36:00
6677,1472961004,9/3/2016 12:00:00 AM,17:50:04,35.37,58.0,30.43,98.0,266.98,3.37,06:08:00,18:36:00
6678,1472960704,9/3/2016 12:00:00 AM,17:45:04,31.65,58.0,30.43,97.0,269.56,3.37,06:08:00,18:36:00
6679,1472960404,9/3/2016 12:00:00 AM,17:40:04,37.98,58.0,30.43,96.0,315.24,2.25,06:08:00,18:36:00
6680,1472960103,9/3/2016 12:00:00 AM,17:35:03,48.17,58.0,30.42,94.0,272.28,3.37,06:08:00,18:36:00
6681,1472959805,9/3/2016 12:00:00 AM,17:30:05,47.47,58.0,30.42,95.0,192.9,2.25,06:08:00,18:36:00
6682,1472959504,9/3/2016 12:00:00 AM,17:25:04,39.86,58.0,30.42,94.0,75.6,2.25,06:08:00,18:36:00
6683,1472959205,9/3/2016 12:00:00 AM,17:20:05,46.07,58.0,30.42,96.0,75.31,3.37,06:08:00,18:36:00
6684,1472958902,9/3/2016 12:00:00 AM,17:15:02,47.83,58.0,30.42,95.0,50.77,0.0,06:08:00,18:36:00
6685,1472958605,9/3/2016 12:00:00 AM,17:10:05,61.26,58.0,30.42,94.0,68.31,0.0,06:08:00,18:36:00
6686,1472958303,9/3/2016 12:00:00 AM,17:05:03,60.48,58.0,30.42,94.0,68.36,1.12,06:08:00,18:36:00
6687,1472958005,9/3/2016 12:00:00 AM,17:00:05,59.41,58.0,30.42,95.0,68.46,0.0,06:08:00,18:36:00
6688,1472957705,9/3/2016 12:00:00 AM,16:55:05,53.43,59.0,30.42,95.0,70.0,0.0,06:08:00,18:36:00
6689,1472957403,9/3/2016 12:00:00 AM,16:50:03,42.25,59.0,30.42,94.0,42.85,4.5,06:08:00,18:36:00
6690,1472957104,9/3/2016 12:00:00 AM,16:45:04,45.28,59.0,30.42,91.0,343.81,2.25,06:08:00,18:36:00
6691,1472956806,9/3/2016 12:00:00 AM,16:40:06,44.96,60.0,30.42,89.0,179.35,3.37,06:08:00,18:36:00
6692,1472956504,9/3/2016 12:00:00 AM,16:35:04,36.33,60.0,30.41,91.0,146.86,5.62,06:08:00,18:36:00
6693,1472956205,9/3/2016 12:00:00 AM,16:30:05,41.64,60.0,30.41,91.0,150.86,6.75,06:08:00,18:36:00
6694,1472955906,9/3/2016 12:00:00 AM,16:25:06,50.2,60.0,30.41,91.0,155.29,4.5,06:08:00,18:36:00
6695,1472955605,9/3/2016 12:00:00 AM,16:20:05,44.71,60.0,30.41,91.0,167.82,5.62,06:08:00,18:36:00
6696,1472955308,9/3/2016 12:00:00 AM,16:15:08,61.85,60.0,30.41,93.0,167.82,3.37,06:08:00,18:36:00
6697,1472955004,9/3/2016 12:00:00 AM,16:10:04,96.61,60.0,30.41,96.0,138.3,3.37,06:08:00,18:36:00
6698,1472954705,9/3/2016 12:00:00 AM,16:05:05,210.02,59.0,30.41,96.0,68.22,2.25,06:08:00,18:36:00
6699,1472954403,9/3/2016 12:00:00 AM,16:00:03,338.05,59.0,30.41,97.0,45.61,4.5,06:08:00,18:36:00
6700,1472954107,9/3/2016 12:00:00 AM,15:55:07,257.11,58.0,30.41,98.0,9.89,3.37,06:08:00,18:36:00
6701,1472953806,9/3/2016 12:00:00 AM,15:50:06,247.29,58.0,30.41,98.0,37.32,5.62,06:08:00,18:36:00
6702,1472953504,9/3/2016 12:00:00 AM,15:45:04,169.84,58.0,30.42,97.0,33.76,4.5,06:08:00,18:36:00
6703,1472953203,9/3/2016 12:00:00 AM,15:40:03,120.78,58.0,30.42,97.0,51.72,4.5,06:08:00,18:36:00
6704,1472952905,9/3/2016 12:00:00 AM,15:35:05,122.26,58.0,30.42,96.0,41.98,4.5,06:08:00,18:36:00
6705,1472952606,9/3/2016 12:00:00 AM,15:30:06,137.83,58.0,30.41,97.0,149.89,6.75,06:08:00,18:36:00
6706,1472952306,9/3/2016 12:00:00 AM,15:25:06,123.72,58.0,30.41,97.0,139.86,5.62,06:08:00,18:36:00
6707,1472952004,9/3/2016 12:00:00 AM,15:20:04,117.22,58.0,30.41,97.0,135.63,9.0,06:08:00,18:36:00
6708,1472951712,9/3/2016 12:00:00 AM,15:15:12,140.73,57.0,30.42,98.0,123.17,6.75,06:08:00,18:36:00
6709,1472951410,9/3/2016 12:00:00 AM,15:10:10,133.14,57.0,30.42,98.0,140.18,0.0,06:08:00,18:36:00
6710,1472951105,9/3/2016 12:00:00 AM,15:05:05,96.24,57.0,30.42,99.0,90.55,6.75,06:08:00,18:36:00
6711,1472950807,9/3/2016 12:00:00 AM,15:00:07,69.36,57.0,30.42,99.0,61.88,0.0,06:08:00,18:36:00
6712,1472950505,9/3/2016 12:00:00 AM,14:55:05,58.4,57.0,30.42,98.0,143.14,3.37,06:08:00,18:36:00
6713,1472950203,9/3/2016 12:00:00 AM,14:50:03,49.82,57.0,30.43,98.0,48.44,1.12,06:08:00,18:36:00
6714,1472949902,9/3/2016 12:00:00 AM,14:45:02,44.8,57.0,30.43,98.0,78.27,2.25,06:08:00,18:36:00
6715,1472949607,9/3/2016 12:00:00 AM,14:40:07,60.64,57.0,30.43,98.0,77.38,4.5,06:08:00,18:36:00
6716,1472949303,9/3/2016 12:00:00 AM,14:35:03,81.35,57.0,30.43,98.0,77.83,1.12,06:08:00,18:36:00
6717,1472949007,9/3/2016 12:00:00 AM,14:30:07,98.3,57.0,30.43,98.0,147.86,3.37,06:08:00,18:36:00
6718,1472948705,9/3/2016 12:00:00 AM,14:25:05,84.5,57.0,30.43,98.0,82.34,5.62,06:08:00,18:36:00
6719,1472948405,9/3/2016 12:00:00 AM,14:20:05,107.4,58.0,30.43,98.0,85.15,2.25,06:08:00,18:36:00
6720,1472948107,9/3/2016 12:00:00 AM,14:15:07,143.7,58.0,30.43,98.0,84.38,4.5,06:08:00,18:36:00
6721,1472947802,9/3/2016 12:00:00 AM,14:10:02,165.49,58.0,30.43,98.0,164.47,5.62,06:08:00,18:36:00
6722,1472947504,9/3/2016 12:00:00 AM,14:05:04,145.06,58.0,30.43,98.0,62.61,3.37,06:08:00,18:36:00
6723,1472947205,9/3/2016 12:00:00 AM,14:00:05,109.21,58.0,30.43,99.0,52.46,2.25,06:08:00,18:36:00
6724,1472946902,9/3/2016 12:00:00 AM,13:55:02,101.85,57.0,30.43,99.0,146.07,0.0,06:08:00,18:36:00
6725,1472946603,9/3/2016 12:00:00 AM,13:50:03,129.59,58.0,30.43,99.0,66.83,3.37,06:08:00,18:36:00
6726,1472946303,9/3/2016 12:00:00 AM,13:45:03,195.52,57.0,30.43,99.0,40.94,3.37,06:08:00,18:36:00
6727,1472946007,9/3/2016 12:00:00 AM,13:40:07,190.01,57.0,30.43,99.0,42.72,3.37,06:08:00,18:36:00
6728,1472945705,9/3/2016 12:00:00 AM,13:35:05,126.81,57.0,30.43,99.0,38.92,0.0,06:08:00,18:36:00
6729,1472945404,9/3/2016 12:00:00 AM,13:30:04,104.32,57.0,30.43,99.0,100.93,6.229096658193317,06:08:00,18:36:00
6730,1472945105,9/3/2016 12:00:00 AM,13:25:05,115.67,57.0,30.43,99.0,62.15,3.37,06:08:00,18:36:00
6731,1472944802,9/3/2016 12:00:00 AM,13:20:02,144.64,57.0,30.43,99.0,68.57,5.62,06:08:00,18:36:00
6732,1472944504,9/3/2016 12:00:00 AM,13:15:04,176.7,57.0,30.44,99.0,108.6,6.75,06:08:00,18:36:00
6733,1472944209,9/3/2016 12:00:00 AM,13:10:09,192.03,57.0,30.44,99.0,74.82,3.37,06:08:00,18:36:00
6734,1472943906,9/3/2016 12:00:00 AM,13:05:06,129.98,57.0,30.44,98.0,100.04,2.25,06:08:00,18:36:00
6735,1472943608,9/3/2016 12:00:00 AM,13:00:08,173.79,57.0,30.44,98.0,42.5,1.12,06:08:00,18:36:00
6736,1472943303,9/3/2016 12:00:00 AM,12:55:03,182.19,57.0,30.44,98.0,103.45,4.5,06:08:00,18:36:00
6737,1472943007,9/3/2016 12:00:00 AM,12:50:07,150.55,58.0,30.44,97.0,86.73,6.75,06:08:00,18:36:00
6738,1472942704,9/3/2016 12:00:00 AM,12:45:04,134.28,58.0,30.45,97.0,89.09,4.5,06:08:00,18:36:00
6739,1472942403,9/3/2016 12:00:00 AM,12:40:03,109.98,58.0,30.45,96.0,140.63,4.5,06:08:00,18:36:00
6740,1472942106,9/3/2016 12:00:00 AM,12:35:06,99.43,58.0,30.45,96.0,132.36,4.5,06:08:00,18:36:00
6741,1472941806,9/3/2016 12:00:00 AM,12:30:06,131.56,58.0,30.45,96.0,128.93,5.62,06:08:00,18:36:00
6742,1472941505,9/3/2016 12:00:00 AM,12:25:05,182.15,58.0,30.45,96.0,95.7,4.5,06:08:00,18:36:00
6743,1472941204,9/3/2016 12:00:00 AM,12:20:04,139.61,58.0,30.45,96.0,6.98,2.25,06:08:00,18:36:00
6744,1472940907,9/3/2016 12:00:00 AM,12:15:07,126.84,51.16507236474315,30.45,96.0,94.79,2.25,06:08:00,18:36:00
6745,1472940603,9/3/2016 12:00:00 AM,12:10:03,57.3,59.0,30.45,95.0,116.78,3.37,06:08:00,18:36:00
6746,1472940309,9/3/2016 12:00:00 AM,12:05:09,32.15,59.0,30.45,95.0,5.42,5.62,06:08:00,18:36:00
6747,1472940004,9/3/2016 12:00:00 AM,12:00:04,60.84,60.0,30.45,93.0,23.87,5.62,06:08:00,18:36:00
6748,1472939702,9/3/2016 12:00:00 AM,11:55:02,182.37,60.0,30.45,92.0,33.94,6.75,06:08:00,18:36:00
6749,1472939403,9/3/2016 12:00:00 AM,11:50:03,102.8,61.0,30.45,89.0,53.33,3.37,06:08:00,18:36:00
6750,1472939105,9/3/2016 12:00:00 AM,11:45:05,206.03,61.0,30.45,86.0,357.86,3.37,06:08:00,18:36:00
6751,1472938804,9/3/2016 12:00:00 AM,11:40:04,128.77,62.0,30.46,87.0,359.37,4.5,06:08:00,18:36:00
6752,1472938503,9/3/2016 12:00:00 AM,11:35:03,201.05,62.0,30.46,79.0,341.05,6.75,06:08:00,18:36:00
6753,1472938203,9/3/2016 12:00:00 AM,11:30:03,176.47,62.0,30.46,81.0,317.16,9.0,06:08:00,18:36:00
6754,1472937902,9/3/2016 12:00:00 AM,11:25:02,150.5,62.0,30.46,81.0,332.41,11.25,06:08:00,18:36:00
6755,1472937602,9/3/2016 12:00:00 AM,11:20:02,215.95,62.0,30.46,78.0,321.64,6.75,06:08:00,18:36:00
6756,1472937303,9/3/2016 12:00:00 AM,11:15:03,247.89,63.0,30.46,81.0,359.0,9.0,06:08:00,18:36:00
6757,1472937006,9/3/2016 12:00:00 AM,11:10:06,225.56,63.0,30.46,80.0,331.91,5.62,06:08:00,18:36:00
6758,1472936704,9/3/2016 12:00:00 AM,11:05:04,289.74,63.0,30.46,79.0,338.66,11.25,06:08:00,18:36:00
6759,1472936402,9/3/2016 12:00:00 AM,11:00:02,464.71,63.0,30.46,78.0,344.41,5.62,06:08:00,18:36:00
6760,1472936104,9/3/2016 12:00:00 AM,10:55:04,467.61,62.0,30.46,80.0,336.3,10.12,06:08:00,18:36:00
6761,1472935805,9/3/2016 12:00:00 AM,10:50:05,398.25,62.0,30.46,80.0,339.23,12.37,06:08:00,18:36:00
6762,1472935505,9/3/2016 12:00:00 AM,10:45:05,865.52,62.0,30.46,81.0,341.92,7.87,06:08:00,18:36:00
6763,1472935208,9/3/2016 12:00:00 AM,10:40:08,386.09,62.0,30.46,79.0,314.26,6.75,06:08:00,18:36:00
6764,1472934907,9/3/2016 12:00:00 AM,10:35:07,663.01,62.0,30.46,78.0,341.59,3.37,06:08:00,18:36:00
6765,1472934602,9/3/2016 12:00:00 AM,10:30:02,430.17,62.0,30.46,81.0,323.35,10.12,06:08:00,18:36:00
6766,1472934304,9/3/2016 12:00:00 AM,10:25:04,304.57,62.0,30.46,80.0,336.32,5.62,06:08:00,18:36:00
6767,1472934003,9/3/2016 12:00:00 AM,10:20:03,675.33,62.0,30.46,82.0,330.16,10.12,06:08:00,18:36:00
6768,1472933703,9/3/2016 12:00:00 AM,10:15:03,1088.09,61.0,30.46,84.0,358.82,3.37,06:08:00,18:36:00
6769,1472933403,9/3/2016 12:00:00 AM,10:10:03,696.79,61.0,30.46,83.0,336.93,12.37,06:08:00,18:36:00
6770,1472933105,9/3/2016 12:00:00 AM,10:05:05,693.26,61.0,30.46,81.0,299.44,7.87,06:08:00,18:36:00
6771,1472932811,9/3/2016 12:00:00 AM,10:00:11,479.44,61.0,30.46,82.0,341.14,4.5,06:08:00,18:36:00
6772,1472932509,9/3/2016 12:00:00 AM,09:55:09,435.7,61.0,30.46,74.83719267708949,312.9,10.12,06:08:00,18:36:00
6773,1472932203,9/3/2016 12:00:00 AM,09:50:03,734.06,60.0,30.46,85.0,310.61,9.0,06:08:00,18:36:00
6774,1472931908,9/3/2016 12:00:00 AM,09:45:08,938.35,60.0,30.46,86.0,318.52,9.0,06:08:00,18:36:00
6775,1472931605,9/3/2016 12:00:00 AM,09:40:05,739.38,60.0,30.46,84.0,310.31,10.12,06:08:00,18:36:00
6776,1472931305,9/3/2016 12:00:00 AM,09:35:05,294.44,60.0,30.46,85.0,311.86,9.0,06:08:00,18:36:00
6777,1472930703,9/3/2016 12:00:00 AM,09:25:03,435.19,60.0,30.46,84.0,300.75,10.12,06:08:00,18:36:00
6778,1472930402,9/3/2016 12:00:00 AM,09:20:02,771.37,60.0,30.46,82.0,301.0,5.62,06:08:00,18:36:00
6779,1472930107,9/3/2016 12:00:00 AM,09:15:07,754.28,60.0,30.45,82.0,168.54,9.0,06:08:00,18:36:00
6780,1472929807,9/3/2016 12:00:00 AM,09:10:07,724.96,60.0,30.45,85.0,275.95,4.5,06:08:00,18:36:00
6781,1472929502,9/3/2016 12:00:00 AM,09:05:02,683.91,60.0,30.45,82.0,307.37,4.5,06:08:00,18:36:00
6782,1472929207,9/3/2016 12:00:00 AM,09:00:07,665.26,59.0,30.45,85.0,277.69,3.37,06:08:00,18:36:00
6783,1472928902,9/3/2016 12:00:00 AM,08:55:02,641.15,59.0,30.45,87.0,313.68,7.87,06:08:00,18:36:00
6784,1472928603,9/3/2016 12:00:00 AM,08:50:03,621.21,59.0,30.45,87.0,311.36,5.62,06:08:00,18:36:00
6785,1472928307,9/3/2016 12:00:00 AM,08:45:07,602.55,59.0,30.45,86.0,260.24,5.62,06:08:00,18:36:00
6786,1472928006,9/3/2016 12:00:00 AM,08:40:06,271.8,59.0,30.45,87.0,314.48,5.62,06:08:00,18:36:00
6787,1472927709,9/3/2016 12:00:00 AM,08:35:09,563.82,59.0,30.45,85.0,292.79,6.75,06:08:00,18:36:00
6788,1472927406,9/3/2016 12:00:00 AM,08:30:06,545.26,58.0,30.45,86.0,310.89,11.25,06:08:00,18:36:00
6789,1472927105,9/3/2016 12:00:00 AM,08:25:05,525.48,58.0,30.45,86.0,284.02,6.75,06:08:00,18:36:00
6790,1472926804,9/3/2016 12:00:00 AM,08:20:04,505.59,58.0,30.44,87.0,239.2,7.87,06:08:00,18:36:00
6791,1472926506,9/3/2016 12:00:00 AM,08:15:06,487.66,57.0,30.44,88.0,258.06,10.12,06:08:00,18:36:00
6792,1472926209,9/3/2016 12:00:00 AM,08:10:09,469.79,57.0,30.44,89.0,262.74,11.25,06:08:00,18:36:00
6793,1472925903,9/3/2016 12:00:00 AM,08:05:03,451.16,57.0,30.44,90.0,266.07,13.5,06:08:00,18:36:00
6794,1472925603,9/3/2016 12:00:00 AM,08:00:03,431.45,57.0,30.44,91.0,271.55,9.0,06:08:00,18:36:00
6795,1472925305,9/3/2016 12:00:00 AM,07:55:05,410.34,57.0,30.44,90.0,294.97,7.87,06:08:00,18:36:00
6796,1472925004,9/3/2016 12:00:00 AM,07:50:04,390.03,57.0,30.44,88.0,289.63,10.12,06:08:00,18:36:00
6797,1472924708,9/3/2016 12:00:00 AM,07:45:08,370.36,57.0,30.44,74.83719267708949,265.93,6.75,06:08:00,18:36:00
6798,1472924405,9/3/2016 12:00:00 AM,07:40:05,350.1,56.0,30.44,88.0,256.97,7.87,06:08:00,18:36:00
6799,1472924104,9/3/2016 12:00:00 AM,07:35:04,329.47,56.0,30.43,90.0,234.19,7.87,06:08:00,18:36:00
6800,1472923808,9/3/2016 12:00:00 AM,07:30:08,311.13,55.0,30.43,90.0,228.6,7.87,06:08:00,18:36:00
6801,1472923504,9/3/2016 12:00:00 AM,07:25:04,289.96,55.0,30.43,91.0,225.88,9.0,06:08:00,18:36:00
6802,1472923203,9/3/2016 12:00:00 AM,07:20:03,267.21,55.0,30.43,91.0,240.25,6.75,06:08:00,18:36:00
6803,1472922905,9/3/2016 12:00:00 AM,07:15:05,241.77,54.0,30.43,91.0,232.01,5.62,06:08:00,18:36:00
6804,1472922608,9/3/2016 12:00:00 AM,07:10:08,217.24,54.0,30.43,91.0,231.77,9.0,06:08:00,18:36:00
6805,1472922307,9/3/2016 12:00:00 AM,07:05:07,194.02,53.0,30.43,92.0,236.54,9.0,06:08:00,18:36:00
6806,1472922002,9/3/2016 12:00:00 AM,07:00:02,170.13,53.0,30.42,92.0,236.64,9.0,06:08:00,18:36:00
6807,1472921705,9/3/2016 12:00:00 AM,06:55:05,139.01,52.0,30.42,93.0,244.36,10.12,06:08:00,18:36:00
6808,1472921404,9/3/2016 12:00:00 AM,06:50:04,19.61,51.0,30.42,93.0,244.72,6.75,06:08:00,18:36:00
6809,1472921104,9/3/2016 12:00:00 AM,06:45:04,18.74,51.0,30.42,94.0,249.83,5.62,06:08:00,18:36:00
6810,1472920803,9/3/2016 12:00:00 AM,06:40:03,17.96,50.0,30.42,94.0,215.65,5.62,06:08:00,18:36:00
6811,1472920504,9/3/2016 12:00:00 AM,06:35:04,16.42,50.0,30.42,94.0,217.15,5.62,06:08:00,18:36:00
6812,1472920208,9/3/2016 12:00:00 AM,06:30:08,16.21,50.0,30.42,93.0,207.52,7.87,06:08:00,18:36:00
6813,1472919902,9/3/2016 12:00:00 AM,06:25:02,14.37,50.0,30.42,93.0,205.64,7.87,06:08:00,18:36:00
6814,1472919606,9/3/2016 12:00:00 AM,06:20:06,13.29,50.0,30.42,92.0,205.0,7.87,06:08:00,18:36:00
6815,1472919307,9/3/2016 12:00:00 AM,06:15:07,10.01,50.0,30.42,92.0,212.26,6.75,06:08:00,18:36:00
6816,1472919007,9/3/2016 12:00:00 AM,06:10:07,7.94,50.0,30.42,92.0,210.22,9.0,06:08:00,18:36:00
6817,1472918711,9/3/2016 12:00:00 AM,06:05:11,6.04,51.0,30.42,92.0,212.11,5.62,06:08:00,18:36:00
6818,1472918405,9/3/2016 12:00:00 AM,06:00:05,4.46,50.0,30.42,92.0,207.47,7.87,06:08:00,18:36:00
6819,1472918103,9/3/2016 12:00:00 AM,05:55:03,1.87,50.0,30.42,92.0,211.26,9.0,06:08:00,18:36:00
6820,1472917804,9/3/2016 12:00:00 AM,05:50:04,1.63,50.0,30.42,92.0,203.85,6.75,06:08:00,18:36:00
6821,1472917505,9/3/2016 12:00:00 AM,05:45:05,1.74,51.0,30.42,92.0,210.19,9.0,06:08:00,18:36:00
6822,1472917204,9/3/2016 12:00:00 AM,05:40:04,1.75,51.0,30.42,92.0,205.34,6.75,06:08:00,18:36:00
6823,1472916908,9/3/2016 12:00:00 AM,05:35:08,1.92,51.0,30.41,92.0,223.9,6.75,06:08:00,18:36:00
6824,1472916605,9/3/2016 12:00:00 AM,05:30:05,1.92,50.0,30.41,92.0,226.93,7.87,06:08:00,18:36:00
6825,1472916305,9/3/2016 12:00:00 AM,05:25:05,2.13,50.0,30.41,93.0,209.34,9.0,06:08:00,18:36:00
6826,1472916008,9/3/2016 12:00:00 AM,05:20:08,2.76,50.0,30.41,93.0,216.23,7.87,06:08:00,18:36:00
6827,1472915703,9/3/2016 12:00:00 AM,05:15:03,2.5,50.0,30.41,94.0,213.73,9.0,06:08:00,18:36:00
6828,1472915405,9/3/2016 12:00:00 AM,05:10:05,2.23,50.0,30.41,94.0,212.66,5.62,06:08:00,18:36:00
6829,1472915104,9/3/2016 12:00:00 AM,05:05:04,2.3,50.0,30.41,93.0,214.44,6.75,06:08:00,18:36:00
6830,1472914803,9/3/2016 12:00:00 AM,05:00:03,2.55,50.0,30.4,92.0,214.01,5.62,06:08:00,18:36:00
6831,1472914506,9/3/2016 12:00:00 AM,04:55:06,2.54,51.0,30.41,92.0,202.26,7.87,06:08:00,18:36:00
6832,1472914204,9/3/2016 12:00:00 AM,04:50:04,2.44,51.0,30.41,92.0,222.49,4.5,06:08:00,18:36:00
6833,1472913903,9/3/2016 12:00:00 AM,04:45:03,2.66,51.0,30.41,91.0,209.36,5.62,06:08:00,18:36:00
6834,1472913605,9/3/2016 12:00:00 AM,04:40:05,2.72,51.0,30.4,91.0,224.81,7.87,06:08:00,18:36:00
6835,1472913307,9/3/2016 12:00:00 AM,04:35:07,2.95,51.0,30.4,92.0,223.25,6.75,06:08:00,18:36:00
6836,1472913003,9/3/2016 12:00:00 AM,04:30:03,2.87,51.0,30.4,93.0,222.6,7.87,06:08:00,18:36:00
6837,1472912706,9/3/2016 12:00:00 AM,04:25:06,2.9,51.0,30.4,94.0,226.82,6.75,06:08:00,18:36:00
6838,1472912405,9/3/2016 12:00:00 AM,04:20:05,2.95,51.0,30.4,95.0,143.54770303349548,6.75,06:08:00,18:36:00
6839,1472912104,9/3/2016 12:00:00 AM,04:15:04,2.94,51.0,30.4,96.0,242.9,5.62,06:08:00,18:36:00
6840,1472911809,9/3/2016 12:00:00 AM,04:10:09,3.01,51.0,30.4,96.0,233.3,6.75,06:08:00,18:36:00
6841,1472911506,9/3/2016 12:00:00 AM,04:05:06,3.05,52.0,30.4,96.0,251.72,7.87,06:08:00,18:36:00
6842,1472911208,9/3/2016 12:00:00 AM,04:00:08,2.56,52.0,30.41,97.0,289.34,6.75,06:08:00,18:36:00
6843,1472910904,9/3/2016 12:00:00 AM,03:55:04,2.6,51.0,30.4,97.0,257.32,4.5,06:08:00,18:36:00
6844,1472910603,9/3/2016 12:00:00 AM,03:50:03,2.86,51.0,30.41,96.0,262.74,5.62,06:08:00,18:36:00
6845,1472910303,9/3/2016 12:00:00 AM,03:45:03,3.05,51.0,30.41,96.0,254.07,4.5,06:08:00,18:36:00
6846,1472910005,9/3/2016 12:00:00 AM,03:40:05,3.36,52.0,30.41,97.0,248.4,3.37,06:08:00,18:36:00
6847,1472909709,9/3/2016 12:00:00 AM,03:35:09,3.15,52.0,30.41,96.0,292.05,4.5,06:08:00,18:36:00
6848,1472909405,9/3/2016 12:00:00 AM,03:30:05,2.78,51.0,30.41,93.0,354.73,2.25,06:08:00,18:36:00
6849,1472909104,9/3/2016 12:00:00 AM,03:25:04,2.8,51.0,30.41,94.0,163.34,4.5,06:08:00,18:36:00
6850,1472908806,9/3/2016 12:00:00 AM,03:20:06,3.25,51.0,30.4,95.0,182.81,6.75,06:08:00,18:36:00
6851,1472908503,9/3/2016 12:00:00 AM,03:15:03,3.51,51.0,30.41,96.0,212.35,3.37,06:08:00,18:36:00
6852,1472908202,9/3/2016 12:00:00 AM,03:10:02,3.6,52.0,30.41,95.0,224.37,3.37,06:08:00,18:36:00
6853,1472907905,9/3/2016 12:00:00 AM,03:05:05,3.9,52.0,30.41,96.0,222.03,3.37,06:08:00,18:36:00
6854,1472907602,9/3/2016 12:00:00 AM,03:00:02,3.56,52.0,30.41,93.0,49.79,3.37,06:08:00,18:36:00
6855,1472907306,9/3/2016 12:00:00 AM,02:55:06,3.49,53.0,30.41,93.0,49.39,1.12,06:08:00,18:36:00
6856,1472907007,9/3/2016 12:00:00 AM,02:50:07,2.17,53.0,30.41,91.0,157.61,2.25,06:08:00,18:36:00
6857,1472906705,9/3/2016 12:00:00 AM,02:45:05,1.98,53.0,30.41,92.0,157.37,3.37,06:08:00,18:36:00
6858,1472906406,9/3/2016 12:00:00 AM,02:40:06,3.27,53.0,30.41,93.0,134.94,4.5,06:08:00,18:36:00
6859,1472906105,9/3/2016 12:00:00 AM,02:35:05,3.2,53.0,30.41,94.0,170.1,3.37,06:08:00,18:36:00
6860,1472905804,9/3/2016 12:00:00 AM,02:30:04,2.35,52.0,30.41,95.0,177.36,3.37,06:08:00,18:36:00
6861,1472905504,9/3/2016 12:00:00 AM,02:25:04,1.94,52.0,30.41,95.0,175.67,7.87,06:08:00,18:36:00
6862,1472905204,9/3/2016 12:00:00 AM,02:20:04,1.89,52.0,30.41,96.0,172.63,9.0,06:08:00,18:36:00
6863,1472904905,9/3/2016 12:00:00 AM,02:15:05,1.94,52.0,30.41,96.0,182.21,10.12,06:08:00,18:36:00
6864,1472904608,9/3/2016 12:00:00 AM,02:10:08,1.88,52.0,30.41,97.0,190.41,6.75,06:08:00,18:36:00
6865,1472904303,9/3/2016 12:00:00 AM,02:05:03,1.99,52.0,30.42,97.0,190.08,6.75,06:08:00,18:36:00
6866,1472904005,9/3/2016 12:00:00 AM,02:00:05,2.22,52.0,30.42,96.0,194.01,5.62,06:08:00,18:36:00
6867,1472903703,9/3/2016 12:00:00 AM,01:55:03,2.13,52.0,30.42,96.0,163.78,4.5,06:08:00,18:36:00
6868,1472903408,9/3/2016 12:00:00 AM,01:50:08,2.69,52.0,30.42,96.0,174.26,5.62,06:08:00,18:36:00
6869,1472903107,9/3/2016 12:00:00 AM,01:45:07,3.64,52.0,30.42,96.0,157.98,4.5,06:08:00,18:36:00
6870,1472902803,9/3/2016 12:00:00 AM,01:40:03,2.23,52.0,30.42,96.0,186.93,3.37,06:08:00,18:36:00
6871,1472902506,9/3/2016 12:00:00 AM,01:35:06,3.01,52.0,30.42,96.0,174.69,6.75,06:08:00,18:36:00
6872,1472902204,9/3/2016 12:00:00 AM,01:30:04,2.99,52.0,30.42,96.0,177.14,4.5,06:08:00,18:36:00
6873,1472901905,9/3/2016 12:00:00 AM,01:25:05,4.33,52.0,30.42,96.0,164.92,5.62,06:08:00,18:36:00
6874,1472901606,9/3/2016 12:00:00 AM,01:20:06,2.19,52.0,30.42,96.0,187.44,6.229096658193317,06:08:00,18:36:00
6875,1472901304,9/3/2016 12:00:00 AM,01:15:04,2.74,53.0,30.42,96.0,162.06,5.62,06:08:00,18:36:00
6876,1472901005,9/3/2016 12:00:00 AM,01:10:05,3.19,53.0,30.43,96.0,171.24,4.5,06:08:00,18:36:00
6877,1472900707,9/3/2016 12:00:00 AM,01:05:07,3.59,53.0,30.43,97.0,150.76,4.5,06:08:00,18:36:00
6878,1472900405,9/3/2016 12:00:00 AM,01:00:05,3.86,53.0,30.43,97.0,136.8,2.25,06:08:00,18:36:00
6879,1472900105,9/3/2016 12:00:00 AM,00:55:05,1.88,53.0,30.43,97.0,171.52,6.75,06:08:00,18:36:00
6880,1472899806,9/3/2016 12:00:00 AM,00:50:06,1.68,53.0,30.43,97.0,175.33,5.62,06:08:00,18:36:00
6881,1472899505,9/3/2016 12:00:00 AM,00:45:05,1.91,53.0,30.43,97.0,179.48,5.62,06:08:00,18:36:00
6882,1472899209,9/3/2016 12:00:00 AM,00:40:09,1.66,53.0,30.44,97.0,159.7,4.5,06:08:00,18:36:00
6883,1472898906,9/3/2016 12:00:00 AM,00:35:06,1.7,53.0,30.44,97.0,167.49,7.87,06:08:00,18:36:00
6884,1472898006,9/3/2016 12:00:00 AM,00:20:06,1.8,52.0,30.44,97.0,150.87,5.62,06:08:00,18:36:00
6885,1472897705,9/3/2016 12:00:00 AM,00:15:05,1.85,52.0,30.44,97.0,166.45,4.5,06:08:00,18:36:00
6886,1472897106,9/3/2016 12:00:00 AM,00:05:06,2.25,53.0,30.45,97.0,151.71,5.62,06:08:00,18:36:00
6887,1472896804,9/3/2016 12:00:00 AM,00:00:04,2.01,53.0,30.45,98.0,149.37,4.5,06:08:00,18:36:00
6888,1472896506,9/2/2016 12:00:00 AM,23:55:06,2.06,53.0,30.45,98.0,150.52,5.62,06:07:00,18:37:00
6889,1472896207,9/2/2016 12:00:00 AM,23:50:07,2.21,53.0,30.45,98.0,139.0,4.5,06:07:00,18:37:00
6890,1472895903,9/2/2016 12:00:00 AM,23:45:03,2.56,53.0,30.45,98.0,159.27,4.5,06:07:00,18:37:00
6891,1472895603,9/2/2016 12:00:00 AM,23:40:03,3.03,53.0,30.45,98.0,135.92,5.62,06:07:00,18:37:00
6892,1472895303,9/2/2016 12:00:00 AM,23:35:03,2.59,53.0,30.45,98.0,155.45,4.5,06:07:00,18:37:00
6893,1472895002,9/2/2016 12:00:00 AM,23:30:02,2.66,53.0,30.45,98.0,148.44,6.75,06:07:00,18:37:00
6894,1472894705,9/2/2016 12:00:00 AM,23:25:05,2.64,53.0,30.45,99.0,165.25,3.37,06:07:00,18:37:00
6895,1472894406,9/2/2016 12:00:00 AM,23:20:06,3.34,53.0,30.45,99.0,113.9,0.0,06:07:00,18:37:00
6896,1472894105,9/2/2016 12:00:00 AM,23:15:05,3.27,52.0,30.45,99.0,118.47,6.75,06:07:00,18:37:00
6897,1472893803,9/2/2016 12:00:00 AM,23:10:03,2.85,53.0,30.45,99.0,176.24,5.62,06:07:00,18:37:00
6898,1472893502,9/2/2016 12:00:00 AM,23:05:02,2.76,53.0,30.46,99.0,157.36,6.75,06:07:00,18:37:00
6899,1472893207,9/2/2016 12:00:00 AM,23:00:07,2.66,53.0,30.46,99.0,144.3,4.5,06:07:00,18:37:00
6900,1472892905,9/2/2016 12:00:00 AM,22:55:05,2.75,53.0,30.46,99.0,189.13,3.37,06:07:00,18:37:00
6901,1472892604,9/2/2016 12:00:00 AM,22:50:04,2.92,53.0,30.46,99.0,125.75,4.5,06:07:00,18:37:00
6902,1472892303,9/2/2016 12:00:00 AM,22:45:03,3.19,53.0,30.46,99.0,92.95,3.37,06:07:00,18:37:00
6903,1472892003,9/2/2016 12:00:00 AM,22:40:03,2.8,53.0,30.46,99.0,122.1,2.25,06:07:00,18:37:00
6904,1472891704,9/2/2016 12:00:00 AM,22:35:04,2.32,53.0,30.46,99.0,125.28,0.0,06:07:00,18:37:00
6905,1472891405,9/2/2016 12:00:00 AM,22:30:05,1.93,53.0,30.46,99.0,133.96,3.37,06:07:00,18:37:00
6906,1472891105,9/2/2016 12:00:00 AM,22:25:05,2.27,53.0,30.46,99.0,78.28,5.62,06:07:00,18:37:00
6907,1472890802,9/2/2016 12:00:00 AM,22:20:02,2.02,53.0,30.46,99.0,131.09,3.37,06:07:00,18:37:00
6908,1472890506,9/2/2016 12:00:00 AM,22:15:06,1.86,53.0,30.46,100.0,180.47,3.37,06:07:00,18:37:00
6909,1472890210,9/2/2016 12:00:00 AM,22:10:10,1.93,53.0,30.46,100.0,106.72,3.37,06:07:00,18:37:00
6910,1472889910,9/2/2016 12:00:00 AM,22:05:10,1.86,53.0,30.46,100.0,153.52,3.37,06:07:00,18:37:00
6911,1472889603,9/2/2016 12:00:00 AM,22:00:03,2.08,53.0,30.46,101.0,139.16,4.5,06:07:00,18:37:00
6912,1472889307,9/2/2016 12:00:00 AM,21:55:07,1.72,53.0,30.46,101.0,164.58,9.0,06:07:00,18:37:00
6913,1472889005,9/2/2016 12:00:00 AM,21:50:05,1.79,53.0,30.46,101.0,154.92,7.87,06:07:00,18:37:00
6914,1472888704,9/2/2016 12:00:00 AM,21:45:04,2.84,54.0,30.46,101.0,150.67,6.75,06:07:00,18:37:00
6915,1472888402,9/2/2016 12:00:00 AM,21:40:02,1.99,54.0,30.46,101.0,108.21,6.75,06:07:00,18:37:00
6916,1472888111,9/2/2016 12:00:00 AM,21:35:11,1.79,54.0,30.46,101.0,116.62,5.62,06:07:00,18:37:00
6917,1472887805,9/2/2016 12:00:00 AM,21:30:05,1.85,54.0,30.47,101.0,100.16,5.62,06:07:00,18:37:00
6918,1472887503,9/2/2016 12:00:00 AM,21:25:03,2.17,54.0,30.47,101.0,129.56,4.5,06:07:00,18:37:00
6919,1472887208,9/2/2016 12:00:00 AM,21:20:08,1.67,54.0,30.46,101.0,152.6,3.37,06:07:00,18:37:00
6920,1472886906,9/2/2016 12:00:00 AM,21:15:06,1.95,54.0,30.46,101.0,145.7,6.75,06:07:00,18:37:00
6921,1472886604,9/2/2016 12:00:00 AM,21:10:04,1.9,51.16507236474315,30.46,101.0,159.11,4.5,06:07:00,18:37:00
6922,1472886307,9/2/2016 12:00:00 AM,21:05:07,1.89,53.0,30.46,101.0,153.54,7.87,06:07:00,18:37:00
6923,1472886005,9/2/2016 12:00:00 AM,21:00:05,2.45,53.0,30.46,101.0,150.4,6.75,06:07:00,18:37:00
6924,1472885702,9/2/2016 12:00:00 AM,20:55:02,2.54,53.0,30.46,101.0,142.9,1.12,06:07:00,18:37:00
6925,1472885406,9/2/2016 12:00:00 AM,20:50:06,2.41,53.0,30.46,101.0,149.48,1.12,06:07:00,18:37:00
6926,1472885109,9/2/2016 12:00:00 AM,20:45:09,2.42,53.0,30.46,100.0,142.16,6.75,06:07:00,18:37:00
6927,1472884806,9/2/2016 12:00:00 AM,20:40:06,2.59,54.0,30.46,100.0,84.31,1.12,06:07:00,18:37:00
6928,1472884503,9/2/2016 12:00:00 AM,20:35:03,2.77,54.0,30.46,100.0,6.69,2.25,06:07:00,18:37:00
6929,1472884205,9/2/2016 12:00:00 AM,20:30:05,2.81,54.0,30.46,100.0,70.4,2.25,06:07:00,18:37:00
6930,1472883904,9/2/2016 12:00:00 AM,20:25:04,2.93,54.0,30.46,100.0,72.97,5.62,06:07:00,18:37:00
6931,1472883604,9/2/2016 12:00:00 AM,20:20:04,2.89,54.0,30.46,100.0,68.9,2.25,06:07:00,18:37:00
6932,1472883306,9/2/2016 12:00:00 AM,20:15:06,2.87,54.0,30.46,100.0,94.14,4.5,06:07:00,18:37:00
6933,1472883003,9/2/2016 12:00:00 AM,20:10:03,2.59,54.0,30.46,100.0,66.1,3.37,06:07:00,18:37:00
6934,1472882707,9/2/2016 12:00:00 AM,20:05:07,2.56,54.0,30.46,100.0,75.43,3.37,06:07:00,18:37:00
6935,1472882404,9/2/2016 12:00:00 AM,20:00:04,2.31,55.0,30.45,100.0,105.88,4.5,06:07:00,18:37:00
6936,1472882109,9/2/2016 12:00:00 AM,19:55:09,2.5,54.0,30.45,100.0,37.6,5.62,06:07:00,18:37:00
6937,1472881804,9/2/2016 12:00:00 AM,19:50:04,2.75,54.0,30.45,100.0,63.32,1.12,06:07:00,18:37:00
6938,1472881510,9/2/2016 12:00:00 AM,19:45:10,2.93,55.0,30.45,100.0,82.88,2.25,06:07:00,18:37:00
6939,1472881203,9/2/2016 12:00:00 AM,19:40:03,3.07,55.0,30.45,99.0,41.29,4.5,06:07:00,18:37:00
6940,1472880905,9/2/2016 12:00:00 AM,19:35:05,3.04,55.0,30.45,99.0,61.51,9.0,06:07:00,18:37:00
6941,1472880605,9/2/2016 12:00:00 AM,19:30:05,3.17,55.0,30.45,99.0,1.85,2.25,06:07:00,18:37:00
6942,1472880303,9/2/2016 12:00:00 AM,19:25:03,3.45,55.0,30.45,99.0,122.05,3.37,06:07:00,18:37:00
6943,1472880007,9/2/2016 12:00:00 AM,19:20:07,3.44,55.0,30.45,99.0,89.7,4.5,06:07:00,18:37:00
6944,1472879704,9/2/2016 12:00:00 AM,19:15:04,1.95,55.0,30.45,98.0,126.89,4.5,06:07:00,18:37:00
6945,1472879405,9/2/2016 12:00:00 AM,19:10:05,2.34,55.0,30.45,98.0,97.68,3.37,06:07:00,18:37:00
6946,1472879105,9/2/2016 12:00:00 AM,19:05:05,2.45,55.0,30.45,97.0,64.35,3.37,06:07:00,18:37:00
6947,1472878807,9/2/2016 12:00:00 AM,19:00:07,2.25,55.0,30.45,97.0,69.42,3.37,06:07:00,18:37:00
6948,1472878508,9/2/2016 12:00:00 AM,18:55:08,2.33,56.0,30.45,96.0,68.08,4.5,06:07:00,18:37:00
6949,1472878210,9/2/2016 12:00:00 AM,18:50:10,2.38,56.0,30.45,95.0,61.95,4.5,06:07:00,18:37:00
6950,1472877908,9/2/2016 12:00:00 AM,18:45:08,2.98,57.0,30.45,93.0,58.35,4.5,06:07:00,18:37:00
6951,1472877605,9/2/2016 12:00:00 AM,18:40:05,4.05,57.0,30.45,91.0,88.16,3.37,06:07:00,18:37:00
6952,1472877306,9/2/2016 12:00:00 AM,18:35:06,8.55,58.0,30.45,88.0,80.89,1.12,06:07:00,18:37:00
6953,1472877004,9/2/2016 12:00:00 AM,18:30:04,55.73,58.0,30.45,86.0,119.84,1.12,06:07:00,18:37:00
6954,1472876704,9/2/2016 12:00:00 AM,18:25:04,46.53,58.0,30.45,85.0,70.67,5.62,06:07:00,18:37:00
6955,1472876406,9/2/2016 12:00:00 AM,18:20:06,39.1,59.0,30.45,84.0,93.97,1.12,06:07:00,18:37:00
6956,1472876104,9/2/2016 12:00:00 AM,18:15:04,71.77,58.0,30.44,85.0,121.84,4.5,06:07:00,18:37:00
6957,1472875808,9/2/2016 12:00:00 AM,18:10:08,63.67,59.0,30.44,84.0,81.58,5.62,06:07:00,18:37:00
6958,1472875506,9/2/2016 12:00:00 AM,18:05:06,64.89,58.0,30.44,85.0,128.54,5.62,06:07:00,18:37:00
6959,1472875206,9/2/2016 12:00:00 AM,18:00:06,81.22,58.0,30.44,84.0,151.7,3.37,06:07:00,18:37:00
6960,1472874905,9/2/2016 12:00:00 AM,17:55:05,111.68,59.0,30.44,85.0,93.99,4.5,06:07:00,18:37:00
6961,1472874605,9/2/2016 12:00:00 AM,17:50:05,125.13,59.0,30.44,83.0,151.28,3.37,06:07:00,18:37:00
6962,1472874304,9/2/2016 12:00:00 AM,17:45:04,161.93,60.0,30.44,84.0,62.97,5.62,06:07:00,18:37:00
6963,1472874009,9/2/2016 12:00:00 AM,17:40:09,329.62,60.0,30.44,83.0,16.84,4.5,06:07:00,18:37:00
6964,1472873724,9/2/2016 12:00:00 AM,17:35:24,273.94,60.0,30.44,82.0,20.4,3.37,06:07:00,18:37:00
6965,1472873405,9/2/2016 12:00:00 AM,17:30:05,276.47,59.0,30.44,82.0,84.19,4.5,06:07:00,18:37:00
6966,1472873104,9/2/2016 12:00:00 AM,17:25:04,113.1,59.0,30.44,81.0,85.49,3.37,06:07:00,18:37:00
6967,1472872804,9/2/2016 12:00:00 AM,17:20:04,366.48,59.0,30.44,84.0,41.92,4.5,06:07:00,18:37:00
6968,1472872503,9/2/2016 12:00:00 AM,17:15:03,383.31,59.0,30.44,84.0,58.27,3.37,06:07:00,18:37:00
6969,1472872203,9/2/2016 12:00:00 AM,17:10:03,326.75,59.0,30.44,85.0,35.59,5.62,06:07:00,18:37:00
6970,1472871903,9/2/2016 12:00:00 AM,17:05:03,397.01,59.0,30.44,84.0,31.93,3.37,06:07:00,18:37:00
6971,1472871605,9/2/2016 12:00:00 AM,17:00:05,97.99,59.0,30.44,85.0,335.04,6.75,06:07:00,18:37:00
6972,1472871307,9/2/2016 12:00:00 AM,16:55:07,560.97,60.0,30.43,84.0,84.29,3.37,06:07:00,18:37:00
6973,1472871008,9/2/2016 12:00:00 AM,16:50:08,207.71,60.0,30.43,83.0,34.93,7.87,06:07:00,18:37:00
6974,1472870708,9/2/2016 12:00:00 AM,16:45:08,441.23,61.0,30.43,80.0,14.27,3.37,06:07:00,18:37:00
6975,1472870403,9/2/2016 12:00:00 AM,16:40:03,219.95,61.0,30.43,79.0,4.88,2.25,06:07:00,18:37:00
6976,1472870106,9/2/2016 12:00:00 AM,16:35:06,151.68,61.0,30.44,80.0,13.61,4.5,06:07:00,18:37:00
6977,1472869802,9/2/2016 12:00:00 AM,16:30:02,633.9,61.0,30.44,77.0,33.18,4.5,06:07:00,18:37:00
6978,1472869504,9/2/2016 12:00:00 AM,16:25:04,146.46,62.0,30.44,76.0,20.63,5.62,06:07:00,18:37:00
6979,1472869207,9/2/2016 12:00:00 AM,16:20:07,611.72,62.0,30.43,76.0,50.26,3.37,06:07:00,18:37:00
6980,1472868902,9/2/2016 12:00:00 AM,16:15:02,554.73,62.0,30.43,73.0,56.2,5.62,06:07:00,18:37:00
6981,1472868603,9/2/2016 12:00:00 AM,16:10:03,573.62,62.0,30.43,75.0,90.55,6.75,06:07:00,18:37:00
6982,1472868303,9/2/2016 12:00:00 AM,16:05:03,595.72,62.0,30.43,75.0,62.97,7.87,06:07:00,18:37:00
6983,1472868006,9/2/2016 12:00:00 AM,16:00:06,630.46,62.0,30.43,76.0,36.4,11.25,06:07:00,18:37:00
6984,1472867704,9/2/2016 12:00:00 AM,15:55:04,723.83,62.0,30.43,78.0,18.48,5.62,06:07:00,18:37:00
6985,1472867407,9/2/2016 12:00:00 AM,15:50:07,723.78,63.0,30.43,76.0,30.57,6.75,06:07:00,18:37:00
6986,1472867110,9/2/2016 12:00:00 AM,15:45:10,206.12,62.0,30.43,73.0,59.9,9.0,06:07:00,18:37:00
6987,1472866805,9/2/2016 12:00:00 AM,15:40:05,749.09,62.0,30.43,73.0,64.1,7.87,06:07:00,18:37:00
6988,1472866503,9/2/2016 12:00:00 AM,15:35:03,727.93,62.0,30.44,73.0,28.46,1.12,06:07:00,18:37:00
6989,1472866212,9/2/2016 12:00:00 AM,15:30:12,730.96,62.0,30.44,74.0,63.73,5.62,06:07:00,18:37:00
6990,1472865902,9/2/2016 12:00:00 AM,15:25:02,854.21,61.0,30.43,79.0,46.83,5.62,06:07:00,18:37:00
6991,1472865606,9/2/2016 12:00:00 AM,15:20:06,262.72,62.0,30.44,78.0,31.55,10.12,06:07:00,18:37:00
6992,1472865305,9/2/2016 12:00:00 AM,15:15:05,913.08,62.0,30.44,74.0,140.78,6.75,06:07:00,18:37:00
6993,1472865002,9/2/2016 12:00:00 AM,15:10:02,426.45,62.0,30.44,75.0,18.02,10.12,06:07:00,18:37:00
6994,1472864709,9/2/2016 12:00:00 AM,15:05:09,840.74,62.0,30.44,77.0,1.75,5.62,06:07:00,18:37:00
6995,1472864409,9/2/2016 12:00:00 AM,15:00:09,331.24,62.0,30.44,75.0,143.54770303349548,6.75,06:07:00,18:37:00
6996,1472864105,9/2/2016 12:00:00 AM,14:55:05,939.55,62.0,30.44,73.0,31.93,13.5,06:07:00,18:37:00
6997,1472863804,9/2/2016 12:00:00 AM,14:50:04,904.94,62.0,30.44,73.0,46.03,15.75,06:07:00,18:37:00
6998,1472863502,9/2/2016 12:00:00 AM,14:45:02,873.71,63.0,30.44,70.0,16.71,9.0,06:07:00,18:37:00
6999,1472863205,9/2/2016 12:00:00 AM,14:40:05,879.59,63.0,30.44,69.0,54.78,11.25,06:07:00,18:37:00
7000,1472862604,9/2/2016 12:00:00 AM,14:30:04,895.73,63.0,30.44,68.0,39.77,12.37,06:07:00,18:37:00
7001,1472862302,9/2/2016 12:00:00 AM,14:25:02,909.25,63.0,30.44,66.0,4.84,5.62,06:07:00,18:37:00
7002,1472861704,9/2/2016 12:00:00 AM,14:15:04,931.96,63.0,30.44,72.0,1.41,13.5,06:07:00,18:37:00
7003,1472861404,9/2/2016 12:00:00 AM,14:10:04,943.36,63.0,30.44,71.0,350.96,4.5,06:07:00,18:37:00
7004,1472861104,9/2/2016 12:00:00 AM,14:05:04,955.95,63.0,30.44,71.0,358.43,5.62,06:07:00,18:37:00
7005,1472860809,9/2/2016 12:00:00 AM,14:00:09,966.7,62.0,30.45,71.0,25.43,10.12,06:07:00,18:37:00
7006,1472860507,9/2/2016 12:00:00 AM,13:55:07,978.68,62.0,30.44,70.0,108.21,10.12,06:07:00,18:37:00
7007,1472860208,9/2/2016 12:00:00 AM,13:50:08,988.77,63.0,30.44,70.0,17.75,16.87,06:07:00,18:37:00
7008,1472859905,9/2/2016 12:00:00 AM,13:45:05,993.41,63.0,30.44,67.0,22.94,5.62,06:07:00,18:37:00
7009,1472859602,9/2/2016 12:00:00 AM,13:40:02,999.87,63.0,30.44,70.0,57.47,6.75,06:07:00,18:37:00
7010,1472859305,9/2/2016 12:00:00 AM,13:35:05,1011.23,63.0,30.44,69.0,87.96,7.87,06:07:00,18:37:00
7011,1472859004,9/2/2016 12:00:00 AM,13:30:04,1018.05,63.0,30.45,70.0,180.2,4.5,06:07:00,18:37:00
7012,1472858704,9/2/2016 12:00:00 AM,13:25:04,1024.83,51.16507236474315,30.44,70.0,330.64,4.5,06:07:00,18:37:00
7013,1472858408,9/2/2016 12:00:00 AM,13:20:08,1031.59,64.0,30.45,68.0,49.08,14.62,06:07:00,18:37:00
7014,1472858106,9/2/2016 12:00:00 AM,13:15:06,1029.84,64.0,30.45,65.0,349.59,7.87,06:07:00,18:37:00
7015,1472857809,9/2/2016 12:00:00 AM,13:10:09,1037.8,64.0,30.45,63.0,106.14,5.62,06:07:00,18:37:00
7016,1472857505,9/2/2016 12:00:00 AM,13:05:05,1043.28,64.0,30.45,62.0,19.91,4.5,06:07:00,18:37:00
7017,1472857202,9/2/2016 12:00:00 AM,13:00:02,1027.13,64.0,30.45,59.0,32.87,6.75,06:07:00,18:37:00
7018,1472856906,9/2/2016 12:00:00 AM,12:55:06,1048.63,64.0,30.45,61.0,45.63,13.5,06:07:00,18:37:00
7019,1472856603,9/2/2016 12:00:00 AM,12:50:03,1052.69,65.0,30.45,61.0,37.12,11.25,06:07:00,18:37:00
7020,1472856303,9/2/2016 12:00:00 AM,12:45:03,1054.84,65.0,30.45,58.0,30.87,11.25,06:07:00,18:37:00
7021,1472856007,9/2/2016 12:00:00 AM,12:40:07,1058.82,65.0,30.45,44.0,95.75,5.62,06:07:00,18:37:00
7022,1472855703,9/2/2016 12:00:00 AM,12:35:03,1059.79,65.0,30.45,47.0,33.55,4.5,06:07:00,18:37:00
7023,1472855404,9/2/2016 12:00:00 AM,12:30:04,1059.37,65.0,30.45,50.0,22.28,7.87,06:07:00,18:37:00
7024,1472855105,9/2/2016 12:00:00 AM,12:25:05,1062.01,65.0,30.45,51.0,260.51,5.62,06:07:00,18:37:00
7025,1472854806,9/2/2016 12:00:00 AM,12:20:06,1060.85,65.0,30.45,47.0,71.76,5.62,06:07:00,18:37:00
7026,1472854502,9/2/2016 12:00:00 AM,12:15:02,1059.3,65.0,30.45,74.83719267708949,107.23,4.5,06:07:00,18:37:00
7027,1472854205,9/2/2016 12:00:00 AM,12:10:05,1058.03,65.0,30.46,48.0,8.77,10.12,06:07:00,18:37:00
7028,1472853904,9/2/2016 12:00:00 AM,12:05:04,1057.91,65.0,30.45,49.0,91.85,6.75,06:07:00,18:37:00
7029,1472853602,9/2/2016 12:00:00 AM,12:00:02,1055.61,64.0,30.46,49.0,1.8,3.37,06:07:00,18:37:00
7030,1472853304,9/2/2016 12:00:00 AM,11:55:04,1054.54,64.0,30.46,49.0,358.48,2.25,06:07:00,18:37:00
7031,1472853002,9/2/2016 12:00:00 AM,11:50:02,1050.79,64.0,30.46,53.0,56.16,14.62,06:07:00,18:37:00
7032,1472852708,9/2/2016 12:00:00 AM,11:45:08,1046.7,64.0,30.46,50.0,146.71,5.62,06:07:00,18:37:00
7033,1472852402,9/2/2016 12:00:00 AM,11:40:02,1042.62,64.0,30.46,53.0,312.47,1.12,06:07:00,18:37:00
7034,1472852105,9/2/2016 12:00:00 AM,11:35:05,1039.6,64.0,30.46,53.0,84.29,2.25,06:07:00,18:37:00
7035,1472851806,9/2/2016 12:00:00 AM,11:30:06,1031.01,64.0,30.46,54.0,356.55,6.75,06:07:00,18:37:00
7036,1472851509,9/2/2016 12:00:00 AM,11:25:09,1026.27,64.0,30.46,54.0,63.37,15.75,06:07:00,18:37:00
7037,1472851205,9/2/2016 12:00:00 AM,11:20:05,1019.04,64.0,30.46,50.0,29.21,1.12,06:07:00,18:37:00
7038,1472850905,9/2/2016 12:00:00 AM,11:15:05,1013.88,64.0,30.46,51.0,40.38,4.5,06:07:00,18:37:00
7039,1472850605,9/2/2016 12:00:00 AM,11:10:05,1005.39,63.0,30.46,51.0,65.61,6.75,06:07:00,18:37:00
7040,1472850305,9/2/2016 12:00:00 AM,11:05:05,994.46,63.0,30.46,52.0,350.09,4.5,06:07:00,18:37:00
7041,1472850007,9/2/2016 12:00:00 AM,11:00:07,990.46,63.0,30.47,51.0,358.16,4.5,06:07:00,18:37:00
7042,1472849703,9/2/2016 12:00:00 AM,10:55:03,981.26,63.0,30.47,51.0,15.09,9.0,06:07:00,18:37:00
7043,1472849406,9/2/2016 12:00:00 AM,10:50:06,972.88,63.0,30.47,50.0,27.98,5.62,06:07:00,18:37:00
7044,1472849105,9/2/2016 12:00:00 AM,10:45:05,963.72,63.0,30.47,49.0,31.15,9.0,06:07:00,18:37:00
7045,1472848805,9/2/2016 12:00:00 AM,10:40:05,953.14,64.0,30.47,48.0,43.8,13.5,06:07:00,18:37:00
7046,1472848505,9/2/2016 12:00:00 AM,10:35:05,943.48,64.0,30.47,45.0,14.6,2.25,06:07:00,18:37:00
7047,1472848203,9/2/2016 12:00:00 AM,10:30:03,930.87,64.0,30.47,41.0,109.42,9.0,06:07:00,18:37:00
7048,1472847906,9/2/2016 12:00:00 AM,10:25:06,922.19,64.0,30.47,39.0,72.57,10.12,06:07:00,18:37:00
7049,1472847606,9/2/2016 12:00:00 AM,10:20:06,910.18,64.0,30.47,37.0,183.15,1.12,06:07:00,18:37:00
7050,1472847306,9/2/2016 12:00:00 AM,10:15:06,896.17,63.0,30.47,41.0,71.65,6.75,06:07:00,18:37:00
7051,1472847003,9/2/2016 12:00:00 AM,10:10:03,885.18,62.0,30.47,40.0,79.63,7.87,06:07:00,18:37:00
7052,1472846703,9/2/2016 12:00:00 AM,10:05:03,872.22,62.0,30.47,42.0,29.84,6.75,06:07:00,18:37:00
7053,1472846407,9/2/2016 12:00:00 AM,10:00:07,857.95,62.0,30.47,41.0,89.49,4.5,06:07:00,18:37:00
7054,1472846106,9/2/2016 12:00:00 AM,09:55:06,846.58,62.0,30.47,43.0,74.09,9.0,06:07:00,18:37:00
7055,1472845804,9/2/2016 12:00:00 AM,09:50:04,832.55,62.0,30.47,38.0,72.72,12.37,06:07:00,18:37:00
7056,1472845504,9/2/2016 12:00:00 AM,09:45:04,819.38,62.0,30.47,36.0,12.38,2.25,06:07:00,18:37:00
7057,1472845203,9/2/2016 12:00:00 AM,09:40:03,803.35,62.0,30.47,41.0,354.83,4.5,06:07:00,18:37:00
7058,1472844904,9/2/2016 12:00:00 AM,09:35:04,789.38,62.0,30.47,33.0,27.14,5.62,06:07:00,18:37:00
7059,1472844603,9/2/2016 12:00:00 AM,09:30:03,773.93,62.0,30.47,38.0,49.55,6.75,06:07:00,18:37:00
7060,1472844303,9/2/2016 12:00:00 AM,09:25:03,757.44,62.0,30.47,38.0,66.36,7.87,06:07:00,18:37:00
7061,1472844008,9/2/2016 12:00:00 AM,09:20:08,742.18,62.0,30.47,34.0,65.19,4.5,06:07:00,18:37:00
7062,1472843702,9/2/2016 12:00:00 AM,09:15:02,724.76,62.0,30.47,39.0,70.26,9.0,06:07:00,18:37:00
7063,1472843407,9/2/2016 12:00:00 AM,09:10:07,707.95,62.0,30.47,38.0,336.95,5.62,06:07:00,18:37:00
7064,1472843109,9/2/2016 12:00:00 AM,09:05:09,689.68,62.0,30.47,35.0,64.97,3.37,06:07:00,18:37:00
7065,1472842806,9/2/2016 12:00:00 AM,09:00:06,671.97,62.0,30.47,31.0,45.12,6.75,06:07:00,18:37:00
7066,1472842505,9/2/2016 12:00:00 AM,08:55:05,654.26,62.0,30.47,30.0,0.59,7.87,06:07:00,18:37:00
7067,1472842205,9/2/2016 12:00:00 AM,08:50:05,637.19,62.0,30.46,29.0,29.84,5.62,06:07:00,18:37:00
7068,1472841608,9/2/2016 12:00:00 AM,08:40:08,602.4,62.0,30.46,28.0,32.07,12.37,06:07:00,18:37:00
7069,1472841305,9/2/2016 12:00:00 AM,08:35:05,581.47,63.0,30.46,29.0,36.2,4.5,06:07:00,18:37:00
7070,1472841008,9/2/2016 12:00:00 AM,08:30:08,563.34,62.0,30.46,30.0,300.69,3.37,06:07:00,18:37:00
7071,1472840702,9/2/2016 12:00:00 AM,08:25:02,543.59,62.0,30.46,29.0,243.49,0.0,06:07:00,18:37:00
7072,1472840403,9/2/2016 12:00:00 AM,08:20:03,523.13,61.0,30.46,33.0,62.43,2.25,06:07:00,18:37:00
7073,1472840103,9/2/2016 12:00:00 AM,08:15:03,503.77,61.0,30.46,35.0,115.44,2.25,06:07:00,18:37:00
7074,1472839803,9/2/2016 12:00:00 AM,08:10:03,483.13,60.0,30.46,37.0,58.53,5.62,06:07:00,18:37:00
7075,1472839505,9/2/2016 12:00:00 AM,08:05:05,463.3,60.0,30.46,34.0,73.94,1.12,06:07:00,18:37:00
7076,1472839203,9/2/2016 12:00:00 AM,08:00:03,444.08,59.0,30.46,38.0,86.6,6.75,06:07:00,18:37:00
7077,1472838904,9/2/2016 12:00:00 AM,07:55:04,423.15,59.0,30.46,41.0,68.26,5.62,06:07:00,18:37:00
7078,1472838607,9/2/2016 12:00:00 AM,07:50:07,402.11,59.0,30.46,48.0,37.87,3.37,06:07:00,18:37:00
7079,1472838306,9/2/2016 12:00:00 AM,07:45:06,381.17,58.0,30.45,47.0,99.45,4.5,06:07:00,18:37:00
7080,1472838007,9/2/2016 12:00:00 AM,07:40:07,359.31,58.0,30.46,46.0,27.95,6.75,06:07:00,18:37:00
7081,1472837705,9/2/2016 12:00:00 AM,07:35:05,338.35,57.0,30.45,48.0,124.77,2.25,06:07:00,18:37:00
7082,1472837409,9/2/2016 12:00:00 AM,07:30:09,317.24,56.0,30.45,53.0,127.86,7.87,06:07:00,18:37:00
7083,1472837105,9/2/2016 12:00:00 AM,07:25:05,293.73,55.0,30.45,58.0,163.78,4.5,06:07:00,18:37:00
7084,1472836806,9/2/2016 12:00:00 AM,07:20:06,269.04,55.0,30.45,58.0,151.54,10.12,06:07:00,18:37:00
7085,1472836503,9/2/2016 12:00:00 AM,07:15:03,241.23,54.0,30.45,60.0,162.19,3.37,06:07:00,18:37:00
7086,1472836208,9/2/2016 12:00:00 AM,07:10:08,213.9,52.0,30.45,62.0,162.76,1.12,06:07:00,18:37:00
7087,1472835909,9/2/2016 12:00:00 AM,07:05:09,186.75,52.0,30.44,66.0,150.95,6.75,06:07:00,18:37:00
7088,1472835605,9/2/2016 12:00:00 AM,07:00:05,159.22,51.0,30.44,66.0,142.23,4.5,06:07:00,18:37:00
7089,1472835303,9/2/2016 12:00:00 AM,06:55:03,133.58,50.0,30.44,67.0,184.3,4.5,06:07:00,18:37:00
7090,1472835007,9/2/2016 12:00:00 AM,06:50:07,21.47,49.0,30.44,69.0,171.26,9.0,06:07:00,18:37:00
7091,1472834708,9/2/2016 12:00:00 AM,06:45:08,20.16,48.0,30.44,71.0,165.46,6.75,06:07:00,18:37:00
7092,1472834403,9/2/2016 12:00:00 AM,06:40:03,19.05,48.0,30.44,73.0,167.39,6.75,06:07:00,18:37:00
7093,1472834106,9/2/2016 12:00:00 AM,06:35:06,17.99,48.0,30.44,72.0,162.79,7.87,06:07:00,18:37:00
7094,1472833808,9/2/2016 12:00:00 AM,06:30:08,16.28,47.0,30.44,77.0,166.79,7.87,06:07:00,18:37:00
7095,1472833511,9/2/2016 12:00:00 AM,06:25:11,14.63,47.0,30.44,78.0,169.52,6.75,06:07:00,18:37:00
7096,1472833205,9/2/2016 12:00:00 AM,06:20:05,11.93,47.0,30.44,78.0,157.26,6.75,06:07:00,18:37:00
7097,1472832907,9/2/2016 12:00:00 AM,06:15:07,10.84,47.0,30.44,77.0,167.78,6.75,06:07:00,18:37:00
7098,1472832604,9/2/2016 12:00:00 AM,06:10:04,7.66,47.0,30.43,77.0,177.87,7.87,06:07:00,18:37:00
7099,1472832304,9/2/2016 12:00:00 AM,06:05:04,5.27,47.0,30.44,77.0,186.84,7.87,06:07:00,18:37:00
7100,1472832004,9/2/2016 12:00:00 AM,06:00:04,2.79,47.0,30.43,76.0,142.04,7.87,06:07:00,18:37:00
7101,1472831704,9/2/2016 12:00:00 AM,05:55:04,1.92,47.0,30.43,76.0,166.18,6.75,06:07:00,18:37:00
7102,1472831403,9/2/2016 12:00:00 AM,05:50:03,1.67,46.0,30.43,75.0,169.81,7.87,06:07:00,18:37:00
7103,1472831106,9/2/2016 12:00:00 AM,05:45:06,2.45,46.0,30.43,75.0,176.86,7.87,06:07:00,18:37:00
7104,1472830805,9/2/2016 12:00:00 AM,05:40:05,2.74,46.0,30.43,74.0,190.5,9.0,06:07:00,18:37:00
7105,1472830510,9/2/2016 12:00:00 AM,05:35:10,2.02,47.0,30.43,71.0,190.48,5.62,06:07:00,18:37:00
7106,1472830203,9/2/2016 12:00:00 AM,05:30:03,2.15,47.0,30.43,72.0,159.49,6.75,06:07:00,18:37:00
7107,1472829906,9/2/2016 12:00:00 AM,05:25:06,2.48,47.0,30.43,72.0,148.75,5.62,06:07:00,18:37:00
7108,1472829610,9/2/2016 12:00:00 AM,05:20:10,2.08,51.16507236474315,30.43,72.0,151.56,4.5,06:07:00,18:37:00
7109,1472829308,9/2/2016 12:00:00 AM,05:15:08,2.5,47.0,30.43,71.0,124.99,6.75,06:07:00,18:37:00
7110,1472829010,9/2/2016 12:00:00 AM,05:10:10,2.6,47.0,30.42,74.0,128.1,7.87,06:07:00,18:37:00
7111,1472828705,9/2/2016 12:00:00 AM,05:05:05,2.42,47.0,30.42,75.0,167.28,5.62,06:07:00,18:37:00
7112,1472828404,9/2/2016 12:00:00 AM,05:00:04,2.04,47.0,30.42,73.0,172.37,5.62,06:07:00,18:37:00
7113,1472828105,9/2/2016 12:00:00 AM,04:55:05,1.78,47.0,30.42,72.0,166.92,6.75,06:07:00,18:37:00
7114,1472827805,9/2/2016 12:00:00 AM,04:50:05,1.93,47.0,30.42,72.0,172.43,5.62,06:07:00,18:37:00
7115,1472827502,9/2/2016 12:00:00 AM,04:45:02,2.19,47.0,30.42,71.0,160.28,7.87,06:07:00,18:37:00
7116,1472827204,9/2/2016 12:00:00 AM,04:40:04,2.04,47.0,30.42,69.0,164.46,5.62,06:07:00,18:37:00
7117,1472826908,9/2/2016 12:00:00 AM,04:35:08,2.13,47.0,30.43,66.0,145.25,6.75,06:07:00,18:37:00
7118,1472826608,9/2/2016 12:00:00 AM,04:30:08,2.62,48.0,30.43,66.0,159.22,7.87,06:07:00,18:37:00
7119,1472826318,9/2/2016 12:00:00 AM,04:25:18,2.44,48.0,30.43,66.0,156.75,6.75,06:07:00,18:37:00
7120,1472826007,9/2/2016 12:00:00 AM,04:20:07,2.58,48.0,30.43,69.0,178.89,10.12,06:07:00,18:37:00
7121,1472825704,9/2/2016 12:00:00 AM,04:15:04,2.5,48.0,30.43,67.0,149.74,6.75,06:07:00,18:37:00
7122,1472825404,9/2/2016 12:00:00 AM,04:10:04,2.79,48.0,30.43,69.0,159.48,7.87,06:07:00,18:37:00
7123,1472825106,9/2/2016 12:00:00 AM,04:05:06,2.55,48.0,30.43,68.0,165.72,6.75,06:07:00,18:37:00
7124,1472824805,9/2/2016 12:00:00 AM,04:00:05,2.97,49.0,30.42,69.0,176.34,6.75,06:07:00,18:37:00
7125,1472824505,9/2/2016 12:00:00 AM,03:55:05,2.9,49.0,30.42,70.0,158.87,4.5,06:07:00,18:37:00
7126,1472824202,9/2/2016 12:00:00 AM,03:50:02,2.36,49.0,30.42,73.0,119.5,10.12,06:07:00,18:37:00
7127,1472823905,9/2/2016 12:00:00 AM,03:45:05,2.17,50.0,30.42,71.0,157.64,6.75,06:07:00,18:37:00
7128,1472823610,9/2/2016 12:00:00 AM,03:40:10,1.98,50.0,30.42,71.0,165.89,6.75,06:07:00,18:37:00
7129,1472823304,9/2/2016 12:00:00 AM,03:35:04,2.13,50.0,30.42,70.0,141.8,2.25,06:07:00,18:37:00
7130,1472823004,9/2/2016 12:00:00 AM,03:30:04,2.05,50.0,30.42,72.0,158.01,6.75,06:07:00,18:37:00
7131,1472822709,9/2/2016 12:00:00 AM,03:25:09,2.29,50.0,30.42,72.0,162.44,7.87,06:07:00,18:37:00
7132,1472822407,9/2/2016 12:00:00 AM,03:20:07,2.24,51.0,30.42,71.0,166.86,6.75,06:07:00,18:37:00
7133,1472822102,9/2/2016 12:00:00 AM,03:15:02,2.45,51.0,30.42,71.0,120.21,4.5,06:07:00,18:37:00
7134,1472821803,9/2/2016 12:00:00 AM,03:10:03,2.31,51.0,30.42,67.0,126.71,4.5,06:07:00,18:37:00
7135,1472821505,9/2/2016 12:00:00 AM,03:05:05,2.65,51.0,30.42,71.0,136.05,2.25,06:07:00,18:37:00
7136,1472821203,9/2/2016 12:00:00 AM,03:00:03,2.27,51.0,30.42,72.0,86.58,2.25,06:07:00,18:37:00
7137,1472820903,9/2/2016 12:00:00 AM,02:55:03,2.3,51.0,30.42,70.0,155.58,3.37,06:07:00,18:37:00
7138,1472820602,9/2/2016 12:00:00 AM,02:50:02,2.23,52.0,30.42,71.0,151.85,6.75,06:07:00,18:37:00
7139,1472820309,9/2/2016 12:00:00 AM,02:45:09,2.64,52.0,30.42,69.0,127.12,3.37,06:07:00,18:37:00
7140,1472820004,9/2/2016 12:00:00 AM,02:40:04,2.6,51.0,30.42,69.0,120.72,6.75,06:07:00,18:37:00
7141,1472819704,9/2/2016 12:00:00 AM,02:35:04,2.75,51.0,30.42,71.0,127.22,2.25,06:07:00,18:37:00
7142,1472819404,9/2/2016 12:00:00 AM,02:30:04,2.96,51.0,30.42,71.0,171.38,4.5,06:07:00,18:37:00
7143,1472819103,9/2/2016 12:00:00 AM,02:25:03,3.06,51.0,30.43,73.0,163.03,6.75,06:07:00,18:37:00
7144,1472818808,9/2/2016 12:00:00 AM,02:20:08,3.13,51.0,30.42,73.0,170.36,4.5,06:07:00,18:37:00
7145,1472818508,9/2/2016 12:00:00 AM,02:15:08,2.79,50.0,30.42,75.0,173.9,6.75,06:07:00,18:37:00
7146,1472818208,9/2/2016 12:00:00 AM,02:10:08,2.63,50.0,30.43,76.0,143.45,6.75,06:07:00,18:37:00
7147,1472817906,9/2/2016 12:00:00 AM,02:05:06,2.76,51.0,30.43,72.0,165.12,6.75,06:07:00,18:37:00
7148,1472817302,9/2/2016 12:00:00 AM,01:55:02,2.71,51.0,30.43,70.0,145.91,5.62,06:07:00,18:37:00
7149,1472817008,9/2/2016 12:00:00 AM,01:50:08,2.8,52.0,30.44,72.0,132.63,1.12,06:07:00,18:37:00
7150,1472816704,9/2/2016 12:00:00 AM,01:45:04,2.16,52.0,30.44,72.0,119.06,4.5,06:07:00,18:37:00
7151,1472816408,9/2/2016 12:00:00 AM,01:40:08,2.44,51.0,30.44,74.0,117.01,4.5,06:07:00,18:37:00
7152,1472816102,9/2/2016 12:00:00 AM,01:35:02,2.71,52.0,30.44,73.0,143.54770303349548,3.37,06:07:00,18:37:00
7153,1472815804,9/2/2016 12:00:00 AM,01:30:04,2.42,52.0,30.44,74.0,159.1,4.5,06:07:00,18:37:00
7154,1472815505,9/2/2016 12:00:00 AM,01:25:05,3.36,52.0,30.44,74.0,155.82,6.75,06:07:00,18:37:00
7155,1472815206,9/2/2016 12:00:00 AM,01:20:06,3.63,52.0,30.44,74.0,158.18,5.62,06:07:00,18:37:00
7156,1472814905,9/2/2016 12:00:00 AM,01:15:05,3.05,52.0,30.44,74.0,160.0,6.75,06:07:00,18:37:00
7157,1472814604,9/2/2016 12:00:00 AM,01:10:04,3.45,52.0,30.45,75.0,185.84,9.0,06:07:00,18:37:00
7158,1472814313,9/2/2016 12:00:00 AM,01:05:13,1.88,52.0,30.45,75.0,190.85,4.5,06:07:00,18:37:00
7159,1472814002,9/2/2016 12:00:00 AM,01:00:02,1.84,52.0,30.45,75.0,162.75,6.75,06:07:00,18:37:00
7160,1472813704,9/2/2016 12:00:00 AM,00:55:04,1.62,52.0,30.45,74.0,180.84,3.37,06:07:00,18:37:00
7161,1472813408,9/2/2016 12:00:00 AM,00:50:08,1.64,52.0,30.45,75.0,155.69,6.75,06:07:00,18:37:00
7162,1472812813,9/2/2016 12:00:00 AM,00:40:13,2.35,52.0,30.45,75.0,158.84,10.12,06:07:00,18:37:00
7163,1472811906,9/2/2016 12:00:00 AM,00:25:06,2.24,52.0,30.45,75.0,155.02,10.12,06:07:00,18:37:00
7164,1472811608,9/2/2016 12:00:00 AM,00:20:08,2.43,53.0,30.45,75.0,153.81,7.87,06:07:00,18:37:00
7165,1472810705,9/2/2016 12:00:00 AM,00:05:05,2.5,53.0,30.46,73.0,128.97,2.25,06:07:00,18:37:00
7166,1472810404,9/2/2016 12:00:00 AM,00:00:04,2.76,52.0,30.46,76.0,142.78,3.37,06:07:00,18:37:00
7167,1472810107,9/1/2016 12:00:00 AM,23:55:07,3.05,52.0,30.46,76.0,69.32,2.25,06:07:00,18:38:00
7168,1472809803,9/1/2016 12:00:00 AM,23:50:03,2.42,52.0,30.46,79.0,168.41,2.25,06:07:00,18:38:00
7169,1472809503,9/1/2016 12:00:00 AM,23:45:03,3.3,52.0,30.46,81.0,142.77,4.5,06:07:00,18:38:00
7170,1472809208,9/1/2016 12:00:00 AM,23:40:08,3.15,52.0,30.46,84.0,132.2,5.62,06:07:00,18:38:00
7171,1472808904,9/1/2016 12:00:00 AM,23:35:04,1.79,52.0,30.46,86.0,148.24,3.37,06:07:00,18:38:00
7172,1472808604,9/1/2016 12:00:00 AM,23:30:04,2.03,52.0,30.46,77.0,7.12,2.25,06:07:00,18:38:00
7173,1472808305,9/1/2016 12:00:00 AM,23:25:05,2.28,52.0,30.46,78.0,171.41,3.37,06:07:00,18:38:00
7174,1472808005,9/1/2016 12:00:00 AM,23:20:05,1.58,51.0,30.46,80.0,162.73,2.25,06:07:00,18:38:00
7175,1472807710,9/1/2016 12:00:00 AM,23:15:10,1.92,51.0,30.46,83.0,147.04,6.75,06:07:00,18:38:00
7176,1472807404,9/1/2016 12:00:00 AM,23:10:04,1.9,50.0,30.46,92.0,150.87,5.62,06:07:00,18:38:00
7177,1472807104,9/1/2016 12:00:00 AM,23:05:04,2.52,50.0,30.46,98.0,169.11,5.62,06:07:00,18:38:00
7178,1472806806,9/1/2016 12:00:00 AM,23:00:06,2.24,51.0,30.46,99.0,157.9,3.37,06:07:00,18:38:00
7179,1472806509,9/1/2016 12:00:00 AM,22:55:09,1.99,51.0,30.46,99.0,154.29,2.25,06:07:00,18:38:00
7180,1472806208,9/1/2016 12:00:00 AM,22:50:08,2.32,51.0,30.47,99.0,44.45,0.0,06:07:00,18:38:00
7181,1472805904,9/1/2016 12:00:00 AM,22:45:04,2.13,51.0,30.46,99.0,134.31,6.75,06:07:00,18:38:00
7182,1472805603,9/1/2016 12:00:00 AM,22:40:03,2.5,51.0,30.47,98.0,170.29,4.5,06:07:00,18:38:00
7183,1472805304,9/1/2016 12:00:00 AM,22:35:04,3.03,51.0,30.47,98.0,141.09,5.62,06:07:00,18:38:00
7184,1472805006,9/1/2016 12:00:00 AM,22:30:06,2.52,51.0,30.47,98.0,108.89,2.25,06:07:00,18:38:00
7185,1472804704,9/1/2016 12:00:00 AM,22:25:04,2.68,51.0,30.47,97.0,169.82,3.37,06:07:00,18:38:00
7186,1472804405,9/1/2016 12:00:00 AM,22:20:05,1.93,51.0,30.47,96.0,133.02,2.25,06:07:00,18:38:00
7187,1472804105,9/1/2016 12:00:00 AM,22:15:05,2.04,52.0,30.47,95.0,128.9,4.5,06:07:00,18:38:00
7188,1472803809,9/1/2016 12:00:00 AM,22:10:09,2.37,52.0,30.47,94.0,141.87,2.25,06:07:00,18:38:00
7189,1472803508,9/1/2016 12:00:00 AM,22:05:08,2.16,52.0,30.47,91.0,124.12,1.12,06:07:00,18:38:00
7190,1472803208,9/1/2016 12:00:00 AM,22:00:08,2.36,52.0,30.47,86.0,68.03,1.12,06:07:00,18:38:00
7191,1472802904,9/1/2016 12:00:00 AM,21:55:04,2.6,52.0,30.46,86.0,146.43,2.25,06:07:00,18:38:00
7192,1472802607,9/1/2016 12:00:00 AM,21:50:07,2.65,52.0,30.46,89.0,146.85,3.37,06:07:00,18:38:00
7193,1472802306,9/1/2016 12:00:00 AM,21:45:06,2.6,51.0,30.46,88.0,116.78,11.25,06:07:00,18:38:00
7194,1472802012,9/1/2016 12:00:00 AM,21:40:12,2.67,51.0,30.47,88.0,99.61,5.62,06:07:00,18:38:00
7195,1472801705,9/1/2016 12:00:00 AM,21:35:05,2.28,51.0,30.47,88.0,120.1,1.12,06:07:00,18:38:00
7196,1472801407,9/1/2016 12:00:00 AM,21:30:07,2.33,51.0,30.47,88.0,160.19,4.5,06:07:00,18:38:00
7197,1472801103,9/1/2016 12:00:00 AM,21:25:03,2.47,51.0,30.47,86.0,163.58,3.37,06:07:00,18:38:00
7198,1472800806,9/1/2016 12:00:00 AM,21:20:06,2.66,51.0,30.47,80.0,147.68,4.5,06:07:00,18:38:00
7199,1472800504,9/1/2016 12:00:00 AM,21:15:04,2.54,50.0,30.47,78.0,198.36,6.75,06:07:00,18:38:00
7200,1472800206,9/1/2016 12:00:00 AM,21:10:06,2.57,50.0,30.46,73.0,175.15,5.62,06:07:00,18:38:00
7201,1472799907,9/1/2016 12:00:00 AM,21:05:07,3.38,50.0,30.46,68.0,167.13,4.5,06:07:00,18:38:00
7202,1472799604,9/1/2016 12:00:00 AM,21:00:04,2.7,50.0,30.46,67.0,160.35,9.0,06:07:00,18:38:00
7203,1472799308,9/1/2016 12:00:00 AM,20:55:08,3.02,51.0,30.46,66.0,142.37,3.37,06:07:00,18:38:00
7204,1472799008,9/1/2016 12:00:00 AM,20:50:08,3.0,51.0,30.46,67.0,128.64,6.75,06:07:00,18:38:00
7205,1472798705,9/1/2016 12:00:00 AM,20:45:05,2.57,51.0,30.46,68.0,92.36,7.87,06:07:00,18:38:00
7206,1472798408,9/1/2016 12:00:00 AM,20:40:08,2.64,52.0,30.46,68.0,127.75,9.0,06:07:00,18:38:00
7207,1472798107,9/1/2016 12:00:00 AM,20:35:07,2.58,53.0,30.46,69.0,117.98,6.75,06:07:00,18:38:00
7208,1472797806,9/1/2016 12:00:00 AM,20:30:06,2.36,53.0,30.46,67.0,126.94,4.5,06:07:00,18:38:00
7209,1472797502,9/1/2016 12:00:00 AM,20:25:02,2.1,54.0,30.46,66.0,158.6,3.37,06:07:00,18:38:00
7210,1472797206,9/1/2016 12:00:00 AM,20:20:06,2.15,54.0,30.46,64.0,104.55,3.37,06:07:00,18:38:00
7211,1472796907,9/1/2016 12:00:00 AM,20:15:07,2.22,54.0,30.46,65.0,145.26,1.12,06:07:00,18:38:00
7212,1472796613,9/1/2016 12:00:00 AM,20:10:13,2.62,54.0,30.46,65.0,139.23,2.25,06:07:00,18:38:00
7213,1472796308,9/1/2016 12:00:00 AM,20:05:08,2.38,54.0,30.46,64.0,82.95,4.5,06:07:00,18:38:00
7214,1472796012,9/1/2016 12:00:00 AM,20:00:12,2.37,54.0,30.45,64.0,142.03,7.87,06:07:00,18:38:00
7215,1472795704,9/1/2016 12:00:00 AM,19:55:04,2.47,54.0,30.45,65.0,104.07,3.37,06:07:00,18:38:00
7216,1472795405,9/1/2016 12:00:00 AM,19:50:05,2.87,54.0,30.45,66.0,160.56,3.37,06:07:00,18:38:00
7217,1472795104,9/1/2016 12:00:00 AM,19:45:04,2.48,54.0,30.45,65.0,108.06,3.37,06:07:00,18:38:00
7218,1472794805,9/1/2016 12:00:00 AM,19:40:05,2.37,54.0,30.45,66.0,164.52,1.12,06:07:00,18:38:00
7219,1472794506,9/1/2016 12:00:00 AM,19:35:06,2.63,54.0,30.45,67.0,129.35,4.5,06:07:00,18:38:00
7220,1472794205,9/1/2016 12:00:00 AM,19:30:05,2.22,55.0,30.45,67.0,60.17,2.25,06:07:00,18:38:00
7221,1472793906,9/1/2016 12:00:00 AM,19:25:06,2.63,55.0,30.45,60.0,83.02,1.12,06:07:00,18:38:00
7222,1472793607,9/1/2016 12:00:00 AM,19:20:07,2.62,55.0,30.45,61.0,68.27,3.37,06:07:00,18:38:00
7223,1472793006,9/1/2016 12:00:00 AM,19:10:06,2.53,55.0,30.45,65.0,155.71,3.37,06:07:00,18:38:00
7224,1472792704,9/1/2016 12:00:00 AM,19:05:04,3.04,55.0,30.45,64.0,127.1,0.0,06:07:00,18:38:00
7225,1472792406,9/1/2016 12:00:00 AM,19:00:06,2.77,55.0,30.45,63.0,145.28,4.5,06:07:00,18:38:00
7226,1472791806,9/1/2016 12:00:00 AM,18:50:06,2.51,56.0,30.44,61.0,142.83,3.37,06:07:00,18:38:00
7227,1472791505,9/1/2016 12:00:00 AM,18:45:05,4.22,56.0,30.44,59.0,115.38,6.75,06:07:00,18:38:00
7228,1472791204,9/1/2016 12:00:00 AM,18:40:04,5.78,56.0,30.44,59.0,109.7,2.25,06:07:00,18:38:00
7229,1472790306,9/1/2016 12:00:00 AM,18:25:06,11.46,57.0,30.44,59.0,152.66,4.5,06:07:00,18:38:00
7230,1472790003,9/1/2016 12:00:00 AM,18:20:03,9.45,57.0,30.44,59.0,141.64,4.5,06:07:00,18:38:00
7231,1472789709,9/1/2016 12:00:00 AM,18:15:09,11.66,57.0,30.44,57.0,125.58,4.5,06:07:00,18:38:00
7232,1472789409,9/1/2016 12:00:00 AM,18:10:09,13.08,57.0,30.44,55.0,111.12,3.37,06:07:00,18:38:00
7233,1472789104,9/1/2016 12:00:00 AM,18:05:04,16.63,58.0,30.44,54.0,76.68,2.25,06:07:00,18:38:00
7234,1472788807,9/1/2016 12:00:00 AM,18:00:07,28.36,58.0,30.44,57.0,39.39,2.25,06:07:00,18:38:00
7235,1472788508,9/1/2016 12:00:00 AM,17:55:08,46.79,58.0,30.44,56.0,65.06,3.37,06:07:00,18:38:00
7236,1472788208,9/1/2016 12:00:00 AM,17:50:08,52.13,58.0,30.44,56.0,58.72,4.5,06:07:00,18:38:00
7237,1472787612,9/1/2016 12:00:00 AM,17:40:12,80.18,58.0,30.44,56.0,123.45,7.87,06:07:00,18:38:00
7238,1472787009,9/1/2016 12:00:00 AM,17:30:09,92.85,59.0,30.44,57.0,94.26,1.12,06:07:00,18:38:00
7239,1472786704,9/1/2016 12:00:00 AM,17:25:04,107.07,59.0,30.43,58.0,94.85,5.62,06:07:00,18:38:00
7240,1472786405,9/1/2016 12:00:00 AM,17:20:05,117.46,59.0,30.43,60.0,62.22,1.12,06:07:00,18:38:00
7241,1472786108,9/1/2016 12:00:00 AM,17:15:08,128.31,60.0,30.43,59.0,7.77,2.25,06:07:00,18:38:00
7242,1472785805,9/1/2016 12:00:00 AM,17:10:05,136.33,60.0,30.43,56.0,30.91,2.25,06:07:00,18:38:00
7243,1472785508,9/1/2016 12:00:00 AM,17:05:08,135.35,61.0,30.43,54.0,150.09,9.0,06:07:00,18:38:00
7244,1472785204,9/1/2016 12:00:00 AM,17:00:04,295.09,62.0,30.43,54.0,133.77,5.62,06:07:00,18:38:00
7245,1472784905,9/1/2016 12:00:00 AM,16:55:05,419.82,62.0,30.43,53.0,101.72,7.87,06:07:00,18:38:00
7246,1472784607,9/1/2016 12:00:00 AM,16:50:07,391.31,62.0,30.43,52.0,158.17,4.5,06:07:00,18:38:00
7247,1472784304,9/1/2016 12:00:00 AM,16:45:04,394.97,62.0,30.43,52.0,99.17,6.75,06:07:00,18:38:00
7248,1472784010,9/1/2016 12:00:00 AM,16:40:10,457.65,62.0,30.42,52.0,78.89,11.25,06:07:00,18:38:00
7249,1472783703,9/1/2016 12:00:00 AM,16:35:03,409.4,62.0,30.42,53.0,98.89,7.87,06:07:00,18:38:00
7250,1472783407,9/1/2016 12:00:00 AM,16:30:07,487.99,63.0,30.42,53.0,79.61,12.37,06:07:00,18:38:00
7251,1472783106,9/1/2016 12:00:00 AM,16:25:06,497.13,63.0,30.42,50.0,79.57,5.62,06:07:00,18:38:00
7252,1472782803,9/1/2016 12:00:00 AM,16:20:03,536.66,62.0,30.42,57.0,30.91,4.5,06:07:00,18:38:00
7253,1472782508,9/1/2016 12:00:00 AM,16:15:08,564.1,62.0,30.42,58.0,49.52,6.75,06:07:00,18:38:00
7254,1472782211,9/1/2016 12:00:00 AM,16:10:11,573.13,62.0,30.42,58.0,14.04,3.37,06:07:00,18:38:00
7255,1472781907,9/1/2016 12:00:00 AM,16:05:07,577.1,62.0,30.42,57.0,53.61,7.87,06:07:00,18:38:00
7256,1472781606,9/1/2016 12:00:00 AM,16:00:06,596.57,62.0,30.42,56.0,81.7,5.62,06:07:00,18:38:00
7257,1472781308,9/1/2016 12:00:00 AM,15:55:08,628.8,63.0,30.42,58.0,1.55,6.75,06:07:00,18:38:00
7258,1472780707,9/1/2016 12:00:00 AM,15:45:07,669.48,63.0,30.41,58.0,46.06,10.12,06:07:00,18:38:00
7259,1472780403,9/1/2016 12:00:00 AM,15:40:03,689.85,63.0,30.42,60.0,329.36,5.62,06:07:00,18:38:00
7260,1472779810,9/1/2016 12:00:00 AM,15:30:10,725.79,62.0,30.41,56.0,76.66,2.25,06:07:00,18:38:00
7261,1472779507,9/1/2016 12:00:00 AM,15:25:07,739.28,62.0,30.41,58.0,1.89,11.25,06:07:00,18:38:00
7262,1472779205,9/1/2016 12:00:00 AM,15:20:05,760.63,62.0,30.41,55.0,115.26,9.0,06:07:00,18:38:00
7263,1472778907,9/1/2016 12:00:00 AM,15:15:07,773.13,63.0,30.41,63.0,92.76,11.25,06:07:00,18:38:00
7264,1472778609,9/1/2016 12:00:00 AM,15:10:09,782.78,62.0,30.41,60.0,22.44,2.25,06:07:00,18:38:00
7265,1472778304,9/1/2016 12:00:00 AM,15:05:04,793.65,62.0,30.42,58.0,116.21,7.87,06:07:00,18:38:00
7266,1472778006,9/1/2016 12:00:00 AM,15:00:06,806.42,62.0,30.42,59.0,5.42,5.62,06:07:00,18:38:00
7267,1472777404,9/1/2016 12:00:00 AM,14:50:04,843.89,62.0,30.42,57.0,60.02,11.25,06:07:00,18:38:00
7268,1472777108,9/1/2016 12:00:00 AM,14:45:08,856.11,62.0,30.42,60.0,56.36,5.62,06:07:00,18:38:00
7269,1472776808,9/1/2016 12:00:00 AM,14:40:08,866.92,62.0,30.42,59.0,357.11,7.87,06:07:00,18:38:00
7270,1472776503,9/1/2016 12:00:00 AM,14:35:03,877.7,62.0,30.42,58.0,3.91,9.0,06:07:00,18:38:00
7271,1472776205,9/1/2016 12:00:00 AM,14:30:05,884.62,63.0,30.42,61.0,39.69,7.87,06:07:00,18:38:00
7272,1472775904,9/1/2016 12:00:00 AM,14:25:04,902.24,62.0,30.42,61.0,357.5,3.37,06:07:00,18:38:00
7273,1472775609,9/1/2016 12:00:00 AM,14:20:09,918.24,62.0,30.42,59.0,53.03,9.0,06:07:00,18:38:00
7274,1472775304,9/1/2016 12:00:00 AM,14:15:04,926.05,63.0,30.43,61.0,53.76,4.5,06:07:00,18:38:00
7275,1472775006,9/1/2016 12:00:00 AM,14:10:06,942.14,63.0,30.43,56.0,94.0,4.5,06:07:00,18:38:00
7276,1472774706,9/1/2016 12:00:00 AM,14:05:06,948.24,62.0,30.43,56.0,60.41,9.0,06:07:00,18:38:00
7277,1472774407,9/1/2016 12:00:00 AM,14:00:07,972.4,62.0,30.43,57.0,104.9,4.5,06:07:00,18:38:00
7278,1472774106,9/1/2016 12:00:00 AM,13:55:06,978.9,62.0,30.43,61.0,46.48,6.75,06:07:00,18:38:00
7279,1472773805,9/1/2016 12:00:00 AM,13:50:05,989.02,62.0,30.43,61.0,120.03,6.75,06:07:00,18:38:00
7280,1472773207,9/1/2016 12:00:00 AM,13:40:07,1004.49,62.0,30.44,67.0,28.19,2.25,06:07:00,18:38:00
7281,1472772910,9/1/2016 12:00:00 AM,13:35:10,998.96,62.0,30.44,62.0,29.13,10.12,06:07:00,18:38:00
7282,1472772610,9/1/2016 12:00:00 AM,13:30:10,1018.59,61.0,30.44,66.0,47.08,6.75,06:07:00,18:38:00
7283,1472772304,9/1/2016 12:00:00 AM,13:25:04,1019.48,62.0,30.44,65.0,31.15,9.0,06:07:00,18:38:00
7284,1472772008,9/1/2016 12:00:00 AM,13:20:08,1039.12,62.0,30.44,65.0,238.47,3.37,06:07:00,18:38:00
7285,1472771707,9/1/2016 12:00:00 AM,13:15:07,1048.67,62.0,30.44,57.0,67.84,7.87,06:07:00,18:38:00
7286,1472771404,9/1/2016 12:00:00 AM,13:10:04,1058.61,61.0,30.44,61.0,96.98,5.62,06:07:00,18:38:00
7287,1472771107,9/1/2016 12:00:00 AM,13:05:07,1051.8,61.0,30.45,68.0,339.64,4.5,06:07:00,18:38:00
7288,1472770809,9/1/2016 12:00:00 AM,13:00:09,1059.15,61.0,30.45,64.0,101.98,10.12,06:07:00,18:38:00
7289,1472769906,9/1/2016 12:00:00 AM,12:45:06,1069.16,61.0,30.45,62.0,65.54,4.5,06:07:00,18:38:00
7290,1472769605,9/1/2016 12:00:00 AM,12:40:05,1073.43,60.0,30.45,60.0,63.24,11.25,06:07:00,18:38:00
7291,1472769007,9/1/2016 12:00:00 AM,12:30:07,1072.94,60.0,30.45,68.0,8.97,5.62,06:07:00,18:38:00
7292,1472768405,9/1/2016 12:00:00 AM,12:20:05,1072.24,60.0,30.45,68.0,38.74,11.25,06:07:00,18:38:00
7293,1472768109,9/1/2016 12:00:00 AM,12:15:09,1067.15,60.0,30.46,71.0,105.16,6.75,06:07:00,18:38:00
7294,1472767505,9/1/2016 12:00:00 AM,12:05:05,1070.12,60.0,30.46,69.0,62.41,5.62,06:07:00,18:38:00
7295,1472767210,9/1/2016 12:00:00 AM,12:00:10,1065.3,60.0,30.46,73.0,28.35,5.62,06:07:00,18:38:00
7296,1472766908,9/1/2016 12:00:00 AM,11:55:08,1061.27,60.0,30.46,72.0,89.07,7.87,06:07:00,18:38:00
7297,1472766605,9/1/2016 12:00:00 AM,11:50:05,1063.06,60.0,30.46,71.0,38.77,3.37,06:07:00,18:38:00
7298,1472766009,9/1/2016 12:00:00 AM,11:40:09,1000.96,59.0,30.46,71.0,31.44,11.25,06:07:00,18:38:00
7299,1472765709,9/1/2016 12:00:00 AM,11:35:09,1005.43,59.0,30.46,76.0,37.34,10.12,06:07:00,18:38:00
7300,1472765405,9/1/2016 12:00:00 AM,11:30:05,974.1,59.0,30.46,73.0,110.8,7.87,06:07:00,18:38:00
7301,1472765108,9/1/2016 12:00:00 AM,11:25:08,952.03,58.0,30.46,77.0,46.19,14.62,06:07:00,18:38:00
7302,1472764807,9/1/2016 12:00:00 AM,11:20:07,978.36,58.0,30.46,76.0,89.95,11.25,06:07:00,18:38:00
7303,1472764206,9/1/2016 12:00:00 AM,11:10:06,1009.88,58.0,30.47,77.0,68.09,7.87,06:07:00,18:38:00
7304,1472763606,9/1/2016 12:00:00 AM,11:00:06,1013.32,59.0,30.47,71.0,46.61,16.87,06:07:00,18:38:00
7305,1472763306,9/1/2016 12:00:00 AM,10:55:06,1008.46,59.0,30.47,74.0,85.75,6.75,06:07:00,18:38:00
7306,1472763003,9/1/2016 12:00:00 AM,10:50:03,1012.53,59.0,30.47,78.0,134.81,5.62,06:07:00,18:38:00
7307,1472762704,9/1/2016 12:00:00 AM,10:45:04,1006.1,58.0,30.47,73.0,72.66,7.87,06:07:00,18:38:00
7308,1472762409,9/1/2016 12:00:00 AM,10:40:09,1027.63,58.0,30.47,74.0,166.72,4.5,06:07:00,18:38:00
7309,1472762108,9/1/2016 12:00:00 AM,10:35:08,1073.71,58.0,30.47,74.0,335.52,5.62,06:07:00,18:38:00
7310,1472761208,9/1/2016 12:00:00 AM,10:20:08,486.31,58.0,30.47,70.0,177.82,7.87,06:07:00,18:38:00
7311,1472760905,9/1/2016 12:00:00 AM,10:15:05,986.69,58.0,30.47,73.0,140.16,13.5,06:07:00,18:38:00
7312,1472760606,9/1/2016 12:00:00 AM,10:10:06,916.47,57.0,30.47,76.0,71.14,4.5,06:07:00,18:38:00
7313,1472760309,9/1/2016 12:00:00 AM,10:05:09,999.94,57.0,30.47,76.0,80.8,9.0,06:07:00,18:38:00
7314,1472760007,9/1/2016 12:00:00 AM,10:00:07,928.27,57.0,30.47,77.0,37.85,4.5,06:07:00,18:38:00
7315,1472759707,9/1/2016 12:00:00 AM,09:55:07,899.06,57.0,30.47,76.0,109.5,7.87,06:07:00,18:38:00
7316,1472758808,9/1/2016 12:00:00 AM,09:40:08,794.6,56.0,30.46,71.0,130.75,12.37,06:07:00,18:38:00
7317,1472758511,9/1/2016 12:00:00 AM,09:35:11,725.35,56.0,30.46,69.0,44.53,5.62,06:07:00,18:38:00
7318,1472758207,9/1/2016 12:00:00 AM,09:30:07,831.38,56.0,30.46,71.0,125.63,6.75,06:07:00,18:38:00
7319,1472757909,9/1/2016 12:00:00 AM,09:25:09,724.35,55.0,30.46,72.0,151.48,3.37,06:07:00,18:38:00
7320,1472757608,9/1/2016 12:00:00 AM,09:20:08,838.66,54.0,30.46,85.0,93.05,9.0,06:07:00,18:38:00
7321,1472757305,9/1/2016 12:00:00 AM,09:15:05,793.15,54.0,30.46,78.0,181.52,12.37,06:07:00,18:38:00
7322,1472757007,9/1/2016 12:00:00 AM,09:10:07,398.94,54.0,30.46,81.0,48.17,3.37,06:07:00,18:38:00
7323,1472756708,9/1/2016 12:00:00 AM,09:05:08,708.67,55.0,30.46,69.0,76.68,5.62,06:07:00,18:38:00
7324,1472756411,9/1/2016 12:00:00 AM,09:00:11,786.81,54.0,30.46,69.0,105.07,9.0,06:07:00,18:38:00
7325,1472755808,9/1/2016 12:00:00 AM,08:50:08,462.71,53.0,30.45,75.0,170.1,3.37,06:07:00,18:38:00
7326,1472755209,9/1/2016 12:00:00 AM,08:40:09,234.56,54.0,30.45,73.0,27.41,7.87,06:07:00,18:38:00
7327,1472754906,9/1/2016 12:00:00 AM,08:35:06,633.24,53.0,30.45,72.0,133.06,10.12,06:07:00,18:38:00
7328,1472754605,9/1/2016 12:00:00 AM,08:30:05,386.25,54.0,30.45,74.0,34.72,4.5,06:07:00,18:38:00
7329,1472754304,9/1/2016 12:00:00 AM,08:25:04,587.37,53.0,30.45,78.0,204.79,3.37,06:07:00,18:38:00
7330,1472754007,9/1/2016 12:00:00 AM,08:20:07,555.78,53.0,30.45,82.0,107.81,12.37,06:07:00,18:38:00
7331,1472753706,9/1/2016 12:00:00 AM,08:15:06,449.0,52.0,30.45,93.0,119.67,13.5,06:07:00,18:38:00
7332,1472753404,9/1/2016 12:00:00 AM,08:10:04,406.11,51.0,30.45,99.0,141.67,4.5,06:07:00,18:38:00
7333,1472752505,9/1/2016 12:00:00 AM,07:55:05,183.46,51.0,30.44,96.0,123.96,5.62,06:07:00,18:38:00
7334,1472752207,9/1/2016 12:00:00 AM,07:50:07,146.12,51.0,30.44,95.0,21.02,2.25,06:07:00,18:38:00
7335,1472751605,9/1/2016 12:00:00 AM,07:40:05,242.53,51.0,30.44,94.0,57.78,6.75,06:07:00,18:38:00
7336,1472751305,9/1/2016 12:00:00 AM,07:35:05,155.07,50.0,30.43,92.0,97.22,2.25,06:07:00,18:38:00
7337,1472750405,9/1/2016 12:00:00 AM,07:20:05,92.24,50.0,30.43,81.0,104.53,3.37,06:07:00,18:38:00
7338,1472750105,9/1/2016 12:00:00 AM,07:15:05,87.65,50.0,30.43,78.0,153.19,9.0,06:07:00,18:38:00
7339,1472749809,9/1/2016 12:00:00 AM,07:10:09,62.49,50.0,30.42,78.0,158.97,13.5,06:07:00,18:38:00
7340,1472749506,9/1/2016 12:00:00 AM,07:05:06,63.75,50.0,30.42,76.0,112.56,6.75,06:07:00,18:38:00
7341,1472749206,9/1/2016 12:00:00 AM,07:00:06,51.8,49.0,30.42,78.0,151.26,12.37,06:07:00,18:38:00
7342,1472748608,9/1/2016 12:00:00 AM,06:50:08,43.18,49.0,30.42,90.0,106.62,11.25,06:07:00,18:38:00
7343,1472748308,9/1/2016 12:00:00 AM,06:45:08,53.19,49.0,30.42,90.0,92.24,5.62,06:07:00,18:38:00
7344,1472748008,9/1/2016 12:00:00 AM,06:40:08,43.99,49.0,30.42,82.0,161.38,11.25,06:07:00,18:38:00
7345,1472747709,9/1/2016 12:00:00 AM,06:35:09,27.94,50.0,30.42,76.0,92.89,7.87,06:07:00,18:38:00
7346,1472747107,9/1/2016 12:00:00 AM,06:25:07,18.71,49.0,30.41,71.0,164.95,4.5,06:07:00,18:38:00
7347,1472746810,9/1/2016 12:00:00 AM,06:20:10,13.64,49.0,30.41,73.0,150.24,13.5,06:07:00,18:38:00
7348,1472746506,9/1/2016 12:00:00 AM,06:15:06,11.28,49.0,30.41,73.0,157.94,6.75,06:07:00,18:38:00
7349,1472746210,9/1/2016 12:00:00 AM,06:10:10,9.09,48.0,30.41,72.0,130.7,4.5,06:07:00,18:38:00
7350,1472745907,9/1/2016 12:00:00 AM,06:05:07,8.3,48.0,30.41,76.0,156.43,10.12,06:07:00,18:38:00
7351,1472745607,9/1/2016 12:00:00 AM,06:00:07,4.43,49.0,30.41,76.0,169.53,6.75,06:07:00,18:38:00
7352,1472745012,9/1/2016 12:00:00 AM,05:50:12,1.72,48.0,30.41,80.0,131.69,10.12,06:07:00,18:38:00
7353,1472744705,9/1/2016 12:00:00 AM,05:45:05,1.87,48.0,30.42,86.0,120.92,9.0,06:07:00,18:38:00
7354,1472744405,9/1/2016 12:00:00 AM,05:40:05,2.02,48.0,30.41,92.0,118.18,3.37,06:07:00,18:38:00
7355,1472743807,9/1/2016 12:00:00 AM,05:30:07,1.71,49.0,30.41,101.0,152.03,11.25,06:07:00,18:38:00
7356,1472743504,9/1/2016 12:00:00 AM,05:25:04,1.71,49.0,30.41,102.0,164.16,9.0,06:07:00,18:38:00
7357,1472743205,9/1/2016 12:00:00 AM,05:20:05,1.73,49.0,30.41,102.0,143.95,11.25,06:07:00,18:38:00
7358,1472742906,9/1/2016 12:00:00 AM,05:15:06,1.76,50.0,30.41,102.0,172.87,9.0,06:07:00,18:38:00
7359,1472742609,9/1/2016 12:00:00 AM,05:10:09,1.71,50.0,30.41,102.0,127.27,10.12,06:07:00,18:38:00
7360,1472742305,9/1/2016 12:00:00 AM,05:05:05,1.85,50.0,30.41,102.0,159.86,7.87,06:07:00,18:38:00
7361,1472742011,9/1/2016 12:00:00 AM,05:00:11,1.61,49.0,30.42,102.0,155.32,3.37,06:07:00,18:38:00
7362,1472741705,9/1/2016 12:00:00 AM,04:55:05,2.73,49.0,30.41,102.0,123.83,16.87,06:07:00,18:38:00
7363,1472741407,9/1/2016 12:00:00 AM,04:50:07,3.22,49.0,30.41,102.0,80.05,2.25,06:07:00,18:38:00
7364,1472741108,9/1/2016 12:00:00 AM,04:45:08,2.67,49.0,30.41,102.0,94.79,1.12,06:07:00,18:38:00
7365,1472740807,9/1/2016 12:00:00 AM,04:40:07,2.38,51.16507236474315,30.41,102.0,132.09,6.75,06:07:00,18:38:00
7366,1472740504,9/1/2016 12:00:00 AM,04:35:04,2.85,49.0,30.41,102.0,121.97,6.75,06:07:00,18:38:00
7367,1472740203,9/1/2016 12:00:00 AM,04:30:03,3.2,49.0,30.41,102.0,150.52,5.62,06:07:00,18:38:00
7368,1472739903,9/1/2016 12:00:00 AM,04:25:03,2.63,49.0,30.41,102.0,125.24,12.37,06:07:00,18:38:00
7369,1472739604,9/1/2016 12:00:00 AM,04:20:04,2.2,49.0,30.41,102.0,112.54,9.0,06:07:00,18:38:00
7370,1472739304,9/1/2016 12:00:00 AM,04:15:04,2.34,49.0,30.41,102.0,133.75,9.0,06:07:00,18:38:00
7371,1472739003,9/1/2016 12:00:00 AM,04:10:03,3.35,49.0,30.4,102.0,67.42,7.87,06:07:00,18:38:00
7372,1472738707,9/1/2016 12:00:00 AM,04:05:07,2.03,49.0,30.4,102.0,145.36,7.87,06:07:00,18:38:00
7373,1472738404,9/1/2016 12:00:00 AM,04:00:04,1.69,50.0,30.4,102.0,130.43,10.12,06:07:00,18:38:00
7374,1472738112,9/1/2016 12:00:00 AM,03:55:12,2.02,50.0,30.4,102.0,168.14,3.37,06:07:00,18:38:00
7375,1472737804,9/1/2016 12:00:00 AM,03:50:04,2.12,50.0,30.4,102.0,101.26,9.0,06:07:00,18:38:00
7376,1472737507,9/1/2016 12:00:00 AM,03:45:07,2.17,51.0,30.4,102.0,80.72,6.75,06:07:00,18:38:00
7377,1472737208,9/1/2016 12:00:00 AM,03:40:08,2.83,51.0,30.4,102.0,97.24,6.75,06:07:00,18:38:00
7378,1472736907,9/1/2016 12:00:00 AM,03:35:07,2.59,51.0,30.4,103.0,51.52,5.62,06:07:00,18:38:00
7379,1472736605,9/1/2016 12:00:00 AM,03:30:05,2.93,51.0,30.4,103.0,78.66,4.5,06:07:00,18:38:00
7380,1472736312,9/1/2016 12:00:00 AM,03:25:12,2.63,51.0,30.4,103.0,69.28,2.25,06:07:00,18:38:00
7381,1472736008,9/1/2016 12:00:00 AM,03:20:08,2.27,51.0,30.4,103.0,78.56,9.0,06:07:00,18:38:00
7382,1472735706,9/1/2016 12:00:00 AM,03:15:06,2.26,51.0,30.4,103.0,90.87,1.12,06:07:00,18:38:00
7383,1472735406,9/1/2016 12:00:00 AM,03:10:06,2.03,51.0,30.4,103.0,77.73,7.87,06:07:00,18:38:00
7384,1472735105,9/1/2016 12:00:00 AM,03:05:05,1.94,51.0,30.4,103.0,87.85,4.5,06:07:00,18:38:00
7385,1472734504,9/1/2016 12:00:00 AM,02:55:04,2.12,51.0,30.4,103.0,156.3,2.25,06:07:00,18:38:00
7386,1472734207,9/1/2016 12:00:00 AM,02:50:07,2.25,51.0,30.4,103.0,164.35,9.0,06:07:00,18:38:00
7387,1472733904,9/1/2016 12:00:00 AM,02:45:04,2.3,51.0,30.4,103.0,119.72,12.37,06:07:00,18:38:00
7388,1472733609,9/1/2016 12:00:00 AM,02:40:09,2.74,51.0,30.4,103.0,117.72,11.25,06:07:00,18:38:00
7389,1472733310,9/1/2016 12:00:00 AM,02:35:10,2.52,51.0,30.4,103.0,105.55,5.62,06:07:00,18:38:00
7390,1472733006,9/1/2016 12:00:00 AM,02:30:06,2.87,51.0,30.4,103.0,143.65,14.62,06:07:00,18:38:00
7391,1472732706,9/1/2016 12:00:00 AM,02:25:06,3.24,51.0,30.4,103.0,109.84,9.0,06:07:00,18:38:00
7392,1472732408,9/1/2016 12:00:00 AM,02:20:08,2.58,51.0,30.41,103.0,166.75,7.87,06:07:00,18:38:00
7393,1472732103,9/1/2016 12:00:00 AM,02:15:03,2.57,51.0,30.41,103.0,131.57,12.37,06:07:00,18:38:00
7394,1472731809,9/1/2016 12:00:00 AM,02:10:09,3.26,51.0,30.41,103.0,158.09,4.5,06:07:00,18:38:00
7395,1472731505,9/1/2016 12:00:00 AM,02:05:05,2.84,51.0,30.41,103.0,127.54,12.37,06:07:00,18:38:00
7396,1472731205,9/1/2016 12:00:00 AM,02:00:05,3.51,51.0,30.41,103.0,143.54770303349548,14.62,06:07:00,18:38:00
7397,1472730904,9/1/2016 12:00:00 AM,01:55:04,3.37,51.0,30.42,103.0,66.06,5.62,06:07:00,18:38:00
7398,1472730643,9/1/2016 12:00:00 AM,01:50:43,3.13,51.0,30.41,103.0,170.97,5.62,06:07:00,18:38:00
7399,1472730308,9/1/2016 12:00:00 AM,01:45:08,3.9,52.0,30.41,103.0,270.48,5.62,06:07:00,18:38:00
7400,1472730007,9/1/2016 12:00:00 AM,01:40:07,3.25,52.0,30.42,103.0,81.23,3.37,06:07:00,18:38:00
7401,1472729704,9/1/2016 12:00:00 AM,01:35:04,3.76,52.0,30.41,103.0,134.44,10.12,06:07:00,18:38:00
7402,1472729408,9/1/2016 12:00:00 AM,01:30:08,3.63,52.0,30.41,103.0,79.47,3.37,06:07:00,18:38:00
7403,1472729106,9/1/2016 12:00:00 AM,01:25:06,3.55,51.0,30.42,103.0,112.42,4.5,06:07:00,18:38:00
7404,1472728803,9/1/2016 12:00:00 AM,01:20:03,2.06,51.0,30.42,103.0,183.01,7.87,06:07:00,18:38:00
7405,1472728514,9/1/2016 12:00:00 AM,01:15:14,2.4,51.0,30.42,103.0,39.69,3.37,06:07:00,18:38:00
7406,1472728206,9/1/2016 12:00:00 AM,01:10:06,2.1,51.0,30.42,103.0,158.06,4.5,06:07:00,18:38:00
7407,1472727905,9/1/2016 12:00:00 AM,01:05:05,2.07,52.0,30.42,103.0,68.17,4.5,06:07:00,18:38:00
7408,1472727607,9/1/2016 12:00:00 AM,01:00:07,2.1,52.0,30.43,103.0,92.15,4.5,06:07:00,18:38:00
7409,1472727304,9/1/2016 12:00:00 AM,00:55:04,2.06,52.0,30.43,103.0,69.98,7.87,06:07:00,18:38:00
7410,1472727006,9/1/2016 12:00:00 AM,00:50:06,2.07,51.0,30.43,103.0,156.58,1.12,06:07:00,18:38:00
7411,1472726704,9/1/2016 12:00:00 AM,00:45:04,2.15,51.0,30.43,103.0,67.85,4.5,06:07:00,18:38:00
7412,1472725809,9/1/2016 12:00:00 AM,00:30:09,2.25,51.0,30.43,103.0,67.42,11.25,06:07:00,18:38:00
7413,1472725505,9/1/2016 12:00:00 AM,00:25:05,2.21,51.0,30.43,103.0,144.12,18.0,06:07:00,18:38:00
7414,1472725206,9/1/2016 12:00:00 AM,00:20:06,2.16,51.0,30.43,103.0,142.04,7.87,06:07:00,18:38:00
7415,1472724310,9/1/2016 12:00:00 AM,00:05:10,2.83,51.0,30.43,103.0,153.44,9.0,06:07:00,18:38:00
7416,1472724008,9/1/2016 12:00:00 AM,00:00:08,2.58,51.0,30.43,103.0,77.27,11.25,06:07:00,18:38:00
7417,1477994117,10/31/2016 12:00:00 AM,23:55:17,1.26,47.0,30.48,56.0,157.12,7.87,06:23:00,17:49:00
7418,1477993820,10/31/2016 12:00:00 AM,23:50:20,1.26,48.0,30.48,56.0,158.57,5.62,06:23:00,17:49:00
7419,1477993521,10/31/2016 12:00:00 AM,23:45:21,1.26,48.0,30.48,55.0,138.57,2.25,06:23:00,17:49:00
7420,1477993220,10/31/2016 12:00:00 AM,23:40:20,1.29,47.0,30.48,56.0,119.52,3.37,06:23:00,17:49:00
7421,1477992918,10/31/2016 12:00:00 AM,23:35:18,1.26,46.0,30.48,66.0,81.94,5.62,06:23:00,17:49:00
7422,1477992618,10/31/2016 12:00:00 AM,23:30:18,1.21,47.0,30.48,63.0,160.6,5.62,06:23:00,17:49:00
7423,1477992321,10/31/2016 12:00:00 AM,23:25:21,1.25,47.0,30.48,62.0,166.66,6.75,06:23:00,17:49:00
7424,1477992018,10/31/2016 12:00:00 AM,23:20:18,1.27,47.0,30.48,64.0,165.28,4.5,06:23:00,17:49:00
7425,1477991718,10/31/2016 12:00:00 AM,23:15:18,1.27,47.0,30.48,63.0,171.66,5.62,06:23:00,17:49:00
7426,1477991418,10/31/2016 12:00:00 AM,23:10:18,1.25,46.0,30.48,67.0,126.87,5.62,06:23:00,17:49:00
7427,1477991117,10/31/2016 12:00:00 AM,23:05:17,1.27,46.0,30.48,73.0,152.11,7.87,06:23:00,17:49:00
7428,1477990818,10/31/2016 12:00:00 AM,23:00:18,1.29,46.0,30.49,79.0,120.62,7.87,06:23:00,17:49:00
7429,1477990518,10/31/2016 12:00:00 AM,22:55:18,1.27,46.0,30.49,84.0,185.0,4.5,06:23:00,17:49:00
7430,1477990220,10/31/2016 12:00:00 AM,22:50:20,1.19,46.0,30.49,85.0,139.05,6.75,06:23:00,17:49:00
7431,1477989920,10/31/2016 12:00:00 AM,22:45:20,1.23,46.0,30.49,88.0,162.0,7.87,06:23:00,17:49:00
7432,1477989618,10/31/2016 12:00:00 AM,22:40:18,1.22,46.0,30.49,88.0,111.72,6.75,06:23:00,17:49:00
7433,1477989318,10/31/2016 12:00:00 AM,22:35:18,1.23,46.0,30.49,86.0,146.84,9.0,06:23:00,17:49:00
7434,1477989022,10/31/2016 12:00:00 AM,22:30:22,1.19,45.0,30.49,87.0,158.79,7.87,06:23:00,17:49:00
7435,1477988717,10/31/2016 12:00:00 AM,22:25:17,1.22,45.0,30.49,88.0,152.72,12.37,06:23:00,17:49:00
7436,1477988418,10/31/2016 12:00:00 AM,22:20:18,1.23,45.0,30.49,90.0,92.12,6.75,06:23:00,17:49:00
7437,1477988121,10/31/2016 12:00:00 AM,22:15:21,1.2,45.0,30.49,92.0,123.96,11.25,06:23:00,17:49:00
7438,1477987823,10/31/2016 12:00:00 AM,22:10:23,1.2,45.0,30.49,96.0,151.96,10.12,06:23:00,17:49:00
7439,1477987520,10/31/2016 12:00:00 AM,22:05:20,1.27,45.0,30.49,97.0,139.59,10.12,06:23:00,17:49:00
7440,1477987218,10/31/2016 12:00:00 AM,22:00:18,1.26,45.0,30.49,97.0,191.29,2.25,06:23:00,17:49:00
7441,1477986918,10/31/2016 12:00:00 AM,21:55:18,1.27,45.0,30.49,96.0,123.74,7.87,06:23:00,17:49:00
7442,1477986620,10/31/2016 12:00:00 AM,21:50:20,1.29,46.0,30.5,95.0,79.33,2.25,06:23:00,17:49:00
7443,1477986317,10/31/2016 12:00:00 AM,21:45:17,1.29,46.0,30.5,94.0,122.82,3.37,06:23:00,17:49:00
7444,1477986018,10/31/2016 12:00:00 AM,21:40:18,1.28,46.0,30.5,74.83719267708949,68.49,2.25,06:23:00,17:49:00
7445,1477985718,10/31/2016 12:00:00 AM,21:35:18,1.29,46.0,30.49,90.0,166.15,1.12,06:23:00,17:49:00
7446,1477985420,10/31/2016 12:00:00 AM,21:30:20,1.29,45.0,30.49,89.0,181.11,6.75,06:23:00,17:49:00
7447,1477985118,10/31/2016 12:00:00 AM,21:25:18,1.28,45.0,30.49,91.0,339.69,3.37,06:23:00,17:49:00
7448,1477984820,10/31/2016 12:00:00 AM,21:20:20,1.24,45.0,30.49,89.0,130.16,13.5,06:23:00,17:49:00
7449,1477984517,10/31/2016 12:00:00 AM,21:15:17,1.25,45.0,30.49,92.0,93.8,6.75,06:23:00,17:49:00
7450,1477984218,10/31/2016 12:00:00 AM,21:10:18,1.27,45.0,30.49,93.0,131.37,12.37,06:23:00,17:49:00
7451,1477983918,10/31/2016 12:00:00 AM,21:05:18,1.23,45.0,30.49,90.0,169.93,2.25,06:23:00,17:49:00
7452,1477983617,10/31/2016 12:00:00 AM,21:00:17,1.27,45.0,30.49,88.0,4.66,5.62,06:23:00,17:49:00
7453,1477983318,10/31/2016 12:00:00 AM,20:55:18,1.28,45.0,30.49,86.0,124.25,7.87,06:23:00,17:49:00
7454,1477983018,10/31/2016 12:00:00 AM,20:50:18,1.25,46.0,30.49,86.0,82.86,6.75,06:23:00,17:49:00
7455,1477982718,10/31/2016 12:00:00 AM,20:45:18,1.24,46.0,30.48,86.0,130.07,2.25,06:23:00,17:49:00
7456,1477982420,10/31/2016 12:00:00 AM,20:40:20,1.25,47.0,30.48,86.0,70.65,1.12,06:23:00,17:49:00
7457,1477982120,10/31/2016 12:00:00 AM,20:35:20,1.27,47.0,30.48,80.0,90.72,1.12,06:23:00,17:49:00
7458,1477981818,10/31/2016 12:00:00 AM,20:30:18,1.31,47.0,30.48,67.0,107.21,1.12,06:23:00,17:49:00
7459,1477981518,10/31/2016 12:00:00 AM,20:25:18,1.25,47.0,30.48,69.0,92.63,2.25,06:23:00,17:49:00
7460,1477981219,10/31/2016 12:00:00 AM,20:20:19,1.32,47.0,30.48,70.0,116.05,12.37,06:23:00,17:49:00
7461,1477980919,10/31/2016 12:00:00 AM,20:15:19,1.28,47.0,30.48,75.0,129.87,3.37,06:23:00,17:49:00
7462,1477980618,10/31/2016 12:00:00 AM,20:10:18,1.25,47.0,30.48,78.0,122.83,7.87,06:23:00,17:49:00
7463,1477980317,10/31/2016 12:00:00 AM,20:05:17,1.27,47.0,30.48,83.0,139.89,1.12,06:23:00,17:49:00
7464,1477980020,10/31/2016 12:00:00 AM,20:00:20,1.29,47.0,30.48,81.0,127.89,2.25,06:23:00,17:49:00
7465,1477979718,10/31/2016 12:00:00 AM,19:55:18,1.23,47.0,30.47,79.0,151.12,5.62,06:23:00,17:49:00
7466,1477979418,10/31/2016 12:00:00 AM,19:50:18,1.32,46.0,30.47,75.0,151.02,6.75,06:23:00,17:49:00
7467,1477979118,10/31/2016 12:00:00 AM,19:45:18,1.29,45.0,30.47,82.0,152.67,6.75,06:23:00,17:49:00
7468,1477978817,10/31/2016 12:00:00 AM,19:40:17,1.23,45.0,30.47,97.0,138.38,7.87,06:23:00,17:49:00
7469,1477978520,10/31/2016 12:00:00 AM,19:35:20,1.22,46.0,30.47,98.0,184.99,5.62,06:23:00,17:49:00
7470,1477978218,10/31/2016 12:00:00 AM,19:30:18,1.24,46.0,30.47,98.0,160.03,6.75,06:23:00,17:49:00
7471,1477977918,10/31/2016 12:00:00 AM,19:25:18,1.21,46.0,30.47,98.0,185.75,1.12,06:23:00,17:49:00
7472,1477977617,10/31/2016 12:00:00 AM,19:20:17,1.22,46.0,30.46,97.0,87.38,9.0,06:23:00,17:49:00
7473,1477977317,10/31/2016 12:00:00 AM,19:15:17,1.21,46.0,30.46,96.0,114.51,5.62,06:23:00,17:49:00
7474,1477977018,10/31/2016 12:00:00 AM,19:10:18,1.21,46.0,30.46,95.0,154.4,4.5,06:23:00,17:49:00
7475,1477976719,10/31/2016 12:00:00 AM,19:05:19,1.21,47.0,30.46,93.0,134.31,9.0,06:23:00,17:49:00
7476,1477976420,10/31/2016 12:00:00 AM,19:00:20,1.22,48.0,30.46,88.0,118.28,3.37,06:23:00,17:49:00
7477,1477976118,10/31/2016 12:00:00 AM,18:55:18,1.24,48.0,30.46,78.0,100.7,1.12,06:23:00,17:49:00
7478,1477975817,10/31/2016 12:00:00 AM,18:50:17,1.21,48.0,30.46,67.0,109.49,5.62,06:23:00,17:49:00
7479,1477975518,10/31/2016 12:00:00 AM,18:45:18,1.21,47.0,30.46,69.0,174.61,7.87,06:23:00,17:49:00
7480,1477975217,10/31/2016 12:00:00 AM,18:40:17,1.29,47.0,30.46,77.0,150.58,5.62,06:23:00,17:49:00
7481,1477974917,10/31/2016 12:00:00 AM,18:35:17,1.25,47.0,30.45,84.0,125.39,6.75,06:23:00,17:49:00
7482,1477974618,10/31/2016 12:00:00 AM,18:30:18,1.27,47.0,30.46,88.0,127.04,9.0,06:23:00,17:49:00
7483,1477974318,10/31/2016 12:00:00 AM,18:25:18,1.3,46.0,30.46,90.0,85.88,9.0,06:23:00,17:49:00
7484,1477974017,10/31/2016 12:00:00 AM,18:20:17,1.27,46.0,30.46,93.0,100.72,7.87,06:23:00,17:49:00
7485,1477973717,10/31/2016 12:00:00 AM,18:15:17,1.31,46.0,30.46,98.0,138.75,10.12,06:23:00,17:49:00
7486,1477973418,10/31/2016 12:00:00 AM,18:10:18,1.26,46.0,30.46,99.0,124.06,11.25,06:23:00,17:49:00
7487,1477973119,10/31/2016 12:00:00 AM,18:05:19,1.29,46.0,30.45,99.0,108.33,12.37,06:23:00,17:49:00
7488,1477972817,10/31/2016 12:00:00 AM,18:00:17,1.28,46.0,30.45,99.0,99.64,4.5,06:23:00,17:49:00
7489,1477972520,10/31/2016 12:00:00 AM,17:55:20,3.76,46.0,30.45,99.0,149.28,3.37,06:23:00,17:49:00
7490,1477972218,10/31/2016 12:00:00 AM,17:50:18,2.06,46.0,30.45,99.0,79.03,10.12,06:23:00,17:49:00
7491,1477971920,10/31/2016 12:00:00 AM,17:45:20,3.06,46.0,30.45,99.0,44.19,1.12,06:23:00,17:49:00
7492,1477971617,10/31/2016 12:00:00 AM,17:40:17,5.35,47.0,30.46,99.0,66.92,6.75,06:23:00,17:49:00
7493,1477971317,10/31/2016 12:00:00 AM,17:35:17,6.09,47.0,30.46,99.0,82.27,4.5,06:23:00,17:49:00
7494,1477971018,10/31/2016 12:00:00 AM,17:30:18,10.1,47.0,30.46,98.0,29.27,5.62,06:23:00,17:49:00
7495,1477970718,10/31/2016 12:00:00 AM,17:25:18,19.05,47.0,30.45,98.0,87.09,3.37,06:23:00,17:49:00
7496,1477970420,10/31/2016 12:00:00 AM,17:20:20,24.66,47.0,30.45,98.0,146.13,4.5,06:23:00,17:49:00
7497,1477970117,10/31/2016 12:00:00 AM,17:15:17,26.07,47.0,30.45,97.0,94.13,2.25,06:23:00,17:49:00
7498,1477969818,10/31/2016 12:00:00 AM,17:10:18,46.06,48.0,30.45,96.0,108.44,6.75,06:23:00,17:49:00
7499,1477969517,10/31/2016 12:00:00 AM,17:05:17,68.77,48.0,30.45,95.0,26.74,4.5,06:23:00,17:49:00
7500,1477969218,10/31/2016 12:00:00 AM,17:00:18,68.29,48.0,30.45,96.0,102.14,7.87,06:23:00,17:49:00
7501,1477968920,10/31/2016 12:00:00 AM,16:55:20,71.95,48.0,30.45,96.0,134.13,2.25,06:23:00,17:49:00
7502,1477968617,10/31/2016 12:00:00 AM,16:50:17,79.56,48.0,30.45,97.0,74.59,3.37,06:23:00,17:49:00
7503,1477968318,10/31/2016 12:00:00 AM,16:45:18,99.98,48.0,30.45,96.0,80.34,6.75,06:23:00,17:49:00
7504,1477968020,10/31/2016 12:00:00 AM,16:40:20,115.07,48.0,30.44,96.0,70.01,6.75,06:23:00,17:49:00
7505,1477967717,10/31/2016 12:00:00 AM,16:35:17,129.82,48.0,30.44,96.0,67.84,4.5,06:23:00,17:49:00
7506,1477967417,10/31/2016 12:00:00 AM,16:30:17,138.66,49.0,30.44,95.0,36.53,6.75,06:23:00,17:49:00
7507,1477967118,10/31/2016 12:00:00 AM,16:25:18,159.63,49.0,30.44,94.0,65.25,6.75,06:23:00,17:49:00
7508,1477966818,10/31/2016 12:00:00 AM,16:20:18,184.7,50.0,30.44,93.0,63.03,5.62,06:23:00,17:49:00
7509,1477966518,10/31/2016 12:00:00 AM,16:15:18,209.78,50.0,30.44,91.0,123.56,4.5,06:23:00,17:49:00
7510,1477966217,10/31/2016 12:00:00 AM,16:10:17,250.68,50.0,30.44,91.0,34.83,3.37,06:23:00,17:49:00
7511,1477965917,10/31/2016 12:00:00 AM,16:05:17,241.93,51.0,30.44,89.0,28.95,3.37,06:23:00,17:49:00
7512,1477965617,10/31/2016 12:00:00 AM,16:00:17,177.01,52.0,30.44,85.0,58.18,4.5,06:23:00,17:49:00
7513,1477965317,10/31/2016 12:00:00 AM,15:55:17,162.53,52.0,30.43,82.0,17.68,4.5,06:23:00,17:49:00
7514,1477965017,10/31/2016 12:00:00 AM,15:50:17,239.11,53.0,30.44,81.0,129.68,4.5,06:23:00,17:49:00
7515,1477964719,10/31/2016 12:00:00 AM,15:45:19,295.27,53.0,30.43,78.0,175.83,3.37,06:23:00,17:49:00
7516,1477964419,10/31/2016 12:00:00 AM,15:40:19,384.83,53.0,30.44,80.0,63.91,6.75,06:23:00,17:49:00
7517,1477964118,10/31/2016 12:00:00 AM,15:35:18,415.32,54.0,30.43,76.0,176.99,5.62,06:23:00,17:49:00
7518,1477963820,10/31/2016 12:00:00 AM,15:30:20,484.94,54.0,30.43,76.0,63.0,7.87,06:23:00,17:49:00
7519,1477963522,10/31/2016 12:00:00 AM,15:25:22,539.77,54.0,30.44,75.0,77.91,5.62,06:23:00,17:49:00
7520,1477963217,10/31/2016 12:00:00 AM,15:20:17,570.01,54.0,30.43,81.0,100.26,3.37,06:23:00,17:49:00
7521,1477962917,10/31/2016 12:00:00 AM,15:15:17,619.04,54.0,30.43,84.0,104.23,3.37,06:23:00,17:49:00
7522,1477962619,10/31/2016 12:00:00 AM,15:10:19,672.24,53.0,30.43,89.0,157.1,4.5,06:23:00,17:49:00
7523,1477962320,10/31/2016 12:00:00 AM,15:05:20,701.77,53.0,30.43,92.0,99.92,5.62,06:23:00,17:49:00
7524,1477962017,10/31/2016 12:00:00 AM,15:00:17,730.13,53.0,30.43,92.0,51.07,3.37,06:23:00,17:49:00
7525,1477961720,10/31/2016 12:00:00 AM,14:55:20,606.76,53.0,30.43,93.0,100.3,4.5,06:23:00,17:49:00
7526,1477961418,10/31/2016 12:00:00 AM,14:50:18,560.0,52.0,30.43,95.0,43.26,7.87,06:23:00,17:49:00
7527,1477961118,10/31/2016 12:00:00 AM,14:45:18,548.94,52.0,30.43,94.0,82.09,7.87,06:23:00,17:49:00
7528,1477960817,10/31/2016 12:00:00 AM,14:40:17,365.99,52.0,30.43,95.0,143.54770303349548,3.37,06:23:00,17:49:00
7529,1477960517,10/31/2016 12:00:00 AM,14:35:17,406.68,52.0,30.43,95.0,74.41,5.62,06:23:00,17:49:00
7530,1477960221,10/31/2016 12:00:00 AM,14:30:21,374.2,52.0,30.43,94.0,114.41,11.25,06:23:00,17:49:00
7531,1477959918,10/31/2016 12:00:00 AM,14:25:18,393.4,52.0,30.43,95.0,55.81,4.5,06:23:00,17:49:00
7532,1477959617,10/31/2016 12:00:00 AM,14:20:17,439.26,52.0,30.43,95.0,81.86,5.62,06:23:00,17:49:00
7533,1477959317,10/31/2016 12:00:00 AM,14:15:17,433.19,52.0,30.43,95.0,336.85,5.62,06:23:00,17:49:00
7534,1477959018,10/31/2016 12:00:00 AM,14:10:18,469.7,52.0,30.43,95.0,26.72,12.37,06:23:00,17:49:00
7535,1477958718,10/31/2016 12:00:00 AM,14:05:18,376.26,52.0,30.44,95.0,58.2,14.62,06:23:00,17:49:00
7536,1477958417,10/31/2016 12:00:00 AM,14:00:17,302.82,53.0,30.44,94.0,345.37,3.37,06:23:00,17:49:00
7537,1477958118,10/31/2016 12:00:00 AM,13:55:18,504.88,54.0,30.44,93.0,9.34,7.87,06:23:00,17:49:00
7538,1477957818,10/31/2016 12:00:00 AM,13:50:18,695.06,54.0,30.43,92.0,209.14,9.0,06:23:00,17:49:00
7539,1477957518,10/31/2016 12:00:00 AM,13:45:18,612.49,54.0,30.44,90.0,59.46,11.25,06:23:00,17:49:00
7540,1477957218,10/31/2016 12:00:00 AM,13:40:18,687.7,53.0,30.44,88.0,31.3,3.37,06:23:00,17:49:00
7541,1477956917,10/31/2016 12:00:00 AM,13:35:17,786.47,53.0,30.44,85.0,41.96,5.62,06:23:00,17:49:00
7542,1477956618,10/31/2016 12:00:00 AM,13:30:18,544.37,53.0,30.44,86.0,98.64,12.37,06:23:00,17:49:00
7543,1477956319,10/31/2016 12:00:00 AM,13:25:19,746.62,53.0,30.44,88.0,0.84,7.87,06:23:00,17:49:00
7544,1477956020,10/31/2016 12:00:00 AM,13:20:20,765.34,52.0,30.44,88.0,74.86,9.0,06:23:00,17:49:00
7545,1477955718,10/31/2016 12:00:00 AM,13:15:18,504.41,52.0,30.45,87.0,10.23,13.5,06:23:00,17:49:00
7546,1477955418,10/31/2016 12:00:00 AM,13:10:18,427.33,52.0,30.45,89.0,120.51,5.62,06:23:00,17:49:00
7547,1477955118,10/31/2016 12:00:00 AM,13:05:18,385.5,52.0,30.45,91.0,50.97,10.12,06:23:00,17:49:00
7548,1477954818,10/31/2016 12:00:00 AM,13:00:18,392.64,52.0,30.45,90.0,109.69,3.37,06:23:00,17:49:00
7549,1477954521,10/31/2016 12:00:00 AM,12:55:21,421.25,52.0,30.46,91.0,26.53,11.25,06:23:00,17:49:00
7550,1477954217,10/31/2016 12:00:00 AM,12:50:17,453.91,52.0,30.46,91.0,78.31,9.0,06:23:00,17:49:00
7551,1477953918,10/31/2016 12:00:00 AM,12:45:18,438.5,52.0,30.46,91.0,107.2,5.62,06:23:00,17:49:00
7552,1477953617,10/31/2016 12:00:00 AM,12:40:17,442.23,52.0,30.46,90.0,5.99,4.5,06:23:00,17:49:00
7553,1477953317,10/31/2016 12:00:00 AM,12:35:17,437.54,52.0,30.47,91.0,44.33,9.0,06:23:00,17:49:00
7554,1477953021,10/31/2016 12:00:00 AM,12:30:21,417.84,52.0,30.46,89.0,55.82,5.62,06:23:00,17:49:00
7555,1477952720,10/31/2016 12:00:00 AM,12:25:20,419.59,52.0,30.47,90.0,72.87,10.12,06:23:00,17:49:00
7556,1477952417,10/31/2016 12:00:00 AM,12:20:17,420.95,52.0,30.47,93.0,0.12,9.0,06:23:00,17:49:00
7557,1477952117,10/31/2016 12:00:00 AM,12:15:17,407.96,53.0,30.47,93.0,16.15,7.87,06:23:00,17:49:00
7558,1477951818,10/31/2016 12:00:00 AM,12:10:18,453.69,53.0,30.47,93.0,55.51,12.37,06:23:00,17:49:00
7559,1477951518,10/31/2016 12:00:00 AM,12:05:18,473.01,54.0,30.47,91.0,354.76,5.62,06:23:00,17:49:00
7560,1477951217,10/31/2016 12:00:00 AM,12:00:17,613.34,54.0,30.47,89.0,105.05,11.25,06:23:00,17:49:00
7561,1477950920,10/31/2016 12:00:00 AM,11:55:20,627.41,54.0,30.47,90.0,32.41,11.25,06:23:00,17:49:00
7562,1477950618,10/31/2016 12:00:00 AM,11:50:18,671.7,54.0,30.47,91.0,112.47,7.87,06:23:00,17:49:00
7563,1477950321,10/31/2016 12:00:00 AM,11:45:21,759.23,54.0,30.48,91.0,2.2,9.0,06:23:00,17:49:00
7564,1477950018,10/31/2016 12:00:00 AM,11:40:18,631.76,54.0,30.48,89.0,49.3,4.5,06:23:00,17:49:00
7565,1477949717,10/31/2016 12:00:00 AM,11:35:17,662.73,54.0,30.48,89.0,48.2,5.62,06:23:00,17:49:00
7566,1477949418,10/31/2016 12:00:00 AM,11:30:18,762.55,53.0,30.48,91.0,89.92,6.75,06:23:00,17:49:00
7567,1477949119,10/31/2016 12:00:00 AM,11:25:19,595.16,53.0,30.48,93.0,39.79,4.5,06:23:00,17:49:00
7568,1477948817,10/31/2016 12:00:00 AM,11:20:17,587.19,53.0,30.49,93.0,96.85,4.5,06:23:00,17:49:00
7569,1477948520,10/31/2016 12:00:00 AM,11:15:20,633.92,53.0,30.49,95.0,102.68,2.25,06:23:00,17:49:00
7570,1477948218,10/31/2016 12:00:00 AM,11:10:18,544.57,53.0,30.49,94.0,66.99,4.5,06:23:00,17:49:00
7571,1477947918,10/31/2016 12:00:00 AM,11:05:18,1410.52,53.0,30.49,96.0,47.61,11.25,06:23:00,17:49:00
7572,1477947620,10/31/2016 12:00:00 AM,11:00:20,533.65,53.0,30.49,97.0,39.83,3.37,06:23:00,17:49:00
7573,1477947317,10/31/2016 12:00:00 AM,10:55:17,975.63,53.0,30.49,98.0,35.99,4.5,06:23:00,17:49:00
7574,1477947018,10/31/2016 12:00:00 AM,10:50:18,919.41,53.0,30.5,98.0,27.79,6.75,06:23:00,17:49:00
7575,1477946718,10/31/2016 12:00:00 AM,10:45:18,696.09,53.0,30.49,97.0,20.53,6.75,06:23:00,17:49:00
7576,1477946420,10/31/2016 12:00:00 AM,10:40:20,877.95,53.0,30.5,95.0,19.61,7.87,06:23:00,17:49:00
7577,1477946118,10/31/2016 12:00:00 AM,10:35:18,671.04,54.0,30.5,94.0,347.98,2.25,06:23:00,17:49:00
7578,1477945821,10/31/2016 12:00:00 AM,10:30:21,589.98,54.0,30.5,91.0,6.33,10.12,06:23:00,17:49:00
7579,1477945520,10/31/2016 12:00:00 AM,10:25:20,989.57,54.0,30.5,87.0,45.68,11.25,06:23:00,17:49:00
7580,1477945217,10/31/2016 12:00:00 AM,10:20:17,566.57,54.0,30.5,91.0,52.7,5.62,06:23:00,17:49:00
7581,1477944918,10/31/2016 12:00:00 AM,10:15:18,696.91,54.0,30.5,87.0,44.53,3.37,06:23:00,17:49:00
7582,1477944618,10/31/2016 12:00:00 AM,10:10:18,587.12,54.0,30.5,85.0,47.03,4.5,06:23:00,17:49:00
7583,1477944318,10/31/2016 12:00:00 AM,10:05:18,903.16,55.0,30.5,85.0,15.57,12.37,06:23:00,17:49:00
7584,1477944018,10/31/2016 12:00:00 AM,10:00:18,541.01,55.0,30.5,81.0,260.1,6.75,06:23:00,17:49:00
7585,1477943718,10/31/2016 12:00:00 AM,09:55:18,1168.36,55.0,30.5,83.0,74.53,9.0,06:23:00,17:49:00
7586,1477943420,10/31/2016 12:00:00 AM,09:50:20,832.12,54.0,30.5,86.0,103.78,12.37,06:23:00,17:49:00
7587,1477943118,10/31/2016 12:00:00 AM,09:45:18,615.94,54.0,30.51,91.0,68.82,5.62,06:23:00,17:49:00
7588,1477942819,10/31/2016 12:00:00 AM,09:40:19,586.34,54.0,30.51,96.0,109.63,4.5,06:23:00,17:49:00
7589,1477942517,10/31/2016 12:00:00 AM,09:35:17,744.08,53.0,30.51,97.0,140.84,5.62,06:23:00,17:49:00
7590,1477942217,10/31/2016 12:00:00 AM,09:30:17,560.95,53.0,30.51,97.0,56.22,1.12,06:23:00,17:49:00
7591,1477941921,10/31/2016 12:00:00 AM,09:25:21,564.66,53.0,30.51,95.0,45.36,6.75,06:23:00,17:49:00
7592,1477941621,10/31/2016 12:00:00 AM,09:20:21,698.81,53.0,30.51,95.0,2.37,4.5,06:23:00,17:49:00
7593,1477941318,10/31/2016 12:00:00 AM,09:15:18,447.7,52.0,30.51,96.0,44.99,6.75,06:23:00,17:49:00
7594,1477941017,10/31/2016 12:00:00 AM,09:10:17,647.0,52.0,30.51,96.0,58.08,6.75,06:23:00,17:49:00
7595,1477940718,10/31/2016 12:00:00 AM,09:05:18,372.67,52.0,30.5,97.0,81.42,3.37,06:23:00,17:49:00
7596,1477940421,10/31/2016 12:00:00 AM,09:00:21,384.98,52.0,30.5,99.0,159.06,7.87,06:23:00,17:49:00
7597,1477940122,10/31/2016 12:00:00 AM,08:55:22,536.36,52.0,30.5,101.0,125.0,15.75,06:23:00,17:49:00
7598,1477939821,10/31/2016 12:00:00 AM,08:50:21,741.66,51.0,30.5,100.0,177.66,6.75,06:23:00,17:49:00
7599,1477939518,10/31/2016 12:00:00 AM,08:45:18,284.27,51.16507236474315,30.5,101.0,89.33,6.75,06:23:00,17:49:00
7600,1477939217,10/31/2016 12:00:00 AM,08:40:17,345.55,51.0,30.5,101.0,171.01,6.75,06:23:00,17:49:00
7601,1477938921,10/31/2016 12:00:00 AM,08:35:21,290.57,50.0,30.5,74.83719267708949,50.56,4.5,06:23:00,17:49:00
7602,1477938623,10/31/2016 12:00:00 AM,08:30:23,469.12,50.0,30.5,101.0,62.87,3.37,06:23:00,17:49:00
7603,1477938323,10/31/2016 12:00:00 AM,08:25:23,180.22,50.0,30.49,101.0,45.59,3.37,06:23:00,17:49:00
7604,1477938018,10/31/2016 12:00:00 AM,08:20:18,208.49,50.0,30.49,101.0,139.97,5.62,06:23:00,17:49:00
7605,1477937718,10/31/2016 12:00:00 AM,08:15:18,153.45,50.0,30.49,101.0,144.88,7.87,06:23:00,17:49:00
7606,1477937420,10/31/2016 12:00:00 AM,08:10:20,147.07,50.0,30.49,101.0,104.52,7.87,06:23:00,17:49:00
7607,1477937117,10/31/2016 12:00:00 AM,08:05:17,130.69,50.0,30.49,101.0,112.47,9.0,06:23:00,17:49:00
7608,1477936817,10/31/2016 12:00:00 AM,08:00:17,90.6,50.0,30.49,101.0,169.41,7.87,06:23:00,17:49:00
7609,1477936518,10/31/2016 12:00:00 AM,07:55:18,125.23,50.0,30.49,101.0,359.89,2.25,06:23:00,17:49:00
7610,1477936218,10/31/2016 12:00:00 AM,07:50:18,178.57,50.0,30.49,101.0,138.5,3.37,06:23:00,17:49:00
7611,1477935921,10/31/2016 12:00:00 AM,07:45:21,159.68,50.0,30.49,101.0,94.18,1.12,06:23:00,17:49:00
7612,1477935620,10/31/2016 12:00:00 AM,07:40:20,167.95,50.0,30.49,101.0,168.03,3.37,06:23:00,17:49:00
7613,1477935318,10/31/2016 12:00:00 AM,07:35:18,93.18,50.0,30.49,100.0,162.37,10.12,06:23:00,17:49:00
7614,1477935018,10/31/2016 12:00:00 AM,07:30:18,127.19,50.0,30.49,101.0,135.27,12.37,06:23:00,17:49:00
7615,1477934717,10/31/2016 12:00:00 AM,07:25:17,125.71,49.0,30.49,101.0,167.58,7.87,06:23:00,17:49:00
7616,1477934417,10/31/2016 12:00:00 AM,07:20:17,86.03,49.0,30.49,101.0,179.12,4.5,06:23:00,17:49:00
7617,1477934118,10/31/2016 12:00:00 AM,07:15:18,58.78,49.0,30.48,101.0,105.37,9.0,06:23:00,17:49:00
7618,1477933818,10/31/2016 12:00:00 AM,07:10:18,64.18,49.0,30.48,101.0,119.59,6.75,06:23:00,17:49:00
7619,1477933518,10/31/2016 12:00:00 AM,07:05:18,55.61,49.0,30.48,101.0,161.0,9.0,06:23:00,17:49:00
7620,1477933220,10/31/2016 12:00:00 AM,07:00:20,48.87,49.0,30.48,101.0,131.44,5.62,06:23:00,17:49:00
7621,1477932921,10/31/2016 12:00:00 AM,06:55:21,38.13,49.0,30.48,101.0,89.79,10.12,06:23:00,17:49:00
7622,1477932617,10/31/2016 12:00:00 AM,06:50:17,42.15,49.0,30.48,101.0,110.81,11.25,06:23:00,17:49:00
7623,1477932317,10/31/2016 12:00:00 AM,06:45:17,32.73,49.0,30.48,100.0,156.46,6.75,06:23:00,17:49:00
7624,1477932023,10/31/2016 12:00:00 AM,06:40:23,23.41,49.0,30.48,100.0,112.19,6.75,06:23:00,17:49:00
7625,1477931718,10/31/2016 12:00:00 AM,06:35:18,17.03,49.0,30.48,100.0,185.68,6.75,06:23:00,17:49:00
7626,1477931418,10/31/2016 12:00:00 AM,06:30:18,8.65,49.0,30.48,100.0,111.16,12.37,06:23:00,17:49:00
7627,1477931118,10/31/2016 12:00:00 AM,06:25:18,3.2,49.0,30.47,100.0,147.9,7.87,06:23:00,17:49:00
7628,1477930818,10/31/2016 12:00:00 AM,06:20:18,2.21,48.0,30.47,99.0,152.12,4.5,06:23:00,17:49:00
7629,1477930518,10/31/2016 12:00:00 AM,06:15:18,1.44,48.0,30.47,99.0,153.57,9.0,06:23:00,17:49:00
7630,1477930217,10/31/2016 12:00:00 AM,06:10:17,1.26,48.0,30.47,99.0,158.57,5.62,06:23:00,17:49:00
7631,1477929917,10/31/2016 12:00:00 AM,06:05:17,1.19,47.0,30.46,99.0,149.69,15.75,06:23:00,17:49:00
7632,1477929618,10/31/2016 12:00:00 AM,06:00:18,1.24,47.0,30.46,98.0,174.13,12.37,06:23:00,17:49:00
7633,1477929318,10/31/2016 12:00:00 AM,05:55:18,1.2,47.0,30.46,97.0,119.8,11.25,06:23:00,17:49:00
7634,1477929017,10/31/2016 12:00:00 AM,05:50:17,1.2,47.0,30.46,96.0,175.35,11.25,06:23:00,17:49:00
7635,1477928717,10/31/2016 12:00:00 AM,05:45:17,1.22,47.0,30.46,95.0,343.96,2.25,06:23:00,17:49:00
7636,1477928419,10/31/2016 12:00:00 AM,05:40:19,1.22,47.0,30.46,94.0,164.49,5.62,06:23:00,17:49:00
7637,1477928117,10/31/2016 12:00:00 AM,05:35:17,1.25,47.0,30.46,92.0,72.07,7.87,06:23:00,17:49:00
7638,1477927821,10/31/2016 12:00:00 AM,05:30:21,1.23,46.0,30.46,90.0,94.8,12.37,06:23:00,17:49:00
7639,1477927518,10/31/2016 12:00:00 AM,05:25:18,1.23,46.0,30.46,82.0,149.82,10.12,06:23:00,17:49:00
7640,1477927217,10/31/2016 12:00:00 AM,05:20:17,1.2,46.0,30.45,80.0,163.82,9.0,06:23:00,17:49:00
7641,1477926920,10/31/2016 12:00:00 AM,05:15:20,1.2,46.0,30.46,87.0,171.15,11.25,06:23:00,17:49:00
7642,1477926617,10/31/2016 12:00:00 AM,05:10:17,1.2,46.0,30.46,92.0,157.71,13.5,06:23:00,17:49:00
7643,1477926318,10/31/2016 12:00:00 AM,05:05:18,1.23,46.0,30.45,92.0,163.45,10.12,06:23:00,17:49:00
7644,1477926022,10/31/2016 12:00:00 AM,05:00:22,1.24,46.0,30.46,95.0,134.64,5.62,06:23:00,17:49:00
7645,1477925720,10/31/2016 12:00:00 AM,04:55:20,1.2,46.0,30.46,95.0,141.13,10.12,06:23:00,17:49:00
7646,1477925418,10/31/2016 12:00:00 AM,04:50:18,1.21,46.0,30.46,96.0,137.61,7.87,06:23:00,17:49:00
7647,1477925117,10/31/2016 12:00:00 AM,04:45:17,1.22,46.0,30.46,98.0,136.49,11.25,06:23:00,17:49:00
7648,1477924820,10/31/2016 12:00:00 AM,04:40:20,1.23,46.0,30.46,99.0,173.74,13.5,06:23:00,17:49:00
7649,1477924518,10/31/2016 12:00:00 AM,04:35:18,1.21,47.0,30.46,100.0,161.9,7.87,06:23:00,17:49:00
7650,1477924219,10/31/2016 12:00:00 AM,04:30:19,1.24,47.0,30.46,100.0,132.27,13.5,06:23:00,17:49:00
7651,1477923917,10/31/2016 12:00:00 AM,04:25:17,1.22,47.0,30.46,100.0,153.99,5.62,06:23:00,17:49:00
7652,1477923617,10/31/2016 12:00:00 AM,04:20:17,1.22,47.0,30.46,100.0,90.6,7.87,06:23:00,17:49:00
7653,1477923318,10/31/2016 12:00:00 AM,04:15:18,1.19,47.0,30.46,100.0,160.67,6.75,06:23:00,17:49:00
7654,1477923018,10/31/2016 12:00:00 AM,04:10:18,1.23,47.0,30.46,99.0,105.52,3.37,06:23:00,17:49:00
7655,1477922720,10/31/2016 12:00:00 AM,04:05:20,1.2,46.0,30.46,98.0,173.97,5.62,06:23:00,17:49:00
7656,1477922417,10/31/2016 12:00:00 AM,04:00:17,1.22,46.0,30.46,97.0,164.6,7.87,06:23:00,17:49:00
7657,1477922118,10/31/2016 12:00:00 AM,03:55:18,1.23,46.0,30.46,97.0,149.86,4.5,06:23:00,17:49:00
7658,1477921821,10/31/2016 12:00:00 AM,03:50:21,1.21,46.0,30.46,98.0,134.24,7.87,06:23:00,17:49:00
7659,1477921522,10/31/2016 12:00:00 AM,03:45:22,1.19,47.0,30.46,98.0,131.34,13.5,06:23:00,17:49:00
7660,1477921221,10/31/2016 12:00:00 AM,03:40:21,1.21,46.0,30.46,98.0,110.34,9.0,06:23:00,17:49:00
7661,1477920918,10/31/2016 12:00:00 AM,03:35:18,1.23,47.0,30.46,98.0,148.95,11.25,06:23:00,17:49:00
7662,1477920617,10/31/2016 12:00:00 AM,03:30:17,1.26,47.0,30.46,98.0,102.25,7.87,06:23:00,17:49:00
7663,1477920319,10/31/2016 12:00:00 AM,03:25:19,1.23,47.0,30.46,99.0,183.88,3.37,06:23:00,17:49:00
7664,1477920019,10/31/2016 12:00:00 AM,03:20:19,1.23,47.0,30.46,99.0,170.29,5.62,06:23:00,17:49:00
7665,1477919718,10/31/2016 12:00:00 AM,03:15:18,1.24,47.0,30.46,100.0,172.3,7.87,06:23:00,17:49:00
7666,1477919417,10/31/2016 12:00:00 AM,03:10:17,1.25,47.0,30.46,100.0,176.81,9.0,06:23:00,17:49:00
7667,1477919117,10/31/2016 12:00:00 AM,03:05:17,1.28,47.0,30.46,100.0,165.24,11.25,06:23:00,17:49:00
7668,1477918817,10/31/2016 12:00:00 AM,03:00:17,1.28,47.0,30.46,100.0,143.1,4.5,06:23:00,17:49:00
7669,1477918518,10/31/2016 12:00:00 AM,02:55:18,1.2,47.0,30.46,100.0,135.86,10.12,06:23:00,17:49:00
7670,1477918217,10/31/2016 12:00:00 AM,02:50:17,1.2,47.0,30.47,100.0,137.21,4.5,06:23:00,17:49:00
7671,1477917917,10/31/2016 12:00:00 AM,02:45:17,1.2,47.0,30.47,99.0,152.65,4.5,06:23:00,17:49:00
7672,1477917617,10/31/2016 12:00:00 AM,02:40:17,1.23,47.0,30.47,99.0,110.59,9.0,06:23:00,17:49:00
7673,1477917319,10/31/2016 12:00:00 AM,02:35:19,1.19,47.0,30.47,98.0,118.1,9.0,06:23:00,17:49:00
7674,1477917018,10/31/2016 12:00:00 AM,02:30:18,1.21,47.0,30.47,97.0,139.42,9.0,06:23:00,17:49:00
7675,1477916719,10/31/2016 12:00:00 AM,02:25:19,1.22,47.0,30.47,96.0,144.44,4.5,06:23:00,17:49:00
7676,1477916423,10/31/2016 12:00:00 AM,02:20:23,1.22,46.0,30.47,95.0,180.97,6.229096658193317,06:23:00,17:49:00
7677,1477916117,10/31/2016 12:00:00 AM,02:15:17,1.25,46.0,30.47,95.0,175.91,5.62,06:23:00,17:49:00
7678,1477915818,10/31/2016 12:00:00 AM,02:10:18,1.23,46.0,30.47,97.0,156.35,12.37,06:23:00,17:49:00
7679,1477915517,10/31/2016 12:00:00 AM,02:05:17,1.23,47.0,30.47,99.0,152.9,6.75,06:23:00,17:49:00
7680,1477915217,10/31/2016 12:00:00 AM,02:00:17,1.21,47.0,30.47,100.0,179.64,7.87,06:23:00,17:49:00
7681,1477914918,10/31/2016 12:00:00 AM,01:55:18,1.22,47.0,30.48,100.0,180.33,9.0,06:23:00,17:49:00
7682,1477914618,10/31/2016 12:00:00 AM,01:50:18,1.2,47.0,30.48,101.0,160.03,4.5,06:23:00,17:49:00
7683,1477914320,10/31/2016 12:00:00 AM,01:45:20,1.21,47.0,30.48,101.0,159.19,4.5,06:23:00,17:49:00
7684,1477914017,10/31/2016 12:00:00 AM,01:40:17,1.24,47.0,30.48,101.0,174.23,7.87,06:23:00,17:49:00
7685,1477913718,10/31/2016 12:00:00 AM,01:35:18,1.25,47.0,30.48,101.0,163.14,4.5,06:23:00,17:49:00
7686,1477913418,10/31/2016 12:00:00 AM,01:30:18,1.18,47.0,30.48,101.0,180.62,11.25,06:23:00,17:49:00
7687,1477913117,10/31/2016 12:00:00 AM,01:25:17,1.24,47.0,30.48,101.0,163.87,7.87,06:23:00,17:49:00
7688,1477912817,10/31/2016 12:00:00 AM,01:20:17,1.24,47.0,30.48,101.0,126.99,10.12,06:23:00,17:49:00
7689,1477912519,10/31/2016 12:00:00 AM,01:15:19,1.24,47.0,30.49,101.0,134.87,6.75,06:23:00,17:49:00
7690,1477912219,10/31/2016 12:00:00 AM,01:10:19,1.25,47.0,30.48,101.0,131.16,11.25,06:23:00,17:49:00
7691,1477911917,10/31/2016 12:00:00 AM,01:05:17,1.22,47.0,30.49,101.0,121.97,7.87,06:23:00,17:49:00
7692,1477911618,10/31/2016 12:00:00 AM,01:00:18,1.26,47.0,30.49,101.0,111.03,7.87,06:23:00,17:49:00
7693,1477911318,10/31/2016 12:00:00 AM,00:55:18,1.27,47.0,30.49,101.0,151.99,6.75,06:23:00,17:49:00
7694,1477911019,10/31/2016 12:00:00 AM,00:50:19,1.2,46.0,30.48,101.0,140.3,7.87,06:23:00,17:49:00
7695,1477910719,10/31/2016 12:00:00 AM,00:45:19,1.19,46.0,30.49,100.0,118.81,3.37,06:23:00,17:49:00
7696,1477910417,10/31/2016 12:00:00 AM,00:40:17,1.22,46.0,30.49,100.0,133.65,13.5,06:23:00,17:49:00
7697,1477910120,10/31/2016 12:00:00 AM,00:35:20,1.23,46.0,30.49,100.0,132.12,11.25,06:23:00,17:49:00
7698,1477909818,10/31/2016 12:00:00 AM,00:30:18,1.21,46.0,30.49,100.0,80.96,7.87,06:23:00,17:49:00
7699,1477909518,10/31/2016 12:00:00 AM,00:25:18,1.22,46.0,30.49,100.0,108.16,11.25,06:23:00,17:49:00
7700,1477909218,10/31/2016 12:00:00 AM,00:20:18,1.23,46.0,30.49,101.0,151.98,12.37,06:23:00,17:49:00
7701,1477908917,10/31/2016 12:00:00 AM,00:15:17,1.21,46.0,30.49,101.0,108.36,7.87,06:23:00,17:49:00
7702,1477908618,10/31/2016 12:00:00 AM,00:10:18,1.23,45.0,30.49,102.0,154.65,11.25,06:23:00,17:49:00
7703,1477908018,10/31/2016 12:00:00 AM,00:00:18,1.16,46.0,30.49,102.0,170.48,7.87,06:23:00,17:49:00
7704,1477907720,10/30/2016 12:00:00 AM,23:55:20,1.28,46.0,30.5,74.83719267708949,182.85,7.87,06:23:00,17:49:00
7705,1477907420,10/30/2016 12:00:00 AM,23:50:20,1.23,46.0,30.5,102.0,137.21,7.87,06:23:00,17:49:00
7706,1477907117,10/30/2016 12:00:00 AM,23:45:17,1.23,47.0,30.5,102.0,132.9,4.5,06:23:00,17:49:00
7707,1477906818,10/30/2016 12:00:00 AM,23:40:18,1.17,47.0,30.5,102.0,140.99,2.25,06:23:00,17:49:00
7708,1477906518,10/30/2016 12:00:00 AM,23:35:18,1.24,47.0,30.5,102.0,136.09,4.5,06:23:00,17:49:00
7709,1477906217,10/30/2016 12:00:00 AM,23:30:17,1.17,47.0,30.5,102.0,143.61,10.12,06:23:00,17:49:00
7710,1477905917,10/30/2016 12:00:00 AM,23:25:17,1.23,46.0,30.5,101.0,164.39,5.62,06:23:00,17:49:00
7711,1477905618,10/30/2016 12:00:00 AM,23:20:18,1.26,46.0,30.5,101.0,145.05,3.37,06:23:00,17:49:00
7712,1477905318,10/30/2016 12:00:00 AM,23:15:18,1.23,47.0,30.5,101.0,167.33,11.25,06:23:00,17:49:00
7713,1477905017,10/30/2016 12:00:00 AM,23:10:17,1.2,47.0,30.5,101.0,107.8,4.5,06:23:00,17:49:00
7714,1477904718,10/30/2016 12:00:00 AM,23:05:18,1.24,47.0,30.5,101.0,131.21,10.12,06:23:00,17:49:00
7715,1477904418,10/30/2016 12:00:00 AM,23:00:18,1.21,47.0,30.5,101.0,152.75,3.37,06:23:00,17:49:00
7716,1477904119,10/30/2016 12:00:00 AM,22:55:19,1.16,47.0,30.5,101.0,152.73,3.37,06:23:00,17:49:00
7717,1477903823,10/30/2016 12:00:00 AM,22:50:23,1.21,47.0,30.5,101.0,173.76,7.87,06:23:00,17:49:00
7718,1477903519,10/30/2016 12:00:00 AM,22:45:19,1.18,47.0,30.5,101.0,144.13,6.75,06:23:00,17:49:00
7719,1477903218,10/30/2016 12:00:00 AM,22:40:18,1.19,46.0,30.5,101.0,180.26,6.75,06:23:00,17:49:00
7720,1477902917,10/30/2016 12:00:00 AM,22:35:17,1.22,46.0,30.5,101.0,114.76,10.12,06:23:00,17:49:00
7721,1477902617,10/30/2016 12:00:00 AM,22:30:17,1.23,46.0,30.5,101.0,150.53,5.62,06:23:00,17:49:00
7722,1477902318,10/30/2016 12:00:00 AM,22:25:18,1.22,46.0,30.5,101.0,170.11,5.62,06:23:00,17:49:00
7723,1477902018,10/30/2016 12:00:00 AM,22:20:18,1.2,46.0,30.5,101.0,129.4,5.62,06:23:00,17:49:00
7724,1477901723,10/30/2016 12:00:00 AM,22:15:23,1.23,46.0,30.5,101.0,119.0,14.62,06:23:00,17:49:00
7725,1477901418,10/30/2016 12:00:00 AM,22:10:18,1.21,46.0,30.51,101.0,147.14,6.75,06:23:00,17:49:00
7726,1477901118,10/30/2016 12:00:00 AM,22:05:18,1.23,46.0,30.5,101.0,128.59,10.12,06:23:00,17:49:00
7727,1477900821,10/30/2016 12:00:00 AM,22:00:21,1.24,45.0,30.5,101.0,125.92,12.37,06:23:00,17:49:00
7728,1477900517,10/30/2016 12:00:00 AM,21:55:17,1.22,45.0,30.5,101.0,176.83,4.5,06:23:00,17:49:00
7729,1477900218,10/30/2016 12:00:00 AM,21:50:18,1.22,45.0,30.5,101.0,150.42,9.0,06:23:00,17:49:00
7730,1477899918,10/30/2016 12:00:00 AM,21:45:18,1.19,45.0,30.51,101.0,161.48,9.0,06:23:00,17:49:00
7731,1477899618,10/30/2016 12:00:00 AM,21:40:18,1.2,45.0,30.51,100.0,153.94,15.75,06:23:00,17:49:00
7732,1477899319,10/30/2016 12:00:00 AM,21:35:19,1.25,45.0,30.5,100.0,165.12,15.75,06:23:00,17:49:00
7733,1477899018,10/30/2016 12:00:00 AM,21:30:18,1.23,44.0,30.5,100.0,108.32,16.87,06:23:00,17:49:00
7734,1477898718,10/30/2016 12:00:00 AM,21:25:18,1.17,44.0,30.51,74.83719267708949,141.82,9.0,06:23:00,17:49:00
7735,1477898423,10/30/2016 12:00:00 AM,21:20:23,1.22,44.0,30.5,99.0,151.07,6.75,06:23:00,17:49:00
7736,1477898121,10/30/2016 12:00:00 AM,21:15:21,1.22,44.0,30.5,99.0,121.92,10.12,06:23:00,17:49:00
7737,1477897818,10/30/2016 12:00:00 AM,21:10:18,1.2,44.0,30.5,100.0,126.35,10.12,06:23:00,17:49:00
7738,1477897521,10/30/2016 12:00:00 AM,21:05:21,1.19,44.0,30.5,101.0,146.09,11.25,06:23:00,17:49:00
7739,1477897217,10/30/2016 12:00:00 AM,21:00:17,1.21,43.0,30.5,102.0,124.11,12.37,06:23:00,17:49:00
7740,1477896918,10/30/2016 12:00:00 AM,20:55:18,1.21,43.0,30.5,102.0,150.09,7.87,06:23:00,17:49:00
7741,1477896618,10/30/2016 12:00:00 AM,20:50:18,1.2,43.0,30.5,102.0,184.73,9.0,06:23:00,17:49:00
7742,1477896321,10/30/2016 12:00:00 AM,20:45:21,1.24,43.0,30.5,102.0,154.48,14.62,06:23:00,17:49:00
7743,1477896017,10/30/2016 12:00:00 AM,20:40:17,1.2,44.0,30.5,102.0,183.33,6.75,06:23:00,17:49:00
7744,1477895718,10/30/2016 12:00:00 AM,20:35:18,1.22,45.0,30.5,102.0,80.45,7.87,06:23:00,17:49:00
7745,1477895418,10/30/2016 12:00:00 AM,20:30:18,1.25,46.0,30.5,102.0,106.37,4.5,06:23:00,17:49:00
7746,1477895118,10/30/2016 12:00:00 AM,20:25:18,1.23,45.0,30.5,102.0,57.29,7.87,06:23:00,17:49:00
7747,1477894818,10/30/2016 12:00:00 AM,20:20:18,1.23,45.0,30.5,102.0,65.63,6.75,06:23:00,17:49:00
7748,1477894518,10/30/2016 12:00:00 AM,20:15:18,1.23,45.0,30.5,102.0,348.75,4.5,06:23:00,17:49:00
7749,1477894224,10/30/2016 12:00:00 AM,20:10:24,1.19,46.0,30.5,102.0,42.31,9.0,06:23:00,17:49:00
7750,1477893918,10/30/2016 12:00:00 AM,20:05:18,1.22,46.0,30.49,102.0,71.36,9.0,06:23:00,17:49:00
7751,1477893618,10/30/2016 12:00:00 AM,20:00:18,1.22,47.0,30.49,102.0,32.71,10.12,06:23:00,17:49:00
7752,1477893321,10/30/2016 12:00:00 AM,19:55:21,1.22,47.0,30.48,102.0,115.95,6.75,06:23:00,17:49:00
7753,1477893017,10/30/2016 12:00:00 AM,19:50:17,1.19,47.0,30.48,102.0,3.14,3.37,06:23:00,17:49:00
7754,1477892717,10/30/2016 12:00:00 AM,19:45:17,1.23,47.0,30.48,102.0,78.66,9.0,06:23:00,17:49:00
7755,1477892418,10/30/2016 12:00:00 AM,19:40:18,1.25,47.0,30.48,102.0,119.29,6.75,06:23:00,17:49:00
7756,1477892117,10/30/2016 12:00:00 AM,19:35:17,1.22,48.0,30.48,102.0,151.33,2.25,06:23:00,17:49:00
7757,1477891817,10/30/2016 12:00:00 AM,19:30:17,1.21,48.0,30.48,102.0,77.03,3.37,06:23:00,17:49:00
7758,1477891518,10/30/2016 12:00:00 AM,19:25:18,1.21,48.0,30.48,102.0,64.76,1.12,06:23:00,17:49:00
7759,1477891221,10/30/2016 12:00:00 AM,19:20:21,1.21,48.0,30.48,102.0,42.23,2.25,06:23:00,17:49:00
7760,1477890920,10/30/2016 12:00:00 AM,19:15:20,1.22,48.0,30.48,102.0,85.8,2.25,06:23:00,17:49:00
7761,1477890617,10/30/2016 12:00:00 AM,19:10:17,1.2,48.0,30.47,102.0,123.67,2.25,06:23:00,17:49:00
7762,1477890318,10/30/2016 12:00:00 AM,19:05:18,1.22,48.0,30.47,102.0,46.61,10.12,06:23:00,17:49:00
7763,1477890018,10/30/2016 12:00:00 AM,19:00:18,1.23,48.0,30.47,102.0,57.15,5.62,06:23:00,17:49:00
7764,1477889721,10/30/2016 12:00:00 AM,18:55:21,1.24,48.0,30.46,102.0,53.01,5.62,06:23:00,17:49:00
7765,1477889420,10/30/2016 12:00:00 AM,18:50:20,1.23,48.0,30.47,102.0,19.32,2.25,06:23:00,17:49:00
7766,1477889118,10/30/2016 12:00:00 AM,18:45:18,1.22,48.0,30.47,102.0,161.42,4.5,06:23:00,17:49:00
7767,1477888818,10/30/2016 12:00:00 AM,18:40:18,1.24,48.0,30.46,102.0,66.96,3.37,06:23:00,17:49:00
7768,1477888517,10/30/2016 12:00:00 AM,18:35:17,1.24,48.0,30.46,102.0,161.48,3.37,06:23:00,17:49:00
7769,1477888218,10/30/2016 12:00:00 AM,18:30:18,1.24,48.0,30.46,102.0,128.59,12.37,06:23:00,17:49:00
7770,1477887917,10/30/2016 12:00:00 AM,18:25:17,1.2,48.0,30.46,102.0,51.66,3.37,06:23:00,17:49:00
7771,1477887621,10/30/2016 12:00:00 AM,18:20:21,1.23,48.0,30.46,102.0,135.37,6.75,06:23:00,17:49:00
7772,1477887323,10/30/2016 12:00:00 AM,18:15:23,1.25,48.0,30.46,102.0,150.07,5.62,06:23:00,17:49:00
7773,1477887018,10/30/2016 12:00:00 AM,18:10:18,1.22,48.0,30.45,102.0,125.33,3.37,06:23:00,17:49:00
7774,1477886718,10/30/2016 12:00:00 AM,18:05:18,1.22,48.0,30.45,102.0,171.54,3.37,06:23:00,17:49:00
7775,1477886418,10/30/2016 12:00:00 AM,18:00:18,1.24,48.0,30.46,102.0,88.31,3.37,06:23:00,17:49:00
7776,1477886121,10/30/2016 12:00:00 AM,17:55:21,1.56,48.0,30.45,102.0,151.83,6.75,06:23:00,17:49:00
7777,1477885821,10/30/2016 12:00:00 AM,17:50:21,2.2,48.0,30.45,102.0,138.62,2.25,06:23:00,17:49:00
7778,1477885518,10/30/2016 12:00:00 AM,17:45:18,3.21,48.0,30.45,102.0,144.53,9.0,06:23:00,17:49:00
7779,1477885217,10/30/2016 12:00:00 AM,17:40:17,6.25,48.0,30.45,102.0,122.06,1.12,06:23:00,17:49:00
7780,1477884917,10/30/2016 12:00:00 AM,17:35:17,11.58,48.0,30.45,102.0,120.82,7.87,06:23:00,17:49:00
7781,1477884618,10/30/2016 12:00:00 AM,17:30:18,20.16,48.0,30.45,102.0,124.84,5.62,06:23:00,17:49:00
7782,1477884318,10/30/2016 12:00:00 AM,17:25:18,22.45,48.0,30.45,102.0,120.52,7.87,06:23:00,17:49:00
7783,1477884020,10/30/2016 12:00:00 AM,17:20:20,19.11,48.0,30.45,102.0,95.53,3.37,06:23:00,17:49:00
7784,1477883717,10/30/2016 12:00:00 AM,17:15:17,22.95,48.0,30.45,102.0,149.18,2.25,06:23:00,17:49:00
7785,1477883418,10/30/2016 12:00:00 AM,17:10:18,29.7,48.0,30.45,102.0,122.44,3.37,06:23:00,17:49:00
7786,1477883118,10/30/2016 12:00:00 AM,17:05:18,30.34,48.0,30.44,102.0,138.04,2.25,06:23:00,17:49:00
7787,1477882823,10/30/2016 12:00:00 AM,17:00:23,24.65,48.0,30.44,102.0,0.11,2.25,06:23:00,17:49:00
7788,1477882517,10/30/2016 12:00:00 AM,16:55:17,23.31,48.0,30.44,102.0,143.54770303349548,5.62,06:23:00,17:49:00
7789,1477882218,10/30/2016 12:00:00 AM,16:50:18,27.94,49.0,30.44,102.0,44.33,4.5,06:23:00,17:49:00
7790,1477881918,10/30/2016 12:00:00 AM,16:45:18,69.36,49.0,30.44,102.0,67.81,10.12,06:23:00,17:49:00
7791,1477881618,10/30/2016 12:00:00 AM,16:40:18,120.87,49.0,30.44,102.0,175.55,2.25,06:23:00,17:49:00
7792,1477881318,10/30/2016 12:00:00 AM,16:35:18,68.86,49.0,30.43,102.0,67.3,6.75,06:23:00,17:49:00
7793,1477881018,10/30/2016 12:00:00 AM,16:30:18,141.27,49.0,30.43,102.0,90.38,2.25,06:23:00,17:49:00
7794,1477880720,10/30/2016 12:00:00 AM,16:25:20,127.12,49.0,30.43,102.0,86.99,6.229096658193317,06:23:00,17:49:00
7795,1477880418,10/30/2016 12:00:00 AM,16:20:18,98.7,49.0,30.43,102.0,10.14,5.62,06:23:00,17:49:00
7796,1477880119,10/30/2016 12:00:00 AM,16:15:19,155.58,49.0,30.44,102.0,44.83,4.5,06:23:00,17:49:00
7797,1477879824,10/30/2016 12:00:00 AM,16:10:24,171.31,49.0,30.44,102.0,63.13,6.75,06:23:00,17:49:00
7798,1477879523,10/30/2016 12:00:00 AM,16:05:23,174.48,50.0,30.43,102.0,32.9,6.75,06:23:00,17:49:00
7799,1477879218,10/30/2016 12:00:00 AM,16:00:18,253.98,50.0,30.43,102.0,132.65,9.0,06:23:00,17:49:00
7800,1477878917,10/30/2016 12:00:00 AM,15:55:17,220.39,50.0,30.43,102.0,47.97,6.75,06:23:00,17:49:00
7801,1477878623,10/30/2016 12:00:00 AM,15:50:23,110.91,51.0,30.43,102.0,44.59,11.25,06:23:00,17:49:00
7802,1477878317,10/30/2016 12:00:00 AM,15:45:17,189.97,51.0,30.43,102.0,347.61,4.5,06:23:00,17:49:00
7803,1477878018,10/30/2016 12:00:00 AM,15:40:18,174.43,51.0,30.43,102.0,58.27,10.12,06:23:00,17:49:00
7804,1477877719,10/30/2016 12:00:00 AM,15:35:19,208.47,51.0,30.43,102.0,128.55,2.25,06:23:00,17:49:00
7805,1477877417,10/30/2016 12:00:00 AM,15:30:17,300.07,51.0,30.42,102.0,96.97,9.0,06:23:00,17:49:00
7806,1477877117,10/30/2016 12:00:00 AM,15:25:17,211.04,51.0,30.43,102.0,52.18,4.5,06:23:00,17:49:00
7807,1477876818,10/30/2016 12:00:00 AM,15:20:18,222.53,51.0,30.43,102.0,72.03,7.87,06:23:00,17:49:00
7808,1477876518,10/30/2016 12:00:00 AM,15:15:18,424.74,51.0,30.43,102.0,67.66,7.87,06:23:00,17:49:00
7809,1477876217,10/30/2016 12:00:00 AM,15:10:17,308.4,51.0,30.43,102.0,94.65,5.62,06:23:00,17:49:00
7810,1477875917,10/30/2016 12:00:00 AM,15:05:17,225.47,51.0,30.43,102.0,21.55,6.75,06:23:00,17:49:00
7811,1477875618,10/30/2016 12:00:00 AM,15:00:18,186.11,51.0,30.43,101.0,96.99,11.25,06:23:00,17:49:00
7812,1477875317,10/30/2016 12:00:00 AM,14:55:17,233.52,51.0,30.43,102.0,26.4,11.25,06:23:00,17:49:00
7813,1477875017,10/30/2016 12:00:00 AM,14:50:17,421.13,51.0,30.43,101.0,79.4,4.5,06:23:00,17:49:00
7814,1477874718,10/30/2016 12:00:00 AM,14:45:18,281.59,51.0,30.42,101.0,221.75,3.37,06:23:00,17:49:00
7815,1477874418,10/30/2016 12:00:00 AM,14:40:18,309.41,51.0,30.42,101.0,35.85,10.12,06:23:00,17:49:00
7816,1477874118,10/30/2016 12:00:00 AM,14:35:18,232.01,52.0,30.43,101.0,70.74,13.5,06:23:00,17:49:00
7817,1477873817,10/30/2016 12:00:00 AM,14:30:17,489.61,51.0,30.42,101.0,50.47,9.0,06:23:00,17:49:00
7818,1477873518,10/30/2016 12:00:00 AM,14:25:18,322.35,51.0,30.43,101.0,70.81,7.87,06:23:00,17:49:00
7819,1477873218,10/30/2016 12:00:00 AM,14:20:18,273.45,51.0,30.43,101.0,33.46,6.75,06:23:00,17:49:00
7820,1477872918,10/30/2016 12:00:00 AM,14:15:18,306.55,52.0,30.43,101.0,57.04,13.5,06:23:00,17:49:00
7821,1477872617,10/30/2016 12:00:00 AM,14:10:17,259.58,52.0,30.43,101.0,51.9,7.87,06:23:00,17:49:00
7822,1477872319,10/30/2016 12:00:00 AM,14:05:19,272.69,52.0,30.43,101.0,68.77,5.62,06:23:00,17:49:00
7823,1477872018,10/30/2016 12:00:00 AM,14:00:18,444.48,52.0,30.43,101.0,99.62,7.87,06:23:00,17:49:00
7824,1477871718,10/30/2016 12:00:00 AM,13:55:18,266.51,52.0,30.43,100.0,84.77,10.12,06:23:00,17:49:00
7825,1477871417,10/30/2016 12:00:00 AM,13:50:17,169.41,52.0,30.43,100.0,72.44,4.5,06:23:00,17:49:00
7826,1477871117,10/30/2016 12:00:00 AM,13:45:17,206.79,53.0,30.43,100.0,0.1,5.62,06:23:00,17:49:00
7827,1477870818,10/30/2016 12:00:00 AM,13:40:18,384.0,53.0,30.43,100.0,61.42,6.75,06:23:00,17:49:00
7828,1477870518,10/30/2016 12:00:00 AM,13:35:18,484.95,53.0,30.43,99.0,27.2,6.229096658193317,06:23:00,17:49:00
7829,1477870218,10/30/2016 12:00:00 AM,13:30:18,320.97,53.0,30.44,98.0,59.62,2.25,06:23:00,17:49:00
7830,1477869918,10/30/2016 12:00:00 AM,13:25:18,209.78,54.0,30.44,97.0,46.79,3.37,06:23:00,17:49:00
7831,1477869618,10/30/2016 12:00:00 AM,13:20:18,369.47,54.0,30.44,95.0,74.24,4.5,06:23:00,17:49:00
7832,1477869317,10/30/2016 12:00:00 AM,13:15:17,560.29,55.0,30.44,94.0,35.07,9.0,06:23:00,17:49:00
7833,1477869017,10/30/2016 12:00:00 AM,13:10:17,820.3,55.0,30.44,93.0,186.52,4.5,06:23:00,17:49:00
7834,1477868717,10/30/2016 12:00:00 AM,13:05:17,753.33,56.0,30.44,91.0,70.73,7.87,06:23:00,17:49:00
7835,1477868420,10/30/2016 12:00:00 AM,13:00:20,713.25,56.0,30.44,90.0,94.75,10.12,06:23:00,17:49:00
7836,1477868118,10/30/2016 12:00:00 AM,12:55:18,836.66,55.0,30.44,91.0,144.9,7.87,06:23:00,17:49:00
7837,1477867817,10/30/2016 12:00:00 AM,12:50:17,979.19,54.0,30.44,91.0,118.93,9.0,06:23:00,17:49:00
7838,1477867518,10/30/2016 12:00:00 AM,12:45:18,1002.54,54.0,30.45,94.0,147.63,4.5,06:23:00,17:49:00
7839,1477867218,10/30/2016 12:00:00 AM,12:40:18,936.58,54.0,30.45,96.0,77.1,5.62,06:23:00,17:49:00
7840,1477866918,10/30/2016 12:00:00 AM,12:35:18,551.08,53.0,30.45,98.0,60.32,4.5,06:23:00,17:49:00
7841,1477866617,10/30/2016 12:00:00 AM,12:30:17,420.65,53.0,30.45,99.0,68.8,10.12,06:23:00,17:49:00
7842,1477866318,10/30/2016 12:00:00 AM,12:25:18,937.98,52.0,30.45,98.0,135.1,5.62,06:23:00,17:49:00
7843,1477866018,10/30/2016 12:00:00 AM,12:20:18,479.39,52.0,30.45,96.0,77.53,3.37,06:23:00,17:49:00
7844,1477865720,10/30/2016 12:00:00 AM,12:15:20,657.0,53.0,30.45,95.0,95.45,6.75,06:23:00,17:49:00
7845,1477865417,10/30/2016 12:00:00 AM,12:10:17,648.36,53.0,30.46,92.0,30.47,6.229096658193317,06:23:00,17:49:00
7846,1477865118,10/30/2016 12:00:00 AM,12:05:18,590.16,54.0,30.45,92.0,88.24,13.5,06:23:00,17:49:00
7847,1477864817,10/30/2016 12:00:00 AM,12:00:17,1239.78,54.0,30.45,90.0,20.03,6.75,06:23:00,17:49:00
7848,1477864521,10/30/2016 12:00:00 AM,11:55:21,987.14,54.0,30.45,92.0,31.96,5.62,06:23:00,17:49:00
7849,1477864218,10/30/2016 12:00:00 AM,11:50:18,924.02,53.0,30.46,88.0,68.23,5.62,06:23:00,17:49:00
7850,1477863918,10/30/2016 12:00:00 AM,11:45:18,424.56,53.0,30.46,96.0,166.91,6.75,06:23:00,17:49:00
7851,1477863618,10/30/2016 12:00:00 AM,11:40:18,849.84,52.0,30.46,101.0,134.51,5.62,06:23:00,17:49:00
7852,1477863321,10/30/2016 12:00:00 AM,11:35:21,722.15,51.0,30.46,99.0,173.17,4.5,06:23:00,17:49:00
7853,1477863020,10/30/2016 12:00:00 AM,11:30:20,428.76,50.0,30.47,98.0,91.17,6.229096658193317,06:23:00,17:49:00
7854,1477862720,10/30/2016 12:00:00 AM,11:25:20,398.92,50.0,30.47,98.0,111.4,9.0,06:23:00,17:49:00
7855,1477862418,10/30/2016 12:00:00 AM,11:20:18,361.41,51.0,30.47,97.0,27.16,6.75,06:23:00,17:49:00
7856,1477862123,10/30/2016 12:00:00 AM,11:15:23,445.73,52.0,30.47,98.0,135.19,6.75,06:23:00,17:49:00
7857,1477861817,10/30/2016 12:00:00 AM,11:10:17,695.12,51.0,30.47,99.0,72.06,13.5,06:23:00,17:49:00
7858,1477861518,10/30/2016 12:00:00 AM,11:05:18,1012.26,51.0,30.47,100.0,28.37,5.62,06:23:00,17:49:00
7859,1477861218,10/30/2016 12:00:00 AM,11:00:18,1028.1,51.0,30.47,102.0,181.89,12.37,06:23:00,17:49:00
7860,1477860917,10/30/2016 12:00:00 AM,10:55:17,546.34,50.0,30.47,102.0,146.66,7.87,06:23:00,17:49:00
7861,1477860617,10/30/2016 12:00:00 AM,10:50:17,910.88,49.0,30.47,102.0,113.04,11.25,06:23:00,17:49:00
7862,1477860318,10/30/2016 12:00:00 AM,10:45:18,704.09,49.0,30.47,102.0,78.72,2.25,06:23:00,17:49:00
7863,1477860018,10/30/2016 12:00:00 AM,10:40:18,744.86,49.0,30.47,102.0,77.83,6.75,06:23:00,17:49:00
7864,1477859717,10/30/2016 12:00:00 AM,10:35:17,610.99,49.0,30.47,102.0,49.38,7.87,06:23:00,17:49:00
7865,1477859417,10/30/2016 12:00:00 AM,10:30:17,324.2,49.0,30.47,102.0,94.9,9.0,06:23:00,17:49:00
7866,1477859117,10/30/2016 12:00:00 AM,10:25:17,332.86,49.0,30.47,102.0,131.83,12.37,06:23:00,17:49:00
7867,1477858818,10/30/2016 12:00:00 AM,10:20:18,324.84,48.0,30.47,102.0,43.47,12.37,06:23:00,17:49:00
7868,1477858518,10/30/2016 12:00:00 AM,10:15:18,266.29,49.0,30.47,102.0,87.37,9.0,06:23:00,17:49:00
7869,1477858217,10/30/2016 12:00:00 AM,10:10:17,247.82,49.0,30.47,102.0,188.02,3.37,06:23:00,17:49:00
7870,1477857917,10/30/2016 12:00:00 AM,10:05:17,420.48,49.0,30.48,102.0,75.14,7.87,06:23:00,17:49:00
7871,1477857617,10/30/2016 12:00:00 AM,10:00:17,475.55,50.0,30.47,102.0,47.13,3.37,06:23:00,17:49:00
7872,1477857318,10/30/2016 12:00:00 AM,09:55:18,331.38,49.0,30.47,102.0,50.64,11.25,06:23:00,17:49:00
7873,1477857019,10/30/2016 12:00:00 AM,09:50:19,244.94,50.0,30.47,102.0,355.74,9.0,06:23:00,17:49:00
7874,1477856717,10/30/2016 12:00:00 AM,09:45:17,252.39,50.0,30.47,102.0,80.75,3.37,06:23:00,17:49:00
7875,1477856418,10/30/2016 12:00:00 AM,09:40:18,184.34,50.0,30.47,102.0,83.69,9.0,06:23:00,17:49:00
7876,1477856118,10/30/2016 12:00:00 AM,09:35:18,264.73,50.0,30.47,102.0,31.88,6.75,06:23:00,17:49:00
7877,1477855818,10/30/2016 12:00:00 AM,09:30:18,345.44,51.16507236474315,30.47,102.0,88.13,4.5,06:23:00,17:49:00
7878,1477855520,10/30/2016 12:00:00 AM,09:25:20,182.02,50.0,30.47,103.0,63.98,3.37,06:23:00,17:49:00
7879,1477855220,10/30/2016 12:00:00 AM,09:20:20,374.88,50.0,30.47,102.0,123.28,5.62,06:23:00,17:49:00
7880,1477854919,10/30/2016 12:00:00 AM,09:15:19,329.82,49.0,30.47,102.0,155.28,9.0,06:23:00,17:49:00
7881,1477854618,10/30/2016 12:00:00 AM,09:10:18,264.13,49.0,30.47,102.0,150.2,4.5,06:23:00,17:49:00
7882,1477854321,10/30/2016 12:00:00 AM,09:05:21,421.63,49.0,30.47,103.0,132.78,7.87,06:23:00,17:49:00
7883,1477854018,10/30/2016 12:00:00 AM,09:00:18,238.56,49.0,30.47,102.0,77.31,4.5,06:23:00,17:49:00
7884,1477853722,10/30/2016 12:00:00 AM,08:55:22,157.29,49.0,30.47,102.0,69.72,4.5,06:23:00,17:49:00
7885,1477853417,10/30/2016 12:00:00 AM,08:50:17,173.96,49.0,30.47,102.0,11.29,5.62,06:23:00,17:49:00
7886,1477853118,10/30/2016 12:00:00 AM,08:45:18,146.49,49.0,30.46,102.0,69.92,5.62,06:23:00,17:49:00
7887,1477852818,10/30/2016 12:00:00 AM,08:40:18,267.3,49.0,30.46,103.0,61.05,5.62,06:23:00,17:49:00
7888,1477852517,10/30/2016 12:00:00 AM,08:35:17,203.28,49.0,30.46,103.0,123.96,1.12,06:23:00,17:49:00
7889,1477852218,10/30/2016 12:00:00 AM,08:30:18,140.64,49.0,30.46,103.0,35.23,4.5,06:23:00,17:49:00
7890,1477851918,10/30/2016 12:00:00 AM,08:25:18,157.5,49.0,30.46,103.0,127.02,5.62,06:23:00,17:49:00
7891,1477851618,10/30/2016 12:00:00 AM,08:20:18,132.69,49.0,30.46,103.0,59.42,2.25,06:23:00,17:49:00
7892,1477851320,10/30/2016 12:00:00 AM,08:15:20,180.6,49.0,30.46,103.0,113.06,2.25,06:23:00,17:49:00
7893,1477851018,10/30/2016 12:00:00 AM,08:10:18,90.6,49.0,30.46,103.0,69.68,2.25,06:23:00,17:49:00
7894,1477850718,10/30/2016 12:00:00 AM,08:05:18,56.46,48.0,30.46,103.0,73.11,7.87,06:23:00,17:49:00
7895,1477850418,10/30/2016 12:00:00 AM,08:00:18,101.21,48.0,30.45,102.0,167.64,6.75,06:23:00,17:49:00
7896,1477850118,10/30/2016 12:00:00 AM,07:55:18,127.03,48.0,30.45,102.0,160.92,5.62,06:23:00,17:49:00
7897,1477849818,10/30/2016 12:00:00 AM,07:50:18,97.51,47.0,30.45,102.0,177.69,4.5,06:23:00,17:49:00
7898,1477849518,10/30/2016 12:00:00 AM,07:45:18,136.08,48.0,30.45,102.0,163.21,7.87,06:23:00,17:49:00
7899,1477849217,10/30/2016 12:00:00 AM,07:40:17,103.84,48.0,30.45,102.0,124.84,10.12,06:23:00,17:49:00
7900,1477848918,10/30/2016 12:00:00 AM,07:35:18,84.25,48.0,30.45,102.0,33.95,2.25,06:23:00,17:49:00
7901,1477848620,10/30/2016 12:00:00 AM,07:30:20,59.99,48.0,30.45,102.0,124.55,4.5,06:23:00,17:49:00
7902,1477848318,10/30/2016 12:00:00 AM,07:25:18,50.92,48.0,30.45,102.0,137.05,5.62,06:23:00,17:49:00
7903,1477848023,10/30/2016 12:00:00 AM,07:20:23,50.13,48.0,30.45,102.0,122.57,4.5,06:23:00,17:49:00
7904,1477847718,10/30/2016 12:00:00 AM,07:15:18,44.04,48.0,30.45,102.0,118.37,10.12,06:23:00,17:49:00
7905,1477847418,10/30/2016 12:00:00 AM,07:10:18,33.52,48.0,30.45,102.0,109.61,6.75,06:23:00,17:49:00
7906,1477847118,10/30/2016 12:00:00 AM,07:05:18,24.26,48.0,30.45,102.0,91.79,6.75,06:23:00,17:49:00
7907,1477846817,10/30/2016 12:00:00 AM,07:00:17,17.18,48.0,30.44,102.0,99.83,2.25,06:23:00,17:49:00
7908,1477846518,10/30/2016 12:00:00 AM,06:55:18,16.82,48.0,30.44,102.0,158.46,9.0,06:23:00,17:49:00
7909,1477846220,10/30/2016 12:00:00 AM,06:50:20,13.65,48.0,30.44,102.0,25.55,3.37,06:23:00,17:49:00
7910,1477845918,10/30/2016 12:00:00 AM,06:45:18,11.44,48.0,30.44,102.0,130.17,7.87,06:23:00,17:49:00
7911,1477845619,10/30/2016 12:00:00 AM,06:40:19,10.31,48.0,30.43,102.0,109.5,9.0,06:23:00,17:49:00
7912,1477845317,10/30/2016 12:00:00 AM,06:35:17,8.04,48.0,30.43,102.0,167.67,5.62,06:23:00,17:49:00
7913,1477845020,10/30/2016 12:00:00 AM,06:30:20,5.4,48.0,30.43,102.0,89.9,7.87,06:23:00,17:49:00
7914,1477844718,10/30/2016 12:00:00 AM,06:25:18,3.98,48.0,30.43,102.0,144.39,5.62,06:23:00,17:49:00
7915,1477844418,10/30/2016 12:00:00 AM,06:20:18,2.71,48.0,30.43,102.0,179.21,7.87,06:23:00,17:49:00
7916,1477844117,10/30/2016 12:00:00 AM,06:15:17,1.84,48.0,30.43,102.0,148.35,5.62,06:23:00,17:49:00
7917,1477843817,10/30/2016 12:00:00 AM,06:10:17,1.24,48.0,30.42,102.0,163.9,2.25,06:23:00,17:49:00
7918,1477843518,10/30/2016 12:00:00 AM,06:05:18,1.24,48.0,30.42,102.0,178.22,6.75,06:23:00,17:49:00
7919,1477843218,10/30/2016 12:00:00 AM,06:00:18,1.22,48.0,30.42,102.0,135.86,6.75,06:23:00,17:49:00
7920,1477842918,10/30/2016 12:00:00 AM,05:55:18,1.2,48.0,30.42,102.0,128.22,4.5,06:23:00,17:49:00
7921,1477842617,10/30/2016 12:00:00 AM,05:50:17,1.2,48.0,30.42,102.0,120.71,6.75,06:23:00,17:49:00
7922,1477842320,10/30/2016 12:00:00 AM,05:45:20,1.21,48.0,30.42,102.0,157.02,3.37,06:23:00,17:49:00
7923,1477842020,10/30/2016 12:00:00 AM,05:40:20,1.23,48.0,30.42,102.0,115.58,10.12,06:23:00,17:49:00
7924,1477841724,10/30/2016 12:00:00 AM,05:35:24,1.21,48.0,30.42,102.0,20.0,3.37,06:23:00,17:49:00
7925,1477841418,10/30/2016 12:00:00 AM,05:30:18,1.25,48.0,30.41,102.0,94.2,5.62,06:23:00,17:49:00
7926,1477841118,10/30/2016 12:00:00 AM,05:25:18,1.22,48.0,30.41,102.0,109.49,7.87,06:23:00,17:49:00
7927,1477840817,10/30/2016 12:00:00 AM,05:20:17,1.21,47.0,30.41,102.0,128.15,5.62,06:23:00,17:49:00
7928,1477840517,10/30/2016 12:00:00 AM,05:15:17,1.22,47.0,30.41,102.0,158.78,5.62,06:23:00,17:49:00
7929,1477840221,10/30/2016 12:00:00 AM,05:10:21,1.22,47.0,30.41,102.0,120.69,9.0,06:23:00,17:49:00
7930,1477839918,10/30/2016 12:00:00 AM,05:05:18,1.24,47.0,30.41,102.0,121.04,6.75,06:23:00,17:49:00
7931,1477839617,10/30/2016 12:00:00 AM,05:00:17,1.21,48.0,30.41,102.0,140.43,10.12,06:23:00,17:49:00
7932,1477839320,10/30/2016 12:00:00 AM,04:55:20,1.23,48.0,30.41,102.0,154.53,3.37,06:23:00,17:49:00
7933,1477839018,10/30/2016 12:00:00 AM,04:50:18,1.2,48.0,30.41,102.0,146.62,4.5,06:23:00,17:49:00
7934,1477838718,10/30/2016 12:00:00 AM,04:45:18,1.24,48.0,30.4,102.0,120.11,2.25,06:23:00,17:49:00
7935,1477838421,10/30/2016 12:00:00 AM,04:40:21,1.2,48.0,30.4,102.0,141.23,2.25,06:23:00,17:49:00
7936,1477838124,10/30/2016 12:00:00 AM,04:35:24,1.22,48.0,30.4,102.0,126.62,4.5,06:23:00,17:49:00
7937,1477837819,10/30/2016 12:00:00 AM,04:30:19,1.21,48.0,30.4,102.0,118.83,2.25,06:23:00,17:49:00
7938,1477837518,10/30/2016 12:00:00 AM,04:25:18,1.21,48.0,30.4,102.0,66.23,1.12,06:23:00,17:49:00
7939,1477837217,10/30/2016 12:00:00 AM,04:20:17,1.22,48.0,30.4,102.0,131.23,7.87,06:23:00,17:49:00
7940,1477836917,10/30/2016 12:00:00 AM,04:15:17,1.22,48.0,30.4,102.0,92.03,5.62,06:23:00,17:49:00
7941,1477836618,10/30/2016 12:00:00 AM,04:10:18,1.23,48.0,30.41,102.0,98.44,2.25,06:23:00,17:49:00
7942,1477836324,10/30/2016 12:00:00 AM,04:05:24,1.22,48.0,30.41,74.83719267708949,82.03,5.62,06:23:00,17:49:00
7943,1477836017,10/30/2016 12:00:00 AM,04:00:17,1.22,48.0,30.41,102.0,111.27,3.37,06:23:00,17:49:00
7944,1477835717,10/30/2016 12:00:00 AM,03:55:17,1.23,48.0,30.41,102.0,151.31,4.5,06:23:00,17:49:00
7945,1477835420,10/30/2016 12:00:00 AM,03:50:20,1.19,48.0,30.4,102.0,157.21,5.62,06:23:00,17:49:00
7946,1477835118,10/30/2016 12:00:00 AM,03:45:18,1.23,48.0,30.4,102.0,122.51,9.0,06:23:00,17:49:00
7947,1477834821,10/30/2016 12:00:00 AM,03:40:21,1.21,48.0,30.4,102.0,148.78,3.37,06:23:00,17:49:00
7948,1477834518,10/30/2016 12:00:00 AM,03:35:18,1.22,48.0,30.41,102.0,120.12,4.5,06:23:00,17:49:00
7949,1477834220,10/30/2016 12:00:00 AM,03:30:20,1.23,48.0,30.4,102.0,130.09,6.75,06:23:00,17:49:00
7950,1477833924,10/30/2016 12:00:00 AM,03:25:24,1.21,48.0,30.4,102.0,126.81,2.25,06:23:00,17:49:00
7951,1477833618,10/30/2016 12:00:00 AM,03:20:18,1.23,48.0,30.4,102.0,102.2,5.62,06:23:00,17:49:00
7952,1477833321,10/30/2016 12:00:00 AM,03:15:21,1.23,48.0,30.4,102.0,100.91,4.5,06:23:00,17:49:00
7953,1477833017,10/30/2016 12:00:00 AM,03:10:17,1.21,48.0,30.41,102.0,142.13,9.0,06:23:00,17:49:00
7954,1477832717,10/30/2016 12:00:00 AM,03:05:17,1.22,48.0,30.41,102.0,97.53,4.5,06:23:00,17:49:00
7955,1477832418,10/30/2016 12:00:00 AM,03:00:18,1.21,48.0,30.41,102.0,106.87,9.0,06:23:00,17:49:00
7956,1477832120,10/30/2016 12:00:00 AM,02:55:20,1.21,48.0,30.41,102.0,120.24,6.75,06:23:00,17:49:00
7957,1477831820,10/30/2016 12:00:00 AM,02:50:20,1.2,48.0,30.41,102.0,97.79,3.37,06:23:00,17:49:00
7958,1477831519,10/30/2016 12:00:00 AM,02:45:19,1.24,48.0,30.41,102.0,121.92,7.87,06:23:00,17:49:00
7959,1477831217,10/30/2016 12:00:00 AM,02:40:17,1.23,48.0,30.41,102.0,125.16,6.75,06:23:00,17:49:00
7960,1477830921,10/30/2016 12:00:00 AM,02:35:21,1.2,48.0,30.41,102.0,102.74,9.0,06:23:00,17:49:00
7961,1477830617,10/30/2016 12:00:00 AM,02:30:17,1.22,48.0,30.41,102.0,135.31,9.0,06:23:00,17:49:00
7962,1477830317,10/30/2016 12:00:00 AM,02:25:17,1.23,48.0,30.42,102.0,129.32,4.5,06:23:00,17:49:00
7963,1477830018,10/30/2016 12:00:00 AM,02:20:18,1.25,48.0,30.42,102.0,105.21,4.5,06:23:00,17:49:00
7964,1477829718,10/30/2016 12:00:00 AM,02:15:18,1.24,48.0,30.42,102.0,129.13,7.87,06:23:00,17:49:00
7965,1477829417,10/30/2016 12:00:00 AM,02:10:17,1.23,48.0,30.42,102.0,171.93,4.5,06:23:00,17:49:00
7966,1477829118,10/30/2016 12:00:00 AM,02:05:18,1.2,48.0,30.42,102.0,124.78,7.87,06:23:00,17:49:00
7967,1477828818,10/30/2016 12:00:00 AM,02:00:18,1.22,48.0,30.42,102.0,130.19,9.0,06:23:00,17:49:00
7968,1477828520,10/30/2016 12:00:00 AM,01:55:20,1.23,48.0,30.42,102.0,142.07,6.75,06:23:00,17:49:00
7969,1477828217,10/30/2016 12:00:00 AM,01:50:17,1.24,48.0,30.42,102.0,127.43,7.87,06:23:00,17:49:00
7970,1477827917,10/30/2016 12:00:00 AM,01:45:17,1.25,47.0,30.42,102.0,135.17,7.87,06:23:00,17:49:00
7971,1477827618,10/30/2016 12:00:00 AM,01:40:18,1.23,47.0,30.42,102.0,143.42,5.62,06:23:00,17:49:00
7972,1477827318,10/30/2016 12:00:00 AM,01:35:18,1.2,47.0,30.42,102.0,151.66,3.37,06:23:00,17:49:00
7973,1477827017,10/30/2016 12:00:00 AM,01:30:17,1.21,47.0,30.42,102.0,161.2,9.0,06:23:00,17:49:00
7974,1477826718,10/30/2016 12:00:00 AM,01:25:18,1.2,47.0,30.42,102.0,141.18,6.75,06:23:00,17:49:00
7975,1477826420,10/30/2016 12:00:00 AM,01:20:20,1.23,47.0,30.43,102.0,126.66,5.62,06:23:00,17:49:00
7976,1477826118,10/30/2016 12:00:00 AM,01:15:18,1.2,47.0,30.43,102.0,171.48,4.5,06:23:00,17:49:00
7977,1477825818,10/30/2016 12:00:00 AM,01:10:18,1.23,47.0,30.43,102.0,143.84,3.37,06:23:00,17:49:00
7978,1477825517,10/30/2016 12:00:00 AM,01:05:17,1.19,47.0,30.43,102.0,135.01,3.37,06:23:00,17:49:00
7979,1477825220,10/30/2016 12:00:00 AM,01:00:20,1.17,47.0,30.43,102.0,163.93,3.37,06:23:00,17:49:00
7980,1477824919,10/30/2016 12:00:00 AM,00:55:19,1.2,47.0,30.43,102.0,147.28,4.5,06:23:00,17:49:00
7981,1477824618,10/30/2016 12:00:00 AM,00:50:18,1.23,47.0,30.43,102.0,140.28,5.62,06:23:00,17:49:00
7982,1477824318,10/30/2016 12:00:00 AM,00:45:18,1.27,46.0,30.43,102.0,113.74,3.37,06:23:00,17:49:00
7983,1477824017,10/30/2016 12:00:00 AM,00:40:17,1.15,46.0,30.43,102.0,157.36,5.62,06:23:00,17:49:00
7984,1477823717,10/30/2016 12:00:00 AM,00:35:17,1.19,46.0,30.44,102.0,188.44,10.12,06:23:00,17:49:00
7985,1477823418,10/30/2016 12:00:00 AM,00:30:18,1.21,46.0,30.44,102.0,178.53,6.75,06:23:00,17:49:00
7986,1477823118,10/30/2016 12:00:00 AM,00:25:18,1.21,46.0,30.44,102.0,163.76,6.75,06:23:00,17:49:00
7987,1477822819,10/30/2016 12:00:00 AM,00:20:19,1.24,46.0,30.44,102.0,137.5,7.87,06:23:00,17:49:00
7988,1477822520,10/30/2016 12:00:00 AM,00:15:20,1.23,47.0,30.44,102.0,174.19,5.62,06:23:00,17:49:00
7989,1477822218,10/30/2016 12:00:00 AM,00:10:18,1.25,47.0,30.45,102.0,87.46,5.62,06:23:00,17:49:00
7990,1477821620,10/30/2016 12:00:00 AM,00:00:20,1.23,47.0,30.45,102.0,155.84,6.75,06:23:00,17:49:00
7991,1477821318,10/29/2016 12:00:00 AM,23:55:18,1.23,47.0,30.45,102.0,179.96,2.25,06:23:00,17:50:00
7992,1477821020,10/29/2016 12:00:00 AM,23:50:20,1.18,47.0,30.45,102.0,133.69,6.75,06:23:00,17:50:00
7993,1477820718,10/29/2016 12:00:00 AM,23:45:18,1.23,47.0,30.44,102.0,132.6,7.87,06:23:00,17:50:00
7994,1477820419,10/29/2016 12:00:00 AM,23:40:19,1.21,47.0,30.45,102.0,132.4,4.5,06:23:00,17:50:00
7995,1477820117,10/29/2016 12:00:00 AM,23:35:17,1.22,47.0,30.45,102.0,130.74,4.5,06:23:00,17:50:00
7996,1477819820,10/29/2016 12:00:00 AM,23:30:20,1.2,47.0,30.45,102.0,0.09,3.37,06:23:00,17:50:00
7997,1477819518,10/29/2016 12:00:00 AM,23:25:18,1.23,48.0,30.423028000868246,102.0,32.56,2.25,06:23:00,17:50:00
7998,1477819220,10/29/2016 12:00:00 AM,23:20:20,1.2,48.0,30.45,102.0,139.48,7.87,06:23:00,17:50:00
7999,1477818917,10/29/2016 12:00:00 AM,23:15:17,1.22,48.0,30.45,102.0,168.05,5.62,06:23:00,17:50:00
8000,1477818618,10/29/2016 12:00:00 AM,23:10:18,1.22,48.0,30.45,102.0,155.03,9.0,06:23:00,17:50:00
8001,1477818320,10/29/2016 12:00:00 AM,23:05:20,1.21,48.0,30.45,102.0,125.85,6.75,06:23:00,17:50:00
8002,1477818017,10/29/2016 12:00:00 AM,23:00:17,1.2,48.0,30.45,102.0,130.78,5.62,06:23:00,17:50:00
8003,1477817718,10/29/2016 12:00:00 AM,22:55:18,1.2,48.0,30.45,102.0,141.7,5.62,06:23:00,17:50:00
8004,1477817418,10/29/2016 12:00:00 AM,22:50:18,1.21,48.0,30.45,102.0,131.17,5.62,06:23:00,17:50:00
8005,1477817119,10/29/2016 12:00:00 AM,22:45:19,1.24,48.0,30.45,102.0,133.59,1.12,06:23:00,17:50:00
8006,1477816817,10/29/2016 12:00:00 AM,22:40:17,1.22,48.0,30.45,102.0,53.01,2.25,06:23:00,17:50:00
8007,1477816517,10/29/2016 12:00:00 AM,22:35:17,1.2,48.0,30.45,102.0,123.36,6.75,06:23:00,17:50:00
8008,1477816222,10/29/2016 12:00:00 AM,22:30:22,1.23,48.0,30.45,102.0,126.93,7.87,06:23:00,17:50:00
8009,1477815918,10/29/2016 12:00:00 AM,22:25:18,1.2,47.0,30.45,102.0,129.6,4.5,06:23:00,17:50:00
8010,1477815621,10/29/2016 12:00:00 AM,22:20:21,1.22,47.0,30.45,102.0,143.54770303349548,4.5,06:23:00,17:50:00
8011,1477815317,10/29/2016 12:00:00 AM,22:15:17,1.24,47.0,30.45,102.0,119.94,10.12,06:23:00,17:50:00
8012,1477815017,10/29/2016 12:00:00 AM,22:10:17,1.17,47.0,30.46,102.0,156.64,6.75,06:23:00,17:50:00
8013,1477814720,10/29/2016 12:00:00 AM,22:05:20,1.2,47.0,30.45,102.0,160.12,6.75,06:23:00,17:50:00
8014,1477814419,10/29/2016 12:00:00 AM,22:00:19,1.27,47.0,30.45,102.0,127.7,2.25,06:23:00,17:50:00
8015,1477814118,10/29/2016 12:00:00 AM,21:55:18,1.23,47.0,30.45,102.0,181.24,9.0,06:23:00,17:50:00
8016,1477813818,10/29/2016 12:00:00 AM,21:50:18,1.25,47.0,30.46,102.0,179.5,7.87,06:23:00,17:50:00
8017,1477813518,10/29/2016 12:00:00 AM,21:45:18,1.19,47.0,30.46,102.0,165.66,5.62,06:23:00,17:50:00
8018,1477813218,10/29/2016 12:00:00 AM,21:40:18,1.23,47.0,30.46,102.0,120.44,10.12,06:23:00,17:50:00
8019,1477812918,10/29/2016 12:00:00 AM,21:35:18,1.21,47.0,30.46,102.0,107.72,6.75,06:23:00,17:50:00
8020,1477812620,10/29/2016 12:00:00 AM,21:30:20,1.23,47.0,30.46,102.0,102.38,3.37,06:23:00,17:50:00
8021,1477812317,10/29/2016 12:00:00 AM,21:25:17,1.23,47.0,30.46,102.0,186.93,2.25,06:23:00,17:50:00
8022,1477812018,10/29/2016 12:00:00 AM,21:20:18,1.22,47.0,30.46,102.0,98.5,2.25,06:23:00,17:50:00
8023,1477811718,10/29/2016 12:00:00 AM,21:15:18,1.24,48.0,30.46,102.0,40.21,5.62,06:23:00,17:50:00
8024,1477811417,10/29/2016 12:00:00 AM,21:10:17,1.22,48.0,30.46,102.0,131.69,2.25,06:23:00,17:50:00
8025,1477811120,10/29/2016 12:00:00 AM,21:05:20,1.22,48.0,30.46,102.0,117.36,3.37,06:23:00,17:50:00
8026,1477810820,10/29/2016 12:00:00 AM,21:00:20,1.19,48.0,30.46,102.0,147.7,5.62,06:23:00,17:50:00
8027,1477810518,10/29/2016 12:00:00 AM,20:55:18,1.21,48.0,30.46,102.0,181.96,5.62,06:23:00,17:50:00
8028,1477810217,10/29/2016 12:00:00 AM,20:50:17,1.19,48.0,30.45,102.0,48.22,6.75,06:23:00,17:50:00
8029,1477809918,10/29/2016 12:00:00 AM,20:45:18,1.2,48.0,30.45,102.0,158.13,7.87,06:23:00,17:50:00
8030,1477809618,10/29/2016 12:00:00 AM,20:40:18,1.23,48.0,30.46,102.0,117.57,11.25,06:23:00,17:50:00
8031,1477809318,10/29/2016 12:00:00 AM,20:35:18,1.23,48.0,30.45,102.0,141.16,7.87,06:23:00,17:50:00
8032,1477809018,10/29/2016 12:00:00 AM,20:30:18,1.22,48.0,30.423028000868246,102.0,126.11,7.87,06:23:00,17:50:00
8033,1477808720,10/29/2016 12:00:00 AM,20:25:20,1.19,48.0,30.45,102.0,76.79,6.75,06:23:00,17:50:00
8034,1477808417,10/29/2016 12:00:00 AM,20:20:17,1.22,48.0,30.45,102.0,145.26,6.75,06:23:00,17:50:00
8035,1477808120,10/29/2016 12:00:00 AM,20:15:20,1.23,48.0,30.45,102.0,167.77,3.37,06:23:00,17:50:00
8036,1477807818,10/29/2016 12:00:00 AM,20:10:18,1.24,48.0,30.45,102.0,48.54,6.75,06:23:00,17:50:00
8037,1477807520,10/29/2016 12:00:00 AM,20:05:20,1.22,48.0,30.45,102.0,64.9,5.62,06:23:00,17:50:00
8038,1477807218,10/29/2016 12:00:00 AM,20:00:18,1.21,48.0,30.44,102.0,151.04,7.87,06:23:00,17:50:00
8039,1477806917,10/29/2016 12:00:00 AM,19:55:17,1.22,48.0,30.44,102.0,151.43,3.37,06:23:00,17:50:00
8040,1477806617,10/29/2016 12:00:00 AM,19:50:17,1.22,48.0,30.44,102.0,76.57,3.37,06:23:00,17:50:00
8041,1477806322,10/29/2016 12:00:00 AM,19:45:22,1.22,48.0,30.44,102.0,79.06,5.62,06:23:00,17:50:00
8042,1477806021,10/29/2016 12:00:00 AM,19:40:21,1.24,48.0,30.44,102.0,70.21,5.62,06:23:00,17:50:00
8043,1477805718,10/29/2016 12:00:00 AM,19:35:18,1.25,48.0,30.44,102.0,79.78,4.5,06:23:00,17:50:00
8044,1477805417,10/29/2016 12:00:00 AM,19:30:17,1.21,48.0,30.44,102.0,129.43,6.75,06:23:00,17:50:00
8045,1477805117,10/29/2016 12:00:00 AM,19:25:17,1.23,48.0,30.44,102.0,94.25,2.25,06:23:00,17:50:00
8046,1477804818,10/29/2016 12:00:00 AM,19:20:18,1.2,48.0,30.44,102.0,40.02,9.0,06:23:00,17:50:00
8047,1477804518,10/29/2016 12:00:00 AM,19:15:18,1.23,48.0,30.43,102.0,155.16,5.62,06:23:00,17:50:00
8048,1477804218,10/29/2016 12:00:00 AM,19:10:18,1.24,48.0,30.43,102.0,70.74,7.87,06:23:00,17:50:00
8049,1477803920,10/29/2016 12:00:00 AM,19:05:20,1.21,48.0,30.43,102.0,138.59,5.62,06:23:00,17:50:00
8050,1477803620,10/29/2016 12:00:00 AM,19:00:20,1.2,48.0,30.43,102.0,121.7,6.75,06:23:00,17:50:00
8051,1477803324,10/29/2016 12:00:00 AM,18:55:24,1.25,49.0,30.43,102.0,129.25,6.75,06:23:00,17:50:00
8052,1477803018,10/29/2016 12:00:00 AM,18:50:18,1.22,48.0,30.43,102.0,148.1,6.75,06:23:00,17:50:00
8053,1477802717,10/29/2016 12:00:00 AM,18:45:17,1.2,48.0,30.43,102.0,126.03,6.75,06:23:00,17:50:00
8054,1477802417,10/29/2016 12:00:00 AM,18:40:17,1.23,48.0,30.43,102.0,131.13,6.75,06:23:00,17:50:00
8055,1477802118,10/29/2016 12:00:00 AM,18:35:18,1.2,48.0,30.43,102.0,147.45,10.12,06:23:00,17:50:00
8056,1477801818,10/29/2016 12:00:00 AM,18:30:18,1.21,48.0,30.42,102.0,147.58,9.0,06:23:00,17:50:00
8057,1477801520,10/29/2016 12:00:00 AM,18:25:20,1.23,48.0,30.42,102.0,114.57,6.75,06:23:00,17:50:00
8058,1477801218,10/29/2016 12:00:00 AM,18:20:18,1.25,48.0,30.43,102.0,121.23,2.25,06:23:00,17:50:00
8059,1477800918,10/29/2016 12:00:00 AM,18:15:18,1.23,48.0,30.43,102.0,136.03,6.75,06:23:00,17:50:00
8060,1477800617,10/29/2016 12:00:00 AM,18:10:17,1.22,48.0,30.42,102.0,96.0,4.5,06:23:00,17:50:00
8061,1477800318,10/29/2016 12:00:00 AM,18:05:18,1.22,48.0,30.42,102.0,129.1,4.5,06:23:00,17:50:00
8062,1477800018,10/29/2016 12:00:00 AM,18:00:18,1.21,48.0,30.43,102.0,102.16,5.62,06:23:00,17:50:00
8063,1477799718,10/29/2016 12:00:00 AM,17:55:18,1.93,48.0,30.42,102.0,130.71,9.0,06:23:00,17:50:00
8064,1477799418,10/29/2016 12:00:00 AM,17:50:18,2.73,48.0,30.42,102.0,46.3,4.5,06:23:00,17:50:00
8065,1477799117,10/29/2016 12:00:00 AM,17:45:17,6.19,48.0,30.42,102.0,108.32,4.5,06:23:00,17:50:00
8066,1477798818,10/29/2016 12:00:00 AM,17:40:18,9.02,48.0,30.42,102.0,142.09,9.0,06:23:00,17:50:00
8067,1477798517,10/29/2016 12:00:00 AM,17:35:17,12.6,48.0,30.42,102.0,143.64,7.87,06:23:00,17:50:00
8068,1477798217,10/29/2016 12:00:00 AM,17:30:17,21.01,48.0,30.42,102.0,113.97,6.75,06:23:00,17:50:00
8069,1477797921,10/29/2016 12:00:00 AM,17:25:21,39.37,48.0,30.42,102.0,124.06,10.12,06:23:00,17:50:00
8070,1477797618,10/29/2016 12:00:00 AM,17:20:18,91.96,48.0,30.42,102.0,161.25,9.0,06:23:00,17:50:00
8071,1477797317,10/29/2016 12:00:00 AM,17:15:17,91.86,48.0,30.41,102.0,127.53,6.75,06:23:00,17:50:00
8072,1477797018,10/29/2016 12:00:00 AM,17:10:18,94.81,48.0,30.41,102.0,134.41,3.37,06:23:00,17:50:00
8073,1477796719,10/29/2016 12:00:00 AM,17:05:19,77.89,48.0,30.41,102.0,86.8,3.37,06:23:00,17:50:00
8074,1477796418,10/29/2016 12:00:00 AM,17:00:18,73.52,48.0,30.41,102.0,39.92,2.25,06:23:00,17:50:00
8075,1477796120,10/29/2016 12:00:00 AM,16:55:20,92.92,48.0,30.41,102.0,11.02,4.5,06:23:00,17:50:00
8076,1477795818,10/29/2016 12:00:00 AM,16:50:18,72.61,48.0,30.41,102.0,49.94,3.37,06:23:00,17:50:00
8077,1477795520,10/29/2016 12:00:00 AM,16:45:20,55.08,48.0,30.4,102.0,75.77,10.12,06:23:00,17:50:00
8078,1477795218,10/29/2016 12:00:00 AM,16:40:18,65.67,49.0,30.41,102.0,359.93,5.62,06:23:00,17:50:00
8079,1477794918,10/29/2016 12:00:00 AM,16:35:18,93.28,49.0,30.4,102.0,75.68,4.5,06:23:00,17:50:00
8080,1477794618,10/29/2016 12:00:00 AM,16:30:18,133.46,49.0,30.4,102.0,33.09,10.12,06:23:00,17:50:00
8081,1477794317,10/29/2016 12:00:00 AM,16:25:17,107.22,49.0,30.4,102.0,95.91,4.5,06:23:00,17:50:00
8082,1477794018,10/29/2016 12:00:00 AM,16:20:18,125.2,49.0,30.4,102.0,20.23,2.25,06:23:00,17:50:00
8083,1477793724,10/29/2016 12:00:00 AM,16:15:24,87.56,49.0,30.4,102.0,39.88,3.37,06:23:00,17:50:00
8084,1477793420,10/29/2016 12:00:00 AM,16:10:20,80.49,50.0,30.39,102.0,113.53,6.75,06:23:00,17:50:00
8085,1477793120,10/29/2016 12:00:00 AM,16:05:20,156.32,50.0,30.4,102.0,47.57,9.0,06:23:00,17:50:00
8086,1477792819,10/29/2016 12:00:00 AM,16:00:19,258.77,50.0,30.39,102.0,29.75,6.75,06:23:00,17:50:00
8087,1477792518,10/29/2016 12:00:00 AM,15:55:18,236.58,50.0,30.4,102.0,94.0,5.62,06:23:00,17:50:00
8088,1477792218,10/29/2016 12:00:00 AM,15:50:18,234.33,51.0,30.4,102.0,106.3,7.87,06:23:00,17:50:00
8089,1477791921,10/29/2016 12:00:00 AM,15:45:21,239.37,50.0,30.4,102.0,52.38,6.75,06:23:00,17:50:00
8090,1477791624,10/29/2016 12:00:00 AM,15:40:24,214.91,50.0,30.4,102.0,40.23,10.12,06:23:00,17:50:00
8091,1477791317,10/29/2016 12:00:00 AM,15:35:17,198.02,51.0,30.4,102.0,78.4,7.87,06:23:00,17:50:00
8092,1477791020,10/29/2016 12:00:00 AM,15:30:20,406.31,50.0,30.39,102.0,88.95,7.87,06:23:00,17:50:00
8093,1477790718,10/29/2016 12:00:00 AM,15:25:18,271.72,50.0,30.39,102.0,156.22,2.25,06:23:00,17:50:00
8094,1477790418,10/29/2016 12:00:00 AM,15:20:18,405.98,50.0,30.39,102.0,88.97,3.37,06:23:00,17:50:00
8095,1477790120,10/29/2016 12:00:00 AM,15:15:20,174.6,50.0,30.39,102.0,0.27,5.62,06:23:00,17:50:00
8096,1477789820,10/29/2016 12:00:00 AM,15:10:20,173.03,50.0,30.39,102.0,263.39,9.0,06:23:00,17:50:00
8097,1477789518,10/29/2016 12:00:00 AM,15:05:18,222.75,51.0,30.39,102.0,45.88,7.87,06:23:00,17:50:00
8098,1477789218,10/29/2016 12:00:00 AM,15:00:18,240.09,51.0,30.39,102.0,359.85,4.5,06:23:00,17:50:00
8099,1477788924,10/29/2016 12:00:00 AM,14:55:24,467.49,51.0,30.39,102.0,43.64,13.5,06:23:00,17:50:00
8100,1477788617,10/29/2016 12:00:00 AM,14:50:17,687.42,51.0,30.39,102.0,56.67,6.75,06:23:00,17:50:00
8101,1477788319,10/29/2016 12:00:00 AM,14:45:19,233.05,51.0,30.39,102.0,83.04,5.62,06:23:00,17:50:00
8102,1477788018,10/29/2016 12:00:00 AM,14:40:18,208.69,51.0,30.39,102.0,157.4,3.37,06:23:00,17:50:00
8103,1477787718,10/29/2016 12:00:00 AM,14:35:18,315.64,51.0,30.39,102.0,107.79,5.62,06:23:00,17:50:00
8104,1477787417,10/29/2016 12:00:00 AM,14:30:17,359.35,52.0,30.39,102.0,16.53,4.5,06:23:00,17:50:00
8105,1477787118,10/29/2016 12:00:00 AM,14:25:18,781.41,51.0,30.39,102.0,42.75,2.25,06:23:00,17:50:00
8106,1477786820,10/29/2016 12:00:00 AM,14:20:20,259.83,51.0,30.39,102.0,66.46,10.12,06:23:00,17:50:00
8107,1477786518,10/29/2016 12:00:00 AM,14:15:18,482.41,51.0,30.39,102.0,93.02,3.37,06:23:00,17:50:00
8108,1477786217,10/29/2016 12:00:00 AM,14:10:17,486.74,51.0,30.39,102.0,123.59,2.25,06:23:00,17:50:00
8109,1477785917,10/29/2016 12:00:00 AM,14:05:17,379.79,51.0,30.39,102.0,64.38,5.62,06:23:00,17:50:00
8110,1477785618,10/29/2016 12:00:00 AM,14:00:18,282.96,51.0,30.39,102.0,2.22,3.37,06:23:00,17:50:00
8111,1477785319,10/29/2016 12:00:00 AM,13:55:19,467.96,51.0,30.4,102.0,81.57,4.5,06:23:00,17:50:00
8112,1477785017,10/29/2016 12:00:00 AM,13:50:17,331.65,51.0,30.4,102.0,49.65,4.5,06:23:00,17:50:00
8113,1477784717,10/29/2016 12:00:00 AM,13:45:17,300.24,51.0,30.4,102.0,83.44,4.5,06:23:00,17:50:00
8114,1477784418,10/29/2016 12:00:00 AM,13:40:18,320.97,51.0,30.4,102.0,49.92,2.25,06:23:00,17:50:00
8115,1477784118,10/29/2016 12:00:00 AM,13:35:18,347.47,51.0,30.4,102.0,86.36,3.37,06:23:00,17:50:00
8116,1477783817,10/29/2016 12:00:00 AM,13:30:17,379.64,51.0,30.4,102.0,105.68,5.62,06:23:00,17:50:00
8117,1477783518,10/29/2016 12:00:00 AM,13:25:18,819.99,51.0,30.4,102.0,52.58,4.5,06:23:00,17:50:00
8118,1477783218,10/29/2016 12:00:00 AM,13:20:18,425.48,50.0,30.4,102.0,52.77,4.5,06:23:00,17:50:00
8119,1477782918,10/29/2016 12:00:00 AM,13:15:18,387.15,50.0,30.4,102.0,50.83,6.75,06:23:00,17:50:00
8120,1477782617,10/29/2016 12:00:00 AM,13:10:17,301.13,51.0,30.41,102.0,78.65,5.62,06:23:00,17:50:00
8121,1477782317,10/29/2016 12:00:00 AM,13:05:17,312.3,51.0,30.41,102.0,13.75,4.5,06:23:00,17:50:00
8122,1477782017,10/29/2016 12:00:00 AM,13:00:17,269.67,50.0,30.41,102.0,0.11,2.25,06:23:00,17:50:00
8123,1477781717,10/29/2016 12:00:00 AM,12:55:17,346.24,50.0,30.41,102.0,79.74,7.87,06:23:00,17:50:00
8124,1477781417,10/29/2016 12:00:00 AM,12:50:17,370.49,51.0,30.41,102.0,88.49,2.25,06:23:00,17:50:00
8125,1477781118,10/29/2016 12:00:00 AM,12:45:18,321.86,51.0,30.41,102.0,47.57,10.12,06:23:00,17:50:00
8126,1477780817,10/29/2016 12:00:00 AM,12:40:17,444.08,51.0,30.41,102.0,8.01,6.75,06:23:00,17:50:00
8127,1477780518,10/29/2016 12:00:00 AM,12:35:18,384.12,51.0,30.41,102.0,25.02,6.75,06:23:00,17:50:00
8128,1477780217,10/29/2016 12:00:00 AM,12:30:17,335.18,50.0,30.41,101.0,52.81,1.12,06:23:00,17:50:00
8129,1477779917,10/29/2016 12:00:00 AM,12:25:17,415.04,51.0,30.42,101.0,35.39,10.12,06:23:00,17:50:00
8130,1477779618,10/29/2016 12:00:00 AM,12:20:18,319.61,51.0,30.41,102.0,336.53,6.75,06:23:00,17:50:00
8131,1477779318,10/29/2016 12:00:00 AM,12:15:18,382.19,51.0,30.423028000868246,102.0,57.07,6.75,06:23:00,17:50:00
8132,1477779017,10/29/2016 12:00:00 AM,12:10:17,336.6,51.0,30.42,102.0,12.35,3.37,06:23:00,17:50:00
8133,1477778718,10/29/2016 12:00:00 AM,12:05:18,426.03,51.0,30.42,102.0,355.18,2.25,06:23:00,17:50:00
8134,1477778421,10/29/2016 12:00:00 AM,12:00:21,424.79,51.0,30.42,102.0,32.32,5.62,06:23:00,17:50:00
8135,1477778118,10/29/2016 12:00:00 AM,11:55:18,330.48,51.0,30.42,101.0,82.76,12.37,06:23:00,17:50:00
8136,1477777817,10/29/2016 12:00:00 AM,11:50:17,283.79,51.0,30.42,102.0,44.79,10.12,06:23:00,17:50:00
8137,1477777520,10/29/2016 12:00:00 AM,11:45:20,608.89,51.0,30.42,101.0,336.56,5.62,06:23:00,17:50:00
8138,1477777219,10/29/2016 12:00:00 AM,11:40:19,454.15,51.0,30.42,102.0,23.45,5.62,06:23:00,17:50:00
8139,1477776918,10/29/2016 12:00:00 AM,11:35:18,522.0,52.0,30.42,102.0,0.77,2.25,06:23:00,17:50:00
8140,1477776617,10/29/2016 12:00:00 AM,11:30:17,664.37,52.0,30.42,102.0,69.13,6.75,06:23:00,17:50:00
8141,1477776320,10/29/2016 12:00:00 AM,11:25:20,643.59,51.0,30.42,102.0,30.84,4.5,06:23:00,17:50:00
8142,1477776020,10/29/2016 12:00:00 AM,11:20:20,474.21,51.0,30.43,102.0,67.1,9.0,06:23:00,17:50:00
8143,1477775718,10/29/2016 12:00:00 AM,11:15:18,469.01,52.0,30.43,102.0,96.26,3.37,06:23:00,17:50:00
8144,1477775417,10/29/2016 12:00:00 AM,11:10:17,629.06,52.0,30.43,102.0,43.0,4.5,06:23:00,17:50:00
8145,1477775117,10/29/2016 12:00:00 AM,11:05:17,566.08,51.0,30.43,102.0,105.61,7.87,06:23:00,17:50:00
8146,1477774820,10/29/2016 12:00:00 AM,11:00:20,728.99,51.0,30.43,102.0,73.55,4.5,06:23:00,17:50:00
8147,1477774519,10/29/2016 12:00:00 AM,10:55:19,516.82,51.0,30.43,102.0,37.43,7.87,06:23:00,17:50:00
8148,1477774221,10/29/2016 12:00:00 AM,10:50:21,368.29,51.0,30.43,102.0,70.68,5.62,06:23:00,17:50:00
8149,1477773918,10/29/2016 12:00:00 AM,10:45:18,537.1,51.0,30.43,102.0,53.24,4.5,06:23:00,17:50:00
8150,1477773620,10/29/2016 12:00:00 AM,10:40:20,429.59,51.0,30.44,102.0,45.74,4.5,06:23:00,17:50:00
8151,1477773320,10/29/2016 12:00:00 AM,10:35:20,423.68,51.0,30.44,102.0,69.25,6.75,06:23:00,17:50:00
8152,1477773018,10/29/2016 12:00:00 AM,10:30:18,302.84,51.0,30.44,102.0,78.34,4.5,06:23:00,17:50:00
8153,1477772718,10/29/2016 12:00:00 AM,10:25:18,450.53,51.0,30.44,102.0,87.26,2.25,06:23:00,17:50:00
8154,1477772420,10/29/2016 12:00:00 AM,10:20:20,358.87,51.0,30.44,102.0,136.12,6.75,06:23:00,17:50:00
8155,1477772120,10/29/2016 12:00:00 AM,10:15:20,281.56,51.0,30.44,102.0,6.43,7.87,06:23:00,17:50:00
8156,1477771817,10/29/2016 12:00:00 AM,10:10:17,529.26,52.0,30.44,102.0,33.84,9.0,06:23:00,17:50:00
8157,1477771522,10/29/2016 12:00:00 AM,10:05:22,433.28,52.0,30.44,102.0,121.64,4.5,06:23:00,17:50:00
8158,1477771218,10/29/2016 12:00:00 AM,10:00:18,478.11,52.0,30.44,102.0,89.69,6.75,06:23:00,17:50:00
8159,1477770917,10/29/2016 12:00:00 AM,09:55:17,481.89,51.0,30.44,102.0,120.52,7.87,06:23:00,17:50:00
8160,1477770617,10/29/2016 12:00:00 AM,09:50:17,454.16,51.0,30.44,102.0,127.5,11.25,06:23:00,17:50:00
8161,1477770319,10/29/2016 12:00:00 AM,09:45:19,954.64,50.0,30.44,102.0,84.48,3.37,06:23:00,17:50:00
8162,1477770018,10/29/2016 12:00:00 AM,09:40:18,357.48,50.0,30.44,102.0,140.27,7.87,06:23:00,17:50:00
8163,1477769717,10/29/2016 12:00:00 AM,09:35:17,340.78,50.0,30.44,102.0,67.62,5.62,06:23:00,17:50:00
8164,1477769418,10/29/2016 12:00:00 AM,09:30:18,431.84,50.0,30.43,102.0,116.16,2.25,06:23:00,17:50:00
8165,1477769118,10/29/2016 12:00:00 AM,09:25:18,319.87,50.0,30.44,102.0,52.35,5.62,06:23:00,17:50:00
8166,1477768818,10/29/2016 12:00:00 AM,09:20:18,364.56,50.0,30.44,102.0,58.56,3.37,06:23:00,17:50:00
8167,1477768517,10/29/2016 12:00:00 AM,09:15:17,328.88,49.0,30.44,102.0,59.46,4.5,06:23:00,17:50:00
8168,1477768217,10/29/2016 12:00:00 AM,09:10:17,195.07,49.0,30.44,102.0,49.74,7.87,06:23:00,17:50:00
8169,1477767918,10/29/2016 12:00:00 AM,09:05:18,318.12,49.0,30.43,102.0,136.46,2.25,06:23:00,17:50:00
8170,1477767620,10/29/2016 12:00:00 AM,09:00:20,283.51,49.0,30.43,102.0,13.39,12.37,06:23:00,17:50:00
8171,1477767318,10/29/2016 12:00:00 AM,08:55:18,258.66,49.0,30.43,102.0,100.46,3.37,06:23:00,17:50:00
8172,1477767017,10/29/2016 12:00:00 AM,08:50:17,269.78,49.0,30.43,102.0,56.37,4.5,06:23:00,17:50:00
8173,1477766723,10/29/2016 12:00:00 AM,08:45:23,269.63,49.0,30.43,102.0,57.38,2.25,06:23:00,17:50:00
8174,1477766418,10/29/2016 12:00:00 AM,08:40:18,197.58,49.0,30.43,102.0,0.18,3.37,06:23:00,17:50:00
8175,1477766117,10/29/2016 12:00:00 AM,08:35:17,205.21,49.0,30.43,102.0,95.21,5.62,06:23:00,17:50:00
8176,1477765821,10/29/2016 12:00:00 AM,08:30:21,189.84,49.0,30.43,102.0,84.2,5.62,06:23:00,17:50:00
8177,1477765521,10/29/2016 12:00:00 AM,08:25:21,148.11,49.0,30.43,102.0,75.22,4.5,06:23:00,17:50:00
8178,1477765218,10/29/2016 12:00:00 AM,08:20:18,214.59,49.0,30.42,102.0,144.31,5.62,06:23:00,17:50:00
8179,1477764918,10/29/2016 12:00:00 AM,08:15:18,241.64,49.0,30.42,102.0,63.68,2.25,06:23:00,17:50:00
8180,1477764617,10/29/2016 12:00:00 AM,08:10:17,127.95,49.0,30.42,102.0,93.61,1.12,06:23:00,17:50:00
8181,1477764318,10/29/2016 12:00:00 AM,08:05:18,127.27,49.0,30.42,102.0,98.35,1.12,06:23:00,17:50:00
8182,1477764018,10/29/2016 12:00:00 AM,08:00:18,120.5,49.0,30.42,102.0,85.65,5.62,06:23:00,17:50:00
8183,1477763717,10/29/2016 12:00:00 AM,07:55:17,108.87,49.0,30.42,102.0,172.69,5.62,06:23:00,17:50:00
8184,1477763417,10/29/2016 12:00:00 AM,07:50:17,123.87,48.0,30.42,102.0,103.36,2.25,06:23:00,17:50:00
8185,1477763118,10/29/2016 12:00:00 AM,07:45:18,84.43,48.0,30.42,102.0,151.74,4.5,06:23:00,17:50:00
8186,1477762818,10/29/2016 12:00:00 AM,07:40:18,131.1,48.0,30.42,102.0,172.33,1.12,06:23:00,17:50:00
8187,1477762518,10/29/2016 12:00:00 AM,07:35:18,83.86,48.0,30.42,102.0,126.7,10.12,06:23:00,17:50:00
8188,1477762217,10/29/2016 12:00:00 AM,07:30:17,80.15,48.0,30.41,102.0,110.86,10.12,06:23:00,17:50:00
8189,1477761924,10/29/2016 12:00:00 AM,07:25:24,59.34,48.0,30.42,102.0,125.1,2.25,06:23:00,17:50:00
8190,1477761618,10/29/2016 12:00:00 AM,07:20:18,66.0,48.0,30.41,102.0,74.76,1.12,06:23:00,17:50:00
8191,1477761318,10/29/2016 12:00:00 AM,07:15:18,72.99,48.0,30.41,102.0,68.07,3.37,06:23:00,17:50:00
8192,1477761018,10/29/2016 12:00:00 AM,07:10:18,73.24,48.0,30.41,102.0,143.54770303349548,2.25,06:23:00,17:50:00
8193,1477760719,10/29/2016 12:00:00 AM,07:05:19,48.82,47.0,30.41,102.0,105.34,5.62,06:23:00,17:50:00
8194,1477760418,10/29/2016 12:00:00 AM,07:00:18,49.11,47.0,30.4,102.0,94.29,2.25,06:23:00,17:50:00
8195,1477760117,10/29/2016 12:00:00 AM,06:55:17,55.31,47.0,30.4,102.0,119.69,4.5,06:23:00,17:50:00
8196,1477759817,10/29/2016 12:00:00 AM,06:50:17,44.29,47.0,30.4,102.0,123.52,9.0,06:23:00,17:50:00
8197,1477759518,10/29/2016 12:00:00 AM,06:45:18,28.31,47.0,30.4,102.0,168.11,10.12,06:23:00,17:50:00
8198,1477759218,10/29/2016 12:00:00 AM,06:40:18,20.68,47.0,30.4,102.0,120.61,11.25,06:23:00,17:50:00
8199,1477758917,10/29/2016 12:00:00 AM,06:35:17,15.83,47.0,30.4,102.0,141.44,7.87,06:23:00,17:50:00
8200,1477758620,10/29/2016 12:00:00 AM,06:30:20,10.91,47.0,30.4,102.0,119.08,5.62,06:23:00,17:50:00
8201,1477758318,10/29/2016 12:00:00 AM,06:25:18,7.29,47.0,30.39,102.0,128.77,7.87,06:23:00,17:50:00
8202,1477758018,10/29/2016 12:00:00 AM,06:20:18,5.65,47.0,30.39,102.0,134.72,10.12,06:23:00,17:50:00
8203,1477757717,10/29/2016 12:00:00 AM,06:15:17,4.11,47.0,30.39,102.0,146.22,7.87,06:23:00,17:50:00
8204,1477757420,10/29/2016 12:00:00 AM,06:10:20,1.51,47.0,30.4,102.0,113.92,9.0,06:23:00,17:50:00
8205,1477757118,10/29/2016 12:00:00 AM,06:05:18,1.17,47.0,30.39,102.0,140.68,6.75,06:23:00,17:50:00
8206,1477756818,10/29/2016 12:00:00 AM,06:00:18,1.26,47.0,30.39,102.0,129.57,9.0,06:23:00,17:50:00
8207,1477756523,10/29/2016 12:00:00 AM,05:55:23,1.23,47.0,30.39,102.0,156.33,6.75,06:23:00,17:50:00
8208,1477756218,10/29/2016 12:00:00 AM,05:50:18,1.21,47.0,30.39,102.0,121.08,7.87,06:23:00,17:50:00
8209,1477755918,10/29/2016 12:00:00 AM,05:45:18,1.18,47.0,30.39,102.0,140.44,6.75,06:23:00,17:50:00
8210,1477755617,10/29/2016 12:00:00 AM,05:40:17,1.25,47.0,30.39,102.0,127.0,5.62,06:23:00,17:50:00
8211,1477755317,10/29/2016 12:00:00 AM,05:35:17,1.2,47.0,30.39,102.0,125.14,5.62,06:23:00,17:50:00
8212,1477755017,10/29/2016 12:00:00 AM,05:30:17,1.24,47.0,30.39,102.0,142.34,6.75,06:23:00,17:50:00
8213,1477754719,10/29/2016 12:00:00 AM,05:25:19,1.2,47.0,30.39,102.0,158.52,7.87,06:23:00,17:50:00
8214,1477754421,10/29/2016 12:00:00 AM,05:20:21,1.21,47.0,30.39,102.0,146.37,4.5,06:23:00,17:50:00
8215,1477754118,10/29/2016 12:00:00 AM,05:15:18,1.17,46.0,30.39,102.0,133.01,5.62,06:23:00,17:50:00
8216,1477753818,10/29/2016 12:00:00 AM,05:10:18,1.2,46.0,30.38,102.0,127.9,10.12,06:23:00,17:50:00
8217,1477753518,10/29/2016 12:00:00 AM,05:05:18,1.21,46.0,30.38,102.0,191.08,9.0,06:23:00,17:50:00
8218,1477753223,10/29/2016 12:00:00 AM,05:00:23,1.17,46.0,30.38,101.0,173.42,6.75,06:23:00,17:50:00
8219,1477752917,10/29/2016 12:00:00 AM,04:55:17,1.18,46.0,30.38,101.0,170.02,7.87,06:23:00,17:50:00
8220,1477752618,10/29/2016 12:00:00 AM,04:50:18,1.18,45.0,30.38,101.0,152.03,9.0,06:23:00,17:50:00
8221,1477752318,10/29/2016 12:00:00 AM,04:45:18,1.21,45.0,30.38,101.0,172.0,5.62,06:23:00,17:50:00
8222,1477752017,10/29/2016 12:00:00 AM,04:40:17,1.2,45.0,30.38,101.0,157.85,5.62,06:23:00,17:50:00
8223,1477751718,10/29/2016 12:00:00 AM,04:35:18,1.24,45.0,30.38,101.0,162.89,6.75,06:23:00,17:50:00
8224,1477751418,10/29/2016 12:00:00 AM,04:30:18,1.19,45.0,30.38,101.0,101.39,7.87,06:23:00,17:50:00
8225,1477751118,10/29/2016 12:00:00 AM,04:25:18,1.2,46.0,30.38,101.0,146.95,3.37,06:23:00,17:50:00
8226,1477750818,10/29/2016 12:00:00 AM,04:20:18,1.22,45.0,30.38,101.0,135.5,5.62,06:23:00,17:50:00
8227,1477750519,10/29/2016 12:00:00 AM,04:15:19,1.22,45.0,30.38,101.0,176.42,7.87,06:23:00,17:50:00
8228,1477750220,10/29/2016 12:00:00 AM,04:10:20,1.2,45.0,30.38,101.0,148.5,6.75,06:23:00,17:50:00
8229,1477749920,10/29/2016 12:00:00 AM,04:05:20,1.23,45.0,30.38,101.0,138.86,6.75,06:23:00,17:50:00
8230,1477749618,10/29/2016 12:00:00 AM,04:00:18,1.22,45.0,30.38,101.0,105.66,12.37,06:23:00,17:50:00
8231,1477749318,10/29/2016 12:00:00 AM,03:55:18,1.2,45.0,30.38,100.0,75.07,10.12,06:23:00,17:50:00
8232,1477749020,10/29/2016 12:00:00 AM,03:50:20,1.22,45.0,30.38,100.0,121.02,9.0,06:23:00,17:50:00
8233,1477748717,10/29/2016 12:00:00 AM,03:45:17,1.17,44.0,30.38,100.0,155.5,9.0,06:23:00,17:50:00
8234,1477748420,10/29/2016 12:00:00 AM,03:40:20,1.2,44.0,30.38,99.0,146.18,5.62,06:23:00,17:50:00
8235,1477748121,10/29/2016 12:00:00 AM,03:35:21,1.2,44.0,30.38,99.0,146.49,7.87,06:23:00,17:50:00
8236,1477747820,10/29/2016 12:00:00 AM,03:30:20,1.21,44.0,30.38,99.0,182.73,3.37,06:23:00,17:50:00
8237,1477747517,10/29/2016 12:00:00 AM,03:25:17,1.19,44.0,30.38,99.0,159.99,4.5,06:23:00,17:50:00
8238,1477747218,10/29/2016 12:00:00 AM,03:20:18,1.2,44.0,30.38,98.0,137.62,10.12,06:23:00,17:50:00
8239,1477746918,10/29/2016 12:00:00 AM,03:15:18,1.22,44.0,30.38,98.0,112.46,11.25,06:23:00,17:50:00
8240,1477746620,10/29/2016 12:00:00 AM,03:10:20,1.19,44.0,30.38,98.0,127.99,7.87,06:23:00,17:50:00
8241,1477746320,10/29/2016 12:00:00 AM,03:05:20,1.24,44.0,30.38,98.0,149.95,6.75,06:23:00,17:50:00
8242,1477746019,10/29/2016 12:00:00 AM,03:00:19,1.2,44.0,30.38,99.0,115.2,7.87,06:23:00,17:50:00
8243,1477745720,10/29/2016 12:00:00 AM,02:55:20,1.22,43.0,30.38,99.0,155.05,3.37,06:23:00,17:50:00
8244,1477745418,10/29/2016 12:00:00 AM,02:50:18,1.22,43.0,30.38,100.0,138.77,10.12,06:23:00,17:50:00
8245,1477745118,10/29/2016 12:00:00 AM,02:45:18,1.18,43.0,30.38,100.0,134.4,12.37,06:23:00,17:50:00
8246,1477744820,10/29/2016 12:00:00 AM,02:40:20,1.22,43.0,30.38,100.0,174.26,4.5,06:23:00,17:50:00
8247,1477744520,10/29/2016 12:00:00 AM,02:35:20,1.21,43.0,30.39,100.0,130.76,10.12,06:23:00,17:50:00
8248,1477744219,10/29/2016 12:00:00 AM,02:30:19,1.2,43.0,30.39,99.0,132.84,1.12,06:23:00,17:50:00
8249,1477743925,10/29/2016 12:00:00 AM,02:25:25,1.22,43.0,30.39,99.0,119.7,9.0,06:23:00,17:50:00
8250,1477743620,10/29/2016 12:00:00 AM,02:20:20,1.19,43.0,30.39,98.0,145.73,7.87,06:23:00,17:50:00
8251,1477743321,10/29/2016 12:00:00 AM,02:15:21,1.19,43.0,30.39,98.0,12.64,2.25,06:23:00,17:50:00
8252,1477743019,10/29/2016 12:00:00 AM,02:10:19,1.21,43.0,30.39,98.0,131.49,10.12,06:23:00,17:50:00
8253,1477742717,10/29/2016 12:00:00 AM,02:05:17,1.2,43.0,30.39,98.0,145.08,11.25,06:23:00,17:50:00
8254,1477742421,10/29/2016 12:00:00 AM,02:00:21,1.21,43.0,30.39,98.0,132.35,7.87,06:23:00,17:50:00
8255,1477742117,10/29/2016 12:00:00 AM,01:55:17,1.2,43.0,30.39,98.0,171.07,4.5,06:23:00,17:50:00
8256,1477741819,10/29/2016 12:00:00 AM,01:50:19,1.19,43.0,30.39,97.0,116.32,6.75,06:23:00,17:50:00
8257,1477741517,10/29/2016 12:00:00 AM,01:45:17,1.21,43.0,30.39,97.0,158.08,7.87,06:23:00,17:50:00
8258,1477741218,10/29/2016 12:00:00 AM,01:40:18,1.2,43.0,30.39,97.0,139.24,9.0,06:23:00,17:50:00
8259,1477740918,10/29/2016 12:00:00 AM,01:35:18,1.22,44.0,30.39,96.0,190.37,6.75,06:23:00,17:50:00
8260,1477740617,10/29/2016 12:00:00 AM,01:30:17,1.21,44.0,30.39,95.0,132.39,10.12,06:23:00,17:50:00
8261,1477740317,10/29/2016 12:00:00 AM,01:25:17,1.22,44.0,30.4,88.0,33.17,3.37,06:23:00,17:50:00
8262,1477740018,10/29/2016 12:00:00 AM,01:20:18,1.19,44.0,30.39,88.0,142.92,5.62,06:23:00,17:50:00
8263,1477739718,10/29/2016 12:00:00 AM,01:15:18,1.16,44.0,30.39,89.0,131.65,11.25,06:23:00,17:50:00
8264,1477739420,10/29/2016 12:00:00 AM,01:10:20,1.19,44.0,30.39,93.0,144.02,11.25,06:23:00,17:50:00
8265,1477739118,10/29/2016 12:00:00 AM,01:05:18,1.18,44.0,30.4,97.0,138.93,6.75,06:23:00,17:50:00
8266,1477738820,10/29/2016 12:00:00 AM,01:00:20,1.21,44.0,30.4,98.0,98.84,5.62,06:23:00,17:50:00
8267,1477738518,10/29/2016 12:00:00 AM,00:55:18,1.2,44.0,30.4,99.0,158.33,9.0,06:23:00,17:50:00
8268,1477738219,10/29/2016 12:00:00 AM,00:50:19,1.18,44.0,30.4,99.0,128.49,4.5,06:23:00,17:50:00
8269,1477737920,10/29/2016 12:00:00 AM,00:45:20,1.22,44.0,30.41,99.0,175.19,4.5,06:23:00,17:50:00
8270,1477737617,10/29/2016 12:00:00 AM,00:40:17,1.18,44.0,30.41,98.0,164.67,5.62,06:23:00,17:50:00
8271,1477737317,10/29/2016 12:00:00 AM,00:35:17,1.19,44.0,30.41,98.0,142.68,4.5,06:23:00,17:50:00
8272,1477737017,10/29/2016 12:00:00 AM,00:30:17,1.21,45.0,30.41,98.0,150.88,2.25,06:23:00,17:50:00
8273,1477736718,10/29/2016 12:00:00 AM,00:25:18,1.21,44.0,30.41,97.0,138.66,9.0,06:23:00,17:50:00
8274,1477736419,10/29/2016 12:00:00 AM,00:20:19,1.21,44.0,30.41,97.0,155.03,3.37,06:23:00,17:50:00
8275,1477736117,10/29/2016 12:00:00 AM,00:15:17,1.22,44.0,30.41,97.0,152.12,3.37,06:23:00,17:50:00
8276,1477735818,10/29/2016 12:00:00 AM,00:10:18,1.2,44.0,30.41,96.0,162.26,7.87,06:23:00,17:50:00
8277,1477735520,10/29/2016 12:00:00 AM,00:05:20,1.23,44.0,30.41,95.0,164.79,6.75,06:23:00,17:50:00
8278,1477735219,10/29/2016 12:00:00 AM,00:00:19,1.2,44.0,30.41,94.0,159.22,6.75,06:23:00,17:50:00
8279,1477734918,10/28/2016 12:00:00 AM,23:55:18,1.22,44.0,30.41,92.0,186.83,6.75,06:22:00,17:51:00
8280,1477734620,10/28/2016 12:00:00 AM,23:50:20,1.19,44.0,30.41,91.0,177.52,6.75,06:22:00,17:51:00
8281,1477734317,10/28/2016 12:00:00 AM,23:45:17,1.22,44.0,30.41,90.0,132.76,7.87,06:22:00,17:51:00
8282,1477734017,10/28/2016 12:00:00 AM,23:40:17,1.22,44.0,30.41,86.0,155.55,5.62,06:22:00,17:51:00
8283,1477733718,10/28/2016 12:00:00 AM,23:35:18,1.24,44.0,30.42,84.0,173.63,9.0,06:22:00,17:51:00
8284,1477733417,10/28/2016 12:00:00 AM,23:30:17,1.19,44.0,30.42,86.0,180.21,6.75,06:22:00,17:51:00
8285,1477733118,10/28/2016 12:00:00 AM,23:25:18,1.21,44.0,30.42,92.0,164.69,6.75,06:22:00,17:51:00
8286,1477732819,10/28/2016 12:00:00 AM,23:20:19,1.18,44.0,30.423028000868246,98.0,135.0,14.62,06:22:00,17:51:00
8287,1477732518,10/28/2016 12:00:00 AM,23:15:18,1.2,44.0,30.42,98.0,123.16,11.25,06:22:00,17:51:00
8288,1477732218,10/28/2016 12:00:00 AM,23:10:18,1.2,44.0,30.42,98.0,133.59,10.12,06:22:00,17:51:00
8289,1477731917,10/28/2016 12:00:00 AM,23:05:17,1.19,44.0,30.42,97.0,115.47,6.75,06:22:00,17:51:00
8290,1477731618,10/28/2016 12:00:00 AM,23:00:18,1.2,43.0,30.42,95.0,159.41,5.62,06:22:00,17:51:00
8291,1477731320,10/28/2016 12:00:00 AM,22:55:20,1.19,43.0,30.42,94.0,157.53,3.37,06:22:00,17:51:00
8292,1477731020,10/28/2016 12:00:00 AM,22:50:20,1.22,43.0,30.43,92.0,169.06,6.229096658193317,06:22:00,17:51:00
8293,1477730718,10/28/2016 12:00:00 AM,22:45:18,1.22,43.0,30.43,89.0,169.19,6.75,06:22:00,17:51:00
8294,1477730418,10/28/2016 12:00:00 AM,22:40:18,1.2,43.0,30.43,77.0,133.52,10.12,06:22:00,17:51:00
8295,1477730120,10/28/2016 12:00:00 AM,22:35:20,1.19,42.0,30.43,74.0,99.35,4.5,06:22:00,17:51:00
8296,1477729817,10/28/2016 12:00:00 AM,22:30:17,1.24,42.0,30.43,78.0,175.3,4.5,06:22:00,17:51:00
8297,1477729521,10/28/2016 12:00:00 AM,22:25:21,1.19,42.0,30.44,73.0,133.2,7.87,06:22:00,17:51:00
8298,1477729220,10/28/2016 12:00:00 AM,22:20:20,1.17,42.0,30.44,79.0,152.62,4.5,06:22:00,17:51:00
8299,1477728920,10/28/2016 12:00:00 AM,22:15:20,1.22,43.0,30.44,86.0,143.55,5.62,06:22:00,17:51:00
8300,1477728618,10/28/2016 12:00:00 AM,22:10:18,1.2,43.0,30.44,71.0,180.58,4.5,06:22:00,17:51:00
8301,1477728318,10/28/2016 12:00:00 AM,22:05:18,1.2,43.0,30.44,71.0,161.23,4.5,06:22:00,17:51:00
8302,1477728017,10/28/2016 12:00:00 AM,22:00:17,1.17,43.0,30.44,63.0,175.95,6.75,06:22:00,17:51:00
8303,1477727718,10/28/2016 12:00:00 AM,21:55:18,1.18,43.0,30.44,58.0,116.08,6.75,06:22:00,17:51:00
8304,1477727418,10/28/2016 12:00:00 AM,21:50:18,1.2,43.0,30.44,65.0,196.51,6.75,06:22:00,17:51:00
8305,1477727117,10/28/2016 12:00:00 AM,21:45:17,1.19,43.0,30.44,64.0,123.7,6.75,06:22:00,17:51:00
8306,1477726820,10/28/2016 12:00:00 AM,21:40:20,1.23,43.0,30.44,60.0,5.27,5.62,06:22:00,17:51:00
8307,1477726518,10/28/2016 12:00:00 AM,21:35:18,1.21,43.0,30.43,55.0,77.74,3.37,06:22:00,17:51:00
8308,1477726220,10/28/2016 12:00:00 AM,21:30:20,1.2,42.0,30.43,62.0,127.29,3.37,06:22:00,17:51:00
8309,1477725917,10/28/2016 12:00:00 AM,21:25:17,1.18,42.0,30.43,71.0,172.94,6.75,06:22:00,17:51:00
8310,1477725618,10/28/2016 12:00:00 AM,21:20:18,1.23,42.0,30.43,70.0,133.32,10.12,06:22:00,17:51:00
8311,1477725320,10/28/2016 12:00:00 AM,21:15:20,1.17,42.0,30.43,73.0,172.68,5.62,06:22:00,17:51:00
8312,1477725018,10/28/2016 12:00:00 AM,21:10:18,1.24,42.0,30.43,76.0,142.45,6.75,06:22:00,17:51:00
8313,1477724719,10/28/2016 12:00:00 AM,21:05:19,1.19,43.0,30.43,75.0,160.37,5.62,06:22:00,17:51:00
8314,1477724417,10/28/2016 12:00:00 AM,21:00:17,1.21,43.0,30.43,76.0,108.27,9.0,06:22:00,17:51:00
8315,1477724117,10/28/2016 12:00:00 AM,20:55:17,1.16,44.0,30.43,70.0,148.05,4.5,06:22:00,17:51:00
8316,1477723818,10/28/2016 12:00:00 AM,20:50:18,1.16,44.0,30.43,63.0,117.96,9.0,06:22:00,17:51:00
8317,1477723518,10/28/2016 12:00:00 AM,20:45:18,1.19,44.0,30.43,55.0,103.18,9.0,06:22:00,17:51:00
8318,1477723217,10/28/2016 12:00:00 AM,20:40:17,1.22,44.0,30.43,54.0,114.64,4.5,06:22:00,17:51:00
8319,1477722917,10/28/2016 12:00:00 AM,20:35:17,1.2,44.0,30.43,58.0,157.02,5.62,06:22:00,17:51:00
8320,1477722617,10/28/2016 12:00:00 AM,20:30:17,1.23,43.0,30.43,61.0,134.3,5.62,06:22:00,17:51:00
8321,1477722317,10/28/2016 12:00:00 AM,20:25:17,1.21,42.0,30.42,72.0,148.74,11.25,06:22:00,17:51:00
8322,1477722018,10/28/2016 12:00:00 AM,20:20:18,1.2,42.0,30.42,93.0,163.19,7.87,06:22:00,17:51:00
8323,1477721717,10/28/2016 12:00:00 AM,20:15:17,1.2,43.0,30.42,98.0,158.4,6.75,06:22:00,17:51:00
8324,1477721417,10/28/2016 12:00:00 AM,20:10:17,1.19,43.0,30.42,97.0,57.76,4.5,06:22:00,17:51:00
8325,1477721118,10/28/2016 12:00:00 AM,20:05:18,1.18,42.0,30.42,92.0,151.74,1.12,06:22:00,17:51:00
8326,1477720819,10/28/2016 12:00:00 AM,20:00:19,1.21,43.0,30.42,97.0,160.04,9.0,06:22:00,17:51:00
8327,1477720520,10/28/2016 12:00:00 AM,19:55:20,1.2,43.0,30.42,94.0,70.58,1.12,06:22:00,17:51:00
8328,1477720218,10/28/2016 12:00:00 AM,19:50:18,1.19,43.0,30.42,90.0,167.48,7.87,06:22:00,17:51:00
8329,1477719921,10/28/2016 12:00:00 AM,19:45:21,1.21,43.0,30.41,89.0,156.98,6.75,06:22:00,17:51:00
8330,1477719617,10/28/2016 12:00:00 AM,19:40:17,1.2,44.0,30.41,100.0,122.01,7.87,06:22:00,17:51:00
8331,1477719317,10/28/2016 12:00:00 AM,19:35:17,1.19,44.0,30.41,101.0,147.02,4.5,06:22:00,17:51:00
8332,1477719020,10/28/2016 12:00:00 AM,19:30:20,1.2,44.0,30.41,101.0,172.19,4.5,06:22:00,17:51:00
8333,1477718718,10/28/2016 12:00:00 AM,19:25:18,1.22,44.0,30.41,101.0,88.8,4.5,06:22:00,17:51:00
8334,1477718417,10/28/2016 12:00:00 AM,19:20:17,1.19,43.0,30.41,101.0,47.87,2.25,06:22:00,17:51:00
8335,1477718120,10/28/2016 12:00:00 AM,19:15:20,1.19,44.0,30.41,101.0,147.97,4.5,06:22:00,17:51:00
8336,1477717817,10/28/2016 12:00:00 AM,19:10:17,1.23,44.0,30.41,101.0,145.32,5.62,06:22:00,17:51:00
8337,1477717519,10/28/2016 12:00:00 AM,19:05:19,1.23,44.0,30.4,101.0,114.5,7.87,06:22:00,17:51:00
8338,1477717218,10/28/2016 12:00:00 AM,19:00:18,1.2,45.0,30.41,74.83719267708949,116.15,9.0,06:22:00,17:51:00
8339,1477716917,10/28/2016 12:00:00 AM,18:55:17,1.21,45.0,30.4,101.0,121.63,5.62,06:22:00,17:51:00
8340,1477716620,10/28/2016 12:00:00 AM,18:50:20,1.19,45.0,30.41,101.0,111.83,5.62,06:22:00,17:51:00
8341,1477716317,10/28/2016 12:00:00 AM,18:45:17,1.22,45.0,30.4,101.0,139.03,7.87,06:22:00,17:51:00
8342,1477716018,10/28/2016 12:00:00 AM,18:40:18,1.19,45.0,30.4,101.0,133.72,2.25,06:22:00,17:51:00
8343,1477715721,10/28/2016 12:00:00 AM,18:35:21,1.2,45.0,30.4,101.0,90.46,4.5,06:22:00,17:51:00
8344,1477715423,10/28/2016 12:00:00 AM,18:30:23,1.2,45.0,30.4,100.0,110.35,5.62,06:22:00,17:51:00
8345,1477715118,10/28/2016 12:00:00 AM,18:25:18,1.19,45.0,30.4,100.0,20.44,5.62,06:22:00,17:51:00
8346,1477714818,10/28/2016 12:00:00 AM,18:20:18,1.23,45.0,30.4,100.0,36.73,4.5,06:22:00,17:51:00
8347,1477714517,10/28/2016 12:00:00 AM,18:15:17,1.2,45.0,30.4,100.0,39.09,5.62,06:22:00,17:51:00
8348,1477714217,10/28/2016 12:00:00 AM,18:10:17,1.19,46.0,30.4,100.0,87.21,1.12,06:22:00,17:51:00
8349,1477713918,10/28/2016 12:00:00 AM,18:05:18,1.24,46.0,30.4,100.0,88.98,7.87,06:22:00,17:51:00
8350,1477713618,10/28/2016 12:00:00 AM,18:00:18,2.73,46.0,30.4,100.0,74.35,2.25,06:22:00,17:51:00
8351,1477713317,10/28/2016 12:00:00 AM,17:55:17,5.05,46.0,30.4,100.0,107.3,3.37,06:22:00,17:51:00
8352,1477713017,10/28/2016 12:00:00 AM,17:50:17,5.83,46.0,30.39,74.83719267708949,139.76,1.12,06:22:00,17:51:00
8353,1477712718,10/28/2016 12:00:00 AM,17:45:18,9.45,46.0,30.39,99.0,86.65,1.12,06:22:00,17:51:00
8354,1477712421,10/28/2016 12:00:00 AM,17:40:21,20.64,46.0,30.39,99.0,69.59,3.37,06:22:00,17:51:00
8355,1477712121,10/28/2016 12:00:00 AM,17:35:21,27.36,47.0,30.39,100.0,59.61,1.12,06:22:00,17:51:00
8356,1477711817,10/28/2016 12:00:00 AM,17:30:17,33.71,47.0,30.39,100.0,128.05,6.75,06:22:00,17:51:00
8357,1477711523,10/28/2016 12:00:00 AM,17:25:23,49.53,47.0,30.39,101.0,71.2,4.5,06:22:00,17:51:00
8358,1477711218,10/28/2016 12:00:00 AM,17:20:18,59.2,47.0,30.39,101.0,58.33,2.25,06:22:00,17:51:00
8359,1477710918,10/28/2016 12:00:00 AM,17:15:18,78.96,47.0,30.39,101.0,129.4,6.75,06:22:00,17:51:00
8360,1477710617,10/28/2016 12:00:00 AM,17:10:17,82.06,47.0,30.39,101.0,153.99,4.5,06:22:00,17:51:00
8361,1477710324,10/28/2016 12:00:00 AM,17:05:24,73.96,46.0,30.39,101.0,127.51,6.75,06:22:00,17:51:00
8362,1477710019,10/28/2016 12:00:00 AM,17:00:19,54.16,46.0,30.39,101.0,57.14,4.5,06:22:00,17:51:00
8363,1477709720,10/28/2016 12:00:00 AM,16:55:20,83.77,47.0,30.39,100.0,94.15,5.62,06:22:00,17:51:00
8364,1477709418,10/28/2016 12:00:00 AM,16:50:18,98.72,47.0,30.39,100.0,26.06,5.62,06:22:00,17:51:00
8365,1477709119,10/28/2016 12:00:00 AM,16:45:19,119.77,48.0,30.38,100.0,359.92,2.25,06:22:00,17:51:00
8366,1477708820,10/28/2016 12:00:00 AM,16:40:20,120.54,48.0,30.38,100.0,92.43,3.37,06:22:00,17:51:00
8367,1477708518,10/28/2016 12:00:00 AM,16:35:18,110.86,49.0,30.38,100.0,36.97,5.62,06:22:00,17:51:00
8368,1477708218,10/28/2016 12:00:00 AM,16:30:18,226.34,49.0,30.38,100.0,75.18,9.0,06:22:00,17:51:00
8369,1477707920,10/28/2016 12:00:00 AM,16:25:20,203.43,49.0,30.38,100.0,78.98,3.37,06:22:00,17:51:00
8370,1477707618,10/28/2016 12:00:00 AM,16:20:18,335.11,49.0,30.38,101.0,76.71,3.37,06:22:00,17:51:00
8371,1477707318,10/28/2016 12:00:00 AM,16:15:18,224.86,49.0,30.38,101.0,101.16,2.25,06:22:00,17:51:00
8372,1477707017,10/28/2016 12:00:00 AM,16:10:17,305.35,49.0,30.38,101.0,121.64,1.12,06:22:00,17:51:00
8373,1477706722,10/28/2016 12:00:00 AM,16:05:22,531.13,48.0,30.38,101.0,47.22,5.62,06:22:00,17:51:00
8374,1477706418,10/28/2016 12:00:00 AM,16:00:18,124.23,48.0,30.38,101.0,60.96,5.62,06:22:00,17:51:00
8375,1477706118,10/28/2016 12:00:00 AM,15:55:18,306.39,48.0,30.38,101.0,63.09,3.37,06:22:00,17:51:00
8376,1477705820,10/28/2016 12:00:00 AM,15:50:20,322.64,48.0,30.38,101.0,54.3,2.25,06:22:00,17:51:00
8377,1477705518,10/28/2016 12:00:00 AM,15:45:18,255.3,48.0,30.38,101.0,20.84,4.5,06:22:00,17:51:00
8378,1477705218,10/28/2016 12:00:00 AM,15:40:18,207.35,48.0,30.38,101.0,28.19,2.25,06:22:00,17:51:00
8379,1477704922,10/28/2016 12:00:00 AM,15:35:22,253.54,48.0,30.38,101.0,77.8,5.62,06:22:00,17:51:00
8380,1477704622,10/28/2016 12:00:00 AM,15:30:22,272.23,48.0,30.38,101.0,0.11,2.25,06:22:00,17:51:00
8381,1477704317,10/28/2016 12:00:00 AM,15:25:17,282.26,49.0,30.38,101.0,24.08,3.37,06:22:00,17:51:00
8382,1477704018,10/28/2016 12:00:00 AM,15:20:18,253.8,49.0,30.38,101.0,359.93,3.37,06:22:00,17:51:00
8383,1477703717,10/28/2016 12:00:00 AM,15:15:17,253.28,49.0,30.38,101.0,316.11,2.25,06:22:00,17:51:00
8384,1477703418,10/28/2016 12:00:00 AM,15:10:18,218.63,49.0,30.37,101.0,45.54,5.62,06:22:00,17:51:00
8385,1477703118,10/28/2016 12:00:00 AM,15:05:18,322.6,49.0,30.37,100.0,81.72,5.62,06:22:00,17:51:00
8386,1477702818,10/28/2016 12:00:00 AM,15:00:18,269.55,49.0,30.37,100.0,83.48,4.5,06:22:00,17:51:00
8387,1477702517,10/28/2016 12:00:00 AM,14:55:17,389.99,49.0,30.37,100.0,71.98,5.62,06:22:00,17:51:00
8388,1477702221,10/28/2016 12:00:00 AM,14:50:21,323.33,49.0,30.37,100.0,79.27,1.12,06:22:00,17:51:00
8389,1477701918,10/28/2016 12:00:00 AM,14:45:18,398.28,50.0,30.37,74.83719267708949,143.54770303349548,3.37,06:22:00,17:51:00
8390,1477701622,10/28/2016 12:00:00 AM,14:40:22,370.52,50.0,30.37,99.0,79.08,4.5,06:22:00,17:51:00
8391,1477701318,10/28/2016 12:00:00 AM,14:35:18,419.47,50.0,30.37,99.0,36.29,10.12,06:22:00,17:51:00
8392,1477701020,10/28/2016 12:00:00 AM,14:30:20,533.07,50.0,30.38,98.0,217.15,2.25,06:22:00,17:51:00
8393,1477700718,10/28/2016 12:00:00 AM,14:25:18,374.8,51.0,30.38,74.83719267708949,22.49,7.87,06:22:00,17:51:00
8394,1477700420,10/28/2016 12:00:00 AM,14:20:20,385.55,52.0,30.37,98.0,0.11,2.25,06:22:00,17:51:00
8395,1477700120,10/28/2016 12:00:00 AM,14:15:20,773.06,52.0,30.37,98.0,77.71,3.37,06:22:00,17:51:00
8396,1477699818,10/28/2016 12:00:00 AM,14:10:18,876.88,51.0,30.37,98.0,62.88,2.25,06:22:00,17:51:00
8397,1477699518,10/28/2016 12:00:00 AM,14:05:18,566.47,51.0,30.38,98.0,12.81,5.62,06:22:00,17:51:00
8398,1477699217,10/28/2016 12:00:00 AM,14:00:17,499.36,51.0,30.37,98.0,359.93,3.37,06:22:00,17:51:00
8399,1477698918,10/28/2016 12:00:00 AM,13:55:18,317.9,51.0,30.38,98.0,5.13,5.62,06:22:00,17:51:00
8400,1477698617,10/28/2016 12:00:00 AM,13:50:17,1139.83,51.0,30.38,98.0,21.56,4.5,06:22:00,17:51:00
8401,1477698317,10/28/2016 12:00:00 AM,13:45:17,586.62,51.0,30.38,99.0,105.87,3.37,06:22:00,17:51:00
8402,1477698018,10/28/2016 12:00:00 AM,13:40:18,546.89,50.0,30.38,99.0,140.66,5.62,06:22:00,17:51:00
8403,1477697717,10/28/2016 12:00:00 AM,13:35:17,521.3,50.0,30.38,100.0,76.11,6.75,06:22:00,17:51:00
8404,1477697418,10/28/2016 12:00:00 AM,13:30:18,463.24,51.0,30.38,101.0,52.06,7.87,06:22:00,17:51:00
8405,1477697120,10/28/2016 12:00:00 AM,13:25:20,484.98,50.0,30.39,101.0,21.57,6.75,06:22:00,17:51:00
8406,1477696818,10/28/2016 12:00:00 AM,13:20:18,579.62,50.0,30.39,101.0,64.83,4.5,06:22:00,17:51:00
8407,1477696517,10/28/2016 12:00:00 AM,13:15:17,1097.78,50.0,30.39,101.0,91.88,0.0,06:22:00,17:51:00
8408,1477696217,10/28/2016 12:00:00 AM,13:10:17,1008.41,50.0,30.39,101.0,36.53,3.37,06:22:00,17:51:00
8409,1477695917,10/28/2016 12:00:00 AM,13:05:17,869.16,50.0,30.39,101.0,31.44,3.37,06:22:00,17:51:00
8410,1477695619,10/28/2016 12:00:00 AM,13:00:19,946.56,50.0,30.39,101.0,26.05,5.62,06:22:00,17:51:00
8411,1477695318,10/28/2016 12:00:00 AM,12:55:18,794.59,49.0,30.39,101.0,63.78,3.37,06:22:00,17:51:00
8412,1477695021,10/28/2016 12:00:00 AM,12:50:21,737.12,49.0,30.4,101.0,168.63,1.12,06:22:00,17:51:00
8413,1477694720,10/28/2016 12:00:00 AM,12:45:20,516.1,50.0,30.4,101.0,69.67,4.5,06:22:00,17:51:00
8414,1477694417,10/28/2016 12:00:00 AM,12:40:17,473.01,50.0,30.4,101.0,15.66,2.25,06:22:00,17:51:00
8415,1477694119,10/28/2016 12:00:00 AM,12:35:19,424.53,50.0,30.4,101.0,336.54,2.25,06:22:00,17:51:00
8416,1477693819,10/28/2016 12:00:00 AM,12:30:19,445.58,50.0,30.4,101.0,45.73,5.62,06:22:00,17:51:00
8417,1477693519,10/28/2016 12:00:00 AM,12:25:19,841.46,50.0,30.4,101.0,86.59,6.75,06:22:00,17:51:00
8418,1477693218,10/28/2016 12:00:00 AM,12:20:18,649.12,50.0,30.4,101.0,61.41,11.25,06:22:00,17:51:00
8419,1477692917,10/28/2016 12:00:00 AM,12:15:17,376.2,50.0,30.4,101.0,32.44,6.75,06:22:00,17:51:00
8420,1477692617,10/28/2016 12:00:00 AM,12:10:17,750.84,50.0,30.4,101.0,12.02,4.5,06:22:00,17:51:00
8421,1477692320,10/28/2016 12:00:00 AM,12:05:20,581.57,50.0,30.41,101.0,6.13,3.37,06:22:00,17:51:00
8422,1477692017,10/28/2016 12:00:00 AM,12:00:17,613.06,50.0,30.41,101.0,29.95,2.25,06:22:00,17:51:00
8423,1477691717,10/28/2016 12:00:00 AM,11:55:17,818.37,50.0,30.41,101.0,85.41,3.37,06:22:00,17:51:00
8424,1477691417,10/28/2016 12:00:00 AM,11:50:17,499.53,50.0,30.41,101.0,39.92,5.62,06:22:00,17:51:00
8425,1477691121,10/28/2016 12:00:00 AM,11:45:21,612.96,50.0,30.41,101.0,75.02,2.25,06:22:00,17:51:00
8426,1477690817,10/28/2016 12:00:00 AM,11:40:17,416.45,50.0,30.41,101.0,89.72,4.5,06:22:00,17:51:00
8427,1477690519,10/28/2016 12:00:00 AM,11:35:19,492.31,50.0,30.41,100.0,72.45,9.0,06:22:00,17:51:00
8428,1477690218,10/28/2016 12:00:00 AM,11:30:18,383.16,50.0,30.42,100.0,15.7,5.62,06:22:00,17:51:00
8429,1477689917,10/28/2016 12:00:00 AM,11:25:17,467.79,51.0,30.41,100.0,51.57,7.87,06:22:00,17:51:00
8430,1477689619,10/28/2016 12:00:00 AM,11:20:19,480.42,51.0,30.42,100.0,19.15,3.37,06:22:00,17:51:00
8431,1477689322,10/28/2016 12:00:00 AM,11:15:22,349.91,51.0,30.42,100.0,359.93,4.5,06:22:00,17:51:00
8432,1477689020,10/28/2016 12:00:00 AM,11:10:20,525.09,51.0,30.42,100.0,24.6,2.25,06:22:00,17:51:00
8433,1477688718,10/28/2016 12:00:00 AM,11:05:18,588.95,51.0,30.42,101.0,8.8,4.5,06:22:00,17:51:00
8434,1477688419,10/28/2016 12:00:00 AM,11:00:19,353.73,51.0,30.42,101.0,336.52,3.37,06:22:00,17:51:00
8435,1477688118,10/28/2016 12:00:00 AM,10:55:18,559.04,51.0,30.42,101.0,57.73,2.25,06:22:00,17:51:00
8436,1477687818,10/28/2016 12:00:00 AM,10:50:18,557.89,51.0,30.42,102.0,38.1,9.0,06:22:00,17:51:00
8437,1477687521,10/28/2016 12:00:00 AM,10:45:21,746.1,50.0,30.42,102.0,163.33,5.62,06:22:00,17:51:00
8438,1477687221,10/28/2016 12:00:00 AM,10:40:21,736.9,50.0,30.43,102.0,82.8,4.5,06:22:00,17:51:00
8439,1477686920,10/28/2016 12:00:00 AM,10:35:20,358.11,50.0,30.43,102.0,41.8,4.5,06:22:00,17:51:00
8440,1477686618,10/28/2016 12:00:00 AM,10:30:18,314.7,50.0,30.43,102.0,3.17,4.5,06:22:00,17:51:00
8441,1477686319,10/28/2016 12:00:00 AM,10:25:19,695.85,49.0,30.43,101.0,16.31,1.12,06:22:00,17:51:00
8442,1477686018,10/28/2016 12:00:00 AM,10:20:18,378.72,50.0,30.43,101.0,359.55,2.25,06:22:00,17:51:00
8443,1477685718,10/28/2016 12:00:00 AM,10:15:18,409.39,50.0,30.43,101.0,37.38,2.25,06:22:00,17:51:00
8444,1477685417,10/28/2016 12:00:00 AM,10:10:17,415.18,50.0,30.43,102.0,55.49,4.5,06:22:00,17:51:00
8445,1477685119,10/28/2016 12:00:00 AM,10:05:19,410.93,50.0,30.43,102.0,33.0,7.87,06:22:00,17:51:00
8446,1477684819,10/28/2016 12:00:00 AM,10:00:19,467.33,50.0,30.43,101.0,91.97,7.87,06:22:00,17:51:00
8447,1477684518,10/28/2016 12:00:00 AM,09:55:18,351.26,50.0,30.43,102.0,52.69,7.87,06:22:00,17:51:00
8448,1477684218,10/28/2016 12:00:00 AM,09:50:18,716.01,51.16507236474315,30.43,101.0,46.52,7.87,06:22:00,17:51:00
8449,1477683918,10/28/2016 12:00:00 AM,09:45:18,386.61,49.0,30.43,101.0,73.6,5.62,06:22:00,17:51:00
8450,1477683621,10/28/2016 12:00:00 AM,09:40:21,387.08,49.0,30.43,101.0,111.53,10.12,06:22:00,17:51:00
8451,1477683322,10/28/2016 12:00:00 AM,09:35:22,429.91,49.0,30.43,101.0,129.35,5.62,06:22:00,17:51:00
8452,1477683020,10/28/2016 12:00:00 AM,09:30:20,446.25,49.0,30.42,101.0,54.17,6.75,06:22:00,17:51:00
8453,1477682718,10/28/2016 12:00:00 AM,09:25:18,357.82,50.0,30.43,101.0,62.09,3.37,06:22:00,17:51:00
8454,1477682421,10/28/2016 12:00:00 AM,09:20:21,269.87,50.0,30.43,101.0,199.0,3.37,06:22:00,17:51:00
8455,1477682120,10/28/2016 12:00:00 AM,09:15:20,401.95,49.0,30.42,101.0,58.68,3.37,06:22:00,17:51:00
8456,1477681817,10/28/2016 12:00:00 AM,09:10:17,290.96,49.0,30.42,101.0,53.73,4.5,06:22:00,17:51:00
8457,1477681518,10/28/2016 12:00:00 AM,09:05:18,361.58,50.0,30.42,101.0,150.39,2.25,06:22:00,17:51:00
8458,1477681221,10/28/2016 12:00:00 AM,09:00:21,384.71,50.0,30.42,101.0,345.55,2.25,06:22:00,17:51:00
8459,1477680918,10/28/2016 12:00:00 AM,08:55:18,348.32,50.0,30.42,101.0,2.56,4.5,06:22:00,17:51:00
8460,1477680620,10/28/2016 12:00:00 AM,08:50:20,305.93,50.0,30.42,101.0,50.28,10.12,06:22:00,17:51:00
8461,1477680318,10/28/2016 12:00:00 AM,08:45:18,345.93,50.0,30.42,101.0,119.28,4.5,06:22:00,17:51:00
8462,1477680020,10/28/2016 12:00:00 AM,08:40:20,289.81,50.0,30.41,101.0,73.47,6.75,06:22:00,17:51:00
8463,1477679721,10/28/2016 12:00:00 AM,08:35:21,252.71,50.0,30.41,101.0,30.06,3.37,06:22:00,17:51:00
8464,1477679420,10/28/2016 12:00:00 AM,08:30:20,187.74,50.0,30.41,101.0,124.54,1.12,06:22:00,17:51:00
8465,1477679117,10/28/2016 12:00:00 AM,08:25:17,214.22,50.0,30.41,102.0,147.34,9.0,06:22:00,17:51:00
8466,1477678818,10/28/2016 12:00:00 AM,08:20:18,235.66,50.0,30.4,102.0,38.62,4.5,06:22:00,17:51:00
8467,1477678520,10/28/2016 12:00:00 AM,08:15:20,433.92,51.16507236474315,30.4,102.0,91.48,4.5,06:22:00,17:51:00
8468,1477678217,10/28/2016 12:00:00 AM,08:10:17,421.78,49.0,30.4,102.0,163.11,6.75,06:22:00,17:51:00
8469,1477677918,10/28/2016 12:00:00 AM,08:05:18,233.37,49.0,30.4,102.0,112.39,12.37,06:22:00,17:51:00
8470,1477677618,10/28/2016 12:00:00 AM,08:00:18,194.99,48.0,30.4,102.0,132.21,6.75,06:22:00,17:51:00
8471,1477677318,10/28/2016 12:00:00 AM,07:55:18,159.67,48.0,30.4,102.0,98.32,5.62,06:22:00,17:51:00
8472,1477677018,10/28/2016 12:00:00 AM,07:50:18,248.76,48.0,30.4,74.83719267708949,147.78,6.75,06:22:00,17:51:00
8473,1477676725,10/28/2016 12:00:00 AM,07:45:25,152.46,48.0,30.4,102.0,121.71,2.25,06:22:00,17:51:00
8474,1477676417,10/28/2016 12:00:00 AM,07:40:17,159.28,48.0,30.4,102.0,138.74,6.75,06:22:00,17:51:00
8475,1477676129,10/28/2016 12:00:00 AM,07:35:29,133.38,48.0,30.4,102.0,157.2,5.62,06:22:00,17:51:00
8476,1477675818,10/28/2016 12:00:00 AM,07:30:18,102.08,47.0,30.4,102.0,148.05,3.37,06:22:00,17:51:00
8477,1477675518,10/28/2016 12:00:00 AM,07:25:18,78.72,47.0,30.4,102.0,139.11,7.87,06:22:00,17:51:00
8478,1477675217,10/28/2016 12:00:00 AM,07:20:17,96.79,47.0,30.4,102.0,171.54,5.62,06:22:00,17:51:00
8479,1477674918,10/28/2016 12:00:00 AM,07:15:18,72.14,47.0,30.4,102.0,143.21,3.37,06:22:00,17:51:00
8480,1477674618,10/28/2016 12:00:00 AM,07:10:18,54.58,47.0,30.4,102.0,160.65,5.62,06:22:00,17:51:00
8481,1477674317,10/28/2016 12:00:00 AM,07:05:17,44.16,46.0,30.4,102.0,148.23,2.25,06:22:00,17:51:00
8482,1477674020,10/28/2016 12:00:00 AM,07:00:20,37.77,46.0,30.39,102.0,135.68,9.0,06:22:00,17:51:00
8483,1477673718,10/28/2016 12:00:00 AM,06:55:18,32.37,46.0,30.39,102.0,130.11,1.12,06:22:00,17:51:00
8484,1477673418,10/28/2016 12:00:00 AM,06:50:18,29.34,46.0,30.39,102.0,95.57,1.12,06:22:00,17:51:00
8485,1477673120,10/28/2016 12:00:00 AM,06:45:20,18.2,46.0,30.39,102.0,77.99,4.5,06:22:00,17:51:00
8486,1477672820,10/28/2016 12:00:00 AM,06:40:20,19.89,46.0,30.39,102.0,157.76,3.37,06:22:00,17:51:00
8487,1477672520,10/28/2016 12:00:00 AM,06:35:20,11.98,46.0,30.39,102.0,137.05,4.5,06:22:00,17:51:00
8488,1477672218,10/28/2016 12:00:00 AM,06:30:18,7.6,46.0,30.39,102.0,113.5,5.62,06:22:00,17:51:00
8489,1477671923,10/28/2016 12:00:00 AM,06:25:23,5.86,46.0,30.39,102.0,129.13,1.12,06:22:00,17:51:00
8490,1477671617,10/28/2016 12:00:00 AM,06:20:17,4.01,46.0,30.39,102.0,65.73,2.25,06:22:00,17:51:00
8491,1477671325,10/28/2016 12:00:00 AM,06:15:25,2.58,46.0,30.39,102.0,55.91,1.12,06:22:00,17:51:00
8492,1477671020,10/28/2016 12:00:00 AM,06:10:20,1.49,46.0,30.38,102.0,87.03,7.87,06:22:00,17:51:00
8493,1477670717,10/28/2016 12:00:00 AM,06:05:17,1.21,46.0,30.38,102.0,124.57,6.75,06:22:00,17:51:00
8494,1477670425,10/28/2016 12:00:00 AM,06:00:25,1.24,46.0,30.38,102.0,160.19,2.25,06:22:00,17:51:00
8495,1477670120,10/28/2016 12:00:00 AM,05:55:20,1.21,46.0,30.38,102.0,161.54,4.5,06:22:00,17:51:00
8496,1477669817,10/28/2016 12:00:00 AM,05:50:17,1.24,46.0,30.37,102.0,163.01,5.62,06:22:00,17:51:00
8497,1477669519,10/28/2016 12:00:00 AM,05:45:19,1.19,46.0,30.37,102.0,145.52,4.5,06:22:00,17:51:00
8498,1477669217,10/28/2016 12:00:00 AM,05:40:17,1.23,46.0,30.37,102.0,110.7,4.5,06:22:00,17:51:00
8499,1477668918,10/28/2016 12:00:00 AM,05:35:18,1.2,46.0,30.37,102.0,130.38,5.62,06:22:00,17:51:00
8500,1477668618,10/28/2016 12:00:00 AM,05:30:18,1.2,46.0,30.37,102.0,137.49,4.5,06:22:00,17:51:00
8501,1477668318,10/28/2016 12:00:00 AM,05:25:18,1.21,46.0,30.38,102.0,126.52,2.25,06:22:00,17:51:00
8502,1477668017,10/28/2016 12:00:00 AM,05:20:17,1.21,46.0,30.37,102.0,137.02,1.12,06:22:00,17:51:00
8503,1477667718,10/28/2016 12:00:00 AM,05:15:18,1.19,46.0,30.37,102.0,78.84,2.25,06:22:00,17:51:00
8504,1477667420,10/28/2016 12:00:00 AM,05:10:20,1.19,46.0,30.37,102.0,117.33,2.25,06:22:00,17:51:00
8505,1477667118,10/28/2016 12:00:00 AM,05:05:18,1.17,46.0,30.37,101.0,93.87,5.62,06:22:00,17:51:00
8506,1477666818,10/28/2016 12:00:00 AM,05:00:18,1.24,47.0,30.37,101.0,110.39,7.87,06:22:00,17:51:00
8507,1477666517,10/28/2016 12:00:00 AM,04:55:17,1.2,47.0,30.37,102.0,45.4,2.25,06:22:00,17:51:00
8508,1477666217,10/28/2016 12:00:00 AM,04:50:17,1.23,47.0,30.37,102.0,71.18,4.5,06:22:00,17:51:00
8509,1477665918,10/28/2016 12:00:00 AM,04:45:18,1.2,47.0,30.37,101.0,109.24,5.62,06:22:00,17:51:00
8510,1477665620,10/28/2016 12:00:00 AM,04:40:20,1.2,47.0,30.37,101.0,123.74,3.37,06:22:00,17:51:00
8511,1477665318,10/28/2016 12:00:00 AM,04:35:18,1.22,47.0,30.38,101.0,54.21,2.25,06:22:00,17:51:00
8512,1477665024,10/28/2016 12:00:00 AM,04:30:24,1.24,47.0,30.37,101.0,112.74,3.37,06:22:00,17:51:00
8513,1477664718,10/28/2016 12:00:00 AM,04:25:18,1.22,47.0,30.37,101.0,111.55,7.87,06:22:00,17:51:00
8514,1477664420,10/28/2016 12:00:00 AM,04:20:20,1.23,47.0,30.38,101.0,119.02,4.5,06:22:00,17:51:00
8515,1477664117,10/28/2016 12:00:00 AM,04:15:17,1.21,47.0,30.38,101.0,164.94,3.37,06:22:00,17:51:00
8516,1477663818,10/28/2016 12:00:00 AM,04:10:18,1.22,47.0,30.38,101.0,87.11,2.25,06:22:00,17:51:00
8517,1477663518,10/28/2016 12:00:00 AM,04:05:18,1.2,47.0,30.38,101.0,154.24,5.62,06:22:00,17:51:00
8518,1477663220,10/28/2016 12:00:00 AM,04:00:20,1.2,47.0,30.38,101.0,116.13,6.75,06:22:00,17:51:00
8519,1477662918,10/28/2016 12:00:00 AM,03:55:18,1.22,47.0,30.38,101.0,126.67,5.62,06:22:00,17:51:00
8520,1477662618,10/28/2016 12:00:00 AM,03:50:18,1.21,47.0,30.38,101.0,132.8,6.75,06:22:00,17:51:00
8521,1477662318,10/28/2016 12:00:00 AM,03:45:18,1.18,47.0,30.38,101.0,125.03,9.0,06:22:00,17:51:00
8522,1477662017,10/28/2016 12:00:00 AM,03:40:17,1.22,47.0,30.38,101.0,147.83,3.37,06:22:00,17:51:00
8523,1477661720,10/28/2016 12:00:00 AM,03:35:20,1.22,47.0,30.38,101.0,93.79,5.62,06:22:00,17:51:00
8524,1477661418,10/28/2016 12:00:00 AM,03:30:18,1.21,47.0,30.39,101.0,139.04,7.87,06:22:00,17:51:00
8525,1477661118,10/28/2016 12:00:00 AM,03:25:18,1.23,47.0,30.39,101.0,63.84,1.12,06:22:00,17:51:00
8526,1477660818,10/28/2016 12:00:00 AM,03:20:18,1.24,47.0,30.39,101.0,90.08,6.229096658193317,06:22:00,17:51:00
8527,1477660518,10/28/2016 12:00:00 AM,03:15:18,1.2,47.0,30.38,101.0,132.96,2.25,06:22:00,17:51:00
8528,1477660218,10/28/2016 12:00:00 AM,03:10:18,1.18,47.0,30.39,101.0,50.38,2.25,06:22:00,17:51:00
8529,1477659921,10/28/2016 12:00:00 AM,03:05:21,1.21,47.0,30.39,100.0,118.7,5.62,06:22:00,17:51:00
8530,1477659617,10/28/2016 12:00:00 AM,03:00:17,1.23,47.0,30.39,100.0,136.01,3.37,06:22:00,17:51:00
8531,1477659321,10/28/2016 12:00:00 AM,02:55:21,1.25,47.0,30.38,100.0,143.3,4.5,06:22:00,17:51:00
8532,1477659020,10/28/2016 12:00:00 AM,02:50:20,1.22,47.0,30.39,100.0,173.86,3.37,06:22:00,17:51:00
8533,1477658719,10/28/2016 12:00:00 AM,02:45:19,1.22,47.0,30.39,101.0,159.21,3.37,06:22:00,17:51:00
8534,1477658418,10/28/2016 12:00:00 AM,02:40:18,1.22,47.0,30.39,101.0,106.81,2.25,06:22:00,17:51:00
8535,1477658120,10/28/2016 12:00:00 AM,02:35:20,1.2,47.0,30.39,101.0,110.92,4.5,06:22:00,17:51:00
8536,1477657817,10/28/2016 12:00:00 AM,02:30:17,1.22,47.0,30.39,101.0,141.93,6.75,06:22:00,17:51:00
8537,1477657518,10/28/2016 12:00:00 AM,02:25:18,1.21,47.0,30.39,101.0,160.31,6.75,06:22:00,17:51:00
8538,1477657220,10/28/2016 12:00:00 AM,02:20:20,1.22,47.0,30.39,101.0,167.26,3.37,06:22:00,17:51:00
8539,1477656917,10/28/2016 12:00:00 AM,02:15:17,1.21,47.0,30.39,101.0,158.88,5.62,06:22:00,17:51:00
8540,1477656618,10/28/2016 12:00:00 AM,02:10:18,1.21,47.0,30.39,101.0,165.52,4.5,06:22:00,17:51:00
8541,1477656318,10/28/2016 12:00:00 AM,02:05:18,1.21,47.0,30.4,100.0,160.61,6.75,06:22:00,17:51:00
8542,1477656017,10/28/2016 12:00:00 AM,02:00:17,1.19,47.0,30.4,100.0,131.65,6.75,06:22:00,17:51:00
8543,1477655717,10/28/2016 12:00:00 AM,01:55:17,1.23,47.0,30.4,100.0,150.25,6.75,06:22:00,17:51:00
8544,1477655418,10/28/2016 12:00:00 AM,01:50:18,1.22,47.0,30.4,100.0,163.17,6.75,06:22:00,17:51:00
8545,1477655117,10/28/2016 12:00:00 AM,01:45:17,1.23,47.0,30.4,100.0,166.79,6.75,06:22:00,17:51:00
8546,1477654817,10/28/2016 12:00:00 AM,01:40:17,1.2,47.0,30.4,100.0,161.2,6.75,06:22:00,17:51:00
8547,1477654518,10/28/2016 12:00:00 AM,01:35:18,1.19,47.0,30.4,100.0,138.09,6.75,06:22:00,17:51:00
8548,1477654223,10/28/2016 12:00:00 AM,01:30:23,1.22,47.0,30.4,100.0,94.64,2.25,06:22:00,17:51:00
8549,1477653918,10/28/2016 12:00:00 AM,01:25:18,1.2,47.0,30.4,100.0,147.23,5.62,06:22:00,17:51:00
8550,1477653618,10/28/2016 12:00:00 AM,01:20:18,1.22,47.0,30.41,100.0,162.75,6.75,06:22:00,17:51:00
8551,1477653317,10/28/2016 12:00:00 AM,01:15:17,1.2,47.0,30.41,100.0,155.72,9.0,06:22:00,17:51:00
8552,1477653018,10/28/2016 12:00:00 AM,01:10:18,1.21,47.0,30.41,100.0,163.08,5.62,06:22:00,17:51:00
8553,1477652717,10/28/2016 12:00:00 AM,01:05:17,1.24,47.0,30.41,100.0,164.23,3.37,06:22:00,17:51:00
8554,1477652418,10/28/2016 12:00:00 AM,01:00:18,1.2,47.0,30.41,100.0,130.14,5.62,06:22:00,17:51:00
8555,1477652120,10/28/2016 12:00:00 AM,00:55:20,1.25,47.0,30.41,100.0,146.67,5.62,06:22:00,17:51:00
8556,1477651820,10/28/2016 12:00:00 AM,00:50:20,1.22,46.0,30.41,100.0,117.93,6.75,06:22:00,17:51:00
8557,1477651519,10/28/2016 12:00:00 AM,00:45:19,1.23,46.0,30.41,100.0,131.94,6.75,06:22:00,17:51:00
8558,1477651218,10/28/2016 12:00:00 AM,00:40:18,1.18,46.0,30.41,100.0,163.4,9.0,06:22:00,17:51:00
8559,1477650920,10/28/2016 12:00:00 AM,00:35:20,1.21,46.0,30.41,100.0,171.66,7.87,06:22:00,17:51:00
8560,1477650620,10/28/2016 12:00:00 AM,00:30:20,1.25,46.0,30.42,100.0,144.11,9.0,06:22:00,17:51:00
8561,1477650318,10/28/2016 12:00:00 AM,00:25:18,1.25,46.0,30.42,100.0,151.96,7.87,06:22:00,17:51:00
8562,1477650017,10/28/2016 12:00:00 AM,00:20:17,1.21,46.0,30.42,100.0,177.26,5.62,06:22:00,17:51:00
8563,1477649720,10/28/2016 12:00:00 AM,00:15:20,1.2,46.0,30.42,100.0,167.73,6.75,06:22:00,17:51:00
8564,1477649417,10/28/2016 12:00:00 AM,00:10:17,1.2,45.0,30.42,100.0,172.35,6.75,06:22:00,17:51:00
8565,1477649117,10/28/2016 12:00:00 AM,00:05:17,1.21,45.0,30.42,100.0,162.19,4.5,06:22:00,17:51:00
8566,1477648817,10/28/2016 12:00:00 AM,00:00:17,1.23,45.0,30.42,100.0,154.36,5.62,06:22:00,17:51:00
8567,1477648517,10/27/2016 12:00:00 AM,23:55:17,1.21,46.0,30.42,100.0,156.35,4.5,06:22:00,17:51:00
8568,1477648217,10/27/2016 12:00:00 AM,23:50:17,1.21,46.0,30.42,100.0,126.99,10.12,06:22:00,17:51:00
8569,1477647918,10/27/2016 12:00:00 AM,23:45:18,1.22,46.0,30.42,100.0,134.5,6.75,06:22:00,17:51:00
8570,1477647617,10/27/2016 12:00:00 AM,23:40:17,1.21,45.0,30.42,99.0,137.18,10.12,06:22:00,17:51:00
8571,1477647320,10/27/2016 12:00:00 AM,23:35:20,1.21,46.0,30.42,99.0,114.07,3.37,06:22:00,17:51:00
8572,1477647020,10/27/2016 12:00:00 AM,23:30:20,1.2,46.0,30.42,99.0,162.88,7.87,06:22:00,17:51:00
8573,1477646725,10/27/2016 12:00:00 AM,23:25:25,1.23,46.0,30.42,99.0,175.14,5.62,06:22:00,17:51:00
8574,1477646418,10/27/2016 12:00:00 AM,23:20:18,1.24,46.0,30.42,99.0,126.25,11.25,06:22:00,17:51:00
8575,1477646117,10/27/2016 12:00:00 AM,23:15:17,1.23,46.0,30.42,98.0,124.72,11.25,06:22:00,17:51:00
8576,1477645820,10/27/2016 12:00:00 AM,23:10:20,1.18,46.0,30.42,98.0,116.75,5.62,06:22:00,17:51:00
8577,1477645518,10/27/2016 12:00:00 AM,23:05:18,1.21,46.0,30.43,97.0,136.11,6.75,06:22:00,17:51:00
8578,1477645218,10/27/2016 12:00:00 AM,23:00:18,1.21,46.0,30.43,96.0,144.8,5.62,06:22:00,17:51:00
8579,1477644918,10/27/2016 12:00:00 AM,22:55:18,1.19,46.0,30.43,95.0,140.37,7.87,06:22:00,17:51:00
8580,1477644620,10/27/2016 12:00:00 AM,22:50:20,1.22,46.0,30.43,93.0,107.53,5.62,06:22:00,17:51:00
8581,1477644320,10/27/2016 12:00:00 AM,22:45:20,1.23,46.0,30.43,89.0,32.01,2.25,06:22:00,17:51:00
8582,1477644018,10/27/2016 12:00:00 AM,22:40:18,1.23,46.0,30.43,83.0,133.4,9.0,06:22:00,17:51:00
8583,1477643718,10/27/2016 12:00:00 AM,22:35:18,1.2,45.0,30.43,88.0,134.24,7.87,06:22:00,17:51:00
8584,1477643418,10/27/2016 12:00:00 AM,22:30:18,1.2,45.0,30.43,92.0,150.4,10.12,06:22:00,17:51:00
8585,1477643118,10/27/2016 12:00:00 AM,22:25:18,1.2,45.0,30.43,93.0,181.18,2.25,06:22:00,17:51:00
8586,1477642819,10/27/2016 12:00:00 AM,22:20:19,1.22,45.0,30.43,95.0,140.84,5.62,06:22:00,17:51:00
8587,1477642521,10/27/2016 12:00:00 AM,22:15:21,1.2,45.0,30.43,95.0,128.05,7.87,06:22:00,17:51:00
8588,1477642217,10/27/2016 12:00:00 AM,22:10:17,1.21,46.0,30.43,93.0,137.53,5.62,06:22:00,17:51:00
8589,1477641917,10/27/2016 12:00:00 AM,22:05:17,1.21,46.0,30.43,89.0,170.18,5.62,06:22:00,17:51:00
8590,1477641617,10/27/2016 12:00:00 AM,22:00:17,1.23,45.0,30.43,88.0,113.61,10.12,06:22:00,17:51:00
8591,1477641317,10/27/2016 12:00:00 AM,21:55:17,1.21,45.0,30.43,93.0,158.02,3.37,06:22:00,17:51:00
8592,1477641018,10/27/2016 12:00:00 AM,21:50:18,1.21,45.0,30.43,95.0,131.63,9.0,06:22:00,17:51:00
8593,1477640718,10/27/2016 12:00:00 AM,21:45:18,1.21,45.0,30.43,93.0,124.63,3.37,06:22:00,17:51:00
8594,1477640418,10/27/2016 12:00:00 AM,21:40:18,1.18,46.0,30.43,93.0,144.76,7.87,06:22:00,17:51:00
8595,1477640118,10/27/2016 12:00:00 AM,21:35:18,1.23,46.0,30.43,90.0,46.29,2.25,06:22:00,17:51:00
8596,1477639818,10/27/2016 12:00:00 AM,21:30:18,1.22,46.0,30.43,86.0,162.96,2.25,06:22:00,17:51:00
8597,1477639522,10/27/2016 12:00:00 AM,21:25:22,1.18,46.0,30.43,87.0,160.89,7.87,06:22:00,17:51:00
8598,1477639217,10/27/2016 12:00:00 AM,21:20:17,1.21,46.0,30.43,88.0,134.44,3.37,06:22:00,17:51:00
8599,1477638920,10/27/2016 12:00:00 AM,21:15:20,1.2,47.0,30.43,86.0,113.19,6.75,06:22:00,17:51:00
8600,1477638618,10/27/2016 12:00:00 AM,21:10:18,1.21,47.0,30.43,79.0,97.88,4.5,06:22:00,17:51:00
8601,1477638317,10/27/2016 12:00:00 AM,21:05:17,1.18,46.0,30.43,79.0,154.11,6.75,06:22:00,17:51:00
8602,1477638020,10/27/2016 12:00:00 AM,21:00:20,1.19,46.0,30.43,84.0,161.03,6.75,06:22:00,17:51:00
8603,1477637721,10/27/2016 12:00:00 AM,20:55:21,1.21,45.0,30.42,92.0,163.16,5.62,06:22:00,17:51:00
8604,1477637418,10/27/2016 12:00:00 AM,20:50:18,1.21,45.0,30.42,98.0,162.14,6.75,06:22:00,17:51:00
8605,1477637119,10/27/2016 12:00:00 AM,20:45:19,1.21,45.0,30.43,99.0,163.09,6.75,06:22:00,17:51:00
8606,1477636817,10/27/2016 12:00:00 AM,20:40:17,1.19,45.0,30.43,99.0,116.96,4.5,06:22:00,17:51:00
8607,1477636518,10/27/2016 12:00:00 AM,20:35:18,1.18,45.0,30.43,98.0,121.31,9.0,06:22:00,17:51:00
8608,1477636218,10/27/2016 12:00:00 AM,20:30:18,1.22,46.0,30.43,98.0,121.95,2.25,06:22:00,17:51:00
8609,1477635919,10/27/2016 12:00:00 AM,20:25:19,1.21,46.0,30.43,97.0,136.19,11.25,06:22:00,17:51:00
8610,1477635617,10/27/2016 12:00:00 AM,20:20:17,1.2,46.0,30.43,97.0,124.95,5.62,06:22:00,17:51:00
8611,1477635319,10/27/2016 12:00:00 AM,20:15:19,1.22,46.0,30.42,96.0,105.36,7.87,06:22:00,17:51:00
8612,1477635018,10/27/2016 12:00:00 AM,20:10:18,1.2,47.0,30.42,95.0,122.95,10.12,06:22:00,17:51:00
8613,1477634718,10/27/2016 12:00:00 AM,20:05:18,1.2,46.0,30.42,95.0,139.67,4.5,06:22:00,17:51:00
8614,1477634423,10/27/2016 12:00:00 AM,20:00:23,1.22,46.0,30.42,98.0,131.66,1.12,06:22:00,17:51:00
8615,1477634118,10/27/2016 12:00:00 AM,19:55:18,1.22,46.0,30.42,98.0,65.15,2.25,06:22:00,17:51:00
8616,1477633817,10/27/2016 12:00:00 AM,19:50:17,1.21,47.0,30.42,98.0,143.33,5.62,06:22:00,17:51:00
8617,1477633521,10/27/2016 12:00:00 AM,19:45:21,1.21,47.0,30.42,97.0,124.4,4.5,06:22:00,17:51:00
8618,1477633221,10/27/2016 12:00:00 AM,19:40:21,1.21,47.0,30.42,96.0,82.12,3.37,06:22:00,17:51:00
8619,1477632918,10/27/2016 12:00:00 AM,19:35:18,1.22,48.0,30.41,94.0,124.07,6.75,06:22:00,17:51:00
8620,1477632617,10/27/2016 12:00:00 AM,19:30:17,1.19,49.0,30.41,91.0,130.94,6.75,06:22:00,17:51:00
8621,1477632318,10/27/2016 12:00:00 AM,19:25:18,1.23,49.0,30.41,85.0,131.69,3.37,06:22:00,17:51:00
8622,1477632018,10/27/2016 12:00:00 AM,19:20:18,1.2,51.16507236474315,30.41,78.0,128.63,4.5,06:22:00,17:51:00
8623,1477631717,10/27/2016 12:00:00 AM,19:15:17,1.2,49.0,30.41,80.0,175.17,3.37,06:22:00,17:51:00
8624,1477631421,10/27/2016 12:00:00 AM,19:10:21,1.24,49.0,30.4,84.0,159.62,5.62,06:22:00,17:51:00
8625,1477631118,10/27/2016 12:00:00 AM,19:05:18,1.22,50.0,30.41,89.0,145.49,5.62,06:22:00,17:51:00
8626,1477630817,10/27/2016 12:00:00 AM,19:00:17,1.21,49.0,30.4,82.0,169.25,3.37,06:22:00,17:51:00
8627,1477630518,10/27/2016 12:00:00 AM,18:55:18,1.22,49.0,30.4,86.0,157.74,5.62,06:22:00,17:51:00
8628,1477630219,10/27/2016 12:00:00 AM,18:50:19,1.2,48.0,30.4,92.0,129.41,2.25,06:22:00,17:51:00
8629,1477629917,10/27/2016 12:00:00 AM,18:45:17,1.22,48.0,30.4,98.0,133.88,6.75,06:22:00,17:51:00
8630,1477629621,10/27/2016 12:00:00 AM,18:40:21,1.17,48.0,30.39,99.0,179.5,4.5,06:22:00,17:51:00
8631,1477629318,10/27/2016 12:00:00 AM,18:35:18,1.25,48.0,30.39,99.0,152.26,5.62,06:22:00,17:51:00
8632,1477629018,10/27/2016 12:00:00 AM,18:30:18,1.22,48.0,30.39,99.0,101.38,4.5,06:22:00,17:51:00
8633,1477628717,10/27/2016 12:00:00 AM,18:25:17,1.21,48.0,30.39,99.0,130.07,6.75,06:22:00,17:51:00
8634,1477628418,10/27/2016 12:00:00 AM,18:20:18,1.24,49.0,30.39,99.0,70.95,6.75,06:22:00,17:51:00
8635,1477628118,10/27/2016 12:00:00 AM,18:15:18,1.23,49.0,30.39,99.0,59.73,4.5,06:22:00,17:51:00
8636,1477627820,10/27/2016 12:00:00 AM,18:10:20,1.21,49.0,30.39,99.0,95.6,3.37,06:22:00,17:51:00
8637,1477627518,10/27/2016 12:00:00 AM,18:05:18,1.2,49.0,30.39,99.0,116.0,2.25,06:22:00,17:51:00
8638,1477627218,10/27/2016 12:00:00 AM,18:00:18,1.56,49.0,30.39,99.0,124.4,4.5,06:22:00,17:51:00
8639,1477626918,10/27/2016 12:00:00 AM,17:55:18,2.37,49.0,30.39,99.0,130.12,9.0,06:22:00,17:51:00
8640,1477626617,10/27/2016 12:00:00 AM,17:50:17,3.5,50.0,30.39,99.0,90.03,4.5,06:22:00,17:51:00
8641,1477626318,10/27/2016 12:00:00 AM,17:45:18,8.94,50.0,30.39,99.0,9.02,0.0,06:22:00,17:51:00
8642,1477626018,10/27/2016 12:00:00 AM,17:40:18,18.24,50.0,30.39,98.0,57.9,4.5,06:22:00,17:51:00
8643,1477625717,10/27/2016 12:00:00 AM,17:35:17,25.27,50.0,30.39,98.0,89.6,5.62,06:22:00,17:51:00
8644,1477625417,10/27/2016 12:00:00 AM,17:30:17,35.95,50.0,30.38,98.0,104.05,5.62,06:22:00,17:51:00
8645,1477625118,10/27/2016 12:00:00 AM,17:25:18,52.1,50.0,30.39,97.0,70.99,2.25,06:22:00,17:51:00
8646,1477624818,10/27/2016 12:00:00 AM,17:20:18,97.18,51.0,30.39,97.0,70.04,2.25,06:22:00,17:51:00
8647,1477624518,10/27/2016 12:00:00 AM,17:15:18,116.17,51.0,30.38,97.0,92.57,5.62,06:22:00,17:51:00
8648,1477624221,10/27/2016 12:00:00 AM,17:10:21,86.74,51.0,30.38,97.0,50.17,4.5,06:22:00,17:51:00
8649,1477623920,10/27/2016 12:00:00 AM,17:05:20,139.97,52.0,30.38,96.0,45.96,6.75,06:22:00,17:51:00
8650,1477623621,10/27/2016 12:00:00 AM,17:00:21,106.59,52.0,30.38,96.0,104.45,5.62,06:22:00,17:51:00
8651,1477623318,10/27/2016 12:00:00 AM,16:55:18,162.31,52.0,30.38,95.0,79.31,5.62,06:22:00,17:51:00
8652,1477623017,10/27/2016 12:00:00 AM,16:50:17,201.41,53.0,30.38,94.0,80.91,9.0,06:22:00,17:51:00
8653,1477622720,10/27/2016 12:00:00 AM,16:45:20,197.62,53.0,30.38,92.0,76.03,5.62,06:22:00,17:51:00
8654,1477622418,10/27/2016 12:00:00 AM,16:40:18,248.13,53.0,30.38,93.0,83.38,6.75,06:22:00,17:51:00
8655,1477622118,10/27/2016 12:00:00 AM,16:35:18,231.89,53.0,30.38,93.0,31.98,2.25,06:22:00,17:51:00
8656,1477621820,10/27/2016 12:00:00 AM,16:30:20,123.33,53.0,30.38,92.0,112.45,2.25,06:22:00,17:51:00
8657,1477621518,10/27/2016 12:00:00 AM,16:25:18,267.92,54.0,30.38,92.0,19.94,3.37,06:22:00,17:51:00
8658,1477621220,10/27/2016 12:00:00 AM,16:20:20,302.91,54.0,30.38,91.0,45.91,6.75,06:22:00,17:51:00
8659,1477620918,10/27/2016 12:00:00 AM,16:15:18,356.84,53.0,30.38,94.0,75.55,3.37,06:22:00,17:51:00
8660,1477620618,10/27/2016 12:00:00 AM,16:10:18,405.68,53.0,30.38,96.0,69.35,9.0,06:22:00,17:51:00
8661,1477620318,10/27/2016 12:00:00 AM,16:05:18,253.73,53.0,30.38,96.0,68.19,2.25,06:22:00,17:51:00
8662,1477620023,10/27/2016 12:00:00 AM,16:00:23,266.91,53.0,30.38,95.0,29.87,2.25,06:22:00,17:51:00
8663,1477619720,10/27/2016 12:00:00 AM,15:55:20,196.59,53.0,30.38,95.0,45.73,5.62,06:22:00,17:51:00
8664,1477619417,10/27/2016 12:00:00 AM,15:50:17,213.37,53.0,30.38,94.0,20.71,5.62,06:22:00,17:51:00
8665,1477619120,10/27/2016 12:00:00 AM,15:45:20,258.28,54.0,30.38,93.0,21.66,9.0,06:22:00,17:51:00
8666,1477618821,10/27/2016 12:00:00 AM,15:40:21,343.57,53.0,30.37,90.0,23.33,3.37,06:22:00,17:51:00
8667,1477618521,10/27/2016 12:00:00 AM,15:35:21,287.68,54.0,30.38,90.0,22.19,3.37,06:22:00,17:51:00
8668,1477618218,10/27/2016 12:00:00 AM,15:30:18,320.92,54.0,30.38,90.0,330.19,5.62,06:22:00,17:51:00
8669,1477617917,10/27/2016 12:00:00 AM,15:25:17,321.19,55.0,30.37,89.0,2.73,9.0,06:22:00,17:51:00
8670,1477617617,10/27/2016 12:00:00 AM,15:20:17,715.2,55.0,30.37,88.0,39.75,10.12,06:22:00,17:51:00
8671,1477617321,10/27/2016 12:00:00 AM,15:15:21,564.18,56.0,30.37,87.0,21.43,6.75,06:22:00,17:51:00
8672,1477617018,10/27/2016 12:00:00 AM,15:10:18,626.2,56.0,30.37,83.0,3.89,4.5,06:22:00,17:51:00
8673,1477616717,10/27/2016 12:00:00 AM,15:05:17,622.65,56.0,30.37,80.0,26.09,3.37,06:22:00,17:51:00
8674,1477616421,10/27/2016 12:00:00 AM,15:00:21,683.94,56.0,30.37,79.0,20.73,7.87,06:22:00,17:51:00
8675,1477616118,10/27/2016 12:00:00 AM,14:55:18,705.79,56.0,30.37,78.0,9.5,9.0,06:22:00,17:51:00
8676,1477615817,10/27/2016 12:00:00 AM,14:50:17,652.88,57.0,30.38,78.0,25.18,13.5,06:22:00,17:51:00
8677,1477615520,10/27/2016 12:00:00 AM,14:45:20,634.83,58.0,30.37,77.0,19.51,7.87,06:22:00,17:51:00
8678,1477615218,10/27/2016 12:00:00 AM,14:40:18,720.38,58.0,30.37,76.0,46.66,4.5,06:22:00,17:51:00
8679,1477614918,10/27/2016 12:00:00 AM,14:35:18,698.92,58.0,30.37,75.0,26.7,4.5,06:22:00,17:51:00
8680,1477614618,10/27/2016 12:00:00 AM,14:30:18,697.46,58.0,30.38,73.0,56.56,4.5,06:22:00,17:51:00
8681,1477614318,10/27/2016 12:00:00 AM,14:25:18,668.72,58.0,30.38,74.0,24.66,6.75,06:22:00,17:51:00
8682,1477614017,10/27/2016 12:00:00 AM,14:20:17,754.55,58.0,30.38,75.0,61.38,9.0,06:22:00,17:51:00
8683,1477613720,10/27/2016 12:00:00 AM,14:15:20,756.27,58.0,30.38,74.0,336.64,6.75,06:22:00,17:51:00
8684,1477613418,10/27/2016 12:00:00 AM,14:10:18,795.68,59.0,30.38,67.0,359.22,5.62,06:22:00,17:51:00
8685,1477613118,10/27/2016 12:00:00 AM,14:05:18,810.79,60.0,30.38,62.0,21.97,11.25,06:22:00,17:51:00
8686,1477612817,10/27/2016 12:00:00 AM,14:00:17,696.6,61.0,30.38,60.0,53.21,7.87,06:22:00,17:51:00
8687,1477612518,10/27/2016 12:00:00 AM,13:55:18,600.71,61.0,30.38,56.0,345.73,3.37,06:22:00,17:51:00
8688,1477612217,10/27/2016 12:00:00 AM,13:50:17,775.99,61.0,30.38,55.0,20.82,6.75,06:22:00,17:51:00
8689,1477611920,10/27/2016 12:00:00 AM,13:45:20,818.13,60.0,30.38,62.0,28.49,5.62,06:22:00,17:51:00
8690,1477611617,10/27/2016 12:00:00 AM,13:40:17,829.44,60.0,30.38,68.0,39.67,10.12,06:22:00,17:51:00
8691,1477611318,10/27/2016 12:00:00 AM,13:35:18,762.98,60.0,30.38,64.0,37.62,5.62,06:22:00,17:51:00
8692,1477611018,10/27/2016 12:00:00 AM,13:30:18,802.17,60.0,30.38,62.0,58.89,10.12,06:22:00,17:51:00
8693,1477610721,10/27/2016 12:00:00 AM,13:25:21,849.05,62.0,30.39,62.0,28.36,9.0,06:22:00,17:51:00
8694,1477610418,10/27/2016 12:00:00 AM,13:20:18,852.64,62.0,30.39,60.0,9.75,9.0,06:22:00,17:51:00
8695,1477610120,10/27/2016 12:00:00 AM,13:15:20,893.72,63.0,30.39,56.0,58.16,9.0,06:22:00,17:51:00
8696,1477609821,10/27/2016 12:00:00 AM,13:10:21,914.12,63.0,30.39,59.0,61.84,2.25,06:22:00,17:51:00
8697,1477609518,10/27/2016 12:00:00 AM,13:05:18,893.23,63.0,30.39,45.0,60.04,6.75,06:22:00,17:51:00
8698,1477609218,10/27/2016 12:00:00 AM,13:00:18,903.73,62.0,30.39,46.0,30.2,2.25,06:22:00,17:51:00
8699,1477608918,10/27/2016 12:00:00 AM,12:55:18,782.08,62.0,30.4,54.0,33.5,7.87,06:22:00,17:51:00
8700,1477608620,10/27/2016 12:00:00 AM,12:50:20,889.95,63.0,30.4,48.0,357.62,1.12,06:22:00,17:51:00
8701,1477608318,10/27/2016 12:00:00 AM,12:45:18,878.64,63.0,30.4,37.0,33.01,4.5,06:22:00,17:51:00
8702,1477608021,10/27/2016 12:00:00 AM,12:40:21,978.13,63.0,30.4,33.0,336.46,3.37,06:22:00,17:51:00
8703,1477607718,10/27/2016 12:00:00 AM,12:35:18,913.42,64.0,30.4,31.0,55.32,7.87,06:22:00,17:51:00
8704,1477607417,10/27/2016 12:00:00 AM,12:30:17,917.28,63.0,30.4,30.0,359.93,5.62,06:22:00,17:51:00
8705,1477607117,10/27/2016 12:00:00 AM,12:25:17,885.56,64.0,30.41,43.0,71.28,2.25,06:22:00,17:51:00
8706,1477606818,10/27/2016 12:00:00 AM,12:20:18,907.89,64.0,30.41,28.0,121.88,2.25,06:22:00,17:51:00
8707,1477606519,10/27/2016 12:00:00 AM,12:15:19,941.98,64.0,30.41,41.0,7.12,5.62,06:22:00,17:51:00
8708,1477606220,10/27/2016 12:00:00 AM,12:10:20,945.77,63.0,30.41,35.0,17.0,3.37,06:22:00,17:51:00
8709,1477605920,10/27/2016 12:00:00 AM,12:05:20,916.17,63.0,30.41,41.0,60.32,6.75,06:22:00,17:51:00
8710,1477605619,10/27/2016 12:00:00 AM,12:00:19,914.76,63.0,30.42,51.0,131.41,4.5,06:22:00,17:51:00
8711,1477605322,10/27/2016 12:00:00 AM,11:55:22,870.16,64.0,30.42,37.0,71.16,6.75,06:22:00,17:51:00
8712,1477605021,10/27/2016 12:00:00 AM,11:50:21,891.54,65.0,30.42,50.0,1.38,6.75,06:22:00,17:51:00
8713,1477604718,10/27/2016 12:00:00 AM,11:45:18,908.68,65.0,30.42,28.0,18.71,5.62,06:22:00,17:51:00
8714,1477604417,10/27/2016 12:00:00 AM,11:40:17,941.01,65.0,30.42,33.0,107.37,9.0,06:22:00,17:51:00
8715,1477604117,10/27/2016 12:00:00 AM,11:35:17,949.31,64.0,30.42,32.0,341.04,3.37,06:22:00,17:51:00
8716,1477603818,10/27/2016 12:00:00 AM,11:30:18,916.12,63.0,30.42,37.0,96.25,2.25,06:22:00,17:51:00
8717,1477603518,10/27/2016 12:00:00 AM,11:25:18,950.39,63.0,30.423028000868246,40.0,76.01,10.12,06:22:00,17:51:00
8718,1477603220,10/27/2016 12:00:00 AM,11:20:20,950.88,62.0,30.43,43.0,146.22,4.5,06:22:00,17:51:00
8719,1477602920,10/27/2016 12:00:00 AM,11:15:20,938.85,62.0,30.43,39.0,77.82,9.0,06:22:00,17:51:00
8720,1477602617,10/27/2016 12:00:00 AM,11:10:17,934.44,62.0,30.43,42.0,78.32,1.12,06:22:00,17:51:00
8721,1477602319,10/27/2016 12:00:00 AM,11:05:19,921.37,62.0,30.43,46.0,336.49,5.62,06:22:00,17:51:00
8722,1477602018,10/27/2016 12:00:00 AM,11:00:18,861.2,62.0,30.43,58.0,57.51,4.5,06:22:00,17:51:00
8723,1477601721,10/27/2016 12:00:00 AM,10:55:21,895.5,62.0,30.43,60.0,79.76,9.0,06:22:00,17:51:00
8724,1477601418,10/27/2016 12:00:00 AM,10:50:18,899.46,61.0,30.43,57.0,124.07,4.5,06:22:00,17:51:00
8725,1477601117,10/27/2016 12:00:00 AM,10:45:17,873.79,60.0,30.43,56.0,90.91,7.87,06:22:00,17:51:00
8726,1477600818,10/27/2016 12:00:00 AM,10:40:18,881.39,60.0,30.43,64.0,61.6,6.75,06:22:00,17:51:00
8727,1477600519,10/27/2016 12:00:00 AM,10:35:19,879.63,61.0,30.43,65.0,57.64,10.12,06:22:00,17:51:00
8728,1477600217,10/27/2016 12:00:00 AM,10:30:17,866.85,61.0,30.44,62.0,19.14,4.5,06:22:00,17:51:00
8729,1477599918,10/27/2016 12:00:00 AM,10:25:18,857.17,61.0,30.44,47.0,30.2,4.5,06:22:00,17:51:00
8730,1477599618,10/27/2016 12:00:00 AM,10:20:18,843.77,61.0,30.44,57.0,51.99,4.5,06:22:00,17:51:00
8731,1477599318,10/27/2016 12:00:00 AM,10:15:18,822.9,60.0,30.44,59.0,90.52,9.0,06:22:00,17:51:00
8732,1477599019,10/27/2016 12:00:00 AM,10:10:19,818.09,59.0,30.44,58.0,348.26,1.12,06:22:00,17:51:00
8733,1477598717,10/27/2016 12:00:00 AM,10:05:17,810.03,59.0,30.44,70.0,49.79,5.62,06:22:00,17:51:00
8734,1477598420,10/27/2016 12:00:00 AM,10:00:20,796.57,58.0,30.44,74.0,62.77,5.62,06:22:00,17:51:00
8735,1477598118,10/27/2016 12:00:00 AM,09:55:18,783.32,58.0,30.44,78.0,11.18,6.75,06:22:00,17:51:00
8736,1477597821,10/27/2016 12:00:00 AM,09:50:21,771.6,51.16507236474315,30.44,72.0,58.8,6.75,06:22:00,17:51:00
8737,1477597519,10/27/2016 12:00:00 AM,09:45:19,759.26,61.0,30.44,50.0,9.38,9.0,06:22:00,17:51:00
8738,1477597220,10/27/2016 12:00:00 AM,09:40:20,744.61,61.0,30.44,58.0,92.28,1.12,06:22:00,17:51:00
8739,1477596918,10/27/2016 12:00:00 AM,09:35:18,731.81,62.0,30.44,66.0,22.93,4.5,06:22:00,17:51:00
8740,1477596618,10/27/2016 12:00:00 AM,09:30:18,715.01,63.0,30.44,52.0,1.93,2.25,06:22:00,17:51:00
8741,1477596318,10/27/2016 12:00:00 AM,09:25:18,695.99,63.0,30.44,39.0,106.88,5.62,06:22:00,17:51:00
8742,1477596021,10/27/2016 12:00:00 AM,09:20:21,618.94,63.0,30.44,74.83719267708949,63.19,2.25,06:22:00,17:51:00
8743,1477595717,10/27/2016 12:00:00 AM,09:15:17,622.32,63.0,30.44,32.0,40.78,2.25,06:22:00,17:51:00
8744,1477595418,10/27/2016 12:00:00 AM,09:10:18,656.83,63.0,30.43,28.0,47.64,3.37,06:22:00,17:51:00
8745,1477595118,10/27/2016 12:00:00 AM,09:05:18,639.03,63.0,30.43,37.0,47.24,2.25,06:22:00,17:51:00
8746,1477594817,10/27/2016 12:00:00 AM,09:00:17,611.29,63.0,30.43,41.0,63.92,2.25,06:22:00,17:51:00
8747,1477594521,10/27/2016 12:00:00 AM,08:55:21,586.98,62.0,30.43,38.0,118.27,4.5,06:22:00,17:51:00
8748,1477594217,10/27/2016 12:00:00 AM,08:50:17,587.33,61.0,30.43,41.0,52.09,2.25,06:22:00,17:51:00
8749,1477593921,10/27/2016 12:00:00 AM,08:45:21,567.61,60.0,30.42,36.0,139.09,2.25,06:22:00,17:51:00
8750,1477593618,10/27/2016 12:00:00 AM,08:40:18,544.65,60.0,30.42,62.0,134.3,7.87,06:22:00,17:51:00
8751,1477593320,10/27/2016 12:00:00 AM,08:35:20,521.11,60.0,30.42,69.0,74.55,4.5,06:22:00,17:51:00
8752,1477593018,10/27/2016 12:00:00 AM,08:30:18,484.1,51.16507236474315,30.42,58.0,98.85,4.5,06:22:00,17:51:00
8753,1477592721,10/27/2016 12:00:00 AM,08:25:21,455.92,58.0,30.42,51.0,117.42,2.25,06:22:00,17:51:00
8754,1477592417,10/27/2016 12:00:00 AM,08:20:17,458.81,56.0,30.42,66.0,126.41,4.5,06:22:00,17:51:00
8755,1477592120,10/27/2016 12:00:00 AM,08:15:20,434.69,55.0,30.41,71.0,162.04,4.5,06:22:00,17:51:00
8756,1477591818,10/27/2016 12:00:00 AM,08:10:18,412.8,54.0,30.41,83.0,161.03,3.37,06:22:00,17:51:00
8757,1477591520,10/27/2016 12:00:00 AM,08:05:20,400.12,53.0,30.41,87.0,168.42,4.5,06:22:00,17:51:00
8758,1477591218,10/27/2016 12:00:00 AM,08:00:18,376.62,52.0,30.41,90.0,59.36,10.12,06:22:00,17:51:00
8759,1477590918,10/27/2016 12:00:00 AM,07:55:18,355.16,52.0,30.41,91.0,137.59,1.12,06:22:00,17:51:00
8760,1477590618,10/27/2016 12:00:00 AM,07:50:18,325.14,51.0,30.41,92.0,71.7,5.62,06:22:00,17:51:00
8761,1477590319,10/27/2016 12:00:00 AM,07:45:19,322.04,50.0,30.41,93.0,72.45,2.25,06:22:00,17:51:00
8762,1477590024,10/27/2016 12:00:00 AM,07:40:24,286.49,49.0,30.41,95.0,112.81,6.75,06:22:00,17:51:00
8763,1477589719,10/27/2016 12:00:00 AM,07:35:19,243.09,48.0,30.41,95.0,137.08,7.87,06:22:00,17:51:00
8764,1477589417,10/27/2016 12:00:00 AM,07:30:17,137.84,48.0,30.41,94.0,124.29,10.12,06:22:00,17:51:00
8765,1477589121,10/27/2016 12:00:00 AM,07:25:21,59.04,47.0,30.41,93.0,151.6,4.5,06:22:00,17:51:00
8766,1477588818,10/27/2016 12:00:00 AM,07:20:18,51.86,46.0,30.41,93.0,172.76,6.75,06:22:00,17:51:00
8767,1477588519,10/27/2016 12:00:00 AM,07:15:19,44.2,46.0,30.41,93.0,157.05,7.87,06:22:00,17:51:00
8768,1477588221,10/27/2016 12:00:00 AM,07:10:21,39.56,46.0,30.4,92.0,148.24,12.37,06:22:00,17:51:00
8769,1477587920,10/27/2016 12:00:00 AM,07:05:20,49.08,46.0,30.41,90.0,143.54770303349548,6.75,06:22:00,17:51:00
8770,1477587621,10/27/2016 12:00:00 AM,07:00:21,56.63,45.0,30.4,85.0,165.78,6.75,06:22:00,17:51:00
8771,1477587318,10/27/2016 12:00:00 AM,06:55:18,45.08,45.0,30.4,81.0,160.89,12.37,06:22:00,17:51:00
8772,1477587017,10/27/2016 12:00:00 AM,06:50:17,31.04,45.0,30.4,81.0,161.99,9.0,06:22:00,17:51:00
8773,1477586721,10/27/2016 12:00:00 AM,06:45:21,25.27,45.0,30.4,79.0,148.07,6.75,06:22:00,17:51:00
8774,1477586422,10/27/2016 12:00:00 AM,06:40:22,22.06,44.0,30.4,78.0,163.84,6.75,06:22:00,17:51:00
8775,1477586120,10/27/2016 12:00:00 AM,06:35:20,18.6,44.0,30.4,77.0,142.7,9.0,06:22:00,17:51:00
8776,1477585818,10/27/2016 12:00:00 AM,06:30:18,14.54,44.0,30.4,76.0,143.11,10.12,06:22:00,17:51:00
8777,1477585518,10/27/2016 12:00:00 AM,06:25:18,9.56,44.0,30.4,76.0,191.44,9.0,06:22:00,17:51:00
8778,1477585220,10/27/2016 12:00:00 AM,06:20:20,6.57,44.0,30.4,79.0,122.83,6.75,06:22:00,17:51:00
8779,1477584920,10/27/2016 12:00:00 AM,06:15:20,6.35,44.0,30.4,85.0,146.04,7.87,06:22:00,17:51:00
8780,1477584620,10/27/2016 12:00:00 AM,06:10:20,3.83,44.0,30.39,77.0,144.15,6.75,06:22:00,17:51:00
8781,1477584318,10/27/2016 12:00:00 AM,06:05:18,1.26,44.0,30.39,63.0,158.06,2.25,06:22:00,17:51:00
8782,1477584021,10/27/2016 12:00:00 AM,06:00:21,1.19,44.0,30.39,74.0,152.96,7.87,06:22:00,17:51:00
8783,1477583718,10/27/2016 12:00:00 AM,05:55:18,1.21,45.0,30.39,85.0,163.15,5.62,06:22:00,17:51:00
8784,1477583418,10/27/2016 12:00:00 AM,05:50:18,1.18,45.0,30.39,79.0,127.24,9.0,06:22:00,17:51:00
8785,1477583120,10/27/2016 12:00:00 AM,05:45:20,1.2,45.0,30.39,73.0,131.64,5.62,06:22:00,17:51:00
8786,1477582817,10/27/2016 12:00:00 AM,05:40:17,1.2,45.0,30.39,58.0,151.36,2.25,06:22:00,17:51:00
8787,1477582521,10/27/2016 12:00:00 AM,05:35:21,1.22,45.0,30.38,46.0,109.93,4.5,06:22:00,17:51:00
8788,1477582220,10/27/2016 12:00:00 AM,05:30:20,1.24,45.0,30.38,39.0,129.64,5.62,06:22:00,17:51:00
8789,1477581920,10/27/2016 12:00:00 AM,05:25:20,1.23,45.0,30.38,39.0,77.83,5.62,06:22:00,17:51:00
8790,1477581617,10/27/2016 12:00:00 AM,05:20:17,1.23,45.0,30.38,33.0,187.53,7.87,06:22:00,17:51:00
8791,1477581318,10/27/2016 12:00:00 AM,05:15:18,1.19,45.0,30.38,32.0,158.06,9.0,06:22:00,17:51:00
8792,1477581018,10/27/2016 12:00:00 AM,05:10:18,1.21,45.0,30.38,33.0,169.03,7.87,06:22:00,17:51:00
8793,1477580720,10/27/2016 12:00:00 AM,05:05:20,1.19,46.0,30.38,32.0,180.66,9.0,06:22:00,17:51:00
8794,1477580417,10/27/2016 12:00:00 AM,05:00:17,1.2,46.0,30.38,31.0,157.58,6.75,06:22:00,17:51:00
8795,1477580118,10/27/2016 12:00:00 AM,04:55:18,1.22,45.0,30.38,31.0,150.17,7.87,06:22:00,17:51:00
8796,1477579818,10/27/2016 12:00:00 AM,04:50:18,1.21,45.0,30.38,33.0,187.41,9.0,06:22:00,17:51:00
8797,1477579518,10/27/2016 12:00:00 AM,04:45:18,1.22,45.0,30.38,34.0,196.75,9.0,06:22:00,17:51:00
8798,1477579217,10/27/2016 12:00:00 AM,04:40:17,1.21,45.0,30.38,34.0,156.83,6.75,06:22:00,17:51:00
8799,1477578920,10/27/2016 12:00:00 AM,04:35:20,1.2,45.0,30.38,34.0,179.82,5.62,06:22:00,17:51:00
8800,1477578618,10/27/2016 12:00:00 AM,04:30:18,1.23,45.0,30.38,33.0,170.1,9.0,06:22:00,17:51:00
8801,1477578318,10/27/2016 12:00:00 AM,04:25:18,1.2,45.0,30.38,32.0,164.64,7.87,06:22:00,17:51:00
8802,1477578020,10/27/2016 12:00:00 AM,04:20:20,1.2,46.0,30.38,32.0,194.65,6.75,06:22:00,17:51:00
8803,1477577721,10/27/2016 12:00:00 AM,04:15:21,1.23,46.0,30.38,33.0,177.08,5.62,06:22:00,17:51:00
8804,1477577421,10/27/2016 12:00:00 AM,04:10:21,1.19,46.0,30.38,31.0,174.17,6.75,06:22:00,17:51:00
8805,1477577120,10/27/2016 12:00:00 AM,04:05:20,1.19,46.0,30.38,33.0,180.65,5.62,06:22:00,17:51:00
8806,1477576823,10/27/2016 12:00:00 AM,04:00:23,1.23,46.0,30.38,32.0,182.36,10.12,06:22:00,17:51:00
8807,1477576521,10/27/2016 12:00:00 AM,03:55:21,1.19,46.0,30.38,31.0,165.05,6.75,06:22:00,17:51:00
8808,1477576218,10/27/2016 12:00:00 AM,03:50:18,1.21,46.0,30.38,33.0,145.13,10.12,06:22:00,17:51:00
8809,1477575920,10/27/2016 12:00:00 AM,03:45:20,1.22,46.0,30.38,33.0,179.94,7.87,06:22:00,17:51:00
8810,1477575620,10/27/2016 12:00:00 AM,03:40:20,1.22,46.0,30.38,33.0,186.5,6.75,06:22:00,17:51:00
8811,1477575318,10/27/2016 12:00:00 AM,03:35:18,1.18,46.0,30.38,32.0,171.35,6.75,06:22:00,17:51:00
8812,1477575017,10/27/2016 12:00:00 AM,03:30:17,1.2,46.0,30.38,32.0,177.37,10.12,06:22:00,17:51:00
8813,1477574721,10/27/2016 12:00:00 AM,03:25:21,1.19,46.0,30.39,34.0,184.77,6.75,06:22:00,17:51:00
8814,1477574418,10/27/2016 12:00:00 AM,03:20:18,1.23,46.0,30.38,33.0,191.21,10.12,06:22:00,17:51:00
8815,1477574119,10/27/2016 12:00:00 AM,03:15:19,1.2,46.0,30.38,34.0,181.1,10.12,06:22:00,17:51:00
8816,1477573817,10/27/2016 12:00:00 AM,03:10:17,1.2,46.0,30.38,35.0,152.06,9.0,06:22:00,17:51:00
8817,1477573520,10/27/2016 12:00:00 AM,03:05:20,1.17,46.0,30.38,35.0,186.44,11.25,06:22:00,17:51:00
8818,1477573220,10/27/2016 12:00:00 AM,03:00:20,1.19,46.0,30.39,35.0,169.03,6.75,06:22:00,17:51:00
8819,1477572923,10/27/2016 12:00:00 AM,02:55:23,1.18,46.0,30.39,35.0,197.79,6.75,06:22:00,17:51:00
8820,1477572621,10/27/2016 12:00:00 AM,02:50:21,1.24,46.0,30.39,35.0,154.15,6.75,06:22:00,17:51:00
8821,1477572321,10/27/2016 12:00:00 AM,02:45:21,1.22,46.0,30.39,34.0,163.83,10.12,06:22:00,17:51:00
8822,1477572020,10/27/2016 12:00:00 AM,02:40:20,1.21,45.0,30.39,38.0,171.36,11.25,06:22:00,17:51:00
8823,1477571720,10/27/2016 12:00:00 AM,02:35:20,1.22,45.0,30.39,37.0,188.87,9.0,06:22:00,17:51:00
8824,1477571419,10/27/2016 12:00:00 AM,02:30:19,1.22,45.0,30.39,39.0,175.35,6.75,06:22:00,17:51:00
8825,1477571118,10/27/2016 12:00:00 AM,02:25:18,1.2,45.0,30.39,39.0,162.03,7.87,06:22:00,17:51:00
8826,1477570818,10/27/2016 12:00:00 AM,02:20:18,1.21,45.0,30.39,40.0,175.67,9.0,06:22:00,17:51:00
8827,1477570520,10/27/2016 12:00:00 AM,02:15:20,1.2,45.0,30.39,41.0,172.81,10.12,06:22:00,17:51:00
8828,1477570220,10/27/2016 12:00:00 AM,02:10:20,1.24,45.0,30.39,41.0,174.17,10.12,06:22:00,17:51:00
8829,1477569918,10/27/2016 12:00:00 AM,02:05:18,1.19,45.0,30.39,41.0,179.9,7.87,06:22:00,17:51:00
8830,1477569618,10/27/2016 12:00:00 AM,02:00:18,1.2,44.0,30.4,42.0,191.79,5.62,06:22:00,17:51:00
8831,1477569318,10/27/2016 12:00:00 AM,01:55:18,1.19,44.0,30.4,45.0,179.58,6.75,06:22:00,17:51:00
8832,1477569024,10/27/2016 12:00:00 AM,01:50:24,1.21,44.0,30.4,48.0,178.3,9.0,06:22:00,17:51:00
8833,1477568718,10/27/2016 12:00:00 AM,01:45:18,1.2,44.0,30.4,49.0,127.28,6.75,06:22:00,17:51:00
8834,1477568418,10/27/2016 12:00:00 AM,01:40:18,1.22,44.0,30.4,52.0,155.12,4.5,06:22:00,17:51:00
8835,1477568118,10/27/2016 12:00:00 AM,01:35:18,1.21,44.0,30.4,68.0,163.4,6.75,06:22:00,17:51:00
8836,1477567820,10/27/2016 12:00:00 AM,01:30:20,1.2,45.0,30.41,73.0,146.74,9.0,06:22:00,17:51:00
8837,1477567518,10/27/2016 12:00:00 AM,01:25:18,1.2,45.0,30.41,73.0,168.78,9.0,06:22:00,17:51:00
8838,1477567221,10/27/2016 12:00:00 AM,01:20:21,1.21,45.0,30.41,66.0,141.27,7.87,06:22:00,17:51:00
8839,1477566920,10/27/2016 12:00:00 AM,01:15:20,1.2,45.0,30.41,54.0,181.05,5.62,06:22:00,17:51:00
8840,1477566617,10/27/2016 12:00:00 AM,01:10:17,1.22,45.0,30.41,52.0,143.4,5.62,06:22:00,17:51:00
8841,1477566318,10/27/2016 12:00:00 AM,01:05:18,1.2,45.0,30.41,57.0,157.54,5.62,06:22:00,17:51:00
8842,1477566020,10/27/2016 12:00:00 AM,01:00:20,1.21,45.0,30.41,62.0,169.19,5.62,06:22:00,17:51:00
8843,1477565720,10/27/2016 12:00:00 AM,00:55:20,1.2,45.0,30.42,57.0,181.16,2.25,06:22:00,17:51:00
8844,1477565420,10/27/2016 12:00:00 AM,00:50:20,1.23,45.0,30.42,54.0,127.84,7.87,06:22:00,17:51:00
8845,1477565118,10/27/2016 12:00:00 AM,00:45:18,1.23,45.0,30.42,55.0,128.73,3.37,06:22:00,17:51:00
8846,1477564818,10/27/2016 12:00:00 AM,00:40:18,1.19,45.0,30.42,53.0,176.08,4.5,06:22:00,17:51:00
8847,1477564518,10/27/2016 12:00:00 AM,00:35:18,1.2,46.0,30.42,55.0,159.44,7.87,06:22:00,17:51:00
8848,1477564218,10/27/2016 12:00:00 AM,00:30:18,1.2,46.0,30.42,60.0,158.39,4.5,06:22:00,17:51:00
8849,1477563918,10/27/2016 12:00:00 AM,00:25:18,1.23,46.0,30.42,54.0,122.95,4.5,06:22:00,17:51:00
8850,1477563624,10/27/2016 12:00:00 AM,00:20:24,1.2,46.0,30.42,56.0,136.36,7.87,06:22:00,17:51:00
8851,1477563318,10/27/2016 12:00:00 AM,00:15:18,1.22,46.0,30.42,63.0,165.95,7.87,06:22:00,17:51:00
8852,1477563020,10/27/2016 12:00:00 AM,00:10:20,1.21,46.0,30.42,80.0,152.89,10.12,06:22:00,17:51:00
8853,1477562421,10/27/2016 12:00:00 AM,00:00:21,1.21,47.0,30.42,69.0,145.71,3.37,06:22:00,17:51:00
8854,1477562120,10/26/2016 12:00:00 AM,23:55:20,1.22,47.0,30.42,58.0,148.22,2.25,06:21:00,17:52:00
8855,1477561819,10/26/2016 12:00:00 AM,23:50:19,1.21,47.0,30.43,57.0,162.66,3.37,06:21:00,17:52:00
8856,1477561520,10/26/2016 12:00:00 AM,23:45:20,1.21,47.0,30.42,59.0,170.9,5.62,06:21:00,17:52:00
8857,1477561217,10/26/2016 12:00:00 AM,23:40:17,1.22,47.0,30.42,62.0,167.01,7.87,06:21:00,17:52:00
8858,1477560921,10/26/2016 12:00:00 AM,23:35:21,1.16,46.0,30.42,71.0,146.47,10.12,06:21:00,17:52:00
8859,1477560619,10/26/2016 12:00:00 AM,23:30:19,1.19,47.0,30.43,89.0,165.52,9.0,06:21:00,17:52:00
8860,1477560318,10/26/2016 12:00:00 AM,23:25:18,1.21,47.0,30.43,94.0,135.54,6.75,06:21:00,17:52:00
8861,1477560018,10/26/2016 12:00:00 AM,23:20:18,1.21,48.0,30.43,97.0,128.76,4.5,06:21:00,17:52:00
8862,1477559718,10/26/2016 12:00:00 AM,23:15:18,1.22,48.0,30.43,97.0,115.18,5.62,06:21:00,17:52:00
8863,1477559420,10/26/2016 12:00:00 AM,23:10:20,1.2,48.0,30.43,96.0,111.97,5.62,06:21:00,17:52:00
8864,1477559120,10/26/2016 12:00:00 AM,23:05:20,1.22,48.0,30.43,98.0,121.56,4.5,06:21:00,17:52:00
8865,1477558818,10/26/2016 12:00:00 AM,23:00:18,1.23,48.0,30.43,99.0,162.2,6.75,06:21:00,17:52:00
8866,1477558518,10/26/2016 12:00:00 AM,22:55:18,1.23,48.0,30.43,98.0,164.39,6.75,06:21:00,17:52:00
8867,1477558218,10/26/2016 12:00:00 AM,22:50:18,1.23,48.0,30.43,98.0,136.8,9.0,06:21:00,17:52:00
8868,1477557920,10/26/2016 12:00:00 AM,22:45:20,1.22,48.0,30.43,98.0,148.21,9.0,06:21:00,17:52:00
8869,1477557617,10/26/2016 12:00:00 AM,22:40:17,1.22,48.0,30.43,98.0,159.45,7.87,06:21:00,17:52:00
8870,1477557318,10/26/2016 12:00:00 AM,22:35:18,1.22,48.0,30.44,98.0,137.58,10.12,06:21:00,17:52:00
8871,1477557020,10/26/2016 12:00:00 AM,22:30:20,1.2,48.0,30.44,97.0,172.83,12.37,06:21:00,17:52:00
8872,1477556723,10/26/2016 12:00:00 AM,22:25:23,1.22,48.0,30.44,97.0,143.39,5.62,06:21:00,17:52:00
8873,1477556419,10/26/2016 12:00:00 AM,22:20:19,1.22,48.0,30.44,97.0,175.66,10.12,06:21:00,17:52:00
8874,1477556118,10/26/2016 12:00:00 AM,22:15:18,1.2,48.0,30.44,98.0,92.43,2.25,06:21:00,17:52:00
8875,1477555818,10/26/2016 12:00:00 AM,22:10:18,1.17,48.0,30.44,97.0,152.41,5.62,06:21:00,17:52:00
8876,1477555520,10/26/2016 12:00:00 AM,22:05:20,1.21,47.0,30.44,93.0,167.45,10.12,06:21:00,17:52:00
8877,1477555220,10/26/2016 12:00:00 AM,22:00:20,1.21,47.0,30.44,92.0,86.39,4.5,06:21:00,17:52:00
8878,1477554921,10/26/2016 12:00:00 AM,21:55:21,1.21,47.0,30.44,90.0,129.64,6.75,06:21:00,17:52:00
8879,1477554618,10/26/2016 12:00:00 AM,21:50:18,1.24,47.0,30.44,92.0,121.11,7.87,06:21:00,17:52:00
8880,1477554318,10/26/2016 12:00:00 AM,21:45:18,1.21,47.0,30.44,91.0,117.92,9.0,06:21:00,17:52:00
8881,1477554018,10/26/2016 12:00:00 AM,21:40:18,1.21,47.0,30.44,90.0,165.4,9.0,06:21:00,17:52:00
8882,1477553720,10/26/2016 12:00:00 AM,21:35:20,1.16,47.0,30.44,94.0,123.96,6.75,06:21:00,17:52:00
8883,1477553418,10/26/2016 12:00:00 AM,21:30:18,1.23,47.0,30.44,98.0,156.7,3.37,06:21:00,17:52:00
8884,1477553120,10/26/2016 12:00:00 AM,21:25:20,1.21,47.0,30.44,99.0,127.42,7.87,06:21:00,17:52:00
8885,1477552820,10/26/2016 12:00:00 AM,21:20:20,1.23,48.0,30.44,99.0,123.7,9.0,06:21:00,17:52:00
8886,1477552520,10/26/2016 12:00:00 AM,21:15:20,1.22,48.0,30.44,99.0,78.63,2.25,06:21:00,17:52:00
8887,1477552221,10/26/2016 12:00:00 AM,21:10:21,1.23,48.0,30.44,99.0,109.74,9.0,06:21:00,17:52:00
8888,1477551920,10/26/2016 12:00:00 AM,21:05:20,1.23,49.0,30.44,99.0,134.95,7.87,06:21:00,17:52:00
8889,1477551620,10/26/2016 12:00:00 AM,21:00:20,1.21,49.0,30.44,99.0,142.92,6.75,06:21:00,17:52:00
8890,1477551318,10/26/2016 12:00:00 AM,20:55:18,1.21,49.0,30.44,100.0,145.98,11.25,06:21:00,17:52:00
8891,1477551017,10/26/2016 12:00:00 AM,20:50:17,1.24,49.0,30.44,100.0,127.15,5.62,06:21:00,17:52:00
8892,1477550717,10/26/2016 12:00:00 AM,20:45:17,1.22,50.0,30.44,100.0,123.87,3.37,06:21:00,17:52:00
8893,1477550417,10/26/2016 12:00:00 AM,20:40:17,1.23,49.0,30.44,99.0,112.55,4.5,06:21:00,17:52:00
8894,1477550120,10/26/2016 12:00:00 AM,20:35:20,1.24,49.0,30.44,99.0,127.38,7.87,06:21:00,17:52:00
8895,1477549818,10/26/2016 12:00:00 AM,20:30:18,1.23,49.0,30.44,99.0,124.06,12.37,06:21:00,17:52:00
8896,1477549521,10/26/2016 12:00:00 AM,20:25:21,1.22,50.0,30.44,99.0,134.66,9.0,06:21:00,17:52:00
8897,1477549219,10/26/2016 12:00:00 AM,20:20:19,1.24,49.0,30.43,99.0,107.87,13.5,06:21:00,17:52:00
8898,1477548918,10/26/2016 12:00:00 AM,20:15:18,1.2,49.0,30.43,99.0,141.78,6.75,06:21:00,17:52:00
8899,1477548621,10/26/2016 12:00:00 AM,20:10:21,1.23,49.0,30.43,98.0,160.99,6.75,06:21:00,17:52:00
8900,1477548318,10/26/2016 12:00:00 AM,20:05:18,1.24,49.0,30.44,98.0,178.01,3.37,06:21:00,17:52:00
8901,1477548018,10/26/2016 12:00:00 AM,20:00:18,1.21,49.0,30.43,98.0,174.31,10.12,06:21:00,17:52:00
8902,1477547720,10/26/2016 12:00:00 AM,19:55:20,1.22,48.0,30.43,97.0,120.55,10.12,06:21:00,17:52:00
8903,1477547418,10/26/2016 12:00:00 AM,19:50:18,1.2,48.0,30.43,97.0,175.62,9.0,06:21:00,17:52:00
8904,1477547121,10/26/2016 12:00:00 AM,19:45:21,1.23,48.0,30.43,96.0,118.76,2.25,06:21:00,17:52:00
8905,1477546821,10/26/2016 12:00:00 AM,19:40:21,1.2,48.0,30.43,96.0,107.33,5.62,06:21:00,17:52:00
8906,1477546518,10/26/2016 12:00:00 AM,19:35:18,1.25,48.0,30.43,96.0,123.13,14.62,06:21:00,17:52:00
8907,1477546220,10/26/2016 12:00:00 AM,19:30:20,1.22,48.0,30.42,95.0,138.96,9.0,06:21:00,17:52:00
8908,1477545922,10/26/2016 12:00:00 AM,19:25:22,1.2,48.0,30.42,94.0,200.97,3.37,06:21:00,17:52:00
8909,1477545621,10/26/2016 12:00:00 AM,19:20:21,1.22,48.0,30.42,94.0,105.36,10.12,06:21:00,17:52:00
8910,1477545318,10/26/2016 12:00:00 AM,19:15:18,1.22,48.0,30.42,93.0,112.97,7.87,06:21:00,17:52:00
8911,1477545019,10/26/2016 12:00:00 AM,19:10:19,1.24,48.0,30.41,93.0,124.57,11.25,06:21:00,17:52:00
8912,1477544720,10/26/2016 12:00:00 AM,19:05:20,1.26,48.0,30.41,92.0,114.89,4.5,06:21:00,17:52:00
8913,1477544418,10/26/2016 12:00:00 AM,19:00:18,1.24,48.0,30.41,92.0,106.74,5.62,06:21:00,17:52:00
8914,1477544118,10/26/2016 12:00:00 AM,18:55:18,1.22,48.0,30.41,89.0,131.4,5.62,06:21:00,17:52:00
8915,1477543820,10/26/2016 12:00:00 AM,18:50:20,1.21,48.0,30.41,89.0,96.94,3.37,06:21:00,17:52:00
8916,1477543522,10/26/2016 12:00:00 AM,18:45:22,1.2,48.0,30.41,92.0,129.91,7.87,06:21:00,17:52:00
8917,1477543219,10/26/2016 12:00:00 AM,18:40:19,1.18,48.0,30.41,91.0,112.98,4.5,06:21:00,17:52:00
8918,1477542918,10/26/2016 12:00:00 AM,18:35:18,1.22,49.0,30.41,89.0,108.63,3.37,06:21:00,17:52:00
8919,1477542620,10/26/2016 12:00:00 AM,18:30:20,1.22,49.0,30.41,86.0,165.29,7.87,06:21:00,17:52:00
8920,1477542319,10/26/2016 12:00:00 AM,18:25:19,1.21,49.0,30.41,89.0,84.64,2.25,06:21:00,17:52:00
8921,1477542018,10/26/2016 12:00:00 AM,18:20:18,1.23,49.0,30.4,88.0,119.65,3.37,06:21:00,17:52:00
8922,1477541720,10/26/2016 12:00:00 AM,18:15:20,1.22,50.0,30.423028000868246,84.0,141.32,5.62,06:21:00,17:52:00
8923,1477541418,10/26/2016 12:00:00 AM,18:10:18,1.22,50.0,30.4,80.0,77.8,5.62,06:21:00,17:52:00
8924,1477541118,10/26/2016 12:00:00 AM,18:05:18,1.24,50.0,30.4,84.0,97.27,9.0,06:21:00,17:52:00
8925,1477540821,10/26/2016 12:00:00 AM,18:00:21,1.67,50.0,30.4,85.0,136.9,9.0,06:21:00,17:52:00
8926,1477540520,10/26/2016 12:00:00 AM,17:55:20,3.27,50.0,30.4,85.0,115.16,6.75,06:21:00,17:52:00
8927,1477540223,10/26/2016 12:00:00 AM,17:50:23,5.37,51.0,30.4,85.0,197.57,2.25,06:21:00,17:52:00
8928,1477539921,10/26/2016 12:00:00 AM,17:45:21,6.88,51.0,30.4,84.0,88.47,2.25,06:21:00,17:52:00
8929,1477539621,10/26/2016 12:00:00 AM,17:40:21,8.91,52.0,30.4,82.0,114.46,3.37,06:21:00,17:52:00
8930,1477539317,10/26/2016 12:00:00 AM,17:35:17,18.75,52.0,30.39,81.0,29.82,6.229096658193317,06:21:00,17:52:00
8931,1477539018,10/26/2016 12:00:00 AM,17:30:18,25.42,53.0,30.39,75.0,94.42,4.5,06:21:00,17:52:00
8932,1477538721,10/26/2016 12:00:00 AM,17:25:21,41.3,54.0,30.39,69.0,41.08,4.5,06:21:00,17:52:00
8933,1477538419,10/26/2016 12:00:00 AM,17:20:19,59.4,54.0,30.39,74.0,97.89,4.5,06:21:00,17:52:00
8934,1477538119,10/26/2016 12:00:00 AM,17:15:19,79.87,54.0,30.39,64.0,77.45,4.5,06:21:00,17:52:00
8935,1477537818,10/26/2016 12:00:00 AM,17:10:18,101.68,55.0,30.39,73.0,123.19,3.37,06:21:00,17:52:00
8936,1477537517,10/26/2016 12:00:00 AM,17:05:17,126.64,55.0,30.39,76.0,64.34,6.75,06:21:00,17:52:00
8937,1477537218,10/26/2016 12:00:00 AM,17:00:18,153.06,55.0,30.39,77.0,50.52,4.5,06:21:00,17:52:00
8938,1477536921,10/26/2016 12:00:00 AM,16:55:21,180.26,56.0,30.39,73.0,96.78,5.62,06:21:00,17:52:00
8939,1477536623,10/26/2016 12:00:00 AM,16:50:23,207.87,56.0,30.39,73.0,77.79,5.62,06:21:00,17:52:00
8940,1477536321,10/26/2016 12:00:00 AM,16:45:21,237.53,56.0,30.39,68.0,78.49,7.87,06:21:00,17:52:00
8941,1477536021,10/26/2016 12:00:00 AM,16:40:21,264.72,56.0,30.39,75.0,67.16,4.5,06:21:00,17:52:00
8942,1477535720,10/26/2016 12:00:00 AM,16:35:20,291.1,56.0,30.39,77.0,81.44,6.75,06:21:00,17:52:00
8943,1477535418,10/26/2016 12:00:00 AM,16:30:18,316.46,57.0,30.39,78.0,82.08,2.25,06:21:00,17:52:00
8944,1477535120,10/26/2016 12:00:00 AM,16:25:20,339.0,57.0,30.39,78.0,55.8,7.87,06:21:00,17:52:00
8945,1477534820,10/26/2016 12:00:00 AM,16:20:20,360.04,57.0,30.39,77.0,46.96,5.62,06:21:00,17:52:00
8946,1477534518,10/26/2016 12:00:00 AM,16:15:18,380.45,57.0,30.38,75.0,61.37,4.5,06:21:00,17:52:00
8947,1477534219,10/26/2016 12:00:00 AM,16:10:19,401.79,57.0,30.38,74.0,0.11,1.12,06:21:00,17:52:00
8948,1477533918,10/26/2016 12:00:00 AM,16:05:18,421.08,57.0,30.38,77.0,67.4,1.12,06:21:00,17:52:00
8949,1477533624,10/26/2016 12:00:00 AM,16:00:24,440.55,57.0,30.39,77.0,97.84,6.75,06:21:00,17:52:00
8950,1477533320,10/26/2016 12:00:00 AM,15:55:20,459.39,57.0,30.39,76.0,92.95,4.5,06:21:00,17:52:00
8951,1477533020,10/26/2016 12:00:00 AM,15:50:20,480.28,58.0,30.39,78.0,34.27,2.25,06:21:00,17:52:00
8952,1477532718,10/26/2016 12:00:00 AM,15:45:18,501.54,58.0,30.39,78.0,9.73,4.5,06:21:00,17:52:00
8953,1477532420,10/26/2016 12:00:00 AM,15:40:20,517.86,58.0,30.39,75.0,10.23,6.75,06:21:00,17:52:00
8954,1477532117,10/26/2016 12:00:00 AM,15:35:17,538.66,58.0,30.39,76.0,8.37,5.62,06:21:00,17:52:00
8955,1477531821,10/26/2016 12:00:00 AM,15:30:21,557.49,58.0,30.39,74.0,19.15,6.75,06:21:00,17:52:00
8956,1477531518,10/26/2016 12:00:00 AM,15:25:18,576.08,58.0,30.39,74.0,23.62,10.12,06:21:00,17:52:00
8957,1477531218,10/26/2016 12:00:00 AM,15:20:18,593.87,59.0,30.39,73.0,24.98,11.25,06:21:00,17:52:00
8958,1477530917,10/26/2016 12:00:00 AM,15:15:17,609.8,59.0,30.39,73.0,347.7,2.25,06:21:00,17:52:00
8959,1477530618,10/26/2016 12:00:00 AM,15:10:18,627.92,59.0,30.39,73.0,39.74,3.37,06:21:00,17:52:00
8960,1477530319,10/26/2016 12:00:00 AM,15:05:19,647.42,59.0,30.39,69.0,28.33,4.5,06:21:00,17:52:00
8961,1477530021,10/26/2016 12:00:00 AM,15:00:21,663.4,60.0,30.39,67.0,62.09,10.12,06:21:00,17:52:00
8962,1477529718,10/26/2016 12:00:00 AM,14:55:18,679.67,59.0,30.423028000868246,68.0,90.07,6.75,06:21:00,17:52:00
8963,1477529420,10/26/2016 12:00:00 AM,14:50:20,694.95,59.0,30.39,70.0,349.77,0.0,06:21:00,17:52:00
8964,1477529123,10/26/2016 12:00:00 AM,14:45:23,709.33,59.0,30.39,73.0,12.43,3.37,06:21:00,17:52:00
8965,1477528818,10/26/2016 12:00:00 AM,14:40:18,725.58,58.0,30.39,70.0,325.44,1.12,06:21:00,17:52:00
8966,1477528520,10/26/2016 12:00:00 AM,14:35:20,739.53,58.0,30.39,70.0,55.9,4.5,06:21:00,17:52:00
8967,1477528218,10/26/2016 12:00:00 AM,14:30:18,755.25,58.0,30.39,69.0,1.73,4.5,06:21:00,17:52:00
8968,1477527917,10/26/2016 12:00:00 AM,14:25:17,767.8,58.0,30.4,69.0,36.24,11.25,06:21:00,17:52:00
8969,1477527618,10/26/2016 12:00:00 AM,14:20:18,785.11,59.0,30.4,68.0,351.52,4.5,06:21:00,17:52:00
8970,1477527318,10/26/2016 12:00:00 AM,14:15:18,794.84,59.0,30.4,67.0,57.09,5.62,06:21:00,17:52:00
8971,1477527018,10/26/2016 12:00:00 AM,14:10:18,806.8,59.0,30.4,64.0,25.97,7.87,06:21:00,17:52:00
8972,1477526718,10/26/2016 12:00:00 AM,14:05:18,819.28,59.0,30.4,63.0,32.07,11.25,06:21:00,17:52:00
8973,1477526418,10/26/2016 12:00:00 AM,14:00:18,831.2,59.0,30.4,63.0,32.3,10.12,06:21:00,17:52:00
8974,1477526118,10/26/2016 12:00:00 AM,13:55:18,842.21,59.0,30.4,61.0,77.95,3.37,06:21:00,17:52:00
8975,1477525818,10/26/2016 12:00:00 AM,13:50:18,856.71,59.0,30.4,61.0,17.96,10.12,06:21:00,17:52:00
8976,1477525518,10/26/2016 12:00:00 AM,13:45:18,864.79,59.0,30.4,62.0,50.24,5.62,06:21:00,17:52:00
8977,1477525218,10/26/2016 12:00:00 AM,13:40:18,874.19,59.0,30.4,57.0,1.64,6.75,06:21:00,17:52:00
8978,1477524918,10/26/2016 12:00:00 AM,13:35:18,883.8,59.0,30.4,59.0,21.03,10.12,06:21:00,17:52:00
8979,1477524619,10/26/2016 12:00:00 AM,13:30:19,893.21,60.0,30.4,58.0,27.21,9.0,06:21:00,17:52:00
8980,1477524317,10/26/2016 12:00:00 AM,13:25:17,902.67,60.0,30.4,55.0,6.97,10.12,06:21:00,17:52:00
8981,1477524018,10/26/2016 12:00:00 AM,13:20:18,912.01,60.0,30.4,55.0,75.95,4.5,06:21:00,17:52:00
8982,1477523718,10/26/2016 12:00:00 AM,13:15:18,919.32,60.0,30.4,57.0,22.68,6.75,06:21:00,17:52:00
8983,1477523421,10/26/2016 12:00:00 AM,13:10:21,925.07,60.0,30.4,55.0,22.91,7.87,06:21:00,17:52:00
8984,1477523119,10/26/2016 12:00:00 AM,13:05:19,933.25,60.0,30.41,53.0,30.97,12.37,06:21:00,17:52:00
8985,1477522821,10/26/2016 12:00:00 AM,13:00:21,939.58,60.0,30.41,53.0,1.88,11.25,06:21:00,17:52:00
8986,1477522520,10/26/2016 12:00:00 AM,12:55:20,943.89,60.0,30.41,54.0,110.98,3.37,06:21:00,17:52:00
8987,1477522218,10/26/2016 12:00:00 AM,12:50:18,947.8,60.0,30.41,53.0,97.81,5.62,06:21:00,17:52:00
8988,1477521922,10/26/2016 12:00:00 AM,12:45:22,954.42,60.0,30.41,53.0,35.75,7.87,06:21:00,17:52:00
8989,1477521617,10/26/2016 12:00:00 AM,12:40:17,958.22,60.0,30.41,49.0,71.28,4.5,06:21:00,17:52:00
8990,1477521320,10/26/2016 12:00:00 AM,12:35:20,960.95,60.0,30.41,51.0,37.86,4.5,06:21:00,17:52:00
8991,1477521017,10/26/2016 12:00:00 AM,12:30:17,968.39,61.0,30.41,51.0,85.06,9.0,06:21:00,17:52:00
8992,1477520718,10/26/2016 12:00:00 AM,12:25:18,967.59,61.0,30.42,48.0,323.76,2.25,06:21:00,17:52:00
8993,1477520422,10/26/2016 12:00:00 AM,12:20:22,969.34,61.0,30.42,52.0,39.89,0.0,06:21:00,17:52:00
8994,1477520117,10/26/2016 12:00:00 AM,12:15:17,972.25,61.0,30.42,55.0,11.51,9.0,06:21:00,17:52:00
8995,1477519817,10/26/2016 12:00:00 AM,12:10:17,971.17,61.0,30.42,52.0,86.36,6.75,06:21:00,17:52:00
8996,1477519521,10/26/2016 12:00:00 AM,12:05:21,973.65,61.0,30.42,53.0,51.43,2.25,06:21:00,17:52:00
8997,1477519219,10/26/2016 12:00:00 AM,12:00:19,969.95,61.0,30.42,55.0,23.78,9.0,06:21:00,17:52:00
8998,1477518918,10/26/2016 12:00:00 AM,11:55:18,968.01,61.0,30.42,52.0,48.61,2.25,06:21:00,17:52:00
8999,1477518621,10/26/2016 12:00:00 AM,11:50:21,965.39,61.0,30.43,56.0,60.95,9.0,06:21:00,17:52:00
9000,1477518319,10/26/2016 12:00:00 AM,11:45:19,964.66,61.0,30.43,56.0,37.67,5.62,06:21:00,17:52:00
9001,1477518017,10/26/2016 12:00:00 AM,11:40:17,962.99,61.0,30.43,54.0,53.48,10.12,06:21:00,17:52:00
9002,1477517719,10/26/2016 12:00:00 AM,11:35:19,959.79,62.0,30.43,53.0,44.63,7.87,06:21:00,17:52:00
9003,1477517421,10/26/2016 12:00:00 AM,11:30:21,954.76,62.0,30.43,51.0,50.86,9.0,06:21:00,17:52:00
9004,1477517117,10/26/2016 12:00:00 AM,11:25:17,948.52,62.0,30.43,50.0,42.06,6.75,06:21:00,17:52:00
9005,1477516817,10/26/2016 12:00:00 AM,11:20:17,947.16,62.0,30.44,49.0,346.61,5.62,06:21:00,17:52:00
9006,1477516522,10/26/2016 12:00:00 AM,11:15:22,941.14,61.0,30.44,47.0,19.67,4.5,06:21:00,17:52:00
9007,1477516222,10/26/2016 12:00:00 AM,11:10:22,939.1,62.0,30.44,43.0,49.36,4.5,06:21:00,17:52:00
9008,1477515917,10/26/2016 12:00:00 AM,11:05:17,930.49,62.0,30.44,74.83719267708949,301.28,3.37,06:21:00,17:52:00
9009,1477515620,10/26/2016 12:00:00 AM,11:00:20,924.83,62.0,30.44,48.0,40.6,5.62,06:21:00,17:52:00
9010,1477515321,10/26/2016 12:00:00 AM,10:55:21,916.56,62.0,30.45,48.0,34.37,5.62,06:21:00,17:52:00
9011,1477515018,10/26/2016 12:00:00 AM,10:50:18,909.47,62.0,30.45,47.0,135.94,4.5,06:21:00,17:52:00
9012,1477514718,10/26/2016 12:00:00 AM,10:45:18,901.39,63.0,30.45,48.0,327.71,5.62,06:21:00,17:52:00
9013,1477514418,10/26/2016 12:00:00 AM,10:40:18,890.75,63.0,30.45,47.0,326.2,4.5,06:21:00,17:52:00
9014,1477514121,10/26/2016 12:00:00 AM,10:35:21,884.42,63.0,30.45,46.0,356.56,9.0,06:21:00,17:52:00
9015,1477513820,10/26/2016 12:00:00 AM,10:30:20,875.46,63.0,30.45,43.0,88.68,4.5,06:21:00,17:52:00
9016,1477513523,10/26/2016 12:00:00 AM,10:25:23,864.55,63.0,30.45,43.0,59.31,6.75,06:21:00,17:52:00
9017,1477513218,10/26/2016 12:00:00 AM,10:20:18,853.61,64.0,30.45,40.0,53.88,10.12,06:21:00,17:52:00
9018,1477512921,10/26/2016 12:00:00 AM,10:15:21,841.59,64.0,30.45,35.0,65.8,6.75,06:21:00,17:52:00
9019,1477512621,10/26/2016 12:00:00 AM,10:10:21,828.9,65.0,30.45,28.0,32.79,6.75,06:21:00,17:52:00
9020,1477512318,10/26/2016 12:00:00 AM,10:05:18,820.88,64.0,30.45,20.0,46.58,2.25,06:21:00,17:52:00
9021,1477512021,10/26/2016 12:00:00 AM,10:00:21,808.59,64.0,30.45,20.0,140.33,5.62,06:21:00,17:52:00
9022,1477511717,10/26/2016 12:00:00 AM,09:55:17,795.23,64.0,30.45,22.0,59.05,1.12,06:21:00,17:52:00
9023,1477511417,10/26/2016 12:00:00 AM,09:50:17,782.79,63.0,30.45,20.0,67.93,3.37,06:21:00,17:52:00
9024,1477511118,10/26/2016 12:00:00 AM,09:45:18,767.71,63.0,30.45,22.0,12.5,5.62,06:21:00,17:52:00
9025,1477510820,10/26/2016 12:00:00 AM,09:40:20,753.83,63.0,30.45,22.0,4.85,5.62,06:21:00,17:52:00
9026,1477510518,10/26/2016 12:00:00 AM,09:35:18,740.63,63.0,30.45,19.0,55.03,3.37,06:21:00,17:52:00
9027,1477510217,10/26/2016 12:00:00 AM,09:30:17,725.68,62.0,30.45,18.0,41.78,3.37,06:21:00,17:52:00
9028,1477509920,10/26/2016 12:00:00 AM,09:25:20,710.5,62.0,30.45,21.0,87.34,9.0,06:21:00,17:52:00
9029,1477509618,10/26/2016 12:00:00 AM,09:20:18,695.21,63.0,30.45,20.0,20.73,3.37,06:21:00,17:52:00
9030,1477509320,10/26/2016 12:00:00 AM,09:15:20,678.52,63.0,30.45,23.0,94.67,6.75,06:21:00,17:52:00
9031,1477509019,10/26/2016 12:00:00 AM,09:10:19,661.97,63.0,30.45,24.0,30.47,5.62,06:21:00,17:52:00
9032,1477508719,10/26/2016 12:00:00 AM,09:05:19,644.18,62.0,30.45,26.0,103.22,6.75,06:21:00,17:52:00
9033,1477508418,10/26/2016 12:00:00 AM,09:00:18,626.54,62.0,30.45,24.0,94.13,4.5,06:21:00,17:52:00
9034,1477508118,10/26/2016 12:00:00 AM,08:55:18,609.51,62.0,30.45,22.0,78.17,3.37,06:21:00,17:52:00
9035,1477507818,10/26/2016 12:00:00 AM,08:50:18,591.93,62.0,30.45,22.0,90.8,4.5,06:21:00,17:52:00
9036,1477507520,10/26/2016 12:00:00 AM,08:45:20,574.45,61.0,30.45,27.0,109.19,5.62,06:21:00,17:52:00
9037,1477507221,10/26/2016 12:00:00 AM,08:40:21,555.99,61.0,30.45,28.0,149.48,6.229096658193317,06:21:00,17:52:00
9038,1477506918,10/26/2016 12:00:00 AM,08:35:18,536.63,61.0,30.44,29.0,87.13,1.12,06:21:00,17:52:00
9039,1477506620,10/26/2016 12:00:00 AM,08:30:20,518.63,62.0,30.44,26.0,112.84,6.75,06:21:00,17:52:00
9040,1477506321,10/26/2016 12:00:00 AM,08:25:21,499.46,63.0,30.44,8.0,57.71,6.229096658193317,06:21:00,17:52:00
9041,1477506017,10/26/2016 12:00:00 AM,08:20:17,479.22,62.0,30.44,11.0,155.17,3.37,06:21:00,17:52:00
9042,1477505717,10/26/2016 12:00:00 AM,08:15:17,459.74,61.0,30.44,13.0,178.1,5.62,06:21:00,17:52:00
9043,1477505421,10/26/2016 12:00:00 AM,08:10:21,439.84,60.0,30.43,15.0,165.0,5.62,06:21:00,17:52:00
9044,1477505120,10/26/2016 12:00:00 AM,08:05:20,419.56,59.0,30.44,14.0,177.55,5.62,06:21:00,17:52:00
9045,1477504820,10/26/2016 12:00:00 AM,08:00:20,399.39,58.0,30.44,14.0,144.2,3.37,06:21:00,17:52:00
9046,1477504519,10/26/2016 12:00:00 AM,07:55:19,378.63,57.0,30.43,16.0,153.1,6.75,06:21:00,17:52:00
9047,1477504217,10/26/2016 12:00:00 AM,07:50:17,356.76,56.0,30.43,16.0,137.05,7.87,06:21:00,17:52:00
9048,1477503917,10/26/2016 12:00:00 AM,07:45:17,334.42,54.0,30.43,20.0,138.8,7.87,06:21:00,17:52:00
9049,1477503621,10/26/2016 12:00:00 AM,07:40:21,310.23,52.0,30.43,21.0,150.09,2.25,06:21:00,17:52:00
9050,1477503318,10/26/2016 12:00:00 AM,07:35:18,283.89,51.0,30.43,24.0,154.84,10.12,06:21:00,17:52:00
9051,1477503020,10/26/2016 12:00:00 AM,07:30:20,201.27,51.0,30.42,24.0,185.1,6.75,06:21:00,17:52:00
9052,1477502717,10/26/2016 12:00:00 AM,07:25:17,23.91,50.0,30.42,74.83719267708949,177.94,6.75,06:21:00,17:52:00
9053,1477502421,10/26/2016 12:00:00 AM,07:20:21,22.08,50.0,30.43,24.0,182.41,6.75,06:21:00,17:52:00
9054,1477502117,10/26/2016 12:00:00 AM,07:15:17,21.52,49.0,30.42,26.0,176.46,6.75,06:21:00,17:52:00
9055,1477501820,10/26/2016 12:00:00 AM,07:10:20,20.8,49.0,30.42,27.0,167.2,6.75,06:21:00,17:52:00
9056,1477501518,10/26/2016 12:00:00 AM,07:05:18,20.02,48.0,30.42,28.0,177.11,7.87,06:21:00,17:52:00
9057,1477501219,10/26/2016 12:00:00 AM,07:00:19,19.17,48.0,30.42,28.0,187.21,9.0,06:21:00,17:52:00
9058,1477500920,10/26/2016 12:00:00 AM,06:55:20,18.18,48.0,30.42,29.0,171.46,6.75,06:21:00,17:52:00
9059,1477500617,10/26/2016 12:00:00 AM,06:50:17,16.97,48.0,30.42,28.0,188.14,6.75,06:21:00,17:52:00
9060,1477500318,10/26/2016 12:00:00 AM,06:45:18,15.64,47.0,30.42,27.0,177.17,5.62,06:21:00,17:52:00
9061,1477500019,10/26/2016 12:00:00 AM,06:40:19,14.16,47.0,30.42,29.0,167.44,6.75,06:21:00,17:52:00
9062,1477499721,10/26/2016 12:00:00 AM,06:35:21,12.38,46.0,30.42,28.0,189.6,5.62,06:21:00,17:52:00
9063,1477499417,10/26/2016 12:00:00 AM,06:30:17,10.21,46.0,30.41,29.0,163.9,5.62,06:21:00,17:52:00
9064,1477499117,10/26/2016 12:00:00 AM,06:25:17,8.12,46.0,30.41,29.0,175.14,9.0,06:21:00,17:52:00
9065,1477498817,10/26/2016 12:00:00 AM,06:20:17,5.89,46.0,30.41,29.0,186.51,7.87,06:21:00,17:52:00
9066,1477498522,10/26/2016 12:00:00 AM,06:15:22,3.75,46.0,30.41,30.0,186.05,6.75,06:21:00,17:52:00
9067,1477498221,10/26/2016 12:00:00 AM,06:10:21,2.08,45.0,30.41,28.0,156.56,7.87,06:21:00,17:52:00
9068,1477497918,10/26/2016 12:00:00 AM,06:05:18,1.2,46.0,30.41,30.0,197.01,7.87,06:21:00,17:52:00
9069,1477497617,10/26/2016 12:00:00 AM,06:00:17,1.21,45.0,30.41,31.0,153.62,7.87,06:21:00,17:52:00
9070,1477497319,10/26/2016 12:00:00 AM,05:55:19,1.24,45.0,30.41,30.0,149.88,5.62,06:21:00,17:52:00
9071,1477497020,10/26/2016 12:00:00 AM,05:50:20,1.23,45.0,30.41,28.0,175.11,4.5,06:21:00,17:52:00
9072,1477496721,10/26/2016 12:00:00 AM,05:45:21,1.21,45.0,30.4,31.0,157.03,11.25,06:21:00,17:52:00
9073,1477496417,10/26/2016 12:00:00 AM,05:40:17,1.23,45.0,30.41,32.0,172.97,6.75,06:21:00,17:52:00
9074,1477496118,10/26/2016 12:00:00 AM,05:35:18,1.19,45.0,30.4,32.0,170.73,7.87,06:21:00,17:52:00
9075,1477495819,10/26/2016 12:00:00 AM,05:30:19,1.22,45.0,30.4,32.0,170.97,6.75,06:21:00,17:52:00
9076,1477495521,10/26/2016 12:00:00 AM,05:25:21,1.2,45.0,30.4,31.0,162.9,6.75,06:21:00,17:52:00
9077,1477495224,10/26/2016 12:00:00 AM,05:20:24,1.19,45.0,30.4,32.0,178.17,6.75,06:21:00,17:52:00
9078,1477494920,10/26/2016 12:00:00 AM,05:15:20,1.21,45.0,30.4,32.0,174.09,7.87,06:21:00,17:52:00
9079,1477494619,10/26/2016 12:00:00 AM,05:10:19,1.18,45.0,30.4,33.0,174.44,4.5,06:21:00,17:52:00
9080,1477494319,10/26/2016 12:00:00 AM,05:05:19,1.23,45.0,30.4,31.0,174.93,5.62,06:21:00,17:52:00
9081,1477494020,10/26/2016 12:00:00 AM,05:00:20,1.21,45.0,30.4,31.0,163.67,4.5,06:21:00,17:52:00
9082,1477493719,10/26/2016 12:00:00 AM,04:55:19,1.2,45.0,30.4,31.0,166.49,4.5,06:21:00,17:52:00
9083,1477493419,10/26/2016 12:00:00 AM,04:50:19,1.23,45.0,30.4,31.0,172.12,4.5,06:21:00,17:52:00
9084,1477493117,10/26/2016 12:00:00 AM,04:45:17,1.22,45.0,30.4,34.0,175.89,6.75,06:21:00,17:52:00
9085,1477492817,10/26/2016 12:00:00 AM,04:40:17,1.22,45.0,30.4,34.0,180.4,7.87,06:21:00,17:52:00
9086,1477492523,10/26/2016 12:00:00 AM,04:35:23,1.23,45.0,30.4,35.0,185.15,6.75,06:21:00,17:52:00
9087,1477492218,10/26/2016 12:00:00 AM,04:30:18,1.22,44.0,30.4,35.0,182.46,6.75,06:21:00,17:52:00
9088,1477491918,10/26/2016 12:00:00 AM,04:25:18,1.21,44.0,30.4,35.0,173.83,7.87,06:21:00,17:52:00
9089,1477491617,10/26/2016 12:00:00 AM,04:20:17,1.18,44.0,30.4,36.0,183.35,7.87,06:21:00,17:52:00
9090,1477491320,10/26/2016 12:00:00 AM,04:15:20,1.21,44.0,30.4,34.0,187.41,7.87,06:21:00,17:52:00
9091,1477491021,10/26/2016 12:00:00 AM,04:10:21,1.23,44.0,30.41,36.0,171.47,5.62,06:21:00,17:52:00
9092,1477490721,10/26/2016 12:00:00 AM,04:05:21,1.24,44.0,30.4,34.0,167.4,5.62,06:21:00,17:52:00
9093,1477490418,10/26/2016 12:00:00 AM,04:00:18,1.19,44.0,30.4,35.0,167.0,5.62,06:21:00,17:52:00
9094,1477490119,10/26/2016 12:00:00 AM,03:55:19,1.25,44.0,30.4,36.0,167.37,4.5,06:21:00,17:52:00
9095,1477489818,10/26/2016 12:00:00 AM,03:50:18,1.22,45.0,30.4,38.0,183.36,6.75,06:21:00,17:52:00
9096,1477489524,10/26/2016 12:00:00 AM,03:45:24,1.2,45.0,30.4,35.0,172.61,7.87,06:21:00,17:52:00
9097,1477489220,10/26/2016 12:00:00 AM,03:40:20,1.17,44.0,30.4,37.0,173.66,5.62,06:21:00,17:52:00
9098,1477488917,10/26/2016 12:00:00 AM,03:35:17,1.19,45.0,30.4,39.0,186.05,11.25,06:21:00,17:52:00
9099,1477488618,10/26/2016 12:00:00 AM,03:30:18,1.21,45.0,30.41,38.0,182.93,6.75,06:21:00,17:52:00
9100,1477488318,10/26/2016 12:00:00 AM,03:25:18,1.24,45.0,30.41,41.0,176.9,7.87,06:21:00,17:52:00
9101,1477488017,10/26/2016 12:00:00 AM,03:20:17,1.22,45.0,30.4,39.0,177.34,7.87,06:21:00,17:52:00
9102,1477487721,10/26/2016 12:00:00 AM,03:15:21,1.21,45.0,30.4,39.0,173.53,7.87,06:21:00,17:52:00
9103,1477487421,10/26/2016 12:00:00 AM,03:10:21,1.2,45.0,30.41,40.0,171.52,7.87,06:21:00,17:52:00
9104,1477487119,10/26/2016 12:00:00 AM,03:05:19,1.21,45.0,30.41,40.0,180.55,7.87,06:21:00,17:52:00
9105,1477486829,10/26/2016 12:00:00 AM,03:00:29,1.2,45.0,30.41,41.0,172.73,6.75,06:21:00,17:52:00
9106,1477486517,10/26/2016 12:00:00 AM,02:55:17,1.23,45.0,30.41,40.0,174.56,5.62,06:21:00,17:52:00
9107,1477486219,10/26/2016 12:00:00 AM,02:50:19,1.18,45.0,30.41,40.0,159.52,4.5,06:21:00,17:52:00
9108,1477485921,10/26/2016 12:00:00 AM,02:45:21,1.21,45.0,30.41,45.0,175.34,5.62,06:21:00,17:52:00
9109,1477485620,10/26/2016 12:00:00 AM,02:40:20,1.21,44.0,30.41,44.0,182.44,9.0,06:21:00,17:52:00
9110,1477485318,10/26/2016 12:00:00 AM,02:35:18,1.22,44.0,30.41,47.0,172.69,6.75,06:21:00,17:52:00
9111,1477485018,10/26/2016 12:00:00 AM,02:30:18,1.21,44.0,30.41,47.0,180.96,7.87,06:21:00,17:52:00
9112,1477484718,10/26/2016 12:00:00 AM,02:25:18,1.22,45.0,30.41,48.0,175.75,5.62,06:21:00,17:52:00
9113,1477484417,10/26/2016 12:00:00 AM,02:20:17,1.22,45.0,30.41,49.0,179.29,5.62,06:21:00,17:52:00
9114,1477484121,10/26/2016 12:00:00 AM,02:15:21,1.2,45.0,30.41,51.0,149.31,4.5,06:21:00,17:52:00
9115,1477483817,10/26/2016 12:00:00 AM,02:10:17,1.2,45.0,30.42,50.0,102.8,3.37,06:21:00,17:52:00
9116,1477483518,10/26/2016 12:00:00 AM,02:05:18,1.21,46.0,30.42,51.0,160.3,5.62,06:21:00,17:52:00
9117,1477483217,10/26/2016 12:00:00 AM,02:00:17,1.2,45.0,30.42,48.0,152.94,6.75,06:21:00,17:52:00
9118,1477482922,10/26/2016 12:00:00 AM,01:55:22,1.19,45.0,30.42,53.0,56.99,4.5,06:21:00,17:52:00
9119,1477482618,10/26/2016 12:00:00 AM,01:50:18,1.21,45.0,30.42,55.0,183.1,6.75,06:21:00,17:52:00
9120,1477482320,10/26/2016 12:00:00 AM,01:45:20,1.2,46.0,30.42,50.0,171.4,2.25,06:21:00,17:52:00
9121,1477482017,10/26/2016 12:00:00 AM,01:40:17,1.22,46.0,30.43,55.0,147.21,5.62,06:21:00,17:52:00
9122,1477481720,10/26/2016 12:00:00 AM,01:35:20,1.21,46.0,30.43,46.0,140.93,4.5,06:21:00,17:52:00
9123,1477481421,10/26/2016 12:00:00 AM,01:30:21,1.2,51.16507236474315,30.43,55.0,78.55,4.5,06:21:00,17:52:00
9124,1477481117,10/26/2016 12:00:00 AM,01:25:17,1.23,46.0,30.43,54.0,169.57,6.75,06:21:00,17:52:00
9125,1477480817,10/26/2016 12:00:00 AM,01:20:17,1.2,46.0,30.43,56.0,189.6,5.62,06:21:00,17:52:00
9126,1477480520,10/26/2016 12:00:00 AM,01:15:20,1.24,46.0,30.43,56.0,175.44,6.75,06:21:00,17:52:00
9127,1477480219,10/26/2016 12:00:00 AM,01:10:19,1.2,46.0,30.43,56.0,184.44,6.75,06:21:00,17:52:00
9128,1477479918,10/26/2016 12:00:00 AM,01:05:18,1.21,46.0,30.43,56.0,179.45,6.75,06:21:00,17:52:00
9129,1477479617,10/26/2016 12:00:00 AM,01:00:17,1.22,46.0,30.44,55.0,179.99,5.62,06:21:00,17:52:00
9130,1477479317,10/26/2016 12:00:00 AM,00:55:17,1.21,46.0,30.44,54.0,168.74,6.75,06:21:00,17:52:00
9131,1477479017,10/26/2016 12:00:00 AM,00:50:17,1.22,46.0,30.44,53.0,168.45,5.62,06:21:00,17:52:00
9132,1477478720,10/26/2016 12:00:00 AM,00:45:20,1.21,46.0,30.44,52.0,179.51,5.62,06:21:00,17:52:00
9133,1477478421,10/26/2016 12:00:00 AM,00:40:21,1.22,46.0,30.44,50.0,186.8,6.75,06:21:00,17:52:00
9134,1477478118,10/26/2016 12:00:00 AM,00:35:18,1.22,47.0,30.45,46.0,161.14,6.75,06:21:00,17:52:00
9135,1477477817,10/26/2016 12:00:00 AM,00:30:17,1.18,47.0,30.45,43.0,147.32,7.87,06:21:00,17:52:00
9136,1477477523,10/26/2016 12:00:00 AM,00:25:23,1.17,47.0,30.45,46.0,128.22,3.37,06:21:00,17:52:00
9137,1477477218,10/26/2016 12:00:00 AM,00:20:18,1.13,47.0,30.45,46.0,155.14,4.5,06:21:00,17:52:00
9138,1477476918,10/26/2016 12:00:00 AM,00:15:18,1.22,47.0,30.45,41.0,113.89,6.75,06:21:00,17:52:00
9139,1477476617,10/26/2016 12:00:00 AM,00:10:17,1.2,47.0,30.45,53.0,161.92,7.87,06:21:00,17:52:00
9140,1477476020,10/26/2016 12:00:00 AM,00:00:20,1.25,47.0,30.45,56.0,111.19,6.75,06:21:00,17:52:00
9141,1477475718,10/25/2016 12:00:00 AM,23:55:18,1.25,47.0,30.45,56.0,117.84,3.37,06:21:00,17:52:00
9142,1477475418,10/25/2016 12:00:00 AM,23:50:18,1.25,46.0,30.45,52.0,194.37,9.0,06:21:00,17:52:00
9143,1477475120,10/25/2016 12:00:00 AM,23:45:20,1.23,46.0,30.45,46.0,146.69,9.0,06:21:00,17:52:00
9144,1477474817,10/25/2016 12:00:00 AM,23:40:17,1.22,47.0,30.45,74.83719267708949,171.06,6.75,06:21:00,17:52:00
9145,1477474517,10/25/2016 12:00:00 AM,23:35:17,1.24,47.0,30.45,45.0,164.95,6.75,06:21:00,17:52:00
9146,1477474220,10/25/2016 12:00:00 AM,23:30:20,1.21,46.0,30.45,41.0,167.18,2.25,06:21:00,17:52:00
9147,1477473920,10/25/2016 12:00:00 AM,23:25:20,1.2,46.0,30.46,44.0,161.11,5.62,06:21:00,17:52:00
9148,1477473619,10/25/2016 12:00:00 AM,23:20:19,1.23,47.0,30.46,45.0,160.47,5.62,06:21:00,17:52:00
9149,1477473319,10/25/2016 12:00:00 AM,23:15:19,1.24,47.0,30.46,40.0,187.24,6.75,06:21:00,17:52:00
9150,1477473023,10/25/2016 12:00:00 AM,23:10:23,1.21,46.0,30.46,41.0,180.01,6.75,06:21:00,17:52:00
9151,1477472720,10/25/2016 12:00:00 AM,23:05:20,1.2,47.0,30.46,40.0,162.83,10.12,06:21:00,17:52:00
9152,1477472418,10/25/2016 12:00:00 AM,23:00:18,1.21,47.0,30.46,39.0,187.73,6.75,06:21:00,17:52:00
9153,1477472120,10/25/2016 12:00:00 AM,22:55:20,1.22,47.0,30.46,37.0,158.78,4.5,06:21:00,17:52:00
9154,1477471817,10/25/2016 12:00:00 AM,22:50:17,1.25,48.0,30.47,37.0,151.82,6.75,06:21:00,17:52:00
9155,1477471519,10/25/2016 12:00:00 AM,22:45:19,1.24,48.0,30.47,35.0,186.63,4.5,06:21:00,17:52:00
9156,1477471218,10/25/2016 12:00:00 AM,22:40:18,1.23,48.0,30.47,35.0,142.92,2.25,06:21:00,17:52:00
9157,1477470917,10/25/2016 12:00:00 AM,22:35:17,1.2,48.0,30.47,37.0,98.13,5.62,06:21:00,17:52:00
9158,1477470619,10/25/2016 12:00:00 AM,22:30:19,1.18,48.0,30.46,40.0,166.83,1.12,06:21:00,17:52:00
9159,1477470321,10/25/2016 12:00:00 AM,22:25:21,1.23,48.0,30.46,44.0,163.52,1.12,06:21:00,17:52:00
9160,1477470019,10/25/2016 12:00:00 AM,22:20:19,1.22,48.0,30.46,65.0,96.85,2.25,06:21:00,17:52:00
9161,1477469720,10/25/2016 12:00:00 AM,22:15:20,1.23,47.0,30.46,67.0,144.73,3.37,06:21:00,17:52:00
9162,1477469419,10/25/2016 12:00:00 AM,22:10:19,1.2,47.0,30.46,69.0,181.32,6.75,06:21:00,17:52:00
9163,1477469118,10/25/2016 12:00:00 AM,22:05:18,1.2,47.0,30.46,70.0,171.21,7.87,06:21:00,17:52:00
9164,1477468820,10/25/2016 12:00:00 AM,22:00:20,1.19,47.0,30.46,71.0,178.77,6.75,06:21:00,17:52:00
9165,1477468519,10/25/2016 12:00:00 AM,21:55:19,1.2,47.0,30.46,72.0,188.28,10.12,06:21:00,17:52:00
9166,1477468217,10/25/2016 12:00:00 AM,21:50:17,1.2,47.0,30.46,72.0,187.3,7.87,06:21:00,17:52:00
9167,1477467919,10/25/2016 12:00:00 AM,21:45:19,1.25,47.0,30.46,72.0,172.4,6.75,06:21:00,17:52:00
9168,1477467621,10/25/2016 12:00:00 AM,21:40:21,1.21,47.0,30.46,74.0,163.45,6.75,06:21:00,17:52:00
9169,1477467317,10/25/2016 12:00:00 AM,21:35:17,1.24,47.0,30.46,71.0,149.33,4.5,06:21:00,17:52:00
9170,1477467017,10/25/2016 12:00:00 AM,21:30:17,1.22,48.0,30.46,73.0,152.41,2.25,06:21:00,17:52:00
9171,1477466718,10/25/2016 12:00:00 AM,21:25:18,1.22,48.0,30.46,74.0,126.38,2.25,06:21:00,17:52:00
9172,1477466418,10/25/2016 12:00:00 AM,21:20:18,1.22,48.0,30.46,75.0,154.14,1.12,06:21:00,17:52:00
9173,1477466120,10/25/2016 12:00:00 AM,21:15:20,1.19,48.0,30.46,73.0,154.3,2.25,06:21:00,17:52:00
9174,1477465821,10/25/2016 12:00:00 AM,21:10:21,1.23,49.0,30.46,72.0,159.95,4.5,06:21:00,17:52:00
9175,1477465518,10/25/2016 12:00:00 AM,21:05:18,1.23,49.0,30.46,72.0,162.99,2.25,06:21:00,17:52:00
9176,1477465217,10/25/2016 12:00:00 AM,21:00:17,1.23,49.0,30.46,78.0,127.86,2.25,06:21:00,17:52:00
9177,1477464920,10/25/2016 12:00:00 AM,20:55:20,1.22,49.0,30.46,78.0,165.76,3.37,06:21:00,17:52:00
9178,1477464617,10/25/2016 12:00:00 AM,20:50:17,1.21,49.0,30.46,80.0,166.28,1.12,06:21:00,17:52:00
9179,1477464318,10/25/2016 12:00:00 AM,20:45:18,1.18,49.0,30.46,82.0,166.28,3.37,06:21:00,17:52:00
9180,1477464018,10/25/2016 12:00:00 AM,20:40:18,1.22,50.0,30.46,85.0,156.59,4.5,06:21:00,17:52:00
9181,1477463718,10/25/2016 12:00:00 AM,20:35:18,1.2,50.0,30.46,86.0,99.27,3.37,06:21:00,17:52:00
9182,1477463418,10/25/2016 12:00:00 AM,20:30:18,1.23,50.0,30.46,87.0,157.07,1.12,06:21:00,17:52:00
9183,1477463117,10/25/2016 12:00:00 AM,20:25:17,1.19,50.0,30.46,90.0,157.07,2.25,06:21:00,17:52:00
9184,1477462817,10/25/2016 12:00:00 AM,20:20:17,1.25,50.0,30.46,91.0,157.12,2.25,06:21:00,17:52:00
9185,1477462521,10/25/2016 12:00:00 AM,20:15:21,1.25,51.0,30.46,94.0,157.01,4.5,06:21:00,17:52:00
9186,1477462218,10/25/2016 12:00:00 AM,20:10:18,1.24,51.0,30.46,95.0,158.94,2.25,06:21:00,17:52:00
9187,1477461918,10/25/2016 12:00:00 AM,20:05:18,1.22,50.0,30.46,96.0,154.53,3.37,06:21:00,17:52:00
9188,1477461617,10/25/2016 12:00:00 AM,20:00:17,1.24,51.0,30.45,98.0,162.03,3.37,06:21:00,17:52:00
9189,1477461321,10/25/2016 12:00:00 AM,19:55:21,1.21,51.0,30.45,99.0,162.01,4.5,06:21:00,17:52:00
9190,1477461019,10/25/2016 12:00:00 AM,19:50:19,1.23,51.0,30.45,99.0,157.69,5.62,06:21:00,17:52:00
9191,1477460718,10/25/2016 12:00:00 AM,19:45:18,1.23,51.0,30.45,99.0,144.31,5.62,06:21:00,17:52:00
9192,1477460418,10/25/2016 12:00:00 AM,19:40:18,1.2,51.0,30.45,98.0,156.68,1.12,06:21:00,17:52:00
9193,1477460118,10/25/2016 12:00:00 AM,19:35:18,1.22,51.0,30.45,98.0,154.5,3.37,06:21:00,17:52:00
9194,1477459818,10/25/2016 12:00:00 AM,19:30:18,1.24,51.0,30.45,97.0,149.68,2.25,06:21:00,17:52:00
9195,1477459517,10/25/2016 12:00:00 AM,19:25:17,1.22,51.0,30.45,97.0,100.48,2.25,06:21:00,17:52:00
9196,1477459218,10/25/2016 12:00:00 AM,19:20:18,1.23,51.0,30.45,97.0,58.16,2.25,06:21:00,17:52:00
9197,1477458921,10/25/2016 12:00:00 AM,19:15:21,1.21,52.0,30.45,98.0,54.68,2.25,06:21:00,17:52:00
9198,1477458622,10/25/2016 12:00:00 AM,19:10:22,1.21,52.0,30.44,98.0,54.63,0.0,06:21:00,17:52:00
9199,1477458319,10/25/2016 12:00:00 AM,19:05:19,1.22,52.0,30.44,98.0,54.63,0.0,06:21:00,17:52:00
9200,1477458017,10/25/2016 12:00:00 AM,19:00:17,1.22,52.0,30.44,98.0,54.63,2.25,06:21:00,17:52:00
9201,1477457718,10/25/2016 12:00:00 AM,18:55:18,1.24,52.0,30.44,97.0,46.56,2.25,06:21:00,17:52:00
9202,1477457420,10/25/2016 12:00:00 AM,18:50:20,1.26,53.0,30.44,97.0,26.56,1.12,06:21:00,17:52:00
9203,1477457117,10/25/2016 12:00:00 AM,18:45:17,1.26,52.0,30.44,95.0,355.96,1.12,06:21:00,17:52:00
9204,1477456818,10/25/2016 12:00:00 AM,18:40:18,1.24,53.0,30.44,94.0,231.6,1.12,06:21:00,17:52:00
9205,1477456518,10/25/2016 12:00:00 AM,18:35:18,1.19,53.0,30.43,95.0,231.61,2.25,06:21:00,17:52:00
9206,1477456221,10/25/2016 12:00:00 AM,18:30:21,1.22,53.0,30.43,96.0,231.61,1.12,06:21:00,17:52:00
9207,1477455918,10/25/2016 12:00:00 AM,18:25:18,1.24,53.0,30.43,97.0,231.61,0.0,06:21:00,17:52:00
9208,1477455618,10/25/2016 12:00:00 AM,18:20:18,1.22,53.0,30.43,95.0,231.6,0.0,06:21:00,17:52:00
9209,1477455318,10/25/2016 12:00:00 AM,18:15:18,1.26,54.0,30.43,94.0,231.02,3.37,06:21:00,17:52:00
9210,1477455017,10/25/2016 12:00:00 AM,18:10:17,1.24,54.0,30.43,95.0,332.55,1.12,06:21:00,17:52:00
9211,1477454718,10/25/2016 12:00:00 AM,18:05:18,2.32,54.0,30.43,96.0,332.55,0.0,06:21:00,17:52:00
9212,1477454417,10/25/2016 12:00:00 AM,18:00:17,5.34,54.0,30.43,96.0,332.55,1.12,06:21:00,17:52:00
9213,1477454121,10/25/2016 12:00:00 AM,17:55:21,6.72,54.0,30.43,95.0,333.71,2.25,06:21:00,17:52:00
9214,1477453818,10/25/2016 12:00:00 AM,17:50:18,8.14,55.0,30.43,95.0,333.71,2.25,06:21:00,17:52:00
9215,1477453520,10/25/2016 12:00:00 AM,17:45:20,13.8,55.0,30.43,95.0,333.33,1.12,06:21:00,17:52:00
9216,1477453217,10/25/2016 12:00:00 AM,17:40:17,20.64,54.0,30.43,96.0,333.24,1.12,06:21:00,17:52:00
9217,1477452917,10/25/2016 12:00:00 AM,17:35:17,31.04,54.0,30.43,96.0,333.24,1.12,06:21:00,17:52:00
9218,1477452618,10/25/2016 12:00:00 AM,17:30:18,36.37,54.0,30.43,96.0,0.1,1.12,06:21:00,17:52:00
9219,1477452321,10/25/2016 12:00:00 AM,17:25:21,31.37,55.0,30.43,96.0,0.1,2.25,06:21:00,17:52:00
9220,1477452017,10/25/2016 12:00:00 AM,17:20:17,32.64,55.0,30.43,74.83719267708949,0.11,1.12,06:21:00,17:52:00
9221,1477451720,10/25/2016 12:00:00 AM,17:15:20,52.62,55.0,30.43,95.0,0.1,2.25,06:21:00,17:52:00
9222,1477451420,10/25/2016 12:00:00 AM,17:10:20,67.42,56.0,30.43,95.0,0.1,4.5,06:21:00,17:52:00
9223,1477451120,10/25/2016 12:00:00 AM,17:05:20,82.49,56.0,30.43,94.0,0.11,4.5,06:21:00,17:52:00
9224,1477450818,10/25/2016 12:00:00 AM,17:00:18,114.15,56.0,30.43,94.0,9.09,1.12,06:21:00,17:52:00
9225,1477450520,10/25/2016 12:00:00 AM,16:55:20,121.05,51.16507236474315,30.43,93.0,18.39,3.37,06:21:00,17:52:00
9226,1477450219,10/25/2016 12:00:00 AM,16:50:19,109.08,57.0,30.43,92.0,14.16,4.5,06:21:00,17:52:00
9227,1477449918,10/25/2016 12:00:00 AM,16:45:18,288.93,58.0,30.43,90.0,13.4,5.62,06:21:00,17:52:00
9228,1477449620,10/25/2016 12:00:00 AM,16:40:20,294.08,59.0,30.42,89.0,21.9,3.37,06:21:00,17:52:00
9229,1477449318,10/25/2016 12:00:00 AM,16:35:18,288.24,59.0,30.42,88.0,5.32,1.12,06:21:00,17:52:00
9230,1477449018,10/25/2016 12:00:00 AM,16:30:18,263.15,59.0,30.42,85.0,344.68,1.12,06:21:00,17:52:00
9231,1477448718,10/25/2016 12:00:00 AM,16:25:18,316.7,60.0,30.42,83.0,359.93,4.5,06:21:00,17:52:00
9232,1477448418,10/25/2016 12:00:00 AM,16:20:18,320.83,60.0,30.42,83.0,343.66,4.5,06:21:00,17:52:00
9233,1477448118,10/25/2016 12:00:00 AM,16:15:18,353.48,60.0,30.42,82.0,359.9,3.37,06:21:00,17:52:00
9234,1477447817,10/25/2016 12:00:00 AM,16:10:17,374.12,60.0,30.42,82.0,313.2,3.37,06:21:00,17:52:00
9235,1477447518,10/25/2016 12:00:00 AM,16:05:18,458.4,59.0,30.42,85.0,348.16,5.62,06:21:00,17:52:00
9236,1477447217,10/25/2016 12:00:00 AM,16:00:17,435.67,59.0,30.42,86.0,324.61,3.37,06:21:00,17:52:00
9237,1477446920,10/25/2016 12:00:00 AM,15:55:20,452.4,59.0,30.42,88.0,329.27,4.5,06:21:00,17:52:00
9238,1477446618,10/25/2016 12:00:00 AM,15:50:18,481.35,58.0,30.42,91.0,356.28,4.5,06:21:00,17:52:00
9239,1477446318,10/25/2016 12:00:00 AM,15:45:18,265.26,58.0,30.42,90.0,359.91,3.37,06:21:00,17:52:00
9240,1477446017,10/25/2016 12:00:00 AM,15:40:17,161.84,57.0,30.43,93.0,0.28,5.62,06:21:00,17:52:00
9241,1477445717,10/25/2016 12:00:00 AM,15:35:17,160.6,57.0,30.43,93.0,350.21,3.37,06:21:00,17:52:00
9242,1477445417,10/25/2016 12:00:00 AM,15:30:17,198.13,57.0,30.43,93.0,3.9,4.5,06:21:00,17:52:00
9243,1477445118,10/25/2016 12:00:00 AM,15:25:18,124.49,57.0,30.43,93.0,19.55,3.37,06:21:00,17:52:00
9244,1477444818,10/25/2016 12:00:00 AM,15:20:18,150.07,58.0,30.43,92.0,336.43,5.62,06:21:00,17:52:00
9245,1477444520,10/25/2016 12:00:00 AM,15:15:20,157.19,59.0,30.43,89.0,23.16,7.87,06:21:00,17:52:00
9246,1477444218,10/25/2016 12:00:00 AM,15:10:18,166.55,60.0,30.43,87.0,0.13,6.75,06:21:00,17:52:00
9247,1477443921,10/25/2016 12:00:00 AM,15:05:21,315.77,61.0,30.43,84.0,354.47,6.75,06:21:00,17:52:00
9248,1477443618,10/25/2016 12:00:00 AM,15:00:18,261.59,61.0,30.43,81.0,325.64,9.0,06:21:00,17:52:00
9249,1477443319,10/25/2016 12:00:00 AM,14:55:19,375.62,62.0,30.43,80.0,34.08,5.62,06:21:00,17:52:00
9250,1477443018,10/25/2016 12:00:00 AM,14:50:18,722.48,64.0,30.43,76.0,0.25,9.0,06:21:00,17:52:00
9251,1477442718,10/25/2016 12:00:00 AM,14:45:18,932.28,64.0,30.43,72.0,353.78,5.62,06:21:00,17:52:00
9252,1477442417,10/25/2016 12:00:00 AM,14:40:17,355.91,64.0,30.43,69.0,344.8,7.87,06:21:00,17:52:00
9253,1477442117,10/25/2016 12:00:00 AM,14:35:17,771.38,64.0,30.43,70.0,359.1,6.75,06:21:00,17:52:00
9254,1477441820,10/25/2016 12:00:00 AM,14:30:20,848.9,64.0,30.43,69.0,2.43,7.87,06:21:00,17:52:00
9255,1477441517,10/25/2016 12:00:00 AM,14:25:17,204.88,64.0,30.43,68.0,323.78,7.87,06:21:00,17:52:00
9256,1477441218,10/25/2016 12:00:00 AM,14:20:18,727.28,64.0,30.43,68.0,330.12,11.25,06:21:00,17:52:00
9257,1477440922,10/25/2016 12:00:00 AM,14:15:22,797.71,64.0,30.44,68.0,322.98,11.25,06:21:00,17:52:00
9258,1477440619,10/25/2016 12:00:00 AM,14:10:19,803.78,64.0,30.43,66.0,303.9,5.62,06:21:00,17:52:00
9259,1477440318,10/25/2016 12:00:00 AM,14:05:18,850.81,64.0,30.44,66.0,359.91,6.75,06:21:00,17:52:00
9260,1477440021,10/25/2016 12:00:00 AM,14:00:21,396.06,64.0,30.44,69.0,338.3,7.87,06:21:00,17:52:00
9261,1477439720,10/25/2016 12:00:00 AM,13:55:20,812.64,64.0,30.44,70.0,359.91,12.37,06:21:00,17:52:00
9262,1477439417,10/25/2016 12:00:00 AM,13:50:17,960.04,64.0,30.44,70.0,350.93,4.5,06:21:00,17:52:00
9263,1477439120,10/25/2016 12:00:00 AM,13:45:20,962.3,64.0,30.44,67.0,17.95,3.37,06:21:00,17:52:00
9264,1477438818,10/25/2016 12:00:00 AM,13:40:18,921.89,65.0,30.44,65.0,50.0,7.87,06:21:00,17:52:00
9265,1477438519,10/25/2016 12:00:00 AM,13:35:19,891.28,65.0,30.44,65.0,2.31,5.62,06:21:00,17:52:00
9266,1477438217,10/25/2016 12:00:00 AM,13:30:17,893.45,64.0,30.44,65.0,349.17,4.5,06:21:00,17:52:00
9267,1477437917,10/25/2016 12:00:00 AM,13:25:17,903.31,64.0,30.44,65.0,321.53,5.62,06:21:00,17:52:00
9268,1477437618,10/25/2016 12:00:00 AM,13:20:18,906.06,64.0,30.44,66.0,26.27,2.25,06:21:00,17:52:00
9269,1477437317,10/25/2016 12:00:00 AM,13:15:17,919.7,65.0,30.44,62.0,6.46,5.62,06:21:00,17:52:00
9270,1477437018,10/25/2016 12:00:00 AM,13:10:18,927.72,66.0,30.45,62.0,0.12,6.75,06:21:00,17:52:00
9271,1477436717,10/25/2016 12:00:00 AM,13:05:17,934.82,64.0,30.45,60.0,339.24,6.75,06:21:00,17:52:00
9272,1477436419,10/25/2016 12:00:00 AM,13:00:19,929.74,65.0,30.45,59.0,6.84,10.12,06:21:00,17:52:00
9273,1477436120,10/25/2016 12:00:00 AM,12:55:20,942.86,65.0,30.45,58.0,0.11,2.25,06:21:00,17:52:00
9274,1477435824,10/25/2016 12:00:00 AM,12:50:24,943.44,65.0,30.45,60.0,359.92,6.75,06:21:00,17:52:00
9275,1477435517,10/25/2016 12:00:00 AM,12:45:17,953.45,64.0,30.45,62.0,334.96,9.0,06:21:00,17:52:00
9276,1477435217,10/25/2016 12:00:00 AM,12:40:17,949.38,64.0,30.45,63.0,17.6,2.25,06:21:00,17:52:00
9277,1477434918,10/25/2016 12:00:00 AM,12:35:18,959.19,63.0,30.46,60.0,109.21,2.25,06:21:00,17:52:00
9278,1477434618,10/25/2016 12:00:00 AM,12:30:18,955.14,64.0,30.46,64.0,325.4,4.5,06:21:00,17:52:00
9279,1477434318,10/25/2016 12:00:00 AM,12:25:18,956.15,64.0,30.46,63.0,3.08,2.25,06:21:00,17:52:00
9280,1477434018,10/25/2016 12:00:00 AM,12:20:18,953.49,64.0,30.46,63.0,0.11,4.5,06:21:00,17:52:00
9281,1477433718,10/25/2016 12:00:00 AM,12:15:18,959.38,63.0,30.46,63.0,357.28,7.87,06:21:00,17:52:00
9282,1477433420,10/25/2016 12:00:00 AM,12:10:20,963.04,64.0,30.47,61.0,24.8,6.75,06:21:00,17:52:00
9283,1477433120,10/25/2016 12:00:00 AM,12:05:20,966.31,64.0,30.47,60.0,33.72,7.87,06:21:00,17:52:00
9284,1477432818,10/25/2016 12:00:00 AM,12:00:18,967.74,64.0,30.47,53.0,0.11,5.62,06:21:00,17:52:00
9285,1477432520,10/25/2016 12:00:00 AM,11:55:20,968.61,64.0,30.47,51.0,333.66,2.25,06:21:00,17:52:00
9286,1477432218,10/25/2016 12:00:00 AM,11:50:18,966.9,64.0,30.47,54.0,346.53,6.75,06:21:00,17:52:00
9287,1477431917,10/25/2016 12:00:00 AM,11:45:17,961.34,64.0,30.47,52.0,329.94,6.75,06:21:00,17:52:00
9288,1477431618,10/25/2016 12:00:00 AM,11:40:18,962.6,63.0,30.47,53.0,336.47,3.37,06:21:00,17:52:00
9289,1477431318,10/25/2016 12:00:00 AM,11:35:18,958.28,63.0,30.48,58.0,341.87,7.87,06:21:00,17:52:00
9290,1477431018,10/25/2016 12:00:00 AM,11:30:18,951.92,63.0,30.48,57.0,0.12,5.62,06:21:00,17:52:00
9291,1477430718,10/25/2016 12:00:00 AM,11:25:18,951.09,63.0,30.48,56.0,65.19,1.12,06:21:00,17:52:00
9292,1477430421,10/25/2016 12:00:00 AM,11:20:21,941.27,62.0,30.48,57.0,347.33,3.37,06:21:00,17:52:00
9293,1477430117,10/25/2016 12:00:00 AM,11:15:17,936.68,62.0,30.48,59.0,11.07,2.25,06:21:00,17:52:00
9294,1477429817,10/25/2016 12:00:00 AM,11:10:17,931.64,63.0,30.48,63.0,7.93,6.75,06:21:00,17:52:00
9295,1477429517,10/25/2016 12:00:00 AM,11:05:17,922.9,63.0,30.48,58.0,18.7,5.62,06:21:00,17:52:00
9296,1477429218,10/25/2016 12:00:00 AM,11:00:18,924.33,64.0,30.49,48.0,11.07,3.37,06:21:00,17:52:00
9297,1477428917,10/25/2016 12:00:00 AM,10:55:17,916.39,64.0,30.49,45.0,336.48,2.25,06:21:00,17:52:00
9298,1477428618,10/25/2016 12:00:00 AM,10:50:18,909.87,65.0,30.49,45.0,359.92,7.87,06:21:00,17:52:00
9299,1477428317,10/25/2016 12:00:00 AM,10:45:17,896.44,65.0,30.49,42.0,336.46,7.87,06:21:00,17:52:00
9300,1477428018,10/25/2016 12:00:00 AM,10:40:18,890.93,65.0,30.49,43.0,0.12,5.62,06:21:00,17:52:00
9301,1477427718,10/25/2016 12:00:00 AM,10:35:18,884.75,65.0,30.49,37.0,0.16,9.0,06:21:00,17:52:00
9302,1477427418,10/25/2016 12:00:00 AM,10:30:18,872.67,65.0,30.49,36.0,0.11,4.5,06:21:00,17:52:00
9303,1477427121,10/25/2016 12:00:00 AM,10:25:21,850.76,65.0,30.49,36.0,359.78,4.5,06:21:00,17:52:00
9304,1477426818,10/25/2016 12:00:00 AM,10:20:18,857.4,64.0,30.49,37.0,359.92,2.25,06:21:00,17:52:00
9305,1477426518,10/25/2016 12:00:00 AM,10:15:18,846.71,64.0,30.49,37.0,336.48,4.5,06:21:00,17:52:00
9306,1477426217,10/25/2016 12:00:00 AM,10:10:17,834.41,63.0,30.49,34.0,359.92,3.37,06:21:00,17:52:00
9307,1477425918,10/25/2016 12:00:00 AM,10:05:18,822.03,63.0,30.49,34.0,355.05,2.25,06:21:00,17:52:00
9308,1477425621,10/25/2016 12:00:00 AM,10:00:21,798.15,63.0,30.49,42.0,348.88,3.37,06:21:00,17:52:00
9309,1477425318,10/25/2016 12:00:00 AM,09:55:18,791.71,62.0,30.49,40.0,357.9,1.12,06:21:00,17:52:00
9310,1477425018,10/25/2016 12:00:00 AM,09:50:18,777.66,62.0,30.49,43.0,29.18,2.25,06:21:00,17:52:00
9311,1477424720,10/25/2016 12:00:00 AM,09:45:20,765.94,62.0,30.49,46.0,3.2,2.25,06:21:00,17:52:00
9312,1477424417,10/25/2016 12:00:00 AM,09:40:17,747.68,62.0,30.49,51.0,7.02,4.5,06:21:00,17:52:00
9313,1477424118,10/25/2016 12:00:00 AM,09:35:18,729.79,61.0,30.49,50.0,31.1,1.12,06:21:00,17:52:00
9314,1477423819,10/25/2016 12:00:00 AM,09:30:19,718.61,61.0,30.49,52.0,33.95,5.62,06:21:00,17:52:00
9315,1477423522,10/25/2016 12:00:00 AM,09:25:22,702.56,62.0,30.49,51.0,38.01,4.5,06:21:00,17:52:00
9316,1477423220,10/25/2016 12:00:00 AM,09:20:20,689.23,61.0,30.49,44.0,66.12,4.5,06:21:00,17:52:00
9317,1477422921,10/25/2016 12:00:00 AM,09:15:21,664.28,61.0,30.49,50.0,53.17,2.25,06:21:00,17:52:00
9318,1477422620,10/25/2016 12:00:00 AM,09:10:20,645.55,61.0,30.49,39.0,44.35,7.87,06:21:00,17:52:00
9319,1477422322,10/25/2016 12:00:00 AM,09:05:22,623.76,61.0,30.49,42.0,38.82,4.5,06:21:00,17:52:00
9320,1477422021,10/25/2016 12:00:00 AM,09:00:21,614.26,61.0,30.49,39.0,55.99,2.25,06:21:00,17:52:00
9321,1477421719,10/25/2016 12:00:00 AM,08:55:19,598.21,61.0,30.49,42.0,48.18,1.12,06:21:00,17:52:00
9322,1477421420,10/25/2016 12:00:00 AM,08:50:20,580.34,61.0,30.48,42.0,39.49,3.37,06:21:00,17:52:00
9323,1477421117,10/25/2016 12:00:00 AM,08:45:17,565.7,61.0,30.48,39.0,29.69,2.25,06:21:00,17:52:00
9324,1477420818,10/25/2016 12:00:00 AM,08:40:18,535.92,60.0,30.48,38.0,349.52,0.0,06:21:00,17:52:00
9325,1477420518,10/25/2016 12:00:00 AM,08:35:18,512.83,59.0,30.48,39.0,209.96,2.25,06:21:00,17:52:00
9326,1477420218,10/25/2016 12:00:00 AM,08:30:18,466.95,59.0,30.48,39.0,207.96,1.12,06:21:00,17:52:00
9327,1477419918,10/25/2016 12:00:00 AM,08:25:18,486.8,58.0,30.48,40.0,207.96,0.0,06:21:00,17:52:00
9328,1477419618,10/25/2016 12:00:00 AM,08:20:18,448.66,57.0,30.48,40.0,207.95,0.0,06:21:00,17:52:00
9329,1477419318,10/25/2016 12:00:00 AM,08:15:18,431.45,56.0,30.48,46.0,207.94,0.0,06:21:00,17:52:00
9330,1477419022,10/25/2016 12:00:00 AM,08:10:22,430.58,55.0,30.47,48.0,207.93,1.12,06:21:00,17:52:00
9331,1477418719,10/25/2016 12:00:00 AM,08:05:19,379.94,54.0,30.47,50.0,207.94,1.12,06:21:00,17:52:00
9332,1477418417,10/25/2016 12:00:00 AM,08:00:17,376.35,53.0,30.47,53.0,207.93,1.12,06:21:00,17:52:00
9333,1477418117,10/25/2016 12:00:00 AM,07:55:17,344.61,52.0,30.47,53.0,207.93,2.25,06:21:00,17:52:00
9334,1477417817,10/25/2016 12:00:00 AM,07:50:17,355.49,51.0,30.47,54.0,207.93,2.25,06:21:00,17:52:00
9335,1477417519,10/25/2016 12:00:00 AM,07:45:19,311.42,51.0,30.47,55.0,207.93,3.37,06:21:00,17:52:00
9336,1477417217,10/25/2016 12:00:00 AM,07:40:17,305.65,50.0,30.47,55.0,207.92,4.5,06:21:00,17:52:00
9337,1477416922,10/25/2016 12:00:00 AM,07:35:22,280.44,49.0,30.46,55.0,207.92,3.37,06:21:00,17:52:00
9338,1477416618,10/25/2016 12:00:00 AM,07:30:18,190.58,49.0,30.46,57.0,207.9,3.37,06:21:00,17:52:00
9339,1477416318,10/25/2016 12:00:00 AM,07:25:18,37.4,49.0,30.46,55.0,207.9,4.5,06:21:00,17:52:00
9340,1477416017,10/25/2016 12:00:00 AM,07:20:17,32.86,49.0,30.46,55.0,207.88,3.37,06:21:00,17:52:00
9341,1477415717,10/25/2016 12:00:00 AM,07:15:17,30.54,49.0,30.46,55.0,207.23,5.62,06:21:00,17:52:00
9342,1477415419,10/25/2016 12:00:00 AM,07:10:19,29.6,49.0,30.46,52.0,206.26,2.25,06:21:00,17:52:00
9343,1477415120,10/25/2016 12:00:00 AM,07:05:20,29.0,49.0,30.46,54.0,210.83,4.5,06:21:00,17:52:00
9344,1477414818,10/25/2016 12:00:00 AM,07:00:18,28.42,48.0,30.46,55.0,190.46,1.12,06:21:00,17:52:00
9345,1477414517,10/25/2016 12:00:00 AM,06:55:17,27.72,48.0,30.45,56.0,194.32,7.87,06:21:00,17:52:00
9346,1477414218,10/25/2016 12:00:00 AM,06:50:18,26.25,48.0,30.45,57.0,192.71,7.87,06:21:00,17:52:00
9347,1477413917,10/25/2016 12:00:00 AM,06:45:17,23.91,48.0,30.45,56.0,188.68,11.25,06:21:00,17:52:00
9348,1477413618,10/25/2016 12:00:00 AM,06:40:18,21.82,48.0,30.45,57.0,192.86,7.87,06:21:00,17:52:00
9349,1477413318,10/25/2016 12:00:00 AM,06:35:18,19.47,48.0,30.45,57.0,192.72,6.75,06:21:00,17:52:00
9350,1477413018,10/25/2016 12:00:00 AM,06:30:18,14.65,48.0,30.45,57.0,191.38,6.75,06:21:00,17:52:00
9351,1477412717,10/25/2016 12:00:00 AM,06:25:17,8.83,48.0,30.45,56.0,193.32,5.62,06:21:00,17:52:00
9352,1477412417,10/25/2016 12:00:00 AM,06:20:17,5.87,49.0,30.45,54.0,196.46,3.37,06:21:00,17:52:00
9353,1477412118,10/25/2016 12:00:00 AM,06:15:18,6.65,49.0,30.44,55.0,187.34,6.75,06:21:00,17:52:00
9354,1477411817,10/25/2016 12:00:00 AM,06:10:17,5.02,49.0,30.44,55.0,192.03,6.229096658193317,06:21:00,17:52:00
9355,1477411518,10/25/2016 12:00:00 AM,06:05:18,1.71,48.0,30.44,55.0,196.79,7.87,06:21:00,17:52:00
9356,1477411220,10/25/2016 12:00:00 AM,06:00:20,1.21,48.0,30.44,56.0,189.09,10.12,06:21:00,17:52:00
9357,1477410918,10/25/2016 12:00:00 AM,05:55:18,1.25,48.0,30.44,57.0,191.14,11.25,06:21:00,17:52:00
9358,1477410618,10/25/2016 12:00:00 AM,05:50:18,1.22,48.0,30.44,59.0,192.82,10.12,06:21:00,17:52:00
9359,1477410318,10/25/2016 12:00:00 AM,05:45:18,1.19,51.16507236474315,30.44,59.0,192.98,11.25,06:21:00,17:52:00
9360,1477410018,10/25/2016 12:00:00 AM,05:40:18,1.28,47.0,30.44,59.0,189.51,10.12,06:21:00,17:52:00
9361,1477409718,10/25/2016 12:00:00 AM,05:35:18,1.21,47.0,30.44,59.0,191.34,10.12,06:21:00,17:52:00
9362,1477409418,10/25/2016 12:00:00 AM,05:30:18,1.18,47.0,30.44,59.0,195.19,10.12,06:21:00,17:52:00
9363,1477409118,10/25/2016 12:00:00 AM,05:25:18,1.19,47.0,30.44,59.0,188.65,11.25,06:21:00,17:52:00
9364,1477408818,10/25/2016 12:00:00 AM,05:20:18,1.28,47.0,30.44,58.0,190.73,9.0,06:21:00,17:52:00
9365,1477408519,10/25/2016 12:00:00 AM,05:15:19,1.22,48.0,30.44,58.0,191.17,7.87,06:21:00,17:52:00
9366,1477408219,10/25/2016 12:00:00 AM,05:10:19,1.22,48.0,30.44,57.0,194.13,11.25,06:21:00,17:52:00
9367,1477407917,10/25/2016 12:00:00 AM,05:05:17,1.18,48.0,30.43,57.0,189.24,12.37,06:21:00,17:52:00
9368,1477407619,10/25/2016 12:00:00 AM,05:00:19,1.23,48.0,30.43,56.0,191.6,9.0,06:21:00,17:52:00
9369,1477407320,10/25/2016 12:00:00 AM,04:55:20,1.24,48.0,30.43,56.0,192.44,9.0,06:21:00,17:52:00
9370,1477407018,10/25/2016 12:00:00 AM,04:50:18,1.21,47.0,30.43,57.0,188.87,11.25,06:21:00,17:52:00
9371,1477406718,10/25/2016 12:00:00 AM,04:45:18,1.22,47.0,30.43,57.0,192.53,9.0,06:21:00,17:52:00
9372,1477406418,10/25/2016 12:00:00 AM,04:40:18,1.25,47.0,30.43,56.0,199.28,7.87,06:21:00,17:52:00
9373,1477406118,10/25/2016 12:00:00 AM,04:35:18,1.18,47.0,30.43,57.0,195.23,6.75,06:21:00,17:52:00
9374,1477405818,10/25/2016 12:00:00 AM,04:30:18,1.2,47.0,30.43,56.0,194.22,7.87,06:21:00,17:52:00
9375,1477405520,10/25/2016 12:00:00 AM,04:25:20,1.22,48.0,30.43,56.0,191.8,7.87,06:21:00,17:52:00
9376,1477405220,10/25/2016 12:00:00 AM,04:20:20,1.19,48.0,30.43,55.0,192.21,7.87,06:21:00,17:52:00
9377,1477404918,10/25/2016 12:00:00 AM,04:15:18,1.26,48.0,30.43,54.0,194.72,6.75,06:21:00,17:52:00
9378,1477404619,10/25/2016 12:00:00 AM,04:10:19,1.23,48.0,30.42,54.0,196.72,7.87,06:21:00,17:52:00
9379,1477404318,10/25/2016 12:00:00 AM,04:05:18,1.23,48.0,30.42,54.0,197.22,6.75,06:21:00,17:52:00
9380,1477404018,10/25/2016 12:00:00 AM,04:00:18,1.25,48.0,30.42,54.0,197.33,9.0,06:21:00,17:52:00
9381,1477403720,10/25/2016 12:00:00 AM,03:55:20,1.24,48.0,30.42,54.0,198.75,7.87,06:21:00,17:52:00
9382,1477403418,10/25/2016 12:00:00 AM,03:50:18,1.2,48.0,30.42,54.0,194.06,7.87,06:21:00,17:52:00
9383,1477403118,10/25/2016 12:00:00 AM,03:45:18,1.22,48.0,30.42,54.0,192.42,11.25,06:21:00,17:52:00
9384,1477402818,10/25/2016 12:00:00 AM,03:40:18,1.21,48.0,30.42,56.0,192.47,11.25,06:21:00,17:52:00
9385,1477402518,10/25/2016 12:00:00 AM,03:35:18,1.23,48.0,30.42,57.0,187.06,10.12,06:21:00,17:52:00
9386,1477402220,10/25/2016 12:00:00 AM,03:30:20,1.2,48.0,30.42,57.0,189.94,11.25,06:21:00,17:52:00
9387,1477401920,10/25/2016 12:00:00 AM,03:25:20,1.21,47.0,30.42,57.0,191.56,12.37,06:21:00,17:52:00
9388,1477401617,10/25/2016 12:00:00 AM,03:20:17,1.22,47.0,30.42,58.0,190.25,13.5,06:21:00,17:52:00
9389,1477401320,10/25/2016 12:00:00 AM,03:15:20,1.21,47.0,30.42,57.0,187.67,13.5,06:21:00,17:52:00
9390,1477401017,10/25/2016 12:00:00 AM,03:10:17,1.17,47.0,30.42,57.0,197.12,12.37,06:21:00,17:52:00
9391,1477400717,10/25/2016 12:00:00 AM,03:05:17,1.2,47.0,30.42,57.0,188.29,11.25,06:21:00,17:52:00
9392,1477400418,10/25/2016 12:00:00 AM,03:00:18,1.26,47.0,30.42,57.0,193.62,14.62,06:21:00,17:52:00
9393,1477400117,10/25/2016 12:00:00 AM,02:55:17,1.19,47.0,30.42,57.0,183.92,13.5,06:21:00,17:52:00
9394,1477399817,10/25/2016 12:00:00 AM,02:50:17,1.22,47.0,30.43,58.0,196.23,12.37,06:21:00,17:52:00
9395,1477399517,10/25/2016 12:00:00 AM,02:45:17,1.19,47.0,30.43,58.0,196.76,11.25,06:21:00,17:52:00
9396,1477399218,10/25/2016 12:00:00 AM,02:40:18,1.22,51.16507236474315,30.43,58.0,192.03,12.37,06:21:00,17:52:00
9397,1477398918,10/25/2016 12:00:00 AM,02:35:18,1.21,47.0,30.43,59.0,200.98,6.75,06:21:00,17:52:00
9398,1477398618,10/25/2016 12:00:00 AM,02:30:18,1.24,47.0,30.43,59.0,199.34,9.0,06:21:00,17:52:00
9399,1477398320,10/25/2016 12:00:00 AM,02:25:20,1.23,46.0,30.43,59.0,193.26,6.75,06:21:00,17:52:00
9400,1477398018,10/25/2016 12:00:00 AM,02:20:18,1.2,46.0,30.43,61.0,186.8,13.5,06:21:00,17:52:00
9401,1477397722,10/25/2016 12:00:00 AM,02:15:22,1.2,45.0,30.43,62.0,187.77,11.25,06:21:00,17:52:00
9402,1477397417,10/25/2016 12:00:00 AM,02:10:17,1.22,46.0,30.43,65.0,151.8,9.0,06:21:00,17:52:00
9403,1477397118,10/25/2016 12:00:00 AM,02:05:18,1.21,46.0,30.43,63.0,174.83,10.12,06:21:00,17:52:00
9404,1477396817,10/25/2016 12:00:00 AM,02:00:17,1.18,45.0,30.43,63.0,184.33,7.87,06:21:00,17:52:00
9405,1477396520,10/25/2016 12:00:00 AM,01:55:20,1.23,45.0,30.44,65.0,179.16,6.75,06:21:00,17:52:00
9406,1477396217,10/25/2016 12:00:00 AM,01:50:17,1.22,45.0,30.44,64.0,191.07,9.0,06:21:00,17:52:00
9407,1477395918,10/25/2016 12:00:00 AM,01:45:18,1.24,45.0,30.44,66.0,193.91,9.0,06:21:00,17:52:00
9408,1477395621,10/25/2016 12:00:00 AM,01:40:21,1.2,45.0,30.44,68.0,190.65,10.12,06:21:00,17:52:00
9409,1477395317,10/25/2016 12:00:00 AM,01:35:17,1.21,45.0,30.44,69.0,183.63,9.0,06:21:00,17:52:00
9410,1477395017,10/25/2016 12:00:00 AM,01:30:17,1.24,45.0,30.44,70.0,190.72,9.0,06:21:00,17:52:00
9411,1477394718,10/25/2016 12:00:00 AM,01:25:18,1.19,45.0,30.44,74.83719267708949,187.34,6.75,06:21:00,17:52:00
9412,1477394418,10/25/2016 12:00:00 AM,01:20:18,1.21,45.0,30.44,68.0,158.55,9.0,06:21:00,17:52:00
9413,1477394118,10/25/2016 12:00:00 AM,01:15:18,1.19,45.0,30.44,68.0,192.61,9.0,06:21:00,17:52:00
9414,1477393818,10/25/2016 12:00:00 AM,01:10:18,1.17,45.0,30.45,69.0,191.38,9.0,06:21:00,17:52:00
9415,1477393517,10/25/2016 12:00:00 AM,01:05:17,1.23,45.0,30.45,69.0,199.7,5.62,06:21:00,17:52:00
9416,1477393218,10/25/2016 12:00:00 AM,01:00:18,1.23,45.0,30.45,69.0,182.81,4.5,06:21:00,17:52:00
9417,1477392918,10/25/2016 12:00:00 AM,00:55:18,1.21,45.0,30.45,69.0,192.01,9.0,06:21:00,17:52:00
9418,1477392618,10/25/2016 12:00:00 AM,00:50:18,1.22,46.0,30.45,69.0,189.8,9.0,06:21:00,17:52:00
9419,1477392318,10/25/2016 12:00:00 AM,00:45:18,1.18,46.0,30.45,68.0,181.29,6.75,06:21:00,17:52:00
9420,1477392020,10/25/2016 12:00:00 AM,00:40:20,1.2,46.0,30.45,69.0,163.96,5.62,06:21:00,17:52:00
9421,1477391722,10/25/2016 12:00:00 AM,00:35:22,1.19,46.0,30.46,68.0,151.59,4.5,06:21:00,17:52:00
9422,1477391419,10/25/2016 12:00:00 AM,00:30:19,1.21,46.0,30.46,69.0,167.82,4.5,06:21:00,17:52:00
9423,1477391117,10/25/2016 12:00:00 AM,00:25:17,1.2,46.0,30.45,69.0,153.61,7.87,06:21:00,17:52:00
9424,1477390818,10/25/2016 12:00:00 AM,00:20:18,1.21,46.0,30.45,69.0,159.45,7.87,06:21:00,17:52:00
9425,1477390520,10/25/2016 12:00:00 AM,00:15:20,1.23,46.0,30.46,69.0,155.88,6.75,06:21:00,17:52:00
9426,1477390218,10/25/2016 12:00:00 AM,00:10:18,1.23,46.0,30.46,69.0,168.14,4.5,06:21:00,17:52:00
9427,1477389621,10/25/2016 12:00:00 AM,00:00:21,1.21,46.0,30.46,70.0,181.0,6.75,06:21:00,17:52:00
9428,1477389318,10/24/2016 12:00:00 AM,23:55:18,1.23,46.0,30.46,71.0,154.02,5.62,06:21:00,17:53:00
9429,1477389018,10/24/2016 12:00:00 AM,23:50:18,1.21,46.0,30.46,69.0,155.49,6.75,06:21:00,17:53:00
9430,1477388718,10/24/2016 12:00:00 AM,23:45:18,1.22,46.0,30.46,69.0,163.49,4.5,06:21:00,17:53:00
9431,1477388420,10/24/2016 12:00:00 AM,23:40:20,1.22,46.0,30.46,69.0,168.91,5.62,06:21:00,17:53:00
9432,1477388117,10/24/2016 12:00:00 AM,23:35:17,1.2,46.0,30.46,69.0,157.85,7.87,06:21:00,17:53:00
9433,1477387817,10/24/2016 12:00:00 AM,23:30:17,1.23,46.0,30.46,69.0,142.15,4.5,06:21:00,17:53:00
9434,1477387518,10/24/2016 12:00:00 AM,23:25:18,1.21,46.0,30.46,69.0,170.76,4.5,06:21:00,17:53:00
9435,1477387220,10/24/2016 12:00:00 AM,23:20:20,1.22,46.0,30.46,71.0,173.84,4.5,06:21:00,17:53:00
9436,1477386917,10/24/2016 12:00:00 AM,23:15:17,1.21,46.0,30.46,71.0,183.07,6.75,06:21:00,17:53:00
9437,1477386617,10/24/2016 12:00:00 AM,23:10:17,1.21,47.0,30.46,70.0,146.03,9.0,06:21:00,17:53:00
9438,1477386321,10/24/2016 12:00:00 AM,23:05:21,1.19,47.0,30.46,71.0,180.34,7.87,06:21:00,17:53:00
9439,1477386017,10/24/2016 12:00:00 AM,23:00:17,1.18,47.0,30.46,70.0,181.38,9.0,06:21:00,17:53:00
9440,1477385720,10/24/2016 12:00:00 AM,22:55:20,1.22,47.0,30.46,70.0,154.11,9.0,06:21:00,17:53:00
9441,1477385419,10/24/2016 12:00:00 AM,22:50:19,1.2,47.0,30.47,71.0,156.66,9.0,06:21:00,17:53:00
9442,1477385117,10/24/2016 12:00:00 AM,22:45:17,1.19,47.0,30.46,71.0,160.09,4.5,06:21:00,17:53:00
9443,1477384820,10/24/2016 12:00:00 AM,22:40:20,1.18,46.0,30.46,71.0,150.7,6.75,06:21:00,17:53:00
9444,1477384518,10/24/2016 12:00:00 AM,22:35:18,1.19,46.0,30.46,73.0,145.15,7.87,06:21:00,17:53:00
9445,1477384218,10/24/2016 12:00:00 AM,22:30:18,1.21,46.0,30.46,74.0,151.64,6.75,06:21:00,17:53:00
9446,1477383918,10/24/2016 12:00:00 AM,22:25:18,1.22,46.0,30.46,76.0,157.2,7.87,06:21:00,17:53:00
9447,1477383618,10/24/2016 12:00:00 AM,22:20:18,1.22,46.0,30.46,76.0,139.24,2.25,06:21:00,17:53:00
9448,1477383321,10/24/2016 12:00:00 AM,22:15:21,1.18,46.0,30.46,75.0,151.02,2.25,06:21:00,17:53:00
9449,1477383018,10/24/2016 12:00:00 AM,22:10:18,1.22,47.0,30.46,76.0,159.98,2.25,06:21:00,17:53:00
9450,1477382718,10/24/2016 12:00:00 AM,22:05:18,1.2,47.0,30.46,76.0,115.31,2.25,06:21:00,17:53:00
9451,1477382417,10/24/2016 12:00:00 AM,22:00:17,1.21,47.0,30.47,73.0,166.25,4.5,06:21:00,17:53:00
9452,1477382120,10/24/2016 12:00:00 AM,21:55:20,1.25,47.0,30.47,73.0,158.31,4.5,06:21:00,17:53:00
9453,1477381818,10/24/2016 12:00:00 AM,21:50:18,1.22,47.0,30.47,76.0,152.84,6.75,06:21:00,17:53:00
9454,1477381518,10/24/2016 12:00:00 AM,21:45:18,1.22,47.0,30.47,76.0,169.4,6.75,06:21:00,17:53:00
9455,1477381218,10/24/2016 12:00:00 AM,21:40:18,1.21,47.0,30.47,76.0,153.42,7.87,06:21:00,17:53:00
9456,1477380917,10/24/2016 12:00:00 AM,21:35:17,1.16,47.0,30.47,77.0,145.7,6.75,06:21:00,17:53:00
9457,1477380617,10/24/2016 12:00:00 AM,21:30:17,1.21,47.0,30.47,77.0,166.52,6.75,06:21:00,17:53:00
9458,1477380318,10/24/2016 12:00:00 AM,21:25:18,1.19,47.0,30.47,78.0,169.87,6.75,06:21:00,17:53:00
9459,1477380020,10/24/2016 12:00:00 AM,21:20:20,1.22,47.0,30.47,79.0,158.71,6.75,06:21:00,17:53:00
9460,1477379721,10/24/2016 12:00:00 AM,21:15:21,1.19,47.0,30.47,81.0,148.63,5.62,06:21:00,17:53:00
9461,1477379418,10/24/2016 12:00:00 AM,21:10:18,1.19,47.0,30.47,79.0,156.63,3.37,06:21:00,17:53:00
9462,1477379118,10/24/2016 12:00:00 AM,21:05:18,1.19,47.0,30.47,79.0,165.3,4.5,06:21:00,17:53:00
9463,1477378817,10/24/2016 12:00:00 AM,21:00:17,1.22,48.0,30.47,80.0,168.46,4.5,06:21:00,17:53:00
9464,1477378520,10/24/2016 12:00:00 AM,20:55:20,1.21,48.0,30.47,81.0,125.07,3.37,06:21:00,17:53:00
9465,1477378218,10/24/2016 12:00:00 AM,20:50:18,1.19,48.0,30.47,80.0,95.49,6.75,06:21:00,17:53:00
9466,1477377920,10/24/2016 12:00:00 AM,20:45:20,1.15,48.0,30.47,80.0,120.92,6.75,06:21:00,17:53:00
9467,1477377618,10/24/2016 12:00:00 AM,20:40:18,1.27,48.0,30.46,83.0,173.74,9.0,06:21:00,17:53:00
9468,1477377317,10/24/2016 12:00:00 AM,20:35:17,1.21,47.0,30.46,88.0,175.43,7.87,06:21:00,17:53:00
9469,1477377017,10/24/2016 12:00:00 AM,20:30:17,1.21,47.0,30.46,97.0,148.64,5.62,06:21:00,17:53:00
9470,1477376719,10/24/2016 12:00:00 AM,20:25:19,1.21,48.0,30.46,101.0,141.98,6.75,06:21:00,17:53:00
9471,1477376417,10/24/2016 12:00:00 AM,20:20:17,1.21,49.0,30.46,101.0,137.81,7.87,06:21:00,17:53:00
9472,1477376120,10/24/2016 12:00:00 AM,20:15:20,1.24,49.0,30.46,101.0,120.71,10.12,06:21:00,17:53:00
9473,1477375817,10/24/2016 12:00:00 AM,20:10:17,1.2,49.0,30.46,101.0,153.52,5.62,06:21:00,17:53:00
9474,1477375518,10/24/2016 12:00:00 AM,20:05:18,1.22,49.0,30.46,101.0,120.02,6.75,06:21:00,17:53:00
9475,1477375217,10/24/2016 12:00:00 AM,20:00:17,1.23,49.0,30.46,101.0,139.17,4.5,06:21:00,17:53:00
9476,1477374921,10/24/2016 12:00:00 AM,19:55:21,1.21,49.0,30.46,101.0,93.1,5.62,06:21:00,17:53:00
9477,1477374617,10/24/2016 12:00:00 AM,19:50:17,1.23,49.0,30.46,101.0,76.97,3.37,06:21:00,17:53:00
9478,1477374318,10/24/2016 12:00:00 AM,19:45:18,1.18,49.0,30.46,101.0,138.67,3.37,06:21:00,17:53:00
9479,1477374018,10/24/2016 12:00:00 AM,19:40:18,1.24,49.0,30.46,101.0,118.82,5.62,06:21:00,17:53:00
9480,1477373718,10/24/2016 12:00:00 AM,19:35:18,1.22,49.0,30.45,101.0,138.12,7.87,06:21:00,17:53:00
9481,1477373418,10/24/2016 12:00:00 AM,19:30:18,1.23,49.0,30.45,101.0,127.28,6.75,06:21:00,17:53:00
9482,1477373120,10/24/2016 12:00:00 AM,19:25:20,1.22,49.0,30.45,101.0,157.87,3.37,06:21:00,17:53:00
9483,1477372818,10/24/2016 12:00:00 AM,19:20:18,1.2,50.0,30.45,101.0,125.16,6.75,06:21:00,17:53:00
9484,1477372518,10/24/2016 12:00:00 AM,19:15:18,1.22,50.0,30.45,101.0,147.13,4.5,06:21:00,17:53:00
9485,1477372218,10/24/2016 12:00:00 AM,19:10:18,1.23,50.0,30.45,101.0,92.0,3.37,06:21:00,17:53:00
9486,1477371923,10/24/2016 12:00:00 AM,19:05:23,1.21,50.0,30.45,101.0,125.61,3.37,06:21:00,17:53:00
9487,1477371618,10/24/2016 12:00:00 AM,19:00:18,1.19,50.0,30.44,101.0,79.0,5.62,06:21:00,17:53:00
9488,1477371318,10/24/2016 12:00:00 AM,18:55:18,1.22,50.0,30.44,101.0,62.26,5.62,06:21:00,17:53:00
9489,1477371017,10/24/2016 12:00:00 AM,18:50:17,1.23,50.0,30.44,101.0,92.22,6.75,06:21:00,17:53:00
9490,1477370719,10/24/2016 12:00:00 AM,18:45:19,1.24,50.0,30.44,101.0,166.66,2.25,06:21:00,17:53:00
9491,1477370418,10/24/2016 12:00:00 AM,18:40:18,1.2,50.0,30.43,101.0,114.67,7.87,06:21:00,17:53:00
9492,1477370118,10/24/2016 12:00:00 AM,18:35:18,1.21,50.0,30.43,101.0,134.48,2.25,06:21:00,17:53:00
9493,1477369817,10/24/2016 12:00:00 AM,18:30:17,1.2,50.0,30.43,101.0,113.07,6.75,06:21:00,17:53:00
9494,1477369518,10/24/2016 12:00:00 AM,18:25:18,1.23,50.0,30.43,101.0,138.23,3.37,06:21:00,17:53:00
9495,1477369217,10/24/2016 12:00:00 AM,18:20:17,1.24,51.0,30.43,101.0,128.05,2.25,06:21:00,17:53:00
9496,1477368917,10/24/2016 12:00:00 AM,18:15:17,1.2,51.0,30.43,101.0,65.07,6.75,06:21:00,17:53:00
9497,1477368617,10/24/2016 12:00:00 AM,18:10:17,1.26,51.0,30.43,101.0,71.11,6.229096658193317,06:21:00,17:53:00
9498,1477368321,10/24/2016 12:00:00 AM,18:05:21,1.51,51.0,30.43,100.0,147.54,5.62,06:21:00,17:53:00
9499,1477368017,10/24/2016 12:00:00 AM,18:00:17,3.08,51.0,30.43,100.0,104.25,3.37,06:21:00,17:53:00
9500,1477367723,10/24/2016 12:00:00 AM,17:55:23,4.6,51.0,30.43,74.83719267708949,126.31,2.25,06:21:00,17:53:00
9501,1477367418,10/24/2016 12:00:00 AM,17:50:18,6.52,51.0,30.43,100.0,93.1,4.5,06:21:00,17:53:00
9502,1477367119,10/24/2016 12:00:00 AM,17:45:19,12.62,51.0,30.43,100.0,142.42,2.25,06:21:00,17:53:00
9503,1477366817,10/24/2016 12:00:00 AM,17:40:17,12.07,51.0,30.43,100.0,124.47,3.37,06:21:00,17:53:00
9504,1477366518,10/24/2016 12:00:00 AM,17:35:18,20.35,51.0,30.43,100.0,60.31,5.62,06:21:00,17:53:00
9505,1477366220,10/24/2016 12:00:00 AM,17:30:20,36.23,51.0,30.43,100.0,27.62,4.5,06:21:00,17:53:00
9506,1477365918,10/24/2016 12:00:00 AM,17:25:18,48.52,52.0,30.43,100.0,70.4,2.25,06:21:00,17:53:00
9507,1477365617,10/24/2016 12:00:00 AM,17:20:17,42.9,52.0,30.43,100.0,88.46,1.12,06:21:00,17:53:00
9508,1477365320,10/24/2016 12:00:00 AM,17:15:20,51.12,52.0,30.43,100.0,57.38,5.62,06:21:00,17:53:00
9509,1477365018,10/24/2016 12:00:00 AM,17:10:18,78.73,52.0,30.43,99.0,41.55,5.62,06:21:00,17:53:00
9510,1477364718,10/24/2016 12:00:00 AM,17:05:18,77.29,52.0,30.43,99.0,55.67,9.0,06:21:00,17:53:00
9511,1477364417,10/24/2016 12:00:00 AM,17:00:17,85.0,53.0,30.43,99.0,81.58,9.0,06:21:00,17:53:00
9512,1477364119,10/24/2016 12:00:00 AM,16:55:19,95.22,53.0,30.43,99.0,2.31,7.87,06:21:00,17:53:00
9513,1477363820,10/24/2016 12:00:00 AM,16:50:20,102.57,53.0,30.43,99.0,38.5,4.5,06:21:00,17:53:00
9514,1477363517,10/24/2016 12:00:00 AM,16:45:17,103.38,53.0,30.43,98.0,6.02,5.62,06:21:00,17:53:00
9515,1477363220,10/24/2016 12:00:00 AM,16:40:20,129.88,53.0,30.42,98.0,105.3,7.87,06:21:00,17:53:00
9516,1477362921,10/24/2016 12:00:00 AM,16:35:21,117.93,53.0,30.43,97.0,41.54,4.5,06:21:00,17:53:00
9517,1477362618,10/24/2016 12:00:00 AM,16:30:18,121.52,54.0,30.42,96.0,324.34,3.37,06:21:00,17:53:00
9518,1477362320,10/24/2016 12:00:00 AM,16:25:20,133.33,54.0,30.42,95.0,55.12,4.5,06:21:00,17:53:00
9519,1477362018,10/24/2016 12:00:00 AM,16:20:18,123.94,55.0,30.42,93.0,340.86,4.5,06:21:00,17:53:00
9520,1477361720,10/24/2016 12:00:00 AM,16:15:20,150.19,56.0,30.42,91.0,359.93,6.75,06:21:00,17:53:00
9521,1477361418,10/24/2016 12:00:00 AM,16:10:18,232.11,56.0,30.42,88.0,349.71,2.25,06:21:00,17:53:00
9522,1477361120,10/24/2016 12:00:00 AM,16:05:20,514.77,56.0,30.42,84.0,356.19,4.5,06:21:00,17:53:00
9523,1477360818,10/24/2016 12:00:00 AM,16:00:18,446.81,56.0,30.42,84.0,52.33,11.25,06:21:00,17:53:00
9524,1477360517,10/24/2016 12:00:00 AM,15:55:17,219.74,56.0,30.42,83.0,82.25,7.87,06:21:00,17:53:00
9525,1477360217,10/24/2016 12:00:00 AM,15:50:17,282.54,57.0,30.43,81.0,143.11,4.5,06:21:00,17:53:00
9526,1477359918,10/24/2016 12:00:00 AM,15:45:18,385.0,57.0,30.42,82.0,0.11,5.62,06:21:00,17:53:00
9527,1477359618,10/24/2016 12:00:00 AM,15:40:18,528.41,57.0,30.42,79.0,49.61,5.62,06:21:00,17:53:00
9528,1477359317,10/24/2016 12:00:00 AM,15:35:17,534.23,57.0,30.42,79.0,63.78,10.12,06:21:00,17:53:00
9529,1477359017,10/24/2016 12:00:00 AM,15:30:17,549.06,56.0,30.42,77.0,85.51,10.12,06:21:00,17:53:00
9530,1477358718,10/24/2016 12:00:00 AM,15:25:18,196.09,56.0,30.42,80.0,17.28,4.5,06:21:00,17:53:00
9531,1477358421,10/24/2016 12:00:00 AM,15:20:21,354.42,57.0,30.42,79.0,21.28,13.5,06:21:00,17:53:00
9532,1477358118,10/24/2016 12:00:00 AM,15:15:18,627.6,57.0,30.42,80.0,70.93,5.62,06:21:00,17:53:00
9533,1477357817,10/24/2016 12:00:00 AM,15:10:17,538.72,57.0,30.42,81.0,55.41,9.0,06:21:00,17:53:00
9534,1477357521,10/24/2016 12:00:00 AM,15:05:21,659.74,57.0,30.42,77.0,355.54,2.25,06:21:00,17:53:00
9535,1477357219,10/24/2016 12:00:00 AM,15:00:19,639.65,57.0,30.42,75.0,91.89,11.25,06:21:00,17:53:00
9536,1477356917,10/24/2016 12:00:00 AM,14:55:17,683.89,57.0,30.42,75.0,6.4,3.37,06:21:00,17:53:00
9537,1477356618,10/24/2016 12:00:00 AM,14:50:18,699.29,57.0,30.42,79.0,3.88,4.5,06:21:00,17:53:00
9538,1477356318,10/24/2016 12:00:00 AM,14:45:18,711.09,57.0,30.42,77.0,10.33,12.37,06:21:00,17:53:00
9539,1477356018,10/24/2016 12:00:00 AM,14:40:18,731.65,57.0,30.42,79.0,88.5,7.87,06:21:00,17:53:00
9540,1477355717,10/24/2016 12:00:00 AM,14:35:17,741.11,57.0,30.42,76.0,42.35,11.25,06:21:00,17:53:00
9541,1477355417,10/24/2016 12:00:00 AM,14:30:17,759.63,57.0,30.42,77.0,86.6,14.62,06:21:00,17:53:00
9542,1477355121,10/24/2016 12:00:00 AM,14:25:21,766.8,57.0,30.42,79.0,62.83,7.87,06:21:00,17:53:00
9543,1477354817,10/24/2016 12:00:00 AM,14:20:17,778.15,57.0,30.42,80.0,165.2,6.75,06:21:00,17:53:00
9544,1477354518,10/24/2016 12:00:00 AM,14:15:18,785.4,56.0,30.42,78.0,40.83,9.0,06:21:00,17:53:00
9545,1477354217,10/24/2016 12:00:00 AM,14:10:17,808.88,56.0,30.42,80.0,62.97,6.229096658193317,06:21:00,17:53:00
9546,1477353918,10/24/2016 12:00:00 AM,14:05:18,850.18,56.0,30.42,80.0,77.86,9.0,06:21:00,17:53:00
9547,1477353618,10/24/2016 12:00:00 AM,14:00:18,768.17,56.0,30.42,83.0,55.56,15.75,06:21:00,17:53:00
9548,1477353318,10/24/2016 12:00:00 AM,13:55:18,546.87,57.0,30.42,82.0,12.17,11.25,06:21:00,17:53:00
9549,1477353036,10/24/2016 12:00:00 AM,13:50:36,906.61,57.0,30.42,81.0,42.12,7.87,06:21:00,17:53:00
9550,1477352718,10/24/2016 12:00:00 AM,13:45:18,886.96,57.0,30.42,80.0,10.74,7.87,06:21:00,17:53:00
9551,1477352420,10/24/2016 12:00:00 AM,13:40:20,914.08,57.0,30.42,81.0,60.05,1.12,06:21:00,17:53:00
9552,1477352118,10/24/2016 12:00:00 AM,13:35:18,815.35,58.0,30.42,82.0,37.1,9.0,06:21:00,17:53:00
9553,1477351817,10/24/2016 12:00:00 AM,13:30:17,1062.75,58.0,30.42,82.0,29.52,6.75,06:21:00,17:53:00
9554,1477351517,10/24/2016 12:00:00 AM,13:25:17,922.26,58.0,30.42,81.0,358.91,7.87,06:21:00,17:53:00
9555,1477351217,10/24/2016 12:00:00 AM,13:20:17,908.41,58.0,30.42,79.0,2.44,4.5,06:21:00,17:53:00
9556,1477350918,10/24/2016 12:00:00 AM,13:15:18,917.85,58.0,30.42,80.0,343.02,5.62,06:21:00,17:53:00
9557,1477350617,10/24/2016 12:00:00 AM,13:10:17,933.59,58.0,30.42,80.0,77.65,7.87,06:21:00,17:53:00
9558,1477350320,10/24/2016 12:00:00 AM,13:05:20,950.63,58.0,30.43,79.0,11.21,9.0,06:21:00,17:53:00
9559,1477350017,10/24/2016 12:00:00 AM,13:00:17,941.9,58.0,30.43,78.0,3.06,6.75,06:21:00,17:53:00
9560,1477349718,10/24/2016 12:00:00 AM,12:55:18,947.36,59.0,30.42,77.0,99.26,12.37,06:21:00,17:53:00
9561,1477349420,10/24/2016 12:00:00 AM,12:50:20,939.12,58.0,30.43,79.0,49.07,15.75,06:21:00,17:53:00
9562,1477349117,10/24/2016 12:00:00 AM,12:45:17,928.78,58.0,30.43,79.0,259.34,5.62,06:21:00,17:53:00
9563,1477348820,10/24/2016 12:00:00 AM,12:40:20,954.87,58.0,30.43,79.0,66.58,11.25,06:21:00,17:53:00
9564,1477348521,10/24/2016 12:00:00 AM,12:35:21,964.69,58.0,30.43,80.0,94.81,11.25,06:21:00,17:53:00
9565,1477348218,10/24/2016 12:00:00 AM,12:30:18,970.49,58.0,30.44,80.0,67.08,3.37,06:21:00,17:53:00
9566,1477347918,10/24/2016 12:00:00 AM,12:25:18,965.2,58.0,30.44,77.0,54.97,6.75,06:21:00,17:53:00
9567,1477347617,10/24/2016 12:00:00 AM,12:20:17,937.11,58.0,30.44,78.0,61.93,4.5,06:21:00,17:53:00
9568,1477347317,10/24/2016 12:00:00 AM,12:15:17,918.58,58.0,30.44,78.0,4.11,3.37,06:21:00,17:53:00
9569,1477347020,10/24/2016 12:00:00 AM,12:10:20,846.88,59.0,30.44,78.0,0.15,11.25,06:21:00,17:53:00
9570,1477346718,10/24/2016 12:00:00 AM,12:05:18,955.72,59.0,30.44,72.0,34.73,14.62,06:21:00,17:53:00
9571,1477346418,10/24/2016 12:00:00 AM,12:00:18,951.06,59.0,30.44,69.0,15.1,12.37,06:21:00,17:53:00
9572,1477345817,10/24/2016 12:00:00 AM,11:50:17,953.14,59.0,30.44,63.0,56.63,4.5,06:21:00,17:53:00
9573,1477345518,10/24/2016 12:00:00 AM,11:45:18,936.09,60.0,30.44,63.0,0.49,4.5,06:21:00,17:53:00
9574,1477345226,10/24/2016 12:00:00 AM,11:40:26,944.18,60.0,30.44,60.0,0.15,14.62,06:21:00,17:53:00
9575,1477344917,10/24/2016 12:00:00 AM,11:35:17,941.18,60.0,30.45,52.0,359.37,9.0,06:21:00,17:53:00
9576,1477344618,10/24/2016 12:00:00 AM,11:30:18,917.02,60.0,30.45,55.0,330.66,9.0,06:21:00,17:53:00
9577,1477344324,10/24/2016 12:00:00 AM,11:25:24,942.58,60.0,30.44,57.0,24.75,7.87,06:21:00,17:53:00
9578,1477344018,10/24/2016 12:00:00 AM,11:20:18,954.11,59.0,30.45,60.0,63.3,14.62,06:21:00,17:53:00
9579,1477343717,10/24/2016 12:00:00 AM,11:15:17,943.02,59.0,30.45,64.0,71.31,5.62,06:21:00,17:53:00
9580,1477343418,10/24/2016 12:00:00 AM,11:10:18,946.68,60.0,30.45,63.0,43.76,12.37,06:21:00,17:53:00
9581,1477343118,10/24/2016 12:00:00 AM,11:05:18,936.84,60.0,30.45,58.0,10.99,6.75,06:21:00,17:53:00
9582,1477342817,10/24/2016 12:00:00 AM,11:00:17,929.96,60.0,30.45,60.0,71.92,9.0,06:21:00,17:53:00
9583,1477342518,10/24/2016 12:00:00 AM,10:55:18,918.5,60.0,30.45,58.0,81.77,10.12,06:21:00,17:53:00
9584,1477342218,10/24/2016 12:00:00 AM,10:50:18,912.07,61.0,30.45,56.0,298.27,4.5,06:21:00,17:53:00
9585,1477341921,10/24/2016 12:00:00 AM,10:45:21,901.78,61.0,30.45,52.0,127.78,9.0,06:21:00,17:53:00
9586,1477341620,10/24/2016 12:00:00 AM,10:40:20,893.07,61.0,30.45,51.0,70.55,14.62,06:21:00,17:53:00
9587,1477341320,10/24/2016 12:00:00 AM,10:35:20,878.6,61.0,30.45,46.0,358.38,9.0,06:21:00,17:53:00
9588,1477341018,10/24/2016 12:00:00 AM,10:30:18,870.73,61.0,30.45,45.0,53.52,10.12,06:21:00,17:53:00
9589,1477340718,10/24/2016 12:00:00 AM,10:25:18,816.33,61.0,30.45,44.0,65.26,11.25,06:21:00,17:53:00
9590,1477340418,10/24/2016 12:00:00 AM,10:20:18,777.15,61.0,30.45,43.0,308.38,5.62,06:21:00,17:53:00
9591,1477340120,10/24/2016 12:00:00 AM,10:15:20,761.45,61.0,30.45,43.0,0.23,7.87,06:21:00,17:53:00
9592,1477339817,10/24/2016 12:00:00 AM,10:10:17,852.31,61.0,30.45,46.0,348.58,4.5,06:21:00,17:53:00
9593,1477339517,10/24/2016 12:00:00 AM,10:05:17,824.34,60.0,30.46,45.0,24.3,10.12,06:21:00,17:53:00
9594,1477339219,10/24/2016 12:00:00 AM,10:00:19,823.55,60.0,30.46,44.0,48.81,10.12,06:21:00,17:53:00
9595,1477338918,10/24/2016 12:00:00 AM,09:55:18,812.27,60.0,30.45,46.0,107.14,10.12,06:21:00,17:53:00
9596,1477338618,10/24/2016 12:00:00 AM,09:50:18,771.93,60.0,30.45,47.0,300.1,5.62,06:21:00,17:53:00
9597,1477338319,10/24/2016 12:00:00 AM,09:45:19,762.26,61.0,30.45,44.0,55.67,10.12,06:21:00,17:53:00
9598,1477338023,10/24/2016 12:00:00 AM,09:40:23,741.99,61.0,30.46,45.0,68.62,12.37,06:21:00,17:53:00
9599,1477337717,10/24/2016 12:00:00 AM,09:35:17,741.35,61.0,30.46,41.0,341.85,5.62,06:21:00,17:53:00
9600,1477337420,10/24/2016 12:00:00 AM,09:30:20,676.52,61.0,30.45,39.0,28.63,9.0,06:21:00,17:53:00
9601,1477337120,10/24/2016 12:00:00 AM,09:25:20,703.15,61.0,30.45,39.0,108.61,10.12,06:21:00,17:53:00
9602,1477336817,10/24/2016 12:00:00 AM,09:20:17,709.46,61.0,30.45,40.0,116.8,6.75,06:21:00,17:53:00
9603,1477336524,10/24/2016 12:00:00 AM,09:15:24,668.46,61.0,30.45,41.0,140.75,5.62,06:21:00,17:53:00
9604,1477336220,10/24/2016 12:00:00 AM,09:10:20,628.65,61.0,30.45,39.0,101.26,4.5,06:21:00,17:53:00
9605,1477335920,10/24/2016 12:00:00 AM,09:05:20,622.2,61.0,30.45,40.0,32.95,3.37,06:21:00,17:53:00
9606,1477335617,10/24/2016 12:00:00 AM,09:00:17,632.37,60.0,30.45,40.0,67.25,7.87,06:21:00,17:53:00
9607,1477335317,10/24/2016 12:00:00 AM,08:55:17,594.06,60.0,30.45,41.0,33.03,2.25,06:21:00,17:53:00
9608,1477335017,10/24/2016 12:00:00 AM,08:50:17,603.19,60.0,30.45,41.0,67.7,6.75,06:21:00,17:53:00
9609,1477334719,10/24/2016 12:00:00 AM,08:45:19,537.5,59.0,30.45,43.0,136.38,6.75,06:21:00,17:53:00
9610,1477334419,10/24/2016 12:00:00 AM,08:40:19,427.8,59.0,30.45,42.0,143.67,12.37,06:21:00,17:53:00
9611,1477334117,10/24/2016 12:00:00 AM,08:35:17,501.09,59.0,30.45,42.0,99.27,5.62,06:21:00,17:53:00
9612,1477333818,10/24/2016 12:00:00 AM,08:30:18,536.83,59.0,30.45,42.0,156.02,5.62,06:21:00,17:53:00
9613,1477333518,10/24/2016 12:00:00 AM,08:25:18,513.8,58.0,30.45,46.0,173.11,12.37,06:21:00,17:53:00
9614,1477333221,10/24/2016 12:00:00 AM,08:20:21,441.91,58.0,30.45,44.0,155.64,7.87,06:21:00,17:53:00
9615,1477332918,10/24/2016 12:00:00 AM,08:15:18,342.69,58.0,30.45,44.0,245.96,2.25,06:21:00,17:53:00
9616,1477332617,10/24/2016 12:00:00 AM,08:10:17,439.71,58.0,30.45,46.0,64.07,5.62,06:21:00,17:53:00
9617,1477332318,10/24/2016 12:00:00 AM,08:05:18,436.54,57.0,30.45,47.0,128.19,3.37,06:21:00,17:53:00
9618,1477332019,10/24/2016 12:00:00 AM,08:00:19,416.04,57.0,30.45,48.0,121.82,4.5,06:21:00,17:53:00
9619,1477331718,10/24/2016 12:00:00 AM,07:55:18,384.99,56.0,30.44,50.0,83.87,2.25,06:21:00,17:53:00
9620,1477331417,10/24/2016 12:00:00 AM,07:50:17,352.65,55.0,30.44,52.0,140.6,9.0,06:21:00,17:53:00
9621,1477331121,10/24/2016 12:00:00 AM,07:45:21,338.69,53.0,30.44,53.0,118.49,2.25,06:21:00,17:53:00
9622,1477330823,10/24/2016 12:00:00 AM,07:40:23,298.03,52.0,30.44,56.0,159.01,12.37,06:21:00,17:53:00
9623,1477330520,10/24/2016 12:00:00 AM,07:35:20,280.07,51.0,30.44,57.0,153.47,9.0,06:21:00,17:53:00
9624,1477330217,10/24/2016 12:00:00 AM,07:30:17,232.81,51.0,30.44,58.0,176.51,6.75,06:21:00,17:53:00
9625,1477329918,10/24/2016 12:00:00 AM,07:25:18,33.42,50.0,30.44,58.0,158.89,6.75,06:21:00,17:53:00
9626,1477329620,10/24/2016 12:00:00 AM,07:20:20,32.4,50.0,30.44,58.0,138.52,11.25,06:21:00,17:53:00
9627,1477329318,10/24/2016 12:00:00 AM,07:15:18,33.03,50.0,30.44,58.0,152.45,13.5,06:21:00,17:53:00
9628,1477329021,10/24/2016 12:00:00 AM,07:10:21,34.77,50.0,30.44,57.0,157.0,13.5,06:21:00,17:53:00
9629,1477328717,10/24/2016 12:00:00 AM,07:05:17,36.25,50.0,30.43,58.0,178.45,10.12,06:21:00,17:53:00
9630,1477328421,10/24/2016 12:00:00 AM,07:00:21,36.36,49.0,30.43,58.0,147.49,6.229096658193317,06:21:00,17:53:00
9631,1477328118,10/24/2016 12:00:00 AM,06:55:18,34.96,49.0,30.43,59.0,154.34,13.5,06:21:00,17:53:00
9632,1477327818,10/24/2016 12:00:00 AM,06:50:18,32.7,48.0,30.43,59.0,170.25,11.25,06:21:00,17:53:00
9633,1477327520,10/24/2016 12:00:00 AM,06:45:20,28.56,48.0,30.43,60.0,187.73,13.5,06:21:00,17:53:00
9634,1477327220,10/24/2016 12:00:00 AM,06:40:20,23.13,48.0,30.43,60.0,161.2,9.0,06:21:00,17:53:00
9635,1477326918,10/24/2016 12:00:00 AM,06:35:18,17.78,48.0,30.43,60.0,132.7,6.75,06:21:00,17:53:00
9636,1477326618,10/24/2016 12:00:00 AM,06:30:18,12.56,48.0,30.43,60.0,157.36,10.12,06:21:00,17:53:00
9637,1477326317,10/24/2016 12:00:00 AM,06:25:17,7.96,48.0,30.43,60.0,172.81,10.12,06:21:00,17:53:00
9638,1477326020,10/24/2016 12:00:00 AM,06:20:20,4.38,48.0,30.43,61.0,156.2,11.25,06:21:00,17:53:00
9639,1477325718,10/24/2016 12:00:00 AM,06:15:18,3.55,48.0,30.42,60.0,154.48,7.87,06:21:00,17:53:00
9640,1477325419,10/24/2016 12:00:00 AM,06:10:19,3.25,48.0,30.42,59.0,176.5,11.25,06:21:00,17:53:00
9641,1477325118,10/24/2016 12:00:00 AM,06:05:18,1.38,48.0,30.42,59.0,173.36,13.5,06:21:00,17:53:00
9642,1477324817,10/24/2016 12:00:00 AM,06:00:17,1.2,48.0,30.42,58.0,182.8,9.0,06:21:00,17:53:00
9643,1477324523,10/24/2016 12:00:00 AM,05:55:23,1.24,48.0,30.42,58.0,175.12,12.37,06:21:00,17:53:00
9644,1477324220,10/24/2016 12:00:00 AM,05:50:20,1.21,48.0,30.42,59.0,166.46,9.0,06:21:00,17:53:00
9645,1477323921,10/24/2016 12:00:00 AM,05:45:21,1.21,48.0,30.41,59.0,180.83,9.0,06:21:00,17:53:00
9646,1477323618,10/24/2016 12:00:00 AM,05:40:18,1.21,48.0,30.41,59.0,161.46,11.25,06:21:00,17:53:00
9647,1477323317,10/24/2016 12:00:00 AM,05:35:17,1.24,48.0,30.41,60.0,137.18,12.37,06:21:00,17:53:00
9648,1477323018,10/24/2016 12:00:00 AM,05:30:18,1.2,48.0,30.41,60.0,182.37,10.12,06:21:00,17:53:00
9649,1477322720,10/24/2016 12:00:00 AM,05:25:20,1.21,48.0,30.41,59.0,173.02,12.37,06:21:00,17:53:00
9650,1477322417,10/24/2016 12:00:00 AM,05:20:17,1.24,48.0,30.41,59.0,162.19,9.0,06:21:00,17:53:00
9651,1477322120,10/24/2016 12:00:00 AM,05:15:20,1.21,48.0,30.41,60.0,167.38,12.37,06:21:00,17:53:00
9652,1477321820,10/24/2016 12:00:00 AM,05:10:20,1.23,47.0,30.41,61.0,183.52,7.87,06:21:00,17:53:00
9653,1477321518,10/24/2016 12:00:00 AM,05:05:18,1.24,48.0,30.41,61.0,152.21,9.0,06:21:00,17:53:00
9654,1477321220,10/24/2016 12:00:00 AM,05:00:20,1.19,48.0,30.41,61.0,150.83,13.5,06:21:00,17:53:00
9655,1477320917,10/24/2016 12:00:00 AM,04:55:17,1.21,48.0,30.41,60.0,155.8,11.25,06:21:00,17:53:00
9656,1477320617,10/24/2016 12:00:00 AM,04:50:17,1.25,47.0,30.4,60.0,139.99,6.75,06:21:00,17:53:00
9657,1477320320,10/24/2016 12:00:00 AM,04:45:20,1.21,47.0,30.41,60.0,147.7,10.12,06:21:00,17:53:00
9658,1477320022,10/24/2016 12:00:00 AM,04:40:22,1.2,47.0,30.4,60.0,160.35,7.87,06:21:00,17:53:00
9659,1477319717,10/24/2016 12:00:00 AM,04:35:17,1.26,47.0,30.4,59.0,169.76,11.25,06:21:00,17:53:00
9660,1477319421,10/24/2016 12:00:00 AM,04:30:21,1.21,48.0,30.4,58.0,153.33,11.25,06:21:00,17:53:00
9661,1477319117,10/24/2016 12:00:00 AM,04:25:17,1.18,48.0,30.4,56.0,154.07,7.87,06:21:00,17:53:00
9662,1477318818,10/24/2016 12:00:00 AM,04:20:18,1.22,47.0,30.4,58.0,164.92,10.12,06:21:00,17:53:00
9663,1477318517,10/24/2016 12:00:00 AM,04:15:17,1.18,47.0,30.4,58.0,133.34,7.87,06:21:00,17:53:00
9664,1477318222,10/24/2016 12:00:00 AM,04:10:22,1.18,47.0,30.4,55.0,175.84,7.87,06:21:00,17:53:00
9665,1477317917,10/24/2016 12:00:00 AM,04:05:17,1.21,48.0,30.4,55.0,153.02,5.62,06:21:00,17:53:00
9666,1477317620,10/24/2016 12:00:00 AM,04:00:20,1.21,48.0,30.4,54.0,182.05,4.5,06:21:00,17:53:00
9667,1477317317,10/24/2016 12:00:00 AM,03:55:17,1.21,48.0,30.4,55.0,147.99,12.37,06:21:00,17:53:00
9668,1477317019,10/24/2016 12:00:00 AM,03:50:19,1.2,47.0,30.4,55.0,180.05,7.87,06:21:00,17:53:00
9669,1477316717,10/24/2016 12:00:00 AM,03:45:17,1.21,47.0,30.4,57.0,154.5,6.75,06:21:00,17:53:00
9670,1477316417,10/24/2016 12:00:00 AM,03:40:17,1.22,47.0,30.4,55.0,184.94,7.87,06:21:00,17:53:00
9671,1477316117,10/24/2016 12:00:00 AM,03:35:17,1.21,48.0,30.4,74.83719267708949,159.44,11.25,06:21:00,17:53:00
9672,1477315817,10/24/2016 12:00:00 AM,03:30:17,1.23,48.0,30.4,54.0,137.14,7.87,06:21:00,17:53:00
9673,1477315517,10/24/2016 12:00:00 AM,03:25:17,1.2,48.0,30.4,52.0,164.52,7.87,06:21:00,17:53:00
9674,1477315218,10/24/2016 12:00:00 AM,03:20:18,1.22,48.0,30.4,54.0,151.44,11.25,06:21:00,17:53:00
9675,1477314919,10/24/2016 12:00:00 AM,03:15:19,1.23,48.0,30.4,54.0,176.06,10.12,06:21:00,17:53:00
9676,1477314617,10/24/2016 12:00:00 AM,03:10:17,1.22,48.0,30.4,53.0,175.59,6.75,06:21:00,17:53:00
9677,1477314317,10/24/2016 12:00:00 AM,03:05:17,1.18,47.0,30.4,53.0,165.65,11.25,06:21:00,17:53:00
9678,1477314021,10/24/2016 12:00:00 AM,03:00:21,1.2,47.0,30.4,55.0,161.19,13.5,06:21:00,17:53:00
9679,1477313717,10/24/2016 12:00:00 AM,02:55:17,1.19,47.0,30.41,58.0,177.48,7.87,06:21:00,17:53:00
9680,1477313417,10/24/2016 12:00:00 AM,02:50:17,1.21,46.0,30.423028000868246,58.0,177.68,6.75,06:21:00,17:53:00
9681,1477313117,10/24/2016 12:00:00 AM,02:45:17,1.23,47.0,30.41,55.0,163.63,6.75,06:21:00,17:53:00
9682,1477312817,10/24/2016 12:00:00 AM,02:40:17,1.25,47.0,30.41,54.0,149.7,7.87,06:21:00,17:53:00
9683,1477312521,10/24/2016 12:00:00 AM,02:35:21,1.24,47.0,30.41,54.0,156.18,10.12,06:21:00,17:53:00
9684,1477312217,10/24/2016 12:00:00 AM,02:30:17,1.23,47.0,30.41,51.0,141.07,11.25,06:21:00,17:53:00
9685,1477311917,10/24/2016 12:00:00 AM,02:25:17,1.2,46.0,30.41,53.0,157.75,11.25,06:21:00,17:53:00
9686,1477311618,10/24/2016 12:00:00 AM,02:20:18,1.2,46.0,30.41,52.0,150.57,10.12,06:21:00,17:53:00
9687,1477311317,10/24/2016 12:00:00 AM,02:15:17,1.22,46.0,30.41,53.0,187.47,7.87,06:21:00,17:53:00
9688,1477311018,10/24/2016 12:00:00 AM,02:10:18,1.23,46.0,30.42,55.0,174.71,7.87,06:21:00,17:53:00
9689,1477310717,10/24/2016 12:00:00 AM,02:05:17,1.22,46.0,30.42,54.0,157.66,10.12,06:21:00,17:53:00
9690,1477310417,10/24/2016 12:00:00 AM,02:00:17,1.22,46.0,30.42,54.0,161.96,5.62,06:21:00,17:53:00
9691,1477310118,10/24/2016 12:00:00 AM,01:55:18,1.21,46.0,30.42,55.0,162.68,7.87,06:21:00,17:53:00
9692,1477309820,10/24/2016 12:00:00 AM,01:50:20,1.25,46.0,30.42,53.0,168.38,7.87,06:21:00,17:53:00
9693,1477309517,10/24/2016 12:00:00 AM,01:45:17,1.22,46.0,30.42,53.0,176.75,7.87,06:21:00,17:53:00
9694,1477309217,10/24/2016 12:00:00 AM,01:40:17,1.2,46.0,30.42,54.0,184.19,7.87,06:21:00,17:53:00
9695,1477308920,10/24/2016 12:00:00 AM,01:35:20,1.21,46.0,30.43,55.0,170.1,9.0,06:21:00,17:53:00
9696,1477308617,10/24/2016 12:00:00 AM,01:30:17,1.21,46.0,30.43,55.0,179.58,7.87,06:21:00,17:53:00
9697,1477308320,10/24/2016 12:00:00 AM,01:25:20,1.2,46.0,30.43,55.0,161.71,9.0,06:21:00,17:53:00
9698,1477308020,10/24/2016 12:00:00 AM,01:20:20,1.21,46.0,30.43,56.0,194.17,7.87,06:21:00,17:53:00
9699,1477307717,10/24/2016 12:00:00 AM,01:15:17,1.21,46.0,30.43,55.0,171.7,6.75,06:21:00,17:53:00
9700,1477307420,10/24/2016 12:00:00 AM,01:10:20,1.22,46.0,30.43,54.0,187.47,7.87,06:21:00,17:53:00
9701,1477307117,10/24/2016 12:00:00 AM,01:05:17,1.19,46.0,30.43,55.0,174.18,9.0,06:21:00,17:53:00
9702,1477306817,10/24/2016 12:00:00 AM,01:00:17,1.23,46.0,30.43,55.0,158.5,5.62,06:21:00,17:53:00
9703,1477306520,10/24/2016 12:00:00 AM,00:55:20,1.21,46.0,30.44,55.0,193.63,7.87,06:21:00,17:53:00
9704,1477306217,10/24/2016 12:00:00 AM,00:50:17,1.19,46.0,30.44,56.0,167.42,7.87,06:21:00,17:53:00
9705,1477305918,10/24/2016 12:00:00 AM,00:45:18,1.23,46.0,30.44,53.0,169.27,6.75,06:21:00,17:53:00
9706,1477305617,10/24/2016 12:00:00 AM,00:40:17,1.21,46.0,30.44,54.0,170.08,7.87,06:21:00,17:53:00
9707,1477305318,10/24/2016 12:00:00 AM,00:35:18,1.18,46.0,30.44,55.0,162.49,7.87,06:21:00,17:53:00
9708,1477305017,10/24/2016 12:00:00 AM,00:30:17,1.22,46.0,30.44,55.0,173.65,7.87,06:21:00,17:53:00
9709,1477304717,10/24/2016 12:00:00 AM,00:25:17,1.21,46.0,30.44,54.0,173.53,5.62,06:21:00,17:53:00
9710,1477304417,10/24/2016 12:00:00 AM,00:20:17,1.22,46.0,30.44,52.0,163.53,7.87,06:21:00,17:53:00
9711,1477304118,10/24/2016 12:00:00 AM,00:15:18,1.19,46.0,30.44,53.0,157.89,7.87,06:21:00,17:53:00
9712,1477303822,10/24/2016 12:00:00 AM,00:10:22,1.22,46.0,30.45,52.0,174.53,7.87,06:21:00,17:53:00
9713,1477303221,10/24/2016 12:00:00 AM,00:00:21,1.22,46.0,30.44,53.0,192.99,9.0,06:21:00,17:53:00
9714,1477302918,10/23/2016 12:00:00 AM,23:55:18,1.2,46.0,30.45,52.0,168.5,6.75,06:20:00,17:54:00
9715,1477302620,10/23/2016 12:00:00 AM,23:50:20,1.24,46.0,30.45,50.0,162.24,10.12,06:20:00,17:54:00
9716,1477302317,10/23/2016 12:00:00 AM,23:45:17,1.24,46.0,30.45,49.0,191.87,6.75,06:20:00,17:54:00
9717,1477302017,10/23/2016 12:00:00 AM,23:40:17,1.21,46.0,30.45,49.0,154.95,9.0,06:20:00,17:54:00
9718,1477301718,10/23/2016 12:00:00 AM,23:35:18,1.19,46.0,30.45,49.0,170.15,9.0,06:20:00,17:54:00
9719,1477301417,10/23/2016 12:00:00 AM,23:30:17,1.19,46.0,30.45,48.0,164.73,9.0,06:20:00,17:54:00
9720,1477301118,10/23/2016 12:00:00 AM,23:25:18,1.19,46.0,30.45,47.0,156.68,9.0,06:20:00,17:54:00
9721,1477300819,10/23/2016 12:00:00 AM,23:20:19,1.2,46.0,30.45,47.0,168.83,7.87,06:20:00,17:54:00
9722,1477300518,10/23/2016 12:00:00 AM,23:15:18,1.21,46.0,30.45,46.0,182.64,7.87,06:20:00,17:54:00
9723,1477300218,10/23/2016 12:00:00 AM,23:10:18,1.19,47.0,30.45,44.0,180.94,7.87,06:20:00,17:54:00
9724,1477299918,10/23/2016 12:00:00 AM,23:05:18,1.21,46.0,30.45,74.83719267708949,169.14,10.12,06:20:00,17:54:00
9725,1477299617,10/23/2016 12:00:00 AM,23:00:17,1.19,46.0,30.46,43.0,167.58,9.0,06:20:00,17:54:00
9726,1477299320,10/23/2016 12:00:00 AM,22:55:20,1.16,46.0,30.45,41.0,176.36,6.75,06:20:00,17:54:00
9727,1477299018,10/23/2016 12:00:00 AM,22:50:18,1.18,46.0,30.45,40.0,168.19,6.75,06:20:00,17:54:00
9728,1477298719,10/23/2016 12:00:00 AM,22:45:19,1.18,46.0,30.45,40.0,146.44,9.0,06:20:00,17:54:00
9729,1477298418,10/23/2016 12:00:00 AM,22:40:18,1.22,46.0,30.45,39.0,202.19,9.0,06:20:00,17:54:00
9730,1477298117,10/23/2016 12:00:00 AM,22:35:17,1.22,47.0,30.45,40.0,165.12,9.0,06:20:00,17:54:00
9731,1477297818,10/23/2016 12:00:00 AM,22:30:18,1.22,47.0,30.46,39.0,155.93,6.75,06:20:00,17:54:00
9732,1477297520,10/23/2016 12:00:00 AM,22:25:20,1.2,47.0,30.45,39.0,146.76,11.25,06:20:00,17:54:00
9733,1477297217,10/23/2016 12:00:00 AM,22:20:17,1.23,47.0,30.45,38.0,180.46,9.0,06:20:00,17:54:00
9734,1477296917,10/23/2016 12:00:00 AM,22:15:17,1.21,47.0,30.45,37.0,161.75,9.0,06:20:00,17:54:00
9735,1477296618,10/23/2016 12:00:00 AM,22:10:18,1.24,47.0,30.45,37.0,158.98,10.12,06:20:00,17:54:00
9736,1477296317,10/23/2016 12:00:00 AM,22:05:17,1.23,47.0,30.46,37.0,175.95,6.75,06:20:00,17:54:00
9737,1477296020,10/23/2016 12:00:00 AM,22:00:20,1.15,47.0,30.45,36.0,165.8,9.0,06:20:00,17:54:00
9738,1477295718,10/23/2016 12:00:00 AM,21:55:18,1.22,48.0,30.45,33.0,162.66,7.87,06:20:00,17:54:00
9739,1477295418,10/23/2016 12:00:00 AM,21:50:18,1.23,48.0,30.45,34.0,150.22,10.12,06:20:00,17:54:00
9740,1477295118,10/23/2016 12:00:00 AM,21:45:18,1.21,48.0,30.45,35.0,171.94,11.25,06:20:00,17:54:00
9741,1477294821,10/23/2016 12:00:00 AM,21:40:21,1.22,48.0,30.45,34.0,157.79,10.12,06:20:00,17:54:00
9742,1477294520,10/23/2016 12:00:00 AM,21:35:20,1.18,47.0,30.45,35.0,155.8,11.25,06:20:00,17:54:00
9743,1477294223,10/23/2016 12:00:00 AM,21:30:23,1.21,47.0,30.45,36.0,169.13,13.5,06:20:00,17:54:00
9744,1477293917,10/23/2016 12:00:00 AM,21:25:17,1.22,47.0,30.423028000868246,37.0,179.97,10.12,06:20:00,17:54:00
9745,1477293618,10/23/2016 12:00:00 AM,21:20:18,1.24,47.0,30.45,38.0,147.93,9.0,06:20:00,17:54:00
9746,1477293323,10/23/2016 12:00:00 AM,21:15:23,1.21,47.0,30.45,38.0,132.29,11.25,06:20:00,17:54:00
9747,1477293021,10/23/2016 12:00:00 AM,21:10:21,1.26,48.0,30.45,38.0,157.74,10.12,06:20:00,17:54:00
9748,1477292720,10/23/2016 12:00:00 AM,21:05:20,1.2,48.0,30.45,37.0,169.44,4.5,06:20:00,17:54:00
9749,1477292420,10/23/2016 12:00:00 AM,21:00:20,1.24,48.0,30.45,37.0,145.62,9.0,06:20:00,17:54:00
9750,1477292121,10/23/2016 12:00:00 AM,20:55:21,1.2,48.0,30.45,37.0,146.84,9.0,06:20:00,17:54:00
9751,1477291817,10/23/2016 12:00:00 AM,20:50:17,1.25,48.0,30.45,37.0,142.79,10.12,06:20:00,17:54:00
9752,1477291521,10/23/2016 12:00:00 AM,20:45:21,1.21,48.0,30.45,37.0,170.18,9.0,06:20:00,17:54:00
9753,1477291219,10/23/2016 12:00:00 AM,20:40:19,1.18,48.0,30.44,74.83719267708949,146.09,7.87,06:20:00,17:54:00
9754,1477290917,10/23/2016 12:00:00 AM,20:35:17,1.23,47.0,30.44,41.0,169.71,10.12,06:20:00,17:54:00
9755,1477290619,10/23/2016 12:00:00 AM,20:30:19,1.23,47.0,30.44,43.0,138.16,10.12,06:20:00,17:54:00
9756,1477290319,10/23/2016 12:00:00 AM,20:25:19,1.23,48.0,30.44,42.0,147.86,13.5,06:20:00,17:54:00
9757,1477290018,10/23/2016 12:00:00 AM,20:20:18,1.24,48.0,30.44,41.0,144.44,13.5,06:20:00,17:54:00
9758,1477289717,10/23/2016 12:00:00 AM,20:15:17,1.25,48.0,30.44,41.0,128.46,9.0,06:20:00,17:54:00
9759,1477289418,10/23/2016 12:00:00 AM,20:10:18,1.2,48.0,30.44,41.0,155.86,3.37,06:20:00,17:54:00
9760,1477289121,10/23/2016 12:00:00 AM,20:05:21,1.24,48.0,30.44,41.0,176.07,4.5,06:20:00,17:54:00
9761,1477288818,10/23/2016 12:00:00 AM,20:00:18,1.23,48.0,30.44,42.0,161.24,4.5,06:20:00,17:54:00
9762,1477288518,10/23/2016 12:00:00 AM,19:55:18,1.22,49.0,30.44,43.0,135.01,12.37,06:20:00,17:54:00
9763,1477288220,10/23/2016 12:00:00 AM,19:50:20,1.2,49.0,30.43,43.0,107.52,7.87,06:20:00,17:54:00
9764,1477287918,10/23/2016 12:00:00 AM,19:45:18,1.22,49.0,30.43,42.0,147.42,12.37,06:20:00,17:54:00
9765,1477287618,10/23/2016 12:00:00 AM,19:40:18,1.2,49.0,30.43,44.0,78.96,6.75,06:20:00,17:54:00
9766,1477287318,10/23/2016 12:00:00 AM,19:35:18,1.22,49.0,30.43,45.0,245.29,4.5,06:20:00,17:54:00
9767,1477287018,10/23/2016 12:00:00 AM,19:30:18,1.25,49.0,30.42,47.0,116.05,3.37,06:20:00,17:54:00
9768,1477286720,10/23/2016 12:00:00 AM,19:25:20,1.2,48.0,30.42,48.0,85.4,9.0,06:20:00,17:54:00
9769,1477286417,10/23/2016 12:00:00 AM,19:20:17,1.21,47.0,30.42,60.0,58.67,3.37,06:20:00,17:54:00
9770,1477286119,10/23/2016 12:00:00 AM,19:15:19,1.21,45.0,30.41,72.0,178.35,4.5,06:20:00,17:54:00
9771,1477285817,10/23/2016 12:00:00 AM,19:10:17,1.19,44.0,30.41,89.0,283.65,3.37,06:20:00,17:54:00
9772,1477285518,10/23/2016 12:00:00 AM,19:05:18,1.16,44.0,30.41,96.0,176.41,6.75,06:20:00,17:54:00
9773,1477285218,10/23/2016 12:00:00 AM,19:00:18,1.19,44.0,30.41,96.0,123.65,2.25,06:20:00,17:54:00
9774,1477284918,10/23/2016 12:00:00 AM,18:55:18,1.2,45.0,30.41,94.0,143.54770303349548,7.87,06:20:00,17:54:00
9775,1477284617,10/23/2016 12:00:00 AM,18:50:17,1.17,45.0,30.4,92.0,73.06,2.25,06:20:00,17:54:00
9776,1477284317,10/23/2016 12:00:00 AM,18:45:17,1.19,46.0,30.4,88.0,93.93,5.62,06:20:00,17:54:00
9777,1477284017,10/23/2016 12:00:00 AM,18:40:17,1.23,47.0,30.4,86.0,134.48,4.5,06:20:00,17:54:00
9778,1477283721,10/23/2016 12:00:00 AM,18:35:21,1.23,50.0,30.4,79.0,51.09,2.25,06:20:00,17:54:00
9779,1477283417,10/23/2016 12:00:00 AM,18:30:17,1.24,54.0,30.4,61.0,99.41,9.0,06:20:00,17:54:00
9780,1477283133,10/23/2016 12:00:00 AM,18:25:33,1.22,53.0,30.4,32.0,151.44,7.87,06:20:00,17:54:00
9781,1477282820,10/23/2016 12:00:00 AM,18:20:20,1.24,51.16507236474315,30.4,34.0,87.84,6.75,06:20:00,17:54:00
9782,1477282520,10/23/2016 12:00:00 AM,18:15:20,1.24,53.0,30.39,35.0,155.61,10.12,06:20:00,17:54:00
9783,1477282217,10/23/2016 12:00:00 AM,18:10:17,1.22,53.0,30.39,34.0,167.52,14.62,06:20:00,17:54:00
9784,1477281917,10/23/2016 12:00:00 AM,18:05:17,1.25,52.0,30.39,39.0,165.34,6.75,06:20:00,17:54:00
9785,1477281617,10/23/2016 12:00:00 AM,18:00:17,2.21,52.0,30.39,44.0,112.23,4.5,06:20:00,17:54:00
9786,1477281320,10/23/2016 12:00:00 AM,17:55:20,3.56,52.0,30.39,46.0,115.14,6.75,06:20:00,17:54:00
9787,1477281018,10/23/2016 12:00:00 AM,17:50:18,5.58,51.0,30.39,50.0,97.49,5.62,06:20:00,17:54:00
9788,1477280724,10/23/2016 12:00:00 AM,17:45:24,9.25,50.0,30.39,65.0,130.08,7.87,06:20:00,17:54:00
9789,1477280417,10/23/2016 12:00:00 AM,17:40:17,15.7,50.0,30.39,80.0,120.19,10.12,06:20:00,17:54:00
9790,1477280117,10/23/2016 12:00:00 AM,17:35:17,23.31,51.0,30.39,87.0,41.35,3.37,06:20:00,17:54:00
9791,1477279823,10/23/2016 12:00:00 AM,17:30:23,29.4,51.0,30.4,78.0,127.56,7.87,06:20:00,17:54:00
9792,1477279521,10/23/2016 12:00:00 AM,17:25:21,34.7,51.0,30.4,79.0,149.28,6.75,06:20:00,17:54:00
9793,1477279217,10/23/2016 12:00:00 AM,17:20:17,38.41,51.0,30.39,85.0,103.48,9.0,06:20:00,17:54:00
9794,1477278918,10/23/2016 12:00:00 AM,17:15:18,43.71,53.0,30.39,81.0,89.69,3.37,06:20:00,17:54:00
9795,1477278621,10/23/2016 12:00:00 AM,17:10:21,51.29,54.0,30.4,69.0,132.15,4.5,06:20:00,17:54:00
9796,1477278321,10/23/2016 12:00:00 AM,17:05:21,63.95,55.0,30.39,65.0,165.54,5.62,06:20:00,17:54:00
9797,1477278022,10/23/2016 12:00:00 AM,17:00:22,94.5,51.16507236474315,30.39,72.0,97.09,7.87,06:20:00,17:54:00
9798,1477277718,10/23/2016 12:00:00 AM,16:55:18,139.31,57.0,30.39,38.0,73.11,3.37,06:20:00,17:54:00
9799,1477277419,10/23/2016 12:00:00 AM,16:50:19,101.32,57.0,30.39,39.0,127.02,3.37,06:20:00,17:54:00
9800,1477277117,10/23/2016 12:00:00 AM,16:45:17,98.55,57.0,30.39,44.0,132.05,10.12,06:20:00,17:54:00
9801,1477276818,10/23/2016 12:00:00 AM,16:40:18,150.42,57.0,30.39,55.0,167.54,4.5,06:20:00,17:54:00
9802,1477276518,10/23/2016 12:00:00 AM,16:35:18,250.57,56.0,30.39,62.0,1.65,2.25,06:20:00,17:54:00
9803,1477276226,10/23/2016 12:00:00 AM,16:30:26,314.98,55.0,30.39,68.0,57.21,5.62,06:20:00,17:54:00
9804,1477275926,10/23/2016 12:00:00 AM,16:25:26,362.2,55.0,30.39,78.0,114.64,7.87,06:20:00,17:54:00
9805,1477275618,10/23/2016 12:00:00 AM,16:20:18,373.84,54.0,30.39,80.0,17.51,3.37,06:20:00,17:54:00
9806,1477275320,10/23/2016 12:00:00 AM,16:15:20,385.77,54.0,30.39,84.0,96.54,5.62,06:20:00,17:54:00
9807,1477275018,10/23/2016 12:00:00 AM,16:10:18,406.65,55.0,30.39,85.0,71.72,4.5,06:20:00,17:54:00
9808,1477274717,10/23/2016 12:00:00 AM,16:05:17,356.45,55.0,30.39,85.0,336.51,3.37,06:20:00,17:54:00
9809,1477274420,10/23/2016 12:00:00 AM,16:00:20,440.27,55.0,30.39,83.0,124.05,2.25,06:20:00,17:54:00
9810,1477274117,10/23/2016 12:00:00 AM,15:55:17,472.56,55.0,30.39,83.0,35.05,6.75,06:20:00,17:54:00
9811,1477273820,10/23/2016 12:00:00 AM,15:50:20,477.26,55.0,30.39,84.0,28.35,6.75,06:20:00,17:54:00
9812,1477273521,10/23/2016 12:00:00 AM,15:45:21,451.34,55.0,30.38,84.0,45.08,6.75,06:20:00,17:54:00
9813,1477273217,10/23/2016 12:00:00 AM,15:40:17,461.33,55.0,30.38,83.0,62.84,11.25,06:20:00,17:54:00
9814,1477272918,10/23/2016 12:00:00 AM,15:35:18,568.67,55.0,30.38,81.0,40.98,5.62,06:20:00,17:54:00
9815,1477272618,10/23/2016 12:00:00 AM,15:30:18,508.55,56.0,30.38,82.0,56.96,4.5,06:20:00,17:54:00
9816,1477272317,10/23/2016 12:00:00 AM,15:25:17,608.48,56.0,30.38,82.0,74.16,5.62,06:20:00,17:54:00
9817,1477272018,10/23/2016 12:00:00 AM,15:20:18,352.81,56.0,30.38,81.0,71.67,4.5,06:20:00,17:54:00
9818,1477271718,10/23/2016 12:00:00 AM,15:15:18,595.12,57.0,30.38,79.0,122.21,9.0,06:20:00,17:54:00
9819,1477271417,10/23/2016 12:00:00 AM,15:10:17,663.29,56.0,30.38,80.0,6.55,7.87,06:20:00,17:54:00
9820,1477271118,10/23/2016 12:00:00 AM,15:05:18,688.94,57.0,30.38,77.0,92.62,7.87,06:20:00,17:54:00
9821,1477270817,10/23/2016 12:00:00 AM,15:00:17,626.27,57.0,30.38,78.0,65.25,9.0,06:20:00,17:54:00
9822,1477270518,10/23/2016 12:00:00 AM,14:55:18,672.62,58.0,30.38,78.0,44.53,3.37,06:20:00,17:54:00
9823,1477270221,10/23/2016 12:00:00 AM,14:50:21,725.11,58.0,30.38,78.0,15.23,7.87,06:20:00,17:54:00
9824,1477269917,10/23/2016 12:00:00 AM,14:45:17,718.76,58.0,30.38,78.0,109.47,9.0,06:20:00,17:54:00
9825,1477269618,10/23/2016 12:00:00 AM,14:40:18,746.7,57.0,30.38,77.0,322.74,3.37,06:20:00,17:54:00
9826,1477269317,10/23/2016 12:00:00 AM,14:35:17,775.75,57.0,30.38,76.0,53.41,4.5,06:20:00,17:54:00
9827,1477269018,10/23/2016 12:00:00 AM,14:30:18,750.96,58.0,30.38,77.0,348.01,2.25,06:20:00,17:54:00
9828,1477268718,10/23/2016 12:00:00 AM,14:25:18,765.01,58.0,30.38,77.0,103.74,11.25,06:20:00,17:54:00
9829,1477268417,10/23/2016 12:00:00 AM,14:20:17,785.28,58.0,30.38,75.0,35.44,4.5,06:20:00,17:54:00
9830,1477268117,10/23/2016 12:00:00 AM,14:15:17,815.46,59.0,30.38,71.0,359.92,5.62,06:20:00,17:54:00
9831,1477267818,10/23/2016 12:00:00 AM,14:10:18,819.45,59.0,30.38,66.0,72.36,4.5,06:20:00,17:54:00
9832,1477267523,10/23/2016 12:00:00 AM,14:05:23,823.69,60.0,30.38,63.0,97.89,6.75,06:20:00,17:54:00
9833,1477267220,10/23/2016 12:00:00 AM,14:00:20,836.95,60.0,30.38,63.0,20.18,6.75,06:20:00,17:54:00
9834,1477266921,10/23/2016 12:00:00 AM,13:55:21,859.25,61.0,30.39,62.0,12.1,7.87,06:20:00,17:54:00
9835,1477266617,10/23/2016 12:00:00 AM,13:50:17,851.86,60.0,30.38,44.0,11.22,6.75,06:20:00,17:54:00
9836,1477266317,10/23/2016 12:00:00 AM,13:45:17,884.75,60.0,30.39,29.0,76.21,5.62,06:20:00,17:54:00
9837,1477266019,10/23/2016 12:00:00 AM,13:40:19,904.08,60.0,30.39,51.0,43.08,6.75,06:20:00,17:54:00
9838,1477265717,10/23/2016 12:00:00 AM,13:35:17,902.96,60.0,30.39,67.0,38.14,4.5,06:20:00,17:54:00
9839,1477265419,10/23/2016 12:00:00 AM,13:30:19,925.03,61.0,30.39,53.0,46.17,3.37,06:20:00,17:54:00
9840,1477265118,10/23/2016 12:00:00 AM,13:25:18,924.29,61.0,30.39,56.0,43.06,10.12,06:20:00,17:54:00
9841,1477264826,10/23/2016 12:00:00 AM,13:20:26,929.23,61.0,30.39,42.0,103.86,4.5,06:20:00,17:54:00
9842,1477264520,10/23/2016 12:00:00 AM,13:15:20,935.62,61.0,30.39,35.0,51.3,6.75,06:20:00,17:54:00
9843,1477264218,10/23/2016 12:00:00 AM,13:10:18,945.06,60.0,30.39,40.0,85.93,4.5,06:20:00,17:54:00
9844,1477263920,10/23/2016 12:00:00 AM,13:05:20,949.17,61.0,30.39,56.0,73.94,5.62,06:20:00,17:54:00
9845,1477263618,10/23/2016 12:00:00 AM,13:00:18,918.39,51.16507236474315,30.4,30.0,40.64,5.62,06:20:00,17:54:00
9846,1477263317,10/23/2016 12:00:00 AM,12:55:17,873.61,60.0,30.4,42.0,63.63,9.0,06:20:00,17:54:00
9847,1477263017,10/23/2016 12:00:00 AM,12:50:17,955.48,59.0,30.4,41.0,37.86,3.37,06:20:00,17:54:00
9848,1477262721,10/23/2016 12:00:00 AM,12:45:21,953.45,58.0,30.4,53.0,114.31,4.5,06:20:00,17:54:00
9849,1477262418,10/23/2016 12:00:00 AM,12:40:18,905.87,58.0,30.4,74.0,103.36,6.75,06:20:00,17:54:00
9850,1477262117,10/23/2016 12:00:00 AM,12:35:17,1004.11,58.0,30.4,76.0,38.05,9.0,06:20:00,17:54:00
9851,1477261817,10/23/2016 12:00:00 AM,12:30:17,988.17,57.0,30.4,74.0,68.5,7.87,06:20:00,17:54:00
9852,1477261517,10/23/2016 12:00:00 AM,12:25:17,982.95,57.0,30.4,75.0,99.53,5.62,06:20:00,17:54:00
9853,1477261217,10/23/2016 12:00:00 AM,12:20:17,982.52,56.0,30.4,77.0,38.1,3.37,06:20:00,17:54:00
9854,1477260918,10/23/2016 12:00:00 AM,12:15:18,978.11,55.0,30.4,84.0,66.36,4.5,06:20:00,17:54:00
9855,1477260617,10/23/2016 12:00:00 AM,12:10:17,976.2,55.0,30.4,84.0,8.52,3.37,06:20:00,17:54:00
9856,1477260321,10/23/2016 12:00:00 AM,12:05:21,972.37,54.0,30.4,87.0,80.35,3.37,06:20:00,17:54:00
9857,1477260017,10/23/2016 12:00:00 AM,12:00:17,975.71,55.0,30.4,83.0,35.6,11.25,06:20:00,17:54:00
9858,1477259720,10/23/2016 12:00:00 AM,11:55:20,968.83,55.0,30.4,84.0,55.01,4.5,06:20:00,17:54:00
9859,1477259417,10/23/2016 12:00:00 AM,11:50:17,953.41,55.0,30.41,82.0,336.5,4.5,06:20:00,17:54:00
9860,1477259118,10/23/2016 12:00:00 AM,11:45:18,971.55,55.0,30.4,86.0,359.92,4.5,06:20:00,17:54:00
9861,1477258818,10/23/2016 12:00:00 AM,11:40:18,955.44,55.0,30.41,84.0,29.92,12.37,06:20:00,17:54:00
9862,1477258518,10/23/2016 12:00:00 AM,11:35:18,931.27,55.0,30.41,83.0,56.36,5.62,06:20:00,17:54:00
9863,1477258218,10/23/2016 12:00:00 AM,11:30:18,916.43,55.0,30.41,85.0,61.84,9.0,06:20:00,17:54:00
9864,1477257917,10/23/2016 12:00:00 AM,11:25:17,944.85,55.0,30.41,74.83719267708949,47.58,9.0,06:20:00,17:54:00
9865,1477257617,10/23/2016 12:00:00 AM,11:20:17,904.78,55.0,30.41,80.0,355.68,2.25,06:20:00,17:54:00
9866,1477257333,10/23/2016 12:00:00 AM,11:15:33,902.46,56.0,30.41,78.0,358.83,9.0,06:20:00,17:54:00
9867,1477257017,10/23/2016 12:00:00 AM,11:10:17,930.33,57.0,30.42,71.0,31.15,6.75,06:20:00,17:54:00
9868,1477256720,10/23/2016 12:00:00 AM,11:05:20,856.69,57.0,30.42,59.0,51.89,3.37,06:20:00,17:54:00
9869,1477256418,10/23/2016 12:00:00 AM,11:00:18,898.6,57.0,30.42,57.0,13.64,2.25,06:20:00,17:54:00
9870,1477256123,10/23/2016 12:00:00 AM,10:55:23,857.74,56.0,30.42,64.0,20.58,11.25,06:20:00,17:54:00
9871,1477255822,10/23/2016 12:00:00 AM,10:50:22,916.44,56.0,30.42,73.0,39.5,6.75,06:20:00,17:54:00
9872,1477255517,10/23/2016 12:00:00 AM,10:45:17,909.79,56.0,30.42,78.0,69.31,4.5,06:20:00,17:54:00
9873,1477255217,10/23/2016 12:00:00 AM,10:40:17,902.6,56.0,30.42,80.0,7.8,5.62,06:20:00,17:54:00
9874,1477254917,10/23/2016 12:00:00 AM,10:35:17,891.98,55.0,30.42,84.0,36.54,5.62,06:20:00,17:54:00
9875,1477254617,10/23/2016 12:00:00 AM,10:30:17,881.45,55.0,30.42,87.0,35.85,7.87,06:20:00,17:54:00
9876,1477254317,10/23/2016 12:00:00 AM,10:25:17,869.41,54.0,30.42,88.0,42.96,3.37,06:20:00,17:54:00
9877,1477254021,10/23/2016 12:00:00 AM,10:20:21,858.48,52.0,30.42,92.0,140.87,7.87,06:20:00,17:54:00
9878,1477253721,10/23/2016 12:00:00 AM,10:15:21,845.94,52.0,30.42,91.0,74.83,9.0,06:20:00,17:54:00
9879,1477253417,10/23/2016 12:00:00 AM,10:10:17,833.97,51.0,30.42,92.0,78.55,3.37,06:20:00,17:54:00
9880,1477253118,10/23/2016 12:00:00 AM,10:05:18,821.37,51.0,30.42,92.0,142.13,7.87,06:20:00,17:54:00
9881,1477252818,10/23/2016 12:00:00 AM,10:00:18,807.72,51.0,30.42,91.0,74.76,3.37,06:20:00,17:54:00
9882,1477252520,10/23/2016 12:00:00 AM,09:55:20,794.57,51.0,30.42,93.0,43.13,4.5,06:20:00,17:54:00
9883,1477252217,10/23/2016 12:00:00 AM,09:50:17,783.14,51.0,30.42,93.0,91.25,6.75,06:20:00,17:54:00
9884,1477251918,10/23/2016 12:00:00 AM,09:45:18,768.91,52.0,30.42,91.0,59.74,10.12,06:20:00,17:54:00
9885,1477251618,10/23/2016 12:00:00 AM,09:40:18,759.59,51.0,30.41,92.0,281.18,2.25,06:20:00,17:54:00
9886,1477251321,10/23/2016 12:00:00 AM,09:35:21,744.31,51.0,30.41,93.0,131.19,4.5,06:20:00,17:54:00
9887,1477251021,10/23/2016 12:00:00 AM,09:30:21,727.42,51.0,30.41,95.0,66.03,7.87,06:20:00,17:54:00
9888,1477250718,10/23/2016 12:00:00 AM,09:25:18,712.0,50.0,30.41,94.0,83.66,6.75,06:20:00,17:54:00
9889,1477250420,10/23/2016 12:00:00 AM,09:20:20,695.62,51.0,30.41,93.0,106.96,2.25,06:20:00,17:54:00
9890,1477250117,10/23/2016 12:00:00 AM,09:15:17,677.78,51.0,30.41,92.0,42.53,5.62,06:20:00,17:54:00
9891,1477249818,10/23/2016 12:00:00 AM,09:10:18,658.67,52.0,30.41,90.0,0.11,2.25,06:20:00,17:54:00
9892,1477249517,10/23/2016 12:00:00 AM,09:05:17,640.03,51.0,30.41,91.0,41.74,3.37,06:20:00,17:54:00
9893,1477249217,10/23/2016 12:00:00 AM,09:00:17,624.14,51.0,30.41,91.0,117.65,4.5,06:20:00,17:54:00
9894,1477248918,10/23/2016 12:00:00 AM,08:55:18,603.11,51.0,30.41,94.0,103.74,6.75,06:20:00,17:54:00
9895,1477248621,10/23/2016 12:00:00 AM,08:50:21,573.7,50.0,30.41,97.0,92.4,5.62,06:20:00,17:54:00
9896,1477248317,10/23/2016 12:00:00 AM,08:45:17,554.88,49.0,30.4,100.0,65.53,4.5,06:20:00,17:54:00
9897,1477248018,10/23/2016 12:00:00 AM,08:40:18,535.39,49.0,30.4,101.0,49.98,6.75,06:20:00,17:54:00
9898,1477247718,10/23/2016 12:00:00 AM,08:35:18,519.54,48.0,30.4,101.0,53.11,4.5,06:20:00,17:54:00
9899,1477247418,10/23/2016 12:00:00 AM,08:30:18,519.72,48.0,30.4,101.0,11.91,3.37,06:20:00,17:54:00
9900,1477247117,10/23/2016 12:00:00 AM,08:25:17,426.17,47.0,30.41,101.0,179.45,4.5,06:20:00,17:54:00
9901,1477246817,10/23/2016 12:00:00 AM,08:20:17,264.17,47.0,30.4,101.0,129.53,13.5,06:20:00,17:54:00
9902,1477246517,10/23/2016 12:00:00 AM,08:15:17,178.17,47.0,30.4,100.0,161.56,9.0,06:20:00,17:54:00
9903,1477246218,10/23/2016 12:00:00 AM,08:10:18,178.21,47.0,30.4,100.0,169.6,7.87,06:20:00,17:54:00
9904,1477245917,10/23/2016 12:00:00 AM,08:05:17,260.27,47.0,30.4,101.0,24.87,3.37,06:20:00,17:54:00
9905,1477245617,10/23/2016 12:00:00 AM,08:00:17,205.4,47.0,30.4,101.0,71.1,3.37,06:20:00,17:54:00
9906,1477245323,10/23/2016 12:00:00 AM,07:55:23,374.5,47.0,30.4,101.0,57.55,3.37,06:20:00,17:54:00
9907,1477245018,10/23/2016 12:00:00 AM,07:50:18,287.92,47.0,30.39,101.0,125.54,4.5,06:20:00,17:54:00
9908,1477244717,10/23/2016 12:00:00 AM,07:45:17,289.8,47.0,30.4,101.0,100.36,5.62,06:20:00,17:54:00
9909,1477244424,10/23/2016 12:00:00 AM,07:40:24,316.36,47.0,30.39,101.0,118.32,4.5,06:20:00,17:54:00
9910,1477244118,10/23/2016 12:00:00 AM,07:35:18,162.34,46.0,30.39,101.0,81.41,6.75,06:20:00,17:54:00
9911,1477243818,10/23/2016 12:00:00 AM,07:30:18,284.95,46.0,30.39,100.0,35.36,10.12,06:20:00,17:54:00
9912,1477243519,10/23/2016 12:00:00 AM,07:25:19,116.25,46.0,30.39,100.0,127.81,6.75,06:20:00,17:54:00
9913,1477243217,10/23/2016 12:00:00 AM,07:20:17,111.33,46.0,30.39,100.0,108.72,10.12,06:20:00,17:54:00
9914,1477242917,10/23/2016 12:00:00 AM,07:15:17,97.78,46.0,30.39,99.0,44.67,3.37,06:20:00,17:54:00
9915,1477242623,10/23/2016 12:00:00 AM,07:10:23,105.95,46.0,30.39,98.0,107.75,6.75,06:20:00,17:54:00
9916,1477242317,10/23/2016 12:00:00 AM,07:05:17,20.54,46.0,30.39,96.0,75.37,4.5,06:20:00,17:54:00
9917,1477242018,10/23/2016 12:00:00 AM,07:00:18,19.49,46.0,30.38,95.0,106.51,4.5,06:20:00,17:54:00
9918,1477241718,10/23/2016 12:00:00 AM,06:55:18,18.5,46.0,30.38,91.0,123.0,11.25,06:20:00,17:54:00
9919,1477241421,10/23/2016 12:00:00 AM,06:50:21,17.43,45.0,30.38,93.0,103.55,4.5,06:20:00,17:54:00
9920,1477241118,10/23/2016 12:00:00 AM,06:45:18,16.03,45.0,30.38,102.0,129.74,10.12,06:20:00,17:54:00
9921,1477240818,10/23/2016 12:00:00 AM,06:40:18,14.53,45.0,30.38,102.0,135.47,4.5,06:20:00,17:54:00
9922,1477240520,10/23/2016 12:00:00 AM,06:35:20,12.8,46.0,30.38,102.0,132.39,9.0,06:20:00,17:54:00
9923,1477240219,10/23/2016 12:00:00 AM,06:30:19,12.72,46.0,30.38,102.0,152.54,4.5,06:20:00,17:54:00
9924,1477239918,10/23/2016 12:00:00 AM,06:25:18,8.46,47.0,30.38,102.0,137.89,12.37,06:20:00,17:54:00
9925,1477239618,10/23/2016 12:00:00 AM,06:20:18,5.05,47.0,30.38,102.0,124.11,7.87,06:20:00,17:54:00
9926,1477239320,10/23/2016 12:00:00 AM,06:15:20,3.42,47.0,30.38,102.0,193.3,6.75,06:20:00,17:54:00
9927,1477239018,10/23/2016 12:00:00 AM,06:10:18,1.87,47.0,30.38,102.0,173.4,3.37,06:20:00,17:54:00
9928,1477238718,10/23/2016 12:00:00 AM,06:05:18,1.21,47.0,30.37,102.0,102.23,9.0,06:20:00,17:54:00
9929,1477238418,10/23/2016 12:00:00 AM,06:00:18,1.2,47.0,30.38,102.0,161.95,4.5,06:20:00,17:54:00
9930,1477238118,10/23/2016 12:00:00 AM,05:55:18,1.19,47.0,30.38,102.0,131.78,5.62,06:20:00,17:54:00
9931,1477237818,10/23/2016 12:00:00 AM,05:50:18,1.21,47.0,30.38,102.0,96.4,6.75,06:20:00,17:54:00
9932,1477237518,10/23/2016 12:00:00 AM,05:45:18,1.23,47.0,30.38,102.0,63.19,6.75,06:20:00,17:54:00
9933,1477237224,10/23/2016 12:00:00 AM,05:40:24,1.25,47.0,30.37,102.0,138.33,12.37,06:20:00,17:54:00
9934,1477236918,10/23/2016 12:00:00 AM,05:35:18,1.22,47.0,30.37,102.0,165.06,3.37,06:20:00,17:54:00
9935,1477236617,10/23/2016 12:00:00 AM,05:30:17,1.21,47.0,30.37,102.0,138.25,13.5,06:20:00,17:54:00
9936,1477236318,10/23/2016 12:00:00 AM,05:25:18,1.21,47.0,30.37,102.0,123.85,6.75,06:20:00,17:54:00
9937,1477236018,10/23/2016 12:00:00 AM,05:20:18,1.22,47.0,30.37,102.0,111.87,10.12,06:20:00,17:54:00
9938,1477235720,10/23/2016 12:00:00 AM,05:15:20,1.17,47.0,30.37,102.0,139.58,12.37,06:20:00,17:54:00
9939,1477235417,10/23/2016 12:00:00 AM,05:10:17,1.18,47.0,30.37,102.0,119.55,5.62,06:20:00,17:54:00
9940,1477235117,10/23/2016 12:00:00 AM,05:05:17,1.24,47.0,30.37,102.0,181.41,10.12,06:20:00,17:54:00
9941,1477234818,10/23/2016 12:00:00 AM,05:00:18,1.22,47.0,30.37,102.0,189.5,4.5,06:20:00,17:54:00
9942,1477234518,10/23/2016 12:00:00 AM,04:55:18,1.22,47.0,30.37,102.0,134.52,9.0,06:20:00,17:54:00
9943,1477234218,10/23/2016 12:00:00 AM,04:50:18,1.21,47.0,30.37,102.0,110.08,6.75,06:20:00,17:54:00
9944,1477233918,10/23/2016 12:00:00 AM,04:45:18,1.24,47.0,30.37,102.0,120.48,10.12,06:20:00,17:54:00
9945,1477233617,10/23/2016 12:00:00 AM,04:40:17,1.18,47.0,30.37,102.0,150.99,4.5,06:20:00,17:54:00
9946,1477233317,10/23/2016 12:00:00 AM,04:35:17,1.23,47.0,30.37,102.0,120.58,4.5,06:20:00,17:54:00
9947,1477233018,10/23/2016 12:00:00 AM,04:30:18,1.21,47.0,30.37,102.0,139.42,12.37,06:20:00,17:54:00
9948,1477232718,10/23/2016 12:00:00 AM,04:25:18,1.21,47.0,30.37,102.0,128.1,7.87,06:20:00,17:54:00
9949,1477232418,10/23/2016 12:00:00 AM,04:20:18,1.19,47.0,30.37,102.0,132.65,11.25,06:20:00,17:54:00
9950,1477232117,10/23/2016 12:00:00 AM,04:15:17,1.2,47.0,30.37,102.0,128.89,13.5,06:20:00,17:54:00
9951,1477231818,10/23/2016 12:00:00 AM,04:10:18,1.19,47.0,30.37,102.0,117.82,6.75,06:20:00,17:54:00
9952,1477231518,10/23/2016 12:00:00 AM,04:05:18,1.25,46.0,30.37,102.0,150.45,5.62,06:20:00,17:54:00
9953,1477231217,10/23/2016 12:00:00 AM,04:00:17,1.22,46.0,30.37,102.0,181.57,6.75,06:20:00,17:54:00
9954,1477230918,10/23/2016 12:00:00 AM,03:55:18,1.23,45.0,30.37,102.0,139.99,9.0,06:20:00,17:54:00
9955,1477230617,10/23/2016 12:00:00 AM,03:50:17,1.18,45.0,30.37,102.0,153.05,7.87,06:20:00,17:54:00
9956,1477230318,10/23/2016 12:00:00 AM,03:45:18,1.21,46.0,30.37,102.0,181.27,9.0,06:20:00,17:54:00
9957,1477230018,10/23/2016 12:00:00 AM,03:40:18,1.26,46.0,30.38,102.0,154.59,3.37,06:20:00,17:54:00
9958,1477229718,10/23/2016 12:00:00 AM,03:35:18,1.27,46.0,30.38,102.0,77.52,7.87,06:20:00,17:54:00
9959,1477229420,10/23/2016 12:00:00 AM,03:30:20,1.24,46.0,30.38,101.0,282.57,2.25,06:20:00,17:54:00
9960,1477229121,10/23/2016 12:00:00 AM,03:25:21,1.22,46.0,30.37,101.0,108.14,6.75,06:20:00,17:54:00
9961,1477228818,10/23/2016 12:00:00 AM,03:20:18,1.22,46.0,30.38,101.0,109.33,6.229096658193317,06:20:00,17:54:00
9962,1477228518,10/23/2016 12:00:00 AM,03:15:18,1.22,47.0,30.38,101.0,91.41,5.62,06:20:00,17:54:00
9963,1477228218,10/23/2016 12:00:00 AM,03:10:18,1.2,47.0,30.37,101.0,159.38,5.62,06:20:00,17:54:00
9964,1477227918,10/23/2016 12:00:00 AM,03:05:18,1.26,47.0,30.38,101.0,149.04,1.12,06:20:00,17:54:00
9965,1477227618,10/23/2016 12:00:00 AM,03:00:18,1.23,47.0,30.38,101.0,130.13,4.5,06:20:00,17:54:00
9966,1477227323,10/23/2016 12:00:00 AM,02:55:23,1.22,47.0,30.38,101.0,40.07,3.37,06:20:00,17:54:00
9967,1477227020,10/23/2016 12:00:00 AM,02:50:20,1.21,47.0,30.38,101.0,112.98,10.12,06:20:00,17:54:00
9968,1477226717,10/23/2016 12:00:00 AM,02:45:17,1.23,47.0,30.38,101.0,271.1,1.12,06:20:00,17:54:00
9969,1477226417,10/23/2016 12:00:00 AM,02:40:17,1.25,47.0,30.38,101.0,109.97,4.5,06:20:00,17:54:00
9970,1477226117,10/23/2016 12:00:00 AM,02:35:17,1.2,47.0,30.38,101.0,88.81,3.37,06:20:00,17:54:00
9971,1477225817,10/23/2016 12:00:00 AM,02:30:17,1.21,47.0,30.38,101.0,117.64,4.5,06:20:00,17:54:00
9972,1477225517,10/23/2016 12:00:00 AM,02:25:17,1.24,47.0,30.38,101.0,117.24,3.37,06:20:00,17:54:00
9973,1477225217,10/23/2016 12:00:00 AM,02:20:17,1.15,47.0,30.38,101.0,93.78,5.62,06:20:00,17:54:00
9974,1477224917,10/23/2016 12:00:00 AM,02:15:17,1.22,47.0,30.38,101.0,148.2,4.5,06:20:00,17:54:00
9975,1477224620,10/23/2016 12:00:00 AM,02:10:20,1.21,47.0,30.38,101.0,141.93,4.5,06:20:00,17:54:00
9976,1477224317,10/23/2016 12:00:00 AM,02:05:17,1.26,47.0,30.38,101.0,145.98,7.87,06:20:00,17:54:00
9977,1477224018,10/23/2016 12:00:00 AM,02:00:18,1.21,47.0,30.38,101.0,112.54,5.62,06:20:00,17:54:00
9978,1477223718,10/23/2016 12:00:00 AM,01:55:18,1.14,47.0,30.39,100.0,167.19,2.25,06:20:00,17:54:00
9979,1477223417,10/23/2016 12:00:00 AM,01:50:17,1.19,47.0,30.39,100.0,129.57,6.75,06:20:00,17:54:00
9980,1477223120,10/23/2016 12:00:00 AM,01:45:20,1.21,47.0,30.39,100.0,141.04,3.37,06:20:00,17:54:00
9981,1477222818,10/23/2016 12:00:00 AM,01:40:18,1.26,47.0,30.39,100.0,136.02,7.87,06:20:00,17:54:00
9982,1477222520,10/23/2016 12:00:00 AM,01:35:20,1.21,47.0,30.39,101.0,130.85,6.75,06:20:00,17:54:00
9983,1477222220,10/23/2016 12:00:00 AM,01:30:20,1.23,47.0,30.4,101.0,61.59,3.37,06:20:00,17:54:00
9984,1477221921,10/23/2016 12:00:00 AM,01:25:21,1.18,47.0,30.4,101.0,136.29,3.37,06:20:00,17:54:00
9985,1477221617,10/23/2016 12:00:00 AM,01:20:17,1.23,47.0,30.4,101.0,135.82,3.37,06:20:00,17:54:00
9986,1477221317,10/23/2016 12:00:00 AM,01:15:17,1.21,47.0,30.4,101.0,110.45,9.0,06:20:00,17:54:00
9987,1477221017,10/23/2016 12:00:00 AM,01:10:17,1.24,47.0,30.423028000868246,101.0,141.91,6.75,06:20:00,17:54:00
9988,1477220718,10/23/2016 12:00:00 AM,01:05:18,1.14,47.0,30.4,101.0,105.05,9.0,06:20:00,17:54:00
9989,1477220418,10/23/2016 12:00:00 AM,01:00:18,1.21,47.0,30.4,101.0,150.79,6.75,06:20:00,17:54:00
9990,1477220120,10/23/2016 12:00:00 AM,00:55:20,1.2,47.0,30.41,101.0,145.16,2.25,06:20:00,17:54:00
9991,1477219825,10/23/2016 12:00:00 AM,00:50:25,1.18,47.0,30.41,101.0,150.24,3.37,06:20:00,17:54:00
9992,1477219523,10/23/2016 12:00:00 AM,00:45:23,1.22,47.0,30.41,101.0,86.33,3.37,06:20:00,17:54:00
9993,1477219217,10/23/2016 12:00:00 AM,00:40:17,1.21,47.0,30.41,101.0,146.39,4.5,06:20:00,17:54:00
9994,1477218918,10/23/2016 12:00:00 AM,00:35:18,1.19,47.0,30.41,101.0,95.17,5.62,06:20:00,17:54:00
9995,1477218618,10/23/2016 12:00:00 AM,00:30:18,1.21,47.0,30.41,101.0,182.46,2.25,06:20:00,17:54:00
9996,1477218323,10/23/2016 12:00:00 AM,00:25:23,1.22,47.0,30.41,101.0,129.6,5.62,06:20:00,17:54:00
9997,1477218017,10/23/2016 12:00:00 AM,00:20:17,1.22,48.0,30.41,101.0,90.29,2.25,06:20:00,17:54:00
9998,1477217720,10/23/2016 12:00:00 AM,00:15:20,1.2,48.0,30.41,101.0,47.1,7.87,06:20:00,17:54:00
9999,1477217418,10/23/2016 12:00:00 AM,00:10:18,1.22,48.0,30.42,101.0,191.45,3.37,06:20:00,17:54:00
10000,1477216817,10/23/2016 12:00:00 AM,00:00:17,1.2,48.0,30.42,101.0,106.81,3.37,06:20:00,17:54:00
10001,1477216517,10/22/2016 12:00:00 AM,23:55:17,1.22,48.0,30.42,101.0,89.15,5.62,06:20:00,17:54:00
10002,1477216218,10/22/2016 12:00:00 AM,23:50:18,1.21,48.0,30.42,101.0,158.5,2.25,06:20:00,17:54:00
10003,1477215918,10/22/2016 12:00:00 AM,23:45:18,1.2,48.0,30.42,101.0,85.34,2.25,06:20:00,17:54:00
10004,1477215618,10/22/2016 12:00:00 AM,23:40:18,1.22,48.0,30.42,101.0,76.24,1.12,06:20:00,17:54:00
10005,1477215317,10/22/2016 12:00:00 AM,23:35:17,1.21,48.0,30.42,101.0,151.19,6.75,06:20:00,17:54:00
10006,1477215020,10/22/2016 12:00:00 AM,23:30:20,1.2,48.0,30.42,101.0,104.04,6.75,06:20:00,17:54:00
10007,1477214717,10/22/2016 12:00:00 AM,23:25:17,1.24,48.0,30.42,101.0,48.15,3.37,06:20:00,17:54:00
10008,1477214417,10/22/2016 12:00:00 AM,23:20:17,1.2,48.0,30.42,101.0,197.49,4.5,06:20:00,17:54:00
10009,1477214122,10/22/2016 12:00:00 AM,23:15:22,1.22,48.0,30.42,101.0,132.79,7.87,06:20:00,17:54:00
10010,1477213820,10/22/2016 12:00:00 AM,23:10:20,1.2,47.0,30.42,101.0,35.67,7.87,06:20:00,17:54:00
10011,1477213521,10/22/2016 12:00:00 AM,23:05:21,1.22,47.0,30.42,101.0,135.71,15.75,06:20:00,17:54:00
10012,1477213220,10/22/2016 12:00:00 AM,23:00:20,1.2,47.0,30.42,101.0,161.14,4.5,06:20:00,17:54:00
10013,1477212917,10/22/2016 12:00:00 AM,22:55:17,1.25,47.0,30.42,101.0,118.66,2.25,06:20:00,17:54:00
10014,1477212619,10/22/2016 12:00:00 AM,22:50:19,1.19,47.0,30.42,101.0,59.92,5.62,06:20:00,17:54:00
10015,1477212322,10/22/2016 12:00:00 AM,22:45:22,1.24,47.0,30.42,101.0,82.22,4.5,06:20:00,17:54:00
10016,1477212020,10/22/2016 12:00:00 AM,22:40:20,1.21,47.0,30.42,101.0,111.49,5.62,06:20:00,17:54:00
10017,1477211718,10/22/2016 12:00:00 AM,22:35:18,1.18,47.0,30.42,101.0,77.81,6.75,06:20:00,17:54:00
10018,1477211417,10/22/2016 12:00:00 AM,22:30:17,1.19,47.0,30.43,101.0,113.71,10.12,06:20:00,17:54:00
10019,1477211117,10/22/2016 12:00:00 AM,22:25:17,1.2,46.0,30.43,101.0,151.35,9.0,06:20:00,17:54:00
10020,1477210818,10/22/2016 12:00:00 AM,22:20:18,1.21,46.0,30.43,101.0,165.08,10.12,06:20:00,17:54:00
10021,1477210518,10/22/2016 12:00:00 AM,22:15:18,1.19,46.0,30.43,101.0,103.97,9.0,06:20:00,17:54:00
10022,1477210217,10/22/2016 12:00:00 AM,22:10:17,1.21,46.0,30.43,101.0,141.92,6.75,06:20:00,17:54:00
10023,1477209920,10/22/2016 12:00:00 AM,22:05:20,1.13,47.0,30.43,101.0,64.9,4.5,06:20:00,17:54:00
10024,1477209624,10/22/2016 12:00:00 AM,22:00:24,1.26,47.0,30.42,101.0,90.06,5.62,06:20:00,17:54:00
10025,1477209318,10/22/2016 12:00:00 AM,21:55:18,1.24,47.0,30.43,101.0,37.08,2.25,06:20:00,17:54:00
10026,1477209020,10/22/2016 12:00:00 AM,21:50:20,1.21,48.0,30.43,101.0,121.45,6.75,06:20:00,17:54:00
10027,1477208717,10/22/2016 12:00:00 AM,21:45:17,1.22,47.0,30.43,101.0,151.69,6.75,06:20:00,17:54:00
10028,1477208418,10/22/2016 12:00:00 AM,21:40:18,1.2,47.0,30.43,101.0,118.87,12.37,06:20:00,17:54:00
10029,1477208120,10/22/2016 12:00:00 AM,21:35:20,1.24,47.0,30.44,101.0,109.46,3.37,06:20:00,17:54:00
10030,1477207817,10/22/2016 12:00:00 AM,21:30:17,1.2,47.0,30.43,101.0,133.82,9.0,06:20:00,17:54:00
10031,1477207517,10/22/2016 12:00:00 AM,21:25:17,1.19,47.0,30.43,101.0,142.65,7.87,06:20:00,17:54:00
10032,1477207224,10/22/2016 12:00:00 AM,21:20:24,1.21,47.0,30.43,101.0,125.12,6.75,06:20:00,17:54:00
10033,1477206918,10/22/2016 12:00:00 AM,21:15:18,1.22,47.0,30.43,101.0,71.41,5.62,06:20:00,17:54:00
10034,1477206618,10/22/2016 12:00:00 AM,21:10:18,1.19,48.0,30.43,101.0,153.51,6.75,06:20:00,17:54:00
10035,1477206317,10/22/2016 12:00:00 AM,21:05:17,1.24,48.0,30.43,101.0,232.52,3.37,06:20:00,17:54:00
10036,1477206018,10/22/2016 12:00:00 AM,21:00:18,1.22,48.0,30.43,101.0,166.57,2.25,06:20:00,17:54:00
10037,1477205717,10/22/2016 12:00:00 AM,20:55:17,1.22,48.0,30.43,101.0,130.69,10.12,06:20:00,17:54:00
10038,1477205420,10/22/2016 12:00:00 AM,20:50:20,1.22,48.0,30.43,101.0,75.06,7.87,06:20:00,17:54:00
10039,1477205117,10/22/2016 12:00:00 AM,20:45:17,1.21,48.0,30.43,101.0,112.28,6.75,06:20:00,17:54:00
10040,1477204817,10/22/2016 12:00:00 AM,20:40:17,1.22,48.0,30.42,101.0,133.83,6.75,06:20:00,17:54:00
10041,1477204518,10/22/2016 12:00:00 AM,20:35:18,1.21,48.0,30.42,101.0,158.34,6.229096658193317,06:20:00,17:54:00
10042,1477204218,10/22/2016 12:00:00 AM,20:30:18,1.22,48.0,30.42,101.0,157.85,5.62,06:20:00,17:54:00
10043,1477203924,10/22/2016 12:00:00 AM,20:25:24,1.2,48.0,30.42,101.0,94.54,11.25,06:20:00,17:54:00
10044,1477203619,10/22/2016 12:00:00 AM,20:20:19,1.21,48.0,30.42,101.0,153.53,6.75,06:20:00,17:54:00
10045,1477203318,10/22/2016 12:00:00 AM,20:15:18,1.2,48.0,30.42,101.0,122.29,9.0,06:20:00,17:54:00
10046,1477203019,10/22/2016 12:00:00 AM,20:10:19,1.21,48.0,30.42,100.0,123.02,9.0,06:20:00,17:54:00
10047,1477202718,10/22/2016 12:00:00 AM,20:05:18,1.21,48.0,30.42,100.0,168.38,6.75,06:20:00,17:54:00
10048,1477202417,10/22/2016 12:00:00 AM,20:00:17,1.2,48.0,30.42,100.0,147.7,13.5,06:20:00,17:54:00
10049,1477202120,10/22/2016 12:00:00 AM,19:55:20,1.22,48.0,30.42,100.0,132.88,10.12,06:20:00,17:54:00
10050,1477201821,10/22/2016 12:00:00 AM,19:50:21,1.2,48.0,30.42,100.0,114.42,6.75,06:20:00,17:54:00
10051,1477201517,10/22/2016 12:00:00 AM,19:45:17,1.22,47.0,30.42,100.0,145.77,6.75,06:20:00,17:54:00
10052,1477201218,10/22/2016 12:00:00 AM,19:40:18,1.19,47.0,30.42,100.0,35.92,4.5,06:20:00,17:54:00
10053,1477200920,10/22/2016 12:00:00 AM,19:35:20,1.2,47.0,30.42,100.0,86.46,5.62,06:20:00,17:54:00
10054,1477200620,10/22/2016 12:00:00 AM,19:30:20,1.25,47.0,30.42,99.0,131.01,7.87,06:20:00,17:54:00
10055,1477200317,10/22/2016 12:00:00 AM,19:25:17,1.21,48.0,30.42,99.0,106.25,3.37,06:20:00,17:54:00
10056,1477200018,10/22/2016 12:00:00 AM,19:20:18,1.22,48.0,30.42,99.0,51.92,7.87,06:20:00,17:54:00
10057,1477199721,10/22/2016 12:00:00 AM,19:15:21,1.21,48.0,30.41,99.0,128.01,10.12,06:20:00,17:54:00
10058,1477199420,10/22/2016 12:00:00 AM,19:10:20,1.19,48.0,30.41,98.0,102.57,3.37,06:20:00,17:54:00
10059,1477199118,10/22/2016 12:00:00 AM,19:05:18,1.19,48.0,30.41,98.0,134.04,11.25,06:20:00,17:54:00
10060,1477198820,10/22/2016 12:00:00 AM,19:00:20,1.22,47.0,30.41,97.0,48.35,4.5,06:20:00,17:54:00
10061,1477198517,10/22/2016 12:00:00 AM,18:55:17,1.21,47.0,30.41,97.0,123.61,10.12,06:20:00,17:54:00
10062,1477198217,10/22/2016 12:00:00 AM,18:50:17,1.22,47.0,30.41,97.0,100.21,2.25,06:20:00,17:54:00
10063,1477197918,10/22/2016 12:00:00 AM,18:45:18,1.22,47.0,30.41,97.0,161.73,6.75,06:20:00,17:54:00
10064,1477197618,10/22/2016 12:00:00 AM,18:40:18,1.21,47.0,30.41,97.0,139.98,7.87,06:20:00,17:54:00
10065,1477197317,10/22/2016 12:00:00 AM,18:35:17,1.22,47.0,30.41,97.0,145.51,4.5,06:20:00,17:54:00
10066,1477197020,10/22/2016 12:00:00 AM,18:30:20,1.24,47.0,30.4,97.0,162.83,9.0,06:20:00,17:54:00
10067,1477196718,10/22/2016 12:00:00 AM,18:25:18,1.21,47.0,30.4,96.0,141.28,6.75,06:20:00,17:54:00
10068,1477196420,10/22/2016 12:00:00 AM,18:20:20,1.21,47.0,30.4,96.0,134.4,9.0,06:20:00,17:54:00
10069,1477196120,10/22/2016 12:00:00 AM,18:15:20,1.18,47.0,30.4,94.0,149.54,5.62,06:20:00,17:54:00
10070,1477195817,10/22/2016 12:00:00 AM,18:10:17,1.22,47.0,30.4,93.0,130.62,9.0,06:20:00,17:54:00
10071,1477195518,10/22/2016 12:00:00 AM,18:05:18,1.32,47.0,30.4,94.0,138.94,6.75,06:20:00,17:54:00
10072,1477195218,10/22/2016 12:00:00 AM,18:00:18,1.81,47.0,30.4,94.0,184.95,9.0,06:20:00,17:54:00
10073,1477194918,10/22/2016 12:00:00 AM,17:55:18,2.38,48.0,30.4,93.0,157.06,2.25,06:20:00,17:54:00
10074,1477194617,10/22/2016 12:00:00 AM,17:50:17,3.5,48.0,30.4,92.0,69.86,2.25,06:20:00,17:54:00
10075,1477194318,10/22/2016 12:00:00 AM,17:45:18,7.4,48.0,30.4,89.0,101.56,6.75,06:20:00,17:54:00
10076,1477194017,10/22/2016 12:00:00 AM,17:40:17,9.96,48.0,30.4,88.0,166.2,5.62,06:20:00,17:54:00
10077,1477193720,10/22/2016 12:00:00 AM,17:35:20,14.19,49.0,30.4,88.0,136.91,3.37,06:20:00,17:54:00
10078,1477193418,10/22/2016 12:00:00 AM,17:30:18,35.37,49.0,30.4,88.0,131.02,15.75,06:20:00,17:54:00
10079,1477193117,10/22/2016 12:00:00 AM,17:25:17,54.8,50.0,30.4,88.0,111.45,9.0,06:20:00,17:54:00
10080,1477192820,10/22/2016 12:00:00 AM,17:20:20,124.16,50.0,30.39,86.0,117.93,10.12,06:20:00,17:54:00
10081,1477192518,10/22/2016 12:00:00 AM,17:15:18,144.19,51.0,30.39,86.0,179.24,7.87,06:20:00,17:54:00
10082,1477192220,10/22/2016 12:00:00 AM,17:10:20,134.94,51.0,30.39,86.0,87.81,3.37,06:20:00,17:54:00
10083,1477191918,10/22/2016 12:00:00 AM,17:05:18,272.73,51.0,30.39,86.0,113.23,9.0,06:20:00,17:54:00
10084,1477191618,10/22/2016 12:00:00 AM,17:00:18,275.04,51.0,30.39,87.0,97.35,3.37,06:20:00,17:54:00
10085,1477191318,10/22/2016 12:00:00 AM,16:55:18,237.22,50.0,30.39,86.0,156.09,2.25,06:20:00,17:54:00
10086,1477191018,10/22/2016 12:00:00 AM,16:50:18,71.34,50.0,30.38,86.0,136.68,6.75,06:20:00,17:54:00
10087,1477190717,10/22/2016 12:00:00 AM,16:45:17,273.89,50.0,30.39,88.0,76.77,5.62,06:20:00,17:54:00
10088,1477190418,10/22/2016 12:00:00 AM,16:40:18,84.74,51.0,30.423028000868246,86.0,111.65,7.87,06:20:00,17:54:00
10089,1477190119,10/22/2016 12:00:00 AM,16:35:19,206.89,52.0,30.39,86.0,2.6,6.75,06:20:00,17:54:00
10090,1477189820,10/22/2016 12:00:00 AM,16:30:20,449.08,52.0,30.38,84.0,129.45,10.12,06:20:00,17:54:00
10091,1477189517,10/22/2016 12:00:00 AM,16:25:17,451.7,52.0,30.38,85.0,97.87,5.62,06:20:00,17:54:00
10092,1477189218,10/22/2016 12:00:00 AM,16:20:18,475.45,52.0,30.38,87.0,107.36,3.37,06:20:00,17:54:00
10093,1477188920,10/22/2016 12:00:00 AM,16:15:20,538.73,52.0,30.38,86.0,163.61,5.62,06:20:00,17:54:00
10094,1477188621,10/22/2016 12:00:00 AM,16:10:21,349.59,51.0,30.38,87.0,65.84,3.37,06:20:00,17:54:00
10095,1477188317,10/22/2016 12:00:00 AM,16:05:17,131.59,53.0,30.38,87.0,67.47,9.0,06:20:00,17:54:00
10096,1477188020,10/22/2016 12:00:00 AM,16:00:20,396.8,53.0,30.38,84.0,94.09,6.75,06:20:00,17:54:00
10097,1477187720,10/22/2016 12:00:00 AM,15:55:20,589.56,53.0,30.38,83.0,105.22,13.5,06:20:00,17:54:00
10098,1477187418,10/22/2016 12:00:00 AM,15:50:18,614.11,53.0,30.38,81.0,58.52,5.62,06:20:00,17:54:00
10099,1477187118,10/22/2016 12:00:00 AM,15:45:18,200.8,53.0,30.38,82.0,324.03,3.37,06:20:00,17:54:00
10100,1477186821,10/22/2016 12:00:00 AM,15:40:21,606.99,53.0,30.38,74.83719267708949,44.26,10.12,06:20:00,17:54:00
10101,1477186518,10/22/2016 12:00:00 AM,15:35:18,526.03,53.0,30.37,83.0,184.1,6.75,06:20:00,17:54:00
10102,1477186217,10/22/2016 12:00:00 AM,15:30:17,566.93,53.0,30.423028000868246,85.0,96.2,3.37,06:20:00,17:54:00
10103,1477185918,10/22/2016 12:00:00 AM,15:25:18,610.19,53.0,30.37,85.0,205.41,3.37,06:20:00,17:54:00
10104,1477185618,10/22/2016 12:00:00 AM,15:20:18,621.89,53.0,30.37,83.0,60.27,7.87,06:20:00,17:54:00
10105,1477185320,10/22/2016 12:00:00 AM,15:15:20,634.86,53.0,30.37,84.0,141.8,7.87,06:20:00,17:54:00
10106,1477185017,10/22/2016 12:00:00 AM,15:10:17,168.78,54.0,30.37,83.0,24.88,14.62,06:20:00,17:54:00
10107,1477184717,10/22/2016 12:00:00 AM,15:05:17,669.0,54.0,30.37,81.0,90.38,12.37,06:20:00,17:54:00
10108,1477184418,10/22/2016 12:00:00 AM,15:00:18,682.62,54.0,30.37,83.0,123.93,5.62,06:20:00,17:54:00
10109,1477184118,10/22/2016 12:00:00 AM,14:55:18,694.92,54.0,30.37,83.0,100.58,13.5,06:20:00,17:54:00
10110,1477183818,10/22/2016 12:00:00 AM,14:50:18,712.12,54.0,30.37,82.0,92.67,9.0,06:20:00,17:54:00
10111,1477183518,10/22/2016 12:00:00 AM,14:45:18,730.74,54.0,30.37,78.0,33.86,4.5,06:20:00,17:54:00
10112,1477183218,10/22/2016 12:00:00 AM,14:40:18,756.56,55.0,30.37,84.0,55.23,3.37,06:20:00,17:54:00
10113,1477182918,10/22/2016 12:00:00 AM,14:35:18,752.07,55.0,30.37,80.0,84.01,9.0,06:20:00,17:54:00
10114,1477182617,10/22/2016 12:00:00 AM,14:30:17,767.76,55.0,30.37,78.0,90.12,5.62,06:20:00,17:54:00
10115,1477182320,10/22/2016 12:00:00 AM,14:25:20,772.72,55.0,30.37,80.0,33.42,2.25,06:20:00,17:54:00
10116,1477182018,10/22/2016 12:00:00 AM,14:20:18,803.44,55.0,30.37,80.0,125.82,4.5,06:20:00,17:54:00
10117,1477181718,10/22/2016 12:00:00 AM,14:15:18,809.26,55.0,30.37,79.0,127.14,6.75,06:20:00,17:54:00
10118,1477181418,10/22/2016 12:00:00 AM,14:10:18,819.52,56.0,30.37,79.0,113.1,4.5,06:20:00,17:54:00
10119,1477181118,10/22/2016 12:00:00 AM,14:05:18,861.2,56.0,30.37,78.0,60.85,5.62,06:20:00,17:54:00
10120,1477180817,10/22/2016 12:00:00 AM,14:00:17,860.88,55.0,30.37,76.0,78.93,3.37,06:20:00,17:54:00
10121,1477180521,10/22/2016 12:00:00 AM,13:55:21,870.19,56.0,30.37,77.0,55.35,4.5,06:20:00,17:54:00
10122,1477180217,10/22/2016 12:00:00 AM,13:50:17,878.97,57.0,30.38,76.0,32.72,6.75,06:20:00,17:54:00
10123,1477179918,10/22/2016 12:00:00 AM,13:45:18,866.88,56.0,30.37,73.0,42.27,4.5,06:20:00,17:54:00
10124,1477179618,10/22/2016 12:00:00 AM,13:40:18,892.21,57.0,30.38,70.0,12.21,3.37,06:20:00,17:54:00
10125,1477179318,10/22/2016 12:00:00 AM,13:35:18,854.19,56.0,30.38,69.0,156.34,7.87,06:20:00,17:54:00
10126,1477179024,10/22/2016 12:00:00 AM,13:30:24,908.88,57.0,30.38,69.0,82.04,5.62,06:20:00,17:54:00
10127,1477178719,10/22/2016 12:00:00 AM,13:25:19,920.12,56.0,30.38,73.0,80.16,7.87,06:20:00,17:54:00
10128,1477178418,10/22/2016 12:00:00 AM,13:20:18,926.69,56.0,30.38,72.0,21.02,3.37,06:20:00,17:54:00
10129,1477178118,10/22/2016 12:00:00 AM,13:15:18,930.88,56.0,30.39,65.0,76.24,4.5,06:20:00,17:54:00
10130,1477177818,10/22/2016 12:00:00 AM,13:10:18,945.03,56.0,30.39,69.0,67.69,2.25,06:20:00,17:54:00
10131,1477177518,10/22/2016 12:00:00 AM,13:05:18,944.03,56.0,30.39,66.0,68.24,7.87,06:20:00,17:54:00
10132,1477177217,10/22/2016 12:00:00 AM,13:00:17,956.06,56.0,30.39,67.0,113.55,2.25,06:20:00,17:54:00
10133,1477176917,10/22/2016 12:00:00 AM,12:55:17,960.92,57.0,30.39,63.0,359.91,5.62,06:20:00,17:54:00
10134,1477176617,10/22/2016 12:00:00 AM,12:50:17,962.52,57.0,30.39,56.0,127.91,6.75,06:20:00,17:54:00
10135,1477176318,10/22/2016 12:00:00 AM,12:45:18,969.87,57.0,30.39,62.0,106.63,11.25,06:20:00,17:54:00
10136,1477176017,10/22/2016 12:00:00 AM,12:40:17,972.02,57.0,30.39,53.0,157.63,3.37,06:20:00,17:54:00
10137,1477175718,10/22/2016 12:00:00 AM,12:35:18,979.83,57.0,30.4,55.0,135.42,3.37,06:20:00,17:54:00
10138,1477175418,10/22/2016 12:00:00 AM,12:30:18,980.34,56.0,30.4,59.0,136.28,9.0,06:20:00,17:54:00
10139,1477175118,10/22/2016 12:00:00 AM,12:25:18,983.37,56.0,30.4,62.0,70.46,6.75,06:20:00,17:54:00
10140,1477174819,10/22/2016 12:00:00 AM,12:20:19,984.4,56.0,30.4,71.0,58.38,3.37,06:20:00,17:54:00
10141,1477174518,10/22/2016 12:00:00 AM,12:15:18,979.48,57.0,30.4,66.0,97.19,5.62,06:20:00,17:54:00
10142,1477174220,10/22/2016 12:00:00 AM,12:10:20,987.02,57.0,30.4,62.0,44.16,5.62,06:20:00,17:54:00
10143,1477173918,10/22/2016 12:00:00 AM,12:05:18,988.93,56.0,30.4,69.0,116.52,7.87,06:20:00,17:54:00
10144,1477173617,10/22/2016 12:00:00 AM,12:00:17,984.86,56.0,30.4,68.0,32.53,10.12,06:20:00,17:54:00
10145,1477173318,10/22/2016 12:00:00 AM,11:55:18,982.99,57.0,30.41,72.0,66.1,7.87,06:20:00,17:54:00
10146,1477173018,10/22/2016 12:00:00 AM,11:50:18,986.11,57.0,30.423028000868246,62.0,53.31,4.5,06:20:00,17:54:00
10147,1477172718,10/22/2016 12:00:00 AM,11:45:18,978.62,57.0,30.41,55.0,132.39,6.75,06:20:00,17:54:00
10148,1477172420,10/22/2016 12:00:00 AM,11:40:20,963.72,57.0,30.41,57.0,22.36,4.5,06:20:00,17:54:00
10149,1477172118,10/22/2016 12:00:00 AM,11:35:18,971.43,58.0,30.41,54.0,7.24,3.37,06:20:00,17:54:00
10150,1477171817,10/22/2016 12:00:00 AM,11:30:17,971.48,58.0,30.41,51.0,123.52,7.87,06:20:00,17:54:00
10151,1477171518,10/22/2016 12:00:00 AM,11:25:18,967.35,57.0,30.41,46.0,150.02,4.5,06:20:00,17:54:00
10152,1477171218,10/22/2016 12:00:00 AM,11:20:18,960.66,57.0,30.41,47.0,54.19,2.25,06:20:00,17:54:00
10153,1477170918,10/22/2016 12:00:00 AM,11:15:18,956.4,57.0,30.42,49.0,66.43,7.87,06:20:00,17:54:00
10154,1477170618,10/22/2016 12:00:00 AM,11:10:18,951.43,57.0,30.42,40.0,106.84,13.5,06:20:00,17:54:00
10155,1477170318,10/22/2016 12:00:00 AM,11:05:18,943.48,56.0,30.42,57.0,150.34,3.37,06:20:00,17:54:00
10156,1477170018,10/22/2016 12:00:00 AM,11:00:18,930.91,56.0,30.42,53.0,72.36,5.62,06:20:00,17:54:00
10157,1477169718,10/22/2016 12:00:00 AM,10:55:18,929.05,57.0,30.42,71.0,91.47,5.62,06:20:00,17:54:00
10158,1477169419,10/22/2016 12:00:00 AM,10:50:19,924.83,56.0,30.42,69.0,124.5,4.5,06:20:00,17:54:00
10159,1477169118,10/22/2016 12:00:00 AM,10:45:18,913.54,55.0,30.42,62.0,94.21,2.25,06:20:00,17:54:00
10160,1477168819,10/22/2016 12:00:00 AM,10:40:19,893.58,55.0,30.42,62.0,351.97,3.37,06:20:00,17:54:00
10161,1477168517,10/22/2016 12:00:00 AM,10:35:17,896.39,54.0,30.42,79.0,125.21,1.12,06:20:00,17:54:00
10162,1477168218,10/22/2016 12:00:00 AM,10:30:18,887.6,55.0,30.42,78.0,80.55,5.62,06:20:00,17:54:00
10163,1477167920,10/22/2016 12:00:00 AM,10:25:20,877.56,54.0,30.42,71.0,134.44,3.37,06:20:00,17:54:00
10164,1477167619,10/22/2016 12:00:00 AM,10:20:19,865.51,53.0,30.42,86.0,52.8,7.87,06:20:00,17:54:00
10165,1477167318,10/22/2016 12:00:00 AM,10:15:18,852.05,52.0,30.42,101.0,133.97,3.37,06:20:00,17:54:00
10166,1477167018,10/22/2016 12:00:00 AM,10:10:18,837.01,51.0,30.42,102.0,139.18,7.87,06:20:00,17:54:00
10167,1477166717,10/22/2016 12:00:00 AM,10:05:17,824.38,51.0,30.42,102.0,115.52,6.229096658193317,06:20:00,17:54:00
10168,1477166420,10/22/2016 12:00:00 AM,10:00:20,645.36,51.0,30.42,102.0,175.99,1.12,06:20:00,17:54:00
10169,1477166118,10/22/2016 12:00:00 AM,09:55:18,809.31,51.0,30.42,102.0,124.26,7.87,06:20:00,17:54:00
10170,1477165818,10/22/2016 12:00:00 AM,09:50:18,626.62,51.0,30.42,102.0,73.41,6.75,06:20:00,17:54:00
10171,1477165518,10/22/2016 12:00:00 AM,09:45:18,594.85,51.0,30.42,103.0,71.58,4.5,06:20:00,17:54:00
10172,1477165221,10/22/2016 12:00:00 AM,09:40:21,738.26,50.0,30.42,102.0,136.8,9.0,06:20:00,17:54:00
10173,1477164918,10/22/2016 12:00:00 AM,09:35:18,675.59,50.0,30.42,102.0,138.39,5.62,06:20:00,17:54:00
10174,1477164618,10/22/2016 12:00:00 AM,09:30:18,516.7,50.0,30.42,102.0,83.08,4.5,06:20:00,17:54:00
10175,1477164318,10/22/2016 12:00:00 AM,09:25:18,694.2,50.0,30.42,102.0,131.61,5.62,06:20:00,17:54:00
10176,1477164018,10/22/2016 12:00:00 AM,09:20:18,677.21,50.0,30.42,102.0,82.81,5.62,06:20:00,17:54:00
10177,1477163718,10/22/2016 12:00:00 AM,09:15:18,225.26,49.0,30.42,102.0,100.84,5.62,06:20:00,17:54:00
10178,1477163418,10/22/2016 12:00:00 AM,09:10:18,516.93,49.0,30.42,102.0,144.27,3.37,06:20:00,17:54:00
10179,1477163118,10/22/2016 12:00:00 AM,09:05:18,285.1,51.16507236474315,30.42,102.0,67.75,5.62,06:20:00,17:54:00
10180,1477162821,10/22/2016 12:00:00 AM,09:00:21,322.99,49.0,30.42,102.0,115.63,2.25,06:20:00,17:54:00
10181,1477162518,10/22/2016 12:00:00 AM,08:55:18,430.01,48.0,30.42,102.0,125.95,7.87,06:20:00,17:54:00
10182,1477162220,10/22/2016 12:00:00 AM,08:50:20,229.96,48.0,30.42,102.0,81.2,5.62,06:20:00,17:54:00
10183,1477161917,10/22/2016 12:00:00 AM,08:45:17,272.59,48.0,30.43,102.0,70.73,10.12,06:20:00,17:54:00
10184,1477161618,10/22/2016 12:00:00 AM,08:40:18,388.87,48.0,30.42,102.0,80.68,6.75,06:20:00,17:54:00
10185,1477161320,10/22/2016 12:00:00 AM,08:35:20,407.0,48.0,30.42,102.0,45.41,4.5,06:20:00,17:54:00
10186,1477161020,10/22/2016 12:00:00 AM,08:30:20,392.12,48.0,30.42,102.0,87.17,4.5,06:20:00,17:54:00
10187,1477160717,10/22/2016 12:00:00 AM,08:25:17,219.22,48.0,30.42,102.0,70.74,6.75,06:20:00,17:54:00
10188,1477160417,10/22/2016 12:00:00 AM,08:20:17,280.28,48.0,30.42,102.0,73.83,5.62,06:20:00,17:54:00
10189,1477160120,10/22/2016 12:00:00 AM,08:15:20,232.63,48.0,30.42,102.0,86.37,4.5,06:20:00,17:54:00
10190,1477159818,10/22/2016 12:00:00 AM,08:10:18,160.92,48.0,30.42,102.0,90.57,5.62,06:20:00,17:54:00
10191,1477159519,10/22/2016 12:00:00 AM,08:05:19,234.8,48.0,30.42,102.0,86.67,4.5,06:20:00,17:54:00
10192,1477159217,10/22/2016 12:00:00 AM,08:00:17,184.83,48.0,30.42,102.0,137.06,5.62,06:20:00,17:54:00
10193,1477158917,10/22/2016 12:00:00 AM,07:55:17,152.22,48.0,30.42,102.0,66.85,5.62,06:20:00,17:54:00
10194,1477158618,10/22/2016 12:00:00 AM,07:50:18,148.39,47.0,30.42,102.0,155.61,7.87,06:20:00,17:54:00
10195,1477158318,10/22/2016 12:00:00 AM,07:45:18,119.37,47.0,30.42,102.0,123.98,3.37,06:20:00,17:54:00
10196,1477158018,10/22/2016 12:00:00 AM,07:40:18,100.79,47.0,30.42,102.0,54.89,11.25,06:20:00,17:54:00
10197,1477157720,10/22/2016 12:00:00 AM,07:35:20,78.02,48.0,30.42,102.0,57.03,6.75,06:20:00,17:54:00
10198,1477157417,10/22/2016 12:00:00 AM,07:30:17,88.48,48.0,30.42,102.0,83.64,3.37,06:20:00,17:54:00
10199,1477157118,10/22/2016 12:00:00 AM,07:25:18,64.2,48.0,30.41,102.0,118.46,1.12,06:20:00,17:54:00
10200,1477156820,10/22/2016 12:00:00 AM,07:20:20,79.72,51.16507236474315,30.41,102.0,121.12,2.25,06:20:00,17:54:00
10201,1477156518,10/22/2016 12:00:00 AM,07:15:18,70.35,48.0,30.42,102.0,139.71,1.12,06:20:00,17:54:00
10202,1477156220,10/22/2016 12:00:00 AM,07:10:20,70.39,48.0,30.41,102.0,134.81,4.5,06:20:00,17:54:00
10203,1477155920,10/22/2016 12:00:00 AM,07:05:20,70.21,48.0,30.41,102.0,71.87,6.75,06:20:00,17:54:00
10204,1477155620,10/22/2016 12:00:00 AM,07:00:20,43.54,48.0,30.41,102.0,90.18,2.25,06:20:00,17:54:00
10205,1477155317,10/22/2016 12:00:00 AM,06:55:17,39.79,48.0,30.41,102.0,54.1,3.37,06:20:00,17:54:00
10206,1477155018,10/22/2016 12:00:00 AM,06:50:18,29.51,48.0,30.41,102.0,109.45,2.25,06:20:00,17:54:00
10207,1477154720,10/22/2016 12:00:00 AM,06:45:20,21.75,48.0,30.41,102.0,111.36,4.5,06:20:00,17:54:00
10208,1477154418,10/22/2016 12:00:00 AM,06:40:18,17.58,48.0,30.41,102.0,85.65,1.12,06:20:00,17:54:00
10209,1477154117,10/22/2016 12:00:00 AM,06:35:17,11.44,48.0,30.41,102.0,126.87,5.62,06:20:00,17:54:00
10210,1477153817,10/22/2016 12:00:00 AM,06:30:17,7.83,48.0,30.41,102.0,65.09,2.25,06:20:00,17:54:00
10211,1477153517,10/22/2016 12:00:00 AM,06:25:17,6.23,48.0,30.41,102.0,65.63,2.25,06:20:00,17:54:00
10212,1477153217,10/22/2016 12:00:00 AM,06:20:17,4.82,48.0,30.41,102.0,57.12,4.5,06:20:00,17:54:00
10213,1477152917,10/22/2016 12:00:00 AM,06:15:17,3.33,48.0,30.41,102.0,143.54770303349548,2.25,06:20:00,17:54:00
10214,1477152618,10/22/2016 12:00:00 AM,06:10:18,2.02,48.0,30.41,102.0,56.39,5.62,06:20:00,17:54:00
10215,1477152318,10/22/2016 12:00:00 AM,06:05:18,1.23,51.16507236474315,30.4,102.0,60.73,4.5,06:20:00,17:54:00
10216,1477152018,10/22/2016 12:00:00 AM,06:00:18,1.19,48.0,30.4,102.0,83.16,4.5,06:20:00,17:54:00
10217,1477151720,10/22/2016 12:00:00 AM,05:55:20,1.24,49.0,30.4,102.0,70.69,5.62,06:20:00,17:54:00
10218,1477151418,10/22/2016 12:00:00 AM,05:50:18,1.23,49.0,30.4,102.0,82.08,4.5,06:20:00,17:54:00
10219,1477151120,10/22/2016 12:00:00 AM,05:45:20,1.23,49.0,30.4,102.0,47.04,2.25,06:20:00,17:54:00
10220,1477150818,10/22/2016 12:00:00 AM,05:40:18,1.22,49.0,30.4,102.0,87.91,2.25,06:20:00,17:54:00
10221,1477150518,10/22/2016 12:00:00 AM,05:35:18,1.23,49.0,30.4,102.0,135.03,1.12,06:20:00,17:54:00
10222,1477150217,10/22/2016 12:00:00 AM,05:30:17,1.24,49.0,30.4,102.0,90.54,2.25,06:20:00,17:54:00
10223,1477149918,10/22/2016 12:00:00 AM,05:25:18,1.23,49.0,30.4,102.0,88.59,2.25,06:20:00,17:54:00
10224,1477149618,10/22/2016 12:00:00 AM,05:20:18,1.2,49.0,30.4,102.0,83.19,3.37,06:20:00,17:54:00
10225,1477149317,10/22/2016 12:00:00 AM,05:15:17,1.21,49.0,30.4,102.0,7.96,3.37,06:20:00,17:54:00
10226,1477149018,10/22/2016 12:00:00 AM,05:10:18,1.22,49.0,30.4,102.0,348.35,2.25,06:20:00,17:54:00
10227,1477148720,10/22/2016 12:00:00 AM,05:05:20,1.23,49.0,30.4,102.0,68.46,6.75,06:20:00,17:54:00
10228,1477148420,10/22/2016 12:00:00 AM,05:00:20,1.23,49.0,30.4,102.0,36.82,2.25,06:20:00,17:54:00
10229,1477148117,10/22/2016 12:00:00 AM,04:55:17,1.2,49.0,30.4,102.0,113.57,4.5,06:20:00,17:54:00
10230,1477147818,10/22/2016 12:00:00 AM,04:50:18,1.22,49.0,30.4,102.0,96.12,2.25,06:20:00,17:54:00
10231,1477147520,10/22/2016 12:00:00 AM,04:45:20,1.24,49.0,30.4,102.0,70.62,2.25,06:20:00,17:54:00
10232,1477147219,10/22/2016 12:00:00 AM,04:40:19,1.2,49.0,30.4,102.0,100.68,5.62,06:20:00,17:54:00
10233,1477146917,10/22/2016 12:00:00 AM,04:35:17,1.23,49.0,30.4,102.0,46.14,5.62,06:20:00,17:54:00
10234,1477146618,10/22/2016 12:00:00 AM,04:30:18,1.22,49.0,30.4,102.0,68.19,7.87,06:20:00,17:54:00
10235,1477146317,10/22/2016 12:00:00 AM,04:25:17,1.24,49.0,30.4,102.0,117.63,4.5,06:20:00,17:54:00
10236,1477146018,10/22/2016 12:00:00 AM,04:20:18,1.21,49.0,30.4,102.0,123.33,5.62,06:20:00,17:54:00
10237,1477145718,10/22/2016 12:00:00 AM,04:15:18,1.21,49.0,30.4,102.0,53.64,3.37,06:20:00,17:54:00
10238,1477145419,10/22/2016 12:00:00 AM,04:10:19,1.23,49.0,30.4,102.0,93.97,2.25,06:20:00,17:54:00
10239,1477145117,10/22/2016 12:00:00 AM,04:05:17,1.25,49.0,30.4,102.0,132.85,2.25,06:20:00,17:54:00
10240,1477144817,10/22/2016 12:00:00 AM,04:00:17,1.26,49.0,30.4,102.0,144.69,2.25,06:20:00,17:54:00
10241,1477144518,10/22/2016 12:00:00 AM,03:55:18,1.2,49.0,30.4,102.0,111.43,4.5,06:20:00,17:54:00
10242,1477144217,10/22/2016 12:00:00 AM,03:50:17,1.2,49.0,30.4,102.0,99.88,3.37,06:20:00,17:54:00
10243,1477143918,10/22/2016 12:00:00 AM,03:45:18,1.19,49.0,30.4,102.0,132.61,7.87,06:20:00,17:54:00
10244,1477143617,10/22/2016 12:00:00 AM,03:40:17,1.24,49.0,30.4,102.0,117.54,2.25,06:20:00,17:54:00
10245,1477143317,10/22/2016 12:00:00 AM,03:35:17,1.22,49.0,30.4,102.0,152.18,4.5,06:20:00,17:54:00
10246,1477143017,10/22/2016 12:00:00 AM,03:30:17,1.19,48.0,30.4,102.0,105.88,2.25,06:20:00,17:54:00
10247,1477142717,10/22/2016 12:00:00 AM,03:25:17,1.19,48.0,30.4,102.0,129.31,6.75,06:20:00,17:54:00
10248,1477142418,10/22/2016 12:00:00 AM,03:20:18,1.23,48.0,30.4,102.0,127.58,6.75,06:20:00,17:54:00
10249,1477142118,10/22/2016 12:00:00 AM,03:15:18,1.24,48.0,30.4,102.0,127.98,6.75,06:20:00,17:54:00
10250,1477141818,10/22/2016 12:00:00 AM,03:10:18,1.23,48.0,30.4,102.0,109.23,4.5,06:20:00,17:54:00
10251,1477141517,10/22/2016 12:00:00 AM,03:05:17,1.21,48.0,30.4,102.0,172.03,4.5,06:20:00,17:54:00
10252,1477141218,10/22/2016 12:00:00 AM,03:00:18,1.2,48.0,30.4,102.0,164.58,3.37,06:20:00,17:54:00
10253,1477140917,10/22/2016 12:00:00 AM,02:55:17,1.24,48.0,30.4,102.0,161.85,3.37,06:20:00,17:54:00
10254,1477140619,10/22/2016 12:00:00 AM,02:50:19,1.23,48.0,30.4,102.0,153.98,3.37,06:20:00,17:54:00
10255,1477140318,10/22/2016 12:00:00 AM,02:45:18,1.23,48.0,30.4,102.0,153.16,2.25,06:20:00,17:54:00
10256,1477140018,10/22/2016 12:00:00 AM,02:40:18,1.21,48.0,30.4,102.0,128.2,2.25,06:20:00,17:54:00
10257,1477139718,10/22/2016 12:00:00 AM,02:35:18,1.2,48.0,30.41,102.0,93.57,2.25,06:20:00,17:54:00
10258,1477139417,10/22/2016 12:00:00 AM,02:30:17,1.2,48.0,30.41,102.0,69.79,4.5,06:20:00,17:54:00
10259,1477139117,10/22/2016 12:00:00 AM,02:25:17,1.21,48.0,30.41,102.0,83.12,1.12,06:20:00,17:54:00
10260,1477138820,10/22/2016 12:00:00 AM,02:20:20,1.24,48.0,30.41,102.0,65.64,2.25,06:20:00,17:54:00
10261,1477138517,10/22/2016 12:00:00 AM,02:15:17,1.22,48.0,30.41,102.0,52.61,1.12,06:20:00,17:54:00
10262,1477138218,10/22/2016 12:00:00 AM,02:10:18,1.22,48.0,30.41,102.0,151.41,3.37,06:20:00,17:54:00
10263,1477137920,10/22/2016 12:00:00 AM,02:05:20,1.23,48.0,30.42,102.0,36.34,3.37,06:20:00,17:54:00
10264,1477137621,10/22/2016 12:00:00 AM,02:00:21,1.22,48.0,30.42,102.0,94.82,1.12,06:20:00,17:54:00
10265,1477137317,10/22/2016 12:00:00 AM,01:55:17,1.2,48.0,30.42,102.0,154.41,5.62,06:20:00,17:54:00
10266,1477137021,10/22/2016 12:00:00 AM,01:50:21,1.23,48.0,30.42,102.0,114.9,4.5,06:20:00,17:54:00
10267,1477136720,10/22/2016 12:00:00 AM,01:45:20,1.23,48.0,30.42,102.0,119.12,3.37,06:20:00,17:54:00
10268,1477136418,10/22/2016 12:00:00 AM,01:40:18,1.21,48.0,30.42,102.0,117.51,3.37,06:20:00,17:54:00
10269,1477136117,10/22/2016 12:00:00 AM,01:35:17,1.22,48.0,30.42,102.0,106.95,5.62,06:20:00,17:54:00
10270,1477135818,10/22/2016 12:00:00 AM,01:30:18,1.23,48.0,30.42,102.0,131.93,3.37,06:20:00,17:54:00
10271,1477135517,10/22/2016 12:00:00 AM,01:25:17,1.22,48.0,30.42,102.0,125.05,2.25,06:20:00,17:54:00
10272,1477135217,10/22/2016 12:00:00 AM,01:20:17,1.23,48.0,30.42,102.0,108.57,0.0,06:20:00,17:54:00
10273,1477134920,10/22/2016 12:00:00 AM,01:15:20,1.21,48.0,30.42,102.0,68.98,0.0,06:20:00,17:54:00
10274,1477134617,10/22/2016 12:00:00 AM,01:10:17,1.21,48.0,30.43,101.0,102.57,1.12,06:20:00,17:54:00
10275,1477134317,10/22/2016 12:00:00 AM,01:05:17,1.19,48.0,30.43,101.0,93.36,1.12,06:20:00,17:54:00
10276,1477134017,10/22/2016 12:00:00 AM,01:00:17,1.21,47.0,30.43,101.0,107.33,5.62,06:20:00,17:54:00
10277,1477133719,10/22/2016 12:00:00 AM,00:55:19,1.2,47.0,30.43,101.0,156.17,4.5,06:20:00,17:54:00
10278,1477133417,10/22/2016 12:00:00 AM,00:50:17,1.21,47.0,30.43,101.0,166.73,3.37,06:20:00,17:54:00
10279,1477133117,10/22/2016 12:00:00 AM,00:45:17,1.21,47.0,30.43,101.0,155.77,2.25,06:20:00,17:54:00
10280,1477132817,10/22/2016 12:00:00 AM,00:40:17,1.23,48.0,30.43,101.0,152.92,2.25,06:20:00,17:54:00
10281,1477132517,10/22/2016 12:00:00 AM,00:35:17,1.23,48.0,30.43,101.0,86.4,1.12,06:20:00,17:54:00
10282,1477132220,10/22/2016 12:00:00 AM,00:30:20,1.22,48.0,30.44,101.0,47.7,2.25,06:20:00,17:54:00
10283,1477131917,10/22/2016 12:00:00 AM,00:25:17,1.24,48.0,30.44,101.0,72.66,6.75,06:20:00,17:54:00
10284,1477131617,10/22/2016 12:00:00 AM,00:20:17,1.22,48.0,30.44,101.0,73.3,3.37,06:20:00,17:54:00
10285,1477131319,10/22/2016 12:00:00 AM,00:15:19,1.19,48.0,30.44,101.0,89.06,1.12,06:20:00,17:54:00
10286,1477131021,10/22/2016 12:00:00 AM,00:10:21,1.19,48.0,30.44,101.0,26.58,2.25,06:20:00,17:54:00
10287,1477130417,10/22/2016 12:00:00 AM,00:00:17,1.2,49.0,30.44,101.0,53.15,4.5,06:20:00,17:54:00
10288,1477130118,10/21/2016 12:00:00 AM,23:55:18,1.22,48.0,30.44,101.0,138.52,4.5,06:19:00,17:55:00
10289,1477129818,10/21/2016 12:00:00 AM,23:50:18,1.24,48.0,30.44,101.0,113.05,1.12,06:19:00,17:55:00
10290,1477129518,10/21/2016 12:00:00 AM,23:45:18,1.21,48.0,30.44,101.0,121.63,5.62,06:19:00,17:55:00
10291,1477129217,10/21/2016 12:00:00 AM,23:40:17,1.19,48.0,30.44,101.0,197.76,3.37,06:19:00,17:55:00
10292,1477128919,10/21/2016 12:00:00 AM,23:35:19,1.22,48.0,30.44,101.0,152.49,3.37,06:19:00,17:55:00
10293,1477128617,10/21/2016 12:00:00 AM,23:30:17,1.21,48.0,30.44,101.0,182.59,4.5,06:19:00,17:55:00
10294,1477128318,10/21/2016 12:00:00 AM,23:25:18,1.19,47.0,30.44,101.0,157.32,4.5,06:19:00,17:55:00
10295,1477128017,10/21/2016 12:00:00 AM,23:20:17,1.21,47.0,30.44,101.0,149.54,6.75,06:19:00,17:55:00
10296,1477127720,10/21/2016 12:00:00 AM,23:15:20,1.18,47.0,30.44,101.0,129.45,5.62,06:19:00,17:55:00
10297,1477127417,10/21/2016 12:00:00 AM,23:10:17,1.18,46.0,30.44,101.0,171.66,6.75,06:19:00,17:55:00
10298,1477127118,10/21/2016 12:00:00 AM,23:05:18,1.2,46.0,30.44,101.0,133.92,5.62,06:19:00,17:55:00
10299,1477126820,10/21/2016 12:00:00 AM,23:00:20,1.23,46.0,30.45,101.0,152.64,6.75,06:19:00,17:55:00
10300,1477126518,10/21/2016 12:00:00 AM,22:55:18,1.23,47.0,30.45,101.0,143.0,6.75,06:19:00,17:55:00
10301,1477126218,10/21/2016 12:00:00 AM,22:50:18,1.2,47.0,30.45,101.0,150.93,3.37,06:19:00,17:55:00
10302,1477125918,10/21/2016 12:00:00 AM,22:45:18,1.23,47.0,30.45,101.0,158.26,6.75,06:19:00,17:55:00
10303,1477125618,10/21/2016 12:00:00 AM,22:40:18,1.22,48.0,30.45,101.0,151.23,9.0,06:19:00,17:55:00
10304,1477125319,10/21/2016 12:00:00 AM,22:35:19,1.21,48.0,30.45,101.0,125.64,5.62,06:19:00,17:55:00
10305,1477125020,10/21/2016 12:00:00 AM,22:30:20,1.22,48.0,30.45,101.0,136.58,6.75,06:19:00,17:55:00
10306,1477124718,10/21/2016 12:00:00 AM,22:25:18,1.19,48.0,30.45,101.0,138.88,2.25,06:19:00,17:55:00
10307,1477124418,10/21/2016 12:00:00 AM,22:20:18,1.22,47.0,30.45,101.0,120.27,2.25,06:19:00,17:55:00
10308,1477124118,10/21/2016 12:00:00 AM,22:15:18,1.21,47.0,30.45,100.0,154.08,2.25,06:19:00,17:55:00
10309,1477123818,10/21/2016 12:00:00 AM,22:10:18,1.24,48.0,30.45,100.0,124.87,2.25,06:19:00,17:55:00
10310,1477123518,10/21/2016 12:00:00 AM,22:05:18,1.21,48.0,30.45,100.0,73.22,2.25,06:19:00,17:55:00
10311,1477123218,10/21/2016 12:00:00 AM,22:00:18,1.22,48.0,30.45,100.0,160.19,4.5,06:19:00,17:55:00
10312,1477122917,10/21/2016 12:00:00 AM,21:55:17,1.21,48.0,30.45,100.0,44.56,6.75,06:19:00,17:55:00
10313,1477122617,10/21/2016 12:00:00 AM,21:50:17,1.2,48.0,30.45,100.0,78.49,3.37,06:19:00,17:55:00
10314,1477122317,10/21/2016 12:00:00 AM,21:45:17,1.25,47.0,30.45,100.0,156.55,2.25,06:19:00,17:55:00
10315,1477122018,10/21/2016 12:00:00 AM,21:40:18,1.2,47.0,30.45,99.0,129.03,3.37,06:19:00,17:55:00
10316,1477121717,10/21/2016 12:00:00 AM,21:35:17,1.21,47.0,30.45,99.0,112.54,4.5,06:19:00,17:55:00
10317,1477121421,10/21/2016 12:00:00 AM,21:30:21,1.18,47.0,30.45,98.0,156.15,5.62,06:19:00,17:55:00
10318,1477121117,10/21/2016 12:00:00 AM,21:25:17,1.2,46.0,30.45,97.0,157.58,7.87,06:19:00,17:55:00
10319,1477120820,10/21/2016 12:00:00 AM,21:20:20,1.23,46.0,30.45,96.0,165.45,5.62,06:19:00,17:55:00
10320,1477120517,10/21/2016 12:00:00 AM,21:15:17,1.19,45.0,30.45,94.0,171.04,7.87,06:19:00,17:55:00
10321,1477120218,10/21/2016 12:00:00 AM,21:10:18,1.2,45.0,30.45,92.0,165.48,6.75,06:19:00,17:55:00
10322,1477119917,10/21/2016 12:00:00 AM,21:05:17,1.22,44.0,30.45,91.0,143.35,7.87,06:19:00,17:55:00
10323,1477119620,10/21/2016 12:00:00 AM,21:00:20,1.18,45.0,30.45,93.0,140.71,7.87,06:19:00,17:55:00
10324,1477119318,10/21/2016 12:00:00 AM,20:55:18,1.23,45.0,30.45,93.0,138.93,6.75,06:19:00,17:55:00
10325,1477119017,10/21/2016 12:00:00 AM,20:50:17,1.21,45.0,30.45,93.0,143.11,6.75,06:19:00,17:55:00
10326,1477118718,10/21/2016 12:00:00 AM,20:45:18,1.24,45.0,30.45,91.0,135.28,2.25,06:19:00,17:55:00
10327,1477118417,10/21/2016 12:00:00 AM,20:40:17,1.19,51.16507236474315,30.44,89.0,124.48,6.75,06:19:00,17:55:00
10328,1477118118,10/21/2016 12:00:00 AM,20:35:18,1.2,45.0,30.44,91.0,144.17,6.75,06:19:00,17:55:00
10329,1477117820,10/21/2016 12:00:00 AM,20:30:20,1.22,45.0,30.44,94.0,163.27,6.75,06:19:00,17:55:00
10330,1477117518,10/21/2016 12:00:00 AM,20:25:18,1.17,44.0,30.44,95.0,169.04,7.87,06:19:00,17:55:00
10331,1477117217,10/21/2016 12:00:00 AM,20:20:17,1.2,45.0,30.44,96.0,153.18,6.75,06:19:00,17:55:00
10332,1477116917,10/21/2016 12:00:00 AM,20:15:17,1.22,45.0,30.44,97.0,142.58,4.5,06:19:00,17:55:00
10333,1477116618,10/21/2016 12:00:00 AM,20:10:18,1.22,45.0,30.44,98.0,166.26,6.75,06:19:00,17:55:00
10334,1477116317,10/21/2016 12:00:00 AM,20:05:17,1.22,46.0,30.44,99.0,156.31,9.0,06:19:00,17:55:00
10335,1477116018,10/21/2016 12:00:00 AM,20:00:18,1.22,46.0,30.44,99.0,121.45,2.25,06:19:00,17:55:00
10336,1477115718,10/21/2016 12:00:00 AM,19:55:18,1.23,46.0,30.45,98.0,120.37,7.87,06:19:00,17:55:00
10337,1477115419,10/21/2016 12:00:00 AM,19:50:19,1.19,45.0,30.44,98.0,113.5,7.87,06:19:00,17:55:00
10338,1477115117,10/21/2016 12:00:00 AM,19:45:17,1.22,45.0,30.44,97.0,133.76,3.37,06:19:00,17:55:00
10339,1477114817,10/21/2016 12:00:00 AM,19:40:17,1.22,45.0,30.44,97.0,130.03,5.62,06:19:00,17:55:00
10340,1477114518,10/21/2016 12:00:00 AM,19:35:18,1.21,45.0,30.43,97.0,150.64,7.87,06:19:00,17:55:00
10341,1477114217,10/21/2016 12:00:00 AM,19:30:17,1.23,45.0,30.43,97.0,110.2,2.25,06:19:00,17:55:00
10342,1477113918,10/21/2016 12:00:00 AM,19:25:18,1.21,45.0,30.43,96.0,138.74,4.5,06:19:00,17:55:00
10343,1477113618,10/21/2016 12:00:00 AM,19:20:18,1.22,45.0,30.43,96.0,167.58,4.5,06:19:00,17:55:00
10344,1477113317,10/21/2016 12:00:00 AM,19:15:17,1.21,46.0,30.43,95.0,90.09,5.62,06:19:00,17:55:00
10345,1477113019,10/21/2016 12:00:00 AM,19:10:19,1.22,46.0,30.43,95.0,148.37,6.75,06:19:00,17:55:00
10346,1477112717,10/21/2016 12:00:00 AM,19:05:17,1.22,46.0,30.43,94.0,110.91,12.37,06:19:00,17:55:00
10347,1477112417,10/21/2016 12:00:00 AM,19:00:17,1.19,46.0,30.43,92.0,85.23,5.62,06:19:00,17:55:00
10348,1477112118,10/21/2016 12:00:00 AM,18:55:18,1.2,46.0,30.43,89.0,90.1,4.5,06:19:00,17:55:00
10349,1477111817,10/21/2016 12:00:00 AM,18:50:17,1.23,46.0,30.43,89.0,169.94,2.25,06:19:00,17:55:00
10350,1477111518,10/21/2016 12:00:00 AM,18:45:18,1.21,46.0,30.43,88.0,166.22,7.87,06:19:00,17:55:00
10351,1477111220,10/21/2016 12:00:00 AM,18:40:20,1.21,46.0,30.42,90.0,154.21,2.25,06:19:00,17:55:00
10352,1477110917,10/21/2016 12:00:00 AM,18:35:17,1.21,46.0,30.42,93.0,126.95,3.37,06:19:00,17:55:00
10353,1477110618,10/21/2016 12:00:00 AM,18:30:18,1.2,46.0,30.42,97.0,152.42,11.25,06:19:00,17:55:00
10354,1477110318,10/21/2016 12:00:00 AM,18:25:18,1.25,46.0,30.42,97.0,176.01,5.62,06:19:00,17:55:00
10355,1477110018,10/21/2016 12:00:00 AM,18:20:18,1.21,46.0,30.42,97.0,128.93,4.5,06:19:00,17:55:00
10356,1477109717,10/21/2016 12:00:00 AM,18:15:17,1.24,46.0,30.42,97.0,152.04,3.37,06:19:00,17:55:00
10357,1477109418,10/21/2016 12:00:00 AM,18:10:18,1.17,46.0,30.42,96.0,138.27,5.62,06:19:00,17:55:00
10358,1477109118,10/21/2016 12:00:00 AM,18:05:18,1.74,47.0,30.42,96.0,63.02,4.5,06:19:00,17:55:00
10359,1477108818,10/21/2016 12:00:00 AM,18:00:18,3.23,47.0,30.42,95.0,148.96,5.62,06:19:00,17:55:00
10360,1477108518,10/21/2016 12:00:00 AM,17:55:18,5.25,47.0,30.42,94.0,88.36,6.75,06:19:00,17:55:00
10361,1477108218,10/21/2016 12:00:00 AM,17:50:18,7.33,47.0,30.42,95.0,160.3,3.37,06:19:00,17:55:00
10362,1477107918,10/21/2016 12:00:00 AM,17:45:18,9.63,47.0,30.42,96.0,138.62,5.62,06:19:00,17:55:00
10363,1477107618,10/21/2016 12:00:00 AM,17:40:18,12.12,47.0,30.42,96.0,155.26,10.12,06:19:00,17:55:00
10364,1477107319,10/21/2016 12:00:00 AM,17:35:19,28.62,47.0,30.42,96.0,122.33,5.62,06:19:00,17:55:00
10365,1477107018,10/21/2016 12:00:00 AM,17:30:18,17.42,48.0,30.42,96.0,133.55,4.5,06:19:00,17:55:00
10366,1477106717,10/21/2016 12:00:00 AM,17:25:17,91.47,48.0,30.42,95.0,111.05,11.25,06:19:00,17:55:00
10367,1477106418,10/21/2016 12:00:00 AM,17:20:18,32.46,48.0,30.42,95.0,100.58,4.5,06:19:00,17:55:00
10368,1477106118,10/21/2016 12:00:00 AM,17:15:18,46.35,51.16507236474315,30.42,95.0,57.98,7.87,06:19:00,17:55:00
10369,1477105818,10/21/2016 12:00:00 AM,17:10:18,65.83,49.0,30.42,94.0,46.11,4.5,06:19:00,17:55:00
10370,1477105518,10/21/2016 12:00:00 AM,17:05:18,108.24,49.0,30.42,93.0,99.58,10.12,06:19:00,17:55:00
10371,1477105218,10/21/2016 12:00:00 AM,17:00:18,70.19,50.0,30.41,91.0,93.07,7.87,06:19:00,17:55:00
10372,1477104920,10/21/2016 12:00:00 AM,16:55:20,86.86,50.0,30.41,90.0,93.15,4.5,06:19:00,17:55:00
10373,1477104618,10/21/2016 12:00:00 AM,16:50:18,322.78,50.0,30.42,90.0,96.09,9.0,06:19:00,17:55:00
10374,1477104317,10/21/2016 12:00:00 AM,16:45:17,339.34,51.0,30.41,90.0,86.64,2.25,06:19:00,17:55:00
10375,1477104023,10/21/2016 12:00:00 AM,16:40:23,373.4,51.0,30.41,89.0,132.72,9.0,06:19:00,17:55:00
10376,1477103717,10/21/2016 12:00:00 AM,16:35:17,239.66,51.0,30.41,90.0,131.89,11.25,06:19:00,17:55:00
10377,1477103417,10/21/2016 12:00:00 AM,16:30:17,421.94,51.0,30.41,91.0,69.71,6.75,06:19:00,17:55:00
10378,1477103117,10/21/2016 12:00:00 AM,16:25:17,462.72,51.0,30.41,91.0,71.76,12.37,06:19:00,17:55:00
10379,1477102817,10/21/2016 12:00:00 AM,16:20:17,463.94,51.0,30.41,89.0,42.21,4.5,06:19:00,17:55:00
10380,1477102517,10/21/2016 12:00:00 AM,16:15:17,389.63,51.0,30.41,88.0,115.76,5.62,06:19:00,17:55:00
10381,1477102217,10/21/2016 12:00:00 AM,16:10:17,413.93,51.0,30.41,92.0,71.61,6.75,06:19:00,17:55:00
10382,1477101917,10/21/2016 12:00:00 AM,16:05:17,448.33,51.0,30.41,92.0,75.44,4.5,06:19:00,17:55:00
10383,1477101617,10/21/2016 12:00:00 AM,16:00:17,437.46,51.0,30.41,93.0,71.85,5.62,06:19:00,17:55:00
10384,1477101317,10/21/2016 12:00:00 AM,15:55:17,491.12,50.0,30.41,95.0,54.51,6.75,06:19:00,17:55:00
10385,1477101017,10/21/2016 12:00:00 AM,15:50:17,538.55,49.0,30.41,96.0,101.66,12.37,06:19:00,17:55:00
10386,1477100717,10/21/2016 12:00:00 AM,15:45:17,140.37,50.0,30.41,97.0,345.22,9.0,06:19:00,17:55:00
10387,1477100417,10/21/2016 12:00:00 AM,15:40:17,168.09,50.0,30.41,95.0,65.68,11.25,06:19:00,17:55:00
10388,1477100117,10/21/2016 12:00:00 AM,15:35:17,134.67,50.0,30.41,95.0,150.03,4.5,06:19:00,17:55:00
10389,1477099820,10/21/2016 12:00:00 AM,15:30:20,571.6,50.0,30.41,97.0,168.2,4.5,06:19:00,17:55:00
10390,1477099518,10/21/2016 12:00:00 AM,15:25:18,835.05,49.0,30.41,99.0,132.24,6.75,06:19:00,17:55:00
10391,1477099220,10/21/2016 12:00:00 AM,15:20:20,270.99,49.0,30.41,99.0,85.53,4.5,06:19:00,17:55:00
10392,1477098918,10/21/2016 12:00:00 AM,15:15:18,382.3,49.0,30.41,98.0,137.65,4.5,06:19:00,17:55:00
10393,1477098618,10/21/2016 12:00:00 AM,15:10:18,112.82,50.0,30.4,98.0,92.46,5.62,06:19:00,17:55:00
10394,1477098318,10/21/2016 12:00:00 AM,15:05:18,87.4,51.0,30.4,98.0,42.19,5.62,06:19:00,17:55:00
10395,1477098018,10/21/2016 12:00:00 AM,15:00:18,149.01,51.0,30.4,96.0,15.95,3.37,06:19:00,17:55:00
10396,1477097718,10/21/2016 12:00:00 AM,14:55:18,185.21,51.0,30.41,95.0,69.2,11.25,06:19:00,17:55:00
10397,1477097418,10/21/2016 12:00:00 AM,14:50:18,366.71,51.0,30.4,95.0,39.25,7.87,06:19:00,17:55:00
10398,1477097118,10/21/2016 12:00:00 AM,14:45:18,962.76,51.0,30.4,96.0,26.4,5.62,06:19:00,17:55:00
10399,1477096817,10/21/2016 12:00:00 AM,14:40:17,281.87,50.0,30.4,97.0,80.93,4.5,06:19:00,17:55:00
10400,1477096517,10/21/2016 12:00:00 AM,14:35:17,448.38,50.0,30.4,96.0,53.6,9.0,06:19:00,17:55:00
10401,1477096217,10/21/2016 12:00:00 AM,14:30:17,261.39,51.0,30.4,96.0,168.01,10.12,06:19:00,17:55:00
10402,1477095917,10/21/2016 12:00:00 AM,14:25:17,125.58,52.0,30.4,94.0,122.36,11.25,06:19:00,17:55:00
10403,1477095617,10/21/2016 12:00:00 AM,14:20:17,139.91,54.0,30.4,91.0,78.76,10.12,06:19:00,17:55:00
10404,1477095318,10/21/2016 12:00:00 AM,14:15:18,851.3,55.0,30.4,89.0,95.59,10.12,06:19:00,17:55:00
10405,1477095017,10/21/2016 12:00:00 AM,14:10:17,1077.64,54.0,30.4,88.0,115.97,2.25,06:19:00,17:55:00
10406,1477094721,10/21/2016 12:00:00 AM,14:05:21,405.95,54.0,30.4,86.0,71.7,13.5,06:19:00,17:55:00
10407,1477094417,10/21/2016 12:00:00 AM,14:00:17,887.84,54.0,30.4,86.0,45.57,3.37,06:19:00,17:55:00
10408,1477094119,10/21/2016 12:00:00 AM,13:55:19,973.27,54.0,30.4,87.0,111.07,4.5,06:19:00,17:55:00
10409,1477093818,10/21/2016 12:00:00 AM,13:50:18,951.17,54.0,30.41,85.0,96.34,9.0,06:19:00,17:55:00
10410,1477093520,10/21/2016 12:00:00 AM,13:45:20,900.35,53.0,30.41,87.0,76.71,4.5,06:19:00,17:55:00
10411,1477093218,10/21/2016 12:00:00 AM,13:40:18,913.66,53.0,30.41,86.0,104.98,3.37,06:19:00,17:55:00
10412,1477092920,10/21/2016 12:00:00 AM,13:35:20,948.31,54.0,30.41,83.0,103.08,4.5,06:19:00,17:55:00
10413,1477092618,10/21/2016 12:00:00 AM,13:30:18,901.42,54.0,30.42,82.0,43.25,6.229096658193317,06:19:00,17:55:00
10414,1477092317,10/21/2016 12:00:00 AM,13:25:17,908.62,54.0,30.42,85.0,42.17,7.87,06:19:00,17:55:00
10415,1477092018,10/21/2016 12:00:00 AM,13:20:18,914.13,54.0,30.42,81.0,100.68,7.87,06:19:00,17:55:00
10416,1477091718,10/21/2016 12:00:00 AM,13:15:18,922.66,54.0,30.42,80.0,62.67,6.75,06:19:00,17:55:00
10417,1477091418,10/21/2016 12:00:00 AM,13:10:18,927.94,54.0,30.42,83.0,82.01,6.75,06:19:00,17:55:00
10418,1477091117,10/21/2016 12:00:00 AM,13:05:17,933.21,53.0,30.42,81.0,214.17,2.25,06:19:00,17:55:00
10419,1477090818,10/21/2016 12:00:00 AM,13:00:18,943.52,53.0,30.43,84.0,103.55,7.87,06:19:00,17:55:00
10420,1477090517,10/21/2016 12:00:00 AM,12:55:17,947.94,53.0,30.43,86.0,36.46,2.25,06:19:00,17:55:00
10421,1477090218,10/21/2016 12:00:00 AM,12:50:18,691.22,53.0,30.43,86.0,351.59,6.75,06:19:00,17:55:00
10422,1477089917,10/21/2016 12:00:00 AM,12:45:17,955.75,53.0,30.43,89.0,45.8,2.25,06:19:00,17:55:00
10423,1477089618,10/21/2016 12:00:00 AM,12:40:18,959.85,52.0,30.43,91.0,43.85,4.5,06:19:00,17:55:00
10424,1477089317,10/21/2016 12:00:00 AM,12:35:17,965.1,52.0,30.43,94.0,110.06,3.37,06:19:00,17:55:00
10425,1477089020,10/21/2016 12:00:00 AM,12:30:20,970.04,52.0,30.43,92.0,109.17,5.62,06:19:00,17:55:00
10426,1477088717,10/21/2016 12:00:00 AM,12:25:17,988.66,51.0,30.43,93.0,101.68,3.37,06:19:00,17:55:00
10427,1477088418,10/21/2016 12:00:00 AM,12:20:18,978.32,51.0,30.43,91.0,79.24,12.37,06:19:00,17:55:00
10428,1477088117,10/21/2016 12:00:00 AM,12:15:17,981.65,51.0,30.44,93.0,354.27,2.25,06:19:00,17:55:00
10429,1477087818,10/21/2016 12:00:00 AM,12:10:18,1002.59,51.0,30.44,95.0,8.58,3.37,06:19:00,17:55:00
10430,1477087518,10/21/2016 12:00:00 AM,12:05:18,976.28,51.0,30.44,95.0,67.95,10.12,06:19:00,17:55:00
10431,1477087220,10/21/2016 12:00:00 AM,12:00:20,372.9,51.0,30.44,94.0,74.0,6.75,06:19:00,17:55:00
10432,1477086917,10/21/2016 12:00:00 AM,11:55:17,1006.02,51.0,30.44,96.0,116.3,10.12,06:19:00,17:55:00
10433,1477086618,10/21/2016 12:00:00 AM,11:50:18,1112.46,51.0,30.44,97.0,154.48,3.37,06:19:00,17:55:00
10434,1477086317,10/21/2016 12:00:00 AM,11:45:17,1010.86,50.0,30.44,96.0,55.5,9.0,06:19:00,17:55:00
10435,1477086018,10/21/2016 12:00:00 AM,11:40:18,1025.82,50.0,30.45,97.0,21.56,1.12,06:19:00,17:55:00
10436,1477085717,10/21/2016 12:00:00 AM,11:35:17,497.26,50.0,30.45,98.0,9.87,3.37,06:19:00,17:55:00
10437,1477085420,10/21/2016 12:00:00 AM,11:30:20,369.53,50.0,30.45,98.0,65.0,2.25,06:19:00,17:55:00
10438,1477085117,10/21/2016 12:00:00 AM,11:25:17,930.95,50.0,30.45,98.0,109.94,2.25,06:19:00,17:55:00
10439,1477084818,10/21/2016 12:00:00 AM,11:20:18,701.9,49.0,30.45,100.0,66.04,4.5,06:19:00,17:55:00
10440,1477084520,10/21/2016 12:00:00 AM,11:15:20,913.37,49.0,30.45,100.0,49.71,6.75,06:19:00,17:55:00
10441,1477084221,10/21/2016 12:00:00 AM,11:10:21,1121.0,49.0,30.45,101.0,79.2,12.37,06:19:00,17:55:00
10442,1477083921,10/21/2016 12:00:00 AM,11:05:21,542.3,49.0,30.45,101.0,83.9,4.5,06:19:00,17:55:00
10443,1477083619,10/21/2016 12:00:00 AM,11:00:19,331.16,49.0,30.45,102.0,119.66,12.37,06:19:00,17:55:00
10444,1477083321,10/21/2016 12:00:00 AM,10:55:21,543.72,49.0,30.45,102.0,57.22,11.25,06:19:00,17:55:00
10445,1477083020,10/21/2016 12:00:00 AM,10:50:20,366.82,48.0,30.46,102.0,104.73,2.25,06:19:00,17:55:00
10446,1477082721,10/21/2016 12:00:00 AM,10:45:21,285.58,48.0,30.46,102.0,108.22,11.25,06:19:00,17:55:00
10447,1477082420,10/21/2016 12:00:00 AM,10:40:20,426.05,47.0,30.46,102.0,47.34,5.62,06:19:00,17:55:00
10448,1477082118,10/21/2016 12:00:00 AM,10:35:18,474.45,47.0,30.46,102.0,37.88,7.87,06:19:00,17:55:00
10449,1477081821,10/21/2016 12:00:00 AM,10:30:21,496.24,47.0,30.46,102.0,127.75,5.62,06:19:00,17:55:00
10450,1477081518,10/21/2016 12:00:00 AM,10:25:18,125.39,47.0,30.46,102.0,359.93,3.37,06:19:00,17:55:00
10451,1477081218,10/21/2016 12:00:00 AM,10:20:18,112.16,47.0,30.46,102.0,1.48,9.0,06:19:00,17:55:00
10452,1477080918,10/21/2016 12:00:00 AM,10:15:18,244.47,47.0,30.46,102.0,336.53,2.25,06:19:00,17:55:00
10453,1477080618,10/21/2016 12:00:00 AM,10:10:18,126.51,47.0,30.46,102.0,10.81,11.25,06:19:00,17:55:00
10454,1477080318,10/21/2016 12:00:00 AM,10:05:18,167.8,47.0,30.46,101.0,26.16,10.12,06:19:00,17:55:00
10455,1477080020,10/21/2016 12:00:00 AM,10:00:20,120.45,47.0,30.46,101.0,41.89,2.25,06:19:00,17:55:00
10456,1477079718,10/21/2016 12:00:00 AM,09:55:18,209.62,48.0,30.46,101.0,32.68,7.87,06:19:00,17:55:00
10457,1477079418,10/21/2016 12:00:00 AM,09:50:18,198.78,48.0,30.46,101.0,36.27,10.12,06:19:00,17:55:00
10458,1477079119,10/21/2016 12:00:00 AM,09:45:19,219.42,48.0,30.46,101.0,47.03,10.12,06:19:00,17:55:00
10459,1477078818,10/21/2016 12:00:00 AM,09:40:18,222.39,49.0,30.46,101.0,11.05,6.75,06:19:00,17:55:00
10460,1477078519,10/21/2016 12:00:00 AM,09:35:19,170.67,49.0,30.46,102.0,11.44,9.0,06:19:00,17:55:00
10461,1477078218,10/21/2016 12:00:00 AM,09:30:18,177.02,50.0,30.46,102.0,65.05,6.229096658193317,06:19:00,17:55:00
10462,1477077922,10/21/2016 12:00:00 AM,09:25:22,209.28,50.0,30.45,102.0,100.88,6.75,06:19:00,17:55:00
10463,1477077618,10/21/2016 12:00:00 AM,09:20:18,239.03,50.0,30.45,102.0,33.44,7.87,06:19:00,17:55:00
10464,1477077318,10/21/2016 12:00:00 AM,09:15:18,200.56,49.0,30.45,102.0,115.66,7.87,06:19:00,17:55:00
10465,1477077018,10/21/2016 12:00:00 AM,09:10:18,262.44,49.0,30.45,102.0,172.44,10.12,06:19:00,17:55:00
10466,1477076718,10/21/2016 12:00:00 AM,09:05:18,412.58,49.0,30.45,102.0,132.73,11.25,06:19:00,17:55:00
10467,1477076418,10/21/2016 12:00:00 AM,09:00:18,373.51,48.0,30.45,102.0,102.62,3.37,06:19:00,17:55:00
10468,1477076117,10/21/2016 12:00:00 AM,08:55:17,154.69,48.0,30.45,102.0,165.33,10.12,06:19:00,17:55:00
10469,1477075818,10/21/2016 12:00:00 AM,08:50:18,175.35,48.0,30.45,102.0,64.69,2.25,06:19:00,17:55:00
10470,1477075518,10/21/2016 12:00:00 AM,08:45:18,145.89,48.0,30.45,102.0,131.97,11.25,06:19:00,17:55:00
10471,1477075218,10/21/2016 12:00:00 AM,08:40:18,200.57,48.0,30.45,102.0,168.17,14.62,06:19:00,17:55:00
10472,1477074917,10/21/2016 12:00:00 AM,08:35:17,114.53,48.0,30.45,102.0,101.25,3.37,06:19:00,17:55:00
10473,1477074618,10/21/2016 12:00:00 AM,08:30:18,96.0,48.0,30.45,102.0,94.44,3.37,06:19:00,17:55:00
10474,1477074319,10/21/2016 12:00:00 AM,08:25:19,191.79,48.0,30.45,102.0,139.55,6.75,06:19:00,17:55:00
10475,1477074018,10/21/2016 12:00:00 AM,08:20:18,141.79,48.0,30.45,102.0,122.76,12.37,06:19:00,17:55:00
10476,1477073720,10/21/2016 12:00:00 AM,08:15:20,162.12,48.0,30.45,102.0,138.54,7.87,06:19:00,17:55:00
10477,1477073418,10/21/2016 12:00:00 AM,08:10:18,100.61,48.0,30.45,102.0,152.92,6.75,06:19:00,17:55:00
10478,1477073121,10/21/2016 12:00:00 AM,08:05:21,77.53,48.0,30.45,102.0,156.35,2.25,06:19:00,17:55:00
10479,1477072818,10/21/2016 12:00:00 AM,08:00:18,60.85,47.0,30.45,102.0,55.77,10.12,06:19:00,17:55:00
10480,1477072518,10/21/2016 12:00:00 AM,07:55:18,47.2,48.0,30.45,102.0,81.13,7.87,06:19:00,17:55:00
10481,1477072221,10/21/2016 12:00:00 AM,07:50:21,47.67,48.0,30.44,102.0,51.67,9.0,06:19:00,17:55:00
10482,1477071917,10/21/2016 12:00:00 AM,07:45:17,77.38,48.0,30.44,102.0,0.1,3.37,06:19:00,17:55:00
10483,1477071621,10/21/2016 12:00:00 AM,07:40:21,59.39,48.0,30.44,102.0,336.33,7.87,06:19:00,17:55:00
10484,1477071317,10/21/2016 12:00:00 AM,07:35:17,47.92,48.0,30.44,102.0,240.84,3.37,06:19:00,17:55:00
10485,1477071017,10/21/2016 12:00:00 AM,07:30:17,37.71,48.0,30.44,102.0,10.76,3.37,06:19:00,17:55:00
10486,1477070717,10/21/2016 12:00:00 AM,07:25:17,44.43,49.0,30.44,102.0,72.01,7.87,06:19:00,17:55:00
10487,1477070422,10/21/2016 12:00:00 AM,07:20:22,46.54,48.0,30.43,102.0,85.44,6.75,06:19:00,17:55:00
10488,1477070118,10/21/2016 12:00:00 AM,07:15:18,42.9,48.0,30.43,102.0,68.07,2.25,06:19:00,17:55:00
10489,1477069818,10/21/2016 12:00:00 AM,07:10:18,46.51,48.0,30.43,102.0,52.62,11.25,06:19:00,17:55:00
10490,1477069518,10/21/2016 12:00:00 AM,07:05:18,27.93,48.0,30.43,102.0,39.55,4.5,06:19:00,17:55:00
10491,1477069218,10/21/2016 12:00:00 AM,07:00:18,23.43,48.0,30.43,101.0,62.31,3.37,06:19:00,17:55:00
10492,1477068917,10/21/2016 12:00:00 AM,06:55:17,22.74,49.0,30.43,101.0,98.54,2.25,06:19:00,17:55:00
10493,1477068618,10/21/2016 12:00:00 AM,06:50:18,14.52,48.0,30.43,101.0,103.62,2.25,06:19:00,17:55:00
10494,1477068317,10/21/2016 12:00:00 AM,06:45:17,13.43,48.0,30.42,101.0,54.09,1.12,06:19:00,17:55:00
10495,1477068017,10/21/2016 12:00:00 AM,06:40:17,9.98,48.0,30.42,101.0,111.47,10.12,06:19:00,17:55:00
10496,1477067717,10/21/2016 12:00:00 AM,06:35:17,8.33,48.0,30.42,101.0,118.75,3.37,06:19:00,17:55:00
10497,1477067418,10/21/2016 12:00:00 AM,06:30:18,7.14,48.0,30.42,101.0,169.49,0.0,06:19:00,17:55:00
10498,1477067118,10/21/2016 12:00:00 AM,06:25:18,5.37,48.0,30.42,101.0,219.92,4.5,06:19:00,17:55:00
10499,1477066817,10/21/2016 12:00:00 AM,06:20:17,3.78,48.0,30.42,101.0,113.43,10.12,06:19:00,17:55:00
10500,1477066521,10/21/2016 12:00:00 AM,06:15:21,2.69,48.0,30.42,101.0,154.8,3.37,06:19:00,17:55:00
10501,1477066218,10/21/2016 12:00:00 AM,06:10:18,1.65,48.0,30.42,101.0,116.05,5.62,06:19:00,17:55:00
10502,1477065918,10/21/2016 12:00:00 AM,06:05:18,1.21,48.0,30.42,101.0,191.84,2.25,06:19:00,17:55:00
10503,1477065618,10/21/2016 12:00:00 AM,06:00:18,1.23,48.0,30.42,101.0,201.38,4.5,06:19:00,17:55:00
10504,1477065318,10/21/2016 12:00:00 AM,05:55:18,1.21,48.0,30.42,101.0,61.37,2.25,06:19:00,17:55:00
10505,1477065017,10/21/2016 12:00:00 AM,05:50:17,1.23,48.0,30.42,101.0,110.97,3.37,06:19:00,17:55:00
10506,1477064718,10/21/2016 12:00:00 AM,05:45:18,1.22,48.0,30.41,101.0,121.41,6.75,06:19:00,17:55:00
10507,1477064417,10/21/2016 12:00:00 AM,05:40:17,1.22,48.0,30.41,101.0,35.16,6.75,06:19:00,17:55:00
10508,1477064118,10/21/2016 12:00:00 AM,05:35:18,1.21,48.0,30.41,101.0,153.05,1.12,06:19:00,17:55:00
10509,1477063821,10/21/2016 12:00:00 AM,05:30:21,1.21,48.0,30.41,100.0,73.08,3.37,06:19:00,17:55:00
10510,1477063520,10/21/2016 12:00:00 AM,05:25:20,1.24,48.0,30.41,100.0,146.99,6.75,06:19:00,17:55:00
10511,1477063219,10/21/2016 12:00:00 AM,05:20:19,1.22,48.0,30.41,100.0,142.03,6.75,06:19:00,17:55:00
10512,1477062918,10/21/2016 12:00:00 AM,05:15:18,1.22,48.0,30.4,100.0,135.79,12.37,06:19:00,17:55:00
10513,1477062618,10/21/2016 12:00:00 AM,05:10:18,1.21,48.0,30.41,100.0,166.42,10.12,06:19:00,17:55:00
10514,1477062321,10/21/2016 12:00:00 AM,05:05:21,1.2,48.0,30.41,99.0,176.48,4.5,06:19:00,17:55:00
10515,1477062018,10/21/2016 12:00:00 AM,05:00:18,1.23,47.0,30.4,98.0,113.94,9.0,06:19:00,17:55:00
10516,1477061717,10/21/2016 12:00:00 AM,04:55:17,1.22,47.0,30.4,97.0,117.79,7.87,06:19:00,17:55:00
10517,1477061420,10/21/2016 12:00:00 AM,04:50:20,1.24,46.0,30.4,95.0,149.32,9.0,06:19:00,17:55:00
10518,1477061117,10/21/2016 12:00:00 AM,04:45:17,1.19,45.0,30.4,98.0,175.65,9.0,06:19:00,17:55:00
10519,1477060818,10/21/2016 12:00:00 AM,04:40:18,1.21,45.0,30.4,100.0,143.88,6.75,06:19:00,17:55:00
10520,1477060517,10/21/2016 12:00:00 AM,04:35:17,1.18,45.0,30.4,101.0,165.3,9.0,06:19:00,17:55:00
10521,1477060218,10/21/2016 12:00:00 AM,04:30:18,1.17,45.0,30.4,101.0,162.91,10.12,06:19:00,17:55:00
10522,1477059917,10/21/2016 12:00:00 AM,04:25:17,1.24,45.0,30.4,101.0,116.62,10.12,06:19:00,17:55:00
10523,1477059620,10/21/2016 12:00:00 AM,04:20:20,1.15,46.0,30.4,101.0,160.15,9.0,06:19:00,17:55:00
10524,1477059320,10/21/2016 12:00:00 AM,04:15:20,1.16,46.0,30.4,101.0,71.57,3.37,06:19:00,17:55:00
10525,1477059018,10/21/2016 12:00:00 AM,04:10:18,1.2,46.0,30.4,101.0,109.47,7.87,06:19:00,17:55:00
10526,1477058717,10/21/2016 12:00:00 AM,04:05:17,1.19,46.0,30.4,101.0,72.09,7.87,06:19:00,17:55:00
10527,1477058418,10/21/2016 12:00:00 AM,04:00:18,1.23,47.0,30.423028000868246,101.0,96.34,6.75,06:19:00,17:55:00
10528,1477058119,10/21/2016 12:00:00 AM,03:55:19,1.2,47.0,30.4,101.0,77.99,3.37,06:19:00,17:55:00
10529,1477057818,10/21/2016 12:00:00 AM,03:50:18,1.21,47.0,30.4,101.0,28.03,5.62,06:19:00,17:55:00
10530,1477057518,10/21/2016 12:00:00 AM,03:45:18,1.22,47.0,30.4,101.0,56.98,7.87,06:19:00,17:55:00
10531,1477057219,10/21/2016 12:00:00 AM,03:40:19,1.21,47.0,30.4,101.0,117.18,11.25,06:19:00,17:55:00
10532,1477056920,10/21/2016 12:00:00 AM,03:35:20,1.21,47.0,30.4,101.0,136.02,10.12,06:19:00,17:55:00
10533,1477056620,10/21/2016 12:00:00 AM,03:30:20,1.21,47.0,30.4,101.0,123.6,10.12,06:19:00,17:55:00
10534,1477056317,10/21/2016 12:00:00 AM,03:25:17,1.22,48.0,30.4,101.0,124.78,11.25,06:19:00,17:55:00
10535,1477056017,10/21/2016 12:00:00 AM,03:20:17,1.22,48.0,30.4,101.0,159.87,10.12,06:19:00,17:55:00
10536,1477055718,10/21/2016 12:00:00 AM,03:15:18,1.24,48.0,30.4,101.0,136.32,10.12,06:19:00,17:55:00
10537,1477055417,10/21/2016 12:00:00 AM,03:10:17,1.22,48.0,30.4,101.0,142.14,3.37,06:19:00,17:55:00
10538,1477055120,10/21/2016 12:00:00 AM,03:05:20,1.22,47.0,30.4,101.0,63.44,5.62,06:19:00,17:55:00
10539,1477054822,10/21/2016 12:00:00 AM,03:00:22,1.19,47.0,30.4,101.0,154.95,2.25,06:19:00,17:55:00
10540,1477054520,10/21/2016 12:00:00 AM,02:55:20,1.21,47.0,30.4,100.0,151.43,3.37,06:19:00,17:55:00
10541,1477054218,10/21/2016 12:00:00 AM,02:50:18,1.23,47.0,30.41,100.0,153.2,7.87,06:19:00,17:55:00
10542,1477053919,10/21/2016 12:00:00 AM,02:45:19,1.21,47.0,30.41,100.0,178.01,10.12,06:19:00,17:55:00
10543,1477053619,10/21/2016 12:00:00 AM,02:40:19,1.22,47.0,30.41,100.0,156.58,11.25,06:19:00,17:55:00
10544,1477053318,10/21/2016 12:00:00 AM,02:35:18,1.23,47.0,30.41,100.0,111.68,4.5,06:19:00,17:55:00
10545,1477053020,10/21/2016 12:00:00 AM,02:30:20,1.24,47.0,30.41,100.0,164.08,4.5,06:19:00,17:55:00
10546,1477052718,10/21/2016 12:00:00 AM,02:25:18,1.24,46.0,30.41,99.0,156.48,5.62,06:19:00,17:55:00
10547,1477052419,10/21/2016 12:00:00 AM,02:20:19,1.19,46.0,30.41,99.0,159.27,4.5,06:19:00,17:55:00
10548,1477052117,10/21/2016 12:00:00 AM,02:15:17,1.22,46.0,30.41,98.0,180.42,6.75,06:19:00,17:55:00
10549,1477051821,10/21/2016 12:00:00 AM,02:10:21,1.18,46.0,30.41,97.0,152.72,3.37,06:19:00,17:55:00
10550,1477051518,10/21/2016 12:00:00 AM,02:05:18,1.2,46.0,30.41,95.0,168.68,5.62,06:19:00,17:55:00
10551,1477051218,10/21/2016 12:00:00 AM,02:00:18,1.22,46.0,30.42,93.0,100.72,6.75,06:19:00,17:55:00
10552,1477050920,10/21/2016 12:00:00 AM,01:55:20,1.21,46.0,30.42,90.0,117.2,2.25,06:19:00,17:55:00
10553,1477050617,10/21/2016 12:00:00 AM,01:50:17,1.18,46.0,30.41,87.0,150.59,5.62,06:19:00,17:55:00
10554,1477050317,10/21/2016 12:00:00 AM,01:45:17,1.21,45.0,30.42,86.0,147.89,6.75,06:19:00,17:55:00
10555,1477050017,10/21/2016 12:00:00 AM,01:40:17,1.2,45.0,30.42,82.0,131.09,11.25,06:19:00,17:55:00
10556,1477049718,10/21/2016 12:00:00 AM,01:35:18,1.22,45.0,30.42,84.0,159.24,10.12,06:19:00,17:55:00
10557,1477049420,10/21/2016 12:00:00 AM,01:30:20,1.21,45.0,30.42,82.0,163.29,13.5,06:19:00,17:55:00
10558,1477049120,10/21/2016 12:00:00 AM,01:25:20,1.26,44.0,30.42,85.0,157.89,7.87,06:19:00,17:55:00
10559,1477048821,10/21/2016 12:00:00 AM,01:20:21,1.22,44.0,30.42,90.0,184.73,12.37,06:19:00,17:55:00
10560,1477048519,10/21/2016 12:00:00 AM,01:15:19,1.19,44.0,30.42,94.0,146.4,6.75,06:19:00,17:55:00
10561,1477048221,10/21/2016 12:00:00 AM,01:10:21,1.18,44.0,30.42,97.0,167.25,9.0,06:19:00,17:55:00
10562,1477047918,10/21/2016 12:00:00 AM,01:05:18,1.2,44.0,30.43,99.0,163.08,14.62,06:19:00,17:55:00
10563,1477047618,10/21/2016 12:00:00 AM,01:00:18,1.22,44.0,30.43,100.0,149.51,9.0,06:19:00,17:55:00
10564,1477047318,10/21/2016 12:00:00 AM,00:55:18,1.24,44.0,30.43,100.0,150.35,4.5,06:19:00,17:55:00
10565,1477047018,10/21/2016 12:00:00 AM,00:50:18,1.21,45.0,30.44,100.0,157.42,5.62,06:19:00,17:55:00
10566,1477046720,10/21/2016 12:00:00 AM,00:45:20,1.2,45.0,30.44,100.0,129.84,4.5,06:19:00,17:55:00
10567,1477046418,10/21/2016 12:00:00 AM,00:40:18,1.17,45.0,30.44,100.0,99.57,12.37,06:19:00,17:55:00
10568,1477046120,10/21/2016 12:00:00 AM,00:35:20,1.23,45.0,30.44,100.0,54.63,3.37,06:19:00,17:55:00
10569,1477045818,10/21/2016 12:00:00 AM,00:30:18,1.21,45.0,30.44,99.0,158.99,5.62,06:19:00,17:55:00
10570,1477045520,10/21/2016 12:00:00 AM,00:25:20,1.21,45.0,30.44,99.0,114.67,6.75,06:19:00,17:55:00
10571,1477045218,10/21/2016 12:00:00 AM,00:20:18,1.19,45.0,30.44,98.0,132.67,9.0,06:19:00,17:55:00
10572,1477044918,10/21/2016 12:00:00 AM,00:15:18,1.19,45.0,30.44,97.0,136.23,4.5,06:19:00,17:55:00
10573,1477044618,10/21/2016 12:00:00 AM,00:10:18,1.2,45.0,30.44,96.0,118.88,7.87,06:19:00,17:55:00
10574,1477044318,10/21/2016 12:00:00 AM,00:05:18,1.23,45.0,30.45,95.0,142.85,3.37,06:19:00,17:55:00
10575,1477044017,10/21/2016 12:00:00 AM,00:00:17,1.18,46.0,30.44,93.0,152.68,4.5,06:19:00,17:55:00
10576,1477043718,10/20/2016 12:00:00 AM,23:55:18,1.23,45.0,30.45,92.0,41.9,3.37,06:19:00,17:56:00
10577,1477043420,10/20/2016 12:00:00 AM,23:50:20,1.21,44.0,30.44,89.0,119.34,4.5,06:19:00,17:56:00
10578,1477043119,10/20/2016 12:00:00 AM,23:45:19,1.23,44.0,30.44,90.0,188.35,7.87,06:19:00,17:56:00
10579,1477042820,10/20/2016 12:00:00 AM,23:40:20,1.22,44.0,30.45,93.0,153.48,3.37,06:19:00,17:56:00
10580,1477042518,10/20/2016 12:00:00 AM,23:35:18,1.21,44.0,30.45,96.0,139.69,12.37,06:19:00,17:56:00
10581,1477042221,10/20/2016 12:00:00 AM,23:30:21,1.19,44.0,30.423028000868246,97.0,157.1,14.62,06:19:00,17:56:00
10582,1477041920,10/20/2016 12:00:00 AM,23:25:20,1.21,44.0,30.45,97.0,167.08,4.5,06:19:00,17:56:00
10583,1477041620,10/20/2016 12:00:00 AM,23:20:20,1.19,44.0,30.45,98.0,167.96,2.25,06:19:00,17:56:00
10584,1477041320,10/20/2016 12:00:00 AM,23:15:20,1.23,44.0,30.45,97.0,96.02,4.5,06:19:00,17:56:00
10585,1477041020,10/20/2016 12:00:00 AM,23:10:20,1.22,44.0,30.45,97.0,142.74,5.62,06:19:00,17:56:00
10586,1477040720,10/20/2016 12:00:00 AM,23:05:20,1.21,44.0,30.45,96.0,91.72,5.62,06:19:00,17:56:00
10587,1477040420,10/20/2016 12:00:00 AM,23:00:20,1.21,45.0,30.45,96.0,29.01,4.5,06:19:00,17:56:00
10588,1477040120,10/20/2016 12:00:00 AM,22:55:20,1.21,45.0,30.45,95.0,100.42,2.25,06:19:00,17:56:00
10589,1477039817,10/20/2016 12:00:00 AM,22:50:17,1.19,45.0,30.45,94.0,145.77,5.62,06:19:00,17:56:00
10590,1477039518,10/20/2016 12:00:00 AM,22:45:18,1.23,45.0,30.45,93.0,127.8,6.75,06:19:00,17:56:00
10591,1477039220,10/20/2016 12:00:00 AM,22:40:20,1.19,45.0,30.45,92.0,169.33,7.87,06:19:00,17:56:00
10592,1477038917,10/20/2016 12:00:00 AM,22:35:17,1.22,45.0,30.45,95.0,132.65,4.5,06:19:00,17:56:00
10593,1477038618,10/20/2016 12:00:00 AM,22:30:18,1.19,45.0,30.45,98.0,171.35,11.25,06:19:00,17:56:00
10594,1477038321,10/20/2016 12:00:00 AM,22:25:21,1.21,45.0,30.45,99.0,134.39,6.75,06:19:00,17:56:00
10595,1477038020,10/20/2016 12:00:00 AM,22:20:20,1.21,45.0,30.45,100.0,116.63,9.0,06:19:00,17:56:00
10596,1477037721,10/20/2016 12:00:00 AM,22:15:21,1.21,45.0,30.45,100.0,55.87,3.37,06:19:00,17:56:00
10597,1477037418,10/20/2016 12:00:00 AM,22:10:18,1.22,46.0,30.46,100.0,81.95,5.62,06:19:00,17:56:00
10598,1477037118,10/20/2016 12:00:00 AM,22:05:18,1.19,46.0,30.46,100.0,336.51,5.62,06:19:00,17:56:00
10599,1477036818,10/20/2016 12:00:00 AM,22:00:18,1.22,46.0,30.45,100.0,95.57,7.87,06:19:00,17:56:00
10600,1477036518,10/20/2016 12:00:00 AM,21:55:18,1.23,46.0,30.46,100.0,93.61,4.5,06:19:00,17:56:00
10601,1477036219,10/20/2016 12:00:00 AM,21:50:19,1.24,46.0,30.46,100.0,64.75,7.87,06:19:00,17:56:00
10602,1477035918,10/20/2016 12:00:00 AM,21:45:18,1.19,46.0,30.45,100.0,161.67,5.62,06:19:00,17:56:00
10603,1477035618,10/20/2016 12:00:00 AM,21:40:18,1.24,46.0,30.45,100.0,124.28,3.37,06:19:00,17:56:00
10604,1477035320,10/20/2016 12:00:00 AM,21:35:20,1.23,46.0,30.46,100.0,153.22,2.25,06:19:00,17:56:00
10605,1477035018,10/20/2016 12:00:00 AM,21:30:18,1.24,46.0,30.45,100.0,122.73,5.62,06:19:00,17:56:00
10606,1477034721,10/20/2016 12:00:00 AM,21:25:21,1.2,46.0,30.45,100.0,156.26,7.87,06:19:00,17:56:00
10607,1477034417,10/20/2016 12:00:00 AM,21:20:17,1.21,46.0,30.45,99.0,135.12,10.12,06:19:00,17:56:00
10608,1477034118,10/20/2016 12:00:00 AM,21:15:18,1.26,46.0,30.45,99.0,124.87,9.0,06:19:00,17:56:00
10609,1477033817,10/20/2016 12:00:00 AM,21:10:17,1.22,46.0,30.45,99.0,118.11,3.37,06:19:00,17:56:00
10610,1477033519,10/20/2016 12:00:00 AM,21:05:19,1.26,46.0,30.46,98.0,111.53,5.62,06:19:00,17:56:00
10611,1477033220,10/20/2016 12:00:00 AM,21:00:20,1.19,46.0,30.46,98.0,139.76,0.0,06:19:00,17:56:00
10612,1477032918,10/20/2016 12:00:00 AM,20:55:18,1.2,46.0,30.46,98.0,94.01,6.75,06:19:00,17:56:00
10613,1477032618,10/20/2016 12:00:00 AM,20:50:18,1.21,46.0,30.46,97.0,38.48,1.12,06:19:00,17:56:00
10614,1477032318,10/20/2016 12:00:00 AM,20:45:18,1.21,46.0,30.45,97.0,96.53,4.5,06:19:00,17:56:00
10615,1477032018,10/20/2016 12:00:00 AM,20:40:18,1.2,45.0,30.45,97.0,171.27,5.62,06:19:00,17:56:00
10616,1477031718,10/20/2016 12:00:00 AM,20:35:18,1.23,45.0,30.45,95.0,152.06,6.75,06:19:00,17:56:00
10617,1477031420,10/20/2016 12:00:00 AM,20:30:20,1.23,45.0,30.45,94.0,171.36,9.0,06:19:00,17:56:00
10618,1477031121,10/20/2016 12:00:00 AM,20:25:21,1.19,44.0,30.45,93.0,178.72,9.0,06:19:00,17:56:00
10619,1477030817,10/20/2016 12:00:00 AM,20:20:17,1.22,44.0,30.45,92.0,178.44,11.25,06:19:00,17:56:00
10620,1477030520,10/20/2016 12:00:00 AM,20:15:20,1.18,44.0,30.45,90.0,149.96,7.87,06:19:00,17:56:00
10621,1477030220,10/20/2016 12:00:00 AM,20:10:20,1.2,44.0,30.45,92.0,155.39,7.87,06:19:00,17:56:00
10622,1477029917,10/20/2016 12:00:00 AM,20:05:17,1.18,44.0,30.45,94.0,161.63,13.5,06:19:00,17:56:00
10623,1477029618,10/20/2016 12:00:00 AM,20:00:18,1.23,44.0,30.45,95.0,171.18,7.87,06:19:00,17:56:00
10624,1477029321,10/20/2016 12:00:00 AM,19:55:21,1.21,44.0,30.45,95.0,117.52,10.12,06:19:00,17:56:00
10625,1477029018,10/20/2016 12:00:00 AM,19:50:18,1.16,44.0,30.45,94.0,131.08,5.62,06:19:00,17:56:00
10626,1477028718,10/20/2016 12:00:00 AM,19:45:18,1.22,44.0,30.45,94.0,133.31,9.0,06:19:00,17:56:00
10627,1477028419,10/20/2016 12:00:00 AM,19:40:19,1.19,44.0,30.45,95.0,138.48,9.0,06:19:00,17:56:00
10628,1477028118,10/20/2016 12:00:00 AM,19:35:18,1.22,44.0,30.45,94.0,97.68,5.62,06:19:00,17:56:00
10629,1477027818,10/20/2016 12:00:00 AM,19:30:18,1.19,44.0,30.45,94.0,162.96,3.37,06:19:00,17:56:00
10630,1477027518,10/20/2016 12:00:00 AM,19:25:18,1.22,44.0,30.45,94.0,127.97,4.5,06:19:00,17:56:00
10631,1477027218,10/20/2016 12:00:00 AM,19:20:18,1.2,45.0,30.45,94.0,114.09,6.75,06:19:00,17:56:00
10632,1477026918,10/20/2016 12:00:00 AM,19:15:18,1.19,45.0,30.44,95.0,104.14,5.62,06:19:00,17:56:00
10633,1477026617,10/20/2016 12:00:00 AM,19:10:17,1.2,45.0,30.44,95.0,121.37,7.87,06:19:00,17:56:00
10634,1477026321,10/20/2016 12:00:00 AM,19:05:21,1.23,45.0,30.44,95.0,45.22,4.5,06:19:00,17:56:00
10635,1477026020,10/20/2016 12:00:00 AM,19:00:20,1.21,45.0,30.44,96.0,75.94,2.25,06:19:00,17:56:00
10636,1477025718,10/20/2016 12:00:00 AM,18:55:18,1.21,45.0,30.44,96.0,153.07,3.37,06:19:00,17:56:00
10637,1477025421,10/20/2016 12:00:00 AM,18:50:21,1.2,46.0,30.44,95.0,81.21,4.5,06:19:00,17:56:00
10638,1477025121,10/20/2016 12:00:00 AM,18:45:21,1.19,46.0,30.44,94.0,122.21,4.5,06:19:00,17:56:00
10639,1477024817,10/20/2016 12:00:00 AM,18:40:17,1.24,46.0,30.44,93.0,69.76,4.5,06:19:00,17:56:00
10640,1477024520,10/20/2016 12:00:00 AM,18:35:20,1.2,46.0,30.44,94.0,133.34,4.5,06:19:00,17:56:00
10641,1477024219,10/20/2016 12:00:00 AM,18:30:19,1.18,46.0,30.44,95.0,110.41,7.87,06:19:00,17:56:00
10642,1477023918,10/20/2016 12:00:00 AM,18:25:18,1.18,46.0,30.44,94.0,84.02,4.5,06:19:00,17:56:00
10643,1477023620,10/20/2016 12:00:00 AM,18:20:20,1.22,46.0,30.44,92.0,148.68,5.62,06:19:00,17:56:00
10644,1477023318,10/20/2016 12:00:00 AM,18:15:18,1.24,47.0,30.44,93.0,137.75,10.12,06:19:00,17:56:00
10645,1477023020,10/20/2016 12:00:00 AM,18:10:20,1.24,47.0,30.43,93.0,159.29,4.5,06:19:00,17:56:00
10646,1477022718,10/20/2016 12:00:00 AM,18:05:18,1.99,47.0,30.43,90.0,74.88,2.25,06:19:00,17:56:00
10647,1477022420,10/20/2016 12:00:00 AM,18:00:20,3.53,48.0,30.43,90.0,90.41,6.75,06:19:00,17:56:00
10648,1477022121,10/20/2016 12:00:00 AM,17:55:21,5.76,48.0,30.43,91.0,61.68,4.5,06:19:00,17:56:00
10649,1477021821,10/20/2016 12:00:00 AM,17:50:21,8.06,48.0,30.43,92.0,78.27,4.5,06:19:00,17:56:00
10650,1477021521,10/20/2016 12:00:00 AM,17:45:21,10.45,48.0,30.43,91.0,117.79,3.37,06:19:00,17:56:00
10651,1477021217,10/20/2016 12:00:00 AM,17:40:17,22.43,49.0,30.43,89.0,55.76,2.25,06:19:00,17:56:00
10652,1477020918,10/20/2016 12:00:00 AM,17:35:18,26.77,50.0,30.43,88.0,54.85,4.5,06:19:00,17:56:00
10653,1477020617,10/20/2016 12:00:00 AM,17:30:17,37.44,50.0,30.43,90.0,91.12,6.75,06:19:00,17:56:00
10654,1477020320,10/20/2016 12:00:00 AM,17:25:20,54.71,51.0,30.43,89.0,41.42,4.5,06:19:00,17:56:00
10655,1477020020,10/20/2016 12:00:00 AM,17:20:20,102.24,51.0,30.43,88.0,30.51,9.0,06:19:00,17:56:00
10656,1477019720,10/20/2016 12:00:00 AM,17:15:20,98.33,51.0,30.43,85.0,73.92,4.5,06:19:00,17:56:00
10657,1477019418,10/20/2016 12:00:00 AM,17:10:18,124.48,51.0,30.43,84.0,114.82,5.62,06:19:00,17:56:00
10658,1477019118,10/20/2016 12:00:00 AM,17:05:18,154.98,52.0,30.43,84.0,65.24,5.62,06:19:00,17:56:00
10659,1477018819,10/20/2016 12:00:00 AM,17:00:19,220.02,52.0,30.42,87.0,91.94,1.12,06:19:00,17:56:00
10660,1477018518,10/20/2016 12:00:00 AM,16:55:18,215.7,52.0,30.43,85.0,71.12,3.37,06:19:00,17:56:00
10661,1477018220,10/20/2016 12:00:00 AM,16:50:20,226.68,52.0,30.43,85.0,34.82,4.5,06:19:00,17:56:00
10662,1477017917,10/20/2016 12:00:00 AM,16:45:17,302.21,52.0,30.42,85.0,121.07,4.5,06:19:00,17:56:00
10663,1477017620,10/20/2016 12:00:00 AM,16:40:20,318.78,53.0,30.42,84.0,25.7,9.0,06:19:00,17:56:00
10664,1477017321,10/20/2016 12:00:00 AM,16:35:21,304.32,53.0,30.42,85.0,65.21,7.87,06:19:00,17:56:00
10665,1477017023,10/20/2016 12:00:00 AM,16:30:23,345.33,53.0,30.42,84.0,63.62,5.62,06:19:00,17:56:00
10666,1477016717,10/20/2016 12:00:00 AM,16:25:17,354.18,54.0,30.42,80.0,63.15,11.25,06:19:00,17:56:00
10667,1477016418,10/20/2016 12:00:00 AM,16:20:18,369.32,54.0,30.42,82.0,25.03,9.0,06:19:00,17:56:00
10668,1477016120,10/20/2016 12:00:00 AM,16:15:20,388.3,55.0,30.42,82.0,6.99,9.0,06:19:00,17:56:00
10669,1477015820,10/20/2016 12:00:00 AM,16:10:20,408.36,55.0,30.42,79.0,84.3,6.75,06:19:00,17:56:00
10670,1477015518,10/20/2016 12:00:00 AM,16:05:18,426.47,55.0,30.42,79.0,81.87,3.37,06:19:00,17:56:00
10671,1477015222,10/20/2016 12:00:00 AM,16:00:22,457.74,54.0,30.42,78.0,127.48,2.25,06:19:00,17:56:00
10672,1477014920,10/20/2016 12:00:00 AM,15:55:20,469.23,54.0,30.42,81.0,125.83,5.62,06:19:00,17:56:00
10673,1477014620,10/20/2016 12:00:00 AM,15:50:20,350.68,54.0,30.42,81.0,67.09,3.37,06:19:00,17:56:00
10674,1477014321,10/20/2016 12:00:00 AM,15:45:21,392.35,54.0,30.42,82.0,10.85,6.75,06:19:00,17:56:00
10675,1477014018,10/20/2016 12:00:00 AM,15:40:18,531.3,54.0,30.42,80.0,57.28,5.62,06:19:00,17:56:00
10676,1477013720,10/20/2016 12:00:00 AM,15:35:20,548.85,54.0,30.43,76.0,27.49,10.12,06:19:00,17:56:00
10677,1477013420,10/20/2016 12:00:00 AM,15:30:20,526.31,55.0,30.43,80.0,15.86,3.37,06:19:00,17:56:00
10678,1477013121,10/20/2016 12:00:00 AM,15:25:21,376.39,55.0,30.43,83.0,14.68,6.75,06:19:00,17:56:00
10679,1477012817,10/20/2016 12:00:00 AM,15:20:17,326.79,56.0,30.43,83.0,21.24,7.87,06:19:00,17:56:00
10680,1477012518,10/20/2016 12:00:00 AM,15:15:18,623.36,56.0,30.43,75.0,40.82,7.87,06:19:00,17:56:00
10681,1477012220,10/20/2016 12:00:00 AM,15:10:20,638.16,56.0,30.43,77.0,42.41,10.12,06:19:00,17:56:00
10682,1477011918,10/20/2016 12:00:00 AM,15:05:18,654.12,56.0,30.42,79.0,40.42,6.75,06:19:00,17:56:00
10683,1477011620,10/20/2016 12:00:00 AM,15:00:20,704.3,56.0,30.42,73.0,68.96,3.37,06:19:00,17:56:00
10684,1477011318,10/20/2016 12:00:00 AM,14:55:18,727.81,56.0,30.42,73.0,0.66,4.5,06:19:00,17:56:00
10685,1477011021,10/20/2016 12:00:00 AM,14:50:21,711.75,56.0,30.42,70.0,47.78,7.87,06:19:00,17:56:00
10686,1477010719,10/20/2016 12:00:00 AM,14:45:19,715.77,56.0,30.42,77.0,29.86,6.75,06:19:00,17:56:00
10687,1477010420,10/20/2016 12:00:00 AM,14:40:20,732.69,56.0,30.42,74.0,5.15,6.75,06:19:00,17:56:00
10688,1477010120,10/20/2016 12:00:00 AM,14:35:20,744.12,56.0,30.43,76.0,36.73,2.25,06:19:00,17:56:00
10689,1477009821,10/20/2016 12:00:00 AM,14:30:21,763.27,56.0,30.42,79.0,4.45,10.12,06:19:00,17:56:00
10690,1477009518,10/20/2016 12:00:00 AM,14:25:18,776.13,56.0,30.43,78.0,11.85,9.0,06:19:00,17:56:00
10691,1477009219,10/20/2016 12:00:00 AM,14:20:19,787.59,56.0,30.43,79.0,359.92,1.12,06:19:00,17:56:00
10692,1477008918,10/20/2016 12:00:00 AM,14:15:18,800.3,56.0,30.43,79.0,19.78,6.75,06:19:00,17:56:00
10693,1477008619,10/20/2016 12:00:00 AM,14:10:19,812.86,56.0,30.43,78.0,16.27,9.0,06:19:00,17:56:00
10694,1477008320,10/20/2016 12:00:00 AM,14:05:20,826.11,56.0,30.43,78.0,4.09,10.12,06:19:00,17:56:00
10695,1477008020,10/20/2016 12:00:00 AM,14:00:20,838.84,56.0,30.43,77.0,54.97,7.87,06:19:00,17:56:00
10696,1477007721,10/20/2016 12:00:00 AM,13:55:21,852.09,56.0,30.43,75.0,54.55,3.37,06:19:00,17:56:00
10697,1477007418,10/20/2016 12:00:00 AM,13:50:18,863.5,56.0,30.43,73.0,63.82,3.37,06:19:00,17:56:00
10698,1477007121,10/20/2016 12:00:00 AM,13:45:21,872.04,56.0,30.43,76.0,44.31,9.0,06:19:00,17:56:00
10699,1477006818,10/20/2016 12:00:00 AM,13:40:18,881.12,56.0,30.43,77.0,336.45,5.62,06:19:00,17:56:00
10700,1477006520,10/20/2016 12:00:00 AM,13:35:20,892.64,56.0,30.43,69.0,71.38,3.37,06:19:00,17:56:00
10701,1477006218,10/20/2016 12:00:00 AM,13:30:18,899.66,57.0,30.43,69.0,33.77,6.75,06:19:00,17:56:00
10702,1477005918,10/20/2016 12:00:00 AM,13:25:18,906.16,56.0,30.43,72.0,359.92,6.75,06:19:00,17:56:00
10703,1477005620,10/20/2016 12:00:00 AM,13:20:20,917.35,56.0,30.44,69.0,44.41,5.62,06:19:00,17:56:00
10704,1477005318,10/20/2016 12:00:00 AM,13:15:18,923.68,57.0,30.44,75.0,28.28,5.62,06:19:00,17:56:00
10705,1477005022,10/20/2016 12:00:00 AM,13:10:22,931.88,57.0,30.44,69.0,17.79,6.75,06:19:00,17:56:00
10706,1477004717,10/20/2016 12:00:00 AM,13:05:17,940.1,57.0,30.44,68.0,69.32,4.5,06:19:00,17:56:00
10707,1477004418,10/20/2016 12:00:00 AM,13:00:18,944.15,57.0,30.44,69.0,24.55,3.37,06:19:00,17:56:00
10708,1477004118,10/20/2016 12:00:00 AM,12:55:18,949.25,57.0,30.44,63.0,359.0,4.5,06:19:00,17:56:00
10709,1477003818,10/20/2016 12:00:00 AM,12:50:18,954.43,57.0,30.45,64.0,24.46,6.75,06:19:00,17:56:00
10710,1477003523,10/20/2016 12:00:00 AM,12:45:23,961.2,56.0,30.45,66.0,13.26,3.37,06:19:00,17:56:00
10711,1477003219,10/20/2016 12:00:00 AM,12:40:19,965.02,56.0,30.45,63.0,42.04,4.5,06:19:00,17:56:00
10712,1477002918,10/20/2016 12:00:00 AM,12:35:18,968.33,56.0,30.45,61.0,64.02,4.5,06:19:00,17:56:00
10713,1477002620,10/20/2016 12:00:00 AM,12:30:20,969.47,56.0,30.45,64.0,32.2,9.0,06:19:00,17:56:00
10714,1477002318,10/20/2016 12:00:00 AM,12:25:18,974.27,57.0,30.45,62.0,10.04,5.62,06:19:00,17:56:00
10715,1477002017,10/20/2016 12:00:00 AM,12:20:17,978.07,57.0,30.45,65.0,68.42,3.37,06:19:00,17:56:00
10716,1477001718,10/20/2016 12:00:00 AM,12:15:18,977.68,57.0,30.45,61.0,20.58,4.5,06:19:00,17:56:00
10717,1477001418,10/20/2016 12:00:00 AM,12:10:18,979.58,56.0,30.46,51.0,14.81,3.37,06:19:00,17:56:00
10718,1477001118,10/20/2016 12:00:00 AM,12:05:18,981.07,56.0,30.46,55.0,0.12,6.75,06:19:00,17:56:00
10719,1477000819,10/20/2016 12:00:00 AM,12:00:19,977.62,56.0,30.46,63.0,42.77,10.12,06:19:00,17:56:00
10720,1477000518,10/20/2016 12:00:00 AM,11:55:18,977.87,56.0,30.46,54.0,63.56,4.5,06:19:00,17:56:00
10721,1477000218,10/20/2016 12:00:00 AM,11:50:18,975.9,57.0,30.46,53.0,46.65,10.12,06:19:00,17:56:00
10722,1476999920,10/20/2016 12:00:00 AM,11:45:20,974.94,57.0,30.46,56.0,17.54,2.25,06:19:00,17:56:00
10723,1476999620,10/20/2016 12:00:00 AM,11:40:20,971.29,56.0,30.46,55.0,23.78,1.12,06:19:00,17:56:00
10724,1476999321,10/20/2016 12:00:00 AM,11:35:21,969.0,56.0,30.47,54.0,5.9,9.0,06:19:00,17:56:00
10725,1476999021,10/20/2016 12:00:00 AM,11:30:21,965.71,56.0,30.46,54.0,66.34,6.75,06:19:00,17:56:00
10726,1476998721,10/20/2016 12:00:00 AM,11:25:21,961.23,56.0,30.47,52.0,1.47,6.75,06:19:00,17:56:00
10727,1476998418,10/20/2016 12:00:00 AM,11:20:18,956.26,56.0,30.47,57.0,48.05,7.87,06:19:00,17:56:00
10728,1476998121,10/20/2016 12:00:00 AM,11:15:21,953.16,56.0,30.47,54.0,45.62,5.62,06:19:00,17:56:00
10729,1476997820,10/20/2016 12:00:00 AM,11:10:20,944.88,56.0,30.47,55.0,29.02,2.25,06:19:00,17:56:00
10730,1476997520,10/20/2016 12:00:00 AM,11:05:20,942.19,56.0,30.47,56.0,65.53,6.75,06:19:00,17:56:00
10731,1476997218,10/20/2016 12:00:00 AM,11:00:18,933.2,56.0,30.47,53.0,16.2,4.5,06:19:00,17:56:00
10732,1476996919,10/20/2016 12:00:00 AM,10:55:19,924.74,55.0,30.47,57.0,75.23,5.62,06:19:00,17:56:00
10733,1476996619,10/20/2016 12:00:00 AM,10:50:19,918.89,55.0,30.48,54.0,35.01,5.62,06:19:00,17:56:00
10734,1476996318,10/20/2016 12:00:00 AM,10:45:18,909.65,55.0,30.48,53.0,36.98,10.12,06:19:00,17:56:00
10735,1476996022,10/20/2016 12:00:00 AM,10:40:22,899.17,55.0,30.48,54.0,332.82,4.5,06:19:00,17:56:00
10736,1476995721,10/20/2016 12:00:00 AM,10:35:21,890.05,55.0,30.48,52.0,156.13,4.5,06:19:00,17:56:00
10737,1476995418,10/20/2016 12:00:00 AM,10:30:18,880.35,55.0,30.48,56.0,76.75,6.75,06:19:00,17:56:00
10738,1476995120,10/20/2016 12:00:00 AM,10:25:20,870.11,55.0,30.48,59.0,98.58,5.62,06:19:00,17:56:00
10739,1476994820,10/20/2016 12:00:00 AM,10:20:20,857.73,55.0,30.48,53.0,19.65,4.5,06:19:00,17:56:00
10740,1476994518,10/20/2016 12:00:00 AM,10:15:18,847.49,55.0,30.48,55.0,17.53,5.62,06:19:00,17:56:00
10741,1476994221,10/20/2016 12:00:00 AM,10:10:21,835.41,55.0,30.48,57.0,14.92,4.5,06:19:00,17:56:00
10742,1476993919,10/20/2016 12:00:00 AM,10:05:19,824.63,54.0,30.48,58.0,48.87,6.75,06:19:00,17:56:00
10743,1476993618,10/20/2016 12:00:00 AM,10:00:18,812.56,54.0,30.48,56.0,38.02,6.75,06:19:00,17:56:00
10744,1476993318,10/20/2016 12:00:00 AM,09:55:18,799.3,54.0,30.48,59.0,16.14,2.25,06:19:00,17:56:00
10745,1476993018,10/20/2016 12:00:00 AM,09:50:18,786.14,54.0,30.48,55.0,67.5,9.0,06:19:00,17:56:00
10746,1476992718,10/20/2016 12:00:00 AM,09:45:18,772.03,54.0,30.48,59.0,40.57,2.25,06:19:00,17:56:00
10747,1476992418,10/20/2016 12:00:00 AM,09:40:18,759.04,54.0,30.48,56.0,85.27,6.75,06:19:00,17:56:00
10748,1476992121,10/20/2016 12:00:00 AM,09:35:21,743.65,54.0,30.48,59.0,19.47,3.37,06:19:00,17:56:00
10749,1476991820,10/20/2016 12:00:00 AM,09:30:20,728.51,53.0,30.48,57.0,31.28,5.62,06:19:00,17:56:00
10750,1476991521,10/20/2016 12:00:00 AM,09:25:21,714.16,53.0,30.48,55.0,72.93,3.37,06:19:00,17:56:00
10751,1476991218,10/20/2016 12:00:00 AM,09:20:18,696.73,54.0,30.48,57.0,6.88,4.5,06:19:00,17:56:00
10752,1476990918,10/20/2016 12:00:00 AM,09:15:18,680.39,54.0,30.48,59.0,53.37,2.25,06:19:00,17:56:00
10753,1476990618,10/20/2016 12:00:00 AM,09:10:18,663.35,54.0,30.48,59.0,0.15,2.25,06:19:00,17:56:00
10754,1476990318,10/20/2016 12:00:00 AM,09:05:18,645.3,54.0,30.48,59.0,43.88,5.62,06:19:00,17:56:00
10755,1476990018,10/20/2016 12:00:00 AM,09:00:18,627.81,53.0,30.48,60.0,104.92,1.12,06:19:00,17:56:00
10756,1476989720,10/20/2016 12:00:00 AM,08:55:20,609.59,53.0,30.48,58.0,78.95,3.37,06:19:00,17:56:00
10757,1476989417,10/20/2016 12:00:00 AM,08:50:17,592.25,53.0,30.48,61.0,88.72,3.37,06:19:00,17:56:00
10758,1476989118,10/20/2016 12:00:00 AM,08:45:18,572.44,52.0,30.48,61.0,82.41,6.75,06:19:00,17:56:00
10759,1476988819,10/20/2016 12:00:00 AM,08:40:19,554.09,52.0,30.48,58.0,90.42,2.25,06:19:00,17:56:00
10760,1476988520,10/20/2016 12:00:00 AM,08:35:20,533.56,52.0,30.47,65.0,67.79,6.75,06:19:00,17:56:00
10761,1476988218,10/20/2016 12:00:00 AM,08:30:18,514.45,52.0,30.48,62.0,87.84,7.87,06:19:00,17:56:00
10762,1476987921,10/20/2016 12:00:00 AM,08:25:21,495.15,51.0,30.48,64.0,61.12,3.37,06:19:00,17:56:00
10763,1476987622,10/20/2016 12:00:00 AM,08:20:22,479.05,51.0,30.47,68.0,42.31,4.5,06:19:00,17:56:00
10764,1476987318,10/20/2016 12:00:00 AM,08:15:18,460.83,51.0,30.47,66.0,63.18,1.12,06:19:00,17:56:00
10765,1476987019,10/20/2016 12:00:00 AM,08:10:19,440.57,51.0,30.47,65.0,87.54,4.5,06:19:00,17:56:00
10766,1476986721,10/20/2016 12:00:00 AM,08:05:21,422.05,51.0,30.47,66.0,167.67,5.62,06:19:00,17:56:00
10767,1476986417,10/20/2016 12:00:00 AM,08:00:17,402.58,50.0,30.47,68.0,52.15,2.25,06:19:00,17:56:00
10768,1476986120,10/20/2016 12:00:00 AM,07:55:20,383.56,50.0,30.47,69.0,165.61,6.75,06:19:00,17:56:00
10769,1476985820,10/20/2016 12:00:00 AM,07:50:20,364.62,49.0,30.47,73.0,84.5,3.37,06:19:00,17:56:00
10770,1476985520,10/20/2016 12:00:00 AM,07:45:20,346.11,49.0,30.46,73.0,138.09,4.5,06:19:00,17:56:00
10771,1476985218,10/20/2016 12:00:00 AM,07:40:18,325.84,48.0,30.46,76.0,126.85,9.0,06:19:00,17:56:00
10772,1476984921,10/20/2016 12:00:00 AM,07:35:21,301.83,47.0,30.46,77.0,141.54,5.62,06:19:00,17:56:00
10773,1476984618,10/20/2016 12:00:00 AM,07:30:18,274.93,46.0,30.46,76.0,90.95,3.37,06:19:00,17:56:00
10774,1476984318,10/20/2016 12:00:00 AM,07:25:18,23.26,45.0,30.46,80.0,125.97,5.62,06:19:00,17:56:00
10775,1476984018,10/20/2016 12:00:00 AM,07:20:18,21.94,45.0,30.46,82.0,137.02,4.5,06:19:00,17:56:00
10776,1476983720,10/20/2016 12:00:00 AM,07:15:20,20.61,45.0,30.46,83.0,164.48,4.5,06:19:00,17:56:00
10777,1476983418,10/20/2016 12:00:00 AM,07:10:18,20.05,44.0,30.46,83.0,154.47,3.37,06:19:00,17:56:00
10778,1476983119,10/20/2016 12:00:00 AM,07:05:19,19.37,44.0,30.46,84.0,150.35,4.5,06:19:00,17:56:00
10779,1476982820,10/20/2016 12:00:00 AM,07:00:20,18.57,44.0,30.46,86.0,161.4,5.62,06:19:00,17:56:00
10780,1476982518,10/20/2016 12:00:00 AM,06:55:18,17.72,44.0,30.46,87.0,141.61,5.62,06:19:00,17:56:00
10781,1476982221,10/20/2016 12:00:00 AM,06:50:21,16.73,44.0,30.46,85.0,165.4,5.62,06:19:00,17:56:00
10782,1476981920,10/20/2016 12:00:00 AM,06:45:20,15.61,44.0,30.46,85.0,160.35,5.62,06:19:00,17:56:00
10783,1476981618,10/20/2016 12:00:00 AM,06:40:18,14.29,44.0,30.46,86.0,155.77,3.37,06:19:00,17:56:00
10784,1476981318,10/20/2016 12:00:00 AM,06:35:18,12.73,44.0,30.46,85.0,158.57,3.37,06:19:00,17:56:00
10785,1476981018,10/20/2016 12:00:00 AM,06:30:18,10.89,44.0,30.45,86.0,149.16,2.25,06:19:00,17:56:00
10786,1476980717,10/20/2016 12:00:00 AM,06:25:17,8.89,44.0,30.45,86.0,164.18,3.37,06:19:00,17:56:00
10787,1476980418,10/20/2016 12:00:00 AM,06:20:18,6.79,44.0,30.423028000868246,87.0,167.43,4.5,06:19:00,17:56:00
10788,1476980117,10/20/2016 12:00:00 AM,06:15:17,4.41,44.0,30.45,87.0,158.02,4.5,06:19:00,17:56:00
10789,1476979819,10/20/2016 12:00:00 AM,06:10:19,2.47,44.0,30.45,87.0,164.34,6.75,06:19:00,17:56:00
10790,1476979521,10/20/2016 12:00:00 AM,06:05:21,1.19,44.0,30.45,87.0,163.49,5.62,06:19:00,17:56:00
10791,1476979219,10/20/2016 12:00:00 AM,06:00:19,1.21,44.0,30.45,88.0,165.03,4.5,06:19:00,17:56:00
10792,1476978918,10/20/2016 12:00:00 AM,05:55:18,1.21,44.0,30.45,88.0,158.57,4.5,06:19:00,17:56:00
10793,1476978620,10/20/2016 12:00:00 AM,05:50:20,1.2,45.0,30.44,90.0,143.2,4.5,06:19:00,17:56:00
10794,1476978319,10/20/2016 12:00:00 AM,05:45:19,1.19,45.0,30.44,90.0,158.88,3.37,06:19:00,17:56:00
10795,1476978018,10/20/2016 12:00:00 AM,05:40:18,1.18,45.0,30.45,92.0,150.64,1.12,06:19:00,17:56:00
10796,1476977720,10/20/2016 12:00:00 AM,05:35:20,1.18,45.0,30.45,94.0,150.73,3.37,06:19:00,17:56:00
10797,1476977420,10/20/2016 12:00:00 AM,05:30:20,1.19,46.0,30.44,96.0,144.19,3.37,06:19:00,17:56:00
10798,1476977119,10/20/2016 12:00:00 AM,05:25:19,1.22,46.0,30.44,99.0,165.75,6.75,06:19:00,17:56:00
10799,1476976820,10/20/2016 12:00:00 AM,05:20:20,1.21,51.16507236474315,30.44,101.0,157.1,4.5,06:19:00,17:56:00
10800,1476976518,10/20/2016 12:00:00 AM,05:15:18,1.24,46.0,30.44,101.0,160.08,3.37,06:19:00,17:56:00
10801,1476976221,10/20/2016 12:00:00 AM,05:10:21,1.18,46.0,30.44,102.0,126.49,3.37,06:19:00,17:56:00
10802,1476975918,10/20/2016 12:00:00 AM,05:05:18,1.19,47.0,30.44,102.0,127.58,4.5,06:19:00,17:56:00
10803,1476975620,10/20/2016 12:00:00 AM,05:00:20,1.2,47.0,30.44,102.0,102.11,3.37,06:19:00,17:56:00
10804,1476975318,10/20/2016 12:00:00 AM,04:55:18,1.22,47.0,30.44,102.0,106.03,2.25,06:19:00,17:56:00
10805,1476975018,10/20/2016 12:00:00 AM,04:50:18,1.23,47.0,30.44,102.0,126.05,4.5,06:19:00,17:56:00
10806,1476974718,10/20/2016 12:00:00 AM,04:45:18,1.23,47.0,30.44,102.0,100.36,2.25,06:19:00,17:56:00
10807,1476974417,10/20/2016 12:00:00 AM,04:40:17,1.2,48.0,30.44,102.0,107.67,1.12,06:19:00,17:56:00
10808,1476974119,10/20/2016 12:00:00 AM,04:35:19,1.19,48.0,30.44,102.0,113.61,2.25,06:19:00,17:56:00
10809,1476973820,10/20/2016 12:00:00 AM,04:30:20,1.22,48.0,30.44,102.0,143.49,1.12,06:19:00,17:56:00
10810,1476973521,10/20/2016 12:00:00 AM,04:25:21,1.28,48.0,30.44,102.0,143.5,0.0,06:19:00,17:56:00
10811,1476973220,10/20/2016 12:00:00 AM,04:20:20,1.29,47.0,30.43,102.0,143.64,3.37,06:19:00,17:56:00
10812,1476972918,10/20/2016 12:00:00 AM,04:15:18,1.24,47.0,30.43,102.0,143.61,2.25,06:19:00,17:56:00
10813,1476972618,10/20/2016 12:00:00 AM,04:10:18,1.23,47.0,30.43,102.0,143.34,5.62,06:19:00,17:56:00
10814,1476972319,10/20/2016 12:00:00 AM,04:05:19,1.26,47.0,30.43,102.0,142.29,3.37,06:19:00,17:56:00
10815,1476972018,10/20/2016 12:00:00 AM,04:00:18,1.24,47.0,30.43,102.0,142.27,2.25,06:19:00,17:56:00
10816,1476971717,10/20/2016 12:00:00 AM,03:55:17,1.23,47.0,30.43,102.0,143.36,2.25,06:19:00,17:56:00
10817,1476971419,10/20/2016 12:00:00 AM,03:50:19,1.27,47.0,30.43,102.0,143.36,3.37,06:19:00,17:56:00
10818,1476971118,10/20/2016 12:00:00 AM,03:45:18,1.27,47.0,30.43,102.0,142.59,6.75,06:19:00,17:56:00
10819,1476970821,10/20/2016 12:00:00 AM,03:40:21,1.28,47.0,30.43,102.0,140.87,5.62,06:19:00,17:56:00
10820,1476970517,10/20/2016 12:00:00 AM,03:35:17,1.26,47.0,30.43,102.0,140.77,2.25,06:19:00,17:56:00
10821,1476970217,10/20/2016 12:00:00 AM,03:30:17,1.26,47.0,30.43,102.0,140.95,2.25,06:19:00,17:56:00
10822,1476969921,10/20/2016 12:00:00 AM,03:25:21,1.26,47.0,30.43,102.0,140.95,4.5,06:19:00,17:56:00
10823,1476969618,10/20/2016 12:00:00 AM,03:20:18,1.27,47.0,30.43,102.0,141.02,3.37,06:19:00,17:56:00
10824,1476969320,10/20/2016 12:00:00 AM,03:15:20,1.26,47.0,30.42,102.0,141.74,3.37,06:19:00,17:56:00
10825,1476969020,10/20/2016 12:00:00 AM,03:10:20,1.26,47.0,30.42,102.0,141.83,5.62,06:19:00,17:56:00
10826,1476968720,10/20/2016 12:00:00 AM,03:05:20,1.28,47.0,30.43,102.0,140.07,4.5,06:19:00,17:56:00
10827,1476968418,10/20/2016 12:00:00 AM,03:00:18,1.27,48.0,30.43,102.0,137.05,3.37,06:19:00,17:56:00
10828,1476968118,10/20/2016 12:00:00 AM,02:55:18,1.28,48.0,30.43,102.0,131.57,4.5,06:19:00,17:56:00
10829,1476967821,10/20/2016 12:00:00 AM,02:50:21,1.28,48.0,30.43,102.0,130.74,1.12,06:19:00,17:56:00
10830,1476967518,10/20/2016 12:00:00 AM,02:45:18,1.29,48.0,30.43,102.0,130.61,4.5,06:19:00,17:56:00
10831,1476967220,10/20/2016 12:00:00 AM,02:40:20,1.25,48.0,30.43,102.0,130.62,2.25,06:19:00,17:56:00
10832,1476966918,10/20/2016 12:00:00 AM,02:35:18,1.27,49.0,30.43,102.0,130.62,1.12,06:19:00,17:56:00
10833,1476966623,10/20/2016 12:00:00 AM,02:30:23,1.27,49.0,30.43,102.0,130.63,2.25,06:19:00,17:56:00
10834,1476966318,10/20/2016 12:00:00 AM,02:25:18,1.29,49.0,30.43,102.0,132.44,2.25,06:19:00,17:56:00
10835,1476966020,10/20/2016 12:00:00 AM,02:20:20,1.26,49.0,30.43,102.0,137.1,1.12,06:19:00,17:56:00
10836,1476965721,10/20/2016 12:00:00 AM,02:15:21,1.25,49.0,30.44,102.0,137.87,1.12,06:19:00,17:56:00
10837,1476965421,10/20/2016 12:00:00 AM,02:10:21,1.3,49.0,30.44,102.0,136.51,3.37,06:19:00,17:56:00
10838,1476965118,10/20/2016 12:00:00 AM,02:05:18,1.3,49.0,30.423028000868246,102.0,139.74,4.5,06:19:00,17:56:00
10839,1476964820,10/20/2016 12:00:00 AM,02:00:20,1.26,49.0,30.44,102.0,140.94,4.5,06:19:00,17:56:00
10840,1476964518,10/20/2016 12:00:00 AM,01:55:18,1.28,49.0,30.44,102.0,139.24,3.37,06:19:00,17:56:00
10841,1476964220,10/20/2016 12:00:00 AM,01:50:20,1.28,49.0,30.44,102.0,136.73,2.25,06:19:00,17:56:00
10842,1476963918,10/20/2016 12:00:00 AM,01:45:18,1.25,49.0,30.44,102.0,136.71,3.37,06:19:00,17:56:00
10843,1476963618,10/20/2016 12:00:00 AM,01:40:18,1.25,50.0,30.44,102.0,113.57,2.25,06:19:00,17:56:00
10844,1476963324,10/20/2016 12:00:00 AM,01:35:24,1.3,50.0,30.44,102.0,74.78,3.37,06:19:00,17:56:00
10845,1476963018,10/20/2016 12:00:00 AM,01:30:18,1.26,50.0,30.44,102.0,60.94,2.25,06:19:00,17:56:00
10846,1476962717,10/20/2016 12:00:00 AM,01:25:17,1.3,50.0,30.45,102.0,126.77,2.25,06:19:00,17:56:00
10847,1476962420,10/20/2016 12:00:00 AM,01:20:20,1.25,50.0,30.45,102.0,144.62,1.12,06:19:00,17:56:00
10848,1476962120,10/20/2016 12:00:00 AM,01:15:20,1.26,50.0,30.45,102.0,116.47,2.25,06:19:00,17:56:00
10849,1476961818,10/20/2016 12:00:00 AM,01:10:18,1.26,50.0,30.45,102.0,167.83,6.75,06:19:00,17:56:00
10850,1476961517,10/20/2016 12:00:00 AM,01:05:17,1.28,50.0,30.45,102.0,86.14,1.12,06:19:00,17:56:00
10851,1476961218,10/20/2016 12:00:00 AM,01:00:18,1.27,50.0,30.45,102.0,120.3,4.5,06:19:00,17:56:00
10852,1476960918,10/20/2016 12:00:00 AM,00:55:18,1.26,50.0,30.45,102.0,86.2,4.5,06:19:00,17:56:00
10853,1476960618,10/20/2016 12:00:00 AM,00:50:18,1.27,50.0,30.46,102.0,111.23,0.0,06:19:00,17:56:00
10854,1476960319,10/20/2016 12:00:00 AM,00:45:19,1.28,50.0,30.45,102.0,132.92,4.5,06:19:00,17:56:00
10855,1476960021,10/20/2016 12:00:00 AM,00:40:21,1.27,50.0,30.45,102.0,124.11,5.62,06:19:00,17:56:00
10856,1476959718,10/20/2016 12:00:00 AM,00:35:18,1.24,50.0,30.46,102.0,134.66,5.62,06:19:00,17:56:00
10857,1476959422,10/20/2016 12:00:00 AM,00:30:22,1.27,50.0,30.46,102.0,157.29,5.62,06:19:00,17:56:00
10858,1476959121,10/20/2016 12:00:00 AM,00:25:21,1.27,50.0,30.46,102.0,162.09,5.62,06:19:00,17:56:00
10859,1476958820,10/20/2016 12:00:00 AM,00:20:20,1.27,50.0,30.46,102.0,154.43,6.75,06:19:00,17:56:00
10860,1476958522,10/20/2016 12:00:00 AM,00:15:22,1.24,50.0,30.46,102.0,131.59,0.0,06:19:00,17:56:00
10861,1476958218,10/20/2016 12:00:00 AM,00:10:18,1.26,50.0,30.46,102.0,128.66,3.37,06:19:00,17:56:00
10862,1476957918,10/20/2016 12:00:00 AM,00:05:18,1.27,50.0,30.47,102.0,80.16,1.12,06:19:00,17:56:00
10863,1476957619,10/20/2016 12:00:00 AM,00:00:19,1.27,50.0,30.47,102.0,133.78,1.12,06:19:00,17:56:00
10864,1476957317,10/19/2016 12:00:00 AM,23:55:17,1.28,50.0,30.47,102.0,129.83,4.5,06:19:00,17:56:00
10865,1476957020,10/19/2016 12:00:00 AM,23:50:20,1.27,50.0,30.47,102.0,122.55,1.12,06:19:00,17:56:00
10866,1476956718,10/19/2016 12:00:00 AM,23:45:18,1.26,50.0,30.47,102.0,163.74,2.25,06:19:00,17:56:00
10867,1476956419,10/19/2016 12:00:00 AM,23:40:19,1.26,51.0,30.47,102.0,160.77,4.5,06:19:00,17:56:00
10868,1476956120,10/19/2016 12:00:00 AM,23:35:20,1.27,51.0,30.48,102.0,155.75,4.5,06:19:00,17:56:00
10869,1476955822,10/19/2016 12:00:00 AM,23:30:22,1.25,51.0,30.48,102.0,160.03,3.37,06:19:00,17:56:00
10870,1476955519,10/19/2016 12:00:00 AM,23:25:19,1.27,51.0,30.48,102.0,154.4,3.37,06:19:00,17:56:00
10871,1476955218,10/19/2016 12:00:00 AM,23:20:18,1.27,51.0,30.48,102.0,135.3,2.25,06:19:00,17:56:00
10872,1476954921,10/19/2016 12:00:00 AM,23:15:21,1.27,51.0,30.48,102.0,123.19,4.5,06:19:00,17:56:00
10873,1476954620,10/19/2016 12:00:00 AM,23:10:20,1.26,50.0,30.48,102.0,115.52,3.37,06:19:00,17:56:00
10874,1476954320,10/19/2016 12:00:00 AM,23:05:20,1.25,50.0,30.48,102.0,99.48,1.12,06:19:00,17:56:00
10875,1476954020,10/19/2016 12:00:00 AM,23:00:20,1.24,51.0,30.48,102.0,119.77,2.25,06:19:00,17:56:00
10876,1476953720,10/19/2016 12:00:00 AM,22:55:20,1.26,51.0,30.48,102.0,77.86,1.12,06:19:00,17:56:00
10877,1476953421,10/19/2016 12:00:00 AM,22:50:21,1.29,51.0,30.48,102.0,129.19,2.25,06:19:00,17:56:00
10878,1476953120,10/19/2016 12:00:00 AM,22:45:20,1.29,51.0,30.48,102.0,136.86,4.5,06:19:00,17:56:00
10879,1476952821,10/19/2016 12:00:00 AM,22:40:21,1.26,51.0,30.48,102.0,142.5,3.37,06:19:00,17:56:00
10880,1476952519,10/19/2016 12:00:00 AM,22:35:19,1.26,51.0,30.48,102.0,127.27,3.37,06:19:00,17:56:00
10881,1476952218,10/19/2016 12:00:00 AM,22:30:18,1.27,51.0,30.48,102.0,138.22,3.37,06:19:00,17:56:00
10882,1476951917,10/19/2016 12:00:00 AM,22:25:17,1.27,51.0,30.49,102.0,91.61,3.37,06:19:00,17:56:00
10883,1476951621,10/19/2016 12:00:00 AM,22:20:21,1.25,51.0,30.49,102.0,130.42,4.5,06:19:00,17:56:00
10884,1476951318,10/19/2016 12:00:00 AM,22:15:18,1.25,51.0,30.48,102.0,128.29,5.62,06:19:00,17:56:00
10885,1476951019,10/19/2016 12:00:00 AM,22:10:19,1.23,51.0,30.48,102.0,144.74,2.25,06:19:00,17:56:00
10886,1476950720,10/19/2016 12:00:00 AM,22:05:20,1.22,51.0,30.48,102.0,142.84,2.25,06:19:00,17:56:00
10887,1476950417,10/19/2016 12:00:00 AM,22:00:17,1.32,51.0,30.48,102.0,119.27,5.62,06:19:00,17:56:00
10888,1476950121,10/19/2016 12:00:00 AM,21:55:21,1.3,51.0,30.48,102.0,98.63,4.5,06:19:00,17:56:00
10889,1476949818,10/19/2016 12:00:00 AM,21:50:18,1.28,51.0,30.48,102.0,76.69,2.25,06:19:00,17:56:00
10890,1476949521,10/19/2016 12:00:00 AM,21:45:21,1.32,51.0,30.48,102.0,32.18,4.5,06:19:00,17:56:00
10891,1476949217,10/19/2016 12:00:00 AM,21:40:17,1.27,51.0,30.48,102.0,124.79,1.12,06:19:00,17:56:00
10892,1476948920,10/19/2016 12:00:00 AM,21:35:20,1.22,51.0,30.49,102.0,149.23,3.37,06:19:00,17:56:00
10893,1476948619,10/19/2016 12:00:00 AM,21:30:19,1.3,51.0,30.49,102.0,99.52,3.37,06:19:00,17:56:00
10894,1476948320,10/19/2016 12:00:00 AM,21:25:20,1.26,51.0,30.48,102.0,102.35,3.37,06:19:00,17:56:00
10895,1476948018,10/19/2016 12:00:00 AM,21:20:18,1.27,51.0,30.48,102.0,68.27,2.25,06:19:00,17:56:00
10896,1476947718,10/19/2016 12:00:00 AM,21:15:18,1.26,51.0,30.48,102.0,75.28,2.25,06:19:00,17:56:00
10897,1476947421,10/19/2016 12:00:00 AM,21:10:21,1.26,51.0,30.48,102.0,86.36,1.12,06:19:00,17:56:00
10898,1476947118,10/19/2016 12:00:00 AM,21:05:18,1.26,51.0,30.48,102.0,81.35,2.25,06:19:00,17:56:00
10899,1476946819,10/19/2016 12:00:00 AM,21:00:19,1.23,51.0,30.48,102.0,34.83,4.5,06:19:00,17:56:00
10900,1476946517,10/19/2016 12:00:00 AM,20:55:17,1.29,51.0,30.48,102.0,70.98,1.12,06:19:00,17:56:00
10901,1476946217,10/19/2016 12:00:00 AM,20:50:17,1.26,51.0,30.48,102.0,86.48,4.5,06:19:00,17:56:00
10902,1476945921,10/19/2016 12:00:00 AM,20:45:21,1.24,52.0,30.48,102.0,60.16,5.62,06:19:00,17:56:00
10903,1476945618,10/19/2016 12:00:00 AM,20:40:18,1.24,52.0,30.423028000868246,102.0,84.77,5.62,06:19:00,17:56:00
10904,1476945320,10/19/2016 12:00:00 AM,20:35:20,1.26,52.0,30.48,102.0,51.47,4.5,06:19:00,17:56:00
10905,1476945019,10/19/2016 12:00:00 AM,20:30:19,1.23,52.0,30.48,102.0,83.27,4.5,06:19:00,17:56:00
10906,1476944721,10/19/2016 12:00:00 AM,20:25:21,1.25,52.0,30.48,102.0,86.59,5.62,06:19:00,17:56:00
10907,1476944417,10/19/2016 12:00:00 AM,20:20:17,1.25,52.0,30.48,102.0,58.31,2.25,06:19:00,17:56:00
10908,1476944120,10/19/2016 12:00:00 AM,20:15:20,1.24,52.0,30.47,102.0,68.33,1.12,06:19:00,17:56:00
10909,1476943821,10/19/2016 12:00:00 AM,20:10:21,1.26,52.0,30.47,102.0,67.42,2.25,06:19:00,17:56:00
10910,1476943517,10/19/2016 12:00:00 AM,20:05:17,1.26,52.0,30.47,102.0,91.6,3.37,06:19:00,17:56:00
10911,1476943218,10/19/2016 12:00:00 AM,20:00:18,1.26,52.0,30.47,102.0,87.35,1.12,06:19:00,17:56:00
10912,1476942920,10/19/2016 12:00:00 AM,19:55:20,1.25,52.0,30.47,102.0,112.22,1.12,06:19:00,17:56:00
10913,1476942618,10/19/2016 12:00:00 AM,19:50:18,1.31,52.0,30.47,102.0,125.68,3.37,06:19:00,17:56:00
10914,1476942317,10/19/2016 12:00:00 AM,19:45:17,1.24,52.0,30.47,102.0,116.99,5.62,06:19:00,17:56:00
10915,1476942017,10/19/2016 12:00:00 AM,19:40:17,1.28,52.0,30.47,102.0,170.47,4.5,06:19:00,17:56:00
10916,1476941721,10/19/2016 12:00:00 AM,19:35:21,1.23,52.0,30.47,102.0,82.93,2.25,06:19:00,17:56:00
10917,1476941418,10/19/2016 12:00:00 AM,19:30:18,1.26,52.0,30.46,102.0,106.44,5.62,06:19:00,17:56:00
10918,1476941119,10/19/2016 12:00:00 AM,19:25:19,1.26,52.0,30.46,102.0,96.7,4.5,06:19:00,17:56:00
10919,1476940821,10/19/2016 12:00:00 AM,19:20:21,1.24,52.0,30.46,102.0,110.16,1.12,06:19:00,17:56:00
10920,1476940521,10/19/2016 12:00:00 AM,19:15:21,1.26,52.0,30.46,102.0,77.87,4.5,06:19:00,17:56:00
10921,1476940217,10/19/2016 12:00:00 AM,19:10:17,1.25,52.0,30.46,102.0,57.73,2.25,06:19:00,17:56:00
10922,1476939918,10/19/2016 12:00:00 AM,19:05:18,1.25,52.0,30.46,102.0,92.84,5.62,06:19:00,17:56:00
10923,1476939621,10/19/2016 12:00:00 AM,19:00:21,1.26,52.0,30.45,102.0,79.4,2.25,06:19:00,17:56:00
10924,1476939319,10/19/2016 12:00:00 AM,18:55:19,1.25,52.0,30.45,102.0,48.97,2.25,06:19:00,17:56:00
10925,1476939018,10/19/2016 12:00:00 AM,18:50:18,1.24,52.0,30.45,102.0,74.04,3.37,06:19:00,17:56:00
10926,1476938718,10/19/2016 12:00:00 AM,18:45:18,1.28,52.0,30.45,102.0,40.25,6.75,06:19:00,17:56:00
10927,1476938417,10/19/2016 12:00:00 AM,18:40:17,1.24,52.0,30.45,102.0,122.58,1.12,06:19:00,17:56:00
10928,1476938119,10/19/2016 12:00:00 AM,18:35:19,1.23,52.0,30.45,102.0,147.57,2.25,06:19:00,17:56:00
10929,1476937821,10/19/2016 12:00:00 AM,18:30:21,1.22,52.0,30.45,102.0,183.32,4.5,06:19:00,17:56:00
10930,1476937517,10/19/2016 12:00:00 AM,18:25:17,1.26,52.0,30.44,102.0,119.86,7.87,06:19:00,17:56:00
10931,1476937218,10/19/2016 12:00:00 AM,18:20:18,1.23,52.0,30.44,102.0,133.6,7.87,06:19:00,17:56:00
10932,1476936918,10/19/2016 12:00:00 AM,18:15:18,1.22,52.0,30.44,102.0,122.36,6.75,06:19:00,17:56:00
10933,1476936617,10/19/2016 12:00:00 AM,18:10:17,1.23,52.0,30.44,102.0,145.76,6.75,06:19:00,17:56:00
10934,1476936319,10/19/2016 12:00:00 AM,18:05:19,1.69,52.0,30.44,102.0,64.41,7.87,06:19:00,17:56:00
10935,1476936017,10/19/2016 12:00:00 AM,18:00:17,2.71,52.0,30.44,102.0,143.27,4.5,06:19:00,17:56:00
10936,1476935718,10/19/2016 12:00:00 AM,17:55:18,3.91,52.0,30.44,102.0,125.0,3.37,06:19:00,17:56:00
10937,1476935421,10/19/2016 12:00:00 AM,17:50:21,5.51,52.0,30.44,74.83719267708949,166.98,2.25,06:19:00,17:56:00
10938,1476935119,10/19/2016 12:00:00 AM,17:45:19,6.58,53.0,30.44,102.0,79.87,5.62,06:19:00,17:56:00
10939,1476934817,10/19/2016 12:00:00 AM,17:40:17,7.78,53.0,30.43,102.0,103.43,3.37,06:19:00,17:56:00
10940,1476934519,10/19/2016 12:00:00 AM,17:35:19,10.16,53.0,30.43,102.0,143.88,1.12,06:19:00,17:56:00
10941,1476934219,10/19/2016 12:00:00 AM,17:30:19,11.75,53.0,30.43,102.0,120.62,6.75,06:19:00,17:56:00
10942,1476933918,10/19/2016 12:00:00 AM,17:25:18,14.57,53.0,30.43,102.0,120.42,6.229096658193317,06:19:00,17:56:00
10943,1476933619,10/19/2016 12:00:00 AM,17:20:19,29.57,53.0,30.43,102.0,146.38,5.62,06:19:00,17:56:00
10944,1476933317,10/19/2016 12:00:00 AM,17:15:17,58.49,53.0,30.43,102.0,308.06,2.25,06:19:00,17:56:00
10945,1476933017,10/19/2016 12:00:00 AM,17:10:17,54.01,53.0,30.43,102.0,87.54,5.62,06:19:00,17:56:00
10946,1476932718,10/19/2016 12:00:00 AM,17:05:18,103.2,53.0,30.43,102.0,110.19,5.62,06:19:00,17:56:00
10947,1476932418,10/19/2016 12:00:00 AM,17:00:18,109.99,53.0,30.43,102.0,78.67,4.5,06:19:00,17:56:00
10948,1476932117,10/19/2016 12:00:00 AM,16:55:17,63.97,53.0,30.43,102.0,49.32,3.37,06:19:00,17:56:00
10949,1476931821,10/19/2016 12:00:00 AM,16:50:21,75.63,53.0,30.43,101.0,80.56,10.12,06:19:00,17:56:00
10950,1476931521,10/19/2016 12:00:00 AM,16:45:21,78.64,53.0,30.42,101.0,39.31,4.5,06:19:00,17:56:00
10951,1476931218,10/19/2016 12:00:00 AM,16:40:18,145.69,54.0,30.42,101.0,41.91,6.75,06:19:00,17:56:00
10952,1476930917,10/19/2016 12:00:00 AM,16:35:17,67.81,54.0,30.42,101.0,83.31,5.62,06:19:00,17:56:00
10953,1476930618,10/19/2016 12:00:00 AM,16:30:18,34.77,54.0,30.42,101.0,24.5,4.5,06:19:00,17:56:00
10954,1476930321,10/19/2016 12:00:00 AM,16:25:21,40.44,54.0,30.42,101.0,8.15,4.5,06:19:00,17:56:00
10955,1476930018,10/19/2016 12:00:00 AM,16:20:18,54.49,54.0,30.42,74.83719267708949,104.89,2.25,06:19:00,17:56:00
10956,1476929721,10/19/2016 12:00:00 AM,16:15:21,57.0,54.0,30.42,101.0,76.95,3.37,06:19:00,17:56:00
10957,1476929420,10/19/2016 12:00:00 AM,16:10:20,52.84,54.0,30.42,101.0,0.2,3.37,06:19:00,17:56:00
10958,1476929118,10/19/2016 12:00:00 AM,16:05:18,72.94,54.0,30.42,101.0,44.28,4.5,06:19:00,17:56:00
10959,1476928818,10/19/2016 12:00:00 AM,16:00:18,65.43,51.16507236474315,30.42,101.0,67.12,5.62,06:19:00,17:56:00
10960,1476928518,10/19/2016 12:00:00 AM,15:55:18,67.51,55.0,30.42,101.0,23.63,9.0,06:19:00,17:56:00
10961,1476928219,10/19/2016 12:00:00 AM,15:50:19,66.16,54.0,30.42,101.0,359.92,3.37,06:19:00,17:56:00
10962,1476927918,10/19/2016 12:00:00 AM,15:45:18,106.37,54.0,30.42,101.0,78.94,4.5,06:19:00,17:56:00
10963,1476927618,10/19/2016 12:00:00 AM,15:40:18,79.4,55.0,30.42,101.0,52.53,4.5,06:19:00,17:56:00
10964,1476927318,10/19/2016 12:00:00 AM,15:35:18,87.62,55.0,30.42,101.0,46.7,9.0,06:19:00,17:56:00
10965,1476927020,10/19/2016 12:00:00 AM,15:30:20,83.27,55.0,30.42,101.0,11.8,9.0,06:19:00,17:56:00
10966,1476926718,10/19/2016 12:00:00 AM,15:25:18,136.1,54.0,30.42,101.0,46.41,2.25,06:19:00,17:56:00
10967,1476926421,10/19/2016 12:00:00 AM,15:20:21,158.08,54.0,30.41,101.0,90.26,3.37,06:19:00,17:56:00
10968,1476926118,10/19/2016 12:00:00 AM,15:15:18,154.26,54.0,30.42,101.0,69.72,4.5,06:19:00,17:56:00
10969,1476925817,10/19/2016 12:00:00 AM,15:10:17,175.12,54.0,30.41,100.0,70.57,7.87,06:19:00,17:56:00
10970,1476925524,10/19/2016 12:00:00 AM,15:05:24,135.36,55.0,30.41,100.0,64.84,7.87,06:19:00,17:56:00
10971,1476925217,10/19/2016 12:00:00 AM,15:00:17,105.23,55.0,30.41,100.0,57.34,7.87,06:19:00,17:56:00
10972,1476924917,10/19/2016 12:00:00 AM,14:55:17,123.95,55.0,30.41,100.0,20.95,11.25,06:19:00,17:56:00
10973,1476924617,10/19/2016 12:00:00 AM,14:50:17,166.24,56.0,30.41,100.0,24.98,11.25,06:19:00,17:56:00
10974,1476924320,10/19/2016 12:00:00 AM,14:45:20,184.92,56.0,30.41,100.0,334.22,4.5,06:19:00,17:56:00
10975,1476924020,10/19/2016 12:00:00 AM,14:40:20,263.08,57.0,30.41,100.0,80.8,2.25,06:19:00,17:56:00
10976,1476923721,10/19/2016 12:00:00 AM,14:35:21,801.51,57.0,30.41,100.0,0.23,12.37,06:19:00,17:56:00
10977,1476923421,10/19/2016 12:00:00 AM,14:30:21,595.85,57.0,30.41,100.0,58.58,10.12,06:19:00,17:56:00
10978,1476923118,10/19/2016 12:00:00 AM,14:25:18,422.67,57.0,30.41,100.0,59.87,2.25,06:19:00,17:56:00
10979,1476922819,10/19/2016 12:00:00 AM,14:20:19,377.72,57.0,30.41,100.0,2.33,11.25,06:19:00,17:56:00
10980,1476922518,10/19/2016 12:00:00 AM,14:15:18,536.96,57.0,30.41,99.0,49.37,6.75,06:19:00,17:56:00
10981,1476922218,10/19/2016 12:00:00 AM,14:10:18,354.73,57.0,30.41,99.0,39.38,3.37,06:19:00,17:56:00
10982,1476921917,10/19/2016 12:00:00 AM,14:05:17,440.35,58.0,30.41,98.0,0.63,5.62,06:19:00,17:56:00
10983,1476921622,10/19/2016 12:00:00 AM,14:00:22,465.9,58.0,30.41,98.0,9.5,7.87,06:19:00,17:56:00
10984,1476921317,10/19/2016 12:00:00 AM,13:55:17,694.5,58.0,30.41,97.0,92.07,4.5,06:19:00,17:56:00
10985,1476921019,10/19/2016 12:00:00 AM,13:50:19,700.05,58.0,30.42,97.0,325.59,4.5,06:19:00,17:56:00
10986,1476920718,10/19/2016 12:00:00 AM,13:45:18,391.88,58.0,30.42,95.0,66.91,4.5,06:19:00,17:56:00
10987,1476920421,10/19/2016 12:00:00 AM,13:40:21,384.02,58.0,30.42,95.0,72.49,4.5,06:19:00,17:56:00
10988,1476920121,10/19/2016 12:00:00 AM,13:35:21,676.64,58.0,30.42,95.0,124.67,9.0,06:19:00,17:56:00
10989,1476919818,10/19/2016 12:00:00 AM,13:30:18,612.17,58.0,30.42,96.0,86.07,5.62,06:19:00,17:56:00
10990,1476919518,10/19/2016 12:00:00 AM,13:25:18,429.56,58.0,30.42,94.0,101.43,9.0,06:19:00,17:56:00
10991,1476919218,10/19/2016 12:00:00 AM,13:20:18,387.2,58.0,30.42,94.0,359.91,5.62,06:19:00,17:56:00
10992,1476918918,10/19/2016 12:00:00 AM,13:15:18,663.17,58.0,30.42,94.0,127.45,5.62,06:19:00,17:56:00
10993,1476918619,10/19/2016 12:00:00 AM,13:10:19,368.49,59.0,30.43,93.0,83.33,5.62,06:19:00,17:56:00
10994,1476918318,10/19/2016 12:00:00 AM,13:05:18,593.18,59.0,30.43,93.0,169.15,4.5,06:19:00,17:56:00
10995,1476918021,10/19/2016 12:00:00 AM,13:00:21,698.63,59.0,30.42,94.0,14.5,2.25,06:19:00,17:56:00
10996,1476917718,10/19/2016 12:00:00 AM,12:55:18,292.56,58.0,30.42,93.0,102.55,3.37,06:19:00,17:56:00
10997,1476917419,10/19/2016 12:00:00 AM,12:50:19,1201.96,58.0,30.43,95.0,93.92,9.0,06:19:00,17:56:00
10998,1476917124,10/19/2016 12:00:00 AM,12:45:24,1159.23,58.0,30.43,97.0,43.44,11.25,06:19:00,17:56:00
10999,1476916820,10/19/2016 12:00:00 AM,12:40:20,1451.41,58.0,30.43,98.0,25.81,1.12,06:19:00,17:56:00
11000,1476916518,10/19/2016 12:00:00 AM,12:35:18,1175.72,58.0,30.43,95.0,90.44,11.25,06:19:00,17:56:00
11001,1476916221,10/19/2016 12:00:00 AM,12:30:21,631.66,58.0,30.43,96.0,154.17,2.25,06:19:00,17:56:00
11002,1476915918,10/19/2016 12:00:00 AM,12:25:18,1000.65,57.0,30.43,97.0,84.38,9.0,06:19:00,17:56:00
11003,1476915617,10/19/2016 12:00:00 AM,12:20:17,374.7,57.0,30.43,99.0,72.46,12.37,06:19:00,17:56:00
11004,1476915320,10/19/2016 12:00:00 AM,12:15:20,702.45,56.0,30.43,100.0,110.69,6.75,06:19:00,17:56:00
11005,1476915018,10/19/2016 12:00:00 AM,12:10:18,488.56,56.0,30.44,100.0,95.06,5.62,06:19:00,17:56:00
11006,1476914721,10/19/2016 12:00:00 AM,12:05:21,707.76,55.0,30.44,100.0,98.52,9.0,06:19:00,17:56:00
11007,1476914417,10/19/2016 12:00:00 AM,12:00:17,910.18,55.0,30.44,100.0,78.97,4.5,06:19:00,17:56:00
11008,1476914118,10/19/2016 12:00:00 AM,11:55:18,522.47,56.0,30.44,100.0,45.29,7.87,06:19:00,17:56:00
11009,1476913818,10/19/2016 12:00:00 AM,11:50:18,381.91,56.0,30.44,100.0,35.44,5.62,06:19:00,17:56:00
11010,1476913517,10/19/2016 12:00:00 AM,11:45:17,402.33,56.0,30.44,100.0,51.01,7.87,06:19:00,17:56:00
11011,1476913217,10/19/2016 12:00:00 AM,11:40:17,512.67,56.0,30.45,100.0,37.44,3.37,06:19:00,17:56:00
11012,1476912918,10/19/2016 12:00:00 AM,11:35:18,506.62,56.0,30.45,100.0,303.21,9.0,06:19:00,17:56:00
11013,1476912617,10/19/2016 12:00:00 AM,11:30:17,520.28,56.0,30.45,100.0,219.97,3.37,06:19:00,17:56:00
11014,1476912317,10/19/2016 12:00:00 AM,11:25:17,625.31,56.0,30.45,100.0,0.12,4.5,06:19:00,17:56:00
11015,1476912019,10/19/2016 12:00:00 AM,11:20:19,481.9,56.0,30.45,100.0,85.92,3.37,06:19:00,17:56:00
11016,1476911718,10/19/2016 12:00:00 AM,11:15:18,441.77,56.0,30.45,100.0,39.93,4.5,06:19:00,17:56:00
11017,1476911420,10/19/2016 12:00:00 AM,11:10:20,446.99,57.0,30.45,100.0,61.84,5.62,06:19:00,17:56:00
11018,1476911118,10/19/2016 12:00:00 AM,11:05:18,839.33,57.0,30.46,100.0,90.3,2.25,06:19:00,17:56:00
11019,1476910817,10/19/2016 12:00:00 AM,11:00:17,453.45,56.0,30.46,99.0,62.96,6.75,06:19:00,17:56:00
11020,1476910520,10/19/2016 12:00:00 AM,10:55:20,710.05,57.0,30.46,99.0,48.18,7.87,06:19:00,17:56:00
11021,1476910218,10/19/2016 12:00:00 AM,10:50:18,486.25,57.0,30.46,99.0,346.99,4.5,06:19:00,17:56:00
11022,1476909919,10/19/2016 12:00:00 AM,10:45:19,467.8,57.0,30.46,99.0,359.92,3.37,06:19:00,17:56:00
11023,1476909618,10/19/2016 12:00:00 AM,10:40:18,941.69,57.0,30.46,98.0,89.17,4.5,06:19:00,17:56:00
11024,1476909318,10/19/2016 12:00:00 AM,10:35:18,610.08,57.0,30.47,97.0,46.74,6.75,06:19:00,17:56:00
11025,1476909017,10/19/2016 12:00:00 AM,10:30:17,460.74,58.0,30.47,95.0,0.12,5.62,06:19:00,17:56:00
11026,1476908718,10/19/2016 12:00:00 AM,10:25:18,512.24,59.0,30.47,92.0,13.51,5.62,06:19:00,17:56:00
11027,1476908417,10/19/2016 12:00:00 AM,10:20:17,929.69,60.0,30.47,89.0,58.71,4.5,06:19:00,17:56:00
11028,1476908121,10/19/2016 12:00:00 AM,10:15:21,908.7,59.0,30.47,87.0,105.89,7.87,06:19:00,17:56:00
11029,1476907817,10/19/2016 12:00:00 AM,10:10:17,751.83,59.0,30.47,90.0,108.98,5.62,06:19:00,17:56:00
11030,1476907517,10/19/2016 12:00:00 AM,10:05:17,619.18,59.0,30.47,90.0,90.35,6.75,06:19:00,17:56:00
11031,1476907217,10/19/2016 12:00:00 AM,10:00:17,961.25,59.0,30.47,90.0,120.57,11.25,06:19:00,17:56:00
11032,1476906919,10/19/2016 12:00:00 AM,09:55:19,887.88,58.0,30.48,90.0,111.31,9.0,06:19:00,17:56:00
11033,1476906618,10/19/2016 12:00:00 AM,09:50:18,680.33,58.0,30.48,91.0,65.17,7.87,06:19:00,17:56:00
11034,1476906320,10/19/2016 12:00:00 AM,09:45:20,494.9,58.0,30.47,91.0,120.62,5.62,06:19:00,17:56:00
11035,1476906018,10/19/2016 12:00:00 AM,09:40:18,786.81,57.0,30.48,92.0,14.08,3.37,06:19:00,17:56:00
11036,1476905718,10/19/2016 12:00:00 AM,09:35:18,790.54,56.0,30.48,95.0,30.49,5.62,06:19:00,17:56:00
11037,1476905418,10/19/2016 12:00:00 AM,09:30:18,412.55,56.0,30.48,97.0,139.21,4.5,06:19:00,17:56:00
11038,1476905117,10/19/2016 12:00:00 AM,09:25:17,588.15,55.0,30.48,99.0,131.64,7.87,06:19:00,17:56:00
11039,1476904819,10/19/2016 12:00:00 AM,09:20:19,742.83,55.0,30.48,99.0,88.15,2.25,06:19:00,17:56:00
11040,1476904518,10/19/2016 12:00:00 AM,09:15:18,295.46,54.0,30.47,99.0,119.53,5.62,06:19:00,17:56:00
11041,1476904218,10/19/2016 12:00:00 AM,09:10:18,217.59,54.0,30.47,98.0,102.07,4.5,06:19:00,17:56:00
11042,1476903921,10/19/2016 12:00:00 AM,09:05:21,448.51,55.0,30.423028000868246,98.0,89.86,5.62,06:19:00,17:56:00
11043,1476903617,10/19/2016 12:00:00 AM,09:00:17,413.63,55.0,30.47,98.0,55.18,7.87,06:19:00,17:56:00
11044,1476903321,10/19/2016 12:00:00 AM,08:55:21,511.35,55.0,30.47,98.0,101.25,9.0,06:19:00,17:56:00
11045,1476903021,10/19/2016 12:00:00 AM,08:50:21,548.27,55.0,30.47,98.0,329.35,2.25,06:19:00,17:56:00
11046,1476902720,10/19/2016 12:00:00 AM,08:45:20,365.83,55.0,30.47,97.0,90.12,6.75,06:19:00,17:56:00
11047,1476902419,10/19/2016 12:00:00 AM,08:40:19,327.4,55.0,30.47,96.0,122.51,3.37,06:19:00,17:56:00
11048,1476902120,10/19/2016 12:00:00 AM,08:35:20,227.14,56.0,30.47,95.0,6.83,6.75,06:19:00,17:56:00
11049,1476901820,10/19/2016 12:00:00 AM,08:30:20,300.62,56.0,30.47,94.0,98.0,4.5,06:19:00,17:56:00
11050,1476901517,10/19/2016 12:00:00 AM,08:25:17,557.3,56.0,30.47,92.0,113.04,5.62,06:19:00,17:56:00
11051,1476901218,10/19/2016 12:00:00 AM,08:20:18,537.38,57.0,30.47,92.0,132.27,3.37,06:19:00,17:56:00
11052,1476900918,10/19/2016 12:00:00 AM,08:15:18,474.75,56.0,30.423028000868246,92.0,182.89,2.25,06:19:00,17:56:00
11053,1476900617,10/19/2016 12:00:00 AM,08:10:17,436.19,56.0,30.46,92.0,116.58,7.87,06:19:00,17:56:00
11054,1476900320,10/19/2016 12:00:00 AM,08:05:20,260.75,56.0,30.46,92.0,132.1,4.5,06:19:00,17:56:00
11055,1476900021,10/19/2016 12:00:00 AM,08:00:21,390.82,56.0,30.46,93.0,44.07,4.5,06:19:00,17:56:00
11056,1476899718,10/19/2016 12:00:00 AM,07:55:18,369.23,55.0,30.46,94.0,281.85,2.25,06:19:00,17:56:00
11057,1476899419,10/19/2016 12:00:00 AM,07:50:19,349.9,54.0,30.45,97.0,115.21,7.87,06:19:00,17:56:00
11058,1476899118,10/19/2016 12:00:00 AM,07:45:18,329.54,54.0,30.46,99.0,137.04,5.62,06:19:00,17:56:00
11059,1476898818,10/19/2016 12:00:00 AM,07:40:18,307.51,53.0,30.45,74.83719267708949,171.9,3.37,06:19:00,17:56:00
11060,1476898517,10/19/2016 12:00:00 AM,07:35:17,282.79,52.0,30.45,101.0,107.4,5.62,06:19:00,17:56:00
11061,1476898218,10/19/2016 12:00:00 AM,07:30:18,254.7,51.0,30.45,100.0,144.92,4.5,06:19:00,17:56:00
11062,1476897918,10/19/2016 12:00:00 AM,07:25:18,40.78,51.0,30.45,100.0,173.18,5.62,06:19:00,17:56:00
11063,1476897617,10/19/2016 12:00:00 AM,07:20:17,52.0,51.0,30.45,100.0,149.81,5.62,06:19:00,17:56:00
11064,1476897320,10/19/2016 12:00:00 AM,07:15:20,78.01,51.0,30.45,100.0,163.88,3.37,06:19:00,17:56:00
11065,1476897019,10/19/2016 12:00:00 AM,07:10:19,32.88,51.0,30.45,100.0,166.61,5.62,06:19:00,17:56:00
11066,1476896717,10/19/2016 12:00:00 AM,07:05:17,64.09,50.0,30.45,100.0,166.48,6.75,06:19:00,17:56:00
11067,1476896418,10/19/2016 12:00:00 AM,07:00:18,83.75,50.0,30.45,100.0,176.14,6.75,06:19:00,17:56:00
11068,1476896118,10/19/2016 12:00:00 AM,06:55:18,37.13,49.0,30.45,100.0,153.54,6.75,06:19:00,17:56:00
11069,1476895817,10/19/2016 12:00:00 AM,06:50:17,45.18,49.0,30.45,100.0,132.89,7.87,06:19:00,17:56:00
11070,1476895520,10/19/2016 12:00:00 AM,06:45:20,15.97,49.0,30.45,100.0,183.23,4.5,06:19:00,17:56:00
11071,1476895219,10/19/2016 12:00:00 AM,06:40:19,11.83,49.0,30.45,100.0,166.58,4.5,06:19:00,17:56:00
11072,1476894920,10/19/2016 12:00:00 AM,06:35:20,10.58,49.0,30.45,100.0,153.5,6.75,06:19:00,17:56:00
11073,1476894617,10/19/2016 12:00:00 AM,06:30:17,9.55,49.0,30.44,100.0,155.54,5.62,06:19:00,17:56:00
11074,1476894318,10/19/2016 12:00:00 AM,06:25:18,8.1,49.0,30.44,100.0,158.06,6.75,06:19:00,17:56:00
11075,1476894017,10/19/2016 12:00:00 AM,06:20:17,6.15,49.0,30.44,100.0,169.73,6.75,06:19:00,17:56:00
11076,1476893719,10/19/2016 12:00:00 AM,06:15:19,4.17,49.0,30.44,100.0,167.6,5.62,06:19:00,17:56:00
11077,1476893417,10/19/2016 12:00:00 AM,06:10:17,2.49,49.0,30.44,100.0,160.8,6.75,06:19:00,17:56:00
11078,1476893118,10/19/2016 12:00:00 AM,06:05:18,1.4,49.0,30.44,100.0,165.28,10.12,06:19:00,17:56:00
11079,1476892817,10/19/2016 12:00:00 AM,06:00:17,1.2,49.0,30.44,100.0,166.67,6.75,06:19:00,17:56:00
11080,1476892518,10/19/2016 12:00:00 AM,05:55:18,1.23,49.0,30.44,100.0,180.17,6.75,06:19:00,17:56:00
11081,1476892220,10/19/2016 12:00:00 AM,05:50:20,1.21,49.0,30.44,100.0,171.73,7.87,06:19:00,17:56:00
11082,1476891918,10/19/2016 12:00:00 AM,05:45:18,1.19,49.0,30.44,100.0,177.15,6.75,06:19:00,17:56:00
11083,1476891620,10/19/2016 12:00:00 AM,05:40:20,1.23,49.0,30.44,99.0,179.07,7.87,06:19:00,17:56:00
11084,1476891318,10/19/2016 12:00:00 AM,05:35:18,1.23,48.0,30.44,99.0,174.67,5.62,06:19:00,17:56:00
11085,1476891017,10/19/2016 12:00:00 AM,05:30:17,1.22,48.0,30.44,99.0,162.0,7.87,06:19:00,17:56:00
11086,1476890718,10/19/2016 12:00:00 AM,05:25:18,1.21,48.0,30.44,98.0,172.4,6.75,06:19:00,17:56:00
11087,1476890417,10/19/2016 12:00:00 AM,05:20:17,1.21,48.0,30.44,98.0,157.52,5.62,06:19:00,17:56:00
11088,1476890117,10/19/2016 12:00:00 AM,05:15:17,1.22,47.0,30.43,96.0,174.47,6.75,06:19:00,17:56:00
11089,1476889818,10/19/2016 12:00:00 AM,05:10:18,1.19,47.0,30.43,95.0,157.06,6.75,06:19:00,17:56:00
11090,1476889518,10/19/2016 12:00:00 AM,05:05:18,1.24,47.0,30.43,93.0,167.23,7.87,06:19:00,17:56:00
11091,1476889218,10/19/2016 12:00:00 AM,05:00:18,1.22,47.0,30.43,90.0,153.71,10.12,06:19:00,17:56:00
11092,1476888918,10/19/2016 12:00:00 AM,04:55:18,1.22,47.0,30.43,89.0,151.14,9.0,06:19:00,17:56:00
11093,1476888620,10/19/2016 12:00:00 AM,04:50:20,1.19,47.0,30.43,87.0,163.89,6.75,06:19:00,17:56:00
11094,1476888317,10/19/2016 12:00:00 AM,04:45:17,1.21,47.0,30.43,88.0,163.29,7.87,06:19:00,17:56:00
11095,1476888019,10/19/2016 12:00:00 AM,04:40:19,1.2,47.0,30.42,92.0,150.81,9.0,06:19:00,17:56:00
11096,1476887721,10/19/2016 12:00:00 AM,04:35:21,1.21,47.0,30.43,94.0,148.35,6.229096658193317,06:19:00,17:56:00
11097,1476887417,10/19/2016 12:00:00 AM,04:30:17,1.22,47.0,30.43,94.0,182.71,9.0,06:19:00,17:56:00
11098,1476887118,10/19/2016 12:00:00 AM,04:25:18,1.21,47.0,30.43,94.0,153.27,3.37,06:19:00,17:56:00
11099,1476886820,10/19/2016 12:00:00 AM,04:20:20,1.24,47.0,30.43,94.0,121.08,6.75,06:19:00,17:56:00
11100,1476886517,10/19/2016 12:00:00 AM,04:15:17,1.21,47.0,30.42,90.0,126.41,6.229096658193317,06:19:00,17:56:00
11101,1476886217,10/19/2016 12:00:00 AM,04:10:17,1.21,47.0,30.42,81.0,130.21,11.25,06:19:00,17:56:00
11102,1476885917,10/19/2016 12:00:00 AM,04:05:17,1.21,47.0,30.42,76.0,105.34,9.0,06:19:00,17:56:00
11103,1476885618,10/19/2016 12:00:00 AM,04:00:18,1.19,47.0,30.42,77.0,143.41,4.5,06:19:00,17:56:00
11104,1476885317,10/19/2016 12:00:00 AM,03:55:17,1.2,48.0,30.42,80.0,182.64,2.25,06:19:00,17:56:00
11105,1476885018,10/19/2016 12:00:00 AM,03:50:18,1.23,48.0,30.42,78.0,65.39,3.37,06:19:00,17:56:00
11106,1476884718,10/19/2016 12:00:00 AM,03:45:18,1.21,48.0,30.42,74.0,165.51,4.5,06:19:00,17:56:00
11107,1476884417,10/19/2016 12:00:00 AM,03:40:17,1.22,48.0,30.42,69.0,167.43,9.0,06:19:00,17:56:00
11108,1476884119,10/19/2016 12:00:00 AM,03:35:19,1.2,47.0,30.42,75.0,118.65,6.75,06:19:00,17:56:00
11109,1476883817,10/19/2016 12:00:00 AM,03:30:17,1.23,47.0,30.42,82.0,180.66,6.75,06:19:00,17:56:00
11110,1476883519,10/19/2016 12:00:00 AM,03:25:19,1.19,47.0,30.42,82.0,131.38,9.0,06:19:00,17:56:00
11111,1476883220,10/19/2016 12:00:00 AM,03:20:20,1.21,47.0,30.42,79.0,97.54,4.5,06:19:00,17:56:00
11112,1476882918,10/19/2016 12:00:00 AM,03:15:18,1.25,47.0,30.42,63.0,148.25,6.75,06:19:00,17:56:00
11113,1476882619,10/19/2016 12:00:00 AM,03:10:19,1.19,47.0,30.42,64.0,180.75,9.0,06:19:00,17:56:00
11114,1476882318,10/19/2016 12:00:00 AM,03:05:18,1.27,47.0,30.42,70.0,190.8,2.25,06:19:00,17:56:00
11115,1476882018,10/19/2016 12:00:00 AM,03:00:18,1.22,47.0,30.42,74.0,167.7,4.5,06:19:00,17:56:00
11116,1476881722,10/19/2016 12:00:00 AM,02:55:22,1.2,47.0,30.43,70.0,116.09,12.37,06:19:00,17:56:00
11117,1476881417,10/19/2016 12:00:00 AM,02:50:17,1.25,46.0,30.43,69.0,143.29,5.62,06:19:00,17:56:00
11118,1476881118,10/19/2016 12:00:00 AM,02:45:18,1.18,47.0,30.43,78.0,158.38,4.5,06:19:00,17:56:00
11119,1476880821,10/19/2016 12:00:00 AM,02:40:21,1.21,47.0,30.43,66.0,134.81,3.37,06:19:00,17:56:00
11120,1476880517,10/19/2016 12:00:00 AM,02:35:17,1.19,47.0,30.43,66.0,144.68,3.37,06:19:00,17:56:00
11121,1476880217,10/19/2016 12:00:00 AM,02:30:17,1.24,46.0,30.43,68.0,156.19,9.0,06:19:00,17:56:00
11122,1476879927,10/19/2016 12:00:00 AM,02:25:27,1.23,51.16507236474315,30.43,71.0,117.31,9.0,06:19:00,17:56:00
11123,1476879620,10/19/2016 12:00:00 AM,02:20:20,1.21,46.0,30.43,72.0,131.58,7.87,06:19:00,17:56:00
11124,1476879317,10/19/2016 12:00:00 AM,02:15:17,1.22,46.0,30.43,76.0,137.36,7.87,06:19:00,17:56:00
11125,1476879018,10/19/2016 12:00:00 AM,02:10:18,1.18,46.0,30.43,76.0,159.58,3.37,06:19:00,17:56:00
11126,1476878718,10/19/2016 12:00:00 AM,02:05:18,1.22,46.0,30.43,78.0,149.64,2.25,06:19:00,17:56:00
11127,1476878417,10/19/2016 12:00:00 AM,02:00:17,1.27,46.0,30.43,80.0,133.06,6.75,06:19:00,17:56:00
11128,1476878117,10/19/2016 12:00:00 AM,01:55:17,1.2,46.0,30.43,83.0,134.53,7.87,06:19:00,17:56:00
11129,1476877817,10/19/2016 12:00:00 AM,01:50:17,1.21,46.0,30.44,84.0,143.8,7.87,06:19:00,17:56:00
11130,1476877517,10/19/2016 12:00:00 AM,01:45:17,1.23,47.0,30.44,84.0,112.2,10.12,06:19:00,17:56:00
11131,1476877218,10/19/2016 12:00:00 AM,01:40:18,1.21,47.0,30.44,85.0,117.07,6.75,06:19:00,17:56:00
11132,1476876918,10/19/2016 12:00:00 AM,01:35:18,1.19,46.0,30.44,84.0,125.03,4.5,06:19:00,17:56:00
11133,1476876617,10/19/2016 12:00:00 AM,01:30:17,1.25,46.0,30.44,86.0,157.84,6.75,06:19:00,17:56:00
11134,1476876318,10/19/2016 12:00:00 AM,01:25:18,1.21,47.0,30.44,90.0,168.91,6.75,06:19:00,17:56:00
11135,1476876017,10/19/2016 12:00:00 AM,01:20:17,1.18,47.0,30.44,91.0,124.13,2.25,06:19:00,17:56:00
11136,1476875718,10/19/2016 12:00:00 AM,01:15:18,1.22,48.0,30.45,86.0,120.02,7.87,06:19:00,17:56:00
11137,1476875417,10/19/2016 12:00:00 AM,01:10:17,1.2,48.0,30.45,82.0,164.88,1.12,06:19:00,17:56:00
11138,1476875118,10/19/2016 12:00:00 AM,01:05:18,1.23,49.0,30.44,78.0,79.2,1.12,06:19:00,17:56:00
11139,1476874819,10/19/2016 12:00:00 AM,01:00:19,1.23,49.0,30.44,80.0,152.03,0.0,06:19:00,17:56:00
11140,1476874520,10/19/2016 12:00:00 AM,00:55:20,1.23,49.0,30.44,80.0,136.75,0.0,06:19:00,17:56:00
11141,1476874217,10/19/2016 12:00:00 AM,00:50:17,1.24,50.0,30.44,86.0,102.98,3.37,06:19:00,17:56:00
11142,1476873917,10/19/2016 12:00:00 AM,00:45:17,1.2,50.0,30.44,89.0,74.99,1.12,06:19:00,17:56:00
11143,1476873618,10/19/2016 12:00:00 AM,00:40:18,1.2,49.0,30.44,89.0,93.16,1.12,06:19:00,17:56:00
11144,1476873318,10/19/2016 12:00:00 AM,00:35:18,1.2,49.0,30.44,90.0,188.07,5.62,06:19:00,17:56:00
11145,1476873017,10/19/2016 12:00:00 AM,00:30:17,1.25,49.0,30.44,90.0,177.35,11.25,06:19:00,17:56:00
11146,1476872718,10/19/2016 12:00:00 AM,00:25:18,1.24,49.0,30.45,90.0,172.6,6.75,06:19:00,17:56:00
11147,1476872420,10/19/2016 12:00:00 AM,00:20:20,1.26,49.0,30.45,90.0,176.19,5.62,06:19:00,17:56:00
11148,1476872119,10/19/2016 12:00:00 AM,00:15:19,1.21,50.0,30.44,90.0,184.35,5.62,06:19:00,17:56:00
11149,1476871818,10/19/2016 12:00:00 AM,00:10:18,1.23,50.0,30.44,90.0,166.52,5.62,06:19:00,17:56:00
11150,1476871518,10/19/2016 12:00:00 AM,00:05:18,1.21,50.0,30.45,90.0,155.3,5.62,06:19:00,17:56:00
11151,1476871218,10/19/2016 12:00:00 AM,00:00:18,1.23,50.0,30.45,90.0,164.4,5.62,06:19:00,17:56:00
11152,1476870923,10/18/2016 12:00:00 AM,23:55:23,1.21,49.0,30.45,89.0,120.73,7.87,06:18:00,17:57:00
11153,1476870620,10/18/2016 12:00:00 AM,23:50:20,1.21,49.0,30.45,90.0,160.15,5.62,06:18:00,17:57:00
11154,1476870319,10/18/2016 12:00:00 AM,23:45:19,1.24,49.0,30.44,92.0,172.78,5.62,06:18:00,17:57:00
11155,1476870017,10/18/2016 12:00:00 AM,23:40:17,1.23,49.0,30.45,92.0,177.42,4.5,06:18:00,17:57:00
11156,1476869717,10/18/2016 12:00:00 AM,23:35:17,1.2,49.0,30.45,91.0,190.95,4.5,06:18:00,17:57:00
11157,1476869418,10/18/2016 12:00:00 AM,23:30:18,1.21,51.16507236474315,30.45,89.0,167.0,3.37,06:18:00,17:57:00
11158,1476869117,10/18/2016 12:00:00 AM,23:25:17,1.18,49.0,30.45,84.0,124.75,3.37,06:18:00,17:57:00
11159,1476868818,10/18/2016 12:00:00 AM,23:20:18,1.23,50.0,30.45,84.0,123.36,6.75,06:18:00,17:57:00
11160,1476868518,10/18/2016 12:00:00 AM,23:15:18,1.23,50.0,30.45,86.0,124.48,1.12,06:18:00,17:57:00
11161,1476868218,10/18/2016 12:00:00 AM,23:10:18,1.23,50.0,30.46,86.0,154.77,3.37,06:18:00,17:57:00
11162,1476867917,10/18/2016 12:00:00 AM,23:05:17,1.23,50.0,30.46,88.0,134.59,7.87,06:18:00,17:57:00
11163,1476867617,10/18/2016 12:00:00 AM,23:00:17,1.24,51.0,30.46,89.0,154.69,5.62,06:18:00,17:57:00
11164,1476867318,10/18/2016 12:00:00 AM,22:55:18,1.22,51.0,30.46,88.0,117.47,4.5,06:18:00,17:57:00
11165,1476867017,10/18/2016 12:00:00 AM,22:50:17,1.23,51.0,30.46,88.0,151.15,3.37,06:18:00,17:57:00
11166,1476866717,10/18/2016 12:00:00 AM,22:45:17,1.21,51.0,30.45,89.0,176.19,4.5,06:18:00,17:57:00
11167,1476866417,10/18/2016 12:00:00 AM,22:40:17,1.21,51.0,30.46,90.0,167.67,6.75,06:18:00,17:57:00
11168,1476866118,10/18/2016 12:00:00 AM,22:35:18,1.21,50.0,30.46,90.0,171.59,5.62,06:18:00,17:57:00
11169,1476865820,10/18/2016 12:00:00 AM,22:30:20,1.2,50.0,30.46,91.0,166.79,7.87,06:18:00,17:57:00
11170,1476865518,10/18/2016 12:00:00 AM,22:25:18,1.2,50.0,30.46,91.0,165.66,4.5,06:18:00,17:57:00
11171,1476865218,10/18/2016 12:00:00 AM,22:20:18,1.2,50.0,30.46,91.0,153.8,3.37,06:18:00,17:57:00
11172,1476864918,10/18/2016 12:00:00 AM,22:15:18,1.22,51.0,30.46,90.0,163.69,5.62,06:18:00,17:57:00
11173,1476864617,10/18/2016 12:00:00 AM,22:10:17,1.23,51.0,30.46,90.0,159.06,6.75,06:18:00,17:57:00
11174,1476864318,10/18/2016 12:00:00 AM,22:05:18,1.21,51.0,30.46,90.0,195.85,6.75,06:18:00,17:57:00
11175,1476864017,10/18/2016 12:00:00 AM,22:00:17,1.23,51.0,30.46,90.0,164.04,6.75,06:18:00,17:57:00
11176,1476863719,10/18/2016 12:00:00 AM,21:55:19,1.22,51.0,30.46,90.0,168.29,4.5,06:18:00,17:57:00
11177,1476863420,10/18/2016 12:00:00 AM,21:50:20,1.24,51.0,30.46,90.0,161.79,4.5,06:18:00,17:57:00
11178,1476863117,10/18/2016 12:00:00 AM,21:45:17,1.23,51.0,30.46,90.0,173.6,4.5,06:18:00,17:57:00
11179,1476862817,10/18/2016 12:00:00 AM,21:40:17,1.23,51.0,30.46,90.0,137.44,4.5,06:18:00,17:57:00
11180,1476862520,10/18/2016 12:00:00 AM,21:35:20,1.21,51.0,30.46,89.0,152.94,4.5,06:18:00,17:57:00
11181,1476862218,10/18/2016 12:00:00 AM,21:30:18,1.21,51.0,30.46,91.0,143.32,5.62,06:18:00,17:57:00
11182,1476861918,10/18/2016 12:00:00 AM,21:25:18,1.22,51.0,30.46,91.0,110.91,3.37,06:18:00,17:57:00
11183,1476861620,10/18/2016 12:00:00 AM,21:20:20,1.2,51.0,30.46,90.0,157.95,4.5,06:18:00,17:57:00
11184,1476861317,10/18/2016 12:00:00 AM,21:15:17,1.23,51.0,30.46,90.0,151.85,6.75,06:18:00,17:57:00
11185,1476861017,10/18/2016 12:00:00 AM,21:10:17,1.22,51.0,30.46,90.0,164.34,4.5,06:18:00,17:57:00
11186,1476860718,10/18/2016 12:00:00 AM,21:05:18,1.25,52.0,30.46,90.0,161.8,3.37,06:18:00,17:57:00
11187,1476860420,10/18/2016 12:00:00 AM,21:00:20,1.22,52.0,30.46,74.83719267708949,182.57,4.5,06:18:00,17:57:00
11188,1476860118,10/18/2016 12:00:00 AM,20:55:18,1.23,52.0,30.46,90.0,124.94,4.5,06:18:00,17:57:00
11189,1476859817,10/18/2016 12:00:00 AM,20:50:17,1.23,52.0,30.45,90.0,131.11,3.37,06:18:00,17:57:00
11190,1476859518,10/18/2016 12:00:00 AM,20:45:18,1.2,51.0,30.45,91.0,142.47,6.75,06:18:00,17:57:00
11191,1476859220,10/18/2016 12:00:00 AM,20:40:20,1.26,51.0,30.45,92.0,132.73,3.37,06:18:00,17:57:00
11192,1476858920,10/18/2016 12:00:00 AM,20:35:20,1.22,51.0,30.45,93.0,148.51,2.25,06:18:00,17:57:00
11193,1476858617,10/18/2016 12:00:00 AM,20:30:17,1.21,51.0,30.45,93.0,138.62,3.37,06:18:00,17:57:00
11194,1476858321,10/18/2016 12:00:00 AM,20:25:21,1.25,51.0,30.45,93.0,124.24,9.0,06:18:00,17:57:00
11195,1476858018,10/18/2016 12:00:00 AM,20:20:18,1.23,51.0,30.45,93.0,141.89,2.25,06:18:00,17:57:00
11196,1476857720,10/18/2016 12:00:00 AM,20:15:20,1.24,51.0,30.45,93.0,130.55,5.62,06:18:00,17:57:00
11197,1476857417,10/18/2016 12:00:00 AM,20:10:17,1.24,51.0,30.45,93.0,147.65,5.62,06:18:00,17:57:00
11198,1476857118,10/18/2016 12:00:00 AM,20:05:18,1.24,51.0,30.45,92.0,129.87,3.37,06:18:00,17:57:00
11199,1476856818,10/18/2016 12:00:00 AM,20:00:18,1.21,51.0,30.45,92.0,125.96,4.5,06:18:00,17:57:00
11200,1476856518,10/18/2016 12:00:00 AM,19:55:18,1.24,51.0,30.44,92.0,92.74,7.87,06:18:00,17:57:00
11201,1476856217,10/18/2016 12:00:00 AM,19:50:17,1.23,51.0,30.44,93.0,99.94,3.37,06:18:00,17:57:00
11202,1476855918,10/18/2016 12:00:00 AM,19:45:18,1.24,51.0,30.44,93.0,137.08,7.87,06:18:00,17:57:00
11203,1476855617,10/18/2016 12:00:00 AM,19:40:17,1.24,52.0,30.44,93.0,147.53,3.37,06:18:00,17:57:00
11204,1476855318,10/18/2016 12:00:00 AM,19:35:18,1.19,52.0,30.44,93.0,130.87,5.62,06:18:00,17:57:00
11205,1476855023,10/18/2016 12:00:00 AM,19:30:23,1.21,52.0,30.44,93.0,166.83,5.62,06:18:00,17:57:00
11206,1476854717,10/18/2016 12:00:00 AM,19:25:17,1.24,52.0,30.44,93.0,180.03,2.25,06:18:00,17:57:00
11207,1476854418,10/18/2016 12:00:00 AM,19:20:18,1.22,52.0,30.44,93.0,136.63,6.75,06:18:00,17:57:00
11208,1476854118,10/18/2016 12:00:00 AM,19:15:18,1.26,52.0,30.44,93.0,140.21,1.12,06:18:00,17:57:00
11209,1476853820,10/18/2016 12:00:00 AM,19:10:20,1.27,52.0,30.44,94.0,89.01,4.5,06:18:00,17:57:00
11210,1476853517,10/18/2016 12:00:00 AM,19:05:17,1.24,52.0,30.43,94.0,155.92,1.12,06:18:00,17:57:00
11211,1476853217,10/18/2016 12:00:00 AM,19:00:17,1.22,52.0,30.43,95.0,130.56,7.87,06:18:00,17:57:00
11212,1476852917,10/18/2016 12:00:00 AM,18:55:17,1.21,52.0,30.43,95.0,109.11,9.0,06:18:00,17:57:00
11213,1476852617,10/18/2016 12:00:00 AM,18:50:17,1.22,52.0,30.43,97.0,161.55,2.25,06:18:00,17:57:00
11214,1476852318,10/18/2016 12:00:00 AM,18:45:18,1.21,52.0,30.43,97.0,162.63,4.5,06:18:00,17:57:00
11215,1476852017,10/18/2016 12:00:00 AM,18:40:17,1.25,52.0,30.43,98.0,148.41,7.87,06:18:00,17:57:00
11216,1476851718,10/18/2016 12:00:00 AM,18:35:18,1.24,52.0,30.43,97.0,161.28,6.75,06:18:00,17:57:00
11217,1476851417,10/18/2016 12:00:00 AM,18:30:17,1.22,53.0,30.43,96.0,103.71,4.5,06:18:00,17:57:00
11218,1476851124,10/18/2016 12:00:00 AM,18:25:24,1.25,53.0,30.423028000868246,94.0,95.1,5.62,06:18:00,17:57:00
11219,1476850817,10/18/2016 12:00:00 AM,18:20:17,1.21,53.0,30.42,92.0,74.15,4.5,06:18:00,17:57:00
11220,1476850517,10/18/2016 12:00:00 AM,18:15:17,1.22,54.0,30.42,91.0,114.02,2.25,06:18:00,17:57:00
11221,1476850217,10/18/2016 12:00:00 AM,18:10:17,1.28,54.0,30.42,90.0,3.76,4.5,06:18:00,17:57:00
11222,1476849918,10/18/2016 12:00:00 AM,18:05:18,2.48,54.0,30.42,89.0,88.13,3.37,06:18:00,17:57:00
11223,1476849618,10/18/2016 12:00:00 AM,18:00:18,5.52,55.0,30.42,92.0,22.88,1.12,06:18:00,17:57:00
11224,1476849318,10/18/2016 12:00:00 AM,17:55:18,7.84,55.0,30.42,93.0,54.3,4.5,06:18:00,17:57:00
11225,1476849021,10/18/2016 12:00:00 AM,17:50:21,11.84,56.0,30.42,92.0,9.59,2.25,06:18:00,17:57:00
11226,1476848720,10/18/2016 12:00:00 AM,17:45:20,21.71,56.0,30.42,86.0,20.66,0.0,06:18:00,17:57:00
11227,1476848418,10/18/2016 12:00:00 AM,17:40:18,34.65,57.0,30.42,87.0,122.29,5.62,06:18:00,17:57:00
11228,1476848120,10/18/2016 12:00:00 AM,17:35:20,40.35,57.0,30.41,88.0,141.67,6.75,06:18:00,17:57:00
11229,1476847818,10/18/2016 12:00:00 AM,17:30:18,38.98,56.0,30.41,91.0,164.62,2.25,06:18:00,17:57:00
11230,1476847518,10/18/2016 12:00:00 AM,17:25:18,54.4,56.0,30.41,94.0,120.08,4.5,06:18:00,17:57:00
11231,1476847218,10/18/2016 12:00:00 AM,17:20:18,59.42,56.0,30.41,95.0,116.4,3.37,06:18:00,17:57:00
11232,1476846918,10/18/2016 12:00:00 AM,17:15:18,82.87,57.0,30.41,94.0,16.83,2.25,06:18:00,17:57:00
11233,1476846617,10/18/2016 12:00:00 AM,17:10:17,98.55,57.0,30.41,92.0,92.92,5.62,06:18:00,17:57:00
11234,1476846317,10/18/2016 12:00:00 AM,17:05:17,125.02,58.0,30.41,88.0,30.66,3.37,06:18:00,17:57:00
11235,1476846017,10/18/2016 12:00:00 AM,17:00:17,155.22,59.0,30.41,80.0,3.14,0.0,06:18:00,17:57:00
11236,1476845720,10/18/2016 12:00:00 AM,16:55:20,191.79,59.0,30.41,79.0,18.35,3.37,06:18:00,17:57:00
11237,1476845418,10/18/2016 12:00:00 AM,16:50:18,216.49,59.0,30.41,80.0,32.66,2.25,06:18:00,17:57:00
11238,1476845118,10/18/2016 12:00:00 AM,16:45:18,263.81,59.0,30.4,81.0,98.3,3.37,06:18:00,17:57:00
11239,1476844817,10/18/2016 12:00:00 AM,16:40:17,335.04,58.0,30.41,82.0,24.0,2.25,06:18:00,17:57:00
11240,1476844518,10/18/2016 12:00:00 AM,16:35:18,370.65,58.0,30.4,91.0,81.97,3.37,06:18:00,17:57:00
11241,1476844221,10/18/2016 12:00:00 AM,16:30:21,331.96,57.0,30.4,93.0,144.46,3.37,06:18:00,17:57:00
11242,1476843918,10/18/2016 12:00:00 AM,16:25:18,201.93,57.0,30.4,93.0,128.98,5.62,06:18:00,17:57:00
11243,1476843618,10/18/2016 12:00:00 AM,16:20:18,414.79,57.0,30.4,93.0,177.79,4.5,06:18:00,17:57:00
11244,1476843317,10/18/2016 12:00:00 AM,16:15:17,455.81,57.0,30.4,93.0,91.52,2.25,06:18:00,17:57:00
11245,1476843017,10/18/2016 12:00:00 AM,16:10:17,316.3,57.0,30.4,94.0,58.18,3.37,06:18:00,17:57:00
11246,1476842717,10/18/2016 12:00:00 AM,16:05:17,246.18,57.0,30.4,93.0,64.13,2.25,06:18:00,17:57:00
11247,1476842418,10/18/2016 12:00:00 AM,16:00:18,335.65,57.0,30.4,94.0,98.77,6.75,06:18:00,17:57:00
11248,1476842117,10/18/2016 12:00:00 AM,15:55:17,602.27,56.0,30.4,97.0,65.76,3.37,06:18:00,17:57:00
11249,1476841818,10/18/2016 12:00:00 AM,15:50:18,367.64,56.0,30.4,97.0,64.84,1.12,06:18:00,17:57:00
11250,1476841518,10/18/2016 12:00:00 AM,15:45:18,132.27,56.0,30.4,97.0,26.01,1.12,06:18:00,17:57:00
11251,1476841217,10/18/2016 12:00:00 AM,15:40:17,198.99,56.0,30.4,98.0,63.0,2.25,06:18:00,17:57:00
11252,1476840917,10/18/2016 12:00:00 AM,15:35:17,275.14,56.0,30.4,97.0,52.12,3.37,06:18:00,17:57:00
11253,1476840618,10/18/2016 12:00:00 AM,15:30:18,188.71,57.0,30.4,98.0,143.26,2.25,06:18:00,17:57:00
11254,1476840321,10/18/2016 12:00:00 AM,15:25:21,503.78,57.0,30.4,99.0,48.15,4.5,06:18:00,17:57:00
11255,1476840017,10/18/2016 12:00:00 AM,15:20:17,781.09,56.0,30.4,101.0,94.43,3.37,06:18:00,17:57:00
11256,1476839720,10/18/2016 12:00:00 AM,15:15:20,430.79,56.0,30.4,101.0,101.87,2.25,06:18:00,17:57:00
11257,1476839418,10/18/2016 12:00:00 AM,15:10:18,755.12,56.0,30.4,101.0,65.7,2.25,06:18:00,17:57:00
11258,1476839120,10/18/2016 12:00:00 AM,15:05:20,519.04,55.0,30.4,101.0,24.38,5.62,06:18:00,17:57:00
11259,1476838818,10/18/2016 12:00:00 AM,15:00:18,280.51,55.0,30.4,101.0,19.06,3.37,06:18:00,17:57:00
11260,1476838521,10/18/2016 12:00:00 AM,14:55:21,349.71,55.0,30.4,101.0,21.88,9.0,06:18:00,17:57:00
11261,1476838217,10/18/2016 12:00:00 AM,14:50:17,284.95,55.0,30.4,101.0,2.84,4.5,06:18:00,17:57:00
11262,1476837918,10/18/2016 12:00:00 AM,14:45:18,339.78,56.0,30.4,101.0,15.73,7.87,06:18:00,17:57:00
11263,1476837620,10/18/2016 12:00:00 AM,14:40:20,359.65,55.0,30.4,101.0,358.29,3.37,06:18:00,17:57:00
11264,1476837317,10/18/2016 12:00:00 AM,14:35:17,251.92,55.0,30.4,101.0,33.59,7.87,06:18:00,17:57:00
11265,1476837020,10/18/2016 12:00:00 AM,14:30:20,349.53,55.0,30.4,101.0,34.13,7.87,06:18:00,17:57:00
11266,1476836717,10/18/2016 12:00:00 AM,14:25:17,227.36,55.0,30.4,101.0,0.11,5.62,06:18:00,17:57:00
11267,1476836420,10/18/2016 12:00:00 AM,14:20:20,294.73,56.0,30.4,101.0,336.51,5.62,06:18:00,17:57:00
11268,1476836120,10/18/2016 12:00:00 AM,14:15:20,444.14,56.0,30.4,100.0,21.8,13.5,06:18:00,17:57:00
11269,1476835818,10/18/2016 12:00:00 AM,14:10:18,339.93,56.0,30.4,100.0,17.28,7.87,06:18:00,17:57:00
11270,1476835517,10/18/2016 12:00:00 AM,14:05:17,301.64,56.0,30.4,100.0,38.3,7.87,06:18:00,17:57:00
11271,1476835219,10/18/2016 12:00:00 AM,14:00:19,354.09,57.0,30.4,100.0,45.09,10.12,06:18:00,17:57:00
11272,1476834917,10/18/2016 12:00:00 AM,13:55:17,389.28,57.0,30.4,100.0,34.37,6.75,06:18:00,17:57:00
11273,1476834618,10/18/2016 12:00:00 AM,13:50:18,323.87,57.0,30.4,100.0,359.66,2.25,06:18:00,17:57:00
11274,1476834318,10/18/2016 12:00:00 AM,13:45:18,420.3,57.0,30.4,99.0,336.26,5.62,06:18:00,17:57:00
11275,1476834019,10/18/2016 12:00:00 AM,13:40:19,838.62,58.0,30.4,100.0,6.3,11.25,06:18:00,17:57:00
11276,1476833720,10/18/2016 12:00:00 AM,13:35:20,634.19,58.0,30.4,99.0,88.08,9.0,06:18:00,17:57:00
11277,1476833418,10/18/2016 12:00:00 AM,13:30:18,672.29,58.0,30.4,100.0,24.7,6.75,06:18:00,17:57:00
11278,1476833117,10/18/2016 12:00:00 AM,13:25:17,696.69,58.0,30.41,100.0,64.76,4.5,06:18:00,17:57:00
11279,1476832817,10/18/2016 12:00:00 AM,13:20:17,759.54,58.0,30.41,100.0,14.27,3.37,06:18:00,17:57:00
11280,1476832518,10/18/2016 12:00:00 AM,13:15:18,807.27,58.0,30.41,100.0,81.22,5.62,06:18:00,17:57:00
11281,1476832217,10/18/2016 12:00:00 AM,13:10:17,1286.16,58.0,30.41,100.0,30.67,6.75,06:18:00,17:57:00
11282,1476831917,10/18/2016 12:00:00 AM,13:05:17,673.85,58.0,30.41,99.0,56.1,5.62,06:18:00,17:57:00
11283,1476831617,10/18/2016 12:00:00 AM,13:00:17,734.52,58.0,30.41,99.0,46.58,12.37,06:18:00,17:57:00
11284,1476831318,10/18/2016 12:00:00 AM,12:55:18,556.69,58.0,30.41,98.0,350.19,9.0,06:18:00,17:57:00
11285,1476831022,10/18/2016 12:00:00 AM,12:50:22,552.93,58.0,30.41,98.0,58.87,10.12,06:18:00,17:57:00
11286,1476830718,10/18/2016 12:00:00 AM,12:45:18,508.68,58.0,30.42,97.0,19.03,14.62,06:18:00,17:57:00
11287,1476830418,10/18/2016 12:00:00 AM,12:40:18,1051.52,59.0,30.42,96.0,27.82,5.62,06:18:00,17:57:00
11288,1476830117,10/18/2016 12:00:00 AM,12:35:17,1128.05,59.0,30.42,95.0,48.73,4.5,06:18:00,17:57:00
11289,1476829818,10/18/2016 12:00:00 AM,12:30:18,1150.21,60.0,30.42,95.0,61.39,4.5,06:18:00,17:57:00
11290,1476829518,10/18/2016 12:00:00 AM,12:25:18,1107.24,60.0,30.42,92.0,65.64,11.25,06:18:00,17:57:00
11291,1476829217,10/18/2016 12:00:00 AM,12:20:17,1177.84,60.0,30.42,92.0,357.39,4.5,06:18:00,17:57:00
11292,1476828917,10/18/2016 12:00:00 AM,12:15:17,886.33,60.0,30.43,90.0,58.44,11.25,06:18:00,17:57:00
11293,1476828618,10/18/2016 12:00:00 AM,12:10:18,989.02,60.0,30.43,89.0,33.82,7.87,06:18:00,17:57:00
11294,1476828318,10/18/2016 12:00:00 AM,12:05:18,991.87,60.0,30.43,91.0,84.3,7.87,06:18:00,17:57:00
11295,1476828018,10/18/2016 12:00:00 AM,12:00:18,992.15,60.0,30.43,90.0,305.44,10.12,06:18:00,17:57:00
11296,1476827718,10/18/2016 12:00:00 AM,11:55:18,695.94,60.0,30.44,88.0,18.75,10.12,06:18:00,17:57:00
11297,1476827418,10/18/2016 12:00:00 AM,11:50:18,979.42,60.0,30.43,86.0,343.5,2.25,06:18:00,17:57:00
11298,1476827121,10/18/2016 12:00:00 AM,11:45:21,975.44,59.0,30.44,86.0,69.84,7.87,06:18:00,17:57:00
11299,1476826818,10/18/2016 12:00:00 AM,11:40:18,968.59,59.0,30.44,87.0,64.73,4.5,06:18:00,17:57:00
11300,1476826518,10/18/2016 12:00:00 AM,11:35:18,965.1,59.0,30.44,87.0,35.28,11.25,06:18:00,17:57:00
11301,1476826218,10/18/2016 12:00:00 AM,11:30:18,976.49,59.0,30.44,91.0,57.79,10.12,06:18:00,17:57:00
11302,1476825917,10/18/2016 12:00:00 AM,11:25:17,995.5,59.0,30.44,92.0,70.5,4.5,06:18:00,17:57:00
11303,1476825617,10/18/2016 12:00:00 AM,11:20:17,1059.24,58.0,30.45,94.0,199.98,3.37,06:18:00,17:57:00
11304,1476825320,10/18/2016 12:00:00 AM,11:15:20,538.65,58.0,30.45,97.0,30.02,3.37,06:18:00,17:57:00
11305,1476825018,10/18/2016 12:00:00 AM,11:10:18,772.08,58.0,30.45,95.0,54.71,14.62,06:18:00,17:57:00
11306,1476824717,10/18/2016 12:00:00 AM,11:05:17,1276.21,58.0,30.45,95.0,306.27,4.5,06:18:00,17:57:00
11307,1476824422,10/18/2016 12:00:00 AM,11:00:22,733.29,58.0,30.45,96.0,67.91,6.75,06:18:00,17:57:00
11308,1476824120,10/18/2016 12:00:00 AM,10:55:20,466.99,59.0,30.45,94.0,99.58,13.5,06:18:00,17:57:00
11309,1476823818,10/18/2016 12:00:00 AM,10:50:18,596.82,59.0,30.45,94.0,22.61,6.75,06:18:00,17:57:00
11310,1476823518,10/18/2016 12:00:00 AM,10:45:18,916.77,59.0,30.45,94.0,34.87,3.37,06:18:00,17:57:00
11311,1476823221,10/18/2016 12:00:00 AM,10:40:21,919.67,59.0,30.45,93.0,51.17,10.12,06:18:00,17:57:00
11312,1476822917,10/18/2016 12:00:00 AM,10:35:17,900.69,59.0,30.46,94.0,52.38,6.75,06:18:00,17:57:00
11313,1476822618,10/18/2016 12:00:00 AM,10:30:18,881.36,58.0,30.46,94.0,59.82,5.62,06:18:00,17:57:00
11314,1476822317,10/18/2016 12:00:00 AM,10:25:17,856.67,59.0,30.46,95.0,70.87,7.87,06:18:00,17:57:00
11315,1476822017,10/18/2016 12:00:00 AM,10:20:17,866.23,59.0,30.46,95.0,47.77,14.62,06:18:00,17:57:00
11316,1476821718,10/18/2016 12:00:00 AM,10:15:18,870.98,59.0,30.46,95.0,359.92,7.87,06:18:00,17:57:00
11317,1476821418,10/18/2016 12:00:00 AM,10:10:18,839.55,59.0,30.46,74.83719267708949,97.22,5.62,06:18:00,17:57:00
11318,1476821117,10/18/2016 12:00:00 AM,10:05:17,826.98,58.0,30.46,95.0,50.29,15.75,06:18:00,17:57:00
11319,1476820818,10/18/2016 12:00:00 AM,10:00:18,823.51,58.0,30.46,95.0,358.5,6.75,06:18:00,17:57:00
11320,1476820517,10/18/2016 12:00:00 AM,09:55:17,798.87,58.0,30.46,95.0,84.6,7.87,06:18:00,17:57:00
11321,1476820217,10/18/2016 12:00:00 AM,09:50:17,785.13,58.0,30.46,95.0,132.67,7.87,06:18:00,17:57:00
11322,1476819921,10/18/2016 12:00:00 AM,09:45:21,772.24,57.0,30.46,95.0,315.09,3.37,06:18:00,17:57:00
11323,1476819618,10/18/2016 12:00:00 AM,09:40:18,757.14,57.0,30.46,96.0,128.3,10.12,06:18:00,17:57:00
11324,1476819318,10/18/2016 12:00:00 AM,09:35:18,748.26,57.0,30.46,95.0,108.31,9.0,06:18:00,17:57:00
11325,1476819017,10/18/2016 12:00:00 AM,09:30:17,731.3,57.0,30.46,95.0,59.85,11.25,06:18:00,17:57:00
11326,1476818720,10/18/2016 12:00:00 AM,09:25:20,713.98,57.0,30.46,96.0,88.7,6.75,06:18:00,17:57:00
11327,1476818417,10/18/2016 12:00:00 AM,09:20:17,701.8,57.0,30.46,97.0,29.2,4.5,06:18:00,17:57:00
11328,1476818118,10/18/2016 12:00:00 AM,09:15:18,639.32,57.0,30.46,97.0,61.72,9.0,06:18:00,17:57:00
11329,1476817818,10/18/2016 12:00:00 AM,09:10:18,692.94,57.0,30.45,96.0,339.68,5.62,06:18:00,17:57:00
11330,1476817518,10/18/2016 12:00:00 AM,09:05:18,648.11,57.0,30.45,97.0,105.11,4.5,06:18:00,17:57:00
11331,1476817218,10/18/2016 12:00:00 AM,09:00:18,629.96,56.0,30.45,100.0,94.45,7.87,06:18:00,17:57:00
11332,1476816918,10/18/2016 12:00:00 AM,08:55:18,610.88,56.0,30.45,100.0,91.51,5.62,06:18:00,17:57:00
11333,1476816618,10/18/2016 12:00:00 AM,08:50:18,593.73,55.0,30.45,100.0,92.53,7.87,06:18:00,17:57:00
11334,1476816319,10/18/2016 12:00:00 AM,08:45:19,348.47,55.0,30.45,99.0,50.06,6.75,06:18:00,17:57:00
11335,1476816018,10/18/2016 12:00:00 AM,08:40:18,252.29,55.0,30.45,99.0,83.03,4.5,06:18:00,17:57:00
11336,1476815717,10/18/2016 12:00:00 AM,08:35:17,383.52,55.0,30.45,99.0,146.9,1.12,06:18:00,17:57:00
11337,1476815417,10/18/2016 12:00:00 AM,08:30:17,301.35,55.0,30.45,99.0,128.38,4.5,06:18:00,17:57:00
11338,1476815118,10/18/2016 12:00:00 AM,08:25:18,234.93,56.0,30.45,99.0,68.57,10.12,06:18:00,17:57:00
11339,1476814817,10/18/2016 12:00:00 AM,08:20:17,480.6,56.0,30.45,98.0,54.79,9.0,06:18:00,17:57:00
11340,1476814518,10/18/2016 12:00:00 AM,08:15:18,244.32,56.0,30.45,97.0,7.35,4.5,06:18:00,17:57:00
11341,1476814220,10/18/2016 12:00:00 AM,08:10:20,444.16,56.0,30.45,97.0,130.81,5.62,06:18:00,17:57:00
11342,1476813918,10/18/2016 12:00:00 AM,08:05:18,451.7,55.0,30.45,98.0,132.28,3.37,06:18:00,17:57:00
11343,1476813618,10/18/2016 12:00:00 AM,08:00:18,382.27,55.0,30.45,99.0,102.7,13.5,06:18:00,17:57:00
11344,1476813318,10/18/2016 12:00:00 AM,07:55:18,336.56,55.0,30.45,99.0,127.27,9.0,06:18:00,17:57:00
11345,1476813018,10/18/2016 12:00:00 AM,07:50:18,379.82,54.0,30.45,100.0,94.93,10.12,06:18:00,17:57:00
11346,1476812720,10/18/2016 12:00:00 AM,07:45:20,170.36,54.0,30.44,100.0,170.84,6.75,06:18:00,17:57:00
11347,1476812417,10/18/2016 12:00:00 AM,07:40:17,178.94,53.0,30.44,100.0,175.78,7.87,06:18:00,17:57:00
11348,1476812118,10/18/2016 12:00:00 AM,07:35:18,115.96,53.0,30.44,100.0,108.81,4.5,06:18:00,17:57:00
11349,1476811818,10/18/2016 12:00:00 AM,07:30:18,108.89,53.0,30.44,99.0,75.5,4.5,06:18:00,17:57:00
11350,1476811517,10/18/2016 12:00:00 AM,07:25:17,132.85,53.0,30.44,99.0,166.36,4.5,06:18:00,17:57:00
11351,1476811218,10/18/2016 12:00:00 AM,07:20:18,80.16,52.0,30.44,98.0,139.99,5.62,06:18:00,17:57:00
11352,1476810918,10/18/2016 12:00:00 AM,07:15:18,84.79,52.0,30.44,98.0,128.36,4.5,06:18:00,17:57:00
11353,1476810618,10/18/2016 12:00:00 AM,07:10:18,50.29,52.0,30.44,97.0,128.89,2.25,06:18:00,17:57:00
11354,1476810321,10/18/2016 12:00:00 AM,07:05:21,38.73,52.0,30.44,97.0,151.94,4.5,06:18:00,17:57:00
11355,1476810018,10/18/2016 12:00:00 AM,07:00:18,44.34,52.0,30.44,96.0,175.34,7.87,06:18:00,17:57:00
11356,1476809720,10/18/2016 12:00:00 AM,06:55:20,29.11,52.0,30.44,96.0,161.9,10.12,06:18:00,17:57:00
11357,1476809418,10/18/2016 12:00:00 AM,06:50:18,36.13,51.0,30.44,95.0,137.61,2.25,06:18:00,17:57:00
11358,1476809117,10/18/2016 12:00:00 AM,06:45:17,19.5,51.0,30.44,95.0,116.66,9.0,06:18:00,17:57:00
11359,1476808817,10/18/2016 12:00:00 AM,06:40:17,13.29,51.0,30.44,95.0,94.61,6.75,06:18:00,17:57:00
11360,1476808520,10/18/2016 12:00:00 AM,06:35:20,11.04,51.0,30.43,93.0,112.85,7.87,06:18:00,17:57:00
11361,1476808218,10/18/2016 12:00:00 AM,06:30:18,10.11,51.0,30.43,91.0,111.18,2.25,06:18:00,17:57:00
11362,1476807918,10/18/2016 12:00:00 AM,06:25:18,8.1,51.0,30.43,88.0,61.52,5.62,06:18:00,17:57:00
11363,1476807617,10/18/2016 12:00:00 AM,06:20:17,5.98,51.0,30.43,87.0,120.04,6.75,06:18:00,17:57:00
11364,1476807317,10/18/2016 12:00:00 AM,06:15:17,4.22,50.0,30.43,91.0,171.3,3.37,06:18:00,17:57:00
11365,1476807020,10/18/2016 12:00:00 AM,06:10:20,2.6,50.0,30.43,94.0,175.45,6.75,06:18:00,17:57:00
11366,1476806718,10/18/2016 12:00:00 AM,06:05:18,1.44,50.0,30.43,96.0,165.7,11.25,06:18:00,17:57:00
11367,1476806418,10/18/2016 12:00:00 AM,06:00:18,1.23,50.0,30.43,97.0,144.6,6.75,06:18:00,17:57:00
11368,1476806120,10/18/2016 12:00:00 AM,05:55:20,1.19,51.0,30.42,98.0,183.11,9.0,06:18:00,17:57:00
11369,1476805817,10/18/2016 12:00:00 AM,05:50:17,1.24,51.0,30.42,99.0,133.38,6.75,06:18:00,17:57:00
11370,1476805518,10/18/2016 12:00:00 AM,05:45:18,1.21,51.0,30.42,99.0,112.61,4.5,06:18:00,17:57:00
11371,1476805218,10/18/2016 12:00:00 AM,05:40:18,1.25,51.0,30.42,100.0,172.97,9.0,06:18:00,17:57:00
11372,1476804918,10/18/2016 12:00:00 AM,05:35:18,1.2,51.0,30.42,100.0,88.32,4.5,06:18:00,17:57:00
11373,1476804618,10/18/2016 12:00:00 AM,05:30:18,1.22,51.0,30.42,100.0,179.37,5.62,06:18:00,17:57:00
11374,1476804320,10/18/2016 12:00:00 AM,05:25:20,1.21,51.0,30.42,100.0,128.9,10.12,06:18:00,17:57:00
11375,1476804021,10/18/2016 12:00:00 AM,05:20:21,1.24,51.0,30.42,100.0,131.75,7.87,06:18:00,17:57:00
11376,1476803720,10/18/2016 12:00:00 AM,05:15:20,1.22,51.0,30.42,100.0,127.97,6.75,06:18:00,17:57:00
11377,1476803418,10/18/2016 12:00:00 AM,05:10:18,1.22,51.0,30.42,100.0,87.71,6.75,06:18:00,17:57:00
11378,1476803120,10/18/2016 12:00:00 AM,05:05:20,1.23,51.0,30.42,101.0,151.89,6.75,06:18:00,17:57:00
11379,1476802818,10/18/2016 12:00:00 AM,05:00:18,1.27,51.0,30.42,101.0,176.72,3.37,06:18:00,17:57:00
11380,1476802520,10/18/2016 12:00:00 AM,04:55:20,1.27,51.0,30.42,100.0,165.01,6.75,06:18:00,17:57:00
11381,1476802218,10/18/2016 12:00:00 AM,04:50:18,1.2,51.0,30.42,100.0,107.94,10.12,06:18:00,17:57:00
11382,1476801918,10/18/2016 12:00:00 AM,04:45:18,1.24,51.0,30.42,100.0,144.97,9.0,06:18:00,17:57:00
11383,1476801617,10/18/2016 12:00:00 AM,04:40:17,1.24,52.0,30.42,100.0,125.55,10.12,06:18:00,17:57:00
11384,1476801318,10/18/2016 12:00:00 AM,04:35:18,1.26,52.0,30.42,100.0,124.58,7.87,06:18:00,17:57:00
11385,1476801018,10/18/2016 12:00:00 AM,04:30:18,1.24,52.0,30.42,100.0,130.32,3.37,06:18:00,17:57:00
11386,1476800717,10/18/2016 12:00:00 AM,04:25:17,1.21,52.0,30.42,100.0,138.07,5.62,06:18:00,17:57:00
11387,1476800417,10/18/2016 12:00:00 AM,04:20:17,1.24,52.0,30.42,100.0,180.81,5.62,06:18:00,17:57:00
11388,1476800120,10/18/2016 12:00:00 AM,04:15:20,1.22,52.0,30.42,100.0,113.49,10.12,06:18:00,17:57:00
11389,1476799818,10/18/2016 12:00:00 AM,04:10:18,1.23,52.0,30.42,100.0,127.98,5.62,06:18:00,17:57:00
11390,1476799517,10/18/2016 12:00:00 AM,04:05:17,1.27,52.0,30.42,100.0,135.99,3.37,06:18:00,17:57:00
11391,1476799218,10/18/2016 12:00:00 AM,04:00:18,1.23,52.0,30.42,99.0,119.0,1.12,06:18:00,17:57:00
11392,1476798918,10/18/2016 12:00:00 AM,03:55:18,1.23,52.0,30.42,99.0,109.19,7.87,06:18:00,17:57:00
11393,1476798618,10/18/2016 12:00:00 AM,03:50:18,1.21,52.0,30.42,99.0,87.48,3.37,06:18:00,17:57:00
11394,1476798317,10/18/2016 12:00:00 AM,03:45:17,1.23,51.0,30.42,98.0,163.83,6.75,06:18:00,17:57:00
11395,1476798022,10/18/2016 12:00:00 AM,03:40:22,1.21,51.0,30.42,96.0,93.47,5.62,06:18:00,17:57:00
11396,1476797718,10/18/2016 12:00:00 AM,03:35:18,1.22,51.0,30.42,95.0,113.63,6.75,06:18:00,17:57:00
11397,1476797418,10/18/2016 12:00:00 AM,03:30:18,1.26,51.0,30.41,96.0,97.51,6.75,06:18:00,17:57:00
11398,1476797117,10/18/2016 12:00:00 AM,03:25:17,1.21,51.0,30.41,98.0,149.7,6.75,06:18:00,17:57:00
11399,1476796818,10/18/2016 12:00:00 AM,03:20:18,1.24,51.0,30.42,99.0,158.83,6.75,06:18:00,17:57:00
11400,1476796518,10/18/2016 12:00:00 AM,03:15:18,1.24,51.0,30.42,99.0,140.62,12.37,06:18:00,17:57:00
11401,1476796222,10/18/2016 12:00:00 AM,03:10:22,1.22,51.0,30.42,99.0,160.59,10.12,06:18:00,17:57:00
11402,1476795918,10/18/2016 12:00:00 AM,03:05:18,1.24,51.0,30.42,99.0,151.24,7.87,06:18:00,17:57:00
11403,1476795617,10/18/2016 12:00:00 AM,03:00:17,1.19,51.0,30.43,99.0,166.72,7.87,06:18:00,17:57:00
11404,1476795318,10/18/2016 12:00:00 AM,02:55:18,1.22,51.0,30.43,99.0,166.07,2.25,06:18:00,17:57:00
11405,1476795020,10/18/2016 12:00:00 AM,02:50:20,1.24,51.0,30.43,99.0,100.93,5.62,06:18:00,17:57:00
11406,1476794718,10/18/2016 12:00:00 AM,02:45:18,1.22,51.0,30.43,98.0,129.95,7.87,06:18:00,17:57:00
11407,1476794418,10/18/2016 12:00:00 AM,02:40:18,1.25,50.0,30.43,97.0,128.17,2.25,06:18:00,17:57:00
11408,1476794117,10/18/2016 12:00:00 AM,02:35:17,1.21,50.0,30.43,96.0,185.64,9.0,06:18:00,17:57:00
11409,1476793818,10/18/2016 12:00:00 AM,02:30:18,1.21,50.0,30.43,95.0,179.05,9.0,06:18:00,17:57:00
11410,1476793517,10/18/2016 12:00:00 AM,02:25:17,1.2,51.0,30.44,94.0,87.87,3.37,06:18:00,17:57:00
11411,1476793221,10/18/2016 12:00:00 AM,02:20:21,1.25,51.0,30.44,94.0,141.65,6.75,06:18:00,17:57:00
11412,1476792920,10/18/2016 12:00:00 AM,02:15:20,1.22,51.0,30.44,92.0,122.66,4.5,06:18:00,17:57:00
11413,1476792618,10/18/2016 12:00:00 AM,02:10:18,1.2,50.0,30.44,90.0,138.96,4.5,06:18:00,17:57:00
11414,1476792319,10/18/2016 12:00:00 AM,02:05:19,1.19,51.0,30.44,90.0,109.11,2.25,06:18:00,17:57:00
11415,1476792018,10/18/2016 12:00:00 AM,02:00:18,1.24,51.0,30.44,90.0,146.65,3.37,06:18:00,17:57:00
11416,1476791718,10/18/2016 12:00:00 AM,01:55:18,1.2,51.0,30.44,91.0,146.39,5.62,06:18:00,17:57:00
11417,1476791417,10/18/2016 12:00:00 AM,01:50:17,1.22,51.0,30.44,96.0,180.46,10.12,06:18:00,17:57:00
11418,1476791118,10/18/2016 12:00:00 AM,01:45:18,1.22,51.0,30.44,97.0,124.59,6.75,06:18:00,17:57:00
11419,1476790817,10/18/2016 12:00:00 AM,01:40:17,1.22,51.0,30.44,98.0,159.43,1.12,06:18:00,17:57:00
11420,1476790519,10/18/2016 12:00:00 AM,01:35:19,1.19,51.0,30.44,98.0,176.24,11.25,06:18:00,17:57:00
11421,1476790217,10/18/2016 12:00:00 AM,01:30:17,1.22,51.0,30.44,99.0,138.6,3.37,06:18:00,17:57:00
11422,1476789917,10/18/2016 12:00:00 AM,01:25:17,1.22,52.0,30.45,98.0,150.76,9.0,06:18:00,17:57:00
11423,1476789618,10/18/2016 12:00:00 AM,01:20:18,1.27,52.0,30.45,98.0,106.92,2.25,06:18:00,17:57:00
11424,1476789321,10/18/2016 12:00:00 AM,01:15:21,1.24,52.0,30.45,97.0,113.4,4.5,06:18:00,17:57:00
11425,1476789020,10/18/2016 12:00:00 AM,01:10:20,1.21,52.0,30.45,97.0,103.05,5.62,06:18:00,17:57:00
11426,1476788718,10/18/2016 12:00:00 AM,01:05:18,1.22,52.0,30.45,98.0,162.78,6.75,06:18:00,17:57:00
11427,1476788419,10/18/2016 12:00:00 AM,01:00:19,1.24,52.0,30.45,99.0,95.64,4.5,06:18:00,17:57:00
11428,1476788118,10/18/2016 12:00:00 AM,00:55:18,1.24,52.0,30.45,99.0,58.86,4.5,06:18:00,17:57:00
11429,1476787818,10/18/2016 12:00:00 AM,00:50:18,1.27,52.0,30.45,99.0,31.74,6.75,06:18:00,17:57:00
11430,1476787517,10/18/2016 12:00:00 AM,00:45:17,1.21,51.0,30.45,100.0,43.57,7.87,06:18:00,17:57:00
11431,1476787217,10/18/2016 12:00:00 AM,00:40:17,1.24,51.0,30.45,101.0,57.82,4.5,06:18:00,17:57:00
11432,1476786918,10/18/2016 12:00:00 AM,00:35:18,1.18,51.0,30.44,101.0,57.85,3.37,06:18:00,17:57:00
11433,1476786620,10/18/2016 12:00:00 AM,00:30:20,1.2,52.0,30.44,101.0,86.53,2.25,06:18:00,17:57:00
11434,1476786317,10/18/2016 12:00:00 AM,00:25:17,1.23,52.0,30.45,101.0,146.24,7.87,06:18:00,17:57:00
11435,1476786017,10/18/2016 12:00:00 AM,00:20:17,1.24,52.0,30.45,101.0,94.21,4.5,06:18:00,17:57:00
11436,1476785719,10/18/2016 12:00:00 AM,00:15:19,1.19,52.0,30.46,101.0,86.77,3.37,06:18:00,17:57:00
11437,1476785417,10/18/2016 12:00:00 AM,00:10:17,1.21,52.0,30.46,101.0,68.63,2.25,06:18:00,17:57:00
11438,1476785117,10/18/2016 12:00:00 AM,00:05:17,1.25,52.0,30.46,101.0,55.32,5.62,06:18:00,17:57:00
11439,1476784820,10/18/2016 12:00:00 AM,00:00:20,1.2,52.0,30.46,101.0,94.81,3.37,06:18:00,17:57:00
11440,1476784521,10/17/2016 12:00:00 AM,23:55:21,1.24,52.0,30.47,101.0,295.08,2.25,06:18:00,17:58:00
11441,1476784220,10/17/2016 12:00:00 AM,23:50:20,1.21,52.0,30.47,101.0,73.1,5.62,06:18:00,17:58:00
11442,1476783917,10/17/2016 12:00:00 AM,23:45:17,1.25,52.0,30.46,100.0,47.3,4.5,06:18:00,17:58:00
11443,1476783618,10/17/2016 12:00:00 AM,23:40:18,1.27,51.0,30.47,100.0,84.07,5.62,06:18:00,17:58:00
11444,1476783318,10/17/2016 12:00:00 AM,23:35:18,1.22,51.0,30.47,100.0,33.74,3.37,06:18:00,17:58:00
11445,1476783017,10/17/2016 12:00:00 AM,23:30:17,1.23,52.0,30.47,100.0,121.77,9.0,06:18:00,17:58:00
11446,1476782718,10/17/2016 12:00:00 AM,23:25:18,1.23,52.0,30.47,99.0,103.3,2.25,06:18:00,17:58:00
11447,1476782418,10/17/2016 12:00:00 AM,23:20:18,1.24,52.0,30.47,99.0,89.67,11.25,06:18:00,17:58:00
11448,1476782120,10/17/2016 12:00:00 AM,23:15:20,1.22,53.0,30.47,99.0,50.91,11.25,06:18:00,17:58:00
11449,1476781823,10/17/2016 12:00:00 AM,23:10:23,1.22,53.0,30.47,98.0,99.44,4.5,06:18:00,17:58:00
11450,1476781517,10/17/2016 12:00:00 AM,23:05:17,1.24,53.0,30.47,97.0,90.61,1.12,06:18:00,17:58:00
11451,1476781217,10/17/2016 12:00:00 AM,23:00:17,1.2,53.0,30.47,97.0,171.89,6.75,06:18:00,17:58:00
11452,1476780920,10/17/2016 12:00:00 AM,22:55:20,1.23,52.0,30.46,97.0,124.23,4.5,06:18:00,17:58:00
11453,1476780620,10/17/2016 12:00:00 AM,22:50:20,1.22,52.0,30.46,97.0,160.44,3.37,06:18:00,17:58:00
11454,1476780320,10/17/2016 12:00:00 AM,22:45:20,1.23,52.0,30.46,98.0,139.05,9.0,06:18:00,17:58:00
11455,1476780024,10/17/2016 12:00:00 AM,22:40:24,1.21,53.0,30.46,99.0,163.79,5.62,06:18:00,17:58:00
11456,1476779718,10/17/2016 12:00:00 AM,22:35:18,1.21,53.0,30.46,99.0,130.85,4.5,06:18:00,17:58:00
11457,1476779418,10/17/2016 12:00:00 AM,22:30:18,1.2,52.0,30.47,99.0,173.29,6.75,06:18:00,17:58:00
11458,1476779118,10/17/2016 12:00:00 AM,22:25:18,1.24,52.0,30.47,100.0,153.25,7.87,06:18:00,17:58:00
11459,1476778820,10/17/2016 12:00:00 AM,22:20:20,1.25,52.0,30.47,100.0,135.84,7.87,06:18:00,17:58:00
11460,1476778517,10/17/2016 12:00:00 AM,22:15:17,1.24,52.0,30.47,100.0,97.12,6.75,06:18:00,17:58:00
11461,1476778220,10/17/2016 12:00:00 AM,22:10:20,1.23,52.0,30.47,101.0,154.36,3.37,06:18:00,17:58:00
11462,1476777918,10/17/2016 12:00:00 AM,22:05:18,1.24,53.0,30.47,101.0,179.84,6.75,06:18:00,17:58:00
11463,1476777618,10/17/2016 12:00:00 AM,22:00:18,1.23,53.0,30.47,101.0,77.62,6.75,06:18:00,17:58:00
11464,1476777318,10/17/2016 12:00:00 AM,21:55:18,1.24,53.0,30.48,101.0,77.81,4.5,06:18:00,17:58:00
11465,1476777018,10/17/2016 12:00:00 AM,21:50:18,1.26,53.0,30.48,100.0,143.54770303349548,4.5,06:18:00,17:58:00
11466,1476776717,10/17/2016 12:00:00 AM,21:45:17,1.23,52.0,30.48,100.0,74.71,3.37,06:18:00,17:58:00
11467,1476776420,10/17/2016 12:00:00 AM,21:40:20,1.22,52.0,30.47,100.0,91.22,4.5,06:18:00,17:58:00
11468,1476776120,10/17/2016 12:00:00 AM,21:35:20,1.22,52.0,30.47,100.0,131.15,4.5,06:18:00,17:58:00
11469,1476775818,10/17/2016 12:00:00 AM,21:30:18,1.24,52.0,30.47,101.0,100.81,5.62,06:18:00,17:58:00
11470,1476775518,10/17/2016 12:00:00 AM,21:25:18,1.23,53.0,30.47,101.0,151.74,3.37,06:18:00,17:58:00
11471,1476775217,10/17/2016 12:00:00 AM,21:20:17,1.22,53.0,30.47,74.83719267708949,129.89,10.12,06:18:00,17:58:00
11472,1476774920,10/17/2016 12:00:00 AM,21:15:20,1.24,53.0,30.47,101.0,108.26,11.25,06:18:00,17:58:00
11473,1476774618,10/17/2016 12:00:00 AM,21:10:18,1.21,53.0,30.47,101.0,41.27,1.12,06:18:00,17:58:00
11474,1476774321,10/17/2016 12:00:00 AM,21:05:21,1.26,53.0,30.47,101.0,138.12,6.75,06:18:00,17:58:00
11475,1476774017,10/17/2016 12:00:00 AM,21:00:17,1.22,54.0,30.47,101.0,94.96,6.75,06:18:00,17:58:00
11476,1476773718,10/17/2016 12:00:00 AM,20:55:18,1.25,53.0,30.47,101.0,114.63,3.37,06:18:00,17:58:00
11477,1476773421,10/17/2016 12:00:00 AM,20:50:21,1.26,53.0,30.47,101.0,144.02,6.75,06:18:00,17:58:00
11478,1476773120,10/17/2016 12:00:00 AM,20:45:20,1.24,53.0,30.47,101.0,135.63,10.12,06:18:00,17:58:00
11479,1476772819,10/17/2016 12:00:00 AM,20:40:19,1.22,53.0,30.47,100.0,118.72,9.0,06:18:00,17:58:00
11480,1476772517,10/17/2016 12:00:00 AM,20:35:17,1.25,53.0,30.47,100.0,155.05,6.75,06:18:00,17:58:00
11481,1476772218,10/17/2016 12:00:00 AM,20:30:18,1.24,54.0,30.47,100.0,133.82,4.5,06:18:00,17:58:00
11482,1476771919,10/17/2016 12:00:00 AM,20:25:19,1.24,54.0,30.47,100.0,101.14,3.37,06:18:00,17:58:00
11483,1476771617,10/17/2016 12:00:00 AM,20:20:17,1.25,53.0,30.47,100.0,81.59,3.37,06:18:00,17:58:00
11484,1476771321,10/17/2016 12:00:00 AM,20:15:21,1.27,53.0,30.47,100.0,149.14,4.5,06:18:00,17:58:00
11485,1476771020,10/17/2016 12:00:00 AM,20:10:20,1.25,53.0,30.47,99.0,55.52,6.75,06:18:00,17:58:00
11486,1476770718,10/17/2016 12:00:00 AM,20:05:18,1.25,53.0,30.47,99.0,74.31,2.25,06:18:00,17:58:00
11487,1476770417,10/17/2016 12:00:00 AM,20:00:17,1.22,53.0,30.46,100.0,95.75,5.62,06:18:00,17:58:00
11488,1476770117,10/17/2016 12:00:00 AM,19:55:17,1.25,52.0,30.46,100.0,190.03,4.5,06:18:00,17:58:00
11489,1476769820,10/17/2016 12:00:00 AM,19:50:20,1.24,53.0,30.46,100.0,137.93,10.12,06:18:00,17:58:00
11490,1476769523,10/17/2016 12:00:00 AM,19:45:23,1.22,53.0,30.423028000868246,100.0,100.94,2.25,06:18:00,17:58:00
11491,1476769218,10/17/2016 12:00:00 AM,19:40:18,1.25,51.16507236474315,30.46,100.0,113.62,6.75,06:18:00,17:58:00
11492,1476768919,10/17/2016 12:00:00 AM,19:35:19,1.23,53.0,30.46,100.0,108.96,3.37,06:18:00,17:58:00
11493,1476768617,10/17/2016 12:00:00 AM,19:30:17,1.22,53.0,30.46,100.0,131.64,4.5,06:18:00,17:58:00
11494,1476768317,10/17/2016 12:00:00 AM,19:25:17,1.21,53.0,30.46,100.0,131.77,10.12,06:18:00,17:58:00
11495,1476768020,10/17/2016 12:00:00 AM,19:20:20,1.24,53.0,30.45,100.0,42.72,11.25,06:18:00,17:58:00
11496,1476767717,10/17/2016 12:00:00 AM,19:15:17,1.22,54.0,30.45,100.0,83.94,7.87,06:18:00,17:58:00
11497,1476767418,10/17/2016 12:00:00 AM,19:10:18,1.23,54.0,30.45,100.0,336.53,3.37,06:18:00,17:58:00
11498,1476767120,10/17/2016 12:00:00 AM,19:05:20,1.25,54.0,30.45,100.0,129.27,6.75,06:18:00,17:58:00
11499,1476766818,10/17/2016 12:00:00 AM,19:00:18,1.21,54.0,30.45,99.0,73.85,4.5,06:18:00,17:58:00
11500,1476766521,10/17/2016 12:00:00 AM,18:55:21,1.25,54.0,30.45,99.0,26.93,3.37,06:18:00,17:58:00
11501,1476766218,10/17/2016 12:00:00 AM,18:50:18,1.21,54.0,30.45,99.0,74.9,9.0,06:18:00,17:58:00
11502,1476765918,10/17/2016 12:00:00 AM,18:45:18,1.22,54.0,30.44,99.0,23.2,6.75,06:18:00,17:58:00
11503,1476765617,10/17/2016 12:00:00 AM,18:40:17,1.24,54.0,30.44,99.0,108.59,4.5,06:18:00,17:58:00
11504,1476765318,10/17/2016 12:00:00 AM,18:35:18,1.25,54.0,30.44,98.0,79.63,5.62,06:18:00,17:58:00
11505,1476765017,10/17/2016 12:00:00 AM,18:30:17,1.22,54.0,30.44,98.0,125.81,10.12,06:18:00,17:58:00
11506,1476764717,10/17/2016 12:00:00 AM,18:25:17,1.25,54.0,30.44,98.0,87.62,9.0,06:18:00,17:58:00
11507,1476764420,10/17/2016 12:00:00 AM,18:20:20,1.22,54.0,30.44,98.0,61.88,5.62,06:18:00,17:58:00
11508,1476764118,10/17/2016 12:00:00 AM,18:15:18,1.26,55.0,30.43,98.0,9.0,5.62,06:18:00,17:58:00
11509,1476763818,10/17/2016 12:00:00 AM,18:10:18,1.27,55.0,30.43,97.0,65.51,7.87,06:18:00,17:58:00
11510,1476763523,10/17/2016 12:00:00 AM,18:05:23,1.93,55.0,30.43,97.0,64.02,3.37,06:18:00,17:58:00
11511,1476763218,10/17/2016 12:00:00 AM,18:00:18,3.93,55.0,30.43,96.0,13.5,6.75,06:18:00,17:58:00
11512,1476762918,10/17/2016 12:00:00 AM,17:55:18,11.04,55.0,30.43,95.0,102.62,9.0,06:18:00,17:58:00
11513,1476762619,10/17/2016 12:00:00 AM,17:50:19,32.96,56.0,30.43,94.0,134.9,10.12,06:18:00,17:58:00
11514,1476762320,10/17/2016 12:00:00 AM,17:45:20,78.73,56.0,30.43,93.0,98.86,4.5,06:18:00,17:58:00
11515,1476762018,10/17/2016 12:00:00 AM,17:40:18,140.59,57.0,30.43,92.0,120.96,10.12,06:18:00,17:58:00
11516,1476761718,10/17/2016 12:00:00 AM,17:35:18,127.55,57.0,30.43,91.0,359.93,7.87,06:18:00,17:58:00
11517,1476761421,10/17/2016 12:00:00 AM,17:30:21,107.3,57.0,30.43,89.0,53.34,3.37,06:18:00,17:58:00
11518,1476761118,10/17/2016 12:00:00 AM,17:25:18,92.99,58.0,30.43,86.0,34.77,9.0,06:18:00,17:58:00
11519,1476760818,10/17/2016 12:00:00 AM,17:20:18,112.02,58.0,30.42,85.0,142.78,4.5,06:18:00,17:58:00
11520,1476760521,10/17/2016 12:00:00 AM,17:15:21,94.16,58.0,30.42,87.0,43.85,9.0,06:18:00,17:58:00
11521,1476760220,10/17/2016 12:00:00 AM,17:10:20,155.81,58.0,30.42,84.0,77.66,10.12,06:18:00,17:58:00
11522,1476759917,10/17/2016 12:00:00 AM,17:05:17,167.4,58.0,30.42,85.0,48.32,7.87,06:18:00,17:58:00
11523,1476759617,10/17/2016 12:00:00 AM,17:00:17,189.44,59.0,30.42,83.0,23.65,11.25,06:18:00,17:58:00
11524,1476759321,10/17/2016 12:00:00 AM,16:55:21,216.1,59.0,30.42,81.0,85.44,3.37,06:18:00,17:58:00
11525,1476759017,10/17/2016 12:00:00 AM,16:50:17,243.04,59.0,30.42,82.0,23.25,4.5,06:18:00,17:58:00
11526,1476758718,10/17/2016 12:00:00 AM,16:45:18,266.52,59.0,30.42,81.0,70.04,10.12,06:18:00,17:58:00
11527,1476758420,10/17/2016 12:00:00 AM,16:40:20,295.24,59.0,30.42,83.0,39.02,12.37,06:18:00,17:58:00
11528,1476758119,10/17/2016 12:00:00 AM,16:35:19,325.0,59.0,30.42,81.0,326.5,9.0,06:18:00,17:58:00
11529,1476757818,10/17/2016 12:00:00 AM,16:30:18,374.05,60.0,30.41,78.0,81.28,6.75,06:18:00,17:58:00
11530,1476757518,10/17/2016 12:00:00 AM,16:25:18,362.8,61.0,30.41,76.0,65.9,6.75,06:18:00,17:58:00
11531,1476757218,10/17/2016 12:00:00 AM,16:20:18,382.03,60.0,30.41,73.0,48.91,10.12,06:18:00,17:58:00
11532,1476756921,10/17/2016 12:00:00 AM,16:15:21,400.79,60.0,30.41,74.0,49.11,3.37,06:18:00,17:58:00
11533,1476756620,10/17/2016 12:00:00 AM,16:10:20,419.77,60.0,30.41,75.0,64.7,13.5,06:18:00,17:58:00
11534,1476756318,10/17/2016 12:00:00 AM,16:05:18,440.98,60.0,30.41,76.0,76.6,5.62,06:18:00,17:58:00
11535,1476756020,10/17/2016 12:00:00 AM,16:00:20,459.8,60.0,30.41,72.0,65.4,15.75,06:18:00,17:58:00
11536,1476755717,10/17/2016 12:00:00 AM,15:55:17,479.95,59.0,30.41,74.0,10.27,7.87,06:18:00,17:58:00
11537,1476755418,10/17/2016 12:00:00 AM,15:50:18,507.22,59.0,30.41,75.0,32.99,12.37,06:18:00,17:58:00
11538,1476755118,10/17/2016 12:00:00 AM,15:45:18,414.89,60.0,30.42,77.0,25.22,7.87,06:18:00,17:58:00
11539,1476754818,10/17/2016 12:00:00 AM,15:40:18,569.17,60.0,30.42,77.0,31.54,19.12,06:18:00,17:58:00
11540,1476754518,10/17/2016 12:00:00 AM,15:35:18,232.86,60.0,30.41,76.0,57.24,7.87,06:18:00,17:58:00
11541,1476754218,10/17/2016 12:00:00 AM,15:30:18,275.12,61.0,30.41,74.0,39.81,7.87,06:18:00,17:58:00
11542,1476753918,10/17/2016 12:00:00 AM,15:25:18,561.9,62.0,30.41,71.0,67.94,13.5,06:18:00,17:58:00
11543,1476753617,10/17/2016 12:00:00 AM,15:20:17,616.29,62.0,30.41,67.0,19.77,13.5,06:18:00,17:58:00
11544,1476753318,10/17/2016 12:00:00 AM,15:15:18,629.63,62.0,30.41,66.0,92.07,13.5,06:18:00,17:58:00
11545,1476753035,10/17/2016 12:00:00 AM,15:10:35,646.72,63.0,30.41,64.0,78.33,13.5,06:18:00,17:58:00
11546,1476752717,10/17/2016 12:00:00 AM,15:05:17,664.03,62.0,30.41,64.0,31.52,7.87,06:18:00,17:58:00
11547,1476752420,10/17/2016 12:00:00 AM,15:00:20,682.23,63.0,30.41,64.0,76.64,16.87,06:18:00,17:58:00
11548,1476752120,10/17/2016 12:00:00 AM,14:55:20,696.41,63.0,30.41,61.0,41.95,3.37,06:18:00,17:58:00
11549,1476751817,10/17/2016 12:00:00 AM,14:50:17,712.47,63.0,30.41,66.0,79.02,4.5,06:18:00,17:58:00
11550,1476751518,10/17/2016 12:00:00 AM,14:45:18,733.04,63.0,30.41,65.0,64.45,7.87,06:18:00,17:58:00
11551,1476751220,10/17/2016 12:00:00 AM,14:40:20,754.32,63.0,30.42,64.0,1.1,3.37,06:18:00,17:58:00
11552,1476750918,10/17/2016 12:00:00 AM,14:35:18,765.7,63.0,30.42,57.0,124.35,3.37,06:18:00,17:58:00
11553,1476750621,10/17/2016 12:00:00 AM,14:30:21,782.99,64.0,30.42,47.0,334.52,7.87,06:18:00,17:58:00
11554,1476750318,10/17/2016 12:00:00 AM,14:25:18,797.34,64.0,30.42,55.0,52.26,10.12,06:18:00,17:58:00
11555,1476750018,10/17/2016 12:00:00 AM,14:20:18,809.96,65.0,30.42,30.0,44.25,10.12,06:18:00,17:58:00
11556,1476749721,10/17/2016 12:00:00 AM,14:15:21,823.49,66.0,30.42,30.0,66.42,7.87,06:18:00,17:58:00
11557,1476749419,10/17/2016 12:00:00 AM,14:10:19,840.72,65.0,30.42,29.0,59.23,5.62,06:18:00,17:58:00
11558,1476749117,10/17/2016 12:00:00 AM,14:05:17,849.65,64.0,30.42,32.0,129.68,10.12,06:18:00,17:58:00
11559,1476748820,10/17/2016 12:00:00 AM,14:00:20,860.46,64.0,30.42,37.0,71.67,10.12,06:18:00,17:58:00
11560,1476748520,10/17/2016 12:00:00 AM,13:55:20,870.18,64.0,30.42,47.0,128.21,7.87,06:18:00,17:58:00
11561,1476748217,10/17/2016 12:00:00 AM,13:50:17,879.22,64.0,30.42,51.0,14.0,13.5,06:18:00,17:58:00
11562,1476747920,10/17/2016 12:00:00 AM,13:45:20,891.34,64.0,30.42,54.0,29.46,11.25,06:18:00,17:58:00
11563,1476747617,10/17/2016 12:00:00 AM,13:40:17,900.39,63.0,30.43,54.0,45.23,18.0,06:18:00,17:58:00
11564,1476747317,10/17/2016 12:00:00 AM,13:35:17,911.14,63.0,30.42,56.0,71.96,7.87,06:18:00,17:58:00
11565,1476747018,10/17/2016 12:00:00 AM,13:30:18,915.23,63.0,30.43,58.0,54.6,10.12,06:18:00,17:58:00
11566,1476746720,10/17/2016 12:00:00 AM,13:25:20,926.81,62.0,30.43,61.0,18.31,9.0,06:18:00,17:58:00
11567,1476746419,10/17/2016 12:00:00 AM,13:20:19,931.31,62.0,30.43,60.0,352.53,14.62,06:18:00,17:58:00
11568,1476746118,10/17/2016 12:00:00 AM,13:15:18,936.22,63.0,30.43,61.0,103.57,11.25,06:18:00,17:58:00
11569,1476745817,10/17/2016 12:00:00 AM,13:10:17,946.66,62.0,30.44,64.0,3.59,6.75,06:18:00,17:58:00
11570,1476745517,10/17/2016 12:00:00 AM,13:05:17,950.54,62.0,30.44,62.0,32.79,13.5,06:18:00,17:58:00
11571,1476745218,10/17/2016 12:00:00 AM,13:00:18,954.87,62.0,30.44,62.0,301.29,12.37,06:18:00,17:58:00
11572,1476744921,10/17/2016 12:00:00 AM,12:55:21,965.09,63.0,30.44,58.0,37.94,10.12,06:18:00,17:58:00
11573,1476744618,10/17/2016 12:00:00 AM,12:50:18,971.17,63.0,30.44,51.0,37.65,13.5,06:18:00,17:58:00
11574,1476744318,10/17/2016 12:00:00 AM,12:45:18,975.36,64.0,30.44,48.0,59.51,3.37,06:18:00,17:58:00
11575,1476744020,10/17/2016 12:00:00 AM,12:40:20,979.13,64.0,30.44,41.0,359.93,9.0,06:18:00,17:58:00
11576,1476743718,10/17/2016 12:00:00 AM,12:35:18,984.61,64.0,30.45,41.0,28.97,12.37,06:18:00,17:58:00
11577,1476743417,10/17/2016 12:00:00 AM,12:30:17,991.16,64.0,30.45,38.0,32.07,12.37,06:18:00,17:58:00
11578,1476743118,10/17/2016 12:00:00 AM,12:25:18,990.88,64.0,30.45,38.0,38.76,4.5,06:18:00,17:58:00
11579,1476742817,10/17/2016 12:00:00 AM,12:20:17,994.61,64.0,30.45,41.0,65.92,2.25,06:18:00,17:58:00
11580,1476742597,10/17/2016 12:00:00 AM,12:16:37,996.51,64.0,30.45,38.0,36.3,12.37,06:18:00,17:58:00
11581,1476742218,10/17/2016 12:00:00 AM,12:10:18,994.69,64.0,30.45,36.0,119.89,7.87,06:18:00,17:58:00
11582,1476741918,10/17/2016 12:00:00 AM,12:05:18,993.87,64.0,30.46,37.0,39.93,5.62,06:18:00,17:58:00
11583,1476741618,10/17/2016 12:00:00 AM,12:00:18,995.95,64.0,30.46,37.0,336.77,6.75,06:18:00,17:58:00
11584,1476741321,10/17/2016 12:00:00 AM,11:55:21,996.82,63.0,30.46,40.0,31.16,5.62,06:18:00,17:58:00
11585,1476740721,10/17/2016 12:00:00 AM,11:45:21,990.99,64.0,30.47,40.0,25.24,10.12,06:18:00,17:58:00
11586,1476740417,10/17/2016 12:00:00 AM,11:40:17,988.32,64.0,30.47,35.0,23.36,12.37,06:18:00,17:58:00
11587,1476740118,10/17/2016 12:00:00 AM,11:35:18,984.85,64.0,30.47,37.0,22.09,4.5,06:18:00,17:58:00
11588,1476739817,10/17/2016 12:00:00 AM,11:30:17,981.22,64.0,30.47,39.0,46.92,10.12,06:18:00,17:58:00
11589,1476739517,10/17/2016 12:00:00 AM,11:25:17,979.37,64.0,30.47,26.0,32.64,9.0,06:18:00,17:58:00
11590,1476739313,10/17/2016 12:00:00 AM,11:21:53,973.68,64.0,30.47,74.83719267708949,74.26,10.12,06:18:00,17:58:00
11591,1476738920,10/17/2016 12:00:00 AM,11:15:20,962.58,64.0,30.47,47.0,8.26,7.87,06:18:00,17:58:00
11592,1476738618,10/17/2016 12:00:00 AM,11:10:18,959.63,64.0,30.48,39.0,358.46,5.62,06:18:00,17:58:00
11593,1476738323,10/17/2016 12:00:00 AM,11:05:23,948.84,64.0,30.48,35.0,21.18,6.75,06:18:00,17:58:00
11594,1476738017,10/17/2016 12:00:00 AM,11:00:17,945.58,63.0,30.48,36.0,41.13,4.5,06:18:00,17:58:00
11595,1476737718,10/17/2016 12:00:00 AM,10:55:18,938.79,64.0,30.48,44.0,307.5,10.12,06:18:00,17:58:00
11596,1476737420,10/17/2016 12:00:00 AM,10:50:20,928.06,64.0,30.48,42.0,101.4,6.75,06:18:00,17:58:00
11597,1476737121,10/17/2016 12:00:00 AM,10:45:21,923.41,64.0,30.48,33.0,103.98,6.75,06:18:00,17:58:00
11598,1476736821,10/17/2016 12:00:00 AM,10:40:21,914.42,64.0,30.48,33.0,33.35,10.12,06:18:00,17:58:00
11599,1476736518,10/17/2016 12:00:00 AM,10:35:18,904.13,64.0,30.48,35.0,68.34,5.62,06:18:00,17:58:00
11600,1476736222,10/17/2016 12:00:00 AM,10:30:22,895.46,64.0,30.48,32.0,3.88,12.37,06:18:00,17:58:00
11601,1476735922,10/17/2016 12:00:00 AM,10:25:22,889.64,64.0,30.48,29.0,85.93,7.87,06:18:00,17:58:00
11602,1476735621,10/17/2016 12:00:00 AM,10:20:21,872.25,64.0,30.48,35.0,12.39,5.62,06:18:00,17:58:00
11603,1476735322,10/17/2016 12:00:00 AM,10:15:22,860.0,64.0,30.49,37.0,9.81,12.37,06:18:00,17:58:00
11604,1476735023,10/17/2016 12:00:00 AM,10:10:23,852.64,64.0,30.48,28.0,67.52,7.87,06:18:00,17:58:00
11605,1476734721,10/17/2016 12:00:00 AM,10:05:21,842.57,64.0,30.48,74.83719267708949,24.69,6.75,06:18:00,17:58:00
11606,1476734421,10/17/2016 12:00:00 AM,10:00:21,829.68,64.0,30.48,24.0,23.81,5.62,06:18:00,17:58:00
11607,1476734123,10/17/2016 12:00:00 AM,09:55:23,816.23,64.0,30.48,28.0,77.99,7.87,06:18:00,17:58:00
11608,1476733821,10/17/2016 12:00:00 AM,09:50:21,803.94,64.0,30.48,20.0,114.17,7.87,06:18:00,17:58:00
11609,1476733520,10/17/2016 12:00:00 AM,09:45:20,788.16,64.0,30.48,26.0,60.66,5.62,06:18:00,17:58:00
11610,1476733223,10/17/2016 12:00:00 AM,09:40:23,773.82,64.0,30.48,24.0,53.38,11.25,06:18:00,17:58:00
11611,1476732923,10/17/2016 12:00:00 AM,09:35:23,761.24,63.0,30.49,18.0,0.11,6.75,06:18:00,17:58:00
11612,1476732625,10/17/2016 12:00:00 AM,09:30:25,746.96,63.0,30.48,17.0,90.35,6.75,06:18:00,17:58:00
11613,1476732323,10/17/2016 12:00:00 AM,09:25:23,730.94,63.0,30.48,19.0,47.96,3.37,06:18:00,17:58:00
11614,1476732022,10/17/2016 12:00:00 AM,09:20:22,715.16,63.0,30.48,17.0,61.99,10.12,06:18:00,17:58:00
11615,1476731719,10/17/2016 12:00:00 AM,09:15:19,699.19,63.0,30.48,15.0,64.42,6.75,06:18:00,17:58:00
11616,1476731420,10/17/2016 12:00:00 AM,09:10:20,681.98,63.0,30.48,16.0,71.98,5.62,06:18:00,17:58:00
11617,1476731124,10/17/2016 12:00:00 AM,09:05:24,665.67,63.0,30.48,16.0,53.96,5.62,06:18:00,17:58:00
11618,1476730818,10/17/2016 12:00:00 AM,09:00:18,647.56,63.0,30.48,15.0,120.76,7.87,06:18:00,17:58:00
11619,1476730521,10/17/2016 12:00:00 AM,08:55:21,629.6,63.0,30.48,15.0,102.4,12.37,06:18:00,17:58:00
11620,1476730219,10/17/2016 12:00:00 AM,08:50:19,611.36,63.0,30.48,15.0,105.96,7.87,06:18:00,17:58:00
11621,1476729920,10/17/2016 12:00:00 AM,08:45:20,593.82,62.0,30.48,16.0,82.47,3.37,06:18:00,17:58:00
11622,1476729625,10/17/2016 12:00:00 AM,08:40:25,575.5,62.0,30.48,15.0,76.79,4.5,06:18:00,17:58:00
11623,1476729324,10/17/2016 12:00:00 AM,08:35:24,556.22,62.0,30.48,15.0,174.26,5.62,06:18:00,17:58:00
11624,1476729019,10/17/2016 12:00:00 AM,08:30:19,536.98,61.0,30.48,15.0,129.79,9.0,06:18:00,17:58:00
11625,1476728723,10/17/2016 12:00:00 AM,08:25:23,517.63,61.0,30.48,15.0,83.21,6.75,06:18:00,17:58:00
11626,1476728419,10/17/2016 12:00:00 AM,08:20:19,497.22,61.0,30.47,15.0,191.59,3.37,06:18:00,17:58:00
11627,1476728120,10/17/2016 12:00:00 AM,08:15:20,477.77,61.0,30.47,16.0,136.04,5.62,06:18:00,17:58:00
11628,1476727820,10/17/2016 12:00:00 AM,08:10:20,456.83,60.0,30.47,16.0,57.4,4.5,06:18:00,17:58:00
11629,1476727521,10/17/2016 12:00:00 AM,08:05:21,436.96,60.0,30.47,16.0,119.11,10.12,06:18:00,17:58:00
11630,1476727219,10/17/2016 12:00:00 AM,08:00:19,416.12,59.0,30.47,17.0,100.87,9.0,06:18:00,17:58:00
11631,1476726922,10/17/2016 12:00:00 AM,07:55:22,395.28,59.0,30.47,17.0,177.66,7.87,06:18:00,17:58:00
11632,1476726619,10/17/2016 12:00:00 AM,07:50:19,374.43,58.0,30.47,18.0,148.87,9.0,06:18:00,17:58:00
11633,1476726327,10/17/2016 12:00:00 AM,07:45:27,353.53,57.0,30.47,19.0,158.89,4.5,06:18:00,17:58:00
11634,1476726021,10/17/2016 12:00:00 AM,07:40:21,330.61,56.0,30.47,19.0,206.68,4.5,06:18:00,17:58:00
11635,1476725722,10/17/2016 12:00:00 AM,07:35:22,306.09,55.0,30.47,20.0,167.38,5.62,06:18:00,17:58:00
11636,1476725423,10/17/2016 12:00:00 AM,07:30:23,278.47,54.0,30.46,21.0,120.91,9.0,06:18:00,17:58:00
11637,1476725119,10/17/2016 12:00:00 AM,07:25:19,216.09,52.0,30.47,22.0,143.88,5.62,06:18:00,17:58:00
11638,1476724820,10/17/2016 12:00:00 AM,07:20:20,23.63,52.0,30.47,23.0,167.89,3.37,06:18:00,17:58:00
11639,1476724520,10/17/2016 12:00:00 AM,07:15:20,21.73,51.0,30.46,24.0,186.66,7.87,06:18:00,17:58:00
11640,1476724224,10/17/2016 12:00:00 AM,07:10:24,21.18,51.0,30.46,25.0,148.53,11.25,06:18:00,17:58:00
11641,1476723923,10/17/2016 12:00:00 AM,07:05:23,20.63,51.0,30.46,24.0,159.86,11.25,06:18:00,17:58:00
11642,1476723622,10/17/2016 12:00:00 AM,07:00:22,19.89,50.0,30.46,25.0,158.09,7.87,06:18:00,17:58:00
11643,1476723319,10/17/2016 12:00:00 AM,06:55:19,18.99,50.0,30.46,25.0,156.41,7.87,06:18:00,17:58:00
11644,1476723028,10/17/2016 12:00:00 AM,06:50:28,18.11,49.0,30.46,26.0,168.95,10.12,06:18:00,17:58:00
11645,1476722718,10/17/2016 12:00:00 AM,06:45:18,16.84,49.0,30.46,26.0,169.4,10.12,06:18:00,17:58:00
11646,1476722421,10/17/2016 12:00:00 AM,06:40:21,15.49,48.0,30.46,27.0,194.56,7.87,06:18:00,17:58:00
11647,1476722119,10/17/2016 12:00:00 AM,06:35:19,13.65,48.0,30.46,28.0,184.68,9.0,06:18:00,17:58:00
11648,1476721821,10/17/2016 12:00:00 AM,06:30:21,11.24,48.0,30.45,28.0,174.77,7.87,06:18:00,17:58:00
11649,1476721524,10/17/2016 12:00:00 AM,06:25:24,8.48,48.0,30.45,28.0,185.61,9.0,06:18:00,17:58:00
11650,1476721221,10/17/2016 12:00:00 AM,06:20:21,6.86,48.0,30.45,27.0,165.99,7.87,06:18:00,17:58:00
11651,1476720918,10/17/2016 12:00:00 AM,06:15:18,4.86,48.0,30.45,28.0,170.28,5.62,06:18:00,17:58:00
11652,1476720623,10/17/2016 12:00:00 AM,06:10:23,2.47,48.0,30.45,29.0,176.91,6.75,06:18:00,17:58:00
11653,1476720323,10/17/2016 12:00:00 AM,06:05:23,1.44,48.0,30.45,28.0,140.99,7.87,06:18:00,17:58:00
11654,1476720024,10/17/2016 12:00:00 AM,06:00:24,1.21,47.0,30.45,29.0,171.18,9.0,06:18:00,17:58:00
11655,1476719720,10/17/2016 12:00:00 AM,05:55:20,1.17,48.0,30.45,29.0,165.72,9.0,06:18:00,17:58:00
11656,1476719423,10/17/2016 12:00:00 AM,05:50:23,1.21,47.0,30.45,29.0,173.22,9.0,06:18:00,17:58:00
11657,1476719121,10/17/2016 12:00:00 AM,05:45:21,1.19,47.0,30.45,30.0,177.8,4.5,06:18:00,17:58:00
11658,1476718819,10/17/2016 12:00:00 AM,05:40:19,1.26,47.0,30.45,30.0,171.99,7.87,06:18:00,17:58:00
11659,1476718522,10/17/2016 12:00:00 AM,05:35:22,1.23,47.0,30.45,31.0,178.55,5.62,06:18:00,17:58:00
11660,1476718223,10/17/2016 12:00:00 AM,05:30:23,1.2,47.0,30.45,31.0,183.62,6.75,06:18:00,17:58:00
11661,1476717923,10/17/2016 12:00:00 AM,05:25:23,1.22,47.0,30.45,31.0,174.16,6.75,06:18:00,17:58:00
11662,1476717623,10/17/2016 12:00:00 AM,05:20:23,1.22,47.0,30.45,31.0,179.51,7.87,06:18:00,17:58:00
11663,1476717319,10/17/2016 12:00:00 AM,05:15:19,1.21,47.0,30.45,32.0,186.26,5.62,06:18:00,17:58:00
11664,1476717019,10/17/2016 12:00:00 AM,05:10:19,1.25,47.0,30.45,33.0,178.01,9.0,06:18:00,17:58:00
11665,1476716722,10/17/2016 12:00:00 AM,05:05:22,1.2,47.0,30.45,33.0,170.12,6.75,06:18:00,17:58:00
11666,1476716419,10/17/2016 12:00:00 AM,05:00:19,1.16,47.0,30.45,34.0,157.01,9.0,06:18:00,17:58:00
11667,1476716120,10/17/2016 12:00:00 AM,04:55:20,1.17,47.0,30.45,34.0,174.25,6.75,06:18:00,17:58:00
11668,1476715823,10/17/2016 12:00:00 AM,04:50:23,1.19,47.0,30.45,36.0,156.33,6.75,06:18:00,17:58:00
11669,1476715520,10/17/2016 12:00:00 AM,04:45:20,1.17,47.0,30.45,36.0,179.46,5.62,06:18:00,17:58:00
11670,1476715220,10/17/2016 12:00:00 AM,04:40:20,1.15,47.0,30.44,36.0,164.51,6.75,06:18:00,17:58:00
11671,1476714919,10/17/2016 12:00:00 AM,04:35:19,1.2,47.0,30.44,37.0,172.19,6.75,06:18:00,17:58:00
11672,1476714620,10/17/2016 12:00:00 AM,04:30:20,1.17,48.0,30.44,36.0,166.38,6.75,06:18:00,17:58:00
11673,1476714321,10/17/2016 12:00:00 AM,04:25:21,1.21,48.0,30.44,35.0,179.52,6.75,06:18:00,17:58:00
11674,1476714023,10/17/2016 12:00:00 AM,04:20:23,1.19,48.0,30.45,34.0,174.48,4.5,06:18:00,17:58:00
11675,1476713729,10/17/2016 12:00:00 AM,04:15:29,1.19,48.0,30.45,34.0,186.89,6.75,06:18:00,17:58:00
11676,1476713422,10/17/2016 12:00:00 AM,04:10:22,1.21,48.0,30.45,34.0,153.96,5.62,06:18:00,17:58:00
11677,1476713121,10/17/2016 12:00:00 AM,04:05:21,1.21,48.0,30.45,34.0,179.03,7.87,06:18:00,17:58:00
11678,1476712821,10/17/2016 12:00:00 AM,04:00:21,1.2,48.0,30.44,34.0,178.8,6.75,06:18:00,17:58:00
11679,1476712525,10/17/2016 12:00:00 AM,03:55:25,1.21,48.0,30.44,34.0,155.38,9.0,06:18:00,17:58:00
11680,1476712228,10/17/2016 12:00:00 AM,03:50:28,1.22,48.0,30.44,34.0,144.71,9.0,06:18:00,17:58:00
11681,1476711919,10/17/2016 12:00:00 AM,03:45:19,1.2,48.0,30.44,33.0,165.28,5.62,06:18:00,17:58:00
11682,1476711620,10/17/2016 12:00:00 AM,03:40:20,1.21,48.0,30.44,33.0,160.3,6.75,06:18:00,17:58:00
11683,1476711323,10/17/2016 12:00:00 AM,03:35:23,1.2,48.0,30.44,33.0,150.46,5.62,06:18:00,17:58:00
11684,1476711023,10/17/2016 12:00:00 AM,03:30:23,1.21,48.0,30.44,34.0,177.39,7.87,06:18:00,17:58:00
11685,1476710723,10/17/2016 12:00:00 AM,03:25:23,1.22,48.0,30.44,34.0,180.46,10.12,06:18:00,17:58:00
11686,1476710421,10/17/2016 12:00:00 AM,03:20:21,1.21,48.0,30.44,34.0,149.56,7.87,06:18:00,17:58:00
11687,1476710123,10/17/2016 12:00:00 AM,03:15:23,1.2,48.0,30.44,35.0,165.69,7.87,06:18:00,17:58:00
11688,1476709822,10/17/2016 12:00:00 AM,03:10:22,1.23,47.0,30.44,36.0,146.98,9.0,06:18:00,17:58:00
11689,1476709520,10/17/2016 12:00:00 AM,03:05:20,1.19,47.0,30.45,39.0,186.82,4.5,06:18:00,17:58:00
11690,1476709220,10/17/2016 12:00:00 AM,03:00:20,1.22,48.0,30.45,38.0,144.06,9.0,06:18:00,17:58:00
11691,1476708919,10/17/2016 12:00:00 AM,02:55:19,1.2,48.0,30.45,38.0,170.37,5.62,06:18:00,17:58:00
11692,1476708623,10/17/2016 12:00:00 AM,02:50:23,1.22,48.0,30.45,38.0,196.86,5.62,06:18:00,17:58:00
11693,1476708319,10/17/2016 12:00:00 AM,02:45:19,1.23,48.0,30.45,38.0,157.81,9.0,06:18:00,17:58:00
11694,1476708019,10/17/2016 12:00:00 AM,02:40:19,1.21,48.0,30.45,38.0,161.82,7.87,06:18:00,17:58:00
11695,1476707722,10/17/2016 12:00:00 AM,02:35:22,1.2,48.0,30.46,39.0,165.08,7.87,06:18:00,17:58:00
11696,1476707419,10/17/2016 12:00:00 AM,02:30:19,1.21,48.0,30.46,40.0,175.76,6.75,06:18:00,17:58:00
11697,1476707119,10/17/2016 12:00:00 AM,02:25:19,1.21,48.0,30.46,38.0,160.44,5.62,06:18:00,17:58:00
11698,1476706821,10/17/2016 12:00:00 AM,02:20:21,1.18,49.0,30.46,38.0,146.7,7.87,06:18:00,17:58:00
11699,1476706522,10/17/2016 12:00:00 AM,02:15:22,1.22,49.0,30.46,38.0,152.58,6.75,06:18:00,17:58:00
11700,1476706221,10/17/2016 12:00:00 AM,02:10:21,1.23,49.0,30.46,39.0,139.39,5.62,06:18:00,17:58:00
11701,1476705920,10/17/2016 12:00:00 AM,02:05:20,1.2,49.0,30.47,39.0,164.14,9.0,06:18:00,17:58:00
11702,1476705620,10/17/2016 12:00:00 AM,02:00:20,1.22,49.0,30.47,39.0,146.98,5.62,06:18:00,17:58:00
11703,1476705321,10/17/2016 12:00:00 AM,01:55:21,1.24,49.0,30.47,38.0,173.98,6.75,06:18:00,17:58:00
11704,1476705026,10/17/2016 12:00:00 AM,01:50:26,1.2,49.0,30.47,39.0,183.14,6.75,06:18:00,17:58:00
11705,1476704720,10/17/2016 12:00:00 AM,01:45:20,1.2,50.0,30.47,39.0,139.21,9.0,06:18:00,17:58:00
11706,1476704422,10/17/2016 12:00:00 AM,01:40:22,1.22,50.0,30.47,39.0,142.56,10.12,06:18:00,17:58:00
11707,1476704121,10/17/2016 12:00:00 AM,01:35:21,1.22,50.0,30.47,39.0,175.67,10.12,06:18:00,17:58:00
11708,1476703821,10/17/2016 12:00:00 AM,01:30:21,1.24,50.0,30.47,40.0,171.38,6.75,06:18:00,17:58:00
11709,1476703524,10/17/2016 12:00:00 AM,01:25:24,1.22,50.0,30.47,40.0,138.01,5.62,06:18:00,17:58:00
11710,1476703220,10/17/2016 12:00:00 AM,01:20:20,1.22,50.0,30.47,40.0,161.58,4.5,06:18:00,17:58:00
11711,1476702923,10/17/2016 12:00:00 AM,01:15:23,1.2,51.0,30.47,40.0,167.42,4.5,06:18:00,17:58:00
11712,1476702622,10/17/2016 12:00:00 AM,01:10:22,1.23,51.0,30.47,39.0,135.13,6.75,06:18:00,17:58:00
11713,1476702322,10/17/2016 12:00:00 AM,01:05:22,1.17,51.0,30.48,40.0,169.32,6.75,06:18:00,17:58:00
11714,1476702020,10/17/2016 12:00:00 AM,01:00:20,1.23,51.0,30.48,40.0,141.72,5.62,06:18:00,17:58:00
11715,1476701720,10/17/2016 12:00:00 AM,00:55:20,1.21,51.0,30.48,39.0,138.89,5.62,06:18:00,17:58:00
11716,1476701424,10/17/2016 12:00:00 AM,00:50:24,1.22,51.0,30.48,38.0,130.42,5.62,06:18:00,17:58:00
11717,1476701123,10/17/2016 12:00:00 AM,00:45:23,1.22,51.0,30.48,38.0,159.47,6.75,06:18:00,17:58:00
11718,1476700825,10/17/2016 12:00:00 AM,00:40:25,1.21,51.0,30.48,37.0,153.82,5.62,06:18:00,17:58:00
11719,1476700521,10/17/2016 12:00:00 AM,00:35:21,1.22,51.0,30.49,36.0,132.39,7.87,06:18:00,17:58:00
11720,1476700224,10/17/2016 12:00:00 AM,00:30:24,1.21,51.0,30.49,35.0,152.92,6.75,06:18:00,17:58:00
11721,1476698723,10/17/2016 12:00:00 AM,00:05:23,1.22,51.0,30.49,39.0,172.91,5.62,06:18:00,17:58:00
11722,1476698423,10/17/2016 12:00:00 AM,00:00:23,1.22,52.0,30.49,38.0,173.88,7.87,06:18:00,17:58:00
11723,1476698123,10/16/2016 12:00:00 AM,23:55:23,1.22,51.16507236474315,30.49,38.0,160.07,10.12,06:18:00,17:59:00
11724,1476697826,10/16/2016 12:00:00 AM,23:50:26,1.26,52.0,30.49,39.0,150.86,7.87,06:18:00,17:59:00
11725,1476697521,10/16/2016 12:00:00 AM,23:45:21,1.17,52.0,30.49,39.0,151.45,9.0,06:18:00,17:59:00
11726,1476697222,10/16/2016 12:00:00 AM,23:40:22,1.24,52.0,30.49,38.0,140.55,9.0,06:18:00,17:59:00
11727,1476696923,10/16/2016 12:00:00 AM,23:35:23,1.24,52.0,30.49,38.0,126.09,9.0,06:18:00,17:59:00
11728,1476696619,10/16/2016 12:00:00 AM,23:30:19,1.25,53.0,30.49,38.0,170.05,6.75,06:18:00,17:59:00
11729,1476696321,10/16/2016 12:00:00 AM,23:25:21,1.21,53.0,30.5,38.0,165.09,7.87,06:18:00,17:59:00
11730,1476696023,10/16/2016 12:00:00 AM,23:20:23,1.24,53.0,30.49,37.0,169.99,3.37,06:18:00,17:59:00
11731,1476695725,10/16/2016 12:00:00 AM,23:15:25,1.23,53.0,30.49,38.0,176.59,2.25,06:18:00,17:59:00
11732,1476695420,10/16/2016 12:00:00 AM,23:10:20,1.22,53.0,30.49,38.0,207.14,5.62,06:18:00,17:59:00
11733,1476695120,10/16/2016 12:00:00 AM,23:05:20,1.21,53.0,30.49,38.0,177.21,3.37,06:18:00,17:59:00
11734,1476694820,10/16/2016 12:00:00 AM,23:00:20,1.21,53.0,30.49,39.0,114.82,13.5,06:18:00,17:59:00
11735,1476694522,10/16/2016 12:00:00 AM,22:55:22,1.24,53.0,30.5,39.0,95.55,11.25,06:18:00,17:59:00
11736,1476694223,10/16/2016 12:00:00 AM,22:50:23,1.19,53.0,30.5,39.0,168.6,7.87,06:18:00,17:59:00
11737,1476693920,10/16/2016 12:00:00 AM,22:45:20,1.22,53.0,30.49,39.0,178.25,5.62,06:18:00,17:59:00
11738,1476693618,10/16/2016 12:00:00 AM,22:40:18,1.24,53.0,30.5,40.0,155.42,11.25,06:18:00,17:59:00
11739,1476693321,10/16/2016 12:00:00 AM,22:35:21,1.2,53.0,30.5,39.0,160.39,7.87,06:18:00,17:59:00
11740,1476693019,10/16/2016 12:00:00 AM,22:30:19,1.23,53.0,30.5,39.0,167.42,7.87,06:18:00,17:59:00
11741,1476692725,10/16/2016 12:00:00 AM,22:25:25,1.23,53.0,30.5,39.0,168.67,10.12,06:18:00,17:59:00
11742,1476692419,10/16/2016 12:00:00 AM,22:20:19,1.25,53.0,30.5,39.0,172.12,5.62,06:18:00,17:59:00
11743,1476692122,10/16/2016 12:00:00 AM,22:15:22,1.24,53.0,30.5,39.0,158.77,7.87,06:18:00,17:59:00
11744,1476691821,10/16/2016 12:00:00 AM,22:10:21,1.26,53.0,30.5,38.0,159.21,10.12,06:18:00,17:59:00
11745,1476691521,10/16/2016 12:00:00 AM,22:05:21,1.23,54.0,30.5,38.0,172.99,5.62,06:18:00,17:59:00
11746,1476691220,10/16/2016 12:00:00 AM,22:00:20,1.22,54.0,30.51,37.0,150.79,4.5,06:18:00,17:59:00
11747,1476690924,10/16/2016 12:00:00 AM,21:55:24,1.21,54.0,30.51,36.0,78.06,6.75,06:18:00,17:59:00
11748,1476690620,10/16/2016 12:00:00 AM,21:50:20,1.24,54.0,30.5,37.0,134.63,6.75,06:18:00,17:59:00
11749,1476690326,10/16/2016 12:00:00 AM,21:45:26,1.25,54.0,30.5,38.0,170.36,6.75,06:18:00,17:59:00
11750,1476690023,10/16/2016 12:00:00 AM,21:40:23,1.23,54.0,30.5,37.0,175.2,4.5,06:18:00,17:59:00
11751,1476689723,10/16/2016 12:00:00 AM,21:35:23,1.24,54.0,30.5,38.0,155.72,5.62,06:18:00,17:59:00
11752,1476689420,10/16/2016 12:00:00 AM,21:30:20,1.25,54.0,30.51,37.0,158.81,5.62,06:18:00,17:59:00
11753,1476689122,10/16/2016 12:00:00 AM,21:25:22,1.25,54.0,30.51,38.0,113.4,5.62,06:18:00,17:59:00
11754,1476688824,10/16/2016 12:00:00 AM,21:20:24,1.26,54.0,30.51,38.0,184.85,10.12,06:18:00,17:59:00
11755,1476688521,10/16/2016 12:00:00 AM,21:15:21,1.27,54.0,30.5,38.0,163.9,9.0,06:18:00,17:59:00
11756,1476688220,10/16/2016 12:00:00 AM,21:10:20,1.22,54.0,30.5,37.0,155.98,7.87,06:18:00,17:59:00
11757,1476687921,10/16/2016 12:00:00 AM,21:05:21,1.19,54.0,30.5,37.0,163.35,12.37,06:18:00,17:59:00
11758,1476687619,10/16/2016 12:00:00 AM,21:00:19,1.24,54.0,30.5,36.0,164.29,10.12,06:18:00,17:59:00
11759,1476687320,10/16/2016 12:00:00 AM,20:55:20,1.23,55.0,30.5,35.0,170.64,7.87,06:18:00,17:59:00
11760,1476687020,10/16/2016 12:00:00 AM,20:50:20,1.24,55.0,30.5,36.0,141.42,4.5,06:18:00,17:59:00
11761,1476686724,10/16/2016 12:00:00 AM,20:45:24,1.24,55.0,30.5,36.0,177.39,7.87,06:18:00,17:59:00
11762,1476686423,10/16/2016 12:00:00 AM,20:40:23,1.21,55.0,30.5,36.0,151.25,9.0,06:18:00,17:59:00
11763,1476686123,10/16/2016 12:00:00 AM,20:35:23,1.23,55.0,30.5,35.0,148.24,7.87,06:18:00,17:59:00
11764,1476685819,10/16/2016 12:00:00 AM,20:30:19,1.22,55.0,30.5,35.0,178.15,4.5,06:18:00,17:59:00
11765,1476685524,10/16/2016 12:00:00 AM,20:25:24,1.21,55.0,30.5,35.0,137.17,6.75,06:18:00,17:59:00
11766,1476685226,10/16/2016 12:00:00 AM,20:20:26,1.23,55.0,30.5,34.0,107.94,7.87,06:18:00,17:59:00
11767,1476684925,10/16/2016 12:00:00 AM,20:15:25,1.21,55.0,30.49,35.0,131.69,4.5,06:18:00,17:59:00
11768,1476684623,10/16/2016 12:00:00 AM,20:10:23,1.22,55.0,30.5,34.0,105.28,4.5,06:18:00,17:59:00
11769,1476684319,10/16/2016 12:00:00 AM,20:05:19,1.22,55.0,30.49,34.0,165.62,5.62,06:18:00,17:59:00
11770,1476684023,10/16/2016 12:00:00 AM,20:00:23,1.23,55.0,30.49,34.0,166.85,6.75,06:18:00,17:59:00
11771,1476683719,10/16/2016 12:00:00 AM,19:55:19,1.21,55.0,30.49,33.0,157.6,9.0,06:18:00,17:59:00
11772,1476683418,10/16/2016 12:00:00 AM,19:50:18,1.23,55.0,30.49,33.0,136.45,9.0,06:18:00,17:59:00
11773,1476683120,10/16/2016 12:00:00 AM,19:45:20,1.21,56.0,30.49,32.0,157.7,3.37,06:18:00,17:59:00
11774,1476682824,10/16/2016 12:00:00 AM,19:40:24,1.25,56.0,30.49,32.0,134.39,3.37,06:18:00,17:59:00
11775,1476682518,10/16/2016 12:00:00 AM,19:35:18,1.23,56.0,30.49,32.0,175.65,12.37,06:18:00,17:59:00
11776,1476682220,10/16/2016 12:00:00 AM,19:30:20,1.24,56.0,30.49,33.0,173.1,4.5,06:18:00,17:59:00
11777,1476681924,10/16/2016 12:00:00 AM,19:25:24,1.25,56.0,30.49,32.0,155.65,5.62,06:18:00,17:59:00
11778,1476681619,10/16/2016 12:00:00 AM,19:20:19,1.23,56.0,30.48,31.0,130.83,9.0,06:18:00,17:59:00
11779,1476681324,10/16/2016 12:00:00 AM,19:15:24,1.22,56.0,30.48,30.0,96.82,10.12,06:18:00,17:59:00
11780,1476681024,10/16/2016 12:00:00 AM,19:10:24,1.24,56.0,30.48,32.0,120.93,7.87,06:18:00,17:59:00
11781,1476680720,10/16/2016 12:00:00 AM,19:05:20,1.22,56.0,30.48,31.0,172.16,4.5,06:18:00,17:59:00
11782,1476680420,10/16/2016 12:00:00 AM,19:00:20,1.25,56.0,30.48,31.0,93.74,4.5,06:18:00,17:59:00
11783,1476680119,10/16/2016 12:00:00 AM,18:55:19,1.25,56.0,30.48,31.0,149.25,5.62,06:18:00,17:59:00
11784,1476679823,10/16/2016 12:00:00 AM,18:50:23,1.25,56.0,30.48,31.0,120.31,9.0,06:18:00,17:59:00
11785,1476679524,10/16/2016 12:00:00 AM,18:45:24,1.24,57.0,30.48,31.0,148.94,9.0,06:18:00,17:59:00
11786,1476679220,10/16/2016 12:00:00 AM,18:40:20,1.24,57.0,30.48,32.0,177.34,10.12,06:18:00,17:59:00
11787,1476678920,10/16/2016 12:00:00 AM,18:35:20,1.26,57.0,30.48,29.0,127.58,6.75,06:18:00,17:59:00
11788,1476678624,10/16/2016 12:00:00 AM,18:30:24,1.24,57.0,30.48,29.0,142.36,7.87,06:18:00,17:59:00
11789,1476678319,10/16/2016 12:00:00 AM,18:25:19,1.25,57.0,30.48,32.0,138.78,5.62,06:18:00,17:59:00
11790,1476678027,10/16/2016 12:00:00 AM,18:20:27,1.24,57.0,30.48,32.0,122.05,10.12,06:18:00,17:59:00
11791,1476677724,10/16/2016 12:00:00 AM,18:15:24,1.25,57.0,30.48,32.0,134.76,7.87,06:18:00,17:59:00
11792,1476677419,10/16/2016 12:00:00 AM,18:10:19,1.23,58.0,30.48,32.0,50.08,2.25,06:18:00,17:59:00
11793,1476677127,10/16/2016 12:00:00 AM,18:05:27,1.52,58.0,30.48,30.0,158.3,6.75,06:18:00,17:59:00
11794,1476676818,10/16/2016 12:00:00 AM,18:00:18,2.44,58.0,30.47,31.0,128.58,6.75,06:18:00,17:59:00
11795,1476676523,10/16/2016 12:00:00 AM,17:55:23,3.63,59.0,30.48,29.0,127.84,2.25,06:18:00,17:59:00
11796,1476676222,10/16/2016 12:00:00 AM,17:50:22,9.7,59.0,30.47,29.0,101.49,5.62,06:18:00,17:59:00
11797,1476675921,10/16/2016 12:00:00 AM,17:45:21,21.31,59.0,30.47,28.0,194.57,1.12,06:18:00,17:59:00
11798,1476675620,10/16/2016 12:00:00 AM,17:40:20,36.48,60.0,30.47,27.0,135.99,7.87,06:18:00,17:59:00
11799,1476675325,10/16/2016 12:00:00 AM,17:35:25,43.33,60.0,30.47,25.0,124.69,1.12,06:18:00,17:59:00
11800,1476675019,10/16/2016 12:00:00 AM,17:30:19,49.19,60.0,30.47,25.0,76.19,4.5,06:18:00,17:59:00
11801,1476674420,10/16/2016 12:00:00 AM,17:20:20,66.34,60.0,30.48,25.0,79.92,3.37,06:18:00,17:59:00
11802,1476674120,10/16/2016 12:00:00 AM,17:15:20,84.82,61.0,30.48,25.0,87.57,1.12,06:18:00,17:59:00
11803,1476673820,10/16/2016 12:00:00 AM,17:10:20,113.77,61.0,30.48,24.0,84.84,3.37,06:18:00,17:59:00
11804,1476673519,10/16/2016 12:00:00 AM,17:05:19,94.47,61.0,30.48,23.0,76.36,3.37,06:18:00,17:59:00
11805,1476673220,10/16/2016 12:00:00 AM,17:00:20,148.79,61.0,30.47,24.0,38.89,10.12,06:18:00,17:59:00
11806,1476672920,10/16/2016 12:00:00 AM,16:55:20,125.98,61.0,30.47,24.0,65.77,4.5,06:18:00,17:59:00
11807,1476672621,10/16/2016 12:00:00 AM,16:50:21,133.7,62.0,30.48,26.0,97.06,7.87,06:18:00,17:59:00
11808,1476672324,10/16/2016 12:00:00 AM,16:45:24,180.5,62.0,30.48,26.0,124.05,1.12,06:18:00,17:59:00
11809,1476672019,10/16/2016 12:00:00 AM,16:40:19,184.86,62.0,30.48,27.0,104.28,7.87,06:18:00,17:59:00
11810,1476671722,10/16/2016 12:00:00 AM,16:35:22,169.16,62.0,30.48,26.0,141.96,3.37,06:18:00,17:59:00
11811,1476671421,10/16/2016 12:00:00 AM,16:30:21,169.86,62.0,30.48,26.0,100.77,4.5,06:18:00,17:59:00
11812,1476671120,10/16/2016 12:00:00 AM,16:25:20,199.49,63.0,30.48,26.0,44.5,2.25,06:18:00,17:59:00
11813,1476670818,10/16/2016 12:00:00 AM,16:20:18,282.37,63.0,30.47,26.0,178.67,9.0,06:18:00,17:59:00
11814,1476670529,10/16/2016 12:00:00 AM,16:15:29,257.91,63.0,30.48,26.0,69.71,3.37,06:18:00,17:59:00
11815,1476670223,10/16/2016 12:00:00 AM,16:10:23,221.39,63.0,30.47,26.0,119.4,6.75,06:18:00,17:59:00
11816,1476669920,10/16/2016 12:00:00 AM,16:05:20,309.14,63.0,30.48,27.0,23.86,1.12,06:18:00,17:59:00
11817,1476669621,10/16/2016 12:00:00 AM,16:00:21,296.46,63.0,30.48,27.0,114.64,4.5,06:18:00,17:59:00
11818,1476669319,10/16/2016 12:00:00 AM,15:55:19,273.04,63.0,30.48,26.0,80.84,5.62,06:18:00,17:59:00
11819,1476669020,10/16/2016 12:00:00 AM,15:50:20,275.24,63.0,30.48,24.0,18.35,4.5,06:18:00,17:59:00
11820,1476668721,10/16/2016 12:00:00 AM,15:45:21,506.31,63.0,30.48,26.0,62.37,3.37,06:18:00,17:59:00
11821,1476668419,10/16/2016 12:00:00 AM,15:40:19,307.04,63.0,30.48,26.0,105.5,7.87,06:18:00,17:59:00
11822,1476668118,10/16/2016 12:00:00 AM,15:35:18,299.84,63.0,30.48,25.0,18.1,3.37,06:18:00,17:59:00
11823,1476667822,10/16/2016 12:00:00 AM,15:30:22,321.15,63.0,30.48,26.0,30.87,9.0,06:18:00,17:59:00
11824,1476667521,10/16/2016 12:00:00 AM,15:25:21,305.24,63.0,30.48,27.0,63.47,6.75,06:18:00,17:59:00
11825,1476667223,10/16/2016 12:00:00 AM,15:20:23,302.79,63.0,30.48,26.0,115.41,10.12,06:18:00,17:59:00
11826,1476666923,10/16/2016 12:00:00 AM,15:15:23,374.69,64.0,30.48,25.0,72.4,4.5,06:18:00,17:59:00
11827,1476666619,10/16/2016 12:00:00 AM,15:10:19,361.87,64.0,30.48,26.0,111.48,5.62,06:18:00,17:59:00
11828,1476666322,10/16/2016 12:00:00 AM,15:05:22,437.92,63.0,30.48,22.0,14.52,5.62,06:18:00,17:59:00
11829,1476666019,10/16/2016 12:00:00 AM,15:00:19,353.59,64.0,30.48,22.0,92.89,10.12,06:18:00,17:59:00
11830,1476665723,10/16/2016 12:00:00 AM,14:55:23,330.35,64.0,30.48,23.0,83.86,7.87,06:18:00,17:59:00
11831,1476665423,10/16/2016 12:00:00 AM,14:50:23,311.31,64.0,30.49,22.0,46.02,3.37,06:18:00,17:59:00
11832,1476665120,10/16/2016 12:00:00 AM,14:45:20,328.91,64.0,30.49,21.0,53.46,9.0,06:18:00,17:59:00
11833,1476664821,10/16/2016 12:00:00 AM,14:40:21,355.59,64.0,30.49,24.0,338.95,1.12,06:18:00,17:59:00
11834,1476664524,10/16/2016 12:00:00 AM,14:35:24,468.39,65.0,30.49,74.83719267708949,43.54,12.37,06:18:00,17:59:00
11835,1476664221,10/16/2016 12:00:00 AM,14:30:21,400.48,65.0,30.49,21.0,39.93,4.5,06:18:00,17:59:00
11836,1476663924,10/16/2016 12:00:00 AM,14:25:24,390.65,65.0,30.49,25.0,12.37,3.37,06:18:00,17:59:00
11837,1476663622,10/16/2016 12:00:00 AM,14:20:22,342.54,66.0,30.49,22.0,32.62,10.12,06:18:00,17:59:00
11838,1476663322,10/16/2016 12:00:00 AM,14:15:22,437.57,66.0,30.49,24.0,336.48,9.0,06:18:00,17:59:00
11839,1476663019,10/16/2016 12:00:00 AM,14:10:19,452.89,67.0,30.49,21.0,42.94,13.5,06:18:00,17:59:00
11840,1476662725,10/16/2016 12:00:00 AM,14:05:25,562.5,68.0,30.49,22.0,0.11,2.25,06:18:00,17:59:00
11841,1476662420,10/16/2016 12:00:00 AM,14:00:20,606.43,68.0,30.49,19.0,224.61,2.25,06:18:00,17:59:00
11842,1476662123,10/16/2016 12:00:00 AM,13:55:23,569.15,68.0,30.5,20.0,117.79,4.5,06:18:00,17:59:00
11843,1476661820,10/16/2016 12:00:00 AM,13:50:20,722.26,69.0,30.5,22.0,67.11,5.62,06:18:00,17:59:00
11844,1476661519,10/16/2016 12:00:00 AM,13:45:19,1035.66,69.0,30.5,20.0,30.87,6.75,06:18:00,17:59:00
11845,1476661223,10/16/2016 12:00:00 AM,13:40:23,959.24,69.0,30.5,18.0,15.52,9.0,06:18:00,17:59:00
11846,1476660918,10/16/2016 12:00:00 AM,13:35:18,1165.04,69.0,30.5,18.0,38.12,6.75,06:18:00,17:59:00
11847,1476660619,10/16/2016 12:00:00 AM,13:30:19,1080.42,69.0,30.5,19.0,42.97,9.0,06:18:00,17:59:00
11848,1476660322,10/16/2016 12:00:00 AM,13:25:22,1032.31,68.0,30.51,19.0,159.03,4.5,06:18:00,17:59:00
11849,1476660021,10/16/2016 12:00:00 AM,13:20:21,889.09,68.0,30.51,19.0,60.7,4.5,06:18:00,17:59:00
11850,1476659723,10/16/2016 12:00:00 AM,13:15:23,938.48,67.0,30.51,19.0,153.45,3.37,06:18:00,17:59:00
11851,1476659420,10/16/2016 12:00:00 AM,13:10:20,1115.27,67.0,30.51,19.0,35.95,10.12,06:18:00,17:59:00
11852,1476659120,10/16/2016 12:00:00 AM,13:05:20,1057.69,67.0,30.51,20.0,24.81,9.0,06:18:00,17:59:00
11853,1476658821,10/16/2016 12:00:00 AM,13:00:21,800.84,67.0,30.51,21.0,7.85,10.12,06:18:00,17:59:00
11854,1476658525,10/16/2016 12:00:00 AM,12:55:25,996.43,66.0,30.51,19.0,51.47,5.62,06:18:00,17:59:00
11855,1476658223,10/16/2016 12:00:00 AM,12:50:23,859.22,66.0,30.51,20.0,109.57,5.62,06:18:00,17:59:00
11856,1476657920,10/16/2016 12:00:00 AM,12:45:20,447.29,67.0,30.52,19.0,28.89,5.62,06:18:00,17:59:00
11857,1476657619,10/16/2016 12:00:00 AM,12:40:19,558.24,67.0,30.52,18.0,60.8,1.12,06:18:00,17:59:00
11858,1476657322,10/16/2016 12:00:00 AM,12:35:22,836.45,67.0,30.52,18.0,39.88,2.25,06:18:00,17:59:00
11859,1476657021,10/16/2016 12:00:00 AM,12:30:21,791.31,67.0,30.52,19.0,99.7,3.37,06:18:00,17:59:00
11860,1476656721,10/16/2016 12:00:00 AM,12:25:21,945.29,66.0,30.52,19.0,87.23,7.87,06:18:00,17:59:00
11861,1476656417,10/16/2016 12:00:00 AM,12:20:17,546.53,66.0,30.52,19.0,111.45,4.5,06:18:00,17:59:00
11862,1476656120,10/16/2016 12:00:00 AM,12:15:20,713.41,66.0,30.52,17.0,119.06,3.37,06:18:00,17:59:00
11863,1476655822,10/16/2016 12:00:00 AM,12:10:22,556.33,66.0,30.52,19.0,43.42,4.5,06:18:00,17:59:00
11864,1476655519,10/16/2016 12:00:00 AM,12:05:19,551.5,66.0,30.52,18.0,15.78,5.62,06:18:00,17:59:00
11865,1476655220,10/16/2016 12:00:00 AM,12:00:20,460.3,66.0,30.52,19.0,44.97,3.37,06:18:00,17:59:00
11866,1476654921,10/16/2016 12:00:00 AM,11:55:21,462.23,66.0,30.53,21.0,2.38,2.25,06:18:00,17:59:00
11867,1476654622,10/16/2016 12:00:00 AM,11:50:22,518.81,66.0,30.53,20.0,22.06,6.75,06:18:00,17:59:00
11868,1476654319,10/16/2016 12:00:00 AM,11:45:19,705.43,66.0,30.53,20.0,96.92,3.37,06:18:00,17:59:00
11869,1476654019,10/16/2016 12:00:00 AM,11:40:19,590.82,66.0,30.53,18.0,49.31,6.75,06:18:00,17:59:00
11870,1476653720,10/16/2016 12:00:00 AM,11:35:20,638.44,66.0,30.53,20.0,101.63,3.37,06:18:00,17:59:00
11871,1476653421,10/16/2016 12:00:00 AM,11:30:21,510.56,66.0,30.53,19.0,78.87,1.12,06:18:00,17:59:00
11872,1476653121,10/16/2016 12:00:00 AM,11:25:21,494.52,66.0,30.53,19.0,336.47,5.62,06:18:00,17:59:00
11873,1476652822,10/16/2016 12:00:00 AM,11:20:22,487.52,66.0,30.54,18.0,114.7,4.5,06:18:00,17:59:00
11874,1476652524,10/16/2016 12:00:00 AM,11:15:24,599.62,67.0,30.54,18.0,32.81,3.37,06:18:00,17:59:00
11875,1476652221,10/16/2016 12:00:00 AM,11:10:21,544.06,67.0,30.54,17.0,129.98,3.37,06:18:00,17:59:00
11876,1476651922,10/16/2016 12:00:00 AM,11:05:22,896.8,67.0,30.54,15.0,49.84,4.5,06:18:00,17:59:00
11877,1476651620,10/16/2016 12:00:00 AM,11:00:20,836.0,67.0,30.54,18.0,156.77,2.25,06:18:00,17:59:00
11878,1476651320,10/16/2016 12:00:00 AM,10:55:20,475.55,67.0,30.54,15.0,41.67,7.87,06:18:00,17:59:00
11879,1476651019,10/16/2016 12:00:00 AM,10:50:19,812.89,67.0,30.54,18.0,9.97,5.62,06:18:00,17:59:00
11880,1476650721,10/16/2016 12:00:00 AM,10:45:21,478.95,67.0,30.54,16.0,56.69,6.75,06:18:00,17:59:00
11881,1476650422,10/16/2016 12:00:00 AM,10:40:22,749.74,68.0,30.54,16.0,29.09,6.75,06:18:00,17:59:00
11882,1476650120,10/16/2016 12:00:00 AM,10:35:20,1132.66,67.0,30.54,17.0,32.64,4.5,06:18:00,17:59:00
11883,1476649825,10/16/2016 12:00:00 AM,10:30:25,1003.23,67.0,30.54,15.0,35.41,1.12,06:18:00,17:59:00
11884,1476649520,10/16/2016 12:00:00 AM,10:25:20,890.61,66.0,30.54,15.0,113.63,7.87,06:18:00,17:59:00
11885,1476649221,10/16/2016 12:00:00 AM,10:20:21,712.17,66.0,30.54,15.0,35.05,2.25,06:18:00,17:59:00
11886,1476648924,10/16/2016 12:00:00 AM,10:15:24,529.99,66.0,30.54,16.0,73.41,7.87,06:18:00,17:59:00
11887,1476648618,10/16/2016 12:00:00 AM,10:10:18,908.29,66.0,30.54,16.0,78.06,4.5,06:18:00,17:59:00
11888,1476648323,10/16/2016 12:00:00 AM,10:05:23,965.52,65.0,30.54,17.0,89.87,6.75,06:18:00,17:59:00
11889,1476648018,10/16/2016 12:00:00 AM,10:00:18,923.16,65.0,30.54,17.0,106.94,5.62,06:18:00,17:59:00
11890,1476647720,10/16/2016 12:00:00 AM,09:55:20,761.01,64.0,30.54,16.0,139.92,6.75,06:18:00,17:59:00
11891,1476647419,10/16/2016 12:00:00 AM,09:50:19,491.11,64.0,30.54,17.0,90.57,3.37,06:18:00,17:59:00
11892,1476647123,10/16/2016 12:00:00 AM,09:45:23,466.84,64.0,30.54,18.0,43.59,7.87,06:18:00,17:59:00
11893,1476646820,10/16/2016 12:00:00 AM,09:40:20,814.44,64.0,30.54,16.0,132.8,4.5,06:18:00,17:59:00
11894,1476646521,10/16/2016 12:00:00 AM,09:35:21,264.96,65.0,30.54,17.0,131.57,1.12,06:18:00,17:59:00
11895,1476646222,10/16/2016 12:00:00 AM,09:30:22,264.68,66.0,30.54,17.0,117.77,3.37,06:18:00,17:59:00
11896,1476645923,10/16/2016 12:00:00 AM,09:25:23,896.05,66.0,30.54,16.0,154.12,3.37,06:18:00,17:59:00
11897,1476645622,10/16/2016 12:00:00 AM,09:20:22,828.46,65.0,30.54,18.0,71.12,1.12,06:18:00,17:59:00
11898,1476645320,10/16/2016 12:00:00 AM,09:15:20,840.08,65.0,30.54,18.0,39.1,0.0,06:18:00,17:59:00
11899,1476645020,10/16/2016 12:00:00 AM,09:10:20,709.67,64.0,30.54,17.0,35.1,4.5,06:18:00,17:59:00
11900,1476644722,10/16/2016 12:00:00 AM,09:05:22,791.07,63.0,30.54,16.0,143.32,5.62,06:18:00,17:59:00
11901,1476644418,10/16/2016 12:00:00 AM,09:00:18,655.67,63.0,30.54,16.0,72.72,7.87,06:18:00,17:59:00
11902,1476644120,10/16/2016 12:00:00 AM,08:55:20,436.44,63.0,30.54,15.0,101.05,9.0,06:18:00,17:59:00
11903,1476643819,10/16/2016 12:00:00 AM,08:50:19,260.4,63.0,30.54,15.0,46.88,0.0,06:18:00,17:59:00
11904,1476643523,10/16/2016 12:00:00 AM,08:45:23,480.96,64.0,30.54,14.0,105.0,6.75,06:18:00,17:59:00
11905,1476643226,10/16/2016 12:00:00 AM,08:40:26,424.84,64.0,30.54,15.0,67.63,3.37,06:18:00,17:59:00
11906,1476642923,10/16/2016 12:00:00 AM,08:35:23,583.61,63.0,30.54,15.0,121.38,7.87,06:18:00,17:59:00
11907,1476642619,10/16/2016 12:00:00 AM,08:30:19,605.47,63.0,30.54,15.0,147.13,5.62,06:18:00,17:59:00
11908,1476642020,10/16/2016 12:00:00 AM,08:20:20,331.57,62.0,30.54,15.0,34.24,2.25,06:18:00,17:59:00
11909,1476641723,10/16/2016 12:00:00 AM,08:15:23,373.54,61.0,30.54,15.0,143.54770303349548,9.0,06:18:00,17:59:00
11910,1476641424,10/16/2016 12:00:00 AM,08:10:24,317.08,61.0,30.54,15.0,179.79,3.37,06:18:00,17:59:00
11911,1476641122,10/16/2016 12:00:00 AM,08:05:22,273.41,61.0,30.54,15.0,221.92,1.12,06:18:00,17:59:00
11912,1476640819,10/16/2016 12:00:00 AM,08:00:19,298.63,60.0,30.54,15.0,130.48,9.0,06:18:00,17:59:00
11913,1476640523,10/16/2016 12:00:00 AM,07:55:23,252.66,60.0,30.53,17.0,129.22,7.87,06:18:00,17:59:00
11914,1476640219,10/16/2016 12:00:00 AM,07:50:19,377.95,59.0,30.53,18.0,169.69,10.12,06:18:00,17:59:00
11915,1476639920,10/16/2016 12:00:00 AM,07:45:20,330.27,58.0,30.53,19.0,187.91,5.62,06:18:00,17:59:00
11916,1476639620,10/16/2016 12:00:00 AM,07:40:20,255.6,57.0,30.53,18.0,122.04,5.62,06:18:00,17:59:00
11917,1476639323,10/16/2016 12:00:00 AM,07:35:23,235.0,56.0,30.53,20.0,155.81,5.62,06:18:00,17:59:00
11918,1476639022,10/16/2016 12:00:00 AM,07:30:22,174.27,55.0,30.52,20.0,162.72,5.62,06:18:00,17:59:00
11919,1476638721,10/16/2016 12:00:00 AM,07:25:21,207.3,54.0,30.52,21.0,162.05,5.62,06:18:00,17:59:00
11920,1476638418,10/16/2016 12:00:00 AM,07:20:18,117.07,54.0,30.52,22.0,158.02,6.75,06:18:00,17:59:00
11921,1476638120,10/16/2016 12:00:00 AM,07:15:20,105.92,53.0,30.52,23.0,164.28,7.87,06:18:00,17:59:00
11922,1476637821,10/16/2016 12:00:00 AM,07:10:21,95.62,53.0,30.52,24.0,164.23,6.75,06:18:00,17:59:00
11923,1476637520,10/16/2016 12:00:00 AM,07:05:20,81.0,53.0,30.52,23.0,158.63,6.75,06:18:00,17:59:00
11924,1476637219,10/16/2016 12:00:00 AM,07:00:19,66.4,53.0,30.52,23.0,174.48,5.62,06:18:00,17:59:00
11925,1476636922,10/16/2016 12:00:00 AM,06:55:22,56.53,52.0,30.52,23.0,167.4,4.5,06:18:00,17:59:00
11926,1476636622,10/16/2016 12:00:00 AM,06:50:22,51.46,52.0,30.51,23.0,181.01,5.62,06:18:00,17:59:00
11927,1476636328,10/16/2016 12:00:00 AM,06:45:28,47.07,52.0,30.51,23.0,169.29,4.5,06:18:00,17:59:00
11928,1476636021,10/16/2016 12:00:00 AM,06:40:21,42.12,51.0,30.51,23.0,159.69,6.75,06:18:00,17:59:00
11929,1476635721,10/16/2016 12:00:00 AM,06:35:21,37.68,50.0,30.51,23.0,166.21,9.0,06:18:00,17:59:00
11930,1476635420,10/16/2016 12:00:00 AM,06:30:20,30.1,50.0,30.51,24.0,173.54,10.12,06:18:00,17:59:00
11931,1476635121,10/16/2016 12:00:00 AM,06:25:21,19.21,50.0,30.51,25.0,166.77,5.62,06:18:00,17:59:00
11932,1476634820,10/16/2016 12:00:00 AM,06:20:20,8.91,49.0,30.51,25.0,157.43,9.0,06:18:00,17:59:00
11933,1476634521,10/16/2016 12:00:00 AM,06:15:21,3.78,49.0,30.5,25.0,187.07,11.25,06:18:00,17:59:00
11934,1476634224,10/16/2016 12:00:00 AM,06:10:24,2.8,49.0,30.5,25.0,169.16,9.0,06:18:00,17:59:00
11935,1476633919,10/16/2016 12:00:00 AM,06:05:19,2.41,49.0,30.5,25.0,168.8,11.25,06:18:00,17:59:00
11936,1476633623,10/16/2016 12:00:00 AM,06:00:23,1.21,49.0,30.5,25.0,162.45,6.75,06:18:00,17:59:00
11937,1476633320,10/16/2016 12:00:00 AM,05:55:20,1.21,49.0,30.5,25.0,187.42,7.87,06:18:00,17:59:00
11938,1476633020,10/16/2016 12:00:00 AM,05:50:20,1.2,49.0,30.5,25.0,166.22,6.75,06:18:00,17:59:00
11939,1476632718,10/16/2016 12:00:00 AM,05:45:18,1.22,49.0,30.5,25.0,194.13,5.62,06:18:00,17:59:00
11940,1476632419,10/16/2016 12:00:00 AM,05:40:19,1.22,49.0,30.5,24.0,176.53,6.75,06:18:00,17:59:00
11941,1476632123,10/16/2016 12:00:00 AM,05:35:23,1.22,49.0,30.5,24.0,155.79,6.75,06:18:00,17:59:00
11942,1476631822,10/16/2016 12:00:00 AM,05:30:22,1.2,49.0,30.5,25.0,177.74,6.75,06:18:00,17:59:00
11943,1476631524,10/16/2016 12:00:00 AM,05:25:24,1.22,49.0,30.49,25.0,170.2,6.75,06:18:00,17:59:00
11944,1476631219,10/16/2016 12:00:00 AM,05:20:19,1.22,49.0,30.49,25.0,165.54,7.87,06:18:00,17:59:00
11945,1476630921,10/16/2016 12:00:00 AM,05:15:21,1.24,49.0,30.49,25.0,166.76,9.0,06:18:00,17:59:00
11946,1476630620,10/16/2016 12:00:00 AM,05:10:20,1.21,49.0,30.49,25.0,173.13,6.75,06:18:00,17:59:00
11947,1476630319,10/16/2016 12:00:00 AM,05:05:19,1.22,49.0,30.49,25.0,153.66,6.75,06:18:00,17:59:00
11948,1476630019,10/16/2016 12:00:00 AM,05:00:19,1.22,50.0,30.49,24.0,163.66,7.87,06:18:00,17:59:00
11949,1476629721,10/16/2016 12:00:00 AM,04:55:21,1.21,50.0,30.49,23.0,161.3,2.25,06:18:00,17:59:00
11950,1476629419,10/16/2016 12:00:00 AM,04:50:19,1.2,50.0,30.49,24.0,155.54,5.62,06:18:00,17:59:00
11951,1476629124,10/16/2016 12:00:00 AM,04:45:24,1.19,50.0,30.49,24.0,166.51,5.62,06:18:00,17:59:00
11952,1476628823,10/16/2016 12:00:00 AM,04:40:23,1.2,50.0,30.49,25.0,173.52,4.5,06:18:00,17:59:00
11953,1476628521,10/16/2016 12:00:00 AM,04:35:21,1.24,50.0,30.49,24.0,167.14,6.75,06:18:00,17:59:00
11954,1476628225,10/16/2016 12:00:00 AM,04:30:25,1.21,50.0,30.49,24.0,164.22,7.87,06:18:00,17:59:00
11955,1476627921,10/16/2016 12:00:00 AM,04:25:21,1.22,50.0,30.49,23.0,149.56,7.87,06:18:00,17:59:00
11956,1476627620,10/16/2016 12:00:00 AM,04:20:20,1.21,50.0,30.49,23.0,165.03,5.62,06:18:00,17:59:00
11957,1476627319,10/16/2016 12:00:00 AM,04:15:19,1.25,50.0,30.49,22.0,165.14,7.87,06:18:00,17:59:00
11958,1476627018,10/16/2016 12:00:00 AM,04:10:18,1.21,50.0,30.49,22.0,171.26,7.87,06:18:00,17:59:00
11959,1476626719,10/16/2016 12:00:00 AM,04:05:19,1.26,50.0,30.49,23.0,183.28,6.75,06:18:00,17:59:00
11960,1476626418,10/16/2016 12:00:00 AM,04:00:18,1.25,50.0,30.48,23.0,197.48,6.75,06:18:00,17:59:00
11961,1476626120,10/16/2016 12:00:00 AM,03:55:20,1.21,50.0,30.48,24.0,183.02,4.5,06:18:00,17:59:00
11962,1476625818,10/16/2016 12:00:00 AM,03:50:18,1.21,50.0,30.48,23.0,172.04,7.87,06:18:00,17:59:00
11963,1476625521,10/16/2016 12:00:00 AM,03:45:21,1.24,50.0,30.49,24.0,168.97,6.75,06:18:00,17:59:00
11964,1476625223,10/16/2016 12:00:00 AM,03:40:23,1.19,50.0,30.49,24.0,158.7,5.62,06:18:00,17:59:00
11965,1476624921,10/16/2016 12:00:00 AM,03:35:21,1.25,50.0,30.49,24.0,156.03,6.75,06:18:00,17:59:00
11966,1476624621,10/16/2016 12:00:00 AM,03:30:21,1.22,50.0,30.49,24.0,141.92,6.75,06:18:00,17:59:00
11967,1476624329,10/16/2016 12:00:00 AM,03:25:29,1.21,50.0,30.48,24.0,158.07,6.75,06:18:00,17:59:00
11968,1476624019,10/16/2016 12:00:00 AM,03:20:19,1.23,49.0,30.48,25.0,163.1,6.75,06:18:00,17:59:00
11969,1476623725,10/16/2016 12:00:00 AM,03:15:25,1.23,49.0,30.48,25.0,174.23,7.87,06:18:00,17:59:00
11970,1476623419,10/16/2016 12:00:00 AM,03:10:19,1.22,49.0,30.48,26.0,165.48,5.62,06:18:00,17:59:00
11971,1476623119,10/16/2016 12:00:00 AM,03:05:19,1.22,49.0,30.48,25.0,164.48,6.75,06:18:00,17:59:00
11972,1476622822,10/16/2016 12:00:00 AM,03:00:22,1.21,49.0,30.49,25.0,165.7,5.62,06:18:00,17:59:00
11973,1476622526,10/16/2016 12:00:00 AM,02:55:26,1.19,49.0,30.49,25.0,176.94,5.62,06:18:00,17:59:00
11974,1476622220,10/16/2016 12:00:00 AM,02:50:20,1.21,49.0,30.49,25.0,173.34,5.62,06:18:00,17:59:00
11975,1476621921,10/16/2016 12:00:00 AM,02:45:21,1.22,50.0,30.49,24.0,161.06,6.75,06:18:00,17:59:00
11976,1476621626,10/16/2016 12:00:00 AM,02:40:26,1.23,49.0,30.49,24.0,165.23,4.5,06:18:00,17:59:00
11977,1476621320,10/16/2016 12:00:00 AM,02:35:20,1.23,49.0,30.49,24.0,178.13,6.75,06:18:00,17:59:00
11978,1476621019,10/16/2016 12:00:00 AM,02:30:19,1.21,49.0,30.49,24.0,173.85,6.75,06:18:00,17:59:00
11979,1476620718,10/16/2016 12:00:00 AM,02:25:18,1.22,49.0,30.49,25.0,180.86,6.75,06:18:00,17:59:00
11980,1476620419,10/16/2016 12:00:00 AM,02:20:19,1.21,49.0,30.5,25.0,167.2,5.62,06:18:00,17:59:00
11981,1476620121,10/16/2016 12:00:00 AM,02:15:21,1.22,49.0,30.5,25.0,164.21,6.75,06:18:00,17:59:00
11982,1476619826,10/16/2016 12:00:00 AM,02:10:26,1.22,49.0,30.5,25.0,165.47,5.62,06:18:00,17:59:00
11983,1476619520,10/16/2016 12:00:00 AM,02:05:20,1.24,49.0,30.5,25.0,153.62,9.0,06:18:00,17:59:00
11984,1476619220,10/16/2016 12:00:00 AM,02:00:20,1.22,49.0,30.5,25.0,160.15,7.87,06:18:00,17:59:00
11985,1476618920,10/16/2016 12:00:00 AM,01:55:20,1.21,49.0,30.5,24.0,153.52,7.87,06:18:00,17:59:00
11986,1476618623,10/16/2016 12:00:00 AM,01:50:23,1.2,49.0,30.5,24.0,158.2,6.75,06:18:00,17:59:00
11987,1476618325,10/16/2016 12:00:00 AM,01:45:25,1.21,49.0,30.5,24.0,175.05,4.5,06:18:00,17:59:00
11988,1476618020,10/16/2016 12:00:00 AM,01:40:20,1.22,49.0,30.5,24.0,185.06,6.75,06:18:00,17:59:00
11989,1476617719,10/16/2016 12:00:00 AM,01:35:19,1.24,49.0,30.5,25.0,189.16,6.75,06:18:00,17:59:00
11990,1476617122,10/16/2016 12:00:00 AM,01:25:22,1.21,49.0,30.5,26.0,189.56,9.0,06:18:00,17:59:00
11991,1476616823,10/16/2016 12:00:00 AM,01:20:23,1.21,49.0,30.51,25.0,184.69,5.62,06:18:00,17:59:00
11992,1476616522,10/16/2016 12:00:00 AM,01:15:22,1.23,50.0,30.51,24.0,170.91,5.62,06:18:00,17:59:00
11993,1476616223,10/16/2016 12:00:00 AM,01:10:23,1.17,50.0,30.51,24.0,159.09,5.62,06:18:00,17:59:00
11994,1476615919,10/16/2016 12:00:00 AM,01:05:19,1.2,50.0,30.51,24.0,167.16,6.75,06:18:00,17:59:00
11995,1476615626,10/16/2016 12:00:00 AM,01:00:26,1.24,50.0,30.51,24.0,175.96,5.62,06:18:00,17:59:00
11996,1476615326,10/16/2016 12:00:00 AM,00:55:26,1.25,50.0,30.51,24.0,176.29,4.5,06:18:00,17:59:00
11997,1476615022,10/16/2016 12:00:00 AM,00:50:22,1.2,50.0,30.52,24.0,160.49,4.5,06:18:00,17:59:00
11998,1476614724,10/16/2016 12:00:00 AM,00:45:24,1.24,51.0,30.51,24.0,176.4,5.62,06:18:00,17:59:00
11999,1476614422,10/16/2016 12:00:00 AM,00:40:22,1.23,51.0,30.51,24.0,194.51,5.62,06:18:00,17:59:00
12000,1476614123,10/16/2016 12:00:00 AM,00:35:23,1.21,51.0,30.51,24.0,185.44,5.62,06:18:00,17:59:00
12001,1476613821,10/16/2016 12:00:00 AM,00:30:21,1.22,51.0,30.51,23.0,100.4,6.75,06:18:00,17:59:00
12002,1476613522,10/16/2016 12:00:00 AM,00:25:22,1.21,51.0,30.51,24.0,164.61,11.25,06:18:00,17:59:00
12003,1476612319,10/16/2016 12:00:00 AM,00:05:19,1.19,50.0,30.51,74.83719267708949,164.0,5.62,06:18:00,17:59:00
12004,1476612021,10/16/2016 12:00:00 AM,00:00:21,1.23,50.0,30.51,26.0,177.52,5.62,06:18:00,17:59:00
12005,1476611719,10/15/2016 12:00:00 AM,23:55:19,1.21,51.0,30.51,26.0,171.92,5.62,06:17:00,17:59:00
12006,1476611422,10/15/2016 12:00:00 AM,23:50:22,1.23,51.0,30.51,26.0,177.9,5.62,06:17:00,17:59:00
12007,1476611122,10/15/2016 12:00:00 AM,23:45:22,1.2,51.0,30.51,25.0,171.69,4.5,06:17:00,17:59:00
12008,1476610820,10/15/2016 12:00:00 AM,23:40:20,1.23,51.0,30.51,25.0,168.91,7.87,06:17:00,17:59:00
12009,1476610521,10/15/2016 12:00:00 AM,23:35:21,1.24,51.0,30.52,25.0,164.12,5.62,06:17:00,17:59:00
12010,1476610222,10/15/2016 12:00:00 AM,23:30:22,1.24,51.0,30.52,25.0,163.95,5.62,06:17:00,17:59:00
12011,1476609921,10/15/2016 12:00:00 AM,23:25:21,1.21,51.0,30.52,25.0,158.59,3.37,06:17:00,17:59:00
12012,1476609622,10/15/2016 12:00:00 AM,23:20:22,1.22,51.0,30.52,25.0,165.82,4.5,06:17:00,17:59:00
12013,1476609321,10/15/2016 12:00:00 AM,23:15:21,1.2,52.0,30.52,25.0,160.73,6.75,06:17:00,17:59:00
12014,1476609020,10/15/2016 12:00:00 AM,23:10:20,1.24,52.0,30.52,25.0,172.06,5.62,06:17:00,17:59:00
12015,1476608731,10/15/2016 12:00:00 AM,23:05:31,1.18,52.0,30.52,24.0,172.68,5.62,06:17:00,17:59:00
12016,1476608423,10/15/2016 12:00:00 AM,23:00:23,1.25,53.0,30.52,24.0,162.55,5.62,06:17:00,17:59:00
12017,1476608124,10/15/2016 12:00:00 AM,22:55:24,1.2,53.0,30.52,24.0,165.92,5.62,06:17:00,17:59:00
12018,1476607822,10/15/2016 12:00:00 AM,22:50:22,1.23,53.0,30.52,24.0,137.0,7.87,06:17:00,17:59:00
12019,1476607522,10/15/2016 12:00:00 AM,22:45:22,1.22,53.0,30.52,24.0,177.77,9.0,06:17:00,17:59:00
12020,1476607221,10/15/2016 12:00:00 AM,22:40:21,1.24,53.0,30.52,24.0,156.48,10.12,06:17:00,17:59:00
12021,1476606921,10/15/2016 12:00:00 AM,22:35:21,1.2,54.0,30.52,25.0,165.1,7.87,06:17:00,17:59:00
12022,1476606619,10/15/2016 12:00:00 AM,22:30:19,1.23,54.0,30.52,24.0,181.28,7.87,06:17:00,17:59:00
12023,1476606319,10/15/2016 12:00:00 AM,22:25:19,1.22,54.0,30.52,23.0,151.8,5.62,06:17:00,17:59:00
12024,1476606027,10/15/2016 12:00:00 AM,22:20:27,1.24,54.0,30.52,23.0,146.32,6.75,06:17:00,17:59:00
12025,1476605721,10/15/2016 12:00:00 AM,22:15:21,1.26,55.0,30.52,23.0,185.09,6.75,06:17:00,17:59:00
12026,1476605421,10/15/2016 12:00:00 AM,22:10:21,1.26,55.0,30.52,23.0,176.88,9.0,06:17:00,17:59:00
12027,1476605124,10/15/2016 12:00:00 AM,22:05:24,1.23,55.0,30.52,22.0,142.76,9.0,06:17:00,17:59:00
12028,1476604821,10/15/2016 12:00:00 AM,22:00:21,1.24,55.0,30.52,22.0,132.91,10.12,06:17:00,17:59:00
12029,1476604521,10/15/2016 12:00:00 AM,21:55:21,1.2,55.0,30.52,22.0,159.68,9.0,06:17:00,17:59:00
12030,1476604221,10/15/2016 12:00:00 AM,21:50:21,1.27,55.0,30.52,22.0,146.14,5.62,06:17:00,17:59:00
12031,1476603919,10/15/2016 12:00:00 AM,21:45:19,1.22,55.0,30.52,22.0,164.67,10.12,06:17:00,17:59:00
12032,1476603624,10/15/2016 12:00:00 AM,21:40:24,1.26,54.0,30.52,22.0,166.04,10.12,06:17:00,17:59:00
12033,1476603323,10/15/2016 12:00:00 AM,21:35:23,1.24,54.0,30.52,22.0,168.94,7.87,06:17:00,17:59:00
12034,1476603020,10/15/2016 12:00:00 AM,21:30:20,1.24,54.0,30.52,22.0,162.4,6.75,06:17:00,17:59:00
12035,1476602720,10/15/2016 12:00:00 AM,21:25:20,1.22,54.0,30.52,22.0,176.58,6.75,06:17:00,17:59:00
12036,1476602420,10/15/2016 12:00:00 AM,21:20:20,1.23,54.0,30.52,23.0,143.1,10.12,06:17:00,17:59:00
12037,1476602121,10/15/2016 12:00:00 AM,21:15:21,1.23,53.0,30.52,23.0,186.04,6.75,06:17:00,17:59:00
12038,1476601824,10/15/2016 12:00:00 AM,21:10:24,1.24,53.0,30.52,23.0,140.16,7.87,06:17:00,17:59:00
12039,1476601525,10/15/2016 12:00:00 AM,21:05:25,1.23,53.0,30.52,24.0,154.73,6.75,06:17:00,17:59:00
12040,1476601223,10/15/2016 12:00:00 AM,21:00:23,1.2,53.0,30.52,23.0,167.99,5.62,06:17:00,17:59:00
12041,1476600919,10/15/2016 12:00:00 AM,20:55:19,1.22,53.0,30.52,22.0,157.55,4.5,06:17:00,17:59:00
12042,1476600321,10/15/2016 12:00:00 AM,20:45:21,1.25,54.0,30.52,23.0,153.56,5.62,06:17:00,17:59:00
12043,1476600024,10/15/2016 12:00:00 AM,20:40:24,1.24,54.0,30.52,22.0,158.87,5.62,06:17:00,17:59:00
12044,1476599721,10/15/2016 12:00:00 AM,20:35:21,1.23,54.0,30.52,22.0,161.9,4.5,06:17:00,17:59:00
12045,1476599419,10/15/2016 12:00:00 AM,20:30:19,1.21,54.0,30.52,22.0,158.5,4.5,06:17:00,17:59:00
12046,1476599119,10/15/2016 12:00:00 AM,20:25:19,1.22,54.0,30.52,74.83719267708949,155.9,4.5,06:17:00,17:59:00
12047,1476598824,10/15/2016 12:00:00 AM,20:20:24,1.22,54.0,30.51,21.0,128.37,6.75,06:17:00,17:59:00
12048,1476598521,10/15/2016 12:00:00 AM,20:15:21,1.24,54.0,30.51,21.0,143.1,4.5,06:17:00,17:59:00
12049,1476598218,10/15/2016 12:00:00 AM,20:10:18,1.23,54.0,30.51,21.0,154.22,7.87,06:17:00,17:59:00
12050,1476597920,10/15/2016 12:00:00 AM,20:05:20,1.21,54.0,30.51,23.0,169.08,5.62,06:17:00,17:59:00
12051,1476597622,10/15/2016 12:00:00 AM,20:00:22,1.24,53.0,30.51,23.0,177.32,4.5,06:17:00,17:59:00
12052,1476597322,10/15/2016 12:00:00 AM,19:55:22,1.24,54.0,30.51,24.0,165.52,4.5,06:17:00,17:59:00
12053,1476597021,10/15/2016 12:00:00 AM,19:50:21,1.21,54.0,30.51,23.0,175.64,5.62,06:17:00,17:59:00
12054,1476596720,10/15/2016 12:00:00 AM,19:45:20,1.22,54.0,30.51,22.0,181.31,5.62,06:17:00,17:59:00
12055,1476596419,10/15/2016 12:00:00 AM,19:40:19,1.23,54.0,30.5,22.0,175.75,4.5,06:17:00,17:59:00
12056,1476596125,10/15/2016 12:00:00 AM,19:35:25,1.24,55.0,30.5,22.0,169.72,5.62,06:17:00,17:59:00
12057,1476595819,10/15/2016 12:00:00 AM,19:30:19,1.22,55.0,30.5,21.0,166.91,4.5,06:17:00,17:59:00
12058,1476595520,10/15/2016 12:00:00 AM,19:25:20,1.22,55.0,30.5,21.0,162.51,4.5,06:17:00,17:59:00
12059,1476595222,10/15/2016 12:00:00 AM,19:20:22,1.22,55.0,30.5,21.0,163.52,6.75,06:17:00,17:59:00
12060,1476594926,10/15/2016 12:00:00 AM,19:15:26,1.24,56.0,30.5,21.0,155.7,6.75,06:17:00,17:59:00
12061,1476594621,10/15/2016 12:00:00 AM,19:10:21,1.26,56.0,30.5,21.0,157.18,4.5,06:17:00,17:59:00
12062,1476594319,10/15/2016 12:00:00 AM,19:05:19,1.25,56.0,30.5,20.0,150.34,1.12,06:17:00,17:59:00
12063,1476594020,10/15/2016 12:00:00 AM,19:00:20,1.2,56.0,30.5,20.0,153.79,4.5,06:17:00,17:59:00
12064,1476593721,10/15/2016 12:00:00 AM,18:55:21,1.24,57.0,30.5,20.0,150.72,2.25,06:17:00,17:59:00
12065,1476593421,10/15/2016 12:00:00 AM,18:50:21,1.2,57.0,30.5,19.0,152.1,3.37,06:17:00,17:59:00
12066,1476593120,10/15/2016 12:00:00 AM,18:45:20,1.25,58.0,30.5,19.0,151.54,3.37,06:17:00,17:59:00
12067,1476592818,10/15/2016 12:00:00 AM,18:40:18,1.22,59.0,30.49,19.0,130.91,1.12,06:17:00,17:59:00
12068,1476592523,10/15/2016 12:00:00 AM,18:35:23,1.21,59.0,30.49,17.0,132.78,2.25,06:17:00,17:59:00
12069,1476592220,10/15/2016 12:00:00 AM,18:30:20,1.22,59.0,30.49,16.0,120.23,0.0,06:17:00,17:59:00
12070,1476591921,10/15/2016 12:00:00 AM,18:25:21,1.24,60.0,30.49,16.0,142.21,2.25,06:17:00,17:59:00
12071,1476591624,10/15/2016 12:00:00 AM,18:20:24,1.23,60.0,30.49,15.0,107.61,2.25,06:17:00,17:59:00
12072,1476591320,10/15/2016 12:00:00 AM,18:15:20,1.24,61.0,30.49,15.0,130.35,1.12,06:17:00,17:59:00
12073,1476591018,10/15/2016 12:00:00 AM,18:10:18,1.81,61.0,30.49,15.0,136.77,1.12,06:17:00,17:59:00
12074,1476590719,10/15/2016 12:00:00 AM,18:05:19,3.22,62.0,30.48,14.0,89.29,5.62,06:17:00,17:59:00
12075,1476590419,10/15/2016 12:00:00 AM,18:00:19,5.38,62.0,30.48,14.0,139.09,3.37,06:17:00,17:59:00
12076,1476590122,10/15/2016 12:00:00 AM,17:55:22,7.59,63.0,30.48,13.0,113.62,1.12,06:17:00,17:59:00
12077,1476589823,10/15/2016 12:00:00 AM,17:50:23,9.89,63.0,30.48,13.0,69.22,2.25,06:17:00,17:59:00
12078,1476589521,10/15/2016 12:00:00 AM,17:45:21,21.95,64.0,30.48,13.0,33.85,2.25,06:17:00,17:59:00
12079,1476589220,10/15/2016 12:00:00 AM,17:40:20,26.05,64.0,30.48,13.0,75.07,4.5,06:17:00,17:59:00
12080,1476588920,10/15/2016 12:00:00 AM,17:35:20,34.19,64.0,30.48,13.0,129.29,3.37,06:17:00,17:59:00
12081,1476588628,10/15/2016 12:00:00 AM,17:30:28,50.13,64.0,30.48,14.0,67.39,2.25,06:17:00,17:59:00
12082,1476588321,10/15/2016 12:00:00 AM,17:25:21,70.23,65.0,30.48,15.0,99.35,3.37,06:17:00,17:59:00
12083,1476588019,10/15/2016 12:00:00 AM,17:20:19,92.14,65.0,30.48,16.0,33.53,3.37,06:17:00,17:59:00
12084,1476587724,10/15/2016 12:00:00 AM,17:15:24,115.98,65.0,30.48,18.0,60.53,6.75,06:17:00,17:59:00
12085,1476587419,10/15/2016 12:00:00 AM,17:10:19,141.87,65.0,30.48,20.0,57.21,3.37,06:17:00,17:59:00
12086,1476587123,10/15/2016 12:00:00 AM,17:05:23,168.89,66.0,30.48,24.0,15.12,2.25,06:17:00,17:59:00
12087,1476586820,10/15/2016 12:00:00 AM,17:00:20,198.2,66.0,30.48,23.0,62.19,6.75,06:17:00,17:59:00
12088,1476586520,10/15/2016 12:00:00 AM,16:55:20,228.28,66.0,30.47,26.0,69.42,4.5,06:17:00,17:59:00
12089,1476586221,10/15/2016 12:00:00 AM,16:50:21,256.63,66.0,30.47,27.0,53.7,4.5,06:17:00,17:59:00
12090,1476585922,10/15/2016 12:00:00 AM,16:45:22,284.02,66.0,30.47,31.0,45.2,5.62,06:17:00,17:59:00
12091,1476585620,10/15/2016 12:00:00 AM,16:40:20,311.73,66.0,30.47,34.0,40.47,1.12,06:17:00,17:59:00
12092,1476585323,10/15/2016 12:00:00 AM,16:35:23,334.98,66.0,30.47,41.0,25.06,4.5,06:17:00,17:59:00
12093,1476585019,10/15/2016 12:00:00 AM,16:30:19,355.66,66.0,30.47,45.0,73.03,3.37,06:17:00,17:59:00
12094,1476584721,10/15/2016 12:00:00 AM,16:25:21,377.79,66.0,30.47,34.0,336.45,6.75,06:17:00,17:59:00
12095,1476584422,10/15/2016 12:00:00 AM,16:20:22,397.98,66.0,30.47,32.0,49.27,4.5,06:17:00,17:59:00
12096,1476584121,10/15/2016 12:00:00 AM,16:15:21,420.94,65.0,30.47,26.0,18.89,2.25,06:17:00,17:59:00
12097,1476583819,10/15/2016 12:00:00 AM,16:10:19,441.35,65.0,30.47,53.0,32.06,4.5,06:17:00,17:59:00
12098,1476583528,10/15/2016 12:00:00 AM,16:05:28,459.8,65.0,30.47,57.0,16.65,9.0,06:17:00,17:59:00
12099,1476583228,10/15/2016 12:00:00 AM,16:00:28,479.64,66.0,30.47,56.0,38.77,3.37,06:17:00,17:59:00
12100,1476582923,10/15/2016 12:00:00 AM,15:55:23,501.21,67.0,30.47,53.0,336.31,4.5,06:17:00,17:59:00
12101,1476582620,10/15/2016 12:00:00 AM,15:50:20,519.03,67.0,30.47,41.0,13.5,2.25,06:17:00,17:59:00
12102,1476582318,10/15/2016 12:00:00 AM,15:45:18,540.28,67.0,30.47,34.0,55.33,4.5,06:17:00,17:59:00
12103,1476582021,10/15/2016 12:00:00 AM,15:40:21,559.45,68.0,30.47,38.0,13.1,4.5,06:17:00,17:59:00
12104,1476581720,10/15/2016 12:00:00 AM,15:35:20,582.34,67.0,30.47,28.0,33.88,4.5,06:17:00,17:59:00
12105,1476581421,10/15/2016 12:00:00 AM,15:30:21,601.84,68.0,30.47,33.0,336.45,3.37,06:17:00,17:59:00
12106,1476581120,10/15/2016 12:00:00 AM,15:25:20,617.61,68.0,30.47,28.0,356.05,9.0,06:17:00,17:59:00
12107,1476580822,10/15/2016 12:00:00 AM,15:20:22,636.87,67.0,30.47,20.0,33.52,5.62,06:17:00,17:59:00
12108,1476580520,10/15/2016 12:00:00 AM,15:15:20,652.92,67.0,30.47,33.0,81.14,3.37,06:17:00,17:59:00
12109,1476580222,10/15/2016 12:00:00 AM,15:10:22,670.63,67.0,30.47,39.0,3.6,2.25,06:17:00,17:59:00
12110,1476579920,10/15/2016 12:00:00 AM,15:05:20,688.73,67.0,30.47,42.0,19.62,5.62,06:17:00,17:59:00
12111,1476579622,10/15/2016 12:00:00 AM,15:00:22,705.75,67.0,30.48,39.0,39.74,6.75,06:17:00,17:59:00
12112,1476579321,10/15/2016 12:00:00 AM,14:55:21,720.47,68.0,30.48,38.0,30.18,4.5,06:17:00,17:59:00
12113,1476579023,10/15/2016 12:00:00 AM,14:50:23,737.62,69.0,30.48,27.0,336.45,6.75,06:17:00,17:59:00
12114,1476578720,10/15/2016 12:00:00 AM,14:45:20,755.94,69.0,30.48,21.0,9.25,6.75,06:17:00,17:59:00
12115,1476578423,10/15/2016 12:00:00 AM,14:40:23,771.35,69.0,30.48,26.0,35.77,5.62,06:17:00,17:59:00
12116,1476578120,10/15/2016 12:00:00 AM,14:35:20,786.71,69.0,30.48,25.0,27.09,4.5,06:17:00,17:59:00
12117,1476577823,10/15/2016 12:00:00 AM,14:30:23,801.87,69.0,30.48,24.0,37.52,6.75,06:17:00,17:59:00
12118,1476577523,10/15/2016 12:00:00 AM,14:25:23,815.48,68.0,30.47,32.0,359.93,3.37,06:17:00,17:59:00
12119,1476577218,10/15/2016 12:00:00 AM,14:20:18,826.96,68.0,30.48,38.0,5.62,6.75,06:17:00,17:59:00
12120,1476576921,10/15/2016 12:00:00 AM,14:15:21,838.16,68.0,30.48,36.0,5.2,6.229096658193317,06:17:00,17:59:00
12121,1476576622,10/15/2016 12:00:00 AM,14:10:22,848.47,68.0,30.48,74.83719267708949,345.76,1.12,06:17:00,17:59:00
12122,1476576323,10/15/2016 12:00:00 AM,14:05:23,864.08,68.0,30.48,37.0,13.89,6.75,06:17:00,17:59:00
12123,1476576023,10/15/2016 12:00:00 AM,14:00:23,874.01,68.0,30.48,37.0,359.93,5.62,06:17:00,17:59:00
12124,1476575723,10/15/2016 12:00:00 AM,13:55:23,884.59,68.0,30.48,40.0,24.58,18.0,06:17:00,17:59:00
12125,1476575419,10/15/2016 12:00:00 AM,13:50:19,900.53,69.0,30.48,41.0,34.71,9.0,06:17:00,17:59:00
12126,1476575120,10/15/2016 12:00:00 AM,13:45:20,908.64,69.0,30.48,40.0,43.6,6.75,06:17:00,17:59:00
12127,1476574818,10/15/2016 12:00:00 AM,13:40:18,921.91,69.0,30.48,37.0,28.32,13.5,06:17:00,17:59:00
12128,1476574520,10/15/2016 12:00:00 AM,13:35:20,930.5,70.0,30.48,36.0,27.93,7.87,06:17:00,17:59:00
12129,1476574221,10/15/2016 12:00:00 AM,13:30:21,938.2,70.0,30.48,34.0,10.4,10.12,06:17:00,17:59:00
12130,1476573920,10/15/2016 12:00:00 AM,13:25:20,946.83,70.0,30.48,32.0,41.76,5.62,06:17:00,17:59:00
12131,1476573318,10/15/2016 12:00:00 AM,13:15:18,962.93,69.0,30.48,39.0,55.25,4.5,06:17:00,17:59:00
12132,1476573020,10/15/2016 12:00:00 AM,13:10:20,967.31,69.0,30.49,40.0,0.11,6.75,06:17:00,17:59:00
12133,1476572720,10/15/2016 12:00:00 AM,13:05:20,975.57,69.0,30.49,43.0,33.26,7.87,06:17:00,17:59:00
12134,1476572419,10/15/2016 12:00:00 AM,13:00:19,978.08,51.16507236474315,30.49,42.0,15.02,4.5,06:17:00,17:59:00
12135,1476572121,10/15/2016 12:00:00 AM,12:55:21,983.67,68.0,30.49,42.0,348.42,7.87,06:17:00,17:59:00
12136,1476571823,10/15/2016 12:00:00 AM,12:50:23,990.75,67.0,30.49,49.0,38.69,12.37,06:17:00,17:59:00
12137,1476571519,10/15/2016 12:00:00 AM,12:45:19,994.57,67.0,30.49,48.0,0.11,4.5,06:17:00,17:59:00
12138,1476571222,10/15/2016 12:00:00 AM,12:40:22,996.12,68.0,30.5,46.0,45.74,13.5,06:17:00,17:59:00
12139,1476570920,10/15/2016 12:00:00 AM,12:35:20,999.14,69.0,30.5,43.0,26.59,7.87,06:17:00,17:59:00
12140,1476570622,10/15/2016 12:00:00 AM,12:30:22,1003.12,69.0,30.5,32.0,31.08,7.87,06:17:00,17:59:00
12141,1476570322,10/15/2016 12:00:00 AM,12:25:22,1006.42,70.0,30.5,25.0,71.61,9.0,06:17:00,17:59:00
12142,1476570024,10/15/2016 12:00:00 AM,12:20:24,1011.8,70.0,30.5,18.0,5.54,5.62,06:17:00,17:59:00
12143,1476569722,10/15/2016 12:00:00 AM,12:15:22,1010.36,70.0,30.5,19.0,91.25,3.37,06:17:00,17:59:00
12144,1476569425,10/15/2016 12:00:00 AM,12:10:25,1012.49,69.0,30.5,19.0,69.33,7.87,06:17:00,17:59:00
12145,1476569118,10/15/2016 12:00:00 AM,12:05:18,1010.92,69.0,30.5,23.0,87.51,6.75,06:17:00,17:59:00
12146,1476568819,10/15/2016 12:00:00 AM,12:00:19,1011.69,68.0,30.5,23.0,50.54,9.0,06:17:00,17:59:00
12147,1476568520,10/15/2016 12:00:00 AM,11:55:20,1006.46,68.0,30.51,27.0,103.7,9.0,06:17:00,17:59:00
12148,1476568222,10/15/2016 12:00:00 AM,11:50:22,1008.57,67.0,30.51,36.0,337.76,5.62,06:17:00,17:59:00
12149,1476567918,10/15/2016 12:00:00 AM,11:45:18,1002.68,67.0,30.51,37.0,69.18,5.62,06:17:00,17:59:00
12150,1476567620,10/15/2016 12:00:00 AM,11:40:20,997.08,67.0,30.51,41.0,99.87,9.0,06:17:00,17:59:00
12151,1476567323,10/15/2016 12:00:00 AM,11:35:23,996.02,67.0,30.51,36.0,0.88,7.87,06:17:00,17:59:00
12152,1476567019,10/15/2016 12:00:00 AM,11:30:19,993.74,67.0,30.51,28.0,77.84,7.87,06:17:00,17:59:00
12153,1476566721,10/15/2016 12:00:00 AM,11:25:21,989.44,67.0,30.52,30.0,16.62,6.75,06:17:00,17:59:00
12154,1476566421,10/15/2016 12:00:00 AM,11:20:21,986.31,66.0,30.52,29.0,72.25,10.12,06:17:00,17:59:00
12155,1476565820,10/15/2016 12:00:00 AM,11:10:20,970.42,65.0,30.52,40.0,19.38,9.0,06:17:00,17:59:00
12156,1476565522,10/15/2016 12:00:00 AM,11:05:22,963.67,65.0,30.52,36.0,72.38,9.0,06:17:00,17:59:00
12157,1476565224,10/15/2016 12:00:00 AM,11:00:24,955.69,64.0,30.52,41.0,33.74,7.87,06:17:00,17:59:00
12158,1476564922,10/15/2016 12:00:00 AM,10:55:22,946.57,64.0,30.52,47.0,51.78,7.87,06:17:00,17:59:00
12159,1476564619,10/15/2016 12:00:00 AM,10:50:19,940.17,65.0,30.52,43.0,17.34,7.87,06:17:00,17:59:00
12160,1476564324,10/15/2016 12:00:00 AM,10:45:24,933.5,66.0,30.52,32.0,33.99,5.62,06:17:00,17:59:00
12161,1476564020,10/15/2016 12:00:00 AM,10:40:20,924.36,66.0,30.52,28.0,20.64,9.0,06:17:00,17:59:00
12162,1476563718,10/15/2016 12:00:00 AM,10:35:18,915.85,66.0,30.52,25.0,104.3,7.87,06:17:00,17:59:00
12163,1476563426,10/15/2016 12:00:00 AM,10:30:26,905.76,66.0,30.52,22.0,35.28,11.25,06:17:00,17:59:00
12164,1476563121,10/15/2016 12:00:00 AM,10:25:21,896.94,66.0,30.52,25.0,11.95,7.87,06:17:00,17:59:00
12165,1476562825,10/15/2016 12:00:00 AM,10:20:25,883.96,66.0,30.52,27.0,28.49,6.75,06:17:00,17:59:00
12166,1476562522,10/15/2016 12:00:00 AM,10:15:22,874.44,66.0,30.52,23.0,23.96,11.25,06:17:00,17:59:00
12167,1476562223,10/15/2016 12:00:00 AM,10:10:23,862.66,66.0,30.52,22.0,1.04,5.62,06:17:00,17:59:00
12168,1476561918,10/15/2016 12:00:00 AM,10:05:18,851.16,66.0,30.52,19.0,32.97,5.62,06:17:00,17:59:00
12169,1476561619,10/15/2016 12:00:00 AM,10:00:19,838.27,66.0,30.52,18.0,23.67,7.87,06:17:00,17:59:00
12170,1476561321,10/15/2016 12:00:00 AM,09:55:21,823.61,66.0,30.52,21.0,61.31,11.25,06:17:00,17:59:00
12171,1476561019,10/15/2016 12:00:00 AM,09:50:19,813.08,66.0,30.52,16.0,56.06,2.25,06:17:00,17:59:00
12172,1476560719,10/15/2016 12:00:00 AM,09:45:19,799.32,66.0,30.51,16.0,57.09,5.62,06:17:00,17:59:00
12173,1476560420,10/15/2016 12:00:00 AM,09:40:20,784.89,66.0,30.51,14.0,58.12,4.5,06:17:00,17:59:00
12174,1476560119,10/15/2016 12:00:00 AM,09:35:19,770.97,65.0,30.52,14.0,39.97,9.0,06:17:00,17:59:00
12175,1476559820,10/15/2016 12:00:00 AM,09:30:20,756.82,65.0,30.52,13.0,13.8,3.37,06:17:00,17:59:00
12176,1476559518,10/15/2016 12:00:00 AM,09:25:18,741.9,65.0,30.52,13.0,11.43,4.5,06:17:00,17:59:00
12177,1476559219,10/15/2016 12:00:00 AM,09:20:19,724.62,65.0,30.52,14.0,30.65,4.5,06:17:00,17:59:00
12178,1476558923,10/15/2016 12:00:00 AM,09:15:23,709.97,64.0,30.52,15.0,140.72,3.37,06:17:00,17:59:00
12179,1476558622,10/15/2016 12:00:00 AM,09:10:22,692.82,64.0,30.52,17.0,0.26,4.5,06:17:00,17:59:00
12180,1476558320,10/15/2016 12:00:00 AM,09:05:20,674.16,64.0,30.52,15.0,33.61,5.62,06:17:00,17:59:00
12181,1476558021,10/15/2016 12:00:00 AM,09:00:21,655.78,65.0,30.52,18.0,26.0,7.87,06:17:00,17:59:00
12182,1476557721,10/15/2016 12:00:00 AM,08:55:21,638.29,65.0,30.51,19.0,21.21,3.37,06:17:00,17:59:00
12183,1476557423,10/15/2016 12:00:00 AM,08:50:23,621.65,65.0,30.51,11.0,95.75,3.37,06:17:00,17:59:00
12184,1476557123,10/15/2016 12:00:00 AM,08:45:23,603.24,65.0,30.51,11.0,80.79,5.62,06:17:00,17:59:00
12185,1476556821,10/15/2016 12:00:00 AM,08:40:21,584.42,64.0,30.51,12.0,67.73,3.37,06:17:00,17:59:00
12186,1476556521,10/15/2016 12:00:00 AM,08:35:21,565.04,64.0,30.51,13.0,99.06,5.62,06:17:00,17:59:00
12187,1476556221,10/15/2016 12:00:00 AM,08:30:21,546.26,64.0,30.51,13.0,23.21,5.62,06:17:00,17:59:00
12188,1476555921,10/15/2016 12:00:00 AM,08:25:21,526.94,64.0,30.5,13.0,54.73,5.62,06:17:00,17:59:00
12189,1476555622,10/15/2016 12:00:00 AM,08:20:22,507.06,64.0,30.5,13.0,98.53,4.5,06:17:00,17:59:00
12190,1476555329,10/15/2016 12:00:00 AM,08:15:29,487.55,64.0,30.5,14.0,7.09,4.5,06:17:00,17:59:00
12191,1476555019,10/15/2016 12:00:00 AM,08:10:19,466.7,64.0,30.5,13.0,157.69,2.25,06:17:00,17:59:00
12192,1476554725,10/15/2016 12:00:00 AM,08:05:25,446.15,63.0,30.5,14.0,68.74,4.5,06:17:00,17:59:00
12193,1476554420,10/15/2016 12:00:00 AM,08:00:20,425.1,62.0,30.5,12.0,65.75,1.12,06:17:00,17:59:00
12194,1476554119,10/15/2016 12:00:00 AM,07:55:19,404.42,61.0,30.5,13.0,100.83,4.5,06:17:00,17:59:00
12195,1476553820,10/15/2016 12:00:00 AM,07:50:20,382.35,60.0,30.49,15.0,144.15,1.12,06:17:00,17:59:00
12196,1476553524,10/15/2016 12:00:00 AM,07:45:24,361.44,58.0,30.49,17.0,129.07,3.37,06:17:00,17:59:00
12197,1476553221,10/15/2016 12:00:00 AM,07:40:21,339.34,57.0,30.49,18.0,171.49,3.37,06:17:00,17:59:00
12198,1476552922,10/15/2016 12:00:00 AM,07:35:22,314.83,56.0,30.49,19.0,152.69,6.75,06:17:00,17:59:00
12199,1476552627,10/15/2016 12:00:00 AM,07:30:27,287.99,55.0,30.49,20.0,169.66,6.75,06:17:00,17:59:00
12200,1476552321,10/15/2016 12:00:00 AM,07:25:21,258.94,54.0,30.49,21.0,149.49,6.75,06:17:00,17:59:00
12201,1476552026,10/15/2016 12:00:00 AM,07:20:26,24.11,53.0,30.49,22.0,185.32,7.87,06:17:00,17:59:00
12202,1476551720,10/15/2016 12:00:00 AM,07:15:20,22.19,52.0,30.49,23.0,166.42,5.62,06:17:00,17:59:00
12203,1476551422,10/15/2016 12:00:00 AM,07:10:22,21.37,52.0,30.49,24.0,169.22,6.75,06:17:00,17:59:00
12204,1476551119,10/15/2016 12:00:00 AM,07:05:19,20.72,51.0,30.48,24.0,165.46,4.5,06:17:00,17:59:00
12205,1476550818,10/15/2016 12:00:00 AM,07:00:18,19.81,50.0,30.48,25.0,152.11,6.75,06:17:00,17:59:00
12206,1476550521,10/15/2016 12:00:00 AM,06:55:21,18.96,50.0,30.48,25.0,169.54,6.75,06:17:00,17:59:00
12207,1476550223,10/15/2016 12:00:00 AM,06:50:23,17.94,49.0,30.48,26.0,158.99,6.75,06:17:00,17:59:00
12208,1476549919,10/15/2016 12:00:00 AM,06:45:19,16.72,49.0,30.48,26.0,172.96,7.87,06:17:00,17:59:00
12209,1476549620,10/15/2016 12:00:00 AM,06:40:20,15.3,49.0,30.48,26.0,179.67,7.87,06:17:00,17:59:00
12210,1476549320,10/15/2016 12:00:00 AM,06:35:20,13.75,49.0,30.48,26.0,179.08,7.87,06:17:00,17:59:00
12211,1476549020,10/15/2016 12:00:00 AM,06:30:20,11.91,49.0,30.47,26.0,183.85,7.87,06:17:00,17:59:00
12212,1476548722,10/15/2016 12:00:00 AM,06:25:22,9.92,49.0,30.47,26.0,176.3,7.87,06:17:00,17:59:00
12213,1476548423,10/15/2016 12:00:00 AM,06:20:23,7.72,48.0,30.47,26.0,166.4,6.75,06:17:00,17:59:00
12214,1476548118,10/15/2016 12:00:00 AM,06:15:18,5.54,49.0,30.47,26.0,197.09,7.87,06:17:00,17:59:00
12215,1476547822,10/15/2016 12:00:00 AM,06:10:22,3.41,49.0,30.47,26.0,191.1,5.62,06:17:00,17:59:00
12216,1476547518,10/15/2016 12:00:00 AM,06:05:18,1.83,49.0,30.47,25.0,182.15,5.62,06:17:00,17:59:00
12217,1476547219,10/15/2016 12:00:00 AM,06:00:19,1.24,49.0,30.47,25.0,182.84,6.75,06:17:00,17:59:00
12218,1476546919,10/15/2016 12:00:00 AM,05:55:19,1.21,49.0,30.47,24.0,170.54,9.0,06:17:00,17:59:00
12219,1476546625,10/15/2016 12:00:00 AM,05:50:25,1.21,49.0,30.47,24.0,167.52,6.75,06:17:00,17:59:00
12220,1476546320,10/15/2016 12:00:00 AM,05:45:20,1.2,49.0,30.47,24.0,190.01,7.87,06:17:00,17:59:00
12221,1476546019,10/15/2016 12:00:00 AM,05:40:19,1.21,50.0,30.47,24.0,183.17,6.75,06:17:00,17:59:00
12222,1476545725,10/15/2016 12:00:00 AM,05:35:25,1.2,50.0,30.47,24.0,189.62,5.62,06:17:00,17:59:00
12223,1476545425,10/15/2016 12:00:00 AM,05:30:25,1.21,50.0,30.47,24.0,154.77,9.0,06:17:00,17:59:00
12224,1476545125,10/15/2016 12:00:00 AM,05:25:25,1.22,50.0,30.47,24.0,155.28,9.0,06:17:00,17:59:00
12225,1476544825,10/15/2016 12:00:00 AM,05:20:25,1.22,50.0,30.47,23.0,181.3,7.87,06:17:00,17:59:00
12226,1476544526,10/15/2016 12:00:00 AM,05:15:26,1.2,50.0,30.46,23.0,194.8,7.87,06:17:00,17:59:00
12227,1476544219,10/15/2016 12:00:00 AM,05:10:19,1.2,50.0,30.46,24.0,178.45,7.87,06:17:00,17:59:00
12228,1476543918,10/15/2016 12:00:00 AM,05:05:18,1.2,50.0,30.46,23.0,180.15,6.75,06:17:00,17:59:00
12229,1476543622,10/15/2016 12:00:00 AM,05:00:22,1.21,51.0,30.46,23.0,189.03,7.87,06:17:00,17:59:00
12230,1476543319,10/15/2016 12:00:00 AM,04:55:19,1.21,51.0,30.46,23.0,181.58,6.75,06:17:00,17:59:00
12231,1476543023,10/15/2016 12:00:00 AM,04:50:23,1.22,50.0,30.46,23.0,165.66,9.0,06:17:00,17:59:00
12232,1476542724,10/15/2016 12:00:00 AM,04:45:24,1.22,50.0,30.46,74.83719267708949,178.09,7.87,06:17:00,17:59:00
12233,1476542418,10/15/2016 12:00:00 AM,04:40:18,1.2,50.0,30.46,23.0,186.86,5.62,06:17:00,17:59:00
12234,1476542122,10/15/2016 12:00:00 AM,04:35:22,1.22,50.0,30.46,24.0,195.32,7.87,06:17:00,17:59:00
12235,1476541825,10/15/2016 12:00:00 AM,04:30:25,1.2,50.0,30.46,24.0,192.61,6.75,06:17:00,17:59:00
12236,1476541520,10/15/2016 12:00:00 AM,04:25:20,1.21,50.0,30.46,24.0,192.29,6.75,06:17:00,17:59:00
12237,1476541222,10/15/2016 12:00:00 AM,04:20:22,1.24,50.0,30.46,25.0,188.47,9.0,06:17:00,17:59:00
12238,1476540919,10/15/2016 12:00:00 AM,04:15:19,1.22,50.0,30.46,25.0,187.62,7.87,06:17:00,17:59:00
12239,1476540620,10/15/2016 12:00:00 AM,04:10:20,1.22,50.0,30.46,25.0,182.26,9.0,06:17:00,17:59:00
12240,1476540320,10/15/2016 12:00:00 AM,04:05:20,1.19,50.0,30.46,25.0,196.93,9.0,06:17:00,17:59:00
12241,1476540021,10/15/2016 12:00:00 AM,04:00:21,1.22,50.0,30.46,25.0,188.43,7.87,06:17:00,17:59:00
12242,1476539720,10/15/2016 12:00:00 AM,03:55:20,1.25,50.0,30.46,25.0,181.29,9.0,06:17:00,17:59:00
12243,1476539422,10/15/2016 12:00:00 AM,03:50:22,1.22,50.0,30.46,25.0,187.54,11.25,06:17:00,17:59:00
12244,1476539128,10/15/2016 12:00:00 AM,03:45:28,1.22,50.0,30.46,25.0,187.44,12.37,06:17:00,17:59:00
12245,1476538823,10/15/2016 12:00:00 AM,03:40:23,1.21,50.0,30.46,25.0,182.9,9.0,06:17:00,17:59:00
12246,1476538520,10/15/2016 12:00:00 AM,03:35:20,1.23,50.0,30.46,25.0,190.64,11.25,06:17:00,17:59:00
12247,1476538226,10/15/2016 12:00:00 AM,03:30:26,1.23,50.0,30.46,25.0,198.28,11.25,06:17:00,17:59:00
12248,1476537924,10/15/2016 12:00:00 AM,03:25:24,1.22,50.0,30.46,26.0,193.09,7.87,06:17:00,17:59:00
12249,1476537324,10/15/2016 12:00:00 AM,03:15:24,1.23,50.0,30.46,26.0,186.59,6.75,06:17:00,17:59:00
12250,1476537019,10/15/2016 12:00:00 AM,03:10:19,1.23,50.0,30.46,25.0,159.57,6.75,06:17:00,17:59:00
12251,1476536720,10/15/2016 12:00:00 AM,03:05:20,1.25,50.0,30.46,25.0,179.52,7.87,06:17:00,17:59:00
12252,1476536422,10/15/2016 12:00:00 AM,03:00:22,1.23,50.0,30.46,26.0,182.81,6.75,06:17:00,17:59:00
12253,1476536121,10/15/2016 12:00:00 AM,02:55:21,1.22,50.0,30.46,26.0,173.37,9.0,06:17:00,17:59:00
12254,1476535825,10/15/2016 12:00:00 AM,02:50:25,1.23,50.0,30.47,26.0,188.69,6.75,06:17:00,17:59:00
12255,1476535520,10/15/2016 12:00:00 AM,02:45:20,1.23,50.0,30.47,27.0,187.56,6.75,06:17:00,17:59:00
12256,1476535220,10/15/2016 12:00:00 AM,02:40:20,1.21,50.0,30.47,26.0,183.4,5.62,06:17:00,17:59:00
12257,1476534921,10/15/2016 12:00:00 AM,02:35:21,1.21,50.0,30.47,26.0,167.34,5.62,06:17:00,17:59:00
12258,1476534627,10/15/2016 12:00:00 AM,02:30:27,1.21,49.0,30.47,26.0,156.28,7.87,06:17:00,17:59:00
12259,1476534322,10/15/2016 12:00:00 AM,02:25:22,1.23,49.0,30.47,26.0,173.13,4.5,06:17:00,17:59:00
12260,1476534026,10/15/2016 12:00:00 AM,02:20:26,1.21,49.0,30.47,27.0,177.73,5.62,06:17:00,17:59:00
12261,1476533718,10/15/2016 12:00:00 AM,02:15:18,1.22,49.0,30.47,27.0,180.87,5.62,06:17:00,17:59:00
12262,1476533423,10/15/2016 12:00:00 AM,02:10:23,1.22,49.0,30.47,28.0,158.73,6.75,06:17:00,17:59:00
12263,1476533123,10/15/2016 12:00:00 AM,02:05:23,1.21,49.0,30.47,29.0,164.93,10.12,06:17:00,17:59:00
12264,1476532821,10/15/2016 12:00:00 AM,02:00:21,1.22,49.0,30.48,28.0,179.2,5.62,06:17:00,17:59:00
12265,1476532521,10/15/2016 12:00:00 AM,01:55:21,1.21,50.0,30.48,27.0,162.52,5.62,06:17:00,17:59:00
12266,1476532224,10/15/2016 12:00:00 AM,01:50:24,1.21,50.0,30.48,27.0,184.32,5.62,06:17:00,17:59:00
12267,1476531924,10/15/2016 12:00:00 AM,01:45:24,1.22,49.0,30.48,27.0,191.05,5.62,06:17:00,17:59:00
12268,1476531618,10/15/2016 12:00:00 AM,01:40:18,1.2,49.0,30.48,28.0,180.86,7.87,06:17:00,17:59:00
12269,1476531319,10/15/2016 12:00:00 AM,01:35:19,1.21,49.0,30.48,27.0,163.0,6.75,06:17:00,17:59:00
12270,1476531019,10/15/2016 12:00:00 AM,01:30:19,1.22,49.0,30.48,28.0,166.28,5.62,06:17:00,17:59:00
12271,1476530720,10/15/2016 12:00:00 AM,01:25:20,1.22,50.0,30.48,27.0,173.01,4.5,06:17:00,17:59:00
12272,1476530422,10/15/2016 12:00:00 AM,01:20:22,1.23,50.0,30.48,27.0,154.3,6.75,06:17:00,17:59:00
12273,1476530120,10/15/2016 12:00:00 AM,01:15:20,1.22,50.0,30.48,27.0,172.01,5.62,06:17:00,17:59:00
12274,1476529822,10/15/2016 12:00:00 AM,01:10:22,1.21,49.0,30.49,27.0,183.81,5.62,06:17:00,17:59:00
12275,1476529519,10/15/2016 12:00:00 AM,01:05:19,1.21,49.0,30.49,28.0,167.27,9.0,06:17:00,17:59:00
12276,1476529222,10/15/2016 12:00:00 AM,01:00:22,1.2,50.0,30.49,27.0,177.34,6.75,06:17:00,17:59:00
12277,1476528922,10/15/2016 12:00:00 AM,00:55:22,1.21,50.0,30.49,28.0,175.97,6.75,06:17:00,17:59:00
12278,1476528622,10/15/2016 12:00:00 AM,00:50:22,1.2,50.0,30.49,27.0,177.82,7.87,06:17:00,17:59:00
12279,1476528323,10/15/2016 12:00:00 AM,00:45:23,1.27,50.0,30.49,27.0,149.58,7.87,06:17:00,17:59:00
12280,1476528020,10/15/2016 12:00:00 AM,00:40:20,1.24,50.0,30.49,27.0,168.55,7.87,06:17:00,17:59:00
12281,1476527722,10/15/2016 12:00:00 AM,00:35:22,1.22,50.0,30.49,26.0,163.84,5.62,06:17:00,17:59:00
12282,1476527425,10/15/2016 12:00:00 AM,00:30:25,1.25,50.0,30.49,26.0,175.15,7.87,06:17:00,17:59:00
12283,1476525623,10/15/2016 12:00:00 AM,00:00:23,1.21,52.0,30.5,23.0,164.96,5.62,06:17:00,17:59:00
12284,1476525320,10/14/2016 12:00:00 AM,23:55:20,1.25,52.0,30.5,24.0,175.51,6.75,06:17:00,18:00:00
12285,1476525019,10/14/2016 12:00:00 AM,23:50:19,1.27,52.0,30.5,22.0,128.82,4.5,06:17:00,18:00:00
12286,1476524723,10/14/2016 12:00:00 AM,23:45:23,1.23,53.0,30.5,22.0,154.23,4.5,06:17:00,18:00:00
12287,1476524424,10/14/2016 12:00:00 AM,23:40:24,1.23,53.0,30.5,22.0,157.28,4.5,06:17:00,18:00:00
12288,1476524123,10/14/2016 12:00:00 AM,23:35:23,1.23,52.0,30.5,22.0,159.18,7.87,06:17:00,18:00:00
12289,1476523821,10/14/2016 12:00:00 AM,23:30:21,1.25,52.0,30.5,23.0,181.62,7.87,06:17:00,18:00:00
12290,1476523523,10/14/2016 12:00:00 AM,23:25:23,1.25,52.0,30.5,23.0,162.55,10.12,06:17:00,18:00:00
12291,1476523224,10/14/2016 12:00:00 AM,23:20:24,1.23,52.0,30.5,23.0,150.43,6.75,06:17:00,18:00:00
12292,1476522924,10/14/2016 12:00:00 AM,23:15:24,1.24,52.0,30.5,24.0,166.11,6.75,06:17:00,18:00:00
12293,1476522618,10/14/2016 12:00:00 AM,23:10:18,1.21,52.0,30.5,24.0,166.73,9.0,06:17:00,18:00:00
12294,1476522322,10/14/2016 12:00:00 AM,23:05:22,1.23,52.0,30.5,24.0,159.31,9.0,06:17:00,18:00:00
12295,1476522018,10/14/2016 12:00:00 AM,23:00:18,1.19,52.0,30.5,24.0,189.98,9.0,06:17:00,18:00:00
12296,1476521722,10/14/2016 12:00:00 AM,22:55:22,1.19,53.0,30.5,23.0,144.18,9.0,06:17:00,18:00:00
12297,1476521420,10/14/2016 12:00:00 AM,22:50:20,1.2,53.0,30.5,23.0,166.92,7.87,06:17:00,18:00:00
12298,1476521121,10/14/2016 12:00:00 AM,22:45:21,1.19,52.0,30.5,23.0,147.03,5.62,06:17:00,18:00:00
12299,1476520822,10/14/2016 12:00:00 AM,22:40:22,1.23,52.0,30.5,23.0,159.13,7.87,06:17:00,18:00:00
12300,1476520523,10/14/2016 12:00:00 AM,22:35:23,1.24,52.0,30.5,23.0,172.28,9.0,06:17:00,18:00:00
12301,1476520221,10/14/2016 12:00:00 AM,22:30:21,1.25,52.0,30.51,24.0,169.34,9.0,06:17:00,18:00:00
12302,1476519919,10/14/2016 12:00:00 AM,22:25:19,1.23,52.0,30.51,23.0,170.86,9.0,06:17:00,18:00:00
12303,1476519622,10/14/2016 12:00:00 AM,22:20:22,1.23,52.0,30.51,23.0,164.98,10.12,06:17:00,18:00:00
12304,1476519322,10/14/2016 12:00:00 AM,22:15:22,1.24,52.0,30.51,24.0,156.48,10.12,06:17:00,18:00:00
12305,1476519020,10/14/2016 12:00:00 AM,22:10:20,1.21,52.0,30.51,23.0,148.53,6.75,06:17:00,18:00:00
12306,1476518723,10/14/2016 12:00:00 AM,22:05:23,1.2,52.0,30.51,24.0,171.88,7.87,06:17:00,18:00:00
12307,1476518427,10/14/2016 12:00:00 AM,22:00:27,1.21,52.0,30.51,24.0,145.7,3.37,06:17:00,18:00:00
12308,1476518122,10/14/2016 12:00:00 AM,21:55:22,1.23,51.0,30.51,24.0,155.6,9.0,06:17:00,18:00:00
12309,1476517820,10/14/2016 12:00:00 AM,21:50:20,1.23,51.0,30.51,25.0,137.68,7.87,06:17:00,18:00:00
12310,1476517522,10/14/2016 12:00:00 AM,21:45:22,1.24,51.0,30.51,26.0,167.99,9.0,06:17:00,18:00:00
12311,1476517221,10/14/2016 12:00:00 AM,21:40:21,1.22,51.0,30.51,26.0,151.7,5.62,06:17:00,18:00:00
12312,1476516921,10/14/2016 12:00:00 AM,21:35:21,1.22,51.0,30.51,25.0,174.76,4.5,06:17:00,18:00:00
12313,1476516621,10/14/2016 12:00:00 AM,21:30:21,1.22,51.0,30.51,25.0,139.46,6.75,06:17:00,18:00:00
12314,1476516321,10/14/2016 12:00:00 AM,21:25:21,1.2,51.0,30.51,25.0,143.53,7.87,06:17:00,18:00:00
12315,1476516022,10/14/2016 12:00:00 AM,21:20:22,1.22,51.0,30.51,26.0,160.09,7.87,06:17:00,18:00:00
12316,1476515722,10/14/2016 12:00:00 AM,21:15:22,1.21,51.0,30.51,25.0,133.37,3.37,06:17:00,18:00:00
12317,1476515421,10/14/2016 12:00:00 AM,21:10:21,1.24,51.0,30.51,25.0,118.42,5.62,06:17:00,18:00:00
12318,1476515124,10/14/2016 12:00:00 AM,21:05:24,1.24,51.0,30.5,26.0,149.63,3.37,06:17:00,18:00:00
12319,1476514820,10/14/2016 12:00:00 AM,21:00:20,1.21,51.0,30.5,26.0,184.51,4.5,06:17:00,18:00:00
12320,1476514519,10/14/2016 12:00:00 AM,20:55:19,1.24,52.0,30.5,26.0,140.31,5.62,06:17:00,18:00:00
12321,1476514226,10/14/2016 12:00:00 AM,20:50:26,1.21,52.0,30.5,26.0,144.24,5.62,06:17:00,18:00:00
12322,1476513923,10/14/2016 12:00:00 AM,20:45:23,1.22,52.0,30.5,25.0,144.69,5.62,06:17:00,18:00:00
12323,1476513620,10/14/2016 12:00:00 AM,20:40:20,1.22,52.0,30.5,24.0,169.67,2.25,06:17:00,18:00:00
12324,1476513317,10/14/2016 12:00:00 AM,20:35:17,1.22,52.0,30.5,25.0,179.58,3.37,06:17:00,18:00:00
12325,1476513028,10/14/2016 12:00:00 AM,20:30:28,1.23,52.0,30.5,25.0,198.96,4.5,06:17:00,18:00:00
12326,1476512719,10/14/2016 12:00:00 AM,20:25:19,1.23,52.0,30.5,25.0,159.91,5.62,06:17:00,18:00:00
12327,1476512420,10/14/2016 12:00:00 AM,20:20:20,1.26,52.0,30.5,26.0,106.7,7.87,06:17:00,18:00:00
12328,1476512119,10/14/2016 12:00:00 AM,20:15:19,1.19,52.0,30.5,26.0,168.74,7.87,06:17:00,18:00:00
12329,1476511820,10/14/2016 12:00:00 AM,20:10:20,1.25,52.0,30.5,26.0,157.52,5.62,06:17:00,18:00:00
12330,1476511521,10/14/2016 12:00:00 AM,20:05:21,1.25,53.0,30.5,26.0,142.86,5.62,06:17:00,18:00:00
12331,1476511220,10/14/2016 12:00:00 AM,20:00:20,1.22,53.0,30.5,26.0,112.14,6.75,06:17:00,18:00:00
12332,1476510924,10/14/2016 12:00:00 AM,19:55:24,1.21,53.0,30.49,26.0,169.47,6.75,06:17:00,18:00:00
12333,1476510623,10/14/2016 12:00:00 AM,19:50:23,1.28,53.0,30.49,26.0,167.07,6.75,06:17:00,18:00:00
12334,1476510319,10/14/2016 12:00:00 AM,19:45:19,1.24,53.0,30.49,26.0,152.94,6.75,06:17:00,18:00:00
12335,1476510022,10/14/2016 12:00:00 AM,19:40:22,1.22,53.0,30.49,25.0,164.88,6.75,06:17:00,18:00:00
12336,1476509719,10/14/2016 12:00:00 AM,19:35:19,1.23,53.0,30.49,26.0,151.14,6.75,06:17:00,18:00:00
12337,1476509418,10/14/2016 12:00:00 AM,19:30:18,1.22,53.0,30.49,25.0,140.15,5.62,06:17:00,18:00:00
12338,1476509126,10/14/2016 12:00:00 AM,19:25:26,1.23,54.0,30.48,24.0,136.7,4.5,06:17:00,18:00:00
12339,1476508818,10/14/2016 12:00:00 AM,19:20:18,1.24,54.0,30.48,24.0,142.53,2.25,06:17:00,18:00:00
12340,1476508521,10/14/2016 12:00:00 AM,19:15:21,1.25,54.0,30.48,26.0,168.82,2.25,06:17:00,18:00:00
12341,1476508222,10/14/2016 12:00:00 AM,19:10:22,1.24,54.0,30.48,26.0,139.81,3.37,06:17:00,18:00:00
12342,1476507922,10/14/2016 12:00:00 AM,19:05:22,1.28,54.0,30.48,26.0,125.41,5.62,06:17:00,18:00:00
12343,1476507619,10/14/2016 12:00:00 AM,19:00:19,1.2,55.0,30.48,26.0,127.34,4.5,06:17:00,18:00:00
12344,1476507320,10/14/2016 12:00:00 AM,18:55:20,1.27,55.0,30.48,25.0,123.74,5.62,06:17:00,18:00:00
12345,1476507021,10/14/2016 12:00:00 AM,18:50:21,1.24,55.0,30.48,24.0,130.0,9.0,06:17:00,18:00:00
12346,1476506720,10/14/2016 12:00:00 AM,18:45:20,1.22,55.0,30.48,25.0,114.7,6.75,06:17:00,18:00:00
12347,1476506421,10/14/2016 12:00:00 AM,18:40:21,1.22,56.0,30.48,26.0,119.35,6.75,06:17:00,18:00:00
12348,1476506123,10/14/2016 12:00:00 AM,18:35:23,1.25,56.0,30.47,24.0,126.76,7.87,06:17:00,18:00:00
12349,1476505818,10/14/2016 12:00:00 AM,18:30:18,1.26,56.0,30.47,27.0,107.66,3.37,06:17:00,18:00:00
12350,1476505518,10/14/2016 12:00:00 AM,18:25:18,1.24,56.0,30.47,28.0,118.98,6.75,06:17:00,18:00:00
12351,1476505221,10/14/2016 12:00:00 AM,18:20:21,1.26,57.0,30.47,29.0,117.57,7.87,06:17:00,18:00:00
12352,1476504919,10/14/2016 12:00:00 AM,18:15:19,1.26,57.0,30.47,31.0,88.36,1.12,06:17:00,18:00:00
12353,1476504623,10/14/2016 12:00:00 AM,18:10:23,1.93,57.0,30.47,30.0,91.2,4.5,06:17:00,18:00:00
12354,1476504319,10/14/2016 12:00:00 AM,18:05:19,3.51,58.0,30.47,35.0,114.38,4.5,06:17:00,18:00:00
12355,1476504022,10/14/2016 12:00:00 AM,18:00:22,5.55,58.0,30.47,33.0,67.51,2.25,06:17:00,18:00:00
12356,1476503723,10/14/2016 12:00:00 AM,17:55:23,7.85,59.0,30.46,34.0,110.1,5.62,06:17:00,18:00:00
12357,1476503429,10/14/2016 12:00:00 AM,17:50:29,10.04,60.0,30.46,38.0,10.83,0.0,06:17:00,18:00:00
12358,1476503121,10/14/2016 12:00:00 AM,17:45:21,22.5,61.0,30.46,37.0,79.41,2.25,06:17:00,18:00:00
12359,1476502820,10/14/2016 12:00:00 AM,17:40:20,26.76,61.0,30.46,40.0,94.68,2.25,06:17:00,18:00:00
12360,1476502530,10/14/2016 12:00:00 AM,17:35:30,36.06,62.0,30.46,34.0,33.88,9.0,06:17:00,18:00:00
12361,1476502226,10/14/2016 12:00:00 AM,17:30:26,53.73,62.0,30.46,37.0,33.77,6.75,06:17:00,18:00:00
12362,1476501921,10/14/2016 12:00:00 AM,17:25:21,74.12,63.0,30.46,27.0,24.62,4.5,06:17:00,18:00:00
12363,1476501619,10/14/2016 12:00:00 AM,17:20:19,96.23,63.0,30.46,31.0,121.82,4.5,06:17:00,18:00:00
12364,1476501323,10/14/2016 12:00:00 AM,17:15:23,120.66,63.0,30.46,31.0,50.04,3.37,06:17:00,18:00:00
12365,1476501022,10/14/2016 12:00:00 AM,17:10:22,146.89,63.0,30.46,38.0,91.27,5.62,06:17:00,18:00:00
12366,1476500721,10/14/2016 12:00:00 AM,17:05:21,175.1,63.0,30.46,39.0,49.87,3.37,06:17:00,18:00:00
12367,1476500422,10/14/2016 12:00:00 AM,17:00:22,203.61,63.0,30.46,35.0,41.89,1.12,06:17:00,18:00:00
12368,1476500121,10/14/2016 12:00:00 AM,16:55:21,233.04,63.0,30.46,29.0,284.13,3.37,06:17:00,18:00:00
12369,1476499826,10/14/2016 12:00:00 AM,16:50:26,261.77,62.0,30.46,35.0,87.2,4.5,06:17:00,18:00:00
12370,1476499522,10/14/2016 12:00:00 AM,16:45:22,289.97,62.0,30.46,41.0,91.26,6.75,06:17:00,18:00:00
12371,1476499222,10/14/2016 12:00:00 AM,16:40:22,316.58,62.0,30.46,40.0,92.85,3.37,06:17:00,18:00:00
12372,1476498921,10/14/2016 12:00:00 AM,16:35:21,339.61,51.16507236474315,30.46,40.0,77.1,2.25,06:17:00,18:00:00
12373,1476498623,10/14/2016 12:00:00 AM,16:30:23,360.56,62.0,30.45,51.0,75.83,9.0,06:17:00,18:00:00
12374,1476498321,10/14/2016 12:00:00 AM,16:25:21,381.62,62.0,30.45,56.0,93.86,7.87,06:17:00,18:00:00
12375,1476498021,10/14/2016 12:00:00 AM,16:20:21,403.73,62.0,30.46,54.0,6.69,5.62,06:17:00,18:00:00
12376,1476497724,10/14/2016 12:00:00 AM,16:15:24,423.05,63.0,30.46,49.0,19.48,6.75,06:17:00,18:00:00
12377,1476497420,10/14/2016 12:00:00 AM,16:10:20,445.17,63.0,30.45,51.0,56.14,10.12,06:17:00,18:00:00
12378,1476497121,10/14/2016 12:00:00 AM,16:05:21,465.57,63.0,30.45,43.0,65.4,7.87,06:17:00,18:00:00
12379,1476496819,10/14/2016 12:00:00 AM,16:00:19,486.67,63.0,30.45,49.0,70.98,4.5,06:17:00,18:00:00
12380,1476496521,10/14/2016 12:00:00 AM,15:55:21,507.01,63.0,30.45,50.0,61.47,5.62,06:17:00,18:00:00
12381,1476496219,10/14/2016 12:00:00 AM,15:50:19,524.79,63.0,30.45,50.0,359.73,5.62,06:17:00,18:00:00
12382,1476495918,10/14/2016 12:00:00 AM,15:45:18,548.05,62.0,30.45,48.0,48.29,7.87,06:17:00,18:00:00
12383,1476495625,10/14/2016 12:00:00 AM,15:40:25,564.76,62.0,30.45,50.0,4.21,7.87,06:17:00,18:00:00
12384,1476495321,10/14/2016 12:00:00 AM,15:35:21,583.5,63.0,30.45,58.0,39.33,9.0,06:17:00,18:00:00
12385,1476495017,10/14/2016 12:00:00 AM,15:30:17,601.6,64.0,30.45,54.0,295.92,3.37,06:17:00,18:00:00
12386,1476494721,10/14/2016 12:00:00 AM,15:25:21,621.55,64.0,30.45,43.0,8.03,7.87,06:17:00,18:00:00
12387,1476494420,10/14/2016 12:00:00 AM,15:20:20,640.34,63.0,30.45,49.0,64.59,6.75,06:17:00,18:00:00
12388,1476494119,10/14/2016 12:00:00 AM,15:15:19,656.4,64.0,30.45,46.0,358.18,5.62,06:17:00,18:00:00
12389,1476493819,10/14/2016 12:00:00 AM,15:10:19,674.64,64.0,30.45,48.0,12.1,6.75,06:17:00,18:00:00
12390,1476493521,10/14/2016 12:00:00 AM,15:05:21,692.07,64.0,30.46,45.0,18.93,11.25,06:17:00,18:00:00
12391,1476493223,10/14/2016 12:00:00 AM,15:00:23,708.26,64.0,30.45,42.0,49.64,5.62,06:17:00,18:00:00
12392,1476492921,10/14/2016 12:00:00 AM,14:55:21,723.51,64.0,30.45,52.0,321.85,1.12,06:17:00,18:00:00
12393,1476492618,10/14/2016 12:00:00 AM,14:50:18,738.66,64.0,30.45,59.0,31.54,4.5,06:17:00,18:00:00
12394,1476492320,10/14/2016 12:00:00 AM,14:45:20,753.48,64.0,30.45,63.0,19.16,13.5,06:17:00,18:00:00
12395,1476492022,10/14/2016 12:00:00 AM,14:40:22,769.41,63.0,30.45,51.0,3.81,6.75,06:17:00,18:00:00
12396,1476491722,10/14/2016 12:00:00 AM,14:35:22,781.46,64.0,30.45,56.0,38.96,5.62,06:17:00,18:00:00
12397,1476491420,10/14/2016 12:00:00 AM,14:30:20,797.69,64.0,30.45,49.0,101.07,3.37,06:17:00,18:00:00
12398,1476491121,10/14/2016 12:00:00 AM,14:25:21,811.36,64.0,30.45,48.0,0.11,5.62,06:17:00,18:00:00
12399,1476490825,10/14/2016 12:00:00 AM,14:20:25,827.14,65.0,30.45,46.0,306.1,9.0,06:17:00,18:00:00
12400,1476490518,10/14/2016 12:00:00 AM,14:15:18,840.56,64.0,30.45,47.0,21.46,7.87,06:17:00,18:00:00
12401,1476490224,10/14/2016 12:00:00 AM,14:10:24,848.93,64.0,30.45,53.0,33.27,3.37,06:17:00,18:00:00
12402,1476489920,10/14/2016 12:00:00 AM,14:05:20,861.59,64.0,30.45,50.0,41.77,5.62,06:17:00,18:00:00
12403,1476489622,10/14/2016 12:00:00 AM,14:00:22,869.9,64.0,30.45,56.0,8.3,10.12,06:17:00,18:00:00
12404,1476489321,10/14/2016 12:00:00 AM,13:55:21,880.29,64.0,30.45,49.0,339.57,6.75,06:17:00,18:00:00
12405,1476489021,10/14/2016 12:00:00 AM,13:50:21,896.21,64.0,30.45,58.0,348.25,4.5,06:17:00,18:00:00
12406,1476488718,10/14/2016 12:00:00 AM,13:45:18,904.87,64.0,30.45,58.0,37.35,13.5,06:17:00,18:00:00
12407,1476488418,10/14/2016 12:00:00 AM,13:40:18,915.63,64.0,30.45,60.0,11.22,4.5,06:17:00,18:00:00
12408,1476488125,10/14/2016 12:00:00 AM,13:35:25,924.98,63.0,30.45,61.0,5.08,7.87,06:17:00,18:00:00
12409,1476487819,10/14/2016 12:00:00 AM,13:30:19,935.74,64.0,30.45,61.0,351.52,7.87,06:17:00,18:00:00
12410,1476487522,10/14/2016 12:00:00 AM,13:25:22,943.17,64.0,30.45,64.0,12.14,4.5,06:17:00,18:00:00
12411,1476487219,10/14/2016 12:00:00 AM,13:20:19,946.48,64.0,30.46,59.0,19.62,7.87,06:17:00,18:00:00
12412,1476486921,10/14/2016 12:00:00 AM,13:15:21,956.37,64.0,30.45,57.0,73.1,9.0,06:17:00,18:00:00
12413,1476486619,10/14/2016 12:00:00 AM,13:10:19,966.71,64.0,30.46,57.0,25.54,6.75,06:17:00,18:00:00
12414,1476486320,10/14/2016 12:00:00 AM,13:05:20,971.81,64.0,30.46,59.0,124.15,9.0,06:17:00,18:00:00
12415,1476486019,10/14/2016 12:00:00 AM,13:00:19,977.97,64.0,30.46,62.0,32.52,10.12,06:17:00,18:00:00
12416,1476485725,10/14/2016 12:00:00 AM,12:55:25,981.31,65.0,30.46,62.0,0.11,10.12,06:17:00,18:00:00
12417,1476485419,10/14/2016 12:00:00 AM,12:50:19,988.29,65.0,30.46,57.0,42.76,6.75,06:17:00,18:00:00
12418,1476485118,10/14/2016 12:00:00 AM,12:45:18,990.91,65.0,30.46,60.0,55.99,9.0,06:17:00,18:00:00
12419,1476484823,10/14/2016 12:00:00 AM,12:40:23,998.79,65.0,30.46,60.0,22.12,12.37,06:17:00,18:00:00
12420,1476484522,10/14/2016 12:00:00 AM,12:35:22,998.87,64.0,30.46,60.0,39.51,7.87,06:17:00,18:00:00
12421,1476484222,10/14/2016 12:00:00 AM,12:30:22,1004.75,64.0,30.46,61.0,47.12,11.25,06:17:00,18:00:00
12422,1476483918,10/14/2016 12:00:00 AM,12:25:18,1005.32,63.0,30.47,62.0,21.58,9.0,06:17:00,18:00:00
12423,1476483625,10/14/2016 12:00:00 AM,12:20:25,1004.07,63.0,30.47,62.0,23.44,9.0,06:17:00,18:00:00
12424,1476483321,10/14/2016 12:00:00 AM,12:15:21,1004.69,63.0,30.47,74.83719267708949,64.16,10.12,06:17:00,18:00:00
12425,1476483022,10/14/2016 12:00:00 AM,12:10:22,1005.5,64.0,30.47,60.0,43.03,5.62,06:17:00,18:00:00
12426,1476482720,10/14/2016 12:00:00 AM,12:05:20,1003.97,64.0,30.47,60.0,34.56,11.25,06:17:00,18:00:00
12427,1476482423,10/14/2016 12:00:00 AM,12:00:23,1005.2,63.0,30.47,60.0,14.61,3.37,06:17:00,18:00:00
12428,1476482122,10/14/2016 12:00:00 AM,11:55:22,1002.32,63.0,30.47,59.0,359.92,3.37,06:17:00,18:00:00
12429,1476481819,10/14/2016 12:00:00 AM,11:50:19,999.46,63.0,30.47,61.0,25.61,6.75,06:17:00,18:00:00
12430,1476481523,10/14/2016 12:00:00 AM,11:45:23,999.59,63.0,30.48,59.0,350.92,6.75,06:17:00,18:00:00
12431,1476481224,10/14/2016 12:00:00 AM,11:40:24,995.36,62.0,30.47,60.0,25.68,10.12,06:17:00,18:00:00
12432,1476480919,10/14/2016 12:00:00 AM,11:35:19,993.9,62.0,30.48,62.0,21.74,15.75,06:17:00,18:00:00
12433,1476480621,10/14/2016 12:00:00 AM,11:30:21,990.5,62.0,30.48,59.0,0.11,7.87,06:17:00,18:00:00
12434,1476480320,10/14/2016 12:00:00 AM,11:25:20,987.06,62.0,30.48,60.0,19.38,7.87,06:17:00,18:00:00
12435,1476480027,10/14/2016 12:00:00 AM,11:20:27,980.84,63.0,30.48,57.0,181.4,10.12,06:17:00,18:00:00
12436,1476479720,10/14/2016 12:00:00 AM,11:15:20,975.92,63.0,30.48,61.0,22.17,4.5,06:17:00,18:00:00
12437,1476479423,10/14/2016 12:00:00 AM,11:10:23,970.84,62.0,30.48,60.0,40.36,3.37,06:17:00,18:00:00
12438,1476479123,10/14/2016 12:00:00 AM,11:05:23,962.39,62.0,30.48,61.0,37.31,9.0,06:17:00,18:00:00
12439,1476478826,10/14/2016 12:00:00 AM,11:00:26,957.96,62.0,30.48,62.0,74.46,4.5,06:17:00,18:00:00
12440,1476478521,10/14/2016 12:00:00 AM,10:55:21,948.4,63.0,30.48,62.0,359.82,3.37,06:17:00,18:00:00
12441,1476478221,10/14/2016 12:00:00 AM,10:50:21,942.07,63.0,30.48,57.0,325.99,3.37,06:17:00,18:00:00
12442,1476477921,10/14/2016 12:00:00 AM,10:45:21,934.49,63.0,30.48,55.0,0.21,7.87,06:17:00,18:00:00
12443,1476477621,10/14/2016 12:00:00 AM,10:40:21,925.2,63.0,30.48,58.0,58.05,9.0,06:17:00,18:00:00
12444,1476477324,10/14/2016 12:00:00 AM,10:35:24,916.6,63.0,30.48,56.0,343.14,4.5,06:17:00,18:00:00
12445,1476477022,10/14/2016 12:00:00 AM,10:30:22,905.76,63.0,30.48,56.0,59.79,3.37,06:17:00,18:00:00
12446,1476476720,10/14/2016 12:00:00 AM,10:25:20,898.6,64.0,30.48,52.0,0.11,5.62,06:17:00,18:00:00
12447,1476476421,10/14/2016 12:00:00 AM,10:20:21,885.51,63.0,30.48,51.0,49.64,6.75,06:17:00,18:00:00
12448,1476476125,10/14/2016 12:00:00 AM,10:15:25,873.95,63.0,30.48,50.0,59.31,12.37,06:17:00,18:00:00
12449,1476475822,10/14/2016 12:00:00 AM,10:10:22,863.47,63.0,30.48,53.0,110.0,3.37,06:17:00,18:00:00
12450,1476475521,10/14/2016 12:00:00 AM,10:05:21,850.79,63.0,30.48,50.0,1.83,7.87,06:17:00,18:00:00
12451,1476475221,10/14/2016 12:00:00 AM,10:00:21,838.24,63.0,30.48,49.0,53.7,9.0,06:17:00,18:00:00
12452,1476474920,10/14/2016 12:00:00 AM,09:55:20,825.73,63.0,30.48,43.0,84.65,10.12,06:17:00,18:00:00
12453,1476474620,10/14/2016 12:00:00 AM,09:50:20,811.89,63.0,30.48,42.0,35.55,9.0,06:17:00,18:00:00
12454,1476474319,10/14/2016 12:00:00 AM,09:45:19,799.53,63.0,30.48,39.0,359.68,1.12,06:17:00,18:00:00
12455,1476474021,10/14/2016 12:00:00 AM,09:40:21,785.23,62.0,30.48,41.0,53.99,6.75,06:17:00,18:00:00
12456,1476473719,10/14/2016 12:00:00 AM,09:35:19,770.05,62.0,30.48,40.0,60.92,12.37,06:17:00,18:00:00
12457,1476473423,10/14/2016 12:00:00 AM,09:30:23,755.55,62.0,30.47,43.0,63.67,6.75,06:17:00,18:00:00
12458,1476473125,10/14/2016 12:00:00 AM,09:25:25,741.0,61.0,30.47,41.0,63.78,5.62,06:17:00,18:00:00
12459,1476472822,10/14/2016 12:00:00 AM,09:20:22,722.89,61.0,30.47,43.0,85.01,11.25,06:17:00,18:00:00
12460,1476472523,10/14/2016 12:00:00 AM,09:15:23,706.97,61.0,30.47,44.0,60.26,9.0,06:17:00,18:00:00
12461,1476472222,10/14/2016 12:00:00 AM,09:10:22,692.78,61.0,30.47,44.0,96.42,7.87,06:17:00,18:00:00
12462,1476471922,10/14/2016 12:00:00 AM,09:05:22,673.29,61.0,30.47,46.0,43.32,7.87,06:17:00,18:00:00
12463,1476471624,10/14/2016 12:00:00 AM,09:00:24,656.64,60.0,30.47,48.0,7.52,4.5,06:17:00,18:00:00
12464,1476471328,10/14/2016 12:00:00 AM,08:55:28,641.31,60.0,30.47,74.83719267708949,27.11,4.5,06:17:00,18:00:00
12465,1476471021,10/14/2016 12:00:00 AM,08:50:21,621.67,59.0,30.47,48.0,125.77,4.5,06:17:00,18:00:00
12466,1476470721,10/14/2016 12:00:00 AM,08:45:21,602.46,59.0,30.47,48.0,74.2,9.0,06:17:00,18:00:00
12467,1476470425,10/14/2016 12:00:00 AM,08:40:25,585.42,59.0,30.47,47.0,57.5,1.12,06:17:00,18:00:00
12468,1476470122,10/14/2016 12:00:00 AM,08:35:22,565.15,60.0,30.47,47.0,71.11,7.87,06:17:00,18:00:00
12469,1476469823,10/14/2016 12:00:00 AM,08:30:23,546.85,60.0,30.46,37.0,5.2,3.37,06:17:00,18:00:00
12470,1476469519,10/14/2016 12:00:00 AM,08:25:19,527.14,59.0,30.46,44.0,13.55,4.5,06:17:00,18:00:00
12471,1476469220,10/14/2016 12:00:00 AM,08:20:20,508.44,59.0,30.46,41.0,0.12,9.0,06:17:00,18:00:00
12472,1476468918,10/14/2016 12:00:00 AM,08:15:18,487.44,59.0,30.46,37.0,9.87,1.12,06:17:00,18:00:00
12473,1476468625,10/14/2016 12:00:00 AM,08:10:25,467.9,60.0,30.46,38.0,73.9,9.0,06:17:00,18:00:00
12474,1476468323,10/14/2016 12:00:00 AM,08:05:23,447.93,61.0,30.46,21.0,38.24,4.5,06:17:00,18:00:00
12475,1476468023,10/14/2016 12:00:00 AM,08:00:23,426.71,60.0,30.46,29.0,32.31,1.12,06:17:00,18:00:00
12476,1476467721,10/14/2016 12:00:00 AM,07:55:21,406.02,61.0,30.46,22.0,109.14,2.25,06:17:00,18:00:00
12477,1476467422,10/14/2016 12:00:00 AM,07:50:22,384.79,61.0,30.46,16.0,145.38,2.25,06:17:00,18:00:00
12478,1476467125,10/14/2016 12:00:00 AM,07:45:25,363.75,60.0,30.45,18.0,357.04,1.12,06:17:00,18:00:00
12479,1476466824,10/14/2016 12:00:00 AM,07:40:24,341.84,60.0,30.45,19.0,108.89,7.87,06:17:00,18:00:00
12480,1476466522,10/14/2016 12:00:00 AM,07:35:22,317.25,59.0,30.45,19.0,47.26,4.5,06:17:00,18:00:00
12481,1476466221,10/14/2016 12:00:00 AM,07:30:21,290.04,57.0,30.45,18.0,174.25,10.12,06:17:00,18:00:00
12482,1476465920,10/14/2016 12:00:00 AM,07:25:20,261.43,56.0,30.45,23.0,126.67,7.87,06:17:00,18:00:00
12483,1476465627,10/14/2016 12:00:00 AM,07:20:27,27.55,55.0,30.45,22.0,143.17,3.37,06:17:00,18:00:00
12484,1476465320,10/14/2016 12:00:00 AM,07:15:20,22.97,55.0,30.44,22.0,149.93,4.5,06:17:00,18:00:00
12485,1476465022,10/14/2016 12:00:00 AM,07:10:22,21.93,54.0,30.44,21.0,153.79,5.62,06:17:00,18:00:00
12486,1476464725,10/14/2016 12:00:00 AM,07:05:25,21.16,54.0,30.44,22.0,102.79,7.87,06:17:00,18:00:00
12487,1476464419,10/14/2016 12:00:00 AM,07:00:19,20.35,53.0,30.44,22.0,176.51,4.5,06:17:00,18:00:00
12488,1476464120,10/14/2016 12:00:00 AM,06:55:20,19.35,53.0,30.44,23.0,152.0,6.75,06:17:00,18:00:00
12489,1476463820,10/14/2016 12:00:00 AM,06:50:20,18.27,52.0,30.44,23.0,128.26,6.75,06:17:00,18:00:00
12490,1476463521,10/14/2016 12:00:00 AM,06:45:21,16.95,51.0,30.43,22.0,157.02,5.62,06:17:00,18:00:00
12491,1476463222,10/14/2016 12:00:00 AM,06:40:22,15.64,50.0,30.43,25.0,153.34,3.37,06:17:00,18:00:00
12492,1476462919,10/14/2016 12:00:00 AM,06:35:19,14.03,50.0,30.43,25.0,98.12,4.5,06:17:00,18:00:00
12493,1476462623,10/14/2016 12:00:00 AM,06:30:23,12.24,50.0,30.43,25.0,164.26,4.5,06:17:00,18:00:00
12494,1476462319,10/14/2016 12:00:00 AM,06:25:19,10.13,50.0,30.43,26.0,149.94,4.5,06:17:00,18:00:00
12495,1476462021,10/14/2016 12:00:00 AM,06:20:21,7.87,50.0,30.43,27.0,167.41,4.5,06:17:00,18:00:00
12496,1476461722,10/14/2016 12:00:00 AM,06:15:22,5.43,50.0,30.43,25.0,157.33,4.5,06:17:00,18:00:00
12497,1476461421,10/14/2016 12:00:00 AM,06:10:21,3.38,50.0,30.43,26.0,156.92,4.5,06:17:00,18:00:00
12498,1476461121,10/14/2016 12:00:00 AM,06:05:21,1.82,50.0,30.43,26.0,144.67,4.5,06:17:00,18:00:00
12499,1476460821,10/14/2016 12:00:00 AM,06:00:21,1.23,51.0,30.43,26.0,131.61,4.5,06:17:00,18:00:00
12500,1476460521,10/14/2016 12:00:00 AM,05:55:21,1.25,51.0,30.43,26.0,129.7,4.5,06:17:00,18:00:00
12501,1476460221,10/14/2016 12:00:00 AM,05:50:21,1.2,51.0,30.43,26.0,136.87,9.0,06:17:00,18:00:00
12502,1476459927,10/14/2016 12:00:00 AM,05:45:27,1.25,51.0,30.43,26.0,154.89,4.5,06:17:00,18:00:00
12503,1476459621,10/14/2016 12:00:00 AM,05:40:21,1.23,50.0,30.43,25.0,109.72,7.87,06:17:00,18:00:00
12504,1476459320,10/14/2016 12:00:00 AM,05:35:20,1.22,48.0,30.43,29.0,152.5,2.25,06:17:00,18:00:00
12505,1476459024,10/14/2016 12:00:00 AM,05:30:24,1.21,48.0,30.43,33.0,115.3,3.37,06:17:00,18:00:00
12506,1476458720,10/14/2016 12:00:00 AM,05:25:20,1.25,48.0,30.43,39.0,91.92,3.37,06:17:00,18:00:00
12507,1476458419,10/14/2016 12:00:00 AM,05:20:19,1.22,48.0,30.43,50.0,117.26,5.62,06:17:00,18:00:00
12508,1476458126,10/14/2016 12:00:00 AM,05:15:26,1.19,48.0,30.43,43.0,76.2,5.62,06:17:00,18:00:00
12509,1476457823,10/14/2016 12:00:00 AM,05:10:23,1.22,48.0,30.43,33.0,80.34,3.37,06:17:00,18:00:00
12510,1476457518,10/14/2016 12:00:00 AM,05:05:18,1.24,48.0,30.43,35.0,153.1,7.87,06:17:00,18:00:00
12511,1476457222,10/14/2016 12:00:00 AM,05:00:22,1.24,47.0,30.43,38.0,123.48,2.25,06:17:00,18:00:00
12512,1476456923,10/14/2016 12:00:00 AM,04:55:23,1.22,48.0,30.43,42.0,100.92,5.62,06:17:00,18:00:00
12513,1476456621,10/14/2016 12:00:00 AM,04:50:21,1.24,48.0,30.43,44.0,141.26,5.62,06:17:00,18:00:00
12514,1476456324,10/14/2016 12:00:00 AM,04:45:24,1.25,48.0,30.42,43.0,359.95,2.25,06:17:00,18:00:00
12515,1476456018,10/14/2016 12:00:00 AM,04:40:18,1.2,48.0,30.42,44.0,159.23,1.12,06:17:00,18:00:00
12516,1476455720,10/14/2016 12:00:00 AM,04:35:20,1.23,49.0,30.42,47.0,92.47,6.75,06:17:00,18:00:00
12517,1476455419,10/14/2016 12:00:00 AM,04:30:19,1.21,49.0,30.42,46.0,37.5,2.25,06:17:00,18:00:00
12518,1476455119,10/14/2016 12:00:00 AM,04:25:19,1.23,50.0,30.42,42.0,145.11,2.25,06:17:00,18:00:00
12519,1476454824,10/14/2016 12:00:00 AM,04:20:24,1.25,51.0,30.42,44.0,123.19,4.5,06:17:00,18:00:00
12520,1476454520,10/14/2016 12:00:00 AM,04:15:20,1.24,52.0,30.42,32.0,89.23,4.5,06:17:00,18:00:00
12521,1476454222,10/14/2016 12:00:00 AM,04:10:22,1.24,52.0,30.42,26.0,158.92,11.25,06:17:00,18:00:00
12522,1476453920,10/14/2016 12:00:00 AM,04:05:20,1.24,51.0,30.41,27.0,171.27,7.87,06:17:00,18:00:00
12523,1476453627,10/14/2016 12:00:00 AM,04:00:27,1.26,50.0,30.41,27.0,172.68,12.37,06:17:00,18:00:00
12524,1476453321,10/14/2016 12:00:00 AM,03:55:21,1.24,50.0,30.42,28.0,161.07,7.87,06:17:00,18:00:00
12525,1476453025,10/14/2016 12:00:00 AM,03:50:25,1.23,49.0,30.42,29.0,157.79,7.87,06:17:00,18:00:00
12526,1476452727,10/14/2016 12:00:00 AM,03:45:27,1.2,48.0,30.42,32.0,135.48,6.75,06:17:00,18:00:00
12527,1476452423,10/14/2016 12:00:00 AM,03:40:23,1.23,48.0,30.42,37.0,130.35,7.87,06:17:00,18:00:00
12528,1476452121,10/14/2016 12:00:00 AM,03:35:21,1.21,49.0,30.42,38.0,147.66,3.37,06:17:00,18:00:00
12529,1476451824,10/14/2016 12:00:00 AM,03:30:24,1.21,49.0,30.42,37.0,130.71,4.5,06:17:00,18:00:00
12530,1476451520,10/14/2016 12:00:00 AM,03:25:20,1.26,50.0,30.42,36.0,94.06,6.75,06:17:00,18:00:00
12531,1476450923,10/14/2016 12:00:00 AM,03:15:23,1.27,50.0,30.43,32.0,156.11,1.12,06:17:00,18:00:00
12532,1476450626,10/14/2016 12:00:00 AM,03:10:26,1.23,50.0,30.43,31.0,132.41,6.75,06:17:00,18:00:00
12533,1476450323,10/14/2016 12:00:00 AM,03:05:23,1.24,50.0,30.43,30.0,97.36,2.25,06:17:00,18:00:00
12534,1476450022,10/14/2016 12:00:00 AM,03:00:22,1.19,50.0,30.43,31.0,143.54770303349548,6.75,06:17:00,18:00:00
12535,1476449725,10/14/2016 12:00:00 AM,02:55:25,1.24,51.0,30.43,30.0,145.7,10.12,06:17:00,18:00:00
12536,1476449423,10/14/2016 12:00:00 AM,02:50:23,1.22,51.0,30.43,30.0,181.53,2.25,06:17:00,18:00:00
12537,1476449123,10/14/2016 12:00:00 AM,02:45:23,1.22,51.0,30.44,30.0,138.07,9.0,06:17:00,18:00:00
12538,1476448822,10/14/2016 12:00:00 AM,02:40:22,1.23,51.0,30.44,30.0,169.24,3.37,06:17:00,18:00:00
12539,1476448223,10/14/2016 12:00:00 AM,02:30:23,1.21,52.0,30.44,29.0,118.44,5.62,06:17:00,18:00:00
12540,1476447923,10/14/2016 12:00:00 AM,02:25:23,1.22,52.0,30.44,28.0,130.62,4.5,06:17:00,18:00:00
12541,1476447621,10/14/2016 12:00:00 AM,02:20:21,1.24,52.0,30.44,28.0,128.64,5.62,06:17:00,18:00:00
12542,1476447323,10/14/2016 12:00:00 AM,02:15:23,1.25,52.0,30.44,29.0,145.39,4.5,06:17:00,18:00:00
12543,1476447020,10/14/2016 12:00:00 AM,02:10:20,1.25,52.0,30.44,28.0,155.99,3.37,06:17:00,18:00:00
12544,1476446723,10/14/2016 12:00:00 AM,02:05:23,1.23,52.0,30.44,28.0,139.72,7.87,06:17:00,18:00:00
12545,1476446422,10/14/2016 12:00:00 AM,02:00:22,1.24,52.0,30.44,29.0,156.37,10.12,06:17:00,18:00:00
12546,1476446121,10/14/2016 12:00:00 AM,01:55:21,1.24,52.0,30.44,27.0,73.93,5.62,06:17:00,18:00:00
12547,1476445822,10/14/2016 12:00:00 AM,01:50:22,1.24,52.0,30.44,30.0,169.19,5.62,06:17:00,18:00:00
12548,1476445521,10/14/2016 12:00:00 AM,01:45:21,1.24,52.0,30.44,31.0,151.85,6.75,06:17:00,18:00:00
12549,1476445219,10/14/2016 12:00:00 AM,01:40:19,1.26,52.0,30.44,32.0,146.33,11.25,06:17:00,18:00:00
12550,1476444922,10/14/2016 12:00:00 AM,01:35:22,1.22,52.0,30.45,32.0,166.01,11.25,06:17:00,18:00:00
12551,1476444624,10/14/2016 12:00:00 AM,01:30:24,1.26,52.0,30.45,33.0,176.61,10.12,06:17:00,18:00:00
12552,1476444319,10/14/2016 12:00:00 AM,01:25:19,1.23,52.0,30.45,33.0,174.68,11.25,06:17:00,18:00:00
12553,1476444021,10/14/2016 12:00:00 AM,01:20:21,1.24,52.0,30.45,34.0,187.87,7.87,06:17:00,18:00:00
12554,1476443723,10/14/2016 12:00:00 AM,01:15:23,1.25,52.0,30.45,34.0,157.5,9.0,06:17:00,18:00:00
12555,1476443424,10/14/2016 12:00:00 AM,01:10:24,1.18,52.0,30.45,34.0,142.56,10.12,06:17:00,18:00:00
12556,1476443120,10/14/2016 12:00:00 AM,01:05:20,1.26,52.0,30.45,34.0,167.54,6.75,06:17:00,18:00:00
12557,1476442825,10/14/2016 12:00:00 AM,01:00:25,1.22,52.0,30.45,35.0,183.89,7.87,06:17:00,18:00:00
12558,1476442520,10/14/2016 12:00:00 AM,00:55:20,1.25,52.0,30.45,35.0,175.25,10.12,06:17:00,18:00:00
12559,1476442223,10/14/2016 12:00:00 AM,00:50:23,1.28,52.0,30.45,35.0,163.48,10.12,06:17:00,18:00:00
12560,1476441923,10/14/2016 12:00:00 AM,00:45:23,1.24,52.0,30.46,35.0,157.3,11.25,06:17:00,18:00:00
12561,1476441621,10/14/2016 12:00:00 AM,00:40:21,1.26,52.0,30.46,35.0,188.4,9.0,06:17:00,18:00:00
12562,1476441323,10/14/2016 12:00:00 AM,00:35:23,1.24,52.0,30.46,35.0,177.99,11.25,06:17:00,18:00:00
12563,1476441020,10/14/2016 12:00:00 AM,00:30:20,1.19,52.0,30.46,35.0,153.45,9.0,06:17:00,18:00:00
12564,1476440724,10/14/2016 12:00:00 AM,00:25:24,1.22,52.0,30.46,36.0,153.82,10.12,06:17:00,18:00:00
12565,1476439221,10/14/2016 12:00:00 AM,00:00:21,1.24,52.0,30.47,37.0,150.65,13.5,06:17:00,18:00:00
12566,1476438920,10/13/2016 12:00:00 AM,23:55:20,1.22,52.0,30.47,37.0,161.48,9.0,06:17:00,18:01:00
12567,1476438621,10/13/2016 12:00:00 AM,23:50:21,1.26,52.0,30.47,37.0,177.66,11.25,06:17:00,18:01:00
12568,1476438321,10/13/2016 12:00:00 AM,23:45:21,1.24,52.0,30.47,37.0,134.96,5.62,06:17:00,18:01:00
12569,1476438022,10/13/2016 12:00:00 AM,23:40:22,1.23,51.0,30.47,37.0,165.39,10.12,06:17:00,18:01:00
12570,1476437721,10/13/2016 12:00:00 AM,23:35:21,1.23,51.0,30.47,38.0,167.94,12.37,06:17:00,18:01:00
12571,1476437422,10/13/2016 12:00:00 AM,23:30:22,1.25,51.0,30.47,39.0,162.28,9.0,06:17:00,18:01:00
12572,1476437122,10/13/2016 12:00:00 AM,23:25:22,1.24,51.0,30.47,38.0,153.84,11.25,06:17:00,18:01:00
12573,1476436824,10/13/2016 12:00:00 AM,23:20:24,1.23,51.0,30.47,38.0,190.96,9.0,06:17:00,18:01:00
12574,1476436522,10/13/2016 12:00:00 AM,23:15:22,1.23,50.0,30.48,38.0,138.05,11.25,06:17:00,18:01:00
12575,1476436223,10/13/2016 12:00:00 AM,23:10:23,1.26,50.0,30.48,39.0,171.76,7.87,06:17:00,18:01:00
12576,1476435924,10/13/2016 12:00:00 AM,23:05:24,1.23,50.0,30.48,38.0,170.7,6.75,06:17:00,18:01:00
12577,1476435618,10/13/2016 12:00:00 AM,23:00:18,1.22,51.0,30.48,38.0,155.97,7.87,06:17:00,18:01:00
12578,1476435323,10/13/2016 12:00:00 AM,22:55:23,1.25,51.0,30.49,37.0,171.11,7.87,06:17:00,18:01:00
12579,1476435024,10/13/2016 12:00:00 AM,22:50:24,1.21,51.0,30.423028000868246,37.0,166.64,3.37,06:17:00,18:01:00
12580,1476434723,10/13/2016 12:00:00 AM,22:45:23,1.22,51.0,30.49,36.0,137.37,10.12,06:17:00,18:01:00
12581,1476434424,10/13/2016 12:00:00 AM,22:40:24,1.24,51.0,30.49,36.0,156.58,10.12,06:17:00,18:01:00
12582,1476434124,10/13/2016 12:00:00 AM,22:35:24,1.26,51.0,30.49,37.0,166.27,7.87,06:17:00,18:01:00
12583,1476433841,10/13/2016 12:00:00 AM,22:30:41,1.25,51.0,30.49,37.0,165.74,5.62,06:17:00,18:01:00
12584,1476433523,10/13/2016 12:00:00 AM,22:25:23,1.24,51.0,30.49,36.0,166.73,5.62,06:17:00,18:01:00
12585,1476433222,10/13/2016 12:00:00 AM,22:20:22,1.23,51.0,30.423028000868246,36.0,174.73,4.5,06:17:00,18:01:00
12586,1476432923,10/13/2016 12:00:00 AM,22:15:23,1.24,51.0,30.49,36.0,172.6,7.87,06:17:00,18:01:00
12587,1476432622,10/13/2016 12:00:00 AM,22:10:22,1.22,51.0,30.49,36.0,144.5,7.87,06:17:00,18:01:00
12588,1476432325,10/13/2016 12:00:00 AM,22:05:25,1.23,50.0,30.49,38.0,156.04,4.5,06:17:00,18:01:00
12589,1476432019,10/13/2016 12:00:00 AM,22:00:19,1.22,50.0,30.49,38.0,142.8,5.62,06:17:00,18:01:00
12590,1476431723,10/13/2016 12:00:00 AM,21:55:23,1.26,50.0,30.49,39.0,171.01,6.75,06:17:00,18:01:00
12591,1476431427,10/13/2016 12:00:00 AM,21:50:27,1.22,50.0,30.49,40.0,158.44,5.62,06:17:00,18:01:00
12592,1476431122,10/13/2016 12:00:00 AM,21:45:22,1.25,50.0,30.49,39.0,167.29,6.75,06:17:00,18:01:00
12593,1476430820,10/13/2016 12:00:00 AM,21:40:20,1.25,51.0,30.49,38.0,158.71,6.75,06:17:00,18:01:00
12594,1476430520,10/13/2016 12:00:00 AM,21:35:20,1.2,51.0,30.49,38.0,154.94,7.87,06:17:00,18:01:00
12595,1476430222,10/13/2016 12:00:00 AM,21:30:22,1.23,51.0,30.49,38.0,170.94,7.87,06:17:00,18:01:00
12596,1476429926,10/13/2016 12:00:00 AM,21:25:26,1.25,51.0,30.49,38.0,185.53,6.75,06:17:00,18:01:00
12597,1476429621,10/13/2016 12:00:00 AM,21:20:21,1.27,51.0,30.49,38.0,185.26,7.87,06:17:00,18:01:00
12598,1476429325,10/13/2016 12:00:00 AM,21:15:25,1.22,51.0,30.49,38.0,163.9,6.75,06:17:00,18:01:00
12599,1476429021,10/13/2016 12:00:00 AM,21:10:21,1.26,51.0,30.48,38.0,179.58,7.87,06:17:00,18:01:00
12600,1476428723,10/13/2016 12:00:00 AM,21:05:23,1.26,51.0,30.48,38.0,187.16,7.87,06:17:00,18:01:00
12601,1476428423,10/13/2016 12:00:00 AM,21:00:23,1.24,51.0,30.49,38.0,164.22,7.87,06:17:00,18:01:00
12602,1476428121,10/13/2016 12:00:00 AM,20:55:21,1.21,51.0,30.49,37.0,144.68,7.87,06:17:00,18:01:00
12603,1476427827,10/13/2016 12:00:00 AM,20:50:27,1.25,52.0,30.48,36.0,173.66,3.37,06:17:00,18:01:00
12604,1476427522,10/13/2016 12:00:00 AM,20:45:22,1.25,52.0,30.48,35.0,146.38,7.87,06:17:00,18:01:00
12605,1476427219,10/13/2016 12:00:00 AM,20:40:19,1.25,52.0,30.48,34.0,164.7,4.5,06:17:00,18:01:00
12606,1476426921,10/13/2016 12:00:00 AM,20:35:21,1.25,52.0,30.48,34.0,173.84,9.0,06:17:00,18:01:00
12607,1476426621,10/13/2016 12:00:00 AM,20:30:21,1.26,52.0,30.48,34.0,166.21,7.87,06:17:00,18:01:00
12608,1476426325,10/13/2016 12:00:00 AM,20:25:25,1.25,52.0,30.48,33.0,190.25,2.25,06:17:00,18:01:00
12609,1476426020,10/13/2016 12:00:00 AM,20:20:20,1.19,52.0,30.48,32.0,141.53,5.62,06:17:00,18:01:00
12610,1476425723,10/13/2016 12:00:00 AM,20:15:23,1.21,52.0,30.48,33.0,123.02,3.37,06:17:00,18:01:00
12611,1476425419,10/13/2016 12:00:00 AM,20:10:19,1.27,52.0,30.48,33.0,174.65,3.37,06:17:00,18:01:00
12612,1476425124,10/13/2016 12:00:00 AM,20:05:24,1.25,53.0,30.48,32.0,117.62,5.62,06:17:00,18:01:00
12613,1476424823,10/13/2016 12:00:00 AM,20:00:23,1.22,53.0,30.48,31.0,132.6,3.37,06:17:00,18:01:00
12614,1476424520,10/13/2016 12:00:00 AM,19:55:20,1.25,53.0,30.48,31.0,138.05,6.75,06:17:00,18:01:00
12615,1476424221,10/13/2016 12:00:00 AM,19:50:21,1.23,53.0,30.48,30.0,117.77,3.37,06:17:00,18:01:00
12616,1476423925,10/13/2016 12:00:00 AM,19:45:25,1.24,53.0,30.47,30.0,135.77,6.75,06:17:00,18:01:00
12617,1476423623,10/13/2016 12:00:00 AM,19:40:23,1.24,53.0,30.47,30.0,131.24,9.0,06:17:00,18:01:00
12618,1476423323,10/13/2016 12:00:00 AM,19:35:23,1.23,53.0,30.47,30.0,129.28,3.37,06:17:00,18:01:00
12619,1476423022,10/13/2016 12:00:00 AM,19:30:22,1.27,53.0,30.47,30.0,90.61,3.37,06:17:00,18:01:00
12620,1476422722,10/13/2016 12:00:00 AM,19:25:22,1.27,53.0,30.47,29.0,138.2,6.75,06:17:00,18:01:00
12621,1476422423,10/13/2016 12:00:00 AM,19:20:23,1.21,53.0,30.46,31.0,141.72,2.25,06:17:00,18:01:00
12622,1476422126,10/13/2016 12:00:00 AM,19:15:26,1.23,53.0,30.46,32.0,173.8,5.62,06:17:00,18:01:00
12623,1476421824,10/13/2016 12:00:00 AM,19:10:24,1.25,53.0,30.46,33.0,168.56,2.25,06:17:00,18:01:00
12624,1476421523,10/13/2016 12:00:00 AM,19:05:23,1.23,54.0,30.46,34.0,160.52,3.37,06:17:00,18:01:00
12625,1476421224,10/13/2016 12:00:00 AM,19:00:24,1.21,54.0,30.46,33.0,136.13,3.37,06:17:00,18:01:00
12626,1476420920,10/13/2016 12:00:00 AM,18:55:20,1.23,54.0,30.46,33.0,149.44,9.0,06:17:00,18:01:00
12627,1476420624,10/13/2016 12:00:00 AM,18:50:24,1.25,55.0,30.45,33.0,187.2,3.37,06:17:00,18:01:00
12628,1476420324,10/13/2016 12:00:00 AM,18:45:24,1.3,55.0,30.45,33.0,67.14,4.5,06:17:00,18:01:00
12629,1476420023,10/13/2016 12:00:00 AM,18:40:23,1.24,55.0,30.45,31.0,100.38,2.25,06:17:00,18:01:00
12630,1476419722,10/13/2016 12:00:00 AM,18:35:22,1.25,55.0,30.45,33.0,175.81,2.25,06:17:00,18:01:00
12631,1476419423,10/13/2016 12:00:00 AM,18:30:23,1.25,56.0,30.45,32.0,154.79,2.25,06:17:00,18:01:00
12632,1476419122,10/13/2016 12:00:00 AM,18:25:22,1.27,56.0,30.45,32.0,125.02,5.62,06:17:00,18:01:00
12633,1476418820,10/13/2016 12:00:00 AM,18:20:20,1.23,56.0,30.45,32.0,135.59,5.62,06:17:00,18:01:00
12634,1476418522,10/13/2016 12:00:00 AM,18:15:22,1.23,57.0,30.45,31.0,122.31,6.75,06:17:00,18:01:00
12635,1476418220,10/13/2016 12:00:00 AM,18:10:20,2.08,57.0,30.45,30.0,105.04,4.5,06:17:00,18:01:00
12636,1476417922,10/13/2016 12:00:00 AM,18:05:22,3.71,58.0,30.45,30.0,103.58,3.37,06:17:00,18:01:00
12637,1476417623,10/13/2016 12:00:00 AM,18:00:23,5.9,58.0,30.45,29.0,121.56,9.0,06:17:00,18:01:00
12638,1476417024,10/13/2016 12:00:00 AM,17:50:24,10.57,60.0,30.44,25.0,135.16,3.37,06:17:00,18:01:00
12639,1476416721,10/13/2016 12:00:00 AM,17:45:21,22.93,61.0,30.44,23.0,113.07,5.62,06:17:00,18:01:00
12640,1476416420,10/13/2016 12:00:00 AM,17:40:20,27.39,62.0,30.44,26.0,64.57,4.5,06:17:00,18:01:00
12641,1476416122,10/13/2016 12:00:00 AM,17:35:22,38.24,62.0,30.44,24.0,115.21,2.25,06:17:00,18:01:00
12642,1476415818,10/13/2016 12:00:00 AM,17:30:18,56.73,62.0,30.44,23.0,61.35,5.62,06:17:00,18:01:00
12643,1476415526,10/13/2016 12:00:00 AM,17:25:26,76.29,63.0,30.44,22.0,68.81,5.62,06:17:00,18:01:00
12644,1476415224,10/13/2016 12:00:00 AM,17:20:24,98.34,63.0,30.44,23.0,98.72,3.37,06:17:00,18:01:00
12645,1476414925,10/13/2016 12:00:00 AM,17:15:25,122.69,63.0,30.44,24.0,45.97,3.37,06:17:00,18:01:00
12646,1476414622,10/13/2016 12:00:00 AM,17:10:22,149.99,63.0,30.44,27.0,81.16,4.5,06:17:00,18:01:00
12647,1476414322,10/13/2016 12:00:00 AM,17:05:22,178.31,63.0,30.44,25.0,42.22,5.62,06:17:00,18:01:00
12648,1476414022,10/13/2016 12:00:00 AM,17:00:22,207.07,64.0,30.44,25.0,359.93,5.62,06:17:00,18:01:00
12649,1476413725,10/13/2016 12:00:00 AM,16:55:25,236.15,64.0,30.44,25.0,55.5,6.75,06:17:00,18:01:00
12650,1476413420,10/13/2016 12:00:00 AM,16:50:20,265.63,64.0,30.44,21.0,12.89,6.75,06:17:00,18:01:00
12651,1476413121,10/13/2016 12:00:00 AM,16:45:21,293.32,65.0,30.43,21.0,134.14,7.87,06:17:00,18:01:00
12652,1476412827,10/13/2016 12:00:00 AM,16:40:27,318.72,65.0,30.43,23.0,83.46,6.75,06:17:00,18:01:00
12653,1476412519,10/13/2016 12:00:00 AM,16:35:19,341.74,64.0,30.43,29.0,4.32,2.25,06:17:00,18:01:00
12654,1476412220,10/13/2016 12:00:00 AM,16:30:20,362.43,64.0,30.43,28.0,26.63,3.37,06:17:00,18:01:00
12655,1476411923,10/13/2016 12:00:00 AM,16:25:23,383.74,65.0,30.43,27.0,359.92,4.5,06:17:00,18:01:00
12656,1476411621,10/13/2016 12:00:00 AM,16:20:21,405.71,65.0,30.43,24.0,0.1,4.5,06:17:00,18:01:00
12657,1476411319,10/13/2016 12:00:00 AM,16:15:19,426.08,65.0,30.43,28.0,120.8,3.37,06:17:00,18:01:00
12658,1476411025,10/13/2016 12:00:00 AM,16:10:25,443.56,65.0,30.43,40.0,14.76,5.62,06:17:00,18:01:00
12659,1476410721,10/13/2016 12:00:00 AM,16:05:21,465.84,65.0,30.43,35.0,123.18,4.5,06:17:00,18:01:00
12660,1476410426,10/13/2016 12:00:00 AM,16:00:26,485.95,66.0,30.43,37.0,30.7,6.75,06:17:00,18:01:00
12661,1476410121,10/13/2016 12:00:00 AM,15:55:21,507.03,66.0,30.42,31.0,163.29,3.37,06:17:00,18:01:00
12662,1476409823,10/13/2016 12:00:00 AM,15:50:23,526.35,66.0,30.42,33.0,85.66,7.87,06:17:00,18:01:00
12663,1476409521,10/13/2016 12:00:00 AM,15:45:21,547.75,65.0,30.42,32.0,92.44,6.75,06:17:00,18:01:00
12664,1476409223,10/13/2016 12:00:00 AM,15:40:23,566.86,65.0,30.42,33.0,30.42,5.62,06:17:00,18:01:00
12665,1476408920,10/13/2016 12:00:00 AM,15:35:20,585.16,65.0,30.42,39.0,58.42,2.25,06:17:00,18:01:00
12666,1476408625,10/13/2016 12:00:00 AM,15:30:25,604.5,65.0,30.42,38.0,92.45,7.87,06:17:00,18:01:00
12667,1476408320,10/13/2016 12:00:00 AM,15:25:20,623.48,65.0,30.42,39.0,62.15,3.37,06:17:00,18:01:00
12668,1476408020,10/13/2016 12:00:00 AM,15:20:20,640.6,65.0,30.43,38.0,89.96,4.5,06:17:00,18:01:00
12669,1476407719,10/13/2016 12:00:00 AM,15:15:19,659.22,65.0,30.42,39.0,44.16,3.37,06:17:00,18:01:00
12670,1476407426,10/13/2016 12:00:00 AM,15:10:26,676.04,65.0,30.43,37.0,28.01,12.37,06:17:00,18:01:00
12671,1476407119,10/13/2016 12:00:00 AM,15:05:19,693.27,66.0,30.43,32.0,338.83,1.12,06:17:00,18:01:00
12672,1476406822,10/13/2016 12:00:00 AM,15:00:22,711.65,66.0,30.42,28.0,79.24,5.62,06:17:00,18:01:00
12673,1476406527,10/13/2016 12:00:00 AM,14:55:27,727.46,66.0,30.42,30.0,11.94,5.62,06:17:00,18:01:00
12674,1476406222,10/13/2016 12:00:00 AM,14:50:22,744.29,65.0,30.42,31.0,77.19,7.87,06:17:00,18:01:00
12675,1476405921,10/13/2016 12:00:00 AM,14:45:21,758.23,65.0,30.43,33.0,8.19,6.75,06:17:00,18:01:00
12676,1476405622,10/13/2016 12:00:00 AM,14:40:22,772.55,51.16507236474315,30.43,34.0,101.1,5.62,06:17:00,18:01:00
12677,1476405324,10/13/2016 12:00:00 AM,14:35:24,787.22,65.0,30.43,36.0,37.1,5.62,06:17:00,18:01:00
12678,1476405023,10/13/2016 12:00:00 AM,14:30:23,803.3,64.0,30.43,35.0,56.11,9.0,06:17:00,18:01:00
12679,1476404720,10/13/2016 12:00:00 AM,14:25:20,816.91,64.0,30.43,35.0,119.95,3.37,06:17:00,18:01:00
12680,1476404425,10/13/2016 12:00:00 AM,14:20:25,828.71,63.0,30.43,44.0,90.38,10.12,06:17:00,18:01:00
12681,1476404123,10/13/2016 12:00:00 AM,14:15:23,839.83,63.0,30.43,55.0,21.79,2.25,06:17:00,18:01:00
12682,1476403820,10/13/2016 12:00:00 AM,14:10:20,857.71,63.0,30.43,50.0,134.53,5.62,06:17:00,18:01:00
12683,1476403522,10/13/2016 12:00:00 AM,14:05:22,865.68,63.0,30.43,56.0,1.33,4.5,06:17:00,18:01:00
12684,1476403224,10/13/2016 12:00:00 AM,14:00:24,875.39,63.0,30.43,59.0,35.63,10.12,06:17:00,18:01:00
12685,1476402920,10/13/2016 12:00:00 AM,13:55:20,891.0,64.0,30.44,51.0,47.65,14.62,06:17:00,18:01:00
12686,1476402623,10/13/2016 12:00:00 AM,13:50:23,895.17,65.0,30.44,56.0,82.83,4.5,06:17:00,18:01:00
12687,1476402325,10/13/2016 12:00:00 AM,13:45:25,911.6,65.0,30.44,45.0,91.42,7.87,06:17:00,18:01:00
12688,1476402022,10/13/2016 12:00:00 AM,13:40:22,924.66,64.0,30.43,45.0,31.95,4.5,06:17:00,18:01:00
12689,1476401720,10/13/2016 12:00:00 AM,13:35:20,928.85,65.0,30.44,44.0,42.06,7.87,06:17:00,18:01:00
12690,1476401420,10/13/2016 12:00:00 AM,13:30:20,940.04,64.0,30.44,46.0,12.18,12.37,06:17:00,18:01:00
12691,1476401123,10/13/2016 12:00:00 AM,13:25:23,949.78,64.0,30.43,46.0,35.0,9.0,06:17:00,18:01:00
12692,1476400822,10/13/2016 12:00:00 AM,13:20:22,957.49,64.0,30.44,47.0,74.26,9.0,06:17:00,18:01:00
12693,1476400519,10/13/2016 12:00:00 AM,13:15:19,967.28,64.0,30.44,44.0,54.91,10.12,06:17:00,18:01:00
12694,1476400219,10/13/2016 12:00:00 AM,13:10:19,970.68,64.0,30.44,49.0,82.37,3.37,06:17:00,18:01:00
12695,1476399922,10/13/2016 12:00:00 AM,13:05:22,974.69,64.0,30.44,74.83719267708949,68.31,7.87,06:17:00,18:01:00
12696,1476399620,10/13/2016 12:00:00 AM,13:00:20,983.14,64.0,30.44,55.0,52.11,5.62,06:17:00,18:01:00
12697,1476399325,10/13/2016 12:00:00 AM,12:55:25,987.4,64.0,30.44,53.0,50.91,3.37,06:17:00,18:01:00
12698,1476399024,10/13/2016 12:00:00 AM,12:50:24,994.11,64.0,30.45,50.0,64.69,4.5,06:17:00,18:01:00
12699,1476398723,10/13/2016 12:00:00 AM,12:45:23,998.6,64.0,30.45,45.0,64.08,13.5,06:17:00,18:01:00
12700,1476398420,10/13/2016 12:00:00 AM,12:40:20,1004.33,64.0,30.45,42.0,75.25,11.25,06:17:00,18:01:00
12701,1476398121,10/13/2016 12:00:00 AM,12:35:21,1005.42,63.0,30.45,54.0,49.0,5.62,06:17:00,18:01:00
12702,1476397821,10/13/2016 12:00:00 AM,12:30:21,1004.86,64.0,30.45,51.0,8.43,5.62,06:17:00,18:01:00
12703,1476397524,10/13/2016 12:00:00 AM,12:25:24,1008.33,64.0,30.45,50.0,42.93,6.75,06:17:00,18:01:00
12704,1476397226,10/13/2016 12:00:00 AM,12:20:26,1006.97,65.0,30.45,46.0,61.29,6.75,06:17:00,18:01:00
12705,1476396922,10/13/2016 12:00:00 AM,12:15:22,1008.08,65.0,30.46,46.0,71.24,5.62,06:17:00,18:01:00
12706,1476396622,10/13/2016 12:00:00 AM,12:10:22,1008.82,65.0,30.46,46.0,0.12,11.25,06:17:00,18:01:00
12707,1476396320,10/13/2016 12:00:00 AM,12:05:20,1011.93,66.0,30.46,37.0,108.9,10.12,06:17:00,18:01:00
12708,1476396021,10/13/2016 12:00:00 AM,12:00:21,1009.16,66.0,30.47,32.0,38.84,4.5,06:17:00,18:01:00
12709,1476395728,10/13/2016 12:00:00 AM,11:55:28,1009.39,66.0,30.47,30.0,344.89,5.62,06:17:00,18:01:00
12710,1476395422,10/13/2016 12:00:00 AM,11:50:22,1005.88,66.0,30.47,35.0,26.41,11.25,06:17:00,18:01:00
12711,1476395118,10/13/2016 12:00:00 AM,11:45:18,1007.0,66.0,30.47,33.0,48.8,3.37,06:17:00,18:01:00
12712,1476394824,10/13/2016 12:00:00 AM,11:40:24,1002.99,66.0,30.47,30.0,17.86,10.12,06:17:00,18:01:00
12713,1476394522,10/13/2016 12:00:00 AM,11:35:22,998.68,66.0,30.47,29.0,6.73,4.5,06:17:00,18:01:00
12714,1476394227,10/13/2016 12:00:00 AM,11:30:27,997.13,65.0,30.48,27.0,21.97,5.62,06:17:00,18:01:00
12715,1476393925,10/13/2016 12:00:00 AM,11:25:25,990.56,65.0,30.48,30.0,62.99,7.87,06:17:00,18:01:00
12716,1476393621,10/13/2016 12:00:00 AM,11:20:21,984.57,64.0,30.48,30.0,18.0,2.25,06:17:00,18:01:00
12717,1476393319,10/13/2016 12:00:00 AM,11:15:19,978.32,64.0,30.423028000868246,28.0,53.62,4.5,06:17:00,18:01:00
12718,1476393022,10/13/2016 12:00:00 AM,11:10:22,971.25,64.0,30.48,31.0,24.12,6.75,06:17:00,18:01:00
12719,1476392724,10/13/2016 12:00:00 AM,11:05:24,966.25,64.0,30.49,30.0,46.93,6.75,06:17:00,18:01:00
12720,1476392423,10/13/2016 12:00:00 AM,11:00:23,957.31,64.0,30.49,29.0,8.42,3.37,06:17:00,18:01:00
12721,1476392119,10/13/2016 12:00:00 AM,10:55:19,950.52,64.0,30.49,31.0,35.15,6.75,06:17:00,18:01:00
12722,1476391822,10/13/2016 12:00:00 AM,10:50:22,943.78,65.0,30.49,34.0,29.57,9.0,06:17:00,18:01:00
12723,1476391523,10/13/2016 12:00:00 AM,10:45:23,935.04,65.0,30.49,28.0,82.67,3.37,06:17:00,18:01:00
12724,1476391222,10/13/2016 12:00:00 AM,10:40:22,926.08,65.0,30.49,29.0,29.62,5.62,06:17:00,18:01:00
12725,1476390925,10/13/2016 12:00:00 AM,10:35:25,915.95,65.0,30.49,30.0,2.32,5.62,06:17:00,18:01:00
12726,1476390622,10/13/2016 12:00:00 AM,10:30:22,906.6,65.0,30.49,29.0,32.88,3.37,06:17:00,18:01:00
12727,1476390324,10/13/2016 12:00:00 AM,10:25:24,896.42,65.0,30.49,33.0,0.11,3.37,06:17:00,18:01:00
12728,1476390019,10/13/2016 12:00:00 AM,10:20:19,886.13,65.0,30.49,35.0,336.45,10.12,06:17:00,18:01:00
12729,1476389721,10/13/2016 12:00:00 AM,10:15:21,870.01,65.0,30.49,30.0,70.23,3.37,06:17:00,18:01:00
12730,1476389421,10/13/2016 12:00:00 AM,10:10:21,860.77,65.0,30.49,27.0,182.24,3.37,06:17:00,18:01:00
12731,1476389123,10/13/2016 12:00:00 AM,10:05:23,849.58,65.0,30.49,26.0,36.67,5.62,06:17:00,18:01:00
12732,1476388826,10/13/2016 12:00:00 AM,10:00:26,837.93,65.0,30.49,26.0,66.98,6.75,06:17:00,18:01:00
12733,1476388523,10/13/2016 12:00:00 AM,09:55:23,823.57,65.0,30.49,25.0,8.13,2.25,06:17:00,18:01:00
12734,1476388224,10/13/2016 12:00:00 AM,09:50:24,810.89,64.0,30.49,26.0,77.21,4.5,06:17:00,18:01:00
12735,1476387921,10/13/2016 12:00:00 AM,09:45:21,798.62,64.0,30.49,24.0,32.01,9.0,06:17:00,18:01:00
12736,1476387621,10/13/2016 12:00:00 AM,09:40:21,783.19,64.0,30.49,26.0,16.82,6.75,06:17:00,18:01:00
12737,1476387326,10/13/2016 12:00:00 AM,09:35:26,769.35,64.0,30.49,28.0,27.32,5.62,06:17:00,18:01:00
12738,1476387021,10/13/2016 12:00:00 AM,09:30:21,753.48,64.0,30.49,28.0,353.0,2.25,06:17:00,18:01:00
12739,1476386720,10/13/2016 12:00:00 AM,09:25:20,737.63,64.0,30.49,28.0,120.1,7.87,06:17:00,18:01:00
12740,1476386419,10/13/2016 12:00:00 AM,09:20:19,722.4,63.0,30.49,26.0,42.1,6.75,06:17:00,18:01:00
12741,1476386120,10/13/2016 12:00:00 AM,09:15:20,706.69,63.0,30.49,27.0,97.23,10.12,06:17:00,18:01:00
12742,1476385818,10/13/2016 12:00:00 AM,09:10:18,689.86,63.0,30.49,27.0,116.08,5.62,06:17:00,18:01:00
12743,1476385521,10/13/2016 12:00:00 AM,09:05:21,672.65,63.0,30.49,27.0,16.03,3.37,06:17:00,18:01:00
12744,1476385223,10/13/2016 12:00:00 AM,09:00:23,654.21,62.0,30.49,26.0,52.92,6.75,06:17:00,18:01:00
12745,1476384923,10/13/2016 12:00:00 AM,08:55:23,636.74,62.0,30.49,26.0,174.46,5.62,06:17:00,18:01:00
12746,1476384624,10/13/2016 12:00:00 AM,08:50:24,619.05,62.0,30.49,26.0,139.82,5.62,06:17:00,18:01:00
12747,1476384323,10/13/2016 12:00:00 AM,08:45:23,600.39,62.0,30.48,27.0,78.84,6.75,06:17:00,18:01:00
12748,1476384018,10/13/2016 12:00:00 AM,08:40:18,581.01,62.0,30.48,26.0,69.47,2.25,06:17:00,18:01:00
12749,1476383720,10/13/2016 12:00:00 AM,08:35:20,562.06,61.0,30.48,27.0,140.86,9.0,06:17:00,18:01:00
12750,1476383428,10/13/2016 12:00:00 AM,08:30:28,542.78,61.0,30.48,28.0,86.68,6.75,06:17:00,18:01:00
12751,1476383128,10/13/2016 12:00:00 AM,08:25:28,523.55,61.0,30.48,27.0,83.02,4.5,06:17:00,18:01:00
12752,1476382822,10/13/2016 12:00:00 AM,08:20:22,503.65,61.0,30.48,27.0,38.27,7.87,06:17:00,18:01:00
12753,1476382522,10/13/2016 12:00:00 AM,08:15:22,483.68,60.0,30.48,27.0,92.58,4.5,06:17:00,18:01:00
12754,1476382220,10/13/2016 12:00:00 AM,08:10:20,462.8,60.0,30.48,28.0,30.73,3.37,06:17:00,18:01:00
12755,1476381923,10/13/2016 12:00:00 AM,08:05:23,442.65,60.0,30.48,28.0,73.36,9.0,06:17:00,18:01:00
12756,1476381625,10/13/2016 12:00:00 AM,08:00:25,421.84,59.0,30.48,29.0,68.26,5.62,06:17:00,18:01:00
12757,1476381319,10/13/2016 12:00:00 AM,07:55:19,400.32,59.0,30.48,29.0,45.95,2.25,06:17:00,18:01:00
12758,1476381021,10/13/2016 12:00:00 AM,07:50:21,379.43,58.0,30.48,31.0,122.6,9.0,06:17:00,18:01:00
12759,1476380724,10/13/2016 12:00:00 AM,07:45:24,358.32,57.0,30.48,32.0,167.44,3.37,06:17:00,18:01:00
12760,1476380419,10/13/2016 12:00:00 AM,07:40:19,336.59,57.0,30.48,33.0,122.42,7.87,06:17:00,18:01:00
12761,1476380122,10/13/2016 12:00:00 AM,07:35:22,312.77,56.0,30.48,33.0,111.53,11.25,06:17:00,18:01:00
12762,1476379820,10/13/2016 12:00:00 AM,07:30:20,286.28,55.0,30.47,34.0,137.83,11.25,06:17:00,18:01:00
12763,1476379522,10/13/2016 12:00:00 AM,07:25:22,257.24,53.0,30.47,36.0,184.58,3.37,06:17:00,18:01:00
12764,1476379220,10/13/2016 12:00:00 AM,07:20:20,57.67,52.0,30.47,36.0,143.36,6.75,06:17:00,18:01:00
12765,1476378922,10/13/2016 12:00:00 AM,07:15:22,22.53,52.0,30.47,38.0,177.51,7.87,06:17:00,18:01:00
12766,1476378621,10/13/2016 12:00:00 AM,07:10:21,21.13,51.0,30.47,39.0,135.54,9.0,06:17:00,18:01:00
12767,1476378321,10/13/2016 12:00:00 AM,07:05:21,20.53,51.0,30.47,39.0,142.5,13.5,06:17:00,18:01:00
12768,1476378020,10/13/2016 12:00:00 AM,07:00:20,19.73,51.0,30.47,39.0,134.41,15.75,06:17:00,18:01:00
12769,1476377727,10/13/2016 12:00:00 AM,06:55:27,18.94,51.0,30.47,40.0,166.87,7.87,06:17:00,18:01:00
12770,1476377421,10/13/2016 12:00:00 AM,06:50:21,17.94,50.0,30.46,41.0,172.76,9.0,06:17:00,18:01:00
12771,1476377125,10/13/2016 12:00:00 AM,06:45:25,16.87,50.0,30.47,41.0,160.98,9.0,06:17:00,18:01:00
12772,1476376825,10/13/2016 12:00:00 AM,06:40:25,15.63,50.0,30.46,41.0,170.07,11.25,06:17:00,18:01:00
12773,1476376528,10/13/2016 12:00:00 AM,06:35:28,14.08,49.0,30.46,42.0,131.61,12.37,06:17:00,18:01:00
12774,1476376223,10/13/2016 12:00:00 AM,06:30:23,12.27,49.0,30.46,43.0,155.7,12.37,06:17:00,18:01:00
12775,1476375927,10/13/2016 12:00:00 AM,06:25:27,10.33,49.0,30.46,43.0,181.42,10.12,06:17:00,18:01:00
12776,1476375625,10/13/2016 12:00:00 AM,06:20:25,8.13,49.0,30.46,44.0,167.16,7.87,06:17:00,18:01:00
12777,1476375322,10/13/2016 12:00:00 AM,06:15:22,5.86,49.0,30.46,44.0,168.35,11.25,06:17:00,18:01:00
12778,1476375026,10/13/2016 12:00:00 AM,06:10:26,3.63,48.0,30.46,45.0,170.95,14.62,06:17:00,18:01:00
12779,1476374720,10/13/2016 12:00:00 AM,06:05:20,1.96,48.0,30.46,46.0,162.51,13.5,06:17:00,18:01:00
12780,1476374423,10/13/2016 12:00:00 AM,06:00:23,1.25,48.0,30.46,46.0,168.52,10.12,06:17:00,18:01:00
12781,1476374124,10/13/2016 12:00:00 AM,05:55:24,1.27,48.0,30.46,46.0,156.86,13.5,06:17:00,18:01:00
12782,1476373823,10/13/2016 12:00:00 AM,05:50:23,1.26,48.0,30.46,47.0,141.46,11.25,06:17:00,18:01:00
12783,1476373520,10/13/2016 12:00:00 AM,05:45:20,1.26,48.0,30.46,46.0,144.45,11.25,06:17:00,18:01:00
12784,1476373222,10/13/2016 12:00:00 AM,05:40:22,1.26,48.0,30.46,46.0,164.85,9.0,06:17:00,18:01:00
12785,1476372923,10/13/2016 12:00:00 AM,05:35:23,1.25,48.0,30.46,47.0,154.54,6.75,06:17:00,18:01:00
12786,1476372622,10/13/2016 12:00:00 AM,05:30:22,1.24,48.0,30.46,47.0,168.21,13.5,06:17:00,18:01:00
12787,1476372325,10/13/2016 12:00:00 AM,05:25:25,1.26,48.0,30.46,46.0,152.76,6.75,06:17:00,18:01:00
12788,1476372025,10/13/2016 12:00:00 AM,05:20:25,1.25,48.0,30.46,46.0,186.06,6.75,06:17:00,18:01:00
12789,1476371728,10/13/2016 12:00:00 AM,05:15:28,1.27,48.0,30.46,46.0,168.71,6.75,06:17:00,18:01:00
12790,1476371425,10/13/2016 12:00:00 AM,05:10:25,1.23,48.0,30.46,46.0,165.08,10.12,06:17:00,18:01:00
12791,1476371127,10/13/2016 12:00:00 AM,05:05:27,1.22,48.0,30.46,46.0,171.81,9.0,06:17:00,18:01:00
12792,1476370821,10/13/2016 12:00:00 AM,05:00:21,1.22,48.0,30.45,46.0,159.61,9.0,06:17:00,18:01:00
12793,1476370523,10/13/2016 12:00:00 AM,04:55:23,1.22,48.0,30.45,46.0,172.02,7.87,06:17:00,18:01:00
12794,1476370220,10/13/2016 12:00:00 AM,04:50:20,1.24,48.0,30.45,46.0,166.37,7.87,06:17:00,18:01:00
12795,1476369919,10/13/2016 12:00:00 AM,04:45:19,1.24,48.0,30.45,47.0,179.26,5.62,06:17:00,18:01:00
12796,1476369625,10/13/2016 12:00:00 AM,04:40:25,1.23,48.0,30.45,47.0,173.7,6.75,06:17:00,18:01:00
12797,1476369324,10/13/2016 12:00:00 AM,04:35:24,1.21,48.0,30.45,47.0,175.98,7.87,06:17:00,18:01:00
12798,1476369023,10/13/2016 12:00:00 AM,04:30:23,1.25,48.0,30.45,48.0,160.48,9.0,06:17:00,18:01:00
12799,1476368722,10/13/2016 12:00:00 AM,04:25:22,1.21,47.0,30.45,48.0,174.98,7.87,06:17:00,18:01:00
12800,1476368424,10/13/2016 12:00:00 AM,04:20:24,1.2,47.0,30.45,48.0,162.54,6.75,06:17:00,18:01:00
12801,1476368123,10/13/2016 12:00:00 AM,04:15:23,1.24,47.0,30.45,49.0,176.17,7.87,06:17:00,18:01:00
12802,1476367825,10/13/2016 12:00:00 AM,04:10:25,1.2,47.0,30.45,49.0,179.93,5.62,06:17:00,18:01:00
12803,1476367520,10/13/2016 12:00:00 AM,04:05:20,1.21,47.0,30.45,49.0,184.45,6.75,06:17:00,18:01:00
12804,1476367220,10/13/2016 12:00:00 AM,04:00:20,1.23,47.0,30.45,49.0,174.01,6.75,06:17:00,18:01:00
12805,1476366919,10/13/2016 12:00:00 AM,03:55:19,1.24,47.0,30.45,49.0,188.11,5.62,06:17:00,18:01:00
12806,1476366620,10/13/2016 12:00:00 AM,03:50:20,1.23,47.0,30.45,49.0,179.58,5.62,06:17:00,18:01:00
12807,1476366322,10/13/2016 12:00:00 AM,03:45:22,1.2,47.0,30.44,50.0,182.39,6.75,06:17:00,18:01:00
12808,1476366023,10/13/2016 12:00:00 AM,03:40:23,1.21,47.0,30.45,50.0,172.68,6.75,06:17:00,18:01:00
12809,1476365718,10/13/2016 12:00:00 AM,03:35:18,1.25,47.0,30.45,50.0,159.71,10.12,06:17:00,18:01:00
12810,1476365424,10/13/2016 12:00:00 AM,03:30:24,1.2,47.0,30.45,50.0,181.0,9.0,06:17:00,18:01:00
12811,1476365124,10/13/2016 12:00:00 AM,03:25:24,1.23,47.0,30.45,49.0,163.96,6.75,06:17:00,18:01:00
12812,1476364819,10/13/2016 12:00:00 AM,03:20:19,1.23,47.0,30.45,50.0,185.42,6.75,06:17:00,18:01:00
12813,1476364520,10/13/2016 12:00:00 AM,03:15:20,1.22,47.0,30.45,50.0,179.68,7.87,06:17:00,18:01:00
12814,1476364218,10/13/2016 12:00:00 AM,03:10:18,1.24,47.0,30.45,50.0,168.25,6.75,06:17:00,18:01:00
12815,1476363921,10/13/2016 12:00:00 AM,03:05:21,1.26,47.0,30.45,50.0,154.22,7.87,06:17:00,18:01:00
12816,1476363622,10/13/2016 12:00:00 AM,03:00:22,1.24,48.0,30.45,50.0,161.79,7.87,06:17:00,18:01:00
12817,1476363322,10/13/2016 12:00:00 AM,02:55:22,1.23,48.0,30.45,49.0,166.7,6.75,06:17:00,18:01:00
12818,1476363022,10/13/2016 12:00:00 AM,02:50:22,1.22,48.0,30.45,49.0,179.54,6.75,06:17:00,18:01:00
12819,1476362722,10/13/2016 12:00:00 AM,02:45:22,1.23,48.0,30.45,49.0,191.7,7.87,06:17:00,18:01:00
12820,1476362421,10/13/2016 12:00:00 AM,02:40:21,1.22,48.0,30.46,49.0,182.5,7.87,06:17:00,18:01:00
12821,1476362122,10/13/2016 12:00:00 AM,02:35:22,1.21,48.0,30.46,49.0,166.2,5.62,06:17:00,18:01:00
12822,1476361822,10/13/2016 12:00:00 AM,02:30:22,1.26,48.0,30.46,48.0,140.24,7.87,06:17:00,18:01:00
12823,1476361520,10/13/2016 12:00:00 AM,02:25:20,1.23,48.0,30.46,48.0,165.09,7.87,06:17:00,18:01:00
12824,1476361219,10/13/2016 12:00:00 AM,02:20:19,1.22,49.0,30.46,48.0,162.1,7.87,06:17:00,18:01:00
12825,1476360921,10/13/2016 12:00:00 AM,02:15:21,1.24,49.0,30.46,48.0,191.73,6.75,06:17:00,18:01:00
12826,1476360623,10/13/2016 12:00:00 AM,02:10:23,1.25,49.0,30.46,48.0,186.06,6.75,06:17:00,18:01:00
12827,1476360320,10/13/2016 12:00:00 AM,02:05:20,1.23,49.0,30.46,47.0,194.52,6.75,06:17:00,18:01:00
12828,1476360022,10/13/2016 12:00:00 AM,02:00:22,1.22,49.0,30.46,47.0,165.25,7.87,06:17:00,18:01:00
12829,1476359719,10/13/2016 12:00:00 AM,01:55:19,1.25,49.0,30.46,46.0,139.4,9.0,06:17:00,18:01:00
12830,1476359421,10/13/2016 12:00:00 AM,01:50:21,1.23,49.0,30.47,47.0,148.83,10.12,06:17:00,18:01:00
12831,1476359118,10/13/2016 12:00:00 AM,01:45:18,1.18,49.0,30.47,47.0,167.59,9.0,06:17:00,18:01:00
12832,1476358822,10/13/2016 12:00:00 AM,01:40:22,1.22,50.0,30.47,47.0,182.0,10.12,06:17:00,18:01:00
12833,1476358518,10/13/2016 12:00:00 AM,01:35:18,1.25,50.0,30.47,46.0,158.34,9.0,06:17:00,18:01:00
12834,1476358225,10/13/2016 12:00:00 AM,01:30:25,1.21,50.0,30.47,46.0,166.56,6.75,06:17:00,18:01:00
12835,1476357929,10/13/2016 12:00:00 AM,01:25:29,1.24,50.0,30.47,45.0,182.91,9.0,06:17:00,18:01:00
12836,1476357618,10/13/2016 12:00:00 AM,01:20:18,1.23,50.0,30.47,45.0,143.71,7.87,06:17:00,18:01:00
12837,1476357321,10/13/2016 12:00:00 AM,01:15:21,1.25,50.0,30.47,44.0,161.23,10.12,06:17:00,18:01:00
12838,1476357019,10/13/2016 12:00:00 AM,01:10:19,1.23,51.0,30.47,44.0,152.5,12.37,06:17:00,18:01:00
12839,1476356723,10/13/2016 12:00:00 AM,01:05:23,1.27,51.0,30.47,44.0,161.62,10.12,06:17:00,18:01:00
12840,1476356422,10/13/2016 12:00:00 AM,01:00:22,1.26,51.0,30.48,44.0,152.39,10.12,06:17:00,18:01:00
12841,1476356123,10/13/2016 12:00:00 AM,00:55:23,1.24,51.0,30.48,44.0,159.89,12.37,06:17:00,18:01:00
12842,1476355821,10/13/2016 12:00:00 AM,00:50:21,1.27,51.0,30.48,44.0,180.11,11.25,06:17:00,18:01:00
12843,1476355522,10/13/2016 12:00:00 AM,00:45:22,1.25,51.16507236474315,30.48,44.0,131.5,12.37,06:17:00,18:01:00
12844,1476355221,10/13/2016 12:00:00 AM,00:40:21,1.24,51.0,30.48,44.0,151.87,12.37,06:17:00,18:01:00
12845,1476354924,10/13/2016 12:00:00 AM,00:35:24,1.24,51.0,30.48,44.0,173.66,11.25,06:17:00,18:01:00
12846,1476354627,10/13/2016 12:00:00 AM,00:30:27,1.21,51.0,30.48,44.0,165.79,11.25,06:17:00,18:01:00
12847,1476353120,10/13/2016 12:00:00 AM,00:05:20,1.23,51.0,30.48,42.0,169.18,14.62,06:17:00,18:01:00
12848,1476352823,10/13/2016 12:00:00 AM,00:00:23,1.26,51.0,30.49,42.0,151.06,9.0,06:17:00,18:01:00
12849,1476352523,10/12/2016 12:00:00 AM,23:55:23,1.25,51.0,30.49,43.0,136.55,10.12,06:16:00,18:02:00
12850,1476352221,10/12/2016 12:00:00 AM,23:50:21,1.25,51.0,30.49,44.0,172.52,12.37,06:16:00,18:02:00
12851,1476351925,10/12/2016 12:00:00 AM,23:45:25,1.25,51.0,30.49,42.0,151.11,10.12,06:16:00,18:02:00
12852,1476351628,10/12/2016 12:00:00 AM,23:40:28,1.26,51.0,30.49,43.0,180.72,15.75,06:16:00,18:02:00
12853,1476351322,10/12/2016 12:00:00 AM,23:35:22,1.23,51.0,30.49,44.0,178.37,12.37,06:16:00,18:02:00
12854,1476351018,10/12/2016 12:00:00 AM,23:30:18,1.22,51.0,30.49,43.0,123.63,11.25,06:16:00,18:02:00
12855,1476350719,10/12/2016 12:00:00 AM,23:25:19,1.24,51.0,30.49,44.0,169.96,10.12,06:16:00,18:02:00
12856,1476350422,10/12/2016 12:00:00 AM,23:20:22,1.24,51.0,30.49,44.0,165.92,11.25,06:16:00,18:02:00
12857,1476350119,10/12/2016 12:00:00 AM,23:15:19,1.25,51.0,30.49,43.0,169.72,10.12,06:16:00,18:02:00
12858,1476349824,10/12/2016 12:00:00 AM,23:10:24,1.25,52.0,30.49,43.0,162.87,9.0,06:16:00,18:02:00
12859,1476349519,10/12/2016 12:00:00 AM,23:05:19,1.25,52.0,30.49,42.0,170.57,12.37,06:16:00,18:02:00
12860,1476349223,10/12/2016 12:00:00 AM,23:00:23,1.26,52.0,30.49,43.0,166.02,13.5,06:16:00,18:02:00
12861,1476348927,10/12/2016 12:00:00 AM,22:55:27,1.28,52.0,30.49,43.0,146.58,10.12,06:16:00,18:02:00
12862,1476348619,10/12/2016 12:00:00 AM,22:50:19,1.23,52.0,30.49,42.0,148.05,7.87,06:16:00,18:02:00
12863,1476348319,10/12/2016 12:00:00 AM,22:45:19,1.24,52.0,30.49,42.0,181.09,11.25,06:16:00,18:02:00
12864,1476348019,10/12/2016 12:00:00 AM,22:40:19,1.27,52.0,30.49,41.0,157.03,12.37,06:16:00,18:02:00
12865,1476347721,10/12/2016 12:00:00 AM,22:35:21,1.21,52.0,30.49,41.0,151.89,10.12,06:16:00,18:02:00
12866,1476347422,10/12/2016 12:00:00 AM,22:30:22,1.23,52.0,30.5,42.0,159.74,12.37,06:16:00,18:02:00
12867,1476347119,10/12/2016 12:00:00 AM,22:25:19,1.22,52.0,30.5,42.0,168.79,11.25,06:16:00,18:02:00
12868,1476346824,10/12/2016 12:00:00 AM,22:20:24,1.22,52.0,30.5,41.0,162.05,6.75,06:16:00,18:02:00
12869,1476346539,10/12/2016 12:00:00 AM,22:15:39,1.27,52.0,30.5,40.0,151.62,12.37,06:16:00,18:02:00
12870,1476346223,10/12/2016 12:00:00 AM,22:10:23,1.24,53.0,30.5,39.0,157.15,5.62,06:16:00,18:02:00
12871,1476345923,10/12/2016 12:00:00 AM,22:05:23,1.23,53.0,30.5,39.0,174.04,9.0,06:16:00,18:02:00
12872,1476345628,10/12/2016 12:00:00 AM,22:00:28,1.24,53.0,30.5,38.0,148.56,10.12,06:16:00,18:02:00
12873,1476345320,10/12/2016 12:00:00 AM,21:55:20,1.24,53.0,30.5,37.0,167.08,12.37,06:16:00,18:02:00
12874,1476345023,10/12/2016 12:00:00 AM,21:50:23,1.28,53.0,30.5,38.0,141.73,10.12,06:16:00,18:02:00
12875,1476344724,10/12/2016 12:00:00 AM,21:45:24,1.24,53.0,30.5,38.0,159.61,9.0,06:16:00,18:02:00
12876,1476344421,10/12/2016 12:00:00 AM,21:40:21,1.22,53.0,30.5,38.0,149.75,7.87,06:16:00,18:02:00
12877,1476344124,10/12/2016 12:00:00 AM,21:35:24,1.27,53.0,30.49,38.0,136.94,9.0,06:16:00,18:02:00
12878,1476343824,10/12/2016 12:00:00 AM,21:30:24,1.23,53.0,30.49,38.0,165.74,10.12,06:16:00,18:02:00
12879,1476343519,10/12/2016 12:00:00 AM,21:25:19,1.24,53.0,30.49,37.0,156.83,9.0,06:16:00,18:02:00
12880,1476343219,10/12/2016 12:00:00 AM,21:20:19,1.27,52.0,30.49,38.0,159.51,10.12,06:16:00,18:02:00
12881,1476342920,10/12/2016 12:00:00 AM,21:15:20,1.22,52.0,30.49,37.0,170.47,10.12,06:16:00,18:02:00
12882,1476342622,10/12/2016 12:00:00 AM,21:10:22,1.25,52.0,30.49,36.0,147.73,15.75,06:16:00,18:02:00
12883,1476342323,10/12/2016 12:00:00 AM,21:05:23,1.24,52.0,30.49,36.0,143.0,11.25,06:16:00,18:02:00
12884,1476342021,10/12/2016 12:00:00 AM,21:00:21,1.23,53.0,30.49,36.0,179.44,7.87,06:16:00,18:02:00
12885,1476341719,10/12/2016 12:00:00 AM,20:55:19,1.26,52.0,30.49,36.0,170.09,7.87,06:16:00,18:02:00
12886,1476341418,10/12/2016 12:00:00 AM,20:50:18,1.25,52.0,30.49,36.0,151.76,10.12,06:16:00,18:02:00
12887,1476341119,10/12/2016 12:00:00 AM,20:45:19,1.24,53.0,30.49,36.0,154.31,11.25,06:16:00,18:02:00
12888,1476340823,10/12/2016 12:00:00 AM,20:40:23,1.24,53.0,30.49,37.0,157.59,9.0,06:16:00,18:02:00
12889,1476340519,10/12/2016 12:00:00 AM,20:35:19,1.23,53.0,30.49,36.0,169.24,11.25,06:16:00,18:02:00
12890,1476340225,10/12/2016 12:00:00 AM,20:30:25,1.22,53.0,30.49,36.0,178.89,11.25,06:16:00,18:02:00
12891,1476339923,10/12/2016 12:00:00 AM,20:25:23,1.24,53.0,30.49,35.0,143.54770303349548,11.25,06:16:00,18:02:00
12892,1476339619,10/12/2016 12:00:00 AM,20:20:19,1.25,53.0,30.48,35.0,178.22,7.87,06:16:00,18:02:00
12893,1476339320,10/12/2016 12:00:00 AM,20:15:20,1.24,53.0,30.48,34.0,164.89,3.37,06:16:00,18:02:00
12894,1476339021,10/12/2016 12:00:00 AM,20:10:21,1.23,53.0,30.48,34.0,148.35,6.75,06:16:00,18:02:00
12895,1476338721,10/12/2016 12:00:00 AM,20:05:21,1.25,54.0,30.423028000868246,34.0,115.17,7.87,06:16:00,18:02:00
12896,1476338423,10/12/2016 12:00:00 AM,20:00:23,1.25,54.0,30.48,32.0,141.23,6.75,06:16:00,18:02:00
12897,1476338123,10/12/2016 12:00:00 AM,19:55:23,1.27,54.0,30.48,33.0,158.71,5.62,06:16:00,18:02:00
12898,1476337818,10/12/2016 12:00:00 AM,19:50:18,1.24,54.0,30.47,32.0,117.87,7.87,06:16:00,18:02:00
12899,1476337522,10/12/2016 12:00:00 AM,19:45:22,1.23,54.0,30.47,33.0,173.93,7.87,06:16:00,18:02:00
12900,1476337221,10/12/2016 12:00:00 AM,19:40:21,1.28,54.0,30.47,33.0,147.46,4.5,06:16:00,18:02:00
12901,1476336920,10/12/2016 12:00:00 AM,19:35:20,1.26,54.0,30.47,32.0,166.11,3.37,06:16:00,18:02:00
12902,1476336625,10/12/2016 12:00:00 AM,19:30:25,1.24,54.0,30.47,33.0,171.83,6.75,06:16:00,18:02:00
12903,1476336321,10/12/2016 12:00:00 AM,19:25:21,1.24,55.0,30.47,32.0,137.91,4.5,06:16:00,18:02:00
12904,1476336028,10/12/2016 12:00:00 AM,19:20:28,1.26,55.0,30.47,33.0,115.2,4.5,06:16:00,18:02:00
12905,1476335720,10/12/2016 12:00:00 AM,19:15:20,1.27,55.0,30.46,33.0,173.35,14.62,06:16:00,18:02:00
12906,1476335424,10/12/2016 12:00:00 AM,19:10:24,1.24,55.0,30.46,33.0,165.25,9.0,06:16:00,18:02:00
12907,1476335125,10/12/2016 12:00:00 AM,19:05:25,1.26,55.0,30.46,33.0,186.9,6.75,06:16:00,18:02:00
12908,1476334819,10/12/2016 12:00:00 AM,19:00:19,1.25,55.0,30.46,34.0,186.09,4.5,06:16:00,18:02:00
12909,1476334520,10/12/2016 12:00:00 AM,18:55:20,1.25,55.0,30.46,33.0,162.22,4.5,06:16:00,18:02:00
12910,1476334221,10/12/2016 12:00:00 AM,18:50:21,1.26,55.0,30.46,33.0,94.61,9.0,06:16:00,18:02:00
12911,1476333922,10/12/2016 12:00:00 AM,18:45:22,1.26,55.0,30.46,33.0,130.95,13.5,06:16:00,18:02:00
12912,1476333620,10/12/2016 12:00:00 AM,18:40:20,1.28,55.0,30.46,34.0,159.99,9.0,06:16:00,18:02:00
12913,1476333319,10/12/2016 12:00:00 AM,18:35:19,1.26,56.0,30.46,33.0,176.77,6.75,06:16:00,18:02:00
12914,1476333024,10/12/2016 12:00:00 AM,18:30:24,1.23,56.0,30.45,36.0,139.7,4.5,06:16:00,18:02:00
12915,1476332720,10/12/2016 12:00:00 AM,18:25:20,1.27,56.0,30.45,37.0,116.35,14.62,06:16:00,18:02:00
12916,1476332422,10/12/2016 12:00:00 AM,18:20:22,1.25,56.0,30.45,40.0,128.07,9.0,06:16:00,18:02:00
12917,1476332121,10/12/2016 12:00:00 AM,18:15:21,1.26,56.0,30.45,42.0,124.74,9.0,06:16:00,18:02:00
12918,1476331821,10/12/2016 12:00:00 AM,18:10:21,2.04,56.0,30.45,43.0,122.95,9.0,06:16:00,18:02:00
12919,1476331521,10/12/2016 12:00:00 AM,18:05:21,4.0,57.0,30.45,44.0,124.91,10.12,06:16:00,18:02:00
12920,1476331219,10/12/2016 12:00:00 AM,18:00:19,6.31,57.0,30.45,42.0,123.27,12.37,06:16:00,18:02:00
12921,1476330922,10/12/2016 12:00:00 AM,17:55:22,8.73,58.0,30.45,40.0,129.88,12.37,06:16:00,18:02:00
12922,1476330620,10/12/2016 12:00:00 AM,17:50:20,13.0,58.0,30.45,39.0,114.44,9.0,06:16:00,18:02:00
12923,1476330323,10/12/2016 12:00:00 AM,17:45:23,23.24,59.0,30.45,37.0,127.98,9.0,06:16:00,18:02:00
12924,1476330025,10/12/2016 12:00:00 AM,17:40:25,28.35,59.0,30.45,42.0,167.42,4.5,06:16:00,18:02:00
12925,1476329721,10/12/2016 12:00:00 AM,17:35:21,41.04,59.0,30.44,45.0,49.35,3.37,06:16:00,18:02:00
12926,1476329424,10/12/2016 12:00:00 AM,17:30:24,58.26,59.0,30.44,52.0,93.31,1.12,06:16:00,18:02:00
12927,1476329119,10/12/2016 12:00:00 AM,17:25:19,79.73,58.0,30.44,50.0,176.17,9.0,06:16:00,18:02:00
12928,1476328824,10/12/2016 12:00:00 AM,17:20:24,101.43,58.0,30.44,63.0,79.03,4.5,06:16:00,18:02:00
12929,1476328524,10/12/2016 12:00:00 AM,17:15:24,126.22,58.0,30.44,66.0,100.4,6.75,06:16:00,18:02:00
12930,1476328220,10/12/2016 12:00:00 AM,17:10:20,152.62,58.0,30.44,80.0,31.48,3.37,06:16:00,18:02:00
12931,1476327925,10/12/2016 12:00:00 AM,17:05:25,179.08,58.0,30.44,81.0,169.19,3.37,06:16:00,18:02:00
12932,1476327621,10/12/2016 12:00:00 AM,17:00:21,208.51,58.0,30.44,80.0,72.68,9.0,06:16:00,18:02:00
12933,1476327320,10/12/2016 12:00:00 AM,16:55:20,236.68,58.0,30.43,82.0,78.23,6.75,06:16:00,18:02:00
12934,1476327021,10/12/2016 12:00:00 AM,16:50:21,265.95,58.0,30.44,80.0,61.49,5.62,06:16:00,18:02:00
12935,1476326722,10/12/2016 12:00:00 AM,16:45:22,293.51,58.0,30.43,83.0,58.69,10.12,06:16:00,18:02:00
12936,1476326421,10/12/2016 12:00:00 AM,16:40:21,317.89,58.0,30.43,82.0,16.32,2.25,06:16:00,18:02:00
12937,1476326122,10/12/2016 12:00:00 AM,16:35:22,346.66,57.0,30.43,85.0,73.14,10.12,06:16:00,18:02:00
12938,1476325822,10/12/2016 12:00:00 AM,16:30:22,362.99,58.0,30.43,83.0,81.35,4.5,06:16:00,18:02:00
12939,1476325520,10/12/2016 12:00:00 AM,16:25:20,386.27,58.0,30.44,85.0,73.68,6.75,06:16:00,18:02:00
12940,1476325225,10/12/2016 12:00:00 AM,16:20:25,414.01,58.0,30.44,84.0,50.81,4.5,06:16:00,18:02:00
12941,1476324921,10/12/2016 12:00:00 AM,16:15:21,464.46,58.0,30.44,86.0,69.78,3.37,06:16:00,18:02:00
12942,1476324624,10/12/2016 12:00:00 AM,16:10:24,384.58,58.0,30.44,86.0,50.05,2.25,06:16:00,18:02:00
12943,1476324323,10/12/2016 12:00:00 AM,16:05:23,314.48,58.0,30.44,86.0,0.11,3.37,06:16:00,18:02:00
12944,1476324021,10/12/2016 12:00:00 AM,16:00:21,261.69,59.0,30.44,86.0,28.75,3.37,06:16:00,18:02:00
12945,1476323723,10/12/2016 12:00:00 AM,15:55:23,370.97,59.0,30.44,84.0,117.39,4.5,06:16:00,18:02:00
12946,1476323418,10/12/2016 12:00:00 AM,15:50:18,395.9,59.0,30.44,82.0,5.8,12.37,06:16:00,18:02:00
12947,1476323122,10/12/2016 12:00:00 AM,15:45:22,547.17,60.0,30.43,80.0,41.92,5.62,06:16:00,18:02:00
12948,1476322820,10/12/2016 12:00:00 AM,15:40:20,561.4,60.0,30.43,77.0,131.0,5.62,06:16:00,18:02:00
12949,1476322520,10/12/2016 12:00:00 AM,15:35:20,581.09,60.0,30.43,71.0,192.95,4.5,06:16:00,18:02:00
12950,1476322223,10/12/2016 12:00:00 AM,15:30:23,598.88,59.0,30.43,75.0,60.73,4.5,06:16:00,18:02:00
12951,1476321920,10/12/2016 12:00:00 AM,15:25:20,618.52,59.0,30.43,74.0,46.85,9.0,06:16:00,18:02:00
12952,1476321621,10/12/2016 12:00:00 AM,15:20:21,637.9,59.0,30.43,79.0,17.82,4.5,06:16:00,18:02:00
12953,1476321319,10/12/2016 12:00:00 AM,15:15:19,531.91,60.0,30.43,81.0,70.4,13.5,06:16:00,18:02:00
12954,1476321019,10/12/2016 12:00:00 AM,15:10:19,718.99,60.0,30.43,78.0,112.75,5.62,06:16:00,18:02:00
12955,1476320719,10/12/2016 12:00:00 AM,15:05:19,703.48,60.0,30.43,81.0,350.49,5.62,06:16:00,18:02:00
12956,1476320426,10/12/2016 12:00:00 AM,15:00:26,739.73,60.0,30.43,81.0,9.06,11.25,06:16:00,18:02:00
12957,1476320122,10/12/2016 12:00:00 AM,14:55:22,726.09,60.0,30.43,79.0,79.29,7.87,06:16:00,18:02:00
12958,1476319822,10/12/2016 12:00:00 AM,14:50:22,839.88,60.0,30.43,82.0,359.93,4.5,06:16:00,18:02:00
12959,1476319523,10/12/2016 12:00:00 AM,14:45:23,817.24,60.0,30.43,80.0,35.66,9.0,06:16:00,18:02:00
12960,1476319221,10/12/2016 12:00:00 AM,14:40:21,782.6,60.0,30.43,81.0,73.62,9.0,06:16:00,18:02:00
12961,1476318924,10/12/2016 12:00:00 AM,14:35:24,867.0,60.0,30.43,82.0,23.38,6.75,06:16:00,18:02:00
12962,1476318624,10/12/2016 12:00:00 AM,14:30:24,817.34,60.0,30.43,78.0,31.71,2.25,06:16:00,18:02:00
12963,1476318320,10/12/2016 12:00:00 AM,14:25:20,822.86,60.0,30.43,83.0,10.43,4.5,06:16:00,18:02:00
12964,1476318022,10/12/2016 12:00:00 AM,14:20:22,833.33,60.0,30.43,84.0,15.21,6.75,06:16:00,18:02:00
12965,1476317725,10/12/2016 12:00:00 AM,14:15:25,866.65,60.0,30.43,78.0,29.6,7.87,06:16:00,18:02:00
12966,1476317425,10/12/2016 12:00:00 AM,14:10:25,890.23,60.0,30.43,85.0,8.53,11.25,06:16:00,18:02:00
12967,1476317120,10/12/2016 12:00:00 AM,14:05:20,935.46,60.0,30.43,86.0,78.21,3.37,06:16:00,18:02:00
12968,1476316821,10/12/2016 12:00:00 AM,14:00:21,714.08,60.0,30.43,86.0,33.69,4.5,06:16:00,18:02:00
12969,1476316524,10/12/2016 12:00:00 AM,13:55:24,966.22,60.0,30.43,85.0,95.08,11.25,06:16:00,18:02:00
12970,1476316220,10/12/2016 12:00:00 AM,13:50:20,1180.9,60.0,30.43,84.0,24.92,5.62,06:16:00,18:02:00
12971,1476315925,10/12/2016 12:00:00 AM,13:45:25,1030.65,60.0,30.44,85.0,99.6,4.5,06:16:00,18:02:00
12972,1476315622,10/12/2016 12:00:00 AM,13:40:22,948.68,60.0,30.44,85.0,63.41,7.87,06:16:00,18:02:00
12973,1476315319,10/12/2016 12:00:00 AM,13:35:19,955.75,59.0,30.44,86.0,107.92,4.5,06:16:00,18:02:00
12974,1476315025,10/12/2016 12:00:00 AM,13:30:25,1257.61,59.0,30.44,89.0,61.87,4.5,06:16:00,18:02:00
12975,1476314723,10/12/2016 12:00:00 AM,13:25:23,713.05,59.0,30.44,91.0,54.6,12.37,06:16:00,18:02:00
12976,1476314421,10/12/2016 12:00:00 AM,13:20:21,513.66,60.0,30.44,87.0,0.46,5.62,06:16:00,18:02:00
12977,1476314121,10/12/2016 12:00:00 AM,13:15:21,597.9,60.0,30.45,84.0,29.01,5.62,06:16:00,18:02:00
12978,1476313822,10/12/2016 12:00:00 AM,13:10:22,1030.39,59.0,30.45,82.0,65.91,13.5,06:16:00,18:02:00
12979,1476313521,10/12/2016 12:00:00 AM,13:05:21,983.56,59.0,30.45,87.0,83.79,6.75,06:16:00,18:02:00
12980,1476313224,10/12/2016 12:00:00 AM,13:00:24,872.82,58.0,30.45,90.0,69.44,7.87,06:16:00,18:02:00
12981,1476312922,10/12/2016 12:00:00 AM,12:55:22,1022.83,58.0,30.45,90.0,31.04,2.25,06:16:00,18:02:00
12982,1476312624,10/12/2016 12:00:00 AM,12:50:24,1145.23,58.0,30.45,92.0,29.42,4.5,06:16:00,18:02:00
12983,1476312320,10/12/2016 12:00:00 AM,12:45:20,508.44,58.0,30.45,90.0,39.1,5.62,06:16:00,18:02:00
12984,1476312023,10/12/2016 12:00:00 AM,12:40:23,1349.59,58.0,30.45,91.0,48.67,9.0,06:16:00,18:02:00
12985,1476311723,10/12/2016 12:00:00 AM,12:35:23,485.01,59.0,30.45,94.0,27.02,9.0,06:16:00,18:02:00
12986,1476311427,10/12/2016 12:00:00 AM,12:30:27,569.9,58.0,30.45,94.0,336.4,5.62,06:16:00,18:02:00
12987,1476311120,10/12/2016 12:00:00 AM,12:25:20,1259.23,57.0,30.46,95.0,323.55,3.37,06:16:00,18:02:00
12988,1476310820,10/12/2016 12:00:00 AM,12:20:20,668.39,57.0,30.46,96.0,82.65,9.0,06:16:00,18:02:00
12989,1476310521,10/12/2016 12:00:00 AM,12:15:21,903.74,57.0,30.46,96.0,60.29,3.37,06:16:00,18:02:00
12990,1476310219,10/12/2016 12:00:00 AM,12:10:19,548.2,58.0,30.46,97.0,25.15,9.0,06:16:00,18:02:00
12991,1476309926,10/12/2016 12:00:00 AM,12:05:26,493.69,58.0,30.46,96.0,127.37,5.62,06:16:00,18:02:00
12992,1476309619,10/12/2016 12:00:00 AM,12:00:19,648.53,58.0,30.46,95.0,49.51,9.0,06:16:00,18:02:00
12993,1476309324,10/12/2016 12:00:00 AM,11:55:24,561.59,59.0,30.46,92.0,38.56,9.0,06:16:00,18:02:00
12994,1476309021,10/12/2016 12:00:00 AM,11:50:21,1298.72,59.0,30.46,89.0,125.05,9.0,06:16:00,18:02:00
12995,1476308720,10/12/2016 12:00:00 AM,11:45:20,1177.46,59.0,30.46,91.0,27.4,10.12,06:16:00,18:02:00
12996,1476308422,10/12/2016 12:00:00 AM,11:40:22,368.44,60.0,30.46,86.0,75.59,13.5,06:16:00,18:02:00
12997,1476308120,10/12/2016 12:00:00 AM,11:35:20,890.61,60.0,30.47,85.0,32.81,11.25,06:16:00,18:02:00
12998,1476307818,10/12/2016 12:00:00 AM,11:30:18,453.08,60.0,30.47,85.0,16.46,6.75,06:16:00,18:02:00
12999,1476307522,10/12/2016 12:00:00 AM,11:25:22,518.69,62.0,30.47,82.0,44.87,5.62,06:16:00,18:02:00
13000,1476307223,10/12/2016 12:00:00 AM,11:20:23,574.34,61.0,30.47,77.0,104.42,9.0,06:16:00,18:02:00
13001,1476306924,10/12/2016 12:00:00 AM,11:15:24,668.2,60.0,30.47,77.0,40.22,4.5,06:16:00,18:02:00
13002,1476306622,10/12/2016 12:00:00 AM,11:10:22,1053.1,60.0,30.47,79.0,85.64,10.12,06:16:00,18:02:00
13003,1476306321,10/12/2016 12:00:00 AM,11:05:21,685.91,59.0,30.47,79.0,76.64,7.87,06:16:00,18:02:00
13004,1476306021,10/12/2016 12:00:00 AM,11:00:21,970.47,59.0,30.48,81.0,57.16,11.25,06:16:00,18:02:00
13005,1476305721,10/12/2016 12:00:00 AM,10:55:21,529.59,61.0,30.48,78.0,14.05,11.25,06:16:00,18:02:00
13006,1476305422,10/12/2016 12:00:00 AM,10:50:22,1014.2,60.0,30.48,71.0,95.4,7.87,06:16:00,18:02:00
13007,1476305126,10/12/2016 12:00:00 AM,10:45:26,988.19,60.0,30.48,75.0,72.29,5.62,06:16:00,18:02:00
13008,1476304821,10/12/2016 12:00:00 AM,10:40:21,923.97,60.0,30.48,79.0,97.45,2.25,06:16:00,18:02:00
13009,1476304525,10/12/2016 12:00:00 AM,10:35:25,957.37,60.0,30.48,81.0,25.08,12.37,06:16:00,18:02:00
13010,1476304222,10/12/2016 12:00:00 AM,10:30:22,1023.96,60.0,30.48,79.0,148.61,12.37,06:16:00,18:02:00
13011,1476303920,10/12/2016 12:00:00 AM,10:25:20,901.63,60.0,30.48,77.0,47.0,5.62,06:16:00,18:02:00
13012,1476303620,10/12/2016 12:00:00 AM,10:20:20,881.91,59.0,30.48,79.0,87.84,7.87,06:16:00,18:02:00
13013,1476303326,10/12/2016 12:00:00 AM,10:15:26,871.49,59.0,30.48,79.0,359.92,6.75,06:16:00,18:02:00
13014,1476303025,10/12/2016 12:00:00 AM,10:10:25,871.32,59.0,30.49,83.0,57.96,4.5,06:16:00,18:02:00
13015,1476302725,10/12/2016 12:00:00 AM,10:05:25,554.43,59.0,30.48,81.0,94.07,4.5,06:16:00,18:02:00
13016,1476302419,10/12/2016 12:00:00 AM,10:00:19,853.58,60.0,30.48,79.0,41.61,3.37,06:16:00,18:02:00
13017,1476302123,10/12/2016 12:00:00 AM,09:55:23,835.95,60.0,30.48,77.0,76.47,5.62,06:16:00,18:02:00
13018,1476301819,10/12/2016 12:00:00 AM,09:50:19,805.52,60.0,30.48,77.0,86.36,2.25,06:16:00,18:02:00
13019,1476301519,10/12/2016 12:00:00 AM,09:45:19,803.76,59.0,30.48,79.0,84.62,6.75,06:16:00,18:02:00
13020,1476301220,10/12/2016 12:00:00 AM,09:40:20,815.57,59.0,30.48,81.0,128.97,7.87,06:16:00,18:02:00
13021,1476300924,10/12/2016 12:00:00 AM,09:35:24,764.08,59.0,30.48,83.0,45.46,4.5,06:16:00,18:02:00
13022,1476300625,10/12/2016 12:00:00 AM,09:30:25,769.4,59.0,30.48,86.0,84.7,5.62,06:16:00,18:02:00
13023,1476300321,10/12/2016 12:00:00 AM,09:25:21,582.76,58.0,30.48,87.0,112.31,5.62,06:16:00,18:02:00
13024,1476300022,10/12/2016 12:00:00 AM,09:20:22,729.05,57.0,30.48,91.0,72.98,2.25,06:16:00,18:02:00
13025,1476299721,10/12/2016 12:00:00 AM,09:15:21,540.05,57.0,30.48,91.0,87.06,3.37,06:16:00,18:02:00
13026,1476299422,10/12/2016 12:00:00 AM,09:10:22,673.13,56.0,30.48,93.0,79.24,7.87,06:16:00,18:02:00
13027,1476299122,10/12/2016 12:00:00 AM,09:05:22,493.43,56.0,30.48,94.0,34.94,6.75,06:16:00,18:02:00
13028,1476298821,10/12/2016 12:00:00 AM,09:00:21,585.68,56.0,30.48,94.0,120.39,10.12,06:16:00,18:02:00
13029,1476298524,10/12/2016 12:00:00 AM,08:55:24,323.92,56.0,30.48,95.0,66.75,4.5,06:16:00,18:02:00
13030,1476298220,10/12/2016 12:00:00 AM,08:50:20,684.04,55.0,30.48,96.0,112.43,7.87,06:16:00,18:02:00
13031,1476297919,10/12/2016 12:00:00 AM,08:45:19,353.02,55.0,30.48,97.0,118.89,3.37,06:16:00,18:02:00
13032,1476297619,10/12/2016 12:00:00 AM,08:40:19,774.37,55.0,30.48,96.0,98.34,4.5,06:16:00,18:02:00
13033,1476297321,10/12/2016 12:00:00 AM,08:35:21,275.74,55.0,30.48,95.0,93.27,5.62,06:16:00,18:02:00
13034,1476297023,10/12/2016 12:00:00 AM,08:30:23,266.01,55.0,30.48,94.0,84.11,4.5,06:16:00,18:02:00
13035,1476296721,10/12/2016 12:00:00 AM,08:25:21,277.81,56.0,30.48,92.0,76.42,3.37,06:16:00,18:02:00
13036,1476296423,10/12/2016 12:00:00 AM,08:20:23,306.36,55.0,30.48,91.0,138.6,9.0,06:16:00,18:02:00
13037,1476296123,10/12/2016 12:00:00 AM,08:15:23,333.46,55.0,30.47,91.0,152.68,6.75,06:16:00,18:02:00
13038,1476295821,10/12/2016 12:00:00 AM,08:10:21,396.91,55.0,30.47,92.0,131.4,3.37,06:16:00,18:02:00
13039,1476295524,10/12/2016 12:00:00 AM,08:05:24,469.08,54.0,30.47,94.0,132.21,4.5,06:16:00,18:02:00
13040,1476295221,10/12/2016 12:00:00 AM,08:00:21,206.02,54.0,30.47,93.0,83.06,4.5,06:16:00,18:02:00
13041,1476294921,10/12/2016 12:00:00 AM,07:55:21,160.23,54.0,30.47,92.0,161.93,7.87,06:16:00,18:02:00
13042,1476294622,10/12/2016 12:00:00 AM,07:50:22,395.68,53.0,30.47,93.0,135.34,7.87,06:16:00,18:02:00
13043,1476294321,10/12/2016 12:00:00 AM,07:45:21,372.79,52.0,30.47,94.0,154.87,6.75,06:16:00,18:02:00
13044,1476294023,10/12/2016 12:00:00 AM,07:40:23,362.43,51.0,30.47,94.0,162.19,9.0,06:16:00,18:02:00
13045,1476293724,10/12/2016 12:00:00 AM,07:35:24,128.9,51.0,30.47,95.0,147.37,9.0,06:16:00,18:02:00
13046,1476293421,10/12/2016 12:00:00 AM,07:30:21,259.77,50.0,30.47,95.0,156.33,6.75,06:16:00,18:02:00
13047,1476293121,10/12/2016 12:00:00 AM,07:25:21,277.37,50.0,30.47,96.0,144.96,10.12,06:16:00,18:02:00
13048,1476292824,10/12/2016 12:00:00 AM,07:20:24,148.16,49.0,30.46,96.0,166.62,10.12,06:16:00,18:02:00
13049,1476292522,10/12/2016 12:00:00 AM,07:15:22,66.97,49.0,30.47,95.0,141.69,6.75,06:16:00,18:02:00
13050,1476292220,10/12/2016 12:00:00 AM,07:10:20,113.98,48.0,30.46,94.0,177.5,9.0,06:16:00,18:02:00
13051,1476291924,10/12/2016 12:00:00 AM,07:05:24,37.32,48.0,30.46,94.0,166.02,10.12,06:16:00,18:02:00
13052,1476291621,10/12/2016 12:00:00 AM,07:00:21,44.12,47.0,30.46,92.0,173.35,7.87,06:16:00,18:02:00
13053,1476291327,10/12/2016 12:00:00 AM,06:55:27,52.6,46.0,30.46,88.0,150.31,7.87,06:16:00,18:02:00
13054,1476291020,10/12/2016 12:00:00 AM,06:50:20,29.29,46.0,30.46,91.0,152.83,6.75,06:16:00,18:02:00
13055,1476290722,10/12/2016 12:00:00 AM,06:45:22,22.37,46.0,30.46,89.0,156.97,9.0,06:16:00,18:02:00
13056,1476290435,10/12/2016 12:00:00 AM,06:40:35,15.89,46.0,30.46,85.0,163.63,9.0,06:16:00,18:02:00
13057,1476290120,10/12/2016 12:00:00 AM,06:35:20,14.31,46.0,30.46,82.0,140.59,7.87,06:16:00,18:02:00
13058,1476289824,10/12/2016 12:00:00 AM,06:30:24,12.8,45.0,30.46,76.0,166.3,7.87,06:16:00,18:02:00
13059,1476289521,10/12/2016 12:00:00 AM,06:25:21,10.08,45.0,30.46,73.0,164.7,4.5,06:16:00,18:02:00
13060,1476289221,10/12/2016 12:00:00 AM,06:20:21,8.03,45.0,30.45,72.0,175.01,7.87,06:16:00,18:02:00
13061,1476288919,10/12/2016 12:00:00 AM,06:15:19,5.87,45.0,30.45,74.0,161.39,10.12,06:16:00,18:02:00
13062,1476288621,10/12/2016 12:00:00 AM,06:10:21,3.64,51.16507236474315,30.45,74.0,138.94,6.75,06:16:00,18:02:00
13063,1476288326,10/12/2016 12:00:00 AM,06:05:26,2.03,45.0,30.45,74.0,120.49,7.87,06:16:00,18:02:00
13064,1476288023,10/12/2016 12:00:00 AM,06:00:23,1.23,45.0,30.45,72.0,165.76,9.0,06:16:00,18:02:00
13065,1476287723,10/12/2016 12:00:00 AM,05:55:23,1.2,45.0,30.45,73.0,166.77,6.75,06:16:00,18:02:00
13066,1476287428,10/12/2016 12:00:00 AM,05:50:28,1.23,45.0,30.45,73.0,151.39,9.0,06:16:00,18:02:00
13067,1476287121,10/12/2016 12:00:00 AM,05:45:21,1.22,46.0,30.45,72.0,165.6,7.87,06:16:00,18:02:00
13068,1476286829,10/12/2016 12:00:00 AM,05:40:29,1.24,46.0,30.45,72.0,168.02,10.12,06:16:00,18:02:00
13069,1476286523,10/12/2016 12:00:00 AM,05:35:23,1.22,46.0,30.44,73.0,159.68,7.87,06:16:00,18:02:00
13070,1476286223,10/12/2016 12:00:00 AM,05:30:23,1.22,46.0,30.44,72.0,142.33,7.87,06:16:00,18:02:00
13071,1476285923,10/12/2016 12:00:00 AM,05:25:23,1.22,46.0,30.44,70.0,141.75,7.87,06:16:00,18:02:00
13072,1476285619,10/12/2016 12:00:00 AM,05:20:19,1.23,46.0,30.44,70.0,170.49,6.75,06:16:00,18:02:00
13073,1476285320,10/12/2016 12:00:00 AM,05:15:20,1.21,46.0,30.44,70.0,189.51,5.62,06:16:00,18:02:00
13074,1476285019,10/12/2016 12:00:00 AM,05:10:19,1.22,46.0,30.44,70.0,173.02,7.87,06:16:00,18:02:00
13075,1476284719,10/12/2016 12:00:00 AM,05:05:19,1.23,46.0,30.44,70.0,179.32,6.75,06:16:00,18:02:00
13076,1476284422,10/12/2016 12:00:00 AM,05:00:22,1.26,46.0,30.44,70.0,169.49,7.87,06:16:00,18:02:00
13077,1476284125,10/12/2016 12:00:00 AM,04:55:25,1.24,47.0,30.44,71.0,166.64,6.75,06:16:00,18:02:00
13078,1476283819,10/12/2016 12:00:00 AM,04:50:19,1.22,47.0,30.44,70.0,177.03,6.75,06:16:00,18:02:00
13079,1476283518,10/12/2016 12:00:00 AM,04:45:18,1.21,47.0,30.44,70.0,187.73,7.87,06:16:00,18:02:00
13080,1476283225,10/12/2016 12:00:00 AM,04:40:25,1.23,47.0,30.44,70.0,177.15,9.0,06:16:00,18:02:00
13081,1476282923,10/12/2016 12:00:00 AM,04:35:23,1.24,47.0,30.43,70.0,160.66,6.75,06:16:00,18:02:00
13082,1476282621,10/12/2016 12:00:00 AM,04:30:21,1.22,47.0,30.43,70.0,174.13,5.62,06:16:00,18:02:00
13083,1476282322,10/12/2016 12:00:00 AM,04:25:22,1.21,47.0,30.43,70.0,173.86,7.87,06:16:00,18:02:00
13084,1476282020,10/12/2016 12:00:00 AM,04:20:20,1.23,47.0,30.43,69.0,177.6,7.87,06:16:00,18:02:00
13085,1476281721,10/12/2016 12:00:00 AM,04:15:21,1.22,47.0,30.43,69.0,175.55,5.62,06:16:00,18:02:00
13086,1476281429,10/12/2016 12:00:00 AM,04:10:29,1.24,47.0,30.43,70.0,162.7,7.87,06:16:00,18:02:00
13087,1476281121,10/12/2016 12:00:00 AM,04:05:21,1.22,47.0,30.43,70.0,177.18,5.62,06:16:00,18:02:00
13088,1476280819,10/12/2016 12:00:00 AM,04:00:19,1.23,47.0,30.43,74.83719267708949,187.19,6.75,06:16:00,18:02:00
13089,1476280521,10/12/2016 12:00:00 AM,03:55:21,1.22,47.0,30.43,71.0,175.99,5.62,06:16:00,18:02:00
13090,1476280227,10/12/2016 12:00:00 AM,03:50:27,1.22,47.0,30.43,71.0,175.48,5.62,06:16:00,18:02:00
13091,1476279917,10/12/2016 12:00:00 AM,03:45:17,1.21,47.0,30.43,71.0,166.28,5.62,06:16:00,18:02:00
13092,1476279619,10/12/2016 12:00:00 AM,03:40:19,1.2,47.0,30.43,71.0,188.65,5.62,06:16:00,18:02:00
13093,1476279320,10/12/2016 12:00:00 AM,03:35:20,1.21,47.0,30.43,70.0,185.11,5.62,06:16:00,18:02:00
13094,1476279023,10/12/2016 12:00:00 AM,03:30:23,1.25,47.0,30.43,70.0,175.84,6.75,06:16:00,18:02:00
13095,1476278722,10/12/2016 12:00:00 AM,03:25:22,1.2,47.0,30.43,70.0,186.76,4.5,06:16:00,18:02:00
13096,1476278423,10/12/2016 12:00:00 AM,03:20:23,1.24,47.0,30.43,70.0,175.36,6.75,06:16:00,18:02:00
13097,1476278125,10/12/2016 12:00:00 AM,03:15:25,1.24,47.0,30.43,74.83719267708949,185.28,6.75,06:16:00,18:02:00
13098,1476277824,10/12/2016 12:00:00 AM,03:10:24,1.21,47.0,30.43,70.0,182.93,5.62,06:16:00,18:02:00
13099,1476277518,10/12/2016 12:00:00 AM,03:05:18,1.25,48.0,30.43,71.0,182.8,6.75,06:16:00,18:02:00
13100,1476277222,10/12/2016 12:00:00 AM,03:00:22,1.29,48.0,30.43,71.0,142.25,6.75,06:16:00,18:02:00
13101,1476276920,10/12/2016 12:00:00 AM,02:55:20,1.22,48.0,30.44,70.0,181.4,6.75,06:16:00,18:02:00
13102,1476276618,10/12/2016 12:00:00 AM,02:50:18,1.24,48.0,30.44,70.0,185.19,6.75,06:16:00,18:02:00
13103,1476276321,10/12/2016 12:00:00 AM,02:45:21,1.27,48.0,30.44,70.0,171.14,5.62,06:16:00,18:02:00
13104,1476276022,10/12/2016 12:00:00 AM,02:40:22,1.22,48.0,30.44,70.0,182.95,7.87,06:16:00,18:02:00
13105,1476275424,10/12/2016 12:00:00 AM,02:30:24,1.25,48.0,30.44,70.0,190.73,6.75,06:16:00,18:02:00
13106,1476275123,10/12/2016 12:00:00 AM,02:25:23,1.23,48.0,30.44,71.0,153.92,6.75,06:16:00,18:02:00
13107,1476274820,10/12/2016 12:00:00 AM,02:20:20,1.26,48.0,30.44,71.0,170.03,7.87,06:16:00,18:02:00
13108,1476274523,10/12/2016 12:00:00 AM,02:15:23,1.2,48.0,30.44,71.0,170.02,6.75,06:16:00,18:02:00
13109,1476274221,10/12/2016 12:00:00 AM,02:10:21,1.24,48.0,30.44,72.0,174.47,5.62,06:16:00,18:02:00
13110,1476273922,10/12/2016 12:00:00 AM,02:05:22,1.25,48.0,30.44,72.0,156.96,5.62,06:16:00,18:02:00
13111,1476273621,10/12/2016 12:00:00 AM,02:00:21,1.25,48.0,30.44,73.0,184.18,5.62,06:16:00,18:02:00
13112,1476273319,10/12/2016 12:00:00 AM,01:55:19,1.25,48.0,30.45,73.0,166.97,5.62,06:16:00,18:02:00
13113,1476273024,10/12/2016 12:00:00 AM,01:50:24,1.21,48.0,30.45,74.0,177.68,5.62,06:16:00,18:02:00
13114,1476272718,10/12/2016 12:00:00 AM,01:45:18,1.23,48.0,30.45,74.0,181.66,5.62,06:16:00,18:02:00
13115,1476272419,10/12/2016 12:00:00 AM,01:40:19,1.23,48.0,30.45,76.0,182.34,6.75,06:16:00,18:02:00
13116,1476272118,10/12/2016 12:00:00 AM,01:35:18,1.22,49.0,30.45,77.0,186.28,7.87,06:16:00,18:02:00
13117,1476271822,10/12/2016 12:00:00 AM,01:30:22,1.23,49.0,30.45,78.0,180.69,9.0,06:16:00,18:02:00
13118,1476271519,10/12/2016 12:00:00 AM,01:25:19,1.2,49.0,30.45,81.0,181.74,7.87,06:16:00,18:02:00
13119,1476271221,10/12/2016 12:00:00 AM,01:20:21,1.24,49.0,30.45,83.0,187.36,7.87,06:16:00,18:02:00
13120,1476270918,10/12/2016 12:00:00 AM,01:15:18,1.23,49.0,30.45,84.0,176.47,10.12,06:16:00,18:02:00
13121,1476270623,10/12/2016 12:00:00 AM,01:10:23,1.21,49.0,30.46,85.0,182.77,9.0,06:16:00,18:02:00
13122,1476270322,10/12/2016 12:00:00 AM,01:05:22,1.25,49.0,30.46,84.0,182.49,7.87,06:16:00,18:02:00
13123,1476270020,10/12/2016 12:00:00 AM,01:00:20,1.25,51.16507236474315,30.46,85.0,178.1,9.0,06:16:00,18:02:00
13124,1476269723,10/12/2016 12:00:00 AM,00:55:23,1.23,49.0,30.46,86.0,180.56,7.87,06:16:00,18:02:00
13125,1476269421,10/12/2016 12:00:00 AM,00:50:21,1.23,49.0,30.46,85.0,160.99,4.5,06:16:00,18:02:00
13126,1476269121,10/12/2016 12:00:00 AM,00:45:21,1.24,49.0,30.46,87.0,170.26,5.62,06:16:00,18:02:00
13127,1476268828,10/12/2016 12:00:00 AM,00:40:28,1.26,50.0,30.46,87.0,176.99,5.62,06:16:00,18:02:00
13128,1476268522,10/12/2016 12:00:00 AM,00:35:22,1.25,50.0,30.46,87.0,184.15,3.37,06:16:00,18:02:00
13129,1476268219,10/12/2016 12:00:00 AM,00:30:19,1.21,50.0,30.46,87.0,183.45,5.62,06:16:00,18:02:00
13130,1476267923,10/12/2016 12:00:00 AM,00:25:23,1.23,50.0,30.47,86.0,190.81,3.37,06:16:00,18:02:00
13131,1476267627,10/12/2016 12:00:00 AM,00:20:27,1.23,50.0,30.47,86.0,190.08,5.62,06:16:00,18:02:00
13132,1476266420,10/12/2016 12:00:00 AM,00:00:20,1.26,51.0,30.47,84.0,195.81,5.62,06:16:00,18:02:00
13133,1476266121,10/11/2016 12:00:00 AM,23:55:21,1.22,51.0,30.47,83.0,185.14,7.87,06:16:00,18:03:00
13134,1476265822,10/11/2016 12:00:00 AM,23:50:22,1.26,51.0,30.47,82.0,179.74,7.87,06:16:00,18:03:00
13135,1476265518,10/11/2016 12:00:00 AM,23:45:18,1.25,51.0,30.47,81.0,180.49,7.87,06:16:00,18:03:00
13136,1476265224,10/11/2016 12:00:00 AM,23:40:24,1.24,51.0,30.47,81.0,183.29,9.0,06:16:00,18:03:00
13137,1476264924,10/11/2016 12:00:00 AM,23:35:24,1.24,51.0,30.47,83.0,181.15,7.87,06:16:00,18:03:00
13138,1476264625,10/11/2016 12:00:00 AM,23:30:25,1.25,51.0,30.47,85.0,177.98,7.87,06:16:00,18:03:00
13139,1476264322,10/11/2016 12:00:00 AM,23:25:22,1.22,51.0,30.47,86.0,176.96,6.75,06:16:00,18:03:00
13140,1476264021,10/11/2016 12:00:00 AM,23:20:21,1.22,51.0,30.47,86.0,174.73,6.75,06:16:00,18:03:00
13141,1476263724,10/11/2016 12:00:00 AM,23:15:24,1.21,51.0,30.47,84.0,158.43,7.87,06:16:00,18:03:00
13142,1476263423,10/11/2016 12:00:00 AM,23:10:23,1.24,51.0,30.47,82.0,183.4,6.75,06:16:00,18:03:00
13143,1476263120,10/11/2016 12:00:00 AM,23:05:20,1.27,51.0,30.47,82.0,157.9,5.62,06:16:00,18:03:00
13144,1476262822,10/11/2016 12:00:00 AM,23:00:22,1.23,51.0,30.47,83.0,129.68,4.5,06:16:00,18:03:00
13145,1476262522,10/11/2016 12:00:00 AM,22:55:22,1.24,51.0,30.47,83.0,168.89,5.62,06:16:00,18:03:00
13146,1476262223,10/11/2016 12:00:00 AM,22:50:23,1.25,51.0,30.47,80.0,150.63,5.62,06:16:00,18:03:00
13147,1476261918,10/11/2016 12:00:00 AM,22:45:18,1.23,51.0,30.47,78.0,160.41,3.37,06:16:00,18:03:00
13148,1476261620,10/11/2016 12:00:00 AM,22:40:20,1.24,51.0,30.47,81.0,179.6,3.37,06:16:00,18:03:00
13149,1476261321,10/11/2016 12:00:00 AM,22:35:21,1.23,51.0,30.47,80.0,162.49,5.62,06:16:00,18:03:00
13150,1476261024,10/11/2016 12:00:00 AM,22:30:24,1.21,51.0,30.47,78.0,194.26,4.5,06:16:00,18:03:00
13151,1476260722,10/11/2016 12:00:00 AM,22:25:22,1.24,51.0,30.47,80.0,172.4,7.87,06:16:00,18:03:00
13152,1476260421,10/11/2016 12:00:00 AM,22:20:21,1.24,51.0,30.47,80.0,172.6,5.62,06:16:00,18:03:00
13153,1476260121,10/11/2016 12:00:00 AM,22:15:21,1.25,51.0,30.47,80.0,182.64,6.75,06:16:00,18:03:00
13154,1476259821,10/11/2016 12:00:00 AM,22:10:21,1.24,51.0,30.47,82.0,177.04,6.75,06:16:00,18:03:00
13155,1476259523,10/11/2016 12:00:00 AM,22:05:23,1.25,51.0,30.47,82.0,171.64,9.0,06:16:00,18:03:00
13156,1476259218,10/11/2016 12:00:00 AM,22:00:18,1.24,51.0,30.47,79.0,171.25,6.75,06:16:00,18:03:00
13157,1476258921,10/11/2016 12:00:00 AM,21:55:21,1.25,51.0,30.48,77.0,171.71,4.5,06:16:00,18:03:00
13158,1476258624,10/11/2016 12:00:00 AM,21:50:24,1.25,51.0,30.48,76.0,156.28,6.75,06:16:00,18:03:00
13159,1476258323,10/11/2016 12:00:00 AM,21:45:23,1.25,51.0,30.48,75.0,181.27,7.87,06:16:00,18:03:00
13160,1476258022,10/11/2016 12:00:00 AM,21:40:22,1.21,51.16507236474315,30.48,74.0,170.26,7.87,06:16:00,18:03:00
13161,1476257721,10/11/2016 12:00:00 AM,21:35:21,1.23,51.0,30.48,71.0,155.53,9.0,06:16:00,18:03:00
13162,1476257420,10/11/2016 12:00:00 AM,21:30:20,1.23,51.0,30.48,74.0,182.86,5.62,06:16:00,18:03:00
13163,1476257124,10/11/2016 12:00:00 AM,21:25:24,1.24,51.0,30.48,74.0,158.81,6.75,06:16:00,18:03:00
13164,1476256823,10/11/2016 12:00:00 AM,21:20:23,1.24,51.0,30.48,72.0,169.62,6.75,06:16:00,18:03:00
13165,1476256524,10/11/2016 12:00:00 AM,21:15:24,1.24,52.0,30.48,71.0,167.57,4.5,06:16:00,18:03:00
13166,1476256222,10/11/2016 12:00:00 AM,21:10:22,1.23,52.0,30.48,74.0,180.31,4.5,06:16:00,18:03:00
13167,1476255924,10/11/2016 12:00:00 AM,21:05:24,1.27,52.0,30.48,74.0,175.55,6.75,06:16:00,18:03:00
13168,1476255620,10/11/2016 12:00:00 AM,21:00:20,1.23,52.0,30.48,70.0,169.04,4.5,06:16:00,18:03:00
13169,1476255320,10/11/2016 12:00:00 AM,20:55:20,1.23,52.0,30.47,72.0,156.33,6.75,06:16:00,18:03:00
13170,1476255021,10/11/2016 12:00:00 AM,20:50:21,1.25,52.0,30.47,75.0,185.68,9.0,06:16:00,18:03:00
13171,1476254723,10/11/2016 12:00:00 AM,20:45:23,1.24,52.0,30.47,77.0,180.17,5.62,06:16:00,18:03:00
13172,1476254424,10/11/2016 12:00:00 AM,20:40:24,1.25,52.0,30.47,79.0,158.12,3.37,06:16:00,18:03:00
13173,1476254119,10/11/2016 12:00:00 AM,20:35:19,1.25,52.0,30.47,74.83719267708949,125.42,2.25,06:16:00,18:03:00
13174,1476253820,10/11/2016 12:00:00 AM,20:30:20,1.21,52.0,30.47,85.0,127.41,2.25,06:16:00,18:03:00
13175,1476253521,10/11/2016 12:00:00 AM,20:25:21,1.24,52.0,30.47,89.0,144.75,5.62,06:16:00,18:03:00
13176,1476253222,10/11/2016 12:00:00 AM,20:20:22,1.23,52.0,30.47,90.0,148.48,4.5,06:16:00,18:03:00
13177,1476252924,10/11/2016 12:00:00 AM,20:15:24,1.24,52.0,30.46,90.0,175.72,3.37,06:16:00,18:03:00
13178,1476252620,10/11/2016 12:00:00 AM,20:10:20,1.23,52.0,30.46,90.0,157.29,3.37,06:16:00,18:03:00
13179,1476252322,10/11/2016 12:00:00 AM,20:05:22,1.27,52.0,30.46,92.0,147.83,1.12,06:16:00,18:03:00
13180,1476252021,10/11/2016 12:00:00 AM,20:00:21,1.23,52.0,30.46,91.0,163.97,3.37,06:16:00,18:03:00
13181,1476251719,10/11/2016 12:00:00 AM,19:55:19,1.26,52.0,30.46,90.0,170.15,4.5,06:16:00,18:03:00
13182,1476251419,10/11/2016 12:00:00 AM,19:50:19,1.24,53.0,30.46,89.0,170.19,4.5,06:16:00,18:03:00
13183,1476251121,10/11/2016 12:00:00 AM,19:45:21,1.24,53.0,30.46,86.0,175.89,5.62,06:16:00,18:03:00
13184,1476250818,10/11/2016 12:00:00 AM,19:40:18,1.26,53.0,30.46,80.0,129.96,2.25,06:16:00,18:03:00
13185,1476250524,10/11/2016 12:00:00 AM,19:35:24,1.28,54.0,30.46,81.0,28.4,3.37,06:16:00,18:03:00
13186,1476250223,10/11/2016 12:00:00 AM,19:30:23,1.27,54.0,30.46,83.0,98.97,1.12,06:16:00,18:03:00
13187,1476249920,10/11/2016 12:00:00 AM,19:25:20,1.23,54.0,30.45,82.0,133.67,3.37,06:16:00,18:03:00
13188,1476249623,10/11/2016 12:00:00 AM,19:20:23,1.22,54.0,30.45,89.0,76.45,2.25,06:16:00,18:03:00
13189,1476249323,10/11/2016 12:00:00 AM,19:15:23,1.21,54.0,30.45,90.0,27.95,3.37,06:16:00,18:03:00
13190,1476249027,10/11/2016 12:00:00 AM,19:10:27,1.22,54.0,30.45,89.0,116.01,3.37,06:16:00,18:03:00
13191,1476248725,10/11/2016 12:00:00 AM,19:05:25,1.25,54.0,30.45,89.0,113.63,1.12,06:16:00,18:03:00
13192,1476248422,10/11/2016 12:00:00 AM,19:00:22,1.26,55.0,30.45,88.0,114.4,2.25,06:16:00,18:03:00
13193,1476248119,10/11/2016 12:00:00 AM,18:55:19,1.27,55.0,30.44,88.0,114.29,2.25,06:16:00,18:03:00
13194,1476247823,10/11/2016 12:00:00 AM,18:50:23,1.27,55.0,30.44,87.0,114.0,1.12,06:16:00,18:03:00
13195,1476247519,10/11/2016 12:00:00 AM,18:45:19,1.24,56.0,30.44,87.0,89.61,1.12,06:16:00,18:03:00
13196,1476247223,10/11/2016 12:00:00 AM,18:40:23,1.26,56.0,30.44,88.0,78.8,1.12,06:16:00,18:03:00
13197,1476246923,10/11/2016 12:00:00 AM,18:35:23,1.25,56.0,30.44,87.0,78.48,3.37,06:16:00,18:03:00
13198,1476246626,10/11/2016 12:00:00 AM,18:30:26,1.24,56.0,30.44,87.0,74.99,2.25,06:16:00,18:03:00
13199,1476246327,10/11/2016 12:00:00 AM,18:25:27,1.26,57.0,30.44,86.0,58.15,2.25,06:16:00,18:03:00
13200,1476246020,10/11/2016 12:00:00 AM,18:20:20,1.25,57.0,30.44,85.0,20.56,2.25,06:16:00,18:03:00
13201,1476245719,10/11/2016 12:00:00 AM,18:15:19,1.38,58.0,30.44,83.0,20.55,2.25,06:16:00,18:03:00
13202,1476245420,10/11/2016 12:00:00 AM,18:10:20,2.41,58.0,30.44,81.0,20.55,0.0,06:16:00,18:03:00
13203,1476245121,10/11/2016 12:00:00 AM,18:05:21,4.3,58.0,30.44,80.0,20.56,1.12,06:16:00,18:03:00
13204,1476244818,10/11/2016 12:00:00 AM,18:00:18,6.47,58.0,30.44,80.0,20.56,0.0,06:16:00,18:03:00
13205,1476244523,10/11/2016 12:00:00 AM,17:55:23,8.97,59.0,30.43,79.0,20.55,0.0,06:16:00,18:03:00
13206,1476244225,10/11/2016 12:00:00 AM,17:50:25,12.26,59.0,30.43,80.0,20.55,1.12,06:16:00,18:03:00
13207,1476243923,10/11/2016 12:00:00 AM,17:45:23,21.54,59.0,30.43,82.0,20.56,0.0,06:16:00,18:03:00
13208,1476243618,10/11/2016 12:00:00 AM,17:40:18,24.32,59.0,30.43,84.0,20.56,0.0,06:16:00,18:03:00
13209,1476243321,10/11/2016 12:00:00 AM,17:35:21,29.67,60.0,30.43,83.0,20.6,3.37,06:16:00,18:03:00
13210,1476243026,10/11/2016 12:00:00 AM,17:30:26,53.47,60.0,30.43,77.0,9.12,2.25,06:16:00,18:03:00
13211,1476242724,10/11/2016 12:00:00 AM,17:25:24,73.34,60.0,30.43,77.0,19.11,5.62,06:16:00,18:03:00
13212,1476242419,10/11/2016 12:00:00 AM,17:20:19,95.16,60.0,30.43,74.0,36.77,0.0,06:16:00,18:03:00
13213,1476242123,10/11/2016 12:00:00 AM,17:15:23,117.44,61.0,30.43,79.0,9.95,3.37,06:16:00,18:03:00
13214,1476241820,10/11/2016 12:00:00 AM,17:10:20,141.26,61.0,30.42,78.0,41.91,1.12,06:16:00,18:03:00
13215,1476241523,10/11/2016 12:00:00 AM,17:05:23,166.85,60.0,30.42,78.0,57.29,1.12,06:16:00,18:03:00
13216,1476241218,10/11/2016 12:00:00 AM,17:00:18,193.66,60.0,30.42,83.0,153.2,3.37,06:16:00,18:03:00
13217,1476240924,10/11/2016 12:00:00 AM,16:55:24,219.68,60.0,30.42,83.0,143.54770303349548,2.25,06:16:00,18:03:00
13218,1476240622,10/11/2016 12:00:00 AM,16:50:22,250.2,60.0,30.42,83.0,88.11,0.0,06:16:00,18:03:00
13219,1476240319,10/11/2016 12:00:00 AM,16:45:19,276.51,60.0,30.42,83.0,19.07,4.5,06:16:00,18:03:00
13220,1476240019,10/11/2016 12:00:00 AM,16:40:19,299.96,60.0,30.42,81.0,37.53,6.75,06:16:00,18:03:00
13221,1476239719,10/11/2016 12:00:00 AM,16:35:19,319.88,60.0,30.42,81.0,30.98,9.0,06:16:00,18:03:00
13222,1476239422,10/11/2016 12:00:00 AM,16:30:22,340.79,61.0,30.42,80.0,14.17,3.37,06:16:00,18:03:00
13223,1476239119,10/11/2016 12:00:00 AM,16:25:19,361.76,61.0,30.41,79.0,45.46,7.87,06:16:00,18:03:00
13224,1476238818,10/11/2016 12:00:00 AM,16:20:18,385.1,61.0,30.41,79.0,17.65,5.62,06:16:00,18:03:00
13225,1476238521,10/11/2016 12:00:00 AM,16:15:21,404.01,61.0,30.41,78.0,44.43,3.37,06:16:00,18:03:00
13226,1476238221,10/11/2016 12:00:00 AM,16:10:21,433.41,61.0,30.41,78.0,20.67,10.12,06:16:00,18:03:00
13227,1476237922,10/11/2016 12:00:00 AM,16:05:22,449.58,61.0,30.41,77.0,7.77,5.62,06:16:00,18:03:00
13228,1476237618,10/11/2016 12:00:00 AM,16:00:18,467.77,62.0,30.41,77.0,46.33,3.37,06:16:00,18:03:00
13229,1476237322,10/11/2016 12:00:00 AM,15:55:22,492.85,62.0,30.41,76.0,38.26,7.87,06:16:00,18:03:00
13230,1476237022,10/11/2016 12:00:00 AM,15:50:22,513.74,62.0,30.41,78.0,18.13,4.5,06:16:00,18:03:00
13231,1476236721,10/11/2016 12:00:00 AM,15:45:21,533.9,62.0,30.41,77.0,359.3,5.62,06:16:00,18:03:00
13232,1476236420,10/11/2016 12:00:00 AM,15:40:20,550.0,62.0,30.41,76.0,32.37,3.37,06:16:00,18:03:00
13233,1476236123,10/11/2016 12:00:00 AM,15:35:23,570.81,61.0,30.41,77.0,95.69,2.25,06:16:00,18:03:00
13234,1476235821,10/11/2016 12:00:00 AM,15:30:21,597.72,61.0,30.41,78.0,101.84,1.12,06:16:00,18:03:00
13235,1476235518,10/11/2016 12:00:00 AM,15:25:18,611.59,61.0,30.41,79.0,75.47,4.5,06:16:00,18:03:00
13236,1476235219,10/11/2016 12:00:00 AM,15:20:19,647.7,60.0,30.41,81.0,60.24,5.62,06:16:00,18:03:00
13237,1476234922,10/11/2016 12:00:00 AM,15:15:22,666.39,60.0,30.41,82.0,73.52,6.75,06:16:00,18:03:00
13238,1476234624,10/11/2016 12:00:00 AM,15:10:24,719.26,60.0,30.41,83.0,24.87,2.25,06:16:00,18:03:00
13239,1476234319,10/11/2016 12:00:00 AM,15:05:19,525.79,59.0,30.41,84.0,48.31,5.62,06:16:00,18:03:00
13240,1476234021,10/11/2016 12:00:00 AM,15:00:21,909.72,59.0,30.41,84.0,24.31,5.62,06:16:00,18:03:00
13241,1476233724,10/11/2016 12:00:00 AM,14:55:24,549.91,59.0,30.41,86.0,0.11,5.62,06:16:00,18:03:00
13242,1476233425,10/11/2016 12:00:00 AM,14:50:25,771.73,51.16507236474315,30.41,84.0,26.12,4.5,06:16:00,18:03:00
13243,1476233119,10/11/2016 12:00:00 AM,14:45:19,353.87,60.0,30.41,82.0,343.67,4.5,06:16:00,18:03:00
13244,1476232819,10/11/2016 12:00:00 AM,14:40:19,914.9,60.0,30.41,81.0,10.86,2.25,06:16:00,18:03:00
13245,1476232527,10/11/2016 12:00:00 AM,14:35:27,258.05,60.0,30.41,81.0,356.39,5.62,06:16:00,18:03:00
13246,1476232221,10/11/2016 12:00:00 AM,14:30:21,821.42,60.0,30.41,76.0,199.91,7.87,06:16:00,18:03:00
13247,1476231919,10/11/2016 12:00:00 AM,14:25:19,846.16,60.0,30.41,77.0,1.81,9.0,06:16:00,18:03:00
13248,1476231623,10/11/2016 12:00:00 AM,14:20:23,837.51,61.0,30.41,77.0,359.93,10.12,06:16:00,18:03:00
13249,1476231322,10/11/2016 12:00:00 AM,14:15:22,839.12,61.0,30.41,77.0,359.93,6.75,06:16:00,18:03:00
13250,1476231021,10/11/2016 12:00:00 AM,14:10:21,849.27,61.0,30.41,77.0,14.31,5.62,06:16:00,18:03:00
13251,1476230722,10/11/2016 12:00:00 AM,14:05:22,873.28,61.0,30.41,78.0,336.48,4.5,06:16:00,18:03:00
13252,1476230420,10/11/2016 12:00:00 AM,14:00:20,727.91,61.0,30.41,77.0,55.46,4.5,06:16:00,18:03:00
13253,1476230121,10/11/2016 12:00:00 AM,13:55:21,917.09,61.0,30.41,80.0,336.07,2.25,06:16:00,18:03:00
13254,1476229821,10/11/2016 12:00:00 AM,13:50:21,935.07,61.0,30.41,80.0,35.05,3.37,06:16:00,18:03:00
13255,1476229523,10/11/2016 12:00:00 AM,13:45:23,923.73,61.0,30.41,80.0,14.62,3.37,06:16:00,18:03:00
13256,1476229220,10/11/2016 12:00:00 AM,13:40:20,927.89,61.0,30.41,81.0,54.28,7.87,06:16:00,18:03:00
13257,1476228919,10/11/2016 12:00:00 AM,13:35:19,925.22,61.0,30.41,82.0,30.34,7.87,06:16:00,18:03:00
13258,1476228622,10/11/2016 12:00:00 AM,13:30:22,932.64,60.0,30.41,82.0,15.91,6.75,06:16:00,18:03:00
13259,1476228318,10/11/2016 12:00:00 AM,13:25:18,941.5,60.0,30.42,83.0,6.96,4.5,06:16:00,18:03:00
13260,1476228023,10/11/2016 12:00:00 AM,13:20:23,950.18,59.0,30.42,84.0,38.2,4.5,06:16:00,18:03:00
13261,1476227725,10/11/2016 12:00:00 AM,13:15:25,952.73,59.0,30.42,85.0,29.02,4.5,06:16:00,18:03:00
13262,1476227420,10/11/2016 12:00:00 AM,13:10:20,980.45,59.0,30.42,84.0,66.3,6.75,06:16:00,18:03:00
13263,1476227120,10/11/2016 12:00:00 AM,13:05:20,977.89,59.0,30.42,83.0,38.07,6.229096658193317,06:16:00,18:03:00
13264,1476226819,10/11/2016 12:00:00 AM,13:00:19,996.29,59.0,30.42,84.0,38.18,6.75,06:16:00,18:03:00
13265,1476226522,10/11/2016 12:00:00 AM,12:55:22,931.92,59.0,30.43,84.0,47.78,7.87,06:16:00,18:03:00
13266,1476226218,10/11/2016 12:00:00 AM,12:50:18,926.91,59.0,30.43,83.0,262.51,14.62,06:16:00,18:03:00
13267,1476225919,10/11/2016 12:00:00 AM,12:45:19,461.97,60.0,30.43,84.0,64.89,6.75,06:16:00,18:03:00
13268,1476225618,10/11/2016 12:00:00 AM,12:40:18,1129.92,59.0,30.43,86.0,67.53,6.75,06:16:00,18:03:00
13269,1476225321,10/11/2016 12:00:00 AM,12:35:21,860.51,59.0,30.43,86.0,34.98,2.25,06:16:00,18:03:00
13270,1476225021,10/11/2016 12:00:00 AM,12:30:21,523.21,59.0,30.43,84.0,353.72,4.5,06:16:00,18:03:00
13271,1476224718,10/11/2016 12:00:00 AM,12:25:18,1275.05,60.0,30.43,83.0,37.2,6.75,06:16:00,18:03:00
13272,1476224422,10/11/2016 12:00:00 AM,12:20:22,1081.87,60.0,30.43,81.0,63.46,2.25,06:16:00,18:03:00
13273,1476224119,10/11/2016 12:00:00 AM,12:15:19,1005.47,60.0,30.44,82.0,22.83,7.87,06:16:00,18:03:00
13274,1476223823,10/11/2016 12:00:00 AM,12:10:23,1011.55,60.0,30.44,80.0,355.62,4.5,06:16:00,18:03:00
13275,1476223523,10/11/2016 12:00:00 AM,12:05:23,1015.27,59.0,30.44,84.0,116.87,3.37,06:16:00,18:03:00
13276,1476223224,10/11/2016 12:00:00 AM,12:00:24,997.91,59.0,30.44,81.0,2.57,9.0,06:16:00,18:03:00
13277,1476222921,10/11/2016 12:00:00 AM,11:55:21,999.64,60.0,30.44,81.0,0.12,7.87,06:16:00,18:03:00
13278,1476222621,10/11/2016 12:00:00 AM,11:50:21,1000.81,59.0,30.44,85.0,143.54770303349548,6.75,06:16:00,18:03:00
13279,1476222319,10/11/2016 12:00:00 AM,11:45:19,988.51,59.0,30.44,81.0,339.03,1.12,06:16:00,18:03:00
13280,1476222023,10/11/2016 12:00:00 AM,11:40:23,1001.76,59.0,30.45,84.0,4.46,6.75,06:16:00,18:03:00
13281,1476221721,10/11/2016 12:00:00 AM,11:35:21,679.77,59.0,30.45,87.0,359.93,7.87,06:16:00,18:03:00
13282,1476221419,10/11/2016 12:00:00 AM,11:30:19,1120.79,58.0,30.45,86.0,0.11,7.87,06:16:00,18:03:00
13283,1476221124,10/11/2016 12:00:00 AM,11:25:24,1069.41,58.0,30.44,86.0,84.1,3.37,06:16:00,18:03:00
13284,1476220824,10/11/2016 12:00:00 AM,11:20:24,1002.79,58.0,30.45,88.0,1.77,6.75,06:16:00,18:03:00
13285,1476220523,10/11/2016 12:00:00 AM,11:15:23,987.95,59.0,30.45,86.0,8.69,4.5,06:16:00,18:03:00
13286,1476220219,10/11/2016 12:00:00 AM,11:10:19,986.5,59.0,30.45,88.0,348.09,4.5,06:16:00,18:03:00
13287,1476219925,10/11/2016 12:00:00 AM,11:05:25,766.98,59.0,30.45,87.0,40.85,2.25,06:16:00,18:03:00
13288,1476219620,10/11/2016 12:00:00 AM,11:00:20,950.18,59.0,30.45,85.0,26.35,5.62,06:16:00,18:03:00
13289,1476219325,10/11/2016 12:00:00 AM,10:55:25,939.32,59.0,30.45,84.0,25.23,5.62,06:16:00,18:03:00
13290,1476219020,10/11/2016 12:00:00 AM,10:50:20,934.03,59.0,30.45,84.0,59.23,7.87,06:16:00,18:03:00
13291,1476218720,10/11/2016 12:00:00 AM,10:45:20,924.71,59.0,30.45,82.0,348.15,7.87,06:16:00,18:03:00
13292,1476218419,10/11/2016 12:00:00 AM,10:40:19,918.63,59.0,30.45,80.0,45.56,9.0,06:16:00,18:03:00
13293,1476218120,10/11/2016 12:00:00 AM,10:35:20,906.92,59.0,30.45,82.0,358.53,5.62,06:16:00,18:03:00
13294,1476217821,10/11/2016 12:00:00 AM,10:30:21,900.67,59.0,30.46,83.0,34.07,7.87,06:16:00,18:03:00
13295,1476217519,10/11/2016 12:00:00 AM,10:25:19,892.25,59.0,30.46,84.0,20.57,6.75,06:16:00,18:03:00
13296,1476217221,10/11/2016 12:00:00 AM,10:20:21,879.67,60.0,30.45,86.0,45.43,5.62,06:16:00,18:03:00
13297,1476216920,10/11/2016 12:00:00 AM,10:15:20,867.74,60.0,30.46,86.0,354.68,9.0,06:16:00,18:03:00
13298,1476216623,10/11/2016 12:00:00 AM,10:10:23,857.34,59.0,30.46,87.0,0.52,5.62,06:16:00,18:03:00
13299,1476216323,10/11/2016 12:00:00 AM,10:05:23,844.51,59.0,30.46,87.0,38.44,4.5,06:16:00,18:03:00
13300,1476216024,10/11/2016 12:00:00 AM,10:00:24,831.77,58.0,30.46,87.0,47.28,3.37,06:16:00,18:03:00
13301,1476215719,10/11/2016 12:00:00 AM,09:55:19,818.04,58.0,30.46,86.0,44.17,3.37,06:16:00,18:03:00
13302,1476215419,10/11/2016 12:00:00 AM,09:50:19,806.35,58.0,30.45,88.0,55.71,4.5,06:16:00,18:03:00
13303,1476215121,10/11/2016 12:00:00 AM,09:45:21,799.12,58.0,30.45,87.0,31.18,2.25,06:16:00,18:03:00
13304,1476214824,10/11/2016 12:00:00 AM,09:40:24,778.36,58.0,30.46,84.0,27.83,6.75,06:16:00,18:03:00
13305,1476214518,10/11/2016 12:00:00 AM,09:35:18,763.58,58.0,30.46,80.0,24.91,5.62,06:16:00,18:03:00
13306,1476214223,10/11/2016 12:00:00 AM,09:30:23,750.69,58.0,30.46,70.0,30.67,6.75,06:16:00,18:03:00
13307,1476213926,10/11/2016 12:00:00 AM,09:25:26,735.43,58.0,30.46,66.0,15.19,5.62,06:16:00,18:03:00
13308,1476213622,10/11/2016 12:00:00 AM,09:20:22,718.84,58.0,30.46,67.0,2.22,2.25,06:16:00,18:03:00
13309,1476213321,10/11/2016 12:00:00 AM,09:15:21,703.04,58.0,30.46,66.0,21.99,5.62,06:16:00,18:03:00
13310,1476213025,10/11/2016 12:00:00 AM,09:10:25,687.66,59.0,30.423028000868246,65.0,2.02,6.75,06:16:00,18:03:00
13311,1476212720,10/11/2016 12:00:00 AM,09:05:20,670.3,59.0,30.46,62.0,112.4,5.62,06:16:00,18:03:00
13312,1476212419,10/11/2016 12:00:00 AM,09:00:19,650.86,59.0,30.46,65.0,61.81,2.25,06:16:00,18:03:00
13313,1476212121,10/11/2016 12:00:00 AM,08:55:21,633.52,58.0,30.46,66.0,45.44,3.37,06:16:00,18:03:00
13314,1476211822,10/11/2016 12:00:00 AM,08:50:22,619.43,59.0,30.46,64.0,50.68,6.75,06:16:00,18:03:00
13315,1476211522,10/11/2016 12:00:00 AM,08:45:22,601.22,59.0,30.45,66.0,25.87,4.5,06:16:00,18:03:00
13316,1476211219,10/11/2016 12:00:00 AM,08:40:19,582.14,58.0,30.45,65.0,49.81,1.12,06:16:00,18:03:00
13317,1476210924,10/11/2016 12:00:00 AM,08:35:24,562.92,58.0,30.46,67.0,122.59,4.5,06:16:00,18:03:00
13318,1476210620,10/11/2016 12:00:00 AM,08:30:20,543.13,58.0,30.45,65.0,78.39,4.5,06:16:00,18:03:00
13319,1476210324,10/11/2016 12:00:00 AM,08:25:24,523.97,58.0,30.46,67.0,43.8,3.37,06:16:00,18:03:00
13320,1476210021,10/11/2016 12:00:00 AM,08:20:21,505.7,58.0,30.45,68.0,59.79,4.5,06:16:00,18:03:00
13321,1476209820,10/11/2016 12:00:00 AM,08:17:00,491.19,57.0,30.45,67.0,128.61,1.12,06:16:00,18:03:00
13322,1476209419,10/11/2016 12:00:00 AM,08:10:19,455.15,57.0,30.45,67.0,66.07,0.0,06:16:00,18:03:00
13323,1476209120,10/11/2016 12:00:00 AM,08:05:20,434.55,57.0,30.45,70.0,65.35,3.37,06:16:00,18:03:00
13324,1476208823,10/11/2016 12:00:00 AM,08:00:23,416.16,56.0,30.45,73.0,76.77,3.37,06:16:00,18:03:00
13325,1476208518,10/11/2016 12:00:00 AM,07:55:18,397.53,56.0,30.45,74.0,89.86,3.37,06:16:00,18:03:00
13326,1476208218,10/11/2016 12:00:00 AM,07:50:18,378.66,55.0,30.45,76.0,156.64,4.5,06:16:00,18:03:00
13327,1476207920,10/11/2016 12:00:00 AM,07:45:20,360.05,54.0,30.45,81.0,94.77,6.75,06:16:00,18:03:00
13328,1476207628,10/11/2016 12:00:00 AM,07:40:28,342.23,53.0,30.45,85.0,122.87,4.5,06:16:00,18:03:00
13329,1476207319,10/11/2016 12:00:00 AM,07:35:19,322.16,52.0,30.45,86.0,109.69,6.75,06:16:00,18:03:00
13330,1476207019,10/11/2016 12:00:00 AM,07:30:19,301.77,51.0,30.44,88.0,148.92,6.75,06:16:00,18:03:00
13331,1476206722,10/11/2016 12:00:00 AM,07:25:22,279.98,50.0,30.44,89.0,145.68,3.37,06:16:00,18:03:00
13332,1476206424,10/11/2016 12:00:00 AM,07:20:24,233.0,50.0,30.44,89.0,117.72,2.25,06:16:00,18:03:00
13333,1476206125,10/11/2016 12:00:00 AM,07:15:25,24.67,50.0,30.44,89.0,118.8,4.5,06:16:00,18:03:00
13334,1476205819,10/11/2016 12:00:00 AM,07:10:19,22.92,49.0,30.44,91.0,122.89,6.75,06:16:00,18:03:00
13335,1476205522,10/11/2016 12:00:00 AM,07:05:22,22.16,49.0,30.44,93.0,130.54,7.87,06:16:00,18:03:00
13336,1476205223,10/11/2016 12:00:00 AM,07:00:23,21.36,49.0,30.43,96.0,130.54,4.5,06:16:00,18:03:00
13337,1476204920,10/11/2016 12:00:00 AM,06:55:20,20.4,49.0,30.43,100.0,116.12,3.37,06:16:00,18:03:00
13338,1476204626,10/11/2016 12:00:00 AM,06:50:26,19.51,50.0,30.43,101.0,127.51,2.25,06:16:00,18:03:00
13339,1476204322,10/11/2016 12:00:00 AM,06:45:22,18.12,50.0,30.43,101.0,98.59,2.25,06:16:00,18:03:00
13340,1476204024,10/11/2016 12:00:00 AM,06:40:24,16.67,50.0,30.43,101.0,136.1,5.62,06:16:00,18:03:00
13341,1476203722,10/11/2016 12:00:00 AM,06:35:22,21.55,50.0,30.43,101.0,154.18,5.62,06:16:00,18:03:00
13342,1476203420,10/11/2016 12:00:00 AM,06:30:20,17.72,50.0,30.43,101.0,172.51,6.75,06:16:00,18:03:00
13343,1476203125,10/11/2016 12:00:00 AM,06:25:25,9.95,50.0,30.43,101.0,148.78,7.87,06:16:00,18:03:00
13344,1476202820,10/11/2016 12:00:00 AM,06:20:20,8.08,50.0,30.43,102.0,165.85,6.75,06:16:00,18:03:00
13345,1476202520,10/11/2016 12:00:00 AM,06:15:20,4.73,50.0,30.43,102.0,144.56,6.75,06:16:00,18:03:00
13346,1476202222,10/11/2016 12:00:00 AM,06:10:22,3.04,50.0,30.43,102.0,158.21,3.37,06:16:00,18:03:00
13347,1476201920,10/11/2016 12:00:00 AM,06:05:20,1.8,50.0,30.43,102.0,156.05,4.5,06:16:00,18:03:00
13348,1476201621,10/11/2016 12:00:00 AM,06:00:21,1.25,51.0,30.43,102.0,184.13,3.37,06:16:00,18:03:00
13349,1476201319,10/11/2016 12:00:00 AM,05:55:19,1.23,51.0,30.43,102.0,104.3,3.37,06:16:00,18:03:00
13350,1476201023,10/11/2016 12:00:00 AM,05:50:23,1.24,51.0,30.43,102.0,125.12,5.62,06:16:00,18:03:00
13351,1476200720,10/11/2016 12:00:00 AM,05:45:20,1.27,51.0,30.43,102.0,157.09,4.5,06:16:00,18:03:00
13352,1476200423,10/11/2016 12:00:00 AM,05:40:23,1.22,51.0,30.42,102.0,111.82,1.12,06:16:00,18:03:00
13353,1476200120,10/11/2016 12:00:00 AM,05:35:20,1.26,51.0,30.42,102.0,108.43,3.37,06:16:00,18:03:00
13354,1476199823,10/11/2016 12:00:00 AM,05:30:23,1.19,51.0,30.42,102.0,147.59,4.5,06:16:00,18:03:00
13355,1476199522,10/11/2016 12:00:00 AM,05:25:22,1.25,51.0,30.42,102.0,138.19,1.12,06:16:00,18:03:00
13356,1476199221,10/11/2016 12:00:00 AM,05:20:21,1.27,51.0,30.42,102.0,167.28,6.75,06:16:00,18:03:00
13357,1476198922,10/11/2016 12:00:00 AM,05:15:22,1.26,51.0,30.42,102.0,146.63,4.5,06:16:00,18:03:00
13358,1476198619,10/11/2016 12:00:00 AM,05:10:19,1.22,51.0,30.42,102.0,159.43,7.87,06:16:00,18:03:00
13359,1476198326,10/11/2016 12:00:00 AM,05:05:26,1.2,51.0,30.41,102.0,144.89,3.37,06:16:00,18:03:00
13360,1476198018,10/11/2016 12:00:00 AM,05:00:18,1.2,52.0,30.41,102.0,171.84,2.25,06:16:00,18:03:00
13361,1476197721,10/11/2016 12:00:00 AM,04:55:21,1.23,52.0,30.41,102.0,78.7,3.37,06:16:00,18:03:00
13362,1476197419,10/11/2016 12:00:00 AM,04:50:19,1.24,52.0,30.41,102.0,31.66,4.5,06:16:00,18:03:00
13363,1476197121,10/11/2016 12:00:00 AM,04:45:21,1.24,52.0,30.41,102.0,103.61,3.37,06:16:00,18:03:00
13364,1476196821,10/11/2016 12:00:00 AM,04:40:21,1.23,51.0,30.41,102.0,87.45,2.25,06:16:00,18:03:00
13365,1476196519,10/11/2016 12:00:00 AM,04:35:19,1.21,51.0,30.4,102.0,123.39,4.5,06:16:00,18:03:00
13366,1476196223,10/11/2016 12:00:00 AM,04:30:23,1.22,51.0,30.4,102.0,107.73,5.62,06:16:00,18:03:00
13367,1476195921,10/11/2016 12:00:00 AM,04:25:21,1.24,51.0,30.4,102.0,153.57,5.62,06:16:00,18:03:00
13368,1476195619,10/11/2016 12:00:00 AM,04:20:19,1.22,51.0,30.4,102.0,286.77,6.75,06:16:00,18:03:00
13369,1476195322,10/11/2016 12:00:00 AM,04:15:22,1.21,51.0,30.4,102.0,126.28,10.12,06:16:00,18:03:00
13370,1476195025,10/11/2016 12:00:00 AM,04:10:25,1.28,51.0,30.4,101.0,126.84,5.62,06:16:00,18:03:00
13371,1476194721,10/11/2016 12:00:00 AM,04:05:21,1.23,51.0,30.4,101.0,142.67,5.62,06:16:00,18:03:00
13372,1476194423,10/11/2016 12:00:00 AM,04:00:23,1.22,51.0,30.4,101.0,148.18,3.37,06:16:00,18:03:00
13373,1476194122,10/11/2016 12:00:00 AM,03:55:22,1.23,51.0,30.4,101.0,126.65,6.75,06:16:00,18:03:00
13374,1476193821,10/11/2016 12:00:00 AM,03:50:21,1.2,51.0,30.4,101.0,148.04,3.37,06:16:00,18:03:00
13375,1476193519,10/11/2016 12:00:00 AM,03:45:19,1.29,52.0,30.4,101.0,91.37,3.37,06:16:00,18:03:00
13376,1476193224,10/11/2016 12:00:00 AM,03:40:24,1.24,52.0,30.4,101.0,106.0,5.62,06:16:00,18:03:00
13377,1476192920,10/11/2016 12:00:00 AM,03:35:20,1.24,52.0,30.4,101.0,91.91,3.37,06:16:00,18:03:00
13378,1476192619,10/11/2016 12:00:00 AM,03:30:19,1.23,52.0,30.4,101.0,84.72,1.12,06:16:00,18:03:00
13379,1476192325,10/11/2016 12:00:00 AM,03:25:25,1.21,52.0,30.4,101.0,131.29,4.5,06:16:00,18:03:00
13380,1476192019,10/11/2016 12:00:00 AM,03:20:19,1.23,52.0,30.4,101.0,140.35,4.5,06:16:00,18:03:00
13381,1476191720,10/11/2016 12:00:00 AM,03:15:20,1.23,52.0,30.4,101.0,137.63,4.5,06:16:00,18:03:00
13382,1476191421,10/11/2016 12:00:00 AM,03:10:21,1.24,52.0,30.4,101.0,136.15,4.5,06:16:00,18:03:00
13383,1476191120,10/11/2016 12:00:00 AM,03:05:20,1.24,52.0,30.4,101.0,150.19,2.25,06:16:00,18:03:00
13384,1476190823,10/11/2016 12:00:00 AM,03:00:23,1.25,52.0,30.4,101.0,94.2,2.25,06:16:00,18:03:00
13385,1476190520,10/11/2016 12:00:00 AM,02:55:20,1.27,52.0,30.4,101.0,104.77,3.37,06:16:00,18:03:00
13386,1476190221,10/11/2016 12:00:00 AM,02:50:21,1.25,52.0,30.4,101.0,68.66,1.12,06:16:00,18:03:00
13387,1476189920,10/11/2016 12:00:00 AM,02:45:20,1.23,52.0,30.41,101.0,64.99,9.0,06:16:00,18:03:00
13388,1476189619,10/11/2016 12:00:00 AM,02:40:19,1.24,52.0,30.41,101.0,130.09,1.12,06:16:00,18:03:00
13389,1476189324,10/11/2016 12:00:00 AM,02:35:24,1.22,52.0,30.41,101.0,106.78,4.5,06:16:00,18:03:00
13390,1476189021,10/11/2016 12:00:00 AM,02:30:21,1.25,52.0,30.4,101.0,145.93,10.12,06:16:00,18:03:00
13391,1476188424,10/11/2016 12:00:00 AM,02:20:24,1.26,52.0,30.4,101.0,109.19,3.37,06:16:00,18:03:00
13392,1476188123,10/11/2016 12:00:00 AM,02:15:23,1.23,51.16507236474315,30.4,101.0,99.16,1.12,06:16:00,18:03:00
13393,1476187820,10/11/2016 12:00:00 AM,02:10:20,1.26,52.0,30.4,101.0,82.32,5.62,06:16:00,18:03:00
13394,1476187521,10/11/2016 12:00:00 AM,02:05:21,1.24,52.0,30.4,101.0,73.67,3.37,06:16:00,18:03:00
13395,1476187223,10/11/2016 12:00:00 AM,02:00:23,1.26,52.0,30.4,101.0,83.8,2.25,06:16:00,18:03:00
13396,1476186922,10/11/2016 12:00:00 AM,01:55:22,1.24,52.0,30.4,101.0,34.07,2.25,06:16:00,18:03:00
13397,1476186624,10/11/2016 12:00:00 AM,01:50:24,1.2,52.0,30.4,101.0,11.51,3.37,06:16:00,18:03:00
13398,1476186320,10/11/2016 12:00:00 AM,01:45:20,1.2,52.0,30.4,101.0,135.4,7.87,06:16:00,18:03:00
13399,1476186026,10/11/2016 12:00:00 AM,01:40:26,1.22,52.0,30.41,101.0,182.17,6.75,06:16:00,18:03:00
13400,1476185719,10/11/2016 12:00:00 AM,01:35:19,1.24,52.0,30.41,101.0,131.11,6.75,06:16:00,18:03:00
13401,1476185422,10/11/2016 12:00:00 AM,01:30:22,1.24,52.0,30.41,101.0,130.71,4.5,06:16:00,18:03:00
13402,1476185122,10/11/2016 12:00:00 AM,01:25:22,1.25,52.0,30.41,101.0,99.42,4.5,06:16:00,18:03:00
13403,1476184826,10/11/2016 12:00:00 AM,01:20:26,1.22,52.0,30.41,101.0,128.43,3.37,06:16:00,18:03:00
13404,1476184527,10/11/2016 12:00:00 AM,01:15:27,1.19,52.0,30.41,101.0,124.59,7.87,06:16:00,18:03:00
13405,1476184218,10/11/2016 12:00:00 AM,01:10:18,1.24,52.0,30.41,101.0,141.52,2.25,06:16:00,18:03:00
13406,1476183923,10/11/2016 12:00:00 AM,01:05:23,1.23,52.0,30.41,101.0,123.15,2.25,06:16:00,18:03:00
13407,1476183622,10/11/2016 12:00:00 AM,01:00:22,1.24,52.0,30.41,101.0,159.25,5.62,06:16:00,18:03:00
13408,1476183320,10/11/2016 12:00:00 AM,00:55:20,1.24,52.0,30.41,100.0,168.64,4.5,06:16:00,18:03:00
13409,1476183026,10/11/2016 12:00:00 AM,00:50:26,1.17,51.0,30.42,100.0,146.37,5.62,06:16:00,18:03:00
13410,1476182724,10/11/2016 12:00:00 AM,00:45:24,1.26,51.0,30.42,100.0,150.8,3.37,06:16:00,18:03:00
13411,1476182419,10/11/2016 12:00:00 AM,00:40:19,1.23,51.0,30.42,100.0,124.93,5.62,06:16:00,18:03:00
13412,1476182119,10/11/2016 12:00:00 AM,00:35:19,1.25,51.0,30.42,100.0,156.0,4.5,06:16:00,18:03:00
13413,1476181818,10/11/2016 12:00:00 AM,00:30:18,1.23,51.0,30.42,100.0,151.98,4.5,06:16:00,18:03:00
13414,1476181526,10/11/2016 12:00:00 AM,00:25:26,1.26,51.0,30.42,100.0,162.55,7.87,06:16:00,18:03:00
13415,1476181224,10/11/2016 12:00:00 AM,00:20:24,1.23,51.0,30.42,100.0,150.66,5.62,06:16:00,18:03:00
13416,1476180021,10/11/2016 12:00:00 AM,00:00:21,1.25,51.0,30.42,99.0,188.69,4.5,06:16:00,18:03:00
13417,1476179723,10/10/2016 12:00:00 AM,23:55:23,1.25,51.0,30.42,99.0,152.61,5.62,06:16:00,18:03:00
13418,1476179419,10/10/2016 12:00:00 AM,23:50:19,1.25,50.0,30.42,99.0,169.84,6.75,06:16:00,18:03:00
13419,1476179125,10/10/2016 12:00:00 AM,23:45:25,1.24,50.0,30.42,98.0,191.5,7.87,06:16:00,18:03:00
13420,1476178822,10/10/2016 12:00:00 AM,23:40:22,1.22,50.0,30.42,98.0,165.16,7.87,06:16:00,18:03:00
13421,1476178524,10/10/2016 12:00:00 AM,23:35:24,1.23,50.0,30.42,97.0,152.18,6.229096658193317,06:16:00,18:03:00
13422,1476178221,10/10/2016 12:00:00 AM,23:30:21,1.21,49.0,30.43,96.0,150.67,3.37,06:16:00,18:03:00
13423,1476177923,10/10/2016 12:00:00 AM,23:25:23,1.26,49.0,30.43,96.0,125.46,2.25,06:16:00,18:03:00
13424,1476177628,10/10/2016 12:00:00 AM,23:20:28,1.27,49.0,30.43,96.0,164.03,4.5,06:16:00,18:03:00
13425,1476177320,10/10/2016 12:00:00 AM,23:15:20,1.22,49.0,30.43,97.0,157.48,10.12,06:16:00,18:03:00
13426,1476177020,10/10/2016 12:00:00 AM,23:10:20,1.23,49.0,30.43,97.0,192.79,6.75,06:16:00,18:03:00
13427,1476176724,10/10/2016 12:00:00 AM,23:05:24,1.24,49.0,30.43,97.0,162.79,9.0,06:16:00,18:03:00
13428,1476176419,10/10/2016 12:00:00 AM,23:00:19,1.23,49.0,30.43,97.0,148.34,9.0,06:16:00,18:03:00
13429,1476176124,10/10/2016 12:00:00 AM,22:55:24,1.25,50.0,30.423028000868246,97.0,167.21,7.87,06:16:00,18:03:00
13430,1476175827,10/10/2016 12:00:00 AM,22:50:27,1.22,50.0,30.43,96.0,177.53,6.75,06:16:00,18:03:00
13431,1476175523,10/10/2016 12:00:00 AM,22:45:23,1.24,50.0,30.43,96.0,137.57,6.75,06:16:00,18:03:00
13432,1476175225,10/10/2016 12:00:00 AM,22:40:25,1.24,50.0,30.43,95.0,181.47,5.62,06:16:00,18:03:00
13433,1476174923,10/10/2016 12:00:00 AM,22:35:23,1.21,50.0,30.43,94.0,135.14,9.0,06:16:00,18:03:00
13434,1476174619,10/10/2016 12:00:00 AM,22:30:19,1.25,50.0,30.43,93.0,95.97,5.62,06:16:00,18:03:00
13435,1476174320,10/10/2016 12:00:00 AM,22:25:20,1.23,50.0,30.43,91.0,154.62,5.62,06:16:00,18:03:00
13436,1476174022,10/10/2016 12:00:00 AM,22:20:22,1.22,49.0,30.43,88.0,152.1,6.75,06:16:00,18:03:00
13437,1476173725,10/10/2016 12:00:00 AM,22:15:25,1.23,49.0,30.44,84.0,157.95,5.62,06:16:00,18:03:00
13438,1476173419,10/10/2016 12:00:00 AM,22:10:19,1.24,50.0,30.43,87.0,84.63,6.75,06:16:00,18:03:00
13439,1476173120,10/10/2016 12:00:00 AM,22:05:20,1.21,49.0,30.44,78.0,141.5,4.5,06:16:00,18:03:00
13440,1476172819,10/10/2016 12:00:00 AM,22:00:19,1.26,49.0,30.44,80.0,176.35,3.37,06:16:00,18:03:00
13441,1476172520,10/10/2016 12:00:00 AM,21:55:20,1.21,49.0,30.44,78.0,170.25,5.62,06:16:00,18:03:00
13442,1476172219,10/10/2016 12:00:00 AM,21:50:19,1.24,49.0,30.44,71.0,162.61,4.5,06:16:00,18:03:00
13443,1476171920,10/10/2016 12:00:00 AM,21:45:20,1.23,48.0,30.44,66.0,177.06,5.62,06:16:00,18:03:00
13444,1476171623,10/10/2016 12:00:00 AM,21:40:23,1.22,48.0,30.44,65.0,154.31,6.75,06:16:00,18:03:00
13445,1476171321,10/10/2016 12:00:00 AM,21:35:21,1.25,48.0,30.44,64.0,187.36,7.87,06:16:00,18:03:00
13446,1476171021,10/10/2016 12:00:00 AM,21:30:21,1.22,48.0,30.44,64.0,150.83,7.87,06:16:00,18:03:00
13447,1476170720,10/10/2016 12:00:00 AM,21:25:20,1.25,48.0,30.44,62.0,170.06,6.75,06:16:00,18:03:00
13448,1476170424,10/10/2016 12:00:00 AM,21:20:24,1.22,49.0,30.44,62.0,141.44,6.75,06:16:00,18:03:00
13449,1476170122,10/10/2016 12:00:00 AM,21:15:22,1.19,49.0,30.44,63.0,154.0,5.62,06:16:00,18:03:00
13450,1476169821,10/10/2016 12:00:00 AM,21:10:21,1.22,49.0,30.44,61.0,104.99,2.25,06:16:00,18:03:00
13451,1476169523,10/10/2016 12:00:00 AM,21:05:23,1.22,50.0,30.44,59.0,164.98,4.5,06:16:00,18:03:00
13452,1476169221,10/10/2016 12:00:00 AM,21:00:21,1.24,50.0,30.44,59.0,68.52,3.37,06:16:00,18:03:00
13453,1476168920,10/10/2016 12:00:00 AM,20:55:20,1.2,50.0,30.43,60.0,112.8,4.5,06:16:00,18:03:00
13454,1476168623,10/10/2016 12:00:00 AM,20:50:23,1.24,50.0,30.43,60.0,106.92,5.62,06:16:00,18:03:00
13455,1476168319,10/10/2016 12:00:00 AM,20:45:19,1.25,50.0,30.43,59.0,173.81,1.12,06:16:00,18:03:00
13456,1476168020,10/10/2016 12:00:00 AM,20:40:20,1.24,50.0,30.43,57.0,177.76,3.37,06:16:00,18:03:00
13457,1476167718,10/10/2016 12:00:00 AM,20:35:18,1.23,50.0,30.43,57.0,157.3,2.25,06:16:00,18:03:00
13458,1476167424,10/10/2016 12:00:00 AM,20:30:24,1.25,50.0,30.43,57.0,99.1,5.62,06:16:00,18:03:00
13459,1476167119,10/10/2016 12:00:00 AM,20:25:19,1.23,50.0,30.43,58.0,169.49,5.62,06:16:00,18:03:00
13460,1476166822,10/10/2016 12:00:00 AM,20:20:22,1.25,50.0,30.43,59.0,119.4,5.62,06:16:00,18:03:00
13461,1476166522,10/10/2016 12:00:00 AM,20:15:22,1.25,51.0,30.43,58.0,127.42,7.87,06:16:00,18:03:00
13462,1476166219,10/10/2016 12:00:00 AM,20:10:19,1.24,51.0,30.43,58.0,110.05,3.37,06:16:00,18:03:00
13463,1476165921,10/10/2016 12:00:00 AM,20:05:21,1.23,52.0,30.42,57.0,129.51,6.75,06:16:00,18:03:00
13464,1476165621,10/10/2016 12:00:00 AM,20:00:21,1.25,52.0,30.42,54.0,71.33,3.37,06:16:00,18:03:00
13465,1476165324,10/10/2016 12:00:00 AM,19:55:24,1.24,53.0,30.42,53.0,32.93,3.37,06:16:00,18:03:00
13466,1476165025,10/10/2016 12:00:00 AM,19:50:25,1.26,52.0,30.42,52.0,156.78,4.5,06:16:00,18:03:00
13467,1476164726,10/10/2016 12:00:00 AM,19:45:26,1.26,53.0,30.42,53.0,165.48,6.75,06:16:00,18:03:00
13468,1476164420,10/10/2016 12:00:00 AM,19:40:20,1.25,53.0,30.42,52.0,147.81,5.62,06:16:00,18:03:00
13469,1476164126,10/10/2016 12:00:00 AM,19:35:26,1.29,52.0,30.42,54.0,142.72,6.75,06:16:00,18:03:00
13470,1476163826,10/10/2016 12:00:00 AM,19:30:26,1.23,52.0,30.42,56.0,153.86,5.62,06:16:00,18:03:00
13471,1476163521,10/10/2016 12:00:00 AM,19:25:21,1.24,52.0,30.41,55.0,163.41,5.62,06:16:00,18:03:00
13472,1476163221,10/10/2016 12:00:00 AM,19:20:21,1.24,53.0,30.41,58.0,165.53,5.62,06:16:00,18:03:00
13473,1476162920,10/10/2016 12:00:00 AM,19:15:20,1.25,53.0,30.41,58.0,185.7,5.62,06:16:00,18:03:00
13474,1476162620,10/10/2016 12:00:00 AM,19:10:20,1.23,53.0,30.41,58.0,174.95,5.62,06:16:00,18:03:00
13475,1476162320,10/10/2016 12:00:00 AM,19:05:20,1.23,54.0,30.41,57.0,160.19,5.62,06:16:00,18:03:00
13476,1476162019,10/10/2016 12:00:00 AM,19:00:19,1.24,54.0,30.41,57.0,180.8,4.5,06:16:00,18:03:00
13477,1476161725,10/10/2016 12:00:00 AM,18:55:25,1.25,54.0,30.41,56.0,172.43,3.37,06:16:00,18:03:00
13478,1476161419,10/10/2016 12:00:00 AM,18:50:19,1.25,54.0,30.41,56.0,147.71,3.37,06:16:00,18:03:00
13479,1476161124,10/10/2016 12:00:00 AM,18:45:24,1.23,54.0,30.4,60.0,150.3,4.5,06:16:00,18:03:00
13480,1476160831,10/10/2016 12:00:00 AM,18:40:31,1.22,54.0,30.4,57.0,150.89,4.5,06:16:00,18:03:00
13481,1476160522,10/10/2016 12:00:00 AM,18:35:22,1.25,55.0,30.4,59.0,162.22,3.37,06:16:00,18:03:00
13482,1476160220,10/10/2016 12:00:00 AM,18:30:20,1.28,55.0,30.4,63.0,168.87,4.5,06:16:00,18:03:00
13483,1476159923,10/10/2016 12:00:00 AM,18:25:23,1.23,56.0,30.4,62.0,125.03,1.12,06:16:00,18:03:00
13484,1476159626,10/10/2016 12:00:00 AM,18:20:26,1.28,56.0,30.4,54.0,102.76,1.12,06:16:00,18:03:00
13485,1476159328,10/10/2016 12:00:00 AM,18:15:28,1.36,56.0,30.4,56.0,119.58,3.37,06:16:00,18:03:00
13486,1476159021,10/10/2016 12:00:00 AM,18:10:21,2.67,56.0,30.4,56.0,145.53,3.37,06:16:00,18:03:00
13487,1476158719,10/10/2016 12:00:00 AM,18:05:19,4.78,56.0,30.4,59.0,138.6,2.25,06:16:00,18:03:00
13488,1476158426,10/10/2016 12:00:00 AM,18:00:26,7.21,57.0,30.4,74.0,116.07,3.37,06:16:00,18:03:00
13489,1476158120,10/10/2016 12:00:00 AM,17:55:20,9.89,57.0,30.4,78.0,141.88,3.37,06:16:00,18:03:00
13490,1476157827,10/10/2016 12:00:00 AM,17:50:27,18.95,58.0,30.4,77.0,60.48,1.12,06:16:00,18:03:00
13491,1476157524,10/10/2016 12:00:00 AM,17:45:24,23.53,58.0,30.4,74.0,87.48,4.5,06:16:00,18:03:00
13492,1476157227,10/10/2016 12:00:00 AM,17:40:27,29.76,58.0,30.4,76.0,81.13,3.37,06:16:00,18:03:00
13493,1476156923,10/10/2016 12:00:00 AM,17:35:23,43.74,58.0,30.4,75.0,60.92,4.5,06:16:00,18:03:00
13494,1476156622,10/10/2016 12:00:00 AM,17:30:22,61.7,59.0,30.4,72.0,91.48,5.62,06:16:00,18:03:00
13495,1476156323,10/10/2016 12:00:00 AM,17:25:23,81.97,59.0,30.4,69.0,70.06,4.5,06:16:00,18:03:00
13496,1476156022,10/10/2016 12:00:00 AM,17:20:22,104.45,60.0,30.4,69.0,79.9,5.62,06:16:00,18:03:00
13497,1476155724,10/10/2016 12:00:00 AM,17:15:24,129.2,61.0,30.4,53.0,0.1,1.12,06:16:00,18:03:00
13498,1476155419,10/10/2016 12:00:00 AM,17:10:19,156.67,61.0,30.4,49.0,58.81,4.5,06:16:00,18:03:00
13499,1476155119,10/10/2016 12:00:00 AM,17:05:19,183.53,61.0,30.4,43.0,68.39,3.37,06:16:00,18:03:00
13500,1476154819,10/10/2016 12:00:00 AM,17:00:19,211.8,61.0,30.4,41.0,65.7,4.5,06:16:00,18:03:00
13501,1476154520,10/10/2016 12:00:00 AM,16:55:20,240.34,61.0,30.4,44.0,88.77,3.37,06:16:00,18:03:00
13502,1476154222,10/10/2016 12:00:00 AM,16:50:22,268.67,61.0,30.4,49.0,83.87,4.5,06:16:00,18:03:00
13503,1476153918,10/10/2016 12:00:00 AM,16:45:18,293.77,61.0,30.4,62.0,5.97,1.12,06:16:00,18:03:00
13504,1476153622,10/10/2016 12:00:00 AM,16:40:22,317.63,60.0,30.4,53.0,54.41,2.25,06:16:00,18:03:00
13505,1476153324,10/10/2016 12:00:00 AM,16:35:24,340.2,60.0,30.39,55.0,10.02,4.5,06:16:00,18:03:00
13506,1476153021,10/10/2016 12:00:00 AM,16:30:21,361.71,60.0,30.4,59.0,33.01,2.25,06:16:00,18:03:00
13507,1476152720,10/10/2016 12:00:00 AM,16:25:20,383.0,60.0,30.4,60.0,24.72,7.87,06:16:00,18:03:00
13508,1476152420,10/10/2016 12:00:00 AM,16:20:20,403.88,61.0,30.4,56.0,13.18,3.37,06:16:00,18:03:00
13509,1476152119,10/10/2016 12:00:00 AM,16:15:19,425.52,61.0,30.4,60.0,32.65,4.5,06:16:00,18:03:00
13510,1476151821,10/10/2016 12:00:00 AM,16:10:21,442.56,60.0,30.4,63.0,0.6,3.37,06:16:00,18:03:00
13511,1476151520,10/10/2016 12:00:00 AM,16:05:20,462.6,60.0,30.4,64.0,40.54,5.62,06:16:00,18:03:00
13512,1476151224,10/10/2016 12:00:00 AM,16:00:24,484.16,60.0,30.4,64.0,25.76,5.62,06:16:00,18:03:00
13513,1476150924,10/10/2016 12:00:00 AM,15:55:24,503.18,61.0,30.4,64.0,50.87,9.0,06:16:00,18:03:00
13514,1476150620,10/10/2016 12:00:00 AM,15:50:20,523.17,61.0,30.4,62.0,8.81,2.25,06:16:00,18:03:00
13515,1476150322,10/10/2016 12:00:00 AM,15:45:22,541.47,61.0,30.4,59.0,49.71,3.37,06:16:00,18:03:00
13516,1476150024,10/10/2016 12:00:00 AM,15:40:24,559.95,62.0,30.4,60.0,38.73,6.75,06:16:00,18:03:00
13517,1476149724,10/10/2016 12:00:00 AM,15:35:24,579.04,62.0,30.39,59.0,62.38,5.62,06:16:00,18:03:00
13518,1476149418,10/10/2016 12:00:00 AM,15:30:18,599.34,62.0,30.39,56.0,37.45,5.62,06:16:00,18:03:00
13519,1476149119,10/10/2016 12:00:00 AM,15:25:19,618.98,62.0,30.39,55.0,28.22,7.87,06:16:00,18:03:00
13520,1476148824,10/10/2016 12:00:00 AM,15:20:24,639.11,62.0,30.39,54.0,21.05,4.5,06:16:00,18:03:00
13521,1476148520,10/10/2016 12:00:00 AM,15:15:20,656.23,63.0,30.4,50.0,11.69,3.37,06:16:00,18:03:00
13522,1476148221,10/10/2016 12:00:00 AM,15:10:21,675.49,63.0,30.4,44.0,354.33,9.0,06:16:00,18:03:00
13523,1476147921,10/10/2016 12:00:00 AM,15:05:21,691.86,63.0,30.39,49.0,17.18,5.62,06:16:00,18:03:00
13524,1476147619,10/10/2016 12:00:00 AM,15:00:19,707.95,63.0,30.39,48.0,0.13,7.87,06:16:00,18:03:00
13525,1476147318,10/10/2016 12:00:00 AM,14:55:18,721.8,63.0,30.4,52.0,10.92,5.62,06:16:00,18:03:00
13526,1476147022,10/10/2016 12:00:00 AM,14:50:22,738.41,63.0,30.39,52.0,37.47,6.75,06:16:00,18:03:00
13527,1476146721,10/10/2016 12:00:00 AM,14:45:21,756.75,63.0,30.39,53.0,31.19,4.5,06:16:00,18:03:00
13528,1476146425,10/10/2016 12:00:00 AM,14:40:25,771.48,62.0,30.39,52.0,59.18,4.5,06:16:00,18:03:00
13529,1476146121,10/10/2016 12:00:00 AM,14:35:21,782.29,62.0,30.39,58.0,36.13,9.0,06:16:00,18:03:00
13530,1476145525,10/10/2016 12:00:00 AM,14:25:25,810.93,63.0,30.4,56.0,341.77,9.0,06:16:00,18:03:00
13531,1476145218,10/10/2016 12:00:00 AM,14:20:18,821.91,63.0,30.39,59.0,28.12,10.12,06:16:00,18:03:00
13532,1476144922,10/10/2016 12:00:00 AM,14:15:22,836.72,63.0,30.4,57.0,20.02,4.5,06:16:00,18:03:00
13533,1476144627,10/10/2016 12:00:00 AM,14:10:27,851.38,63.0,30.39,60.0,348.33,6.75,06:16:00,18:03:00
13534,1476144335,10/10/2016 12:00:00 AM,14:05:35,865.12,63.0,30.39,59.0,63.19,7.87,06:16:00,18:03:00
13535,1476144021,10/10/2016 12:00:00 AM,14:00:21,877.72,63.0,30.4,57.0,46.25,4.5,06:16:00,18:03:00
13536,1476143721,10/10/2016 12:00:00 AM,13:55:21,892.4,62.0,30.4,58.0,24.42,10.12,06:16:00,18:03:00
13537,1476143422,10/10/2016 12:00:00 AM,13:50:22,904.12,62.0,30.4,64.0,143.54770303349548,7.87,06:16:00,18:03:00
13538,1476143122,10/10/2016 12:00:00 AM,13:45:22,911.13,63.0,30.4,62.0,0.11,7.87,06:16:00,18:03:00
13539,1476142828,10/10/2016 12:00:00 AM,13:40:28,893.84,63.0,30.4,60.0,26.61,9.0,06:16:00,18:03:00
13540,1476142521,10/10/2016 12:00:00 AM,13:35:21,936.04,63.0,30.4,61.0,20.18,5.62,06:16:00,18:03:00
13541,1476142220,10/10/2016 12:00:00 AM,13:30:20,947.53,63.0,30.4,56.0,3.16,5.62,06:16:00,18:03:00
13542,1476141918,10/10/2016 12:00:00 AM,13:25:18,953.34,63.0,30.4,59.0,19.21,4.5,06:16:00,18:03:00
13543,1476141619,10/10/2016 12:00:00 AM,13:20:19,966.15,63.0,30.4,60.0,17.62,5.62,06:16:00,18:03:00
13544,1476141319,10/10/2016 12:00:00 AM,13:15:19,792.83,64.0,30.4,61.0,24.94,12.37,06:16:00,18:03:00
13545,1476141019,10/10/2016 12:00:00 AM,13:10:19,980.46,64.0,30.41,58.0,359.93,5.62,06:16:00,18:03:00
13546,1476140719,10/10/2016 12:00:00 AM,13:05:19,985.49,64.0,30.41,59.0,0.11,7.87,06:16:00,18:03:00
13547,1476140421,10/10/2016 12:00:00 AM,13:00:21,992.54,64.0,30.41,63.0,34.69,2.25,06:16:00,18:03:00
13548,1476140120,10/10/2016 12:00:00 AM,12:55:20,1001.02,63.0,30.41,59.0,12.08,4.5,06:16:00,18:03:00
13549,1476139821,10/10/2016 12:00:00 AM,12:50:21,1010.34,63.0,30.41,61.0,9.88,4.5,06:16:00,18:03:00
13550,1476139519,10/10/2016 12:00:00 AM,12:45:19,1013.3,62.0,30.42,61.0,35.55,5.62,06:16:00,18:03:00
13551,1476139224,10/10/2016 12:00:00 AM,12:40:24,1023.91,62.0,30.42,64.0,80.66,3.37,06:16:00,18:03:00
13552,1476138922,10/10/2016 12:00:00 AM,12:35:22,1006.44,63.0,30.42,64.0,184.11,2.25,06:16:00,18:03:00
13553,1476138620,10/10/2016 12:00:00 AM,12:30:20,975.96,63.0,30.42,69.0,75.88,3.37,06:16:00,18:03:00
13554,1476138322,10/10/2016 12:00:00 AM,12:25:22,1031.61,63.0,30.42,67.0,0.13,5.62,06:16:00,18:03:00
13555,1476138023,10/10/2016 12:00:00 AM,12:20:23,1026.01,63.0,30.42,66.0,55.96,5.62,06:16:00,18:03:00
13556,1476137722,10/10/2016 12:00:00 AM,12:15:22,1028.58,63.0,30.42,61.0,0.12,6.75,06:16:00,18:03:00
13557,1476137425,10/10/2016 12:00:00 AM,12:10:25,1031.85,63.0,30.43,62.0,43.67,6.75,06:16:00,18:03:00
13558,1476137118,10/10/2016 12:00:00 AM,12:05:18,1030.66,63.0,30.42,60.0,349.93,7.87,06:16:00,18:03:00
13559,1476136822,10/10/2016 12:00:00 AM,12:00:22,1031.29,63.0,30.43,58.0,4.9,4.5,06:16:00,18:03:00
13560,1476136525,10/10/2016 12:00:00 AM,11:55:25,1034.01,63.0,30.43,55.0,66.38,4.5,06:16:00,18:03:00
13561,1476136219,10/10/2016 12:00:00 AM,11:50:19,1032.3,64.0,30.43,59.0,306.15,9.0,06:16:00,18:03:00
13562,1476135921,10/10/2016 12:00:00 AM,11:45:21,1027.65,63.0,30.43,53.0,25.26,4.5,06:16:00,18:03:00
13563,1476135619,10/10/2016 12:00:00 AM,11:40:19,1027.94,63.0,30.43,53.0,35.2,5.62,06:16:00,18:03:00
13564,1476135323,10/10/2016 12:00:00 AM,11:35:23,1026.47,63.0,30.43,54.0,6.91,4.5,06:16:00,18:03:00
13565,1476135022,10/10/2016 12:00:00 AM,11:30:22,1025.41,63.0,30.43,54.0,32.11,9.0,06:16:00,18:03:00
13566,1476134719,10/10/2016 12:00:00 AM,11:25:19,1026.62,63.0,30.43,52.0,0.12,5.62,06:16:00,18:03:00
13567,1476134421,10/10/2016 12:00:00 AM,11:20:21,1026.02,63.0,30.43,50.0,0.1,2.25,06:16:00,18:03:00
13568,1476134118,10/10/2016 12:00:00 AM,11:15:18,994.08,62.0,30.44,51.0,16.01,6.75,06:16:00,18:03:00
13569,1476133828,10/10/2016 12:00:00 AM,11:10:28,1022.64,62.0,30.44,50.0,62.34,3.37,06:16:00,18:03:00
13570,1476133525,10/10/2016 12:00:00 AM,11:05:25,999.9,62.0,30.44,53.0,39.24,6.75,06:16:00,18:03:00
13571,1476133221,10/10/2016 12:00:00 AM,11:00:21,971.01,62.0,30.44,52.0,36.95,5.62,06:16:00,18:03:00
13572,1476132923,10/10/2016 12:00:00 AM,10:55:23,724.03,62.0,30.44,54.0,26.81,9.0,06:16:00,18:03:00
13573,1476132622,10/10/2016 12:00:00 AM,10:50:22,929.98,62.0,30.44,53.0,60.37,6.75,06:16:00,18:03:00
13574,1476132324,10/10/2016 12:00:00 AM,10:45:24,875.74,62.0,30.44,53.0,3.8,3.37,06:16:00,18:03:00
13575,1476132023,10/10/2016 12:00:00 AM,10:40:23,938.04,62.0,30.44,52.0,34.48,6.75,06:16:00,18:03:00
13576,1476131723,10/10/2016 12:00:00 AM,10:35:23,923.58,62.0,30.44,52.0,359.93,7.87,06:16:00,18:03:00
13577,1476131424,10/10/2016 12:00:00 AM,10:30:24,910.31,62.0,30.44,51.0,15.76,6.75,06:16:00,18:03:00
13578,1476131118,10/10/2016 12:00:00 AM,10:25:18,899.04,62.0,30.44,50.0,34.9,3.37,06:16:00,18:03:00
13579,1476130820,10/10/2016 12:00:00 AM,10:20:20,886.24,62.0,30.45,48.0,46.29,7.87,06:16:00,18:03:00
13580,1476130520,10/10/2016 12:00:00 AM,10:15:20,873.55,62.0,30.45,46.0,359.93,2.25,06:16:00,18:03:00
13581,1476130224,10/10/2016 12:00:00 AM,10:10:24,860.75,63.0,30.44,46.0,35.88,5.62,06:16:00,18:03:00
13582,1476129920,10/10/2016 12:00:00 AM,10:05:20,848.24,63.0,30.45,43.0,68.54,4.5,06:16:00,18:03:00
13583,1476129621,10/10/2016 12:00:00 AM,10:00:21,836.61,63.0,30.45,44.0,43.82,7.87,06:16:00,18:03:00
13584,1476129320,10/10/2016 12:00:00 AM,09:55:20,822.69,63.0,30.44,43.0,30.44,3.37,06:16:00,18:03:00
13585,1476129020,10/10/2016 12:00:00 AM,09:50:20,807.5,62.0,30.44,45.0,359.93,5.62,06:16:00,18:03:00
13586,1476128720,10/10/2016 12:00:00 AM,09:45:20,795.83,62.0,30.44,43.0,65.49,3.37,06:16:00,18:03:00
13587,1476128420,10/10/2016 12:00:00 AM,09:40:20,781.47,61.0,30.44,43.0,24.33,2.25,06:16:00,18:03:00
13588,1476128121,10/10/2016 12:00:00 AM,09:35:21,767.38,61.0,30.44,44.0,32.64,4.5,06:16:00,18:03:00
13589,1476127823,10/10/2016 12:00:00 AM,09:30:23,751.18,62.0,30.45,43.0,3.66,4.5,06:16:00,18:03:00
13590,1476127520,10/10/2016 12:00:00 AM,09:25:20,735.13,61.0,30.45,45.0,8.89,5.62,06:16:00,18:03:00
13591,1476127221,10/10/2016 12:00:00 AM,09:20:21,720.68,61.0,30.45,45.0,4.59,6.75,06:16:00,18:03:00
13592,1476126920,10/10/2016 12:00:00 AM,09:15:20,703.66,51.16507236474315,30.45,43.0,20.47,3.37,06:16:00,18:03:00
13593,1476126622,10/10/2016 12:00:00 AM,09:10:22,685.91,62.0,30.45,45.0,346.66,5.62,06:16:00,18:03:00
13594,1476126321,10/10/2016 12:00:00 AM,09:05:21,669.17,61.0,30.44,45.0,358.65,5.62,06:16:00,18:03:00
13595,1476126026,10/10/2016 12:00:00 AM,09:00:26,651.78,61.0,30.44,46.0,336.73,4.5,06:16:00,18:03:00
13596,1476125726,10/10/2016 12:00:00 AM,08:55:26,633.76,61.0,30.44,48.0,358.32,1.12,06:16:00,18:03:00
13597,1476125420,10/10/2016 12:00:00 AM,08:50:20,615.23,60.0,30.44,48.0,0.11,2.25,06:16:00,18:03:00
13598,1476125121,10/10/2016 12:00:00 AM,08:45:21,596.65,60.0,30.44,47.0,0.41,2.25,06:16:00,18:03:00
13599,1476124823,10/10/2016 12:00:00 AM,08:40:23,578.6,60.0,30.44,47.0,4.88,1.12,06:16:00,18:03:00
13600,1476124522,10/10/2016 12:00:00 AM,08:35:22,559.98,59.0,30.44,51.0,337.5,2.25,06:16:00,18:03:00
13601,1476124224,10/10/2016 12:00:00 AM,08:30:24,540.16,59.0,30.44,52.0,1.95,2.25,06:16:00,18:03:00
13602,1476123924,10/10/2016 12:00:00 AM,08:25:24,520.27,59.0,30.43,52.0,2.34,2.25,06:16:00,18:03:00
13603,1476123625,10/10/2016 12:00:00 AM,08:20:25,499.88,59.0,30.43,56.0,358.29,3.37,06:16:00,18:03:00
13604,1476123327,10/10/2016 12:00:00 AM,08:15:27,480.24,58.0,30.43,53.0,269.85,3.37,06:16:00,18:03:00
13605,1476123022,10/10/2016 12:00:00 AM,08:10:22,459.77,57.0,30.43,55.0,249.46,3.37,06:16:00,18:03:00
13606,1476122723,10/10/2016 12:00:00 AM,08:05:23,439.23,57.0,30.42,57.0,246.38,2.25,06:16:00,18:03:00
13607,1476122420,10/10/2016 12:00:00 AM,08:00:20,418.7,56.0,30.42,59.0,201.41,1.12,06:16:00,18:03:00
13608,1476122122,10/10/2016 12:00:00 AM,07:55:22,397.79,55.0,30.42,58.0,201.42,2.25,06:16:00,18:03:00
13609,1476121820,10/10/2016 12:00:00 AM,07:50:20,376.78,55.0,30.42,62.0,198.1,1.12,06:16:00,18:03:00
13610,1476121521,10/10/2016 12:00:00 AM,07:45:21,356.24,54.0,30.42,60.0,198.09,2.25,06:16:00,18:03:00
13611,1476121220,10/10/2016 12:00:00 AM,07:40:20,333.5,54.0,30.42,59.0,198.08,1.12,06:16:00,18:03:00
13612,1476120925,10/10/2016 12:00:00 AM,07:35:25,309.5,53.0,30.42,62.0,198.08,0.0,06:16:00,18:03:00
13613,1476120621,10/10/2016 12:00:00 AM,07:30:21,282.52,51.0,30.42,63.0,198.07,0.0,06:16:00,18:03:00
13614,1476120318,10/10/2016 12:00:00 AM,07:25:18,255.11,50.0,30.41,64.0,198.06,0.0,06:16:00,18:03:00
13615,1476120020,10/10/2016 12:00:00 AM,07:20:20,229.42,49.0,30.41,65.0,198.04,3.37,06:16:00,18:03:00
13616,1476119719,10/10/2016 12:00:00 AM,07:15:19,24.04,49.0,30.41,66.0,197.19,5.62,06:16:00,18:03:00
13617,1476119422,10/10/2016 12:00:00 AM,07:10:22,22.28,49.0,30.41,67.0,193.72,5.62,06:16:00,18:03:00
13618,1476119123,10/10/2016 12:00:00 AM,07:05:23,21.52,49.0,30.41,68.0,193.68,6.75,06:16:00,18:03:00
13619,1476118825,10/10/2016 12:00:00 AM,07:00:25,20.63,49.0,30.41,68.0,194.98,6.75,06:16:00,18:03:00
13620,1476118522,10/10/2016 12:00:00 AM,06:55:22,19.67,48.0,30.41,70.0,189.22,7.87,06:16:00,18:03:00
13621,1476118224,10/10/2016 12:00:00 AM,06:50:24,18.58,48.0,30.4,72.0,193.61,6.229096658193317,06:16:00,18:03:00
13622,1476117920,10/10/2016 12:00:00 AM,06:45:20,17.45,48.0,30.4,73.0,195.0,9.0,06:16:00,18:03:00
13623,1476117618,10/10/2016 12:00:00 AM,06:40:18,16.07,47.0,30.4,74.0,191.52,11.25,06:16:00,18:03:00
13624,1476117322,10/10/2016 12:00:00 AM,06:35:22,14.48,47.0,30.4,75.0,188.5,11.25,06:16:00,18:03:00
13625,1476117019,10/10/2016 12:00:00 AM,06:30:19,12.28,47.0,30.4,76.0,203.78,9.0,06:16:00,18:03:00
13626,1476116718,10/10/2016 12:00:00 AM,06:25:18,9.08,47.0,30.4,77.0,201.07,10.12,06:16:00,18:03:00
13627,1476116424,10/10/2016 12:00:00 AM,06:20:24,6.36,47.0,30.4,77.0,195.33,11.25,06:16:00,18:03:00
13628,1476116119,10/10/2016 12:00:00 AM,06:15:19,4.36,46.0,30.4,77.0,189.59,11.25,06:16:00,18:03:00
13629,1476115827,10/10/2016 12:00:00 AM,06:10:27,2.86,46.0,30.4,78.0,193.34,11.25,06:16:00,18:03:00
13630,1476115522,10/10/2016 12:00:00 AM,06:05:22,1.77,46.0,30.4,79.0,197.23,9.0,06:16:00,18:03:00
13631,1476115223,10/10/2016 12:00:00 AM,06:00:23,1.26,46.0,30.41,79.0,195.42,7.87,06:16:00,18:03:00
13632,1476114923,10/10/2016 12:00:00 AM,05:55:23,1.22,46.0,30.4,78.0,195.86,9.0,06:16:00,18:03:00
13633,1476114625,10/10/2016 12:00:00 AM,05:50:25,1.22,46.0,30.4,78.0,197.19,9.0,06:16:00,18:03:00
13634,1476114323,10/10/2016 12:00:00 AM,05:45:23,1.23,46.0,30.4,74.83719267708949,201.83,9.0,06:16:00,18:03:00
13635,1476114023,10/10/2016 12:00:00 AM,05:40:23,1.21,46.0,30.4,79.0,201.58,6.75,06:16:00,18:03:00
13636,1476113722,10/10/2016 12:00:00 AM,05:35:22,1.23,47.0,30.4,78.0,204.13,6.75,06:16:00,18:03:00
13637,1476113422,10/10/2016 12:00:00 AM,05:30:22,1.22,47.0,30.4,77.0,204.38,7.87,06:16:00,18:03:00
13638,1476113122,10/10/2016 12:00:00 AM,05:25:22,1.21,47.0,30.4,77.0,212.4,5.62,06:16:00,18:03:00
13639,1476112820,10/10/2016 12:00:00 AM,05:20:20,1.23,47.0,30.4,78.0,219.61,5.62,06:16:00,18:03:00
13640,1476112528,10/10/2016 12:00:00 AM,05:15:28,1.21,47.0,30.423028000868246,77.0,208.1,6.75,06:16:00,18:03:00
13641,1476112221,10/10/2016 12:00:00 AM,05:10:21,1.22,47.0,30.4,77.0,198.18,7.87,06:16:00,18:03:00
13642,1476111926,10/10/2016 12:00:00 AM,05:05:26,1.23,47.0,30.4,77.0,195.28,7.87,06:16:00,18:03:00
13643,1476111624,10/10/2016 12:00:00 AM,05:00:24,1.24,47.0,30.39,77.0,195.87,9.0,06:16:00,18:03:00
13644,1476111322,10/10/2016 12:00:00 AM,04:55:22,1.27,47.0,30.39,77.0,194.32,9.0,06:16:00,18:03:00
13645,1476111029,10/10/2016 12:00:00 AM,04:50:29,1.23,47.0,30.39,77.0,202.61,6.75,06:16:00,18:03:00
13646,1476110724,10/10/2016 12:00:00 AM,04:45:24,1.22,47.0,30.39,78.0,198.06,7.87,06:16:00,18:03:00
13647,1476110423,10/10/2016 12:00:00 AM,04:40:23,1.22,47.0,30.39,78.0,195.86,7.87,06:16:00,18:03:00
13648,1476110124,10/10/2016 12:00:00 AM,04:35:24,1.2,47.0,30.39,79.0,195.06,6.75,06:16:00,18:03:00
13649,1476109820,10/10/2016 12:00:00 AM,04:30:20,1.22,47.0,30.39,80.0,201.65,6.75,06:16:00,18:03:00
13650,1476109520,10/10/2016 12:00:00 AM,04:25:20,1.24,47.0,30.39,79.0,217.23,5.62,06:16:00,18:03:00
13651,1476109221,10/10/2016 12:00:00 AM,04:20:21,1.23,47.0,30.39,78.0,213.62,5.62,06:16:00,18:03:00
13652,1476108924,10/10/2016 12:00:00 AM,04:15:24,1.21,47.0,30.39,79.0,206.32,6.75,06:16:00,18:03:00
13653,1476108619,10/10/2016 12:00:00 AM,04:10:19,1.24,47.0,30.39,78.0,197.79,9.0,06:16:00,18:03:00
13654,1476108318,10/10/2016 12:00:00 AM,04:05:18,1.22,47.0,30.39,78.0,194.67,9.0,06:16:00,18:03:00
13655,1476108018,10/10/2016 12:00:00 AM,04:00:18,1.24,47.0,30.39,79.0,198.19,9.0,06:16:00,18:03:00
13656,1476107720,10/10/2016 12:00:00 AM,03:55:20,1.24,47.0,30.39,80.0,197.22,9.0,06:16:00,18:03:00
13657,1476107434,10/10/2016 12:00:00 AM,03:50:34,1.24,47.0,30.39,79.0,196.58,10.12,06:16:00,18:03:00
13658,1476106822,10/10/2016 12:00:00 AM,03:40:22,1.24,47.0,30.39,79.0,202.4,10.12,06:16:00,18:03:00
13659,1476106521,10/10/2016 12:00:00 AM,03:35:21,1.19,47.0,30.39,79.0,197.34,9.0,06:16:00,18:03:00
13660,1476106234,10/10/2016 12:00:00 AM,03:30:34,1.23,47.0,30.39,80.0,207.13,10.12,06:16:00,18:03:00
13661,1476105946,10/10/2016 12:00:00 AM,03:25:46,1.24,47.0,30.39,81.0,204.9,7.87,06:16:00,18:03:00
13662,1476105627,10/10/2016 12:00:00 AM,03:20:27,1.25,47.0,30.39,81.0,199.82,9.0,06:16:00,18:03:00
13663,1476105328,10/10/2016 12:00:00 AM,03:15:28,1.25,48.0,30.39,82.0,201.64,6.75,06:16:00,18:03:00
13664,1476105024,10/10/2016 12:00:00 AM,03:10:24,1.24,48.0,30.39,81.0,197.23,10.12,06:16:00,18:03:00
13665,1476104727,10/10/2016 12:00:00 AM,03:05:27,1.25,48.0,30.39,81.0,196.53,10.12,06:16:00,18:03:00
13666,1476104420,10/10/2016 12:00:00 AM,03:00:20,1.24,48.0,30.39,81.0,195.68,10.12,06:16:00,18:03:00
13667,1476104122,10/10/2016 12:00:00 AM,02:55:22,1.21,48.0,30.39,81.0,196.25,10.12,06:16:00,18:03:00
13668,1476103822,10/10/2016 12:00:00 AM,02:50:22,1.25,48.0,30.39,81.0,193.99,9.0,06:16:00,18:03:00
13669,1476103524,10/10/2016 12:00:00 AM,02:45:24,1.26,49.0,30.39,81.0,199.57,9.0,06:16:00,18:03:00
13670,1476103220,10/10/2016 12:00:00 AM,02:40:20,1.25,49.0,30.39,81.0,194.53,9.0,06:16:00,18:03:00
13671,1476102919,10/10/2016 12:00:00 AM,02:35:19,1.25,49.0,30.4,80.0,191.49,7.87,06:16:00,18:03:00
13672,1476102625,10/10/2016 12:00:00 AM,02:30:25,1.24,49.0,30.4,81.0,206.06,5.62,06:16:00,18:03:00
13673,1476102322,10/10/2016 12:00:00 AM,02:25:22,1.21,50.0,30.4,81.0,188.07,9.0,06:16:00,18:03:00
13674,1476102024,10/10/2016 12:00:00 AM,02:20:24,1.23,50.0,30.4,81.0,189.55,9.0,06:16:00,18:03:00
13675,1476101419,10/10/2016 12:00:00 AM,02:10:19,1.23,50.0,30.4,82.0,191.98,10.12,06:16:00,18:03:00
13676,1476101121,10/10/2016 12:00:00 AM,02:05:21,1.24,50.0,30.4,82.0,190.94,11.25,06:16:00,18:03:00
13677,1476100820,10/10/2016 12:00:00 AM,02:00:20,1.26,50.0,30.4,83.0,192.45,10.12,06:16:00,18:03:00
13678,1476100520,10/10/2016 12:00:00 AM,01:55:20,1.25,50.0,30.4,83.0,194.65,11.25,06:16:00,18:03:00
13679,1476100223,10/10/2016 12:00:00 AM,01:50:23,1.24,50.0,30.4,84.0,189.33,11.25,06:16:00,18:03:00
13680,1476099920,10/10/2016 12:00:00 AM,01:45:20,1.24,50.0,30.4,85.0,191.33,10.12,06:16:00,18:03:00
13681,1476099624,10/10/2016 12:00:00 AM,01:40:24,1.23,49.0,30.4,85.0,189.54,11.25,06:16:00,18:03:00
13682,1476099320,10/10/2016 12:00:00 AM,01:35:20,1.25,49.0,30.4,85.0,186.52,12.37,06:16:00,18:03:00
13683,1476099024,10/10/2016 12:00:00 AM,01:30:24,1.24,51.16507236474315,30.41,85.0,183.63,12.37,06:16:00,18:03:00
13684,1476098721,10/10/2016 12:00:00 AM,01:25:21,1.21,49.0,30.41,85.0,188.89,12.37,06:16:00,18:03:00
13685,1476098422,10/10/2016 12:00:00 AM,01:20:22,1.25,49.0,30.41,84.0,187.49,11.25,06:16:00,18:03:00
13686,1476098124,10/10/2016 12:00:00 AM,01:15:24,1.25,49.0,30.41,85.0,186.76,10.12,06:16:00,18:03:00
13687,1476097825,10/10/2016 12:00:00 AM,01:10:25,1.25,48.0,30.41,85.0,187.46,7.87,06:16:00,18:03:00
13688,1476097521,10/10/2016 12:00:00 AM,01:05:21,1.22,48.0,30.41,74.83719267708949,189.14,10.12,06:16:00,18:03:00
13689,1476097228,10/10/2016 12:00:00 AM,01:00:28,1.27,48.0,30.41,86.0,188.23,9.0,06:16:00,18:03:00
13690,1476096923,10/10/2016 12:00:00 AM,00:55:23,1.22,48.0,30.41,87.0,188.8,7.87,06:16:00,18:03:00
13691,1476096622,10/10/2016 12:00:00 AM,00:50:22,1.24,48.0,30.41,88.0,181.72,6.75,06:16:00,18:03:00
13692,1476096321,10/10/2016 12:00:00 AM,00:45:21,1.24,48.0,30.42,88.0,184.73,6.75,06:16:00,18:03:00
13693,1476096025,10/10/2016 12:00:00 AM,00:40:25,1.23,48.0,30.42,88.0,181.94,6.75,06:16:00,18:03:00
13694,1476095723,10/10/2016 12:00:00 AM,00:35:23,1.25,48.0,30.42,89.0,179.81,7.87,06:16:00,18:03:00
13695,1476095425,10/10/2016 12:00:00 AM,00:30:25,1.21,48.0,30.42,88.0,171.7,6.75,06:16:00,18:03:00
13696,1476093625,10/10/2016 12:00:00 AM,00:00:25,1.26,49.0,30.42,87.0,178.32,6.75,06:16:00,18:03:00
13697,1476093325,10/9/2016 12:00:00 AM,23:55:25,1.24,49.0,30.42,86.0,178.64,5.62,06:16:00,18:04:00
13698,1476093023,10/9/2016 12:00:00 AM,23:50:23,1.22,50.0,30.42,85.0,179.67,5.62,06:16:00,18:04:00
13699,1476092723,10/9/2016 12:00:00 AM,23:45:23,1.23,50.0,30.43,84.0,198.89,2.25,06:16:00,18:04:00
13700,1476092426,10/9/2016 12:00:00 AM,23:40:26,1.2,50.0,30.43,85.0,198.89,2.25,06:16:00,18:04:00
13701,1476092124,10/9/2016 12:00:00 AM,23:35:24,1.23,50.0,30.43,86.0,197.68,5.62,06:16:00,18:04:00
13702,1476091819,10/9/2016 12:00:00 AM,23:30:19,1.26,50.0,30.43,86.0,187.54,5.62,06:16:00,18:04:00
13703,1476091519,10/9/2016 12:00:00 AM,23:25:19,1.25,50.0,30.43,86.0,181.83,6.75,06:16:00,18:04:00
13704,1476091222,10/9/2016 12:00:00 AM,23:20:22,1.24,50.0,30.43,86.0,143.54770303349548,6.75,06:16:00,18:04:00
13705,1476090926,10/9/2016 12:00:00 AM,23:15:26,1.23,50.0,30.43,85.0,183.16,7.87,06:16:00,18:04:00
13706,1476090621,10/9/2016 12:00:00 AM,23:10:21,1.26,50.0,30.43,84.0,188.48,9.0,06:16:00,18:04:00
13707,1476090324,10/9/2016 12:00:00 AM,23:05:24,1.22,51.0,30.43,84.0,189.3,9.0,06:16:00,18:04:00
13708,1476090020,10/9/2016 12:00:00 AM,23:00:20,1.27,51.0,30.43,84.0,189.37,7.87,06:16:00,18:04:00
13709,1476089728,10/9/2016 12:00:00 AM,22:55:28,1.22,51.0,30.44,84.0,190.7,9.0,06:16:00,18:04:00
13710,1476089419,10/9/2016 12:00:00 AM,22:50:19,1.24,51.0,30.44,84.0,190.05,9.0,06:16:00,18:04:00
13711,1476089119,10/9/2016 12:00:00 AM,22:45:19,1.22,51.0,30.44,84.0,189.19,9.0,06:16:00,18:04:00
13712,1476088818,10/9/2016 12:00:00 AM,22:40:18,1.23,50.0,30.44,85.0,188.0,10.12,06:16:00,18:04:00
13713,1476088520,10/9/2016 12:00:00 AM,22:35:20,1.22,50.0,30.44,86.0,192.07,6.229096658193317,06:16:00,18:04:00
13714,1476088218,10/9/2016 12:00:00 AM,22:30:18,1.26,50.0,30.44,87.0,190.12,7.87,06:16:00,18:04:00
13715,1476087919,10/9/2016 12:00:00 AM,22:25:19,1.24,50.0,30.44,88.0,191.28,7.87,06:16:00,18:04:00
13716,1476087627,10/9/2016 12:00:00 AM,22:20:27,1.23,49.0,30.44,90.0,190.47,7.87,06:16:00,18:04:00
13717,1476087320,10/9/2016 12:00:00 AM,22:15:20,1.22,50.0,30.44,90.0,183.2,5.62,06:16:00,18:04:00
13718,1476087026,10/9/2016 12:00:00 AM,22:10:26,1.24,50.0,30.44,91.0,183.24,5.62,06:16:00,18:04:00
13719,1476086719,10/9/2016 12:00:00 AM,22:05:19,1.25,50.0,30.44,92.0,183.2,5.62,06:16:00,18:04:00
13720,1476086420,10/9/2016 12:00:00 AM,22:00:20,1.23,50.0,30.44,93.0,181.64,6.75,06:16:00,18:04:00
13721,1476086121,10/9/2016 12:00:00 AM,21:55:21,1.23,50.0,30.44,93.0,180.95,5.62,06:16:00,18:04:00
13722,1476085822,10/9/2016 12:00:00 AM,21:50:22,1.23,50.0,30.44,93.0,180.19,6.75,06:16:00,18:04:00
13723,1476085521,10/9/2016 12:00:00 AM,21:45:21,1.24,50.0,30.44,94.0,179.66,6.75,06:16:00,18:04:00
13724,1476085228,10/9/2016 12:00:00 AM,21:40:28,1.26,50.0,30.44,94.0,181.63,7.87,06:16:00,18:04:00
13725,1476084921,10/9/2016 12:00:00 AM,21:35:21,1.24,50.0,30.44,94.0,183.12,5.62,06:16:00,18:04:00
13726,1476084622,10/9/2016 12:00:00 AM,21:30:22,1.24,50.0,30.44,93.0,183.3,5.62,06:16:00,18:04:00
13727,1476084322,10/9/2016 12:00:00 AM,21:25:22,1.23,50.0,30.44,93.0,182.73,6.75,06:16:00,18:04:00
13728,1476084018,10/9/2016 12:00:00 AM,21:20:18,1.23,49.0,30.44,93.0,182.35,5.62,06:16:00,18:04:00
13729,1476083724,10/9/2016 12:00:00 AM,21:15:24,1.23,49.0,30.44,93.0,143.54770303349548,5.62,06:16:00,18:04:00
13730,1476083419,10/9/2016 12:00:00 AM,21:10:19,1.23,49.0,30.44,93.0,178.72,5.62,06:16:00,18:04:00
13731,1476083123,10/9/2016 12:00:00 AM,21:05:23,1.25,49.0,30.44,92.0,143.54770303349548,5.62,06:16:00,18:04:00
13732,1476082821,10/9/2016 12:00:00 AM,21:00:21,1.23,49.0,30.44,92.0,170.75,3.37,06:16:00,18:04:00
13733,1476082519,10/9/2016 12:00:00 AM,20:55:19,1.23,50.0,30.44,92.0,170.74,3.37,06:16:00,18:04:00
13734,1476082223,10/9/2016 12:00:00 AM,20:50:23,1.24,50.0,30.44,92.0,170.78,3.37,06:16:00,18:04:00
13735,1476081921,10/9/2016 12:00:00 AM,20:45:21,1.22,50.0,30.44,92.0,170.79,3.37,06:16:00,18:04:00
13736,1476081623,10/9/2016 12:00:00 AM,20:40:23,1.25,50.0,30.44,92.0,170.8,3.37,06:16:00,18:04:00
13737,1476081322,10/9/2016 12:00:00 AM,20:35:22,1.27,50.0,30.44,93.0,170.8,4.5,06:16:00,18:04:00
13738,1476081018,10/9/2016 12:00:00 AM,20:30:18,1.25,50.0,30.44,93.0,170.8,4.5,06:16:00,18:04:00
13739,1476080722,10/9/2016 12:00:00 AM,20:25:22,1.24,50.0,30.43,93.0,170.8,5.62,06:16:00,18:04:00
13740,1476080425,10/9/2016 12:00:00 AM,20:20:25,1.22,50.0,30.43,93.0,170.8,5.62,06:16:00,18:04:00
13741,1476080119,10/9/2016 12:00:00 AM,20:15:19,1.24,50.0,30.43,93.0,167.67,4.5,06:16:00,18:04:00
13742,1476079522,10/9/2016 12:00:00 AM,20:05:22,1.22,50.0,30.43,93.0,159.67,3.37,06:16:00,18:04:00
13743,1476079218,10/9/2016 12:00:00 AM,20:00:18,1.26,50.0,30.43,93.0,159.67,4.5,06:16:00,18:04:00
13744,1476078920,10/9/2016 12:00:00 AM,19:55:20,1.21,50.0,30.43,93.0,159.67,4.5,06:16:00,18:04:00
13745,1476078621,10/9/2016 12:00:00 AM,19:50:21,1.24,50.0,30.42,92.0,159.64,4.5,06:16:00,18:04:00
13746,1476078318,10/9/2016 12:00:00 AM,19:45:18,1.25,51.0,30.42,92.0,159.68,3.37,06:16:00,18:04:00
13747,1476078018,10/9/2016 12:00:00 AM,19:40:18,1.24,51.0,30.42,92.0,159.67,3.37,06:16:00,18:04:00
13748,1476077720,10/9/2016 12:00:00 AM,19:35:20,1.25,51.0,30.42,92.0,159.67,3.37,06:16:00,18:04:00
13749,1476077421,10/9/2016 12:00:00 AM,19:30:21,1.23,51.0,30.42,91.0,143.54770303349548,4.5,06:16:00,18:04:00
13750,1476077147,10/9/2016 12:00:00 AM,19:25:47,1.26,51.0,30.42,91.0,154.48,3.37,06:16:00,18:04:00
13751,1476076822,10/9/2016 12:00:00 AM,19:20:22,1.25,51.0,30.42,90.0,154.48,4.5,06:16:00,18:04:00
13752,1476076521,10/9/2016 12:00:00 AM,19:15:21,1.24,51.0,30.42,90.0,154.48,3.37,06:16:00,18:04:00
13753,1476076221,10/9/2016 12:00:00 AM,19:10:21,1.24,51.0,30.41,88.0,154.48,3.37,06:16:00,18:04:00
13754,1476075918,10/9/2016 12:00:00 AM,19:05:18,1.22,51.16507236474315,30.41,88.0,154.48,3.37,06:16:00,18:04:00
13755,1476075624,10/9/2016 12:00:00 AM,19:00:24,1.24,52.0,30.41,88.0,154.48,2.25,06:16:00,18:04:00
13756,1476075318,10/9/2016 12:00:00 AM,18:55:18,1.21,52.0,30.42,87.0,154.44,3.37,06:16:00,18:04:00
13757,1476075018,10/9/2016 12:00:00 AM,18:50:18,1.27,53.0,30.41,88.0,154.33,2.25,06:16:00,18:04:00
13758,1476074719,10/9/2016 12:00:00 AM,18:45:19,1.27,53.0,30.41,87.0,137.07,3.37,06:16:00,18:04:00
13759,1476074419,10/9/2016 12:00:00 AM,18:40:19,1.27,53.0,30.41,87.0,135.95,2.25,06:16:00,18:04:00
13760,1476074120,10/9/2016 12:00:00 AM,18:35:20,1.24,54.0,30.41,86.0,130.15,1.12,06:16:00,18:04:00
13761,1476073820,10/9/2016 12:00:00 AM,18:30:20,1.28,54.0,30.4,86.0,129.83,2.25,06:16:00,18:04:00
13762,1476073521,10/9/2016 12:00:00 AM,18:25:21,1.19,55.0,30.4,84.0,123.31,3.37,06:16:00,18:04:00
13763,1476073222,10/9/2016 12:00:00 AM,18:20:22,1.25,55.0,30.4,82.0,136.01,1.12,06:16:00,18:04:00
13764,1476072920,10/9/2016 12:00:00 AM,18:15:20,1.39,56.0,30.4,81.0,62.92,2.25,06:16:00,18:04:00
13765,1476072619,10/9/2016 12:00:00 AM,18:10:19,2.36,56.0,30.4,76.0,87.64,0.0,06:16:00,18:04:00
13766,1476072320,10/9/2016 12:00:00 AM,18:05:20,3.82,56.0,30.4,76.0,94.01,1.12,06:16:00,18:04:00
13767,1476072019,10/9/2016 12:00:00 AM,18:00:19,6.13,57.0,30.4,75.0,89.12,2.25,06:16:00,18:04:00
13768,1476071728,10/9/2016 12:00:00 AM,17:55:28,7.92,57.0,30.4,73.0,82.75,0.0,06:16:00,18:04:00
13769,1476071421,10/9/2016 12:00:00 AM,17:50:21,11.22,57.0,30.4,72.0,57.12,3.37,06:16:00,18:04:00
13770,1476071122,10/9/2016 12:00:00 AM,17:45:22,16.02,58.0,30.4,68.0,10.63,2.25,06:16:00,18:04:00
13771,1476070526,10/9/2016 12:00:00 AM,17:35:26,18.69,59.0,30.4,71.0,34.1,6.75,06:16:00,18:04:00
13772,1476070226,10/9/2016 12:00:00 AM,17:30:26,21.2,59.0,30.39,71.0,18.67,2.25,06:16:00,18:04:00
13773,1476069920,10/9/2016 12:00:00 AM,17:25:20,84.81,59.0,30.39,72.0,34.04,4.5,06:16:00,18:04:00
13774,1476069619,10/9/2016 12:00:00 AM,17:20:19,106.85,59.0,30.39,74.0,53.59,3.37,06:16:00,18:04:00
13775,1476069323,10/9/2016 12:00:00 AM,17:15:23,131.07,60.0,30.39,74.0,38.86,5.62,06:16:00,18:04:00
13776,1476069020,10/9/2016 12:00:00 AM,17:10:20,158.06,60.0,30.39,74.0,22.2,3.37,06:16:00,18:04:00
13777,1476068722,10/9/2016 12:00:00 AM,17:05:22,184.96,60.0,30.39,74.0,359.93,2.25,06:16:00,18:04:00
13778,1476068421,10/9/2016 12:00:00 AM,17:00:21,212.99,60.0,30.39,73.0,37.5,3.37,06:16:00,18:04:00
13779,1476068119,10/9/2016 12:00:00 AM,16:55:19,242.37,60.0,30.39,74.0,6.85,2.25,06:16:00,18:04:00
13780,1476067819,10/9/2016 12:00:00 AM,16:50:19,270.2,60.0,30.39,75.0,26.05,5.62,06:16:00,18:04:00
13781,1476067522,10/9/2016 12:00:00 AM,16:45:22,295.58,60.0,30.39,75.0,23.31,1.12,06:16:00,18:04:00
13782,1476067223,10/9/2016 12:00:00 AM,16:40:23,319.89,60.0,30.39,75.0,16.3,2.25,06:16:00,18:04:00
13783,1476066920,10/9/2016 12:00:00 AM,16:35:20,344.03,61.0,30.39,76.0,26.91,4.5,06:16:00,18:04:00
13784,1476066619,10/9/2016 12:00:00 AM,16:30:19,368.12,60.0,30.39,74.0,40.18,6.75,06:16:00,18:04:00
13785,1476066319,10/9/2016 12:00:00 AM,16:25:19,261.6,61.0,30.39,72.0,34.84,6.75,06:16:00,18:04:00
13786,1476066021,10/9/2016 12:00:00 AM,16:20:21,101.35,61.0,30.39,72.0,8.28,3.37,06:16:00,18:04:00
13787,1476065722,10/9/2016 12:00:00 AM,16:15:22,439.49,61.0,30.39,75.0,21.64,3.37,06:16:00,18:04:00
13788,1476065421,10/9/2016 12:00:00 AM,16:10:21,456.8,61.0,30.39,78.0,26.48,6.75,06:16:00,18:04:00
13789,1476065124,10/9/2016 12:00:00 AM,16:05:24,474.85,60.0,30.39,79.0,359.91,0.0,06:16:00,18:04:00
13790,1476064822,10/9/2016 12:00:00 AM,16:00:22,506.95,60.0,30.39,80.0,34.86,4.5,06:16:00,18:04:00
13791,1476064525,10/9/2016 12:00:00 AM,15:55:25,570.46,60.0,30.39,81.0,17.15,9.0,06:16:00,18:04:00
13792,1476064222,10/9/2016 12:00:00 AM,15:50:22,176.72,60.0,30.39,82.0,11.26,4.5,06:16:00,18:04:00
13793,1476063922,10/9/2016 12:00:00 AM,15:45:22,148.88,60.0,30.39,81.0,34.65,3.37,06:16:00,18:04:00
13794,1476063622,10/9/2016 12:00:00 AM,15:40:22,321.52,61.0,30.39,80.0,1.77,10.12,06:16:00,18:04:00
13795,1476063323,10/9/2016 12:00:00 AM,15:35:23,491.47,62.0,30.39,79.0,0.14,5.62,06:16:00,18:04:00
13796,1476063024,10/9/2016 12:00:00 AM,15:30:24,716.82,62.0,30.39,79.0,42.78,6.75,06:16:00,18:04:00
13797,1476062725,10/9/2016 12:00:00 AM,15:25:25,221.66,62.0,30.39,78.0,336.54,10.12,06:16:00,18:04:00
13798,1476062422,10/9/2016 12:00:00 AM,15:20:22,452.55,62.0,30.39,75.0,46.72,0.0,06:16:00,18:04:00
13799,1476062120,10/9/2016 12:00:00 AM,15:15:20,189.5,63.0,30.39,75.0,336.4,9.0,06:16:00,18:04:00
13800,1476061821,10/9/2016 12:00:00 AM,15:10:21,792.96,63.0,30.39,73.0,359.84,6.75,06:16:00,18:04:00
13801,1476061520,10/9/2016 12:00:00 AM,15:05:20,793.65,64.0,30.39,72.0,26.25,9.0,06:16:00,18:04:00
13802,1476061221,10/9/2016 12:00:00 AM,15:00:21,805.74,64.0,30.39,71.0,41.63,4.5,06:16:00,18:04:00
13803,1476060925,10/9/2016 12:00:00 AM,14:55:25,761.82,64.0,30.39,71.0,336.72,6.75,06:16:00,18:04:00
13804,1476060621,10/9/2016 12:00:00 AM,14:50:21,409.97,63.0,30.39,71.0,359.93,6.75,06:16:00,18:04:00
13805,1476060322,10/9/2016 12:00:00 AM,14:45:22,903.61,63.0,30.39,70.0,359.93,10.12,06:16:00,18:04:00
13806,1476060022,10/9/2016 12:00:00 AM,14:40:22,770.35,63.0,30.39,67.0,25.21,1.12,06:16:00,18:04:00
13807,1476059719,10/9/2016 12:00:00 AM,14:35:19,295.32,64.0,30.39,66.0,26.19,4.5,06:16:00,18:04:00
13808,1476059420,10/9/2016 12:00:00 AM,14:30:20,721.59,63.0,30.39,68.0,7.67,5.62,06:16:00,18:04:00
13809,1476059123,10/9/2016 12:00:00 AM,14:25:23,488.24,63.0,30.39,68.0,35.9,5.62,06:16:00,18:04:00
13810,1476058822,10/9/2016 12:00:00 AM,14:20:22,887.44,63.0,30.39,66.0,68.11,2.25,06:16:00,18:04:00
13811,1476058524,10/9/2016 12:00:00 AM,14:15:24,884.46,63.0,30.4,66.0,35.06,4.5,06:16:00,18:04:00
13812,1476058221,10/9/2016 12:00:00 AM,14:10:21,918.66,63.0,30.4,67.0,5.29,7.87,06:16:00,18:04:00
13813,1476057920,10/9/2016 12:00:00 AM,14:05:20,272.23,63.0,30.4,65.0,48.67,7.87,06:16:00,18:04:00
13814,1476057622,10/9/2016 12:00:00 AM,14:00:22,280.97,64.0,30.4,62.0,0.25,5.62,06:16:00,18:04:00
13815,1476057340,10/9/2016 12:00:00 AM,13:55:40,368.26,65.0,30.4,63.0,356.85,5.62,06:16:00,18:04:00
13816,1476057024,10/9/2016 12:00:00 AM,13:50:24,1161.37,65.0,30.4,65.0,113.28,0.0,06:16:00,18:04:00
13817,1476056742,10/9/2016 12:00:00 AM,13:45:42,1104.43,64.0,30.4,63.0,359.93,3.37,06:16:00,18:04:00
13818,1476056422,10/9/2016 12:00:00 AM,13:40:22,401.54,64.0,30.4,66.0,72.4,5.62,06:16:00,18:04:00
13819,1476056127,10/9/2016 12:00:00 AM,13:35:27,1013.3,63.0,30.4,65.0,43.74,7.87,06:16:00,18:04:00
13820,1476055819,10/9/2016 12:00:00 AM,13:30:19,1099.23,62.0,30.4,65.0,18.58,9.0,06:16:00,18:04:00
13821,1476055519,10/9/2016 12:00:00 AM,13:25:19,514.46,63.0,30.4,65.0,38.43,4.5,06:16:00,18:04:00
13822,1476055222,10/9/2016 12:00:00 AM,13:20:22,700.93,62.0,30.4,66.0,8.74,4.5,06:16:00,18:04:00
13823,1476054920,10/9/2016 12:00:00 AM,13:15:20,1113.32,63.0,30.41,64.0,359.93,6.75,06:16:00,18:04:00
13824,1476054621,10/9/2016 12:00:00 AM,13:10:21,500.7,51.16507236474315,30.41,66.0,10.43,4.5,06:16:00,18:04:00
13825,1476054320,10/9/2016 12:00:00 AM,13:05:20,1099.26,63.0,30.41,64.0,4.3,7.87,06:16:00,18:04:00
13826,1476054020,10/9/2016 12:00:00 AM,13:00:20,1056.55,63.0,30.41,63.0,19.46,7.87,06:16:00,18:04:00
13827,1476053721,10/9/2016 12:00:00 AM,12:55:21,1053.53,64.0,30.41,63.0,38.77,9.0,06:16:00,18:04:00
13828,1476053422,10/9/2016 12:00:00 AM,12:50:22,1077.09,64.0,30.41,67.0,24.76,5.62,06:16:00,18:04:00
13829,1476053119,10/9/2016 12:00:00 AM,12:45:19,1044.85,64.0,30.41,66.0,27.69,9.0,06:16:00,18:04:00
13830,1476052823,10/9/2016 12:00:00 AM,12:40:23,1082.31,64.0,30.41,63.0,359.93,7.87,06:16:00,18:04:00
13831,1476052522,10/9/2016 12:00:00 AM,12:35:22,1068.08,65.0,30.41,61.0,37.01,4.5,06:16:00,18:04:00
13832,1476052220,10/9/2016 12:00:00 AM,12:30:20,1064.07,65.0,30.42,61.0,34.06,7.87,06:16:00,18:04:00
13833,1476051921,10/9/2016 12:00:00 AM,12:25:21,1057.98,65.0,30.42,60.0,336.4,9.0,06:16:00,18:04:00
13834,1476051626,10/9/2016 12:00:00 AM,12:20:26,1056.42,65.0,30.42,59.0,29.62,3.37,06:16:00,18:04:00
13835,1476051321,10/9/2016 12:00:00 AM,12:15:21,1042.32,65.0,30.42,58.0,76.54,6.75,06:16:00,18:04:00
13836,1476051022,10/9/2016 12:00:00 AM,12:10:22,1029.18,65.0,30.42,59.0,294.62,1.12,06:16:00,18:04:00
13837,1476050425,10/9/2016 12:00:00 AM,12:00:25,1007.75,65.0,30.42,61.0,355.27,2.25,06:16:00,18:04:00
13838,1476050124,10/9/2016 12:00:00 AM,11:55:24,1006.17,65.0,30.42,59.0,70.08,3.37,06:16:00,18:04:00
13839,1476049819,10/9/2016 12:00:00 AM,11:50:19,1003.23,65.0,30.43,59.0,5.63,6.229096658193317,06:16:00,18:04:00
13840,1476049524,10/9/2016 12:00:00 AM,11:45:24,997.9,65.0,30.43,59.0,50.3,6.75,06:16:00,18:04:00
13841,1476049224,10/9/2016 12:00:00 AM,11:40:24,993.77,65.0,30.43,60.0,8.97,7.87,06:16:00,18:04:00
13842,1476048921,10/9/2016 12:00:00 AM,11:35:21,988.21,65.0,30.43,58.0,27.27,4.5,06:16:00,18:04:00
13843,1476048622,10/9/2016 12:00:00 AM,11:30:22,984.13,65.0,30.43,59.0,11.29,1.12,06:16:00,18:04:00
13844,1476048320,10/9/2016 12:00:00 AM,11:25:20,979.16,65.0,30.43,58.0,336.18,5.62,06:16:00,18:04:00
13845,1476048023,10/9/2016 12:00:00 AM,11:20:23,974.8,65.0,30.43,57.0,53.04,4.5,06:16:00,18:04:00
13846,1476047723,10/9/2016 12:00:00 AM,11:15:23,969.36,65.0,30.43,74.83719267708949,28.36,6.75,06:16:00,18:04:00
13847,1476047419,10/9/2016 12:00:00 AM,11:10:19,963.01,65.0,30.43,55.0,0.11,2.25,06:16:00,18:04:00
13848,1476047119,10/9/2016 12:00:00 AM,11:05:19,957.07,65.0,30.44,57.0,52.29,9.0,06:16:00,18:04:00
13849,1476046819,10/9/2016 12:00:00 AM,11:00:19,948.54,64.0,30.44,59.0,359.93,3.37,06:16:00,18:04:00
13850,1476046524,10/9/2016 12:00:00 AM,10:55:24,942.78,64.0,30.44,57.0,7.45,1.12,06:16:00,18:04:00
13851,1476046226,10/9/2016 12:00:00 AM,10:50:26,934.87,64.0,30.44,58.0,60.68,1.12,06:16:00,18:04:00
13852,1476045920,10/9/2016 12:00:00 AM,10:45:20,925.67,64.0,30.44,58.0,25.45,9.0,06:16:00,18:04:00
13853,1476045621,10/9/2016 12:00:00 AM,10:40:21,916.84,65.0,30.44,57.0,25.28,9.0,06:16:00,18:04:00
13854,1476045325,10/9/2016 12:00:00 AM,10:35:25,907.72,64.0,30.44,58.0,48.93,6.75,06:16:00,18:04:00
13855,1476045024,10/9/2016 12:00:00 AM,10:30:24,897.29,64.0,30.44,59.0,30.21,7.87,06:16:00,18:04:00
13856,1476044720,10/9/2016 12:00:00 AM,10:25:20,887.04,64.0,30.44,57.0,68.52,3.37,06:16:00,18:04:00
13857,1476044421,10/9/2016 12:00:00 AM,10:20:21,872.45,64.0,30.44,57.0,39.84,3.37,06:16:00,18:04:00
13858,1476044126,10/9/2016 12:00:00 AM,10:15:26,866.65,65.0,30.44,54.0,45.08,9.0,06:16:00,18:04:00
13859,1476043819,10/9/2016 12:00:00 AM,10:10:19,851.79,65.0,30.44,54.0,34.58,4.5,06:16:00,18:04:00
13860,1476043522,10/9/2016 12:00:00 AM,10:05:22,841.06,64.0,30.44,52.0,90.01,2.25,06:16:00,18:04:00
13861,1476043222,10/9/2016 12:00:00 AM,10:00:22,831.27,63.0,30.44,51.0,325.27,2.25,06:16:00,18:04:00
13862,1476042918,10/9/2016 12:00:00 AM,09:55:18,822.98,63.0,30.44,49.0,143.54770303349548,1.12,06:16:00,18:04:00
13863,1476042621,10/9/2016 12:00:00 AM,09:50:21,813.29,63.0,30.44,52.0,350.11,4.5,06:16:00,18:04:00
13864,1476042319,10/9/2016 12:00:00 AM,09:45:19,791.68,62.0,30.44,53.0,345.56,2.25,06:16:00,18:04:00
13865,1476042022,10/9/2016 12:00:00 AM,09:40:22,743.8,62.0,30.44,51.0,287.83,2.25,06:16:00,18:04:00
13866,1476041720,10/9/2016 12:00:00 AM,09:35:20,790.44,51.16507236474315,30.44,50.0,239.67,2.25,06:16:00,18:04:00
13867,1476041427,10/9/2016 12:00:00 AM,09:30:27,761.54,61.0,30.44,55.0,143.54770303349548,5.62,06:16:00,18:04:00
13868,1476041120,10/9/2016 12:00:00 AM,09:25:20,744.05,61.0,30.44,52.0,307.37,3.37,06:16:00,18:04:00
13869,1476040823,10/9/2016 12:00:00 AM,09:20:23,730.67,61.0,30.44,52.0,299.47,4.5,06:16:00,18:04:00
13870,1476040519,10/9/2016 12:00:00 AM,09:15:19,738.05,61.0,30.44,52.0,247.94,3.37,06:16:00,18:04:00
13871,1476040226,10/9/2016 12:00:00 AM,09:10:26,700.03,61.0,30.44,54.0,280.73,4.5,06:16:00,18:04:00
13872,1476039922,10/9/2016 12:00:00 AM,09:05:22,674.81,61.0,30.44,55.0,294.06,4.5,06:16:00,18:04:00
13873,1476039619,10/9/2016 12:00:00 AM,09:00:19,636.33,60.0,30.44,53.0,266.12,2.25,06:16:00,18:04:00
13874,1476039320,10/9/2016 12:00:00 AM,08:55:20,634.37,60.0,30.43,54.0,272.74,3.37,06:16:00,18:04:00
13875,1476039021,10/9/2016 12:00:00 AM,08:50:21,614.51,60.0,30.44,56.0,255.38,5.62,06:16:00,18:04:00
13876,1476038721,10/9/2016 12:00:00 AM,08:45:21,596.9,60.0,30.43,56.0,289.7,3.37,06:16:00,18:04:00
13877,1476038423,10/9/2016 12:00:00 AM,08:40:23,578.19,60.0,30.43,58.0,267.29,3.37,06:16:00,18:04:00
13878,1476038127,10/9/2016 12:00:00 AM,08:35:27,558.37,59.0,30.43,57.0,296.69,2.25,06:16:00,18:04:00
13879,1476037827,10/9/2016 12:00:00 AM,08:30:27,538.67,59.0,30.43,59.0,300.26,3.37,06:16:00,18:04:00
13880,1476037519,10/9/2016 12:00:00 AM,08:25:19,525.57,59.0,30.43,61.0,270.81,2.25,06:16:00,18:04:00
13881,1476037219,10/9/2016 12:00:00 AM,08:20:19,484.64,59.0,30.43,62.0,225.63,2.25,06:16:00,18:04:00
13882,1476036919,10/9/2016 12:00:00 AM,08:15:19,486.01,59.0,30.43,63.0,211.4,3.37,06:16:00,18:04:00
13883,1476036620,10/9/2016 12:00:00 AM,08:10:20,443.47,58.0,30.43,64.0,229.65,3.37,06:16:00,18:04:00
13884,1476036328,10/9/2016 12:00:00 AM,08:05:28,372.15,58.0,30.43,67.0,219.59,4.5,06:16:00,18:04:00
13885,1476036024,10/9/2016 12:00:00 AM,08:00:24,421.1,57.0,30.43,69.0,208.0,4.5,06:16:00,18:04:00
13886,1476035728,10/9/2016 12:00:00 AM,07:55:28,379.42,56.0,30.43,72.0,207.16,3.37,06:16:00,18:04:00
13887,1476035420,10/9/2016 12:00:00 AM,07:50:20,362.0,55.0,30.42,73.0,207.15,4.5,06:16:00,18:04:00
13888,1476035123,10/9/2016 12:00:00 AM,07:45:23,292.38,54.0,30.42,74.0,196.43,4.5,06:16:00,18:04:00
13889,1476034822,10/9/2016 12:00:00 AM,07:40:22,355.01,53.0,30.42,74.0,196.38,5.62,06:16:00,18:04:00
13890,1476034520,10/9/2016 12:00:00 AM,07:35:20,340.06,52.0,30.42,74.0,194.23,6.75,06:16:00,18:04:00
13891,1476034222,10/9/2016 12:00:00 AM,07:30:22,268.72,51.0,30.42,75.0,189.73,7.87,06:16:00,18:04:00
13892,1476033921,10/9/2016 12:00:00 AM,07:25:21,282.86,50.0,30.42,76.0,198.93,9.0,06:16:00,18:04:00
13893,1476033622,10/9/2016 12:00:00 AM,07:20:22,186.37,50.0,30.42,76.0,191.17,10.12,06:16:00,18:04:00
13894,1476033328,10/9/2016 12:00:00 AM,07:15:28,44.78,49.0,30.41,76.0,191.71,12.37,06:16:00,18:04:00
13895,1476033021,10/9/2016 12:00:00 AM,07:10:21,36.67,49.0,30.41,77.0,186.09,11.25,06:16:00,18:04:00
13896,1476032722,10/9/2016 12:00:00 AM,07:05:22,30.8,49.0,30.41,77.0,188.49,10.12,06:16:00,18:04:00
13897,1476032421,10/9/2016 12:00:00 AM,07:00:21,26.68,49.0,30.41,77.0,189.36,10.12,06:16:00,18:04:00
13898,1476032121,10/9/2016 12:00:00 AM,06:55:21,22.69,48.0,30.41,77.0,189.95,11.25,06:16:00,18:04:00
13899,1476031820,10/9/2016 12:00:00 AM,06:50:20,19.74,48.0,30.41,77.0,189.7,12.37,06:16:00,18:04:00
13900,1476031521,10/9/2016 12:00:00 AM,06:45:21,17.87,48.0,30.41,77.0,187.17,13.5,06:16:00,18:04:00
13901,1476031221,10/9/2016 12:00:00 AM,06:40:21,16.29,48.0,30.41,78.0,192.36,12.37,06:16:00,18:04:00
13902,1476030928,10/9/2016 12:00:00 AM,06:35:28,14.66,48.0,30.41,78.0,192.28,12.37,06:16:00,18:04:00
13903,1476030623,10/9/2016 12:00:00 AM,06:30:23,12.81,47.0,30.41,79.0,188.39,10.12,06:16:00,18:04:00
13904,1476030321,10/9/2016 12:00:00 AM,06:25:21,10.77,47.0,30.41,79.0,187.4,12.37,06:16:00,18:04:00
13905,1476030025,10/9/2016 12:00:00 AM,06:20:25,8.61,47.0,30.4,80.0,187.6,12.37,06:16:00,18:04:00
13906,1476029720,10/9/2016 12:00:00 AM,06:15:20,6.27,47.0,30.4,80.0,189.24,10.12,06:16:00,18:04:00
13907,1476029421,10/9/2016 12:00:00 AM,06:10:21,4.06,47.0,30.423028000868246,80.0,186.6,12.37,06:16:00,18:04:00
13908,1476029118,10/9/2016 12:00:00 AM,06:05:18,2.27,47.0,30.4,81.0,188.51,11.25,06:16:00,18:04:00
13909,1476028824,10/9/2016 12:00:00 AM,06:00:24,1.33,47.0,30.4,81.0,188.94,10.12,06:16:00,18:04:00
13910,1476028519,10/9/2016 12:00:00 AM,05:55:19,1.2,47.0,30.4,81.0,184.79,10.12,06:16:00,18:04:00
13911,1476028223,10/9/2016 12:00:00 AM,05:50:23,1.23,47.0,30.4,81.0,185.21,10.12,06:16:00,18:04:00
13912,1476027923,10/9/2016 12:00:00 AM,05:45:23,1.22,47.0,30.4,82.0,186.38,10.12,06:16:00,18:04:00
13913,1476027623,10/9/2016 12:00:00 AM,05:40:23,1.24,47.0,30.4,82.0,188.43,9.0,06:16:00,18:04:00
13914,1476027323,10/9/2016 12:00:00 AM,05:35:23,1.21,47.0,30.4,82.0,186.1,10.12,06:16:00,18:04:00
13915,1476027022,10/9/2016 12:00:00 AM,05:30:22,1.25,46.0,30.4,82.0,183.18,10.12,06:16:00,18:04:00
13916,1476026423,10/9/2016 12:00:00 AM,05:20:23,1.23,47.0,30.4,83.0,181.68,11.25,06:16:00,18:04:00
13917,1476026120,10/9/2016 12:00:00 AM,05:15:20,1.24,47.0,30.4,83.0,183.99,10.12,06:16:00,18:04:00
13918,1476025821,10/9/2016 12:00:00 AM,05:10:21,1.22,47.0,30.39,82.0,179.38,10.12,06:16:00,18:04:00
13919,1476025519,10/9/2016 12:00:00 AM,05:05:19,1.28,47.0,30.39,81.0,179.78,10.12,06:16:00,18:04:00
13920,1476025228,10/9/2016 12:00:00 AM,05:00:28,1.25,47.0,30.39,81.0,185.98,9.0,06:16:00,18:04:00
13921,1476024921,10/9/2016 12:00:00 AM,04:55:21,1.26,47.0,30.39,81.0,185.13,9.0,06:16:00,18:04:00
13922,1476024620,10/9/2016 12:00:00 AM,04:50:20,1.22,47.0,30.39,80.0,192.69,9.0,06:16:00,18:04:00
13923,1476024322,10/9/2016 12:00:00 AM,04:45:22,1.21,47.0,30.39,80.0,191.37,10.12,06:16:00,18:04:00
13924,1476024039,10/9/2016 12:00:00 AM,04:40:39,1.24,47.0,30.39,81.0,193.3,10.12,06:16:00,18:04:00
13925,1476023721,10/9/2016 12:00:00 AM,04:35:21,1.25,47.0,30.39,80.0,182.92,10.12,06:16:00,18:04:00
13926,1476023419,10/9/2016 12:00:00 AM,04:30:19,1.18,47.0,30.39,80.0,187.5,9.0,06:16:00,18:04:00
13927,1476023120,10/9/2016 12:00:00 AM,04:25:20,1.24,47.0,30.39,79.0,178.75,9.0,06:16:00,18:04:00
13928,1476022818,10/9/2016 12:00:00 AM,04:20:18,1.23,47.0,30.423028000868246,79.0,189.04,10.12,06:16:00,18:04:00
13929,1476022520,10/9/2016 12:00:00 AM,04:15:20,1.26,47.0,30.39,81.0,187.63,9.0,06:16:00,18:04:00
13930,1476022223,10/9/2016 12:00:00 AM,04:10:23,1.21,47.0,30.39,81.0,182.63,9.0,06:16:00,18:04:00
13931,1476021922,10/9/2016 12:00:00 AM,04:05:22,1.2,48.0,30.39,82.0,177.8,9.0,06:16:00,18:04:00
13932,1476021624,10/9/2016 12:00:00 AM,04:00:24,1.26,48.0,30.39,83.0,182.08,10.12,06:16:00,18:04:00
13933,1476021320,10/9/2016 12:00:00 AM,03:55:20,1.25,48.0,30.39,83.0,180.78,9.0,06:16:00,18:04:00
13934,1476021027,10/9/2016 12:00:00 AM,03:50:27,1.25,48.0,30.39,82.0,182.71,10.12,06:16:00,18:04:00
13935,1476020726,10/9/2016 12:00:00 AM,03:45:26,1.25,48.0,30.39,82.0,185.21,9.0,06:16:00,18:04:00
13936,1476020430,10/9/2016 12:00:00 AM,03:40:30,1.22,48.0,30.39,81.0,188.66,13.5,06:16:00,18:04:00
13937,1476020120,10/9/2016 12:00:00 AM,03:35:20,1.23,48.0,30.39,81.0,185.61,11.25,06:16:00,18:04:00
13938,1476019823,10/9/2016 12:00:00 AM,03:30:23,1.23,48.0,30.39,81.0,187.42,13.5,06:16:00,18:04:00
13939,1476019525,10/9/2016 12:00:00 AM,03:25:25,1.26,48.0,30.39,80.0,187.5,11.25,06:16:00,18:04:00
13940,1476019221,10/9/2016 12:00:00 AM,03:20:21,1.22,48.0,30.39,80.0,188.86,12.37,06:16:00,18:04:00
13941,1476018920,10/9/2016 12:00:00 AM,03:15:20,1.22,48.0,30.39,82.0,183.8,11.25,06:16:00,18:04:00
13942,1476018620,10/9/2016 12:00:00 AM,03:10:20,1.26,48.0,30.4,83.0,191.97,12.37,06:16:00,18:04:00
13943,1476018318,10/9/2016 12:00:00 AM,03:05:18,1.26,48.0,30.39,84.0,188.06,10.12,06:16:00,18:04:00
13944,1476018020,10/9/2016 12:00:00 AM,03:00:20,1.21,48.0,30.4,84.0,192.05,11.25,06:16:00,18:04:00
13945,1476017723,10/9/2016 12:00:00 AM,02:55:23,1.21,48.0,30.4,84.0,183.98,12.37,06:16:00,18:04:00
13946,1476017421,10/9/2016 12:00:00 AM,02:50:21,1.23,48.0,30.4,84.0,190.46,10.12,06:16:00,18:04:00
13947,1476017122,10/9/2016 12:00:00 AM,02:45:22,1.21,48.0,30.4,84.0,184.32,9.0,06:16:00,18:04:00
13948,1476016819,10/9/2016 12:00:00 AM,02:40:19,1.23,48.0,30.4,84.0,188.74,9.0,06:16:00,18:04:00
13949,1476016519,10/9/2016 12:00:00 AM,02:35:19,1.21,48.0,30.4,84.0,180.65,7.87,06:16:00,18:04:00
13950,1476016227,10/9/2016 12:00:00 AM,02:30:27,1.22,48.0,30.4,84.0,186.07,9.0,06:16:00,18:04:00
13951,1476015936,10/9/2016 12:00:00 AM,02:25:36,1.24,49.0,30.4,85.0,186.69,9.0,06:16:00,18:04:00
13952,1476015621,10/9/2016 12:00:00 AM,02:20:21,1.22,49.0,30.4,85.0,184.91,9.0,06:16:00,18:04:00
13953,1476015320,10/9/2016 12:00:00 AM,02:15:20,1.22,49.0,30.4,86.0,181.58,7.87,06:16:00,18:04:00
13954,1476015019,10/9/2016 12:00:00 AM,02:10:19,1.21,49.0,30.4,86.0,190.78,10.12,06:16:00,18:04:00
13955,1476014720,10/9/2016 12:00:00 AM,02:05:20,1.23,49.0,30.4,86.0,186.81,10.12,06:16:00,18:04:00
13956,1476014418,10/9/2016 12:00:00 AM,02:00:18,1.25,49.0,30.4,87.0,185.15,9.0,06:16:00,18:04:00
13957,1476014119,10/9/2016 12:00:00 AM,01:55:19,1.24,49.0,30.4,88.0,181.57,9.0,06:16:00,18:04:00
13958,1476013522,10/9/2016 12:00:00 AM,01:45:22,1.23,50.0,30.4,87.0,187.84,6.75,06:16:00,18:04:00
13959,1476013219,10/9/2016 12:00:00 AM,01:40:19,1.24,50.0,30.4,87.0,190.79,7.87,06:16:00,18:04:00
13960,1476012920,10/9/2016 12:00:00 AM,01:35:20,1.23,50.0,30.41,87.0,190.97,9.0,06:16:00,18:04:00
13961,1476012620,10/9/2016 12:00:00 AM,01:30:20,1.23,50.0,30.41,86.0,189.69,11.25,06:16:00,18:04:00
13962,1476012324,10/9/2016 12:00:00 AM,01:25:24,1.24,50.0,30.41,86.0,192.93,9.0,06:16:00,18:04:00
13963,1476012021,10/9/2016 12:00:00 AM,01:20:21,1.23,50.0,30.41,87.0,189.81,10.12,06:16:00,18:04:00
13964,1476011721,10/9/2016 12:00:00 AM,01:15:21,1.24,50.0,30.41,87.0,189.12,9.0,06:16:00,18:04:00
13965,1476011422,10/9/2016 12:00:00 AM,01:10:22,1.26,50.0,30.41,87.0,192.4,10.12,06:16:00,18:04:00
13966,1476011121,10/9/2016 12:00:00 AM,01:05:21,1.27,50.0,30.41,87.0,190.22,10.12,06:16:00,18:04:00
13967,1476010818,10/9/2016 12:00:00 AM,01:00:18,1.27,50.0,30.41,87.0,189.88,10.12,06:16:00,18:04:00
13968,1476010524,10/9/2016 12:00:00 AM,00:55:24,1.25,50.0,30.41,87.0,189.99,7.87,06:16:00,18:04:00
13969,1476010220,10/9/2016 12:00:00 AM,00:50:20,1.26,50.0,30.41,87.0,193.01,10.12,06:16:00,18:04:00
13970,1476009919,10/9/2016 12:00:00 AM,00:45:19,1.24,50.0,30.42,86.0,187.98,7.87,06:16:00,18:04:00
13971,1476009625,10/9/2016 12:00:00 AM,00:40:25,1.29,50.0,30.42,86.0,188.15,9.0,06:16:00,18:04:00
13972,1476009320,10/9/2016 12:00:00 AM,00:35:20,1.27,50.0,30.42,86.0,189.86,9.0,06:16:00,18:04:00
13973,1476009023,10/9/2016 12:00:00 AM,00:30:23,1.26,50.0,30.42,86.0,190.57,6.75,06:16:00,18:04:00
13974,1476008727,10/9/2016 12:00:00 AM,00:25:27,1.24,50.0,30.42,87.0,189.02,7.87,06:16:00,18:04:00
13975,1476007223,10/9/2016 12:00:00 AM,00:00:23,1.26,50.0,30.43,86.0,190.12,10.12,06:16:00,18:04:00
13976,1476006923,10/8/2016 12:00:00 AM,23:55:23,1.25,50.0,30.43,86.0,190.68,7.87,06:15:00,18:05:00
13977,1476006621,10/8/2016 12:00:00 AM,23:50:21,1.27,50.0,30.43,87.0,193.02,9.0,06:15:00,18:05:00
13978,1476006330,10/8/2016 12:00:00 AM,23:45:30,1.28,50.0,30.43,89.0,193.55,9.0,06:15:00,18:05:00
13979,1476006027,10/8/2016 12:00:00 AM,23:40:27,1.26,50.0,30.43,89.0,190.53,7.87,06:15:00,18:05:00
13980,1476005722,10/8/2016 12:00:00 AM,23:35:22,1.25,50.0,30.43,88.0,192.35,9.0,06:15:00,18:05:00
13981,1476005426,10/8/2016 12:00:00 AM,23:30:26,1.25,50.0,30.43,89.0,190.31,9.0,06:15:00,18:05:00
13982,1476005118,10/8/2016 12:00:00 AM,23:25:18,1.24,50.0,30.43,89.0,183.18,7.87,06:15:00,18:05:00
13983,1476004819,10/8/2016 12:00:00 AM,23:20:19,1.24,50.0,30.43,88.0,189.14,6.75,06:15:00,18:05:00
13984,1476004520,10/8/2016 12:00:00 AM,23:15:20,1.23,51.0,30.43,89.0,189.09,7.87,06:15:00,18:05:00
13985,1476004221,10/8/2016 12:00:00 AM,23:10:21,1.25,51.0,30.43,89.0,193.11,6.75,06:15:00,18:05:00
13986,1476003921,10/8/2016 12:00:00 AM,23:05:21,1.25,50.0,30.43,89.0,190.89,7.87,06:15:00,18:05:00
13987,1476003620,10/8/2016 12:00:00 AM,23:00:20,1.26,50.0,30.43,90.0,193.39,6.75,06:15:00,18:05:00
13988,1476003318,10/8/2016 12:00:00 AM,22:55:18,1.26,50.0,30.43,90.0,191.61,5.62,06:15:00,18:05:00
13989,1476003021,10/8/2016 12:00:00 AM,22:50:21,1.25,50.0,30.43,90.0,187.75,5.62,06:15:00,18:05:00
13990,1476002720,10/8/2016 12:00:00 AM,22:45:20,1.27,50.0,30.43,90.0,186.26,6.75,06:15:00,18:05:00
13991,1476002422,10/8/2016 12:00:00 AM,22:40:22,1.26,50.0,30.43,90.0,189.05,5.62,06:15:00,18:05:00
13992,1476002128,10/8/2016 12:00:00 AM,22:35:28,1.24,50.0,30.43,90.0,190.78,6.75,06:15:00,18:05:00
13993,1476001826,10/8/2016 12:00:00 AM,22:30:26,1.26,50.0,30.43,91.0,186.64,5.62,06:15:00,18:05:00
13994,1476001520,10/8/2016 12:00:00 AM,22:25:20,1.26,50.0,30.43,92.0,187.06,5.62,06:15:00,18:05:00
13995,1476001221,10/8/2016 12:00:00 AM,22:20:21,1.29,50.0,30.43,93.0,189.67,6.75,06:15:00,18:05:00
13996,1476000924,10/8/2016 12:00:00 AM,22:15:24,1.26,50.0,30.44,93.0,189.12,5.62,06:15:00,18:05:00
13997,1476000622,10/8/2016 12:00:00 AM,22:10:22,1.24,50.0,30.44,94.0,179.63,6.75,06:15:00,18:05:00
13998,1476000322,10/8/2016 12:00:00 AM,22:05:22,1.25,50.0,30.44,94.0,177.55,5.62,06:15:00,18:05:00
13999,1476000020,10/8/2016 12:00:00 AM,22:00:20,1.31,50.0,30.44,94.0,176.89,4.5,06:15:00,18:05:00
14000,1475999720,10/8/2016 12:00:00 AM,21:55:20,1.26,50.0,30.44,94.0,176.82,7.87,06:15:00,18:05:00
14001,1475999424,10/8/2016 12:00:00 AM,21:50:24,1.25,50.0,30.44,94.0,177.82,4.5,06:15:00,18:05:00
14002,1475999122,10/8/2016 12:00:00 AM,21:45:22,1.26,50.0,30.44,95.0,161.76,4.5,06:15:00,18:05:00
14003,1475998822,10/8/2016 12:00:00 AM,21:40:22,1.25,51.0,30.44,95.0,176.83,3.37,06:15:00,18:05:00
14004,1475998522,10/8/2016 12:00:00 AM,21:35:22,1.23,51.0,30.43,95.0,174.88,5.62,06:15:00,18:05:00
14005,1475998222,10/8/2016 12:00:00 AM,21:30:22,1.24,51.0,30.43,95.0,173.68,5.62,06:15:00,18:05:00
14006,1475997923,10/8/2016 12:00:00 AM,21:25:23,1.23,51.0,30.423028000868246,95.0,173.54,5.62,06:15:00,18:05:00
14007,1475997621,10/8/2016 12:00:00 AM,21:20:21,1.22,51.0,30.43,96.0,161.7,3.37,06:15:00,18:05:00
14008,1475997320,10/8/2016 12:00:00 AM,21:15:20,1.27,50.0,30.43,96.0,149.06,3.37,06:15:00,18:05:00
14009,1475997028,10/8/2016 12:00:00 AM,21:10:28,1.23,51.0,30.43,96.0,173.45,4.5,06:15:00,18:05:00
14010,1475996720,10/8/2016 12:00:00 AM,21:05:20,1.2,51.0,30.43,96.0,174.25,4.5,06:15:00,18:05:00
14011,1475996419,10/8/2016 12:00:00 AM,21:00:19,1.22,51.0,30.43,96.0,174.25,3.37,06:15:00,18:05:00
14012,1475996120,10/8/2016 12:00:00 AM,20:55:20,1.19,51.0,30.43,97.0,174.33,3.37,06:15:00,18:05:00
14013,1475995825,10/8/2016 12:00:00 AM,20:50:25,1.22,51.0,30.43,97.0,174.32,3.37,06:15:00,18:05:00
14014,1475995525,10/8/2016 12:00:00 AM,20:45:25,1.23,51.0,30.43,97.0,174.24,3.37,06:15:00,18:05:00
14015,1475995220,10/8/2016 12:00:00 AM,20:40:20,1.24,51.0,30.43,97.0,174.14,3.37,06:15:00,18:05:00
14016,1475994923,10/8/2016 12:00:00 AM,20:35:23,1.23,51.0,30.43,97.0,173.94,2.25,06:15:00,18:05:00
14017,1475994619,10/8/2016 12:00:00 AM,20:30:19,1.23,52.0,30.43,98.0,173.93,3.37,06:15:00,18:05:00
14018,1475994319,10/8/2016 12:00:00 AM,20:25:19,1.26,52.0,30.43,98.0,175.19,3.37,06:15:00,18:05:00
14019,1475994018,10/8/2016 12:00:00 AM,20:20:18,1.24,52.0,30.42,98.0,173.43,3.37,06:15:00,18:05:00
14020,1475993719,10/8/2016 12:00:00 AM,20:15:19,1.24,52.0,30.42,98.0,171.26,4.5,06:15:00,18:05:00
14021,1475993422,10/8/2016 12:00:00 AM,20:10:22,1.23,52.0,30.42,98.0,170.88,3.37,06:15:00,18:05:00
14022,1475993120,10/8/2016 12:00:00 AM,20:05:20,1.23,52.0,30.42,98.0,170.62,4.5,06:15:00,18:05:00
14023,1475992825,10/8/2016 12:00:00 AM,20:00:25,1.28,52.0,30.42,98.0,170.63,4.5,06:15:00,18:05:00
14024,1475992519,10/8/2016 12:00:00 AM,19:55:19,1.25,52.0,30.42,98.0,170.6,3.37,06:15:00,18:05:00
14025,1475992220,10/8/2016 12:00:00 AM,19:50:20,1.23,52.0,30.42,98.0,170.6,2.25,06:15:00,18:05:00
14026,1475991919,10/8/2016 12:00:00 AM,19:45:19,1.25,52.0,30.42,98.0,170.6,3.37,06:15:00,18:05:00
14027,1475991625,10/8/2016 12:00:00 AM,19:40:25,1.27,53.0,30.41,98.0,170.58,3.37,06:15:00,18:05:00
14028,1475991319,10/8/2016 12:00:00 AM,19:35:19,1.22,53.0,30.41,98.0,170.52,2.25,06:15:00,18:05:00
14029,1475991022,10/8/2016 12:00:00 AM,19:30:22,1.25,53.0,30.41,98.0,170.52,2.25,06:15:00,18:05:00
14030,1475990720,10/8/2016 12:00:00 AM,19:25:20,1.25,53.0,30.41,98.0,170.52,2.25,06:15:00,18:05:00
14031,1475990419,10/8/2016 12:00:00 AM,19:20:19,1.25,53.0,30.41,98.0,170.36,3.37,06:15:00,18:05:00
14032,1475990119,10/8/2016 12:00:00 AM,19:15:19,1.23,53.0,30.41,99.0,183.33,2.25,06:15:00,18:05:00
14033,1475989819,10/8/2016 12:00:00 AM,19:10:19,1.26,54.0,30.41,99.0,183.33,3.37,06:15:00,18:05:00
14034,1475989521,10/8/2016 12:00:00 AM,19:05:21,1.23,54.0,30.41,99.0,183.33,5.62,06:15:00,18:05:00
14035,1475989220,10/8/2016 12:00:00 AM,19:00:20,1.26,55.0,30.41,100.0,0.11,2.25,06:15:00,18:05:00
14036,1475988923,10/8/2016 12:00:00 AM,18:55:23,1.23,55.0,30.41,100.0,0.1,1.12,06:15:00,18:05:00
14037,1475988620,10/8/2016 12:00:00 AM,18:50:20,1.27,55.0,30.4,100.0,0.1,0.0,06:15:00,18:05:00
14038,1475988321,10/8/2016 12:00:00 AM,18:45:21,1.25,55.0,30.4,100.0,0.1,2.25,06:15:00,18:05:00
14039,1475988021,10/8/2016 12:00:00 AM,18:40:21,1.27,55.0,30.4,100.0,0.1,2.25,06:15:00,18:05:00
14040,1475987718,10/8/2016 12:00:00 AM,18:35:18,1.24,55.0,30.4,100.0,0.81,3.37,06:15:00,18:05:00
14041,1475987427,10/8/2016 12:00:00 AM,18:30:27,1.25,55.0,30.4,99.0,336.71,2.25,06:15:00,18:05:00
14042,1475987121,10/8/2016 12:00:00 AM,18:25:21,1.26,55.0,30.4,99.0,336.85,4.5,06:15:00,18:05:00
14043,1475986826,10/8/2016 12:00:00 AM,18:20:26,1.26,55.0,30.4,99.0,320.13,3.37,06:15:00,18:05:00
14044,1475986520,10/8/2016 12:00:00 AM,18:15:20,2.31,56.0,30.39,99.0,320.14,1.12,06:15:00,18:05:00
14045,1475986223,10/8/2016 12:00:00 AM,18:10:23,6.49,56.0,30.39,99.0,320.13,1.12,06:15:00,18:05:00
14046,1475985918,10/8/2016 12:00:00 AM,18:05:18,8.9,56.0,30.39,98.0,319.34,3.37,06:15:00,18:05:00
14047,1475985622,10/8/2016 12:00:00 AM,18:00:22,6.86,56.0,30.39,98.0,310.1,3.37,06:15:00,18:05:00
14048,1475985321,10/8/2016 12:00:00 AM,17:55:21,12.49,56.0,30.39,98.0,307.89,3.37,06:15:00,18:05:00
14049,1475985022,10/8/2016 12:00:00 AM,17:50:22,11.53,56.0,30.39,97.0,325.74,3.37,06:15:00,18:05:00
14050,1475984726,10/8/2016 12:00:00 AM,17:45:26,15.06,56.0,30.39,97.0,322.69,4.5,06:15:00,18:05:00
14051,1475984420,10/8/2016 12:00:00 AM,17:40:20,17.53,57.0,30.39,96.0,337.42,3.37,06:15:00,18:05:00
14052,1475984119,10/8/2016 12:00:00 AM,17:35:19,30.05,57.0,30.39,96.0,320.62,3.37,06:15:00,18:05:00
14053,1475983821,10/8/2016 12:00:00 AM,17:30:21,44.23,57.0,30.38,96.0,321.03,1.12,06:15:00,18:05:00
14054,1475983522,10/8/2016 12:00:00 AM,17:25:22,70.7,57.0,30.38,96.0,321.95,4.5,06:15:00,18:05:00
14055,1475983222,10/8/2016 12:00:00 AM,17:20:22,87.55,57.0,30.38,97.0,321.09,3.37,06:15:00,18:05:00
14056,1475982923,10/8/2016 12:00:00 AM,17:15:23,78.35,57.0,30.38,96.0,321.1,5.62,06:15:00,18:05:00
14057,1475982622,10/8/2016 12:00:00 AM,17:10:22,65.11,57.0,30.38,96.0,333.91,4.5,06:15:00,18:05:00
14058,1475982320,10/8/2016 12:00:00 AM,17:05:20,37.46,57.0,30.38,96.0,329.15,4.5,06:15:00,18:05:00
14059,1475982018,10/8/2016 12:00:00 AM,17:00:18,38.3,57.0,30.38,96.0,332.06,5.62,06:15:00,18:05:00
14060,1475981718,10/8/2016 12:00:00 AM,16:55:18,29.86,58.0,30.38,96.0,325.83,3.37,06:15:00,18:05:00
14061,1475981427,10/8/2016 12:00:00 AM,16:50:27,84.03,57.0,30.38,97.0,359.93,4.5,06:15:00,18:05:00
14062,1475981121,10/8/2016 12:00:00 AM,16:45:21,190.26,57.0,30.38,97.0,317.56,4.5,06:15:00,18:05:00
14063,1475980821,10/8/2016 12:00:00 AM,16:40:21,75.65,57.0,30.38,97.0,357.47,7.87,06:15:00,18:05:00
14064,1475980524,10/8/2016 12:00:00 AM,16:35:24,46.41,57.0,30.38,97.0,22.98,3.37,06:15:00,18:05:00
14065,1475980219,10/8/2016 12:00:00 AM,16:30:19,36.33,57.0,30.38,97.0,336.49,2.25,06:15:00,18:05:00
14066,1475979920,10/8/2016 12:00:00 AM,16:25:20,76.37,57.0,30.38,97.0,28.25,4.5,06:15:00,18:05:00
14067,1475979625,10/8/2016 12:00:00 AM,16:20:25,64.86,58.0,30.38,97.0,25.22,3.37,06:15:00,18:05:00
14068,1475979322,10/8/2016 12:00:00 AM,16:15:22,66.95,58.0,30.38,97.0,2.13,3.37,06:15:00,18:05:00
14069,1475979026,10/8/2016 12:00:00 AM,16:10:26,28.31,58.0,30.38,96.0,30.87,3.37,06:15:00,18:05:00
14070,1475978723,10/8/2016 12:00:00 AM,16:05:23,19.67,59.0,30.38,94.0,77.15,4.5,06:15:00,18:05:00
14071,1475978423,10/8/2016 12:00:00 AM,16:00:23,76.59,60.0,30.38,92.0,14.48,3.37,06:15:00,18:05:00
14072,1475978120,10/8/2016 12:00:00 AM,15:55:20,88.44,60.0,30.38,90.0,332.74,5.62,06:15:00,18:05:00
14073,1475977822,10/8/2016 12:00:00 AM,15:50:22,304.5,61.0,30.38,92.0,349.87,9.0,06:15:00,18:05:00
14074,1475977522,10/8/2016 12:00:00 AM,15:45:22,305.82,61.0,30.38,90.0,358.56,9.0,06:15:00,18:05:00
14075,1475977222,10/8/2016 12:00:00 AM,15:40:22,413.2,61.0,30.38,89.0,302.11,10.12,06:15:00,18:05:00
14076,1475976920,10/8/2016 12:00:00 AM,15:35:20,770.76,61.0,30.37,89.0,330.42,7.87,06:15:00,18:05:00
14077,1475976622,10/8/2016 12:00:00 AM,15:30:22,266.24,61.0,30.37,90.0,337.45,10.12,06:15:00,18:05:00
14078,1475976319,10/8/2016 12:00:00 AM,15:25:19,438.32,60.0,30.38,88.0,336.51,4.5,06:15:00,18:05:00
14079,1475976020,10/8/2016 12:00:00 AM,15:20:20,271.54,60.0,30.37,89.0,308.05,6.75,06:15:00,18:05:00
14080,1475975719,10/8/2016 12:00:00 AM,15:15:19,263.0,61.0,30.38,88.0,324.29,13.5,06:15:00,18:05:00
14081,1475975418,10/8/2016 12:00:00 AM,15:10:18,284.67,61.0,30.38,86.0,359.36,6.75,06:15:00,18:05:00
14082,1475975121,10/8/2016 12:00:00 AM,15:05:21,289.51,61.0,30.37,84.0,326.69,4.5,06:15:00,18:05:00
14083,1475974824,10/8/2016 12:00:00 AM,15:00:24,228.68,61.0,30.38,84.0,323.17,7.87,06:15:00,18:05:00
14084,1475974521,10/8/2016 12:00:00 AM,14:55:21,298.76,61.0,30.38,82.0,14.33,3.37,06:15:00,18:05:00
14085,1475974223,10/8/2016 12:00:00 AM,14:50:23,312.48,61.0,30.38,83.0,0.16,4.5,06:15:00,18:05:00
14086,1475973919,10/8/2016 12:00:00 AM,14:45:19,308.25,61.0,30.38,83.0,336.79,1.12,06:15:00,18:05:00
14087,1475973622,10/8/2016 12:00:00 AM,14:40:22,249.63,61.0,30.38,85.0,333.92,6.75,06:15:00,18:05:00
14088,1475973323,10/8/2016 12:00:00 AM,14:35:23,263.8,61.0,30.38,85.0,0.61,6.75,06:15:00,18:05:00
14089,1475973021,10/8/2016 12:00:00 AM,14:30:21,231.88,62.0,30.38,81.0,43.76,2.25,06:15:00,18:05:00
14090,1475972727,10/8/2016 12:00:00 AM,14:25:27,219.61,62.0,30.38,83.0,336.19,7.87,06:15:00,18:05:00
14091,1475972426,10/8/2016 12:00:00 AM,14:20:26,336.13,62.0,30.38,84.0,350.76,6.75,06:15:00,18:05:00
14092,1475972119,10/8/2016 12:00:00 AM,14:15:19,1044.12,62.0,30.38,81.0,7.27,2.25,06:15:00,18:05:00
14093,1475971821,10/8/2016 12:00:00 AM,14:10:21,1029.73,61.0,30.38,86.0,0.43,5.62,06:15:00,18:05:00
14094,1475971520,10/8/2016 12:00:00 AM,14:05:20,341.43,61.0,30.38,84.0,337.53,1.12,06:15:00,18:05:00
14095,1475971222,10/8/2016 12:00:00 AM,14:00:22,253.91,61.0,30.38,84.0,292.42,2.25,06:15:00,18:05:00
14096,1475970922,10/8/2016 12:00:00 AM,13:55:22,337.76,61.0,30.39,82.0,338.85,4.5,06:15:00,18:05:00
14097,1475970622,10/8/2016 12:00:00 AM,13:50:22,249.04,61.0,30.39,80.0,353.07,3.37,06:15:00,18:05:00
14098,1475970321,10/8/2016 12:00:00 AM,13:45:21,187.06,62.0,30.39,78.0,359.93,6.75,06:15:00,18:05:00
14099,1475970020,10/8/2016 12:00:00 AM,13:40:20,247.17,63.0,30.39,74.0,4.36,9.0,06:15:00,18:05:00
14100,1475969723,10/8/2016 12:00:00 AM,13:35:23,367.77,63.0,30.39,72.0,4.65,4.5,06:15:00,18:05:00
14101,1475969420,10/8/2016 12:00:00 AM,13:30:20,380.7,63.0,30.39,73.0,352.46,3.37,06:15:00,18:05:00
14102,1475969121,10/8/2016 12:00:00 AM,13:25:21,762.04,63.0,30.39,70.0,0.11,4.5,06:15:00,18:05:00
14103,1475968821,10/8/2016 12:00:00 AM,13:20:21,797.69,64.0,30.39,72.0,0.11,7.87,06:15:00,18:05:00
14104,1475968520,10/8/2016 12:00:00 AM,13:15:20,823.25,63.0,30.39,71.0,39.02,3.37,06:15:00,18:05:00
14105,1475968224,10/8/2016 12:00:00 AM,13:10:24,840.23,63.0,30.4,69.0,359.91,5.62,06:15:00,18:05:00
14106,1475967920,10/8/2016 12:00:00 AM,13:05:20,820.52,64.0,30.4,69.0,22.75,9.0,06:15:00,18:05:00
14107,1475967620,10/8/2016 12:00:00 AM,13:00:20,879.05,63.0,30.4,72.0,350.7,2.25,06:15:00,18:05:00
14108,1475967319,10/8/2016 12:00:00 AM,12:55:19,1041.22,63.0,30.4,67.0,5.54,3.37,06:15:00,18:05:00
14109,1475967022,10/8/2016 12:00:00 AM,12:50:22,1024.09,63.0,30.4,68.0,336.4,4.5,06:15:00,18:05:00
14110,1475966719,10/8/2016 12:00:00 AM,12:45:19,1016.63,63.0,30.4,70.0,3.13,9.0,06:15:00,18:05:00
14111,1475966420,10/8/2016 12:00:00 AM,12:40:20,1026.0,63.0,30.4,66.0,0.55,4.5,06:15:00,18:05:00
14112,1475966123,10/8/2016 12:00:00 AM,12:35:23,1043.86,63.0,30.4,65.0,61.29,2.25,06:15:00,18:05:00
14113,1475965821,10/8/2016 12:00:00 AM,12:30:21,1028.05,63.0,30.4,67.0,126.02,1.12,06:15:00,18:05:00
14114,1475965523,10/8/2016 12:00:00 AM,12:25:23,1085.09,63.0,30.4,66.0,35.92,3.37,06:15:00,18:05:00
14115,1475965221,10/8/2016 12:00:00 AM,12:20:21,1067.72,62.0,30.41,67.0,11.04,3.37,06:15:00,18:05:00
14116,1475964921,10/8/2016 12:00:00 AM,12:15:21,774.91,51.16507236474315,30.41,68.0,21.6,3.37,06:15:00,18:05:00
14117,1475964622,10/8/2016 12:00:00 AM,12:10:22,846.98,62.0,30.41,66.0,336.79,6.75,06:15:00,18:05:00
14118,1475964322,10/8/2016 12:00:00 AM,12:05:22,859.55,62.0,30.41,65.0,1.96,3.37,06:15:00,18:05:00
14119,1475964019,10/8/2016 12:00:00 AM,12:00:19,656.94,62.0,30.41,67.0,35.42,1.12,06:15:00,18:05:00
14120,1475963723,10/8/2016 12:00:00 AM,11:55:23,801.94,62.0,30.42,70.0,23.12,2.25,06:15:00,18:05:00
14121,1475963419,10/8/2016 12:00:00 AM,11:50:19,995.63,62.0,30.42,68.0,47.49,4.5,06:15:00,18:05:00
14122,1475963119,10/8/2016 12:00:00 AM,11:45:19,808.23,62.0,30.42,68.0,2.73,3.37,06:15:00,18:05:00
14123,1475962825,10/8/2016 12:00:00 AM,11:40:25,1044.79,61.0,30.42,68.0,2.88,5.62,06:15:00,18:05:00
14124,1475962522,10/8/2016 12:00:00 AM,11:35:22,704.48,61.0,30.42,70.0,32.02,4.5,06:15:00,18:05:00
14125,1475962223,10/8/2016 12:00:00 AM,11:30:23,754.66,61.0,30.42,72.0,59.96,7.87,06:15:00,18:05:00
14126,1475961919,10/8/2016 12:00:00 AM,11:25:19,716.23,61.0,30.42,71.0,0.47,4.5,06:15:00,18:05:00
14127,1475961621,10/8/2016 12:00:00 AM,11:20:21,879.16,61.0,30.42,72.0,22.48,5.62,06:15:00,18:05:00
14128,1475961322,10/8/2016 12:00:00 AM,11:15:22,826.1,61.0,30.42,73.0,71.31,3.37,06:15:00,18:05:00
14129,1475961019,10/8/2016 12:00:00 AM,11:10:19,585.63,61.0,30.42,76.0,8.66,3.37,06:15:00,18:05:00
14130,1475960726,10/8/2016 12:00:00 AM,11:05:26,844.76,61.0,30.42,75.0,13.5,11.25,06:15:00,18:05:00
14131,1475960420,10/8/2016 12:00:00 AM,11:00:20,1019.58,61.0,30.43,77.0,5.38,4.5,06:15:00,18:05:00
14132,1475960122,10/8/2016 12:00:00 AM,10:55:22,991.28,61.0,30.43,74.83719267708949,32.04,6.75,06:15:00,18:05:00
14133,1475959821,10/8/2016 12:00:00 AM,10:50:21,967.47,61.0,30.43,79.0,15.42,5.62,06:15:00,18:05:00
14134,1475959521,10/8/2016 12:00:00 AM,10:45:21,951.25,61.0,30.43,74.0,0.13,3.37,06:15:00,18:05:00
14135,1475959219,10/8/2016 12:00:00 AM,10:40:19,964.85,61.0,30.43,75.0,34.46,4.5,06:15:00,18:05:00
14136,1475958919,10/8/2016 12:00:00 AM,10:35:19,880.83,61.0,30.43,71.0,4.11,3.37,06:15:00,18:05:00
14137,1475958620,10/8/2016 12:00:00 AM,10:30:20,755.21,61.0,30.43,68.0,359.88,2.25,06:15:00,18:05:00
14138,1475958322,10/8/2016 12:00:00 AM,10:25:22,921.75,61.0,30.43,71.0,46.18,2.25,06:15:00,18:05:00
14139,1475958018,10/8/2016 12:00:00 AM,10:20:18,866.45,61.0,30.44,67.0,37.24,4.5,06:15:00,18:05:00
14140,1475957719,10/8/2016 12:00:00 AM,10:15:19,756.63,61.0,30.44,67.0,7.21,3.37,06:15:00,18:05:00
14141,1475957424,10/8/2016 12:00:00 AM,10:10:24,760.19,60.0,30.44,69.0,47.9,5.62,06:15:00,18:05:00
14142,1475957136,10/8/2016 12:00:00 AM,10:05:36,842.05,60.0,30.43,66.0,36.75,4.5,06:15:00,18:05:00
14143,1475956821,10/8/2016 12:00:00 AM,10:00:21,806.54,60.0,30.44,68.0,23.36,3.37,06:15:00,18:05:00
14144,1475956518,10/8/2016 12:00:00 AM,09:55:18,737.86,60.0,30.43,66.0,41.11,4.5,06:15:00,18:05:00
14145,1475956221,10/8/2016 12:00:00 AM,09:50:21,847.68,60.0,30.44,66.0,0.11,3.37,06:15:00,18:05:00
14146,1475955923,10/8/2016 12:00:00 AM,09:45:23,780.38,61.0,30.43,70.0,61.9,4.5,06:15:00,18:05:00
14147,1475955626,10/8/2016 12:00:00 AM,09:40:26,819.95,60.0,30.43,69.0,358.39,3.37,06:15:00,18:05:00
14148,1475955319,10/8/2016 12:00:00 AM,09:35:19,807.79,61.0,30.43,64.0,9.49,2.25,06:15:00,18:05:00
14149,1475955019,10/8/2016 12:00:00 AM,09:30:19,791.39,61.0,30.43,65.0,357.09,2.25,06:15:00,18:05:00
14150,1475954722,10/8/2016 12:00:00 AM,09:25:22,738.86,61.0,30.43,66.0,64.07,1.12,06:15:00,18:05:00
14151,1475954422,10/8/2016 12:00:00 AM,09:20:22,760.39,60.0,30.43,64.0,133.25,1.12,06:15:00,18:05:00
14152,1475954124,10/8/2016 12:00:00 AM,09:15:24,739.41,59.0,30.43,70.0,133.26,0.0,06:15:00,18:05:00
14153,1475953822,10/8/2016 12:00:00 AM,09:10:22,706.18,58.0,30.43,64.0,133.26,0.0,06:15:00,18:05:00
14154,1475953519,10/8/2016 12:00:00 AM,09:05:19,636.87,58.0,30.43,63.0,133.26,0.0,06:15:00,18:05:00
14155,1475953223,10/8/2016 12:00:00 AM,09:00:23,631.7,57.0,30.43,69.0,133.25,0.0,06:15:00,18:05:00
14156,1475952918,10/8/2016 12:00:00 AM,08:55:18,535.3,57.0,30.43,79.0,133.25,0.0,06:15:00,18:05:00
14157,1475952619,10/8/2016 12:00:00 AM,08:50:19,321.89,57.0,30.43,78.0,133.24,1.12,06:15:00,18:05:00
14158,1475952328,10/8/2016 12:00:00 AM,08:45:28,298.55,56.0,30.42,79.0,132.69,3.37,06:15:00,18:05:00
14159,1475952022,10/8/2016 12:00:00 AM,08:40:22,321.13,56.0,30.43,78.0,125.31,3.37,06:15:00,18:05:00
14160,1475951726,10/8/2016 12:00:00 AM,08:35:26,414.46,55.0,30.42,78.0,125.83,3.37,06:15:00,18:05:00
14161,1475951122,10/8/2016 12:00:00 AM,08:25:22,240.76,54.0,30.42,81.0,126.25,1.12,06:15:00,18:05:00
14162,1475950826,10/8/2016 12:00:00 AM,08:20:26,328.3,54.0,30.42,82.0,123.09,2.25,06:15:00,18:05:00
14163,1475950521,10/8/2016 12:00:00 AM,08:15:21,357.05,53.0,30.42,83.0,128.09,5.62,06:15:00,18:05:00
14164,1475950223,10/8/2016 12:00:00 AM,08:10:23,320.66,52.0,30.42,83.0,124.3,1.12,06:15:00,18:05:00
14165,1475949925,10/8/2016 12:00:00 AM,08:05:25,253.8,51.16507236474315,30.42,83.0,135.21,3.37,06:15:00,18:05:00
14166,1475949621,10/8/2016 12:00:00 AM,08:00:21,213.1,51.0,30.41,82.0,159.91,5.62,06:15:00,18:05:00
14167,1475949321,10/8/2016 12:00:00 AM,07:55:21,188.42,51.0,30.41,84.0,155.61,3.37,06:15:00,18:05:00
14168,1475949021,10/8/2016 12:00:00 AM,07:50:21,170.97,50.0,30.41,84.0,159.64,4.5,06:15:00,18:05:00
14169,1475948722,10/8/2016 12:00:00 AM,07:45:22,155.05,50.0,30.41,85.0,154.41,5.62,06:15:00,18:05:00
14170,1475948419,10/8/2016 12:00:00 AM,07:40:19,142.09,50.0,30.4,86.0,160.77,5.62,06:15:00,18:05:00
14171,1475948119,10/8/2016 12:00:00 AM,07:35:19,139.18,49.0,30.4,88.0,157.74,5.62,06:15:00,18:05:00
14172,1475947821,10/8/2016 12:00:00 AM,07:30:21,135.61,49.0,30.4,88.0,157.82,4.5,06:15:00,18:05:00
14173,1475947522,10/8/2016 12:00:00 AM,07:25:22,116.62,48.0,30.4,87.0,163.04,5.62,06:15:00,18:05:00
14174,1475947223,10/8/2016 12:00:00 AM,07:20:23,107.09,48.0,30.4,87.0,170.01,5.62,06:15:00,18:05:00
14175,1475946923,10/8/2016 12:00:00 AM,07:15:23,102.6,48.0,30.4,87.0,172.39,5.62,06:15:00,18:05:00
14176,1475946622,10/8/2016 12:00:00 AM,07:10:22,97.6,47.0,30.4,87.0,182.96,5.62,06:15:00,18:05:00
14177,1475946324,10/8/2016 12:00:00 AM,07:05:24,88.38,47.0,30.4,87.0,167.56,5.62,06:15:00,18:05:00
14178,1475946024,10/8/2016 12:00:00 AM,07:00:24,75.69,47.0,30.4,87.0,176.12,3.37,06:15:00,18:05:00
14179,1475945722,10/8/2016 12:00:00 AM,06:55:22,61.13,47.0,30.4,86.0,171.01,4.5,06:15:00,18:05:00
14180,1475945423,10/8/2016 12:00:00 AM,06:50:23,47.24,47.0,30.4,86.0,171.28,5.62,06:15:00,18:05:00
14181,1475945128,10/8/2016 12:00:00 AM,06:45:28,38.15,47.0,30.4,86.0,180.1,5.62,06:15:00,18:05:00
14182,1475944822,10/8/2016 12:00:00 AM,06:40:22,31.79,47.0,30.4,86.0,165.8,4.5,06:15:00,18:05:00
14183,1475944522,10/8/2016 12:00:00 AM,06:35:22,24.42,47.0,30.39,87.0,163.92,4.5,06:15:00,18:05:00
14184,1475944223,10/8/2016 12:00:00 AM,06:30:23,16.73,47.0,30.39,88.0,160.37,4.5,06:15:00,18:05:00
14185,1475943921,10/8/2016 12:00:00 AM,06:25:21,11.49,46.0,30.39,87.0,174.33,3.37,06:15:00,18:05:00
14186,1475943621,10/8/2016 12:00:00 AM,06:20:21,8.01,47.0,30.39,85.0,163.35,4.5,06:15:00,18:05:00
14187,1475943321,10/8/2016 12:00:00 AM,06:15:21,5.36,47.0,30.39,86.0,183.58,5.62,06:15:00,18:05:00
14188,1475943018,10/8/2016 12:00:00 AM,06:10:18,4.34,47.0,30.39,88.0,185.23,5.62,06:15:00,18:05:00
14189,1475942727,10/8/2016 12:00:00 AM,06:05:27,5.19,47.0,30.39,89.0,165.02,4.5,06:15:00,18:05:00
14190,1475942421,10/8/2016 12:00:00 AM,06:00:21,1.26,46.0,30.39,89.0,165.58,5.62,06:15:00,18:05:00
14191,1475942120,10/8/2016 12:00:00 AM,05:55:20,1.26,46.0,30.39,89.0,171.92,6.75,06:15:00,18:05:00
14192,1475941823,10/8/2016 12:00:00 AM,05:50:23,1.23,46.0,30.39,90.0,175.02,4.5,06:15:00,18:05:00
14193,1475941522,10/8/2016 12:00:00 AM,05:45:22,1.24,46.0,30.39,89.0,156.08,4.5,06:15:00,18:05:00
14194,1475941218,10/8/2016 12:00:00 AM,05:40:18,1.22,46.0,30.39,86.0,158.55,6.75,06:15:00,18:05:00
14195,1475940920,10/8/2016 12:00:00 AM,05:35:20,1.23,47.0,30.38,87.0,179.33,6.75,06:15:00,18:05:00
14196,1475940624,10/8/2016 12:00:00 AM,05:30:24,1.2,47.0,30.38,88.0,180.64,7.87,06:15:00,18:05:00
14197,1475940326,10/8/2016 12:00:00 AM,05:25:26,1.24,47.0,30.38,89.0,165.21,4.5,06:15:00,18:05:00
14198,1475940021,10/8/2016 12:00:00 AM,05:20:21,1.26,47.0,30.38,89.0,163.84,4.5,06:15:00,18:05:00
14199,1475939722,10/8/2016 12:00:00 AM,05:15:22,1.24,47.0,30.38,88.0,175.02,4.5,06:15:00,18:05:00
14200,1475939422,10/8/2016 12:00:00 AM,05:10:22,1.25,47.0,30.38,87.0,190.16,5.62,06:15:00,18:05:00
14201,1475939119,10/8/2016 12:00:00 AM,05:05:19,1.28,47.0,30.38,87.0,183.17,4.5,06:15:00,18:05:00
14202,1475938819,10/8/2016 12:00:00 AM,05:00:19,1.19,47.0,30.38,87.0,156.58,4.5,06:15:00,18:05:00
14203,1475938524,10/8/2016 12:00:00 AM,04:55:24,1.27,48.0,30.38,87.0,155.62,7.87,06:15:00,18:05:00
14204,1475938221,10/8/2016 12:00:00 AM,04:50:21,1.26,47.0,30.38,87.0,168.15,2.25,06:15:00,18:05:00
14205,1475937927,10/8/2016 12:00:00 AM,04:45:27,1.2,47.0,30.38,87.0,165.22,6.75,06:15:00,18:05:00
14206,1475937618,10/8/2016 12:00:00 AM,04:40:18,1.24,47.0,30.38,87.0,166.38,4.5,06:15:00,18:05:00
14207,1475937319,10/8/2016 12:00:00 AM,04:35:19,1.25,47.0,30.38,87.0,168.43,4.5,06:15:00,18:05:00
14208,1475937026,10/8/2016 12:00:00 AM,04:30:26,1.24,47.0,30.38,87.0,152.43,2.25,06:15:00,18:05:00
14209,1475936719,10/8/2016 12:00:00 AM,04:25:19,1.23,47.0,30.38,86.0,163.02,3.37,06:15:00,18:05:00
14210,1475936428,10/8/2016 12:00:00 AM,04:20:28,1.26,47.0,30.38,85.0,178.31,5.62,06:15:00,18:05:00
14211,1475936119,10/8/2016 12:00:00 AM,04:15:19,1.29,47.0,30.38,85.0,166.59,6.75,06:15:00,18:05:00
14212,1475935821,10/8/2016 12:00:00 AM,04:10:21,1.25,47.0,30.38,85.0,120.14,5.62,06:15:00,18:05:00
14213,1475935522,10/8/2016 12:00:00 AM,04:05:22,1.27,47.0,30.38,86.0,187.37,7.87,06:15:00,18:05:00
14214,1475935231,10/8/2016 12:00:00 AM,04:00:31,1.23,47.0,30.38,87.0,198.9,5.62,06:15:00,18:05:00
14215,1475934923,10/8/2016 12:00:00 AM,03:55:23,1.25,47.0,30.38,87.0,167.09,4.5,06:15:00,18:05:00
14216,1475934624,10/8/2016 12:00:00 AM,03:50:24,1.27,47.0,30.38,87.0,159.52,7.87,06:15:00,18:05:00
14217,1475934323,10/8/2016 12:00:00 AM,03:45:23,1.27,47.0,30.38,86.0,161.07,6.75,06:15:00,18:05:00
14218,1475934025,10/8/2016 12:00:00 AM,03:40:25,1.21,48.0,30.38,86.0,170.46,6.75,06:15:00,18:05:00
14219,1475933722,10/8/2016 12:00:00 AM,03:35:22,1.25,48.0,30.38,86.0,148.37,5.62,06:15:00,18:05:00
14220,1475933426,10/8/2016 12:00:00 AM,03:30:26,1.24,47.0,30.38,87.0,132.23,1.12,06:15:00,18:05:00
14221,1475933129,10/8/2016 12:00:00 AM,03:25:29,1.23,47.0,30.38,87.0,150.0,1.12,06:15:00,18:05:00
14222,1475932821,10/8/2016 12:00:00 AM,03:20:21,1.23,47.0,30.38,88.0,163.85,2.25,06:15:00,18:05:00
14223,1475932526,10/8/2016 12:00:00 AM,03:15:26,1.25,47.0,30.38,88.0,172.32,4.5,06:15:00,18:05:00
14224,1475932219,10/8/2016 12:00:00 AM,03:10:19,1.23,47.0,30.38,87.0,181.41,6.75,06:15:00,18:05:00
14225,1475931927,10/8/2016 12:00:00 AM,03:05:27,1.24,47.0,30.38,87.0,187.33,6.75,06:15:00,18:05:00
14226,1475931618,10/8/2016 12:00:00 AM,03:00:18,1.23,47.0,30.38,87.0,186.05,6.75,06:15:00,18:05:00
14227,1475931321,10/8/2016 12:00:00 AM,02:55:21,1.25,47.0,30.38,87.0,183.86,6.75,06:15:00,18:05:00
14228,1475931022,10/8/2016 12:00:00 AM,02:50:22,1.29,47.0,30.38,88.0,185.23,6.75,06:15:00,18:05:00
14229,1475930723,10/8/2016 12:00:00 AM,02:45:23,1.22,47.0,30.38,88.0,182.83,6.75,06:15:00,18:05:00
14230,1475930424,10/8/2016 12:00:00 AM,02:40:24,1.24,47.0,30.38,89.0,176.19,7.87,06:15:00,18:05:00
14231,1475930121,10/8/2016 12:00:00 AM,02:35:21,1.2,47.0,30.38,88.0,191.77,6.75,06:15:00,18:05:00
14232,1475929822,10/8/2016 12:00:00 AM,02:30:22,1.19,47.0,30.38,88.0,181.37,7.87,06:15:00,18:05:00
14233,1475929521,10/8/2016 12:00:00 AM,02:25:21,1.22,47.0,30.38,89.0,186.19,6.75,06:15:00,18:05:00
14234,1475929222,10/8/2016 12:00:00 AM,02:20:22,1.24,47.0,30.38,89.0,192.26,7.87,06:15:00,18:05:00
14235,1475928925,10/8/2016 12:00:00 AM,02:15:25,1.25,47.0,30.39,89.0,191.9,7.87,06:15:00,18:05:00
14236,1475928621,10/8/2016 12:00:00 AM,02:10:21,1.25,47.0,30.39,90.0,185.28,6.75,06:15:00,18:05:00
14237,1475928321,10/8/2016 12:00:00 AM,02:05:21,1.21,47.0,30.39,90.0,193.38,6.75,06:15:00,18:05:00
14238,1475928024,10/8/2016 12:00:00 AM,02:00:24,1.23,47.0,30.39,90.0,191.22,9.0,06:15:00,18:05:00
14239,1475927722,10/8/2016 12:00:00 AM,01:55:22,1.27,47.0,30.39,90.0,190.39,7.87,06:15:00,18:05:00
14240,1475927419,10/8/2016 12:00:00 AM,01:50:19,1.24,48.0,30.39,90.0,194.19,9.0,06:15:00,18:05:00
14241,1475927126,10/8/2016 12:00:00 AM,01:45:26,1.25,48.0,30.4,90.0,190.21,6.75,06:15:00,18:05:00
14242,1475926823,10/8/2016 12:00:00 AM,01:40:23,1.27,48.0,30.4,90.0,190.71,6.75,06:15:00,18:05:00
14243,1475926525,10/8/2016 12:00:00 AM,01:35:25,1.24,48.0,30.4,90.0,166.33,3.37,06:15:00,18:05:00
14244,1475926222,10/8/2016 12:00:00 AM,01:30:22,1.26,48.0,30.4,90.0,168.08,4.5,06:15:00,18:05:00
14245,1475925922,10/8/2016 12:00:00 AM,01:25:22,1.24,48.0,30.4,90.0,155.48,5.62,06:15:00,18:05:00
14246,1475925619,10/8/2016 12:00:00 AM,01:20:19,1.23,48.0,30.4,90.0,178.4,4.5,06:15:00,18:05:00
14247,1475925323,10/8/2016 12:00:00 AM,01:15:23,1.27,48.0,30.4,89.0,177.94,4.5,06:15:00,18:05:00
14248,1475925022,10/8/2016 12:00:00 AM,01:10:22,1.22,48.0,30.4,89.0,184.21,5.62,06:15:00,18:05:00
14249,1475924725,10/8/2016 12:00:00 AM,01:05:25,1.24,48.0,30.41,89.0,182.8,6.75,06:15:00,18:05:00
14250,1475924421,10/8/2016 12:00:00 AM,01:00:21,1.22,48.0,30.41,90.0,182.9,6.75,06:15:00,18:05:00
14251,1475924124,10/8/2016 12:00:00 AM,00:55:24,1.22,48.0,30.41,90.0,175.7,4.5,06:15:00,18:05:00
14252,1475923821,10/8/2016 12:00:00 AM,00:50:21,1.24,48.0,30.41,89.0,175.09,4.5,06:15:00,18:05:00
14253,1475923522,10/8/2016 12:00:00 AM,00:45:22,1.2,48.0,30.41,89.0,164.5,5.62,06:15:00,18:05:00
14254,1475923222,10/8/2016 12:00:00 AM,00:40:22,1.2,51.16507236474315,30.41,89.0,172.95,6.75,06:15:00,18:05:00
14255,1475922920,10/8/2016 12:00:00 AM,00:35:20,1.24,49.0,30.41,89.0,169.72,5.62,06:15:00,18:05:00
14256,1475922621,10/8/2016 12:00:00 AM,00:30:21,1.26,49.0,30.41,89.0,174.55,6.75,06:15:00,18:05:00
14257,1475922320,10/8/2016 12:00:00 AM,00:25:20,1.24,49.0,30.42,89.0,176.28,4.5,06:15:00,18:05:00
14258,1475920819,10/8/2016 12:00:00 AM,00:00:19,1.24,49.0,30.42,91.0,108.44,0.0,06:15:00,18:05:00
14259,1475920520,10/7/2016 12:00:00 AM,23:55:20,1.2,48.0,30.42,92.0,107.7,2.25,06:15:00,18:06:00
14260,1475920223,10/7/2016 12:00:00 AM,23:50:23,1.22,48.0,30.42,92.0,119.9,3.37,06:15:00,18:06:00
14261,1475919921,10/7/2016 12:00:00 AM,23:45:21,1.22,48.0,30.42,93.0,161.25,5.62,06:15:00,18:06:00
14262,1475919622,10/7/2016 12:00:00 AM,23:40:22,1.22,49.0,30.42,93.0,173.23,5.62,06:15:00,18:06:00
14263,1475919320,10/7/2016 12:00:00 AM,23:35:20,1.23,49.0,30.43,93.0,155.61,4.5,06:15:00,18:06:00
14264,1475919020,10/7/2016 12:00:00 AM,23:30:20,1.24,49.0,30.43,93.0,167.41,3.37,06:15:00,18:06:00
14265,1475918720,10/7/2016 12:00:00 AM,23:25:20,1.23,49.0,30.43,93.0,165.0,4.5,06:15:00,18:06:00
14266,1475918421,10/7/2016 12:00:00 AM,23:20:21,1.25,49.0,30.43,93.0,160.08,5.62,06:15:00,18:06:00
14267,1475918120,10/7/2016 12:00:00 AM,23:15:20,1.23,49.0,30.43,93.0,135.56,3.37,06:15:00,18:06:00
14268,1475917821,10/7/2016 12:00:00 AM,23:10:21,1.24,49.0,30.43,93.0,162.04,3.37,06:15:00,18:06:00
14269,1475917522,10/7/2016 12:00:00 AM,23:05:22,1.24,49.0,30.43,93.0,163.1,5.62,06:15:00,18:06:00
14270,1475917219,10/7/2016 12:00:00 AM,23:00:19,1.24,49.0,30.43,93.0,154.31,3.37,06:15:00,18:06:00
14271,1475916920,10/7/2016 12:00:00 AM,22:55:20,1.24,49.0,30.43,93.0,150.14,3.37,06:15:00,18:06:00
14272,1475916619,10/7/2016 12:00:00 AM,22:50:19,1.24,49.0,30.43,93.0,162.12,4.5,06:15:00,18:06:00
14273,1475916321,10/7/2016 12:00:00 AM,22:45:21,1.23,49.0,30.44,93.0,177.83,5.62,06:15:00,18:06:00
14274,1475916019,10/7/2016 12:00:00 AM,22:40:19,1.2,49.0,30.44,93.0,188.62,6.75,06:15:00,18:06:00
14275,1475915719,10/7/2016 12:00:00 AM,22:35:19,1.23,49.0,30.44,93.0,190.33,4.5,06:15:00,18:06:00
14276,1475915421,10/7/2016 12:00:00 AM,22:30:21,1.22,49.0,30.44,94.0,190.66,6.75,06:15:00,18:06:00
14277,1475915123,10/7/2016 12:00:00 AM,22:25:23,1.26,49.0,30.44,94.0,188.13,6.75,06:15:00,18:06:00
14278,1475914822,10/7/2016 12:00:00 AM,22:20:22,1.22,49.0,30.44,94.0,189.63,5.62,06:15:00,18:06:00
14279,1475914521,10/7/2016 12:00:00 AM,22:15:21,1.21,49.0,30.44,94.0,186.59,6.75,06:15:00,18:06:00
14280,1475914222,10/7/2016 12:00:00 AM,22:10:22,1.21,49.0,30.44,94.0,188.26,6.75,06:15:00,18:06:00
14281,1475913925,10/7/2016 12:00:00 AM,22:05:25,1.23,49.0,30.44,94.0,143.54770303349548,7.87,06:15:00,18:06:00
14282,1475913623,10/7/2016 12:00:00 AM,22:00:23,1.24,49.0,30.45,94.0,183.22,6.75,06:15:00,18:06:00
14283,1475913325,10/7/2016 12:00:00 AM,21:55:25,1.21,49.0,30.45,94.0,176.46,5.62,06:15:00,18:06:00
14284,1475913021,10/7/2016 12:00:00 AM,21:50:21,1.22,49.0,30.45,94.0,175.78,4.5,06:15:00,18:06:00
14285,1475912719,10/7/2016 12:00:00 AM,21:45:19,1.21,49.0,30.45,94.0,172.8,3.37,06:15:00,18:06:00
14286,1475912420,10/7/2016 12:00:00 AM,21:40:20,1.23,49.0,30.45,95.0,172.53,3.37,06:15:00,18:06:00
14287,1475912122,10/7/2016 12:00:00 AM,21:35:22,1.22,49.0,30.45,95.0,170.59,3.37,06:15:00,18:06:00
14288,1475911822,10/7/2016 12:00:00 AM,21:30:22,1.23,49.0,30.44,96.0,167.87,4.5,06:15:00,18:06:00
14289,1475911520,10/7/2016 12:00:00 AM,21:25:20,1.25,49.0,30.44,98.0,184.64,4.5,06:15:00,18:06:00
14290,1475911223,10/7/2016 12:00:00 AM,21:20:23,1.24,49.0,30.44,99.0,184.78,4.5,06:15:00,18:06:00
14291,1475910924,10/7/2016 12:00:00 AM,21:15:24,1.23,50.0,30.44,100.0,185.33,4.5,06:15:00,18:06:00
14292,1475910623,10/7/2016 12:00:00 AM,21:10:23,1.26,50.0,30.44,101.0,186.02,4.5,06:15:00,18:06:00
14293,1475910320,10/7/2016 12:00:00 AM,21:05:20,1.21,50.0,30.44,101.0,187.04,5.62,06:15:00,18:06:00
14294,1475910023,10/7/2016 12:00:00 AM,21:00:23,1.2,50.0,30.44,101.0,162.16,4.5,06:15:00,18:06:00
14295,1475909719,10/7/2016 12:00:00 AM,20:55:19,1.22,51.0,30.44,101.0,167.3,5.62,06:15:00,18:06:00
14296,1475909420,10/7/2016 12:00:00 AM,20:50:20,1.24,51.0,30.44,101.0,160.37,4.5,06:15:00,18:06:00
14297,1475909121,10/7/2016 12:00:00 AM,20:45:21,1.22,51.0,30.44,74.83719267708949,162.5,4.5,06:15:00,18:06:00
14298,1475908821,10/7/2016 12:00:00 AM,20:40:21,1.22,52.0,30.44,101.0,87.65,3.37,06:15:00,18:06:00
14299,1475908523,10/7/2016 12:00:00 AM,20:35:23,1.22,52.0,30.44,74.83719267708949,73.68,0.0,06:15:00,18:06:00
14300,1475908222,10/7/2016 12:00:00 AM,20:30:22,1.27,52.0,30.44,101.0,73.64,2.25,06:15:00,18:06:00
14301,1475907923,10/7/2016 12:00:00 AM,20:25:23,1.27,51.0,30.44,101.0,73.64,1.12,06:15:00,18:06:00
14302,1475907624,10/7/2016 12:00:00 AM,20:20:24,1.24,51.0,30.43,101.0,74.01,1.12,06:15:00,18:06:00
14303,1475907320,10/7/2016 12:00:00 AM,20:15:20,1.23,51.0,30.43,101.0,94.45,3.37,06:15:00,18:06:00
14304,1475907019,10/7/2016 12:00:00 AM,20:10:19,1.27,51.0,30.43,101.0,124.28,0.0,06:15:00,18:06:00
14305,1475906721,10/7/2016 12:00:00 AM,20:05:21,1.27,51.0,30.43,101.0,130.5,5.62,06:15:00,18:06:00
14306,1475906422,10/7/2016 12:00:00 AM,20:00:22,1.21,51.0,30.42,101.0,110.14,3.37,06:15:00,18:06:00
14307,1475906120,10/7/2016 12:00:00 AM,19:55:20,1.23,51.0,30.42,100.0,104.02,4.5,06:15:00,18:06:00
14308,1475905818,10/7/2016 12:00:00 AM,19:50:18,1.23,51.0,30.42,100.0,150.73,6.75,06:15:00,18:06:00
14309,1475905521,10/7/2016 12:00:00 AM,19:45:21,1.24,51.0,30.42,100.0,149.97,3.37,06:15:00,18:06:00
14310,1475905224,10/7/2016 12:00:00 AM,19:40:24,1.26,51.0,30.42,100.0,126.08,3.37,06:15:00,18:06:00
14311,1475904919,10/7/2016 12:00:00 AM,19:35:19,1.26,51.0,30.42,100.0,145.59,3.37,06:15:00,18:06:00
14312,1475904623,10/7/2016 12:00:00 AM,19:30:23,1.24,51.16507236474315,30.42,100.0,125.32,4.5,06:15:00,18:06:00
14313,1475904322,10/7/2016 12:00:00 AM,19:25:22,1.26,51.0,30.42,99.0,149.29,0.0,06:15:00,18:06:00
14314,1475904022,10/7/2016 12:00:00 AM,19:20:22,1.24,51.0,30.41,99.0,133.75,4.5,06:15:00,18:06:00
14315,1475903734,10/7/2016 12:00:00 AM,19:15:34,1.23,51.0,30.41,98.0,120.35,0.0,06:15:00,18:06:00
14316,1475903421,10/7/2016 12:00:00 AM,19:10:21,1.24,51.0,30.41,98.0,105.7,2.25,06:15:00,18:06:00
14317,1475903120,10/7/2016 12:00:00 AM,19:05:20,1.23,51.0,30.41,97.0,30.31,2.25,06:15:00,18:06:00
14318,1475902820,10/7/2016 12:00:00 AM,19:00:20,1.22,51.0,30.41,97.0,30.31,3.37,06:15:00,18:06:00
14319,1475902524,10/7/2016 12:00:00 AM,18:55:24,1.24,51.0,30.41,95.0,348.46,3.37,06:15:00,18:06:00
14320,1475902234,10/7/2016 12:00:00 AM,18:50:34,1.26,52.0,30.41,95.0,225.4,1.12,06:15:00,18:06:00
14321,1475901919,10/7/2016 12:00:00 AM,18:45:19,1.22,51.0,30.41,88.0,206.7,4.5,06:15:00,18:06:00
14322,1475901620,10/7/2016 12:00:00 AM,18:40:20,1.21,51.0,30.41,90.0,186.7,7.87,06:15:00,18:06:00
14323,1475901323,10/7/2016 12:00:00 AM,18:35:23,1.27,52.0,30.41,89.0,197.81,7.87,06:15:00,18:06:00
14324,1475901021,10/7/2016 12:00:00 AM,18:30:21,1.22,51.16507236474315,30.41,88.0,180.49,7.87,06:15:00,18:06:00
14325,1475900730,10/7/2016 12:00:00 AM,18:25:30,1.22,52.0,30.41,90.0,183.47,10.12,06:15:00,18:06:00
14326,1475900422,10/7/2016 12:00:00 AM,18:20:22,1.27,52.0,30.41,92.0,178.52,5.62,06:15:00,18:06:00
14327,1475900121,10/7/2016 12:00:00 AM,18:15:21,1.24,52.0,30.41,96.0,216.04,6.75,06:15:00,18:06:00
14328,1475899818,10/7/2016 12:00:00 AM,18:10:18,1.77,52.0,30.41,97.0,199.1,5.62,06:15:00,18:06:00
14329,1475899521,10/7/2016 12:00:00 AM,18:05:21,2.48,52.0,30.4,97.0,195.51,7.87,06:15:00,18:06:00
14330,1475899219,10/7/2016 12:00:00 AM,18:00:19,4.36,52.0,30.4,98.0,199.89,5.62,06:15:00,18:06:00
14331,1475898919,10/7/2016 12:00:00 AM,17:55:19,6.54,52.0,30.4,98.0,202.75,4.5,06:15:00,18:06:00
14332,1475898619,10/7/2016 12:00:00 AM,17:50:19,10.74,52.0,30.4,99.0,196.5,5.62,06:15:00,18:06:00
14333,1475898322,10/7/2016 12:00:00 AM,17:45:22,14.11,52.0,30.4,99.0,191.48,4.5,06:15:00,18:06:00
14334,1475898025,10/7/2016 12:00:00 AM,17:40:25,16.88,51.0,30.4,98.0,191.63,4.5,06:15:00,18:06:00
14335,1475897723,10/7/2016 12:00:00 AM,17:35:23,21.37,51.0,30.4,98.0,218.65,2.25,06:15:00,18:06:00
14336,1475897424,10/7/2016 12:00:00 AM,17:30:24,25.44,51.0,30.4,98.0,300.96,1.12,06:15:00,18:06:00
14337,1475897121,10/7/2016 12:00:00 AM,17:25:21,28.18,51.0,30.4,99.0,301.31,1.12,06:15:00,18:06:00
14338,1475896820,10/7/2016 12:00:00 AM,17:20:20,37.0,51.0,30.4,100.0,301.32,0.0,06:15:00,18:06:00
14339,1475896521,10/7/2016 12:00:00 AM,17:15:21,48.64,51.0,30.4,101.0,300.57,3.37,06:15:00,18:06:00
14340,1475896222,10/7/2016 12:00:00 AM,17:10:22,59.52,51.0,30.4,101.0,300.82,1.12,06:15:00,18:06:00
14341,1475895933,10/7/2016 12:00:00 AM,17:05:33,55.39,51.0,30.4,101.0,349.33,4.5,06:15:00,18:06:00
14342,1475895620,10/7/2016 12:00:00 AM,17:00:20,42.05,52.0,30.4,101.0,354.4,2.25,06:15:00,18:06:00
14343,1475895323,10/7/2016 12:00:00 AM,16:55:23,35.51,52.0,30.39,101.0,345.38,6.75,06:15:00,18:06:00
14344,1475895021,10/7/2016 12:00:00 AM,16:50:21,22.97,51.0,30.39,101.0,324.1,3.37,06:15:00,18:06:00
14345,1475894723,10/7/2016 12:00:00 AM,16:45:23,18.02,53.0,30.39,101.0,351.19,5.62,06:15:00,18:06:00
14346,1475894422,10/7/2016 12:00:00 AM,16:40:22,15.72,53.0,30.39,101.0,26.97,3.37,06:15:00,18:06:00
14347,1475894119,10/7/2016 12:00:00 AM,16:35:19,16.52,54.0,30.39,101.0,359.93,5.62,06:15:00,18:06:00
14348,1475893822,10/7/2016 12:00:00 AM,16:30:22,27.42,54.0,30.38,101.0,0.12,6.75,06:15:00,18:06:00
14349,1475893540,10/7/2016 12:00:00 AM,16:25:40,33.57,54.0,30.38,101.0,20.42,5.62,06:15:00,18:06:00
14350,1475893221,10/7/2016 12:00:00 AM,16:20:21,32.82,54.0,30.38,101.0,18.15,5.62,06:15:00,18:06:00
14351,1475892919,10/7/2016 12:00:00 AM,16:15:19,31.17,54.0,30.39,101.0,4.35,6.75,06:15:00,18:06:00
14352,1475892621,10/7/2016 12:00:00 AM,16:10:21,35.54,54.0,30.38,101.0,1.19,6.75,06:15:00,18:06:00
14353,1475892322,10/7/2016 12:00:00 AM,16:05:22,35.62,55.0,30.38,101.0,31.29,4.5,06:15:00,18:06:00
14354,1475892020,10/7/2016 12:00:00 AM,16:00:20,51.48,55.0,30.38,101.0,33.99,3.37,06:15:00,18:06:00
14355,1475891722,10/7/2016 12:00:00 AM,15:55:22,84.5,55.0,30.38,101.0,33.2,4.5,06:15:00,18:06:00
14356,1475891420,10/7/2016 12:00:00 AM,15:50:20,81.59,55.0,30.38,101.0,67.85,7.87,06:15:00,18:06:00
14357,1475891120,10/7/2016 12:00:00 AM,15:45:20,82.34,55.0,30.38,101.0,17.36,2.25,06:15:00,18:06:00
14358,1475890818,10/7/2016 12:00:00 AM,15:40:18,84.56,55.0,30.38,101.0,11.07,3.37,06:15:00,18:06:00
14359,1475890518,10/7/2016 12:00:00 AM,15:35:18,71.68,55.0,30.38,101.0,50.0,1.12,06:15:00,18:06:00
14360,1475890222,10/7/2016 12:00:00 AM,15:30:22,83.03,55.0,30.38,101.0,56.12,1.12,06:15:00,18:06:00
14361,1475889920,10/7/2016 12:00:00 AM,15:25:20,91.35,55.0,30.38,100.0,77.1,4.5,06:15:00,18:06:00
14362,1475889620,10/7/2016 12:00:00 AM,15:20:20,71.5,55.0,30.38,100.0,49.39,1.12,06:15:00,18:06:00
14363,1475889321,10/7/2016 12:00:00 AM,15:15:21,105.26,55.0,30.38,100.0,69.42,5.62,06:15:00,18:06:00
14364,1475889021,10/7/2016 12:00:00 AM,15:10:21,97.67,55.0,30.38,100.0,21.06,3.37,06:15:00,18:06:00
14365,1475888720,10/7/2016 12:00:00 AM,15:05:20,85.35,55.0,30.38,100.0,74.39,2.25,06:15:00,18:06:00
14366,1475888424,10/7/2016 12:00:00 AM,15:00:24,125.02,55.0,30.38,100.0,11.01,2.25,06:15:00,18:06:00
14367,1475888122,10/7/2016 12:00:00 AM,14:55:22,89.33,56.0,30.38,99.0,9.9,7.87,06:15:00,18:06:00
14368,1475887821,10/7/2016 12:00:00 AM,14:50:21,68.9,51.16507236474315,30.38,99.0,27.69,5.62,06:15:00,18:06:00
14369,1475887519,10/7/2016 12:00:00 AM,14:45:19,69.14,56.0,30.38,99.0,1.94,6.75,06:15:00,18:06:00
14370,1475887221,10/7/2016 12:00:00 AM,14:40:21,93.63,56.0,30.38,99.0,17.39,3.37,06:15:00,18:06:00
14371,1475886923,10/7/2016 12:00:00 AM,14:35:23,232.42,57.0,30.38,98.0,45.62,3.37,06:15:00,18:06:00
14372,1475886625,10/7/2016 12:00:00 AM,14:30:25,247.44,57.0,30.39,98.0,0.11,5.62,06:15:00,18:06:00
14373,1475886323,10/7/2016 12:00:00 AM,14:25:23,181.6,57.0,30.39,97.0,358.37,2.25,06:15:00,18:06:00
14374,1475886026,10/7/2016 12:00:00 AM,14:20:26,116.22,57.0,30.39,97.0,5.85,3.37,06:15:00,18:06:00
14375,1475885719,10/7/2016 12:00:00 AM,14:15:19,157.09,57.0,30.39,97.0,26.27,4.5,06:15:00,18:06:00
14376,1475885421,10/7/2016 12:00:00 AM,14:10:21,154.72,57.0,30.39,95.0,15.55,5.62,06:15:00,18:06:00
14377,1475885122,10/7/2016 12:00:00 AM,14:05:22,107.28,58.0,30.39,95.0,0.63,5.62,06:15:00,18:06:00
14378,1475884821,10/7/2016 12:00:00 AM,14:00:21,212.92,58.0,30.39,94.0,34.71,2.25,06:15:00,18:06:00
14379,1475884525,10/7/2016 12:00:00 AM,13:55:25,252.06,59.0,30.39,93.0,24.83,1.12,06:15:00,18:06:00
14380,1475884223,10/7/2016 12:00:00 AM,13:50:23,151.2,59.0,30.39,92.0,57.82,5.62,06:15:00,18:06:00
14381,1475883920,10/7/2016 12:00:00 AM,13:45:20,126.32,60.0,30.4,91.0,346.66,5.62,06:15:00,18:06:00
14382,1475883622,10/7/2016 12:00:00 AM,13:40:22,408.47,60.0,30.4,91.0,359.92,5.62,06:15:00,18:06:00
14383,1475883320,10/7/2016 12:00:00 AM,13:35:20,282.35,60.0,30.4,91.0,359.92,4.5,06:15:00,18:06:00
14384,1475883025,10/7/2016 12:00:00 AM,13:30:25,1083.61,59.0,30.4,90.0,18.81,1.12,06:15:00,18:06:00
14385,1475882720,10/7/2016 12:00:00 AM,13:25:20,768.03,58.0,30.4,89.0,6.59,1.12,06:15:00,18:06:00
14386,1475882423,10/7/2016 12:00:00 AM,13:20:23,149.24,59.0,30.4,91.0,2.93,7.87,06:15:00,18:06:00
14387,1475882123,10/7/2016 12:00:00 AM,13:15:23,129.93,59.0,30.4,87.0,336.48,5.62,06:15:00,18:06:00
14388,1475881822,10/7/2016 12:00:00 AM,13:10:22,208.49,59.0,30.4,87.0,15.79,3.37,06:15:00,18:06:00
14389,1475881521,10/7/2016 12:00:00 AM,13:05:21,256.58,59.0,30.41,89.0,0.84,3.37,06:15:00,18:06:00
14390,1475881221,10/7/2016 12:00:00 AM,13:00:21,181.23,59.0,30.41,90.0,40.68,1.12,06:15:00,18:06:00
14391,1475880925,10/7/2016 12:00:00 AM,12:55:25,430.01,59.0,30.41,89.0,38.16,6.75,06:15:00,18:06:00
14392,1475880625,10/7/2016 12:00:00 AM,12:50:25,530.32,60.0,30.41,86.0,23.91,9.0,06:15:00,18:06:00
14393,1475880320,10/7/2016 12:00:00 AM,12:45:20,325.84,61.0,30.41,86.0,22.29,5.62,06:15:00,18:06:00
14394,1475880020,10/7/2016 12:00:00 AM,12:40:20,595.42,60.0,30.41,87.0,336.46,5.62,06:15:00,18:06:00
14395,1475879719,10/7/2016 12:00:00 AM,12:35:19,1420.39,60.0,30.41,86.0,23.35,3.37,06:15:00,18:06:00
14396,1475879420,10/7/2016 12:00:00 AM,12:30:20,329.76,60.0,30.42,86.0,359.92,4.5,06:15:00,18:06:00
14397,1475879125,10/7/2016 12:00:00 AM,12:25:25,370.17,60.0,30.42,87.0,311.42,4.5,06:15:00,18:06:00
14398,1475878823,10/7/2016 12:00:00 AM,12:20:23,321.94,60.0,30.42,82.0,353.49,4.5,06:15:00,18:06:00
14399,1475878519,10/7/2016 12:00:00 AM,12:15:19,452.68,60.0,30.42,86.0,15.23,2.25,06:15:00,18:06:00
14400,1475878225,10/7/2016 12:00:00 AM,12:10:25,1315.46,60.0,30.42,89.0,1.88,5.62,06:15:00,18:06:00
14401,1475877926,10/7/2016 12:00:00 AM,12:05:26,1197.77,60.0,30.42,85.0,27.78,2.25,06:15:00,18:06:00
14402,1475877627,10/7/2016 12:00:00 AM,12:00:27,1033.61,60.0,30.42,87.0,34.03,6.75,06:15:00,18:06:00
14403,1475877319,10/7/2016 12:00:00 AM,11:55:19,748.02,60.0,30.42,85.0,88.9,2.25,06:15:00,18:06:00
14404,1475877020,10/7/2016 12:00:00 AM,11:50:20,598.38,60.0,30.43,85.0,0.46,6.75,06:15:00,18:06:00
14405,1475876721,10/7/2016 12:00:00 AM,11:45:21,540.7,60.0,30.43,85.0,0.66,5.62,06:15:00,18:06:00
14406,1475876424,10/7/2016 12:00:00 AM,11:40:24,370.15,60.0,30.43,87.0,4.96,7.87,06:15:00,18:06:00
14407,1475876121,10/7/2016 12:00:00 AM,11:35:21,550.48,59.0,30.43,86.0,359.89,2.25,06:15:00,18:06:00
14408,1475875819,10/7/2016 12:00:00 AM,11:30:19,347.33,60.0,30.43,89.0,339.4,4.5,06:15:00,18:06:00
14409,1475875522,10/7/2016 12:00:00 AM,11:25:22,1175.77,59.0,30.43,89.0,335.68,5.62,06:15:00,18:06:00
14410,1475875219,10/7/2016 12:00:00 AM,11:20:19,1089.27,59.0,30.44,91.0,336.46,9.0,06:15:00,18:06:00
14411,1475874923,10/7/2016 12:00:00 AM,11:15:23,585.86,58.0,30.44,93.0,322.12,4.5,06:15:00,18:06:00
14412,1475874624,10/7/2016 12:00:00 AM,11:10:24,1062.02,57.0,30.44,92.0,18.55,1.12,06:15:00,18:06:00
14413,1475874320,10/7/2016 12:00:00 AM,11:05:20,200.01,57.0,30.44,92.0,0.78,4.5,06:15:00,18:06:00
14414,1475874025,10/7/2016 12:00:00 AM,11:00:25,932.43,57.0,30.44,94.0,3.92,2.25,06:15:00,18:06:00
14415,1475873722,10/7/2016 12:00:00 AM,10:55:22,1038.71,57.0,30.44,94.0,18.52,2.25,06:15:00,18:06:00
14416,1475873421,10/7/2016 12:00:00 AM,10:50:21,261.81,56.0,30.44,93.0,8.44,3.37,06:15:00,18:06:00
14417,1475873121,10/7/2016 12:00:00 AM,10:45:21,214.32,57.0,30.44,92.0,41.27,2.25,06:15:00,18:06:00
14418,1475872823,10/7/2016 12:00:00 AM,10:40:23,338.01,58.0,30.44,91.0,22.56,5.62,06:15:00,18:06:00
14419,1475872530,10/7/2016 12:00:00 AM,10:35:30,465.16,59.0,30.45,89.0,26.84,3.37,06:15:00,18:06:00
14420,1475872222,10/7/2016 12:00:00 AM,10:30:22,1279.23,59.0,30.45,86.0,9.82,1.12,06:15:00,18:06:00
14421,1475871926,10/7/2016 12:00:00 AM,10:25:26,993.01,59.0,30.45,89.0,359.92,6.75,06:15:00,18:06:00
14422,1475871621,10/7/2016 12:00:00 AM,10:20:21,927.16,59.0,30.44,86.0,59.48,1.12,06:15:00,18:06:00
14423,1475871321,10/7/2016 12:00:00 AM,10:15:21,896.07,59.0,30.44,87.0,16.42,4.5,06:15:00,18:06:00
14424,1475871021,10/7/2016 12:00:00 AM,10:10:21,869.7,58.0,30.44,84.0,349.08,1.12,06:15:00,18:06:00
14425,1475870724,10/7/2016 12:00:00 AM,10:05:24,856.05,58.0,30.45,86.0,336.5,3.37,06:15:00,18:06:00
14426,1475870423,10/7/2016 12:00:00 AM,10:00:23,835.24,57.0,30.44,88.0,20.74,1.12,06:15:00,18:06:00
14427,1475870121,10/7/2016 12:00:00 AM,09:55:21,822.74,57.0,30.45,91.0,27.55,3.37,06:15:00,18:06:00
14428,1475869820,10/7/2016 12:00:00 AM,09:50:20,673.04,57.0,30.44,89.0,3.98,4.5,06:15:00,18:06:00
14429,1475869531,10/7/2016 12:00:00 AM,09:45:31,841.44,57.0,30.44,87.0,349.54,1.12,06:15:00,18:06:00
14430,1475869222,10/7/2016 12:00:00 AM,09:40:22,794.37,57.0,30.45,88.0,0.4,2.25,06:15:00,18:06:00
14431,1475868926,10/7/2016 12:00:00 AM,09:35:26,775.5,57.0,30.44,88.0,359.91,3.37,06:15:00,18:06:00
14432,1475868621,10/7/2016 12:00:00 AM,09:30:21,763.35,56.0,30.44,87.0,359.92,4.5,06:15:00,18:06:00
14433,1475868322,10/7/2016 12:00:00 AM,09:25:22,738.59,56.0,30.44,85.0,329.91,3.37,06:15:00,18:06:00
14434,1475868023,10/7/2016 12:00:00 AM,09:20:23,721.48,56.0,30.44,80.0,354.09,3.37,06:15:00,18:06:00
14435,1475867723,10/7/2016 12:00:00 AM,09:15:23,703.37,56.0,30.44,84.0,345.35,2.25,06:15:00,18:06:00
14436,1475867421,10/7/2016 12:00:00 AM,09:10:21,685.5,56.0,30.44,87.0,16.51,2.25,06:15:00,18:06:00
14437,1475867120,10/7/2016 12:00:00 AM,09:05:20,663.75,56.0,30.44,87.0,18.87,1.12,06:15:00,18:06:00
14438,1475866823,10/7/2016 12:00:00 AM,09:00:23,650.82,57.0,30.44,89.0,0.11,2.25,06:15:00,18:06:00
14439,1475866522,10/7/2016 12:00:00 AM,08:55:22,637.46,57.0,30.44,83.0,30.34,3.37,06:15:00,18:06:00
14440,1475866222,10/7/2016 12:00:00 AM,08:50:22,616.74,57.0,30.44,74.0,34.43,6.229096658193317,06:15:00,18:06:00
14441,1475865918,10/7/2016 12:00:00 AM,08:45:18,598.09,56.0,30.44,75.0,14.02,1.12,06:15:00,18:06:00
14442,1475865626,10/7/2016 12:00:00 AM,08:40:26,577.94,56.0,30.43,78.0,0.58,1.12,06:15:00,18:06:00
14443,1475865321,10/7/2016 12:00:00 AM,08:35:21,559.58,56.0,30.43,82.0,0.74,3.37,06:15:00,18:06:00
14444,1475865025,10/7/2016 12:00:00 AM,08:30:25,538.92,56.0,30.43,78.0,12.07,2.25,06:15:00,18:06:00
14445,1475864720,10/7/2016 12:00:00 AM,08:25:20,520.91,56.0,30.43,77.0,3.13,3.37,06:15:00,18:06:00
14446,1475864422,10/7/2016 12:00:00 AM,08:20:22,502.11,57.0,30.43,79.0,27.16,4.5,06:15:00,18:06:00
14447,1475864120,10/7/2016 12:00:00 AM,08:15:20,480.97,57.0,30.423028000868246,83.0,14.46,2.25,06:15:00,18:06:00
14448,1475863821,10/7/2016 12:00:00 AM,08:10:21,461.6,57.0,30.43,83.0,82.77,3.37,06:15:00,18:06:00
14449,1475863521,10/7/2016 12:00:00 AM,08:05:21,441.39,56.0,30.43,80.0,96.06,2.25,06:15:00,18:06:00
14450,1475863221,10/7/2016 12:00:00 AM,08:00:21,420.45,55.0,30.43,81.0,68.68,1.12,06:15:00,18:06:00
14451,1475862922,10/7/2016 12:00:00 AM,07:55:22,398.25,54.0,30.43,85.0,124.94,1.12,06:15:00,18:06:00
14452,1475862621,10/7/2016 12:00:00 AM,07:50:21,377.12,53.0,30.43,85.0,149.63,3.37,06:15:00,18:06:00
14453,1475862321,10/7/2016 12:00:00 AM,07:45:21,355.69,52.0,30.42,86.0,157.27,5.62,06:15:00,18:06:00
14454,1475862022,10/7/2016 12:00:00 AM,07:40:22,334.24,51.0,30.42,87.0,181.17,5.62,06:15:00,18:06:00
14455,1475861725,10/7/2016 12:00:00 AM,07:35:25,312.02,50.0,30.42,88.0,168.42,5.62,06:15:00,18:06:00
14456,1475861424,10/7/2016 12:00:00 AM,07:30:24,286.1,49.0,30.42,89.0,170.74,2.25,06:15:00,18:06:00
14457,1475861120,10/7/2016 12:00:00 AM,07:25:20,258.58,48.0,30.42,91.0,179.86,3.37,06:15:00,18:06:00
14458,1475860822,10/7/2016 12:00:00 AM,07:20:22,231.38,47.0,30.42,91.0,171.57,3.37,06:15:00,18:06:00
14459,1475860523,10/7/2016 12:00:00 AM,07:15:23,31.97,46.0,30.42,90.0,179.25,4.5,06:15:00,18:06:00
14460,1475860219,10/7/2016 12:00:00 AM,07:10:19,22.27,46.0,30.42,90.0,176.32,4.5,06:15:00,18:06:00
14461,1475859924,10/7/2016 12:00:00 AM,07:05:24,21.1,46.0,30.41,89.0,174.77,3.37,06:15:00,18:06:00
14462,1475859625,10/7/2016 12:00:00 AM,07:00:25,20.37,46.0,30.41,89.0,170.81,4.5,06:15:00,18:06:00
14463,1475859325,10/7/2016 12:00:00 AM,06:55:25,19.5,46.0,30.41,89.0,181.07,6.75,06:15:00,18:06:00
14464,1475859020,10/7/2016 12:00:00 AM,06:50:20,18.66,46.0,30.41,89.0,178.29,6.75,06:15:00,18:06:00
14465,1475858723,10/7/2016 12:00:00 AM,06:45:23,17.54,45.0,30.41,89.0,180.91,9.0,06:15:00,18:06:00
14466,1475858426,10/7/2016 12:00:00 AM,06:40:26,16.34,45.0,30.41,89.0,186.62,7.87,06:15:00,18:06:00
14467,1475858124,10/7/2016 12:00:00 AM,06:35:24,14.87,45.0,30.41,88.0,172.92,5.62,06:15:00,18:06:00
14468,1475857822,10/7/2016 12:00:00 AM,06:30:22,13.24,45.0,30.41,88.0,176.88,6.75,06:15:00,18:06:00
14469,1475857521,10/7/2016 12:00:00 AM,06:25:21,11.35,45.0,30.41,87.0,177.47,5.62,06:15:00,18:06:00
14470,1475857220,10/7/2016 12:00:00 AM,06:20:20,9.27,45.0,30.41,87.0,143.54770303349548,6.75,06:15:00,18:06:00
14471,1475856927,10/7/2016 12:00:00 AM,06:15:27,6.92,45.0,30.41,86.0,174.72,6.75,06:15:00,18:06:00
14472,1475856621,10/7/2016 12:00:00 AM,06:10:21,4.39,45.0,30.41,85.0,174.63,5.62,06:15:00,18:06:00
14473,1475856318,10/7/2016 12:00:00 AM,06:05:18,2.42,45.0,30.41,85.0,177.96,5.62,06:15:00,18:06:00
14474,1475856022,10/7/2016 12:00:00 AM,06:00:22,1.25,45.0,30.41,85.0,176.94,3.37,06:15:00,18:06:00
14475,1475855723,10/7/2016 12:00:00 AM,05:55:23,1.22,45.0,30.41,84.0,174.53,6.75,06:15:00,18:06:00
14476,1475855422,10/7/2016 12:00:00 AM,05:50:22,1.22,45.0,30.41,84.0,179.39,10.12,06:15:00,18:06:00
14477,1475855123,10/7/2016 12:00:00 AM,05:45:23,1.2,45.0,30.4,84.0,177.81,6.75,06:15:00,18:06:00
14478,1475854823,10/7/2016 12:00:00 AM,05:40:23,1.22,45.0,30.4,84.0,179.85,7.87,06:15:00,18:06:00
14479,1475854522,10/7/2016 12:00:00 AM,05:35:22,1.24,45.0,30.4,84.0,181.58,7.87,06:15:00,18:06:00
14480,1475854223,10/7/2016 12:00:00 AM,05:30:23,1.25,45.0,30.4,83.0,184.05,7.87,06:15:00,18:06:00
14481,1475853921,10/7/2016 12:00:00 AM,05:25:21,1.24,45.0,30.4,83.0,179.2,6.75,06:15:00,18:06:00
14482,1475853620,10/7/2016 12:00:00 AM,05:20:20,1.23,45.0,30.4,82.0,177.95,5.62,06:15:00,18:06:00
14483,1475853323,10/7/2016 12:00:00 AM,05:15:23,1.2,45.0,30.4,81.0,165.24,4.5,06:15:00,18:06:00
14484,1475853024,10/7/2016 12:00:00 AM,05:10:24,1.21,45.0,30.4,83.0,154.4,3.37,06:15:00,18:06:00
14485,1475852719,10/7/2016 12:00:00 AM,05:05:19,1.24,45.0,30.4,84.0,176.13,5.62,06:15:00,18:06:00
14486,1475852423,10/7/2016 12:00:00 AM,05:00:23,1.23,45.0,30.4,83.0,179.12,9.0,06:15:00,18:06:00
14487,1475852125,10/7/2016 12:00:00 AM,04:55:25,1.21,45.0,30.4,83.0,181.7,7.87,06:15:00,18:06:00
14488,1475851819,10/7/2016 12:00:00 AM,04:50:19,1.23,45.0,30.4,83.0,179.15,9.0,06:15:00,18:06:00
14489,1475851522,10/7/2016 12:00:00 AM,04:45:22,1.23,45.0,30.4,83.0,177.94,7.87,06:15:00,18:06:00
14490,1475851224,10/7/2016 12:00:00 AM,04:40:24,1.18,45.0,30.4,82.0,172.37,5.62,06:15:00,18:06:00
14491,1475850920,10/7/2016 12:00:00 AM,04:35:20,1.22,45.0,30.4,83.0,177.58,6.75,06:15:00,18:06:00
14492,1475850621,10/7/2016 12:00:00 AM,04:30:21,1.22,45.0,30.4,81.0,170.81,5.62,06:15:00,18:06:00
14493,1475850319,10/7/2016 12:00:00 AM,04:25:19,1.25,45.0,30.4,82.0,179.27,7.87,06:15:00,18:06:00
14494,1475850025,10/7/2016 12:00:00 AM,04:20:25,1.25,45.0,30.4,81.0,181.97,7.87,06:15:00,18:06:00
14495,1475849721,10/7/2016 12:00:00 AM,04:15:21,1.22,46.0,30.4,81.0,178.3,5.62,06:15:00,18:06:00
14496,1475849423,10/7/2016 12:00:00 AM,04:10:23,1.21,46.0,30.4,81.0,182.52,6.75,06:15:00,18:06:00
14497,1475849124,10/7/2016 12:00:00 AM,04:05:24,1.24,46.0,30.4,80.0,182.76,6.75,06:15:00,18:06:00
14498,1475848822,10/7/2016 12:00:00 AM,04:00:22,1.2,46.0,30.4,80.0,168.13,5.62,06:15:00,18:06:00
14499,1475848522,10/7/2016 12:00:00 AM,03:55:22,1.22,46.0,30.4,80.0,183.67,7.87,06:15:00,18:06:00
14500,1475848222,10/7/2016 12:00:00 AM,03:50:22,1.25,46.0,30.4,81.0,176.54,9.0,06:15:00,18:06:00
14501,1475847921,10/7/2016 12:00:00 AM,03:45:21,1.2,46.0,30.4,81.0,179.84,6.75,06:15:00,18:06:00
14502,1475847624,10/7/2016 12:00:00 AM,03:40:24,1.2,46.0,30.4,81.0,180.55,9.0,06:15:00,18:06:00
14503,1475847326,10/7/2016 12:00:00 AM,03:35:26,1.25,46.0,30.4,82.0,180.58,9.0,06:15:00,18:06:00
14504,1475847020,10/7/2016 12:00:00 AM,03:30:20,1.25,46.0,30.4,82.0,178.25,7.87,06:15:00,18:06:00
14505,1475846721,10/7/2016 12:00:00 AM,03:25:21,1.21,51.16507236474315,30.4,83.0,179.36,6.229096658193317,06:15:00,18:06:00
14506,1475846423,10/7/2016 12:00:00 AM,03:20:23,1.24,46.0,30.4,83.0,181.22,7.87,06:15:00,18:06:00
14507,1475846121,10/7/2016 12:00:00 AM,03:15:21,1.2,46.0,30.4,83.0,182.08,6.75,06:15:00,18:06:00
14508,1475845820,10/7/2016 12:00:00 AM,03:10:20,1.22,46.0,30.4,84.0,181.03,7.87,06:15:00,18:06:00
14509,1475845522,10/7/2016 12:00:00 AM,03:05:22,1.2,46.0,30.4,85.0,181.04,6.75,06:15:00,18:06:00
14510,1475845221,10/7/2016 12:00:00 AM,03:00:21,1.21,46.0,30.4,85.0,183.54,7.87,06:15:00,18:06:00
14511,1475844920,10/7/2016 12:00:00 AM,02:55:20,1.21,46.0,30.4,85.0,180.42,6.75,06:15:00,18:06:00
14512,1475844626,10/7/2016 12:00:00 AM,02:50:26,1.26,46.0,30.4,86.0,180.73,9.0,06:15:00,18:06:00
14513,1475844323,10/7/2016 12:00:00 AM,02:45:23,1.22,46.0,30.4,87.0,185.86,10.12,06:15:00,18:06:00
14514,1475844024,10/7/2016 12:00:00 AM,02:40:24,1.21,46.0,30.4,87.0,182.37,10.12,06:15:00,18:06:00
14515,1475843723,10/7/2016 12:00:00 AM,02:35:23,1.24,46.0,30.4,86.0,181.09,9.0,06:15:00,18:06:00
14516,1475843422,10/7/2016 12:00:00 AM,02:30:22,1.2,46.0,30.4,87.0,183.73,9.0,06:15:00,18:06:00
14517,1475843119,10/7/2016 12:00:00 AM,02:25:19,1.21,46.0,30.4,86.0,185.58,6.75,06:15:00,18:06:00
14518,1475842825,10/7/2016 12:00:00 AM,02:20:25,1.21,45.0,30.4,87.0,181.91,10.12,06:15:00,18:06:00
14519,1475842519,10/7/2016 12:00:00 AM,02:15:19,1.2,45.0,30.4,88.0,179.78,6.75,06:15:00,18:06:00
14520,1475842225,10/7/2016 12:00:00 AM,02:10:25,1.21,46.0,30.41,88.0,165.48,5.62,06:15:00,18:06:00
14521,1475841926,10/7/2016 12:00:00 AM,02:05:26,1.23,46.0,30.41,88.0,175.42,5.62,06:15:00,18:06:00
14522,1475841623,10/7/2016 12:00:00 AM,02:00:23,1.2,46.0,30.41,88.0,158.68,6.75,06:15:00,18:06:00
14523,1475841320,10/7/2016 12:00:00 AM,01:55:20,1.19,46.0,30.41,89.0,163.91,5.62,06:15:00,18:06:00
14524,1475841020,10/7/2016 12:00:00 AM,01:50:20,1.23,46.0,30.41,87.0,105.02,6.75,06:15:00,18:06:00
14525,1475840722,10/7/2016 12:00:00 AM,01:45:22,1.2,46.0,30.41,85.0,188.41,5.62,06:15:00,18:06:00
14526,1475840420,10/7/2016 12:00:00 AM,01:40:20,1.21,46.0,30.41,84.0,164.19,3.37,06:15:00,18:06:00
14527,1475840124,10/7/2016 12:00:00 AM,01:35:24,1.24,46.0,30.41,84.0,164.83,5.62,06:15:00,18:06:00
14528,1475839824,10/7/2016 12:00:00 AM,01:30:24,1.21,46.0,30.41,82.0,166.65,3.37,06:15:00,18:06:00
14529,1475839521,10/7/2016 12:00:00 AM,01:25:21,1.23,46.0,30.41,83.0,158.86,5.62,06:15:00,18:06:00
14530,1475839220,10/7/2016 12:00:00 AM,01:20:20,1.23,46.0,30.42,83.0,167.29,5.62,06:15:00,18:06:00
14531,1475838921,10/7/2016 12:00:00 AM,01:15:21,1.23,46.0,30.42,83.0,164.4,4.5,06:15:00,18:06:00
14532,1475838619,10/7/2016 12:00:00 AM,01:10:19,1.23,47.0,30.42,83.0,188.29,7.87,06:15:00,18:06:00
14533,1475838319,10/7/2016 12:00:00 AM,01:05:19,1.2,47.0,30.42,84.0,176.76,5.62,06:15:00,18:06:00
14534,1475838024,10/7/2016 12:00:00 AM,01:00:24,1.22,47.0,30.42,85.0,178.09,5.62,06:15:00,18:06:00
14535,1475837719,10/7/2016 12:00:00 AM,00:55:19,1.24,47.0,30.42,85.0,179.87,6.75,06:15:00,18:06:00
14536,1475837419,10/7/2016 12:00:00 AM,00:50:19,1.21,47.0,30.42,86.0,170.1,5.62,06:15:00,18:06:00
14537,1475837121,10/7/2016 12:00:00 AM,00:45:21,1.21,47.0,30.42,87.0,183.76,5.62,06:15:00,18:06:00
14538,1475836822,10/7/2016 12:00:00 AM,00:40:22,1.19,47.0,30.42,88.0,173.34,6.75,06:15:00,18:06:00
14539,1475836525,10/7/2016 12:00:00 AM,00:35:25,1.24,47.0,30.42,89.0,186.11,5.62,06:15:00,18:06:00
14540,1475836224,10/7/2016 12:00:00 AM,00:30:24,1.23,47.0,30.42,90.0,175.65,5.62,06:15:00,18:06:00
14541,1475835924,10/7/2016 12:00:00 AM,00:25:24,1.21,48.0,30.42,92.0,174.6,5.62,06:15:00,18:06:00
14542,1475834419,10/7/2016 12:00:00 AM,00:00:19,1.23,48.0,30.43,99.0,194.43,7.87,06:15:00,18:06:00
14543,1475834119,10/6/2016 12:00:00 AM,23:55:19,1.25,49.0,30.43,100.0,183.99,5.62,06:15:00,18:07:00
14544,1475833821,10/6/2016 12:00:00 AM,23:50:21,1.22,49.0,30.43,100.0,158.85,6.75,06:15:00,18:07:00
14545,1475833525,10/6/2016 12:00:00 AM,23:45:25,1.24,49.0,30.44,101.0,157.6,5.62,06:15:00,18:07:00
14546,1475833223,10/6/2016 12:00:00 AM,23:40:23,1.22,49.0,30.44,101.0,164.74,4.5,06:15:00,18:07:00
14547,1475832925,10/6/2016 12:00:00 AM,23:35:25,1.21,49.0,30.44,101.0,137.47,7.87,06:15:00,18:07:00
14548,1475832621,10/6/2016 12:00:00 AM,23:30:21,1.25,49.0,30.44,101.0,162.22,6.75,06:15:00,18:07:00
14549,1475832321,10/6/2016 12:00:00 AM,23:25:21,1.23,49.0,30.44,101.0,132.69,3.37,06:15:00,18:07:00
14550,1475832023,10/6/2016 12:00:00 AM,23:20:23,1.22,49.0,30.44,101.0,157.93,3.37,06:15:00,18:07:00
14551,1475831723,10/6/2016 12:00:00 AM,23:15:23,1.26,49.0,30.44,101.0,172.26,6.75,06:15:00,18:07:00
14552,1475831422,10/6/2016 12:00:00 AM,23:10:22,1.2,50.0,30.44,101.0,160.77,6.75,06:15:00,18:07:00
14553,1475831124,10/6/2016 12:00:00 AM,23:05:24,1.22,50.0,30.44,101.0,145.25,7.87,06:15:00,18:07:00
14554,1475830823,10/6/2016 12:00:00 AM,23:00:23,1.25,50.0,30.45,101.0,117.62,7.87,06:15:00,18:07:00
14555,1475830521,10/6/2016 12:00:00 AM,22:55:21,1.25,50.0,30.45,101.0,166.32,4.5,06:15:00,18:07:00
14556,1475830228,10/6/2016 12:00:00 AM,22:50:28,1.22,50.0,30.45,101.0,111.11,4.5,06:15:00,18:07:00
14557,1475829924,10/6/2016 12:00:00 AM,22:45:24,1.26,50.0,30.45,101.0,149.8,2.25,06:15:00,18:07:00
14558,1475829625,10/6/2016 12:00:00 AM,22:40:25,1.21,50.0,30.45,101.0,172.0,4.5,06:15:00,18:07:00
14559,1475829323,10/6/2016 12:00:00 AM,22:35:23,1.24,50.0,30.45,101.0,150.52,9.0,06:15:00,18:07:00
14560,1475829021,10/6/2016 12:00:00 AM,22:30:21,1.23,50.0,30.45,101.0,110.85,4.5,06:15:00,18:07:00
14561,1475828727,10/6/2016 12:00:00 AM,22:25:27,1.24,50.0,30.46,101.0,127.83,7.87,06:15:00,18:07:00
14562,1475828423,10/6/2016 12:00:00 AM,22:20:23,1.19,49.0,30.46,101.0,124.96,7.87,06:15:00,18:07:00
14563,1475828121,10/6/2016 12:00:00 AM,22:15:21,1.22,49.0,30.46,101.0,45.31,3.37,06:15:00,18:07:00
14564,1475827826,10/6/2016 12:00:00 AM,22:10:26,1.23,49.0,30.45,101.0,118.71,4.5,06:15:00,18:07:00
14565,1475827522,10/6/2016 12:00:00 AM,22:05:22,1.26,49.0,30.45,101.0,172.38,6.75,06:15:00,18:07:00
14566,1475827223,10/6/2016 12:00:00 AM,22:00:23,1.22,49.0,30.45,101.0,159.77,7.87,06:15:00,18:07:00
14567,1475826920,10/6/2016 12:00:00 AM,21:55:20,1.19,50.0,30.45,102.0,159.09,5.62,06:15:00,18:07:00
14568,1475826626,10/6/2016 12:00:00 AM,21:50:26,1.27,50.0,30.45,102.0,166.7,5.62,06:15:00,18:07:00
14569,1475826325,10/6/2016 12:00:00 AM,21:45:25,1.24,50.0,30.46,102.0,125.39,7.87,06:15:00,18:07:00
14570,1475826021,10/6/2016 12:00:00 AM,21:40:21,1.23,50.0,30.46,102.0,119.88,2.25,06:15:00,18:07:00
14571,1475825724,10/6/2016 12:00:00 AM,21:35:24,1.25,50.0,30.46,102.0,126.92,4.5,06:15:00,18:07:00
14572,1475825423,10/6/2016 12:00:00 AM,21:30:23,1.22,50.0,30.46,102.0,123.6,3.37,06:15:00,18:07:00
14573,1475825120,10/6/2016 12:00:00 AM,21:25:20,1.22,50.0,30.46,102.0,128.94,3.37,06:15:00,18:07:00
14574,1475824820,10/6/2016 12:00:00 AM,21:20:20,1.24,50.0,30.46,102.0,98.5,2.25,06:15:00,18:07:00
14575,1475824519,10/6/2016 12:00:00 AM,21:15:19,1.23,50.0,30.46,102.0,146.69,4.5,06:15:00,18:07:00
14576,1475824222,10/6/2016 12:00:00 AM,21:10:22,1.22,50.0,30.46,102.0,122.14,4.5,06:15:00,18:07:00
14577,1475823919,10/6/2016 12:00:00 AM,21:05:19,1.23,50.0,30.46,102.0,143.02,2.25,06:15:00,18:07:00
14578,1475823622,10/6/2016 12:00:00 AM,21:00:22,1.23,50.0,30.46,102.0,124.2,6.75,06:15:00,18:07:00
14579,1475823323,10/6/2016 12:00:00 AM,20:55:23,1.23,51.0,30.46,102.0,171.15,1.12,06:15:00,18:07:00
14580,1475823021,10/6/2016 12:00:00 AM,20:50:21,1.26,51.0,30.46,102.0,168.38,4.5,06:15:00,18:07:00
14581,1475822723,10/6/2016 12:00:00 AM,20:45:23,1.22,51.0,30.46,102.0,129.16,3.37,06:15:00,18:07:00
14582,1475822423,10/6/2016 12:00:00 AM,20:40:23,1.22,51.0,30.46,102.0,80.53,2.25,06:15:00,18:07:00
14583,1475822119,10/6/2016 12:00:00 AM,20:35:19,1.24,51.0,30.45,102.0,98.91,0.0,06:15:00,18:07:00
14584,1475821823,10/6/2016 12:00:00 AM,20:30:23,1.23,51.0,30.45,102.0,104.5,1.12,06:15:00,18:07:00
14585,1475821520,10/6/2016 12:00:00 AM,20:25:20,1.22,51.0,30.45,102.0,133.58,2.25,06:15:00,18:07:00
14586,1475821221,10/6/2016 12:00:00 AM,20:20:21,1.23,51.0,30.45,102.0,146.15,6.229096658193317,06:15:00,18:07:00
14587,1475820923,10/6/2016 12:00:00 AM,20:15:23,1.2,51.0,30.45,102.0,75.37,0.0,06:15:00,18:07:00
14588,1475820622,10/6/2016 12:00:00 AM,20:10:22,1.2,51.0,30.45,102.0,82.44,1.12,06:15:00,18:07:00
14589,1475820321,10/6/2016 12:00:00 AM,20:05:21,1.26,51.0,30.45,102.0,96.79,2.25,06:15:00,18:07:00
14590,1475820019,10/6/2016 12:00:00 AM,20:00:19,1.23,51.0,30.45,102.0,42.13,1.12,06:15:00,18:07:00
14591,1475819718,10/6/2016 12:00:00 AM,19:55:18,1.22,51.0,30.45,102.0,36.97,0.0,06:15:00,18:07:00
14592,1475819420,10/6/2016 12:00:00 AM,19:50:20,1.22,51.0,30.45,102.0,37.76,3.37,06:15:00,18:07:00
14593,1475819120,10/6/2016 12:00:00 AM,19:45:20,1.24,51.0,30.45,101.0,68.44,1.12,06:15:00,18:07:00
14594,1475818822,10/6/2016 12:00:00 AM,19:40:22,1.23,52.0,30.45,102.0,71.84,1.12,06:15:00,18:07:00
14595,1475818527,10/6/2016 12:00:00 AM,19:35:27,1.21,52.0,30.45,102.0,78.65,1.12,06:15:00,18:07:00
14596,1475818221,10/6/2016 12:00:00 AM,19:30:21,1.25,52.0,30.45,102.0,78.07,1.12,06:15:00,18:07:00
14597,1475817920,10/6/2016 12:00:00 AM,19:25:20,1.22,52.0,30.45,101.0,79.83,4.5,06:15:00,18:07:00
14598,1475817619,10/6/2016 12:00:00 AM,19:20:19,1.2,52.0,30.44,101.0,29.62,1.12,06:15:00,18:07:00
14599,1475817323,10/6/2016 12:00:00 AM,19:15:23,1.28,52.0,30.44,101.0,48.94,2.25,06:15:00,18:07:00
14600,1475817019,10/6/2016 12:00:00 AM,19:10:19,1.19,52.0,30.44,101.0,318.4,2.25,06:15:00,18:07:00
14601,1475816723,10/6/2016 12:00:00 AM,19:05:23,1.26,52.0,30.44,101.0,315.31,0.0,06:15:00,18:07:00
14602,1475816419,10/6/2016 12:00:00 AM,19:00:19,1.21,52.0,30.44,101.0,315.31,0.0,06:15:00,18:07:00
14603,1475816123,10/6/2016 12:00:00 AM,18:55:23,1.24,52.0,30.44,101.0,315.31,1.12,06:15:00,18:07:00
14604,1475815822,10/6/2016 12:00:00 AM,18:50:22,1.25,52.0,30.44,101.0,315.31,1.12,06:15:00,18:07:00
14605,1475815520,10/6/2016 12:00:00 AM,18:45:20,1.28,52.0,30.44,101.0,315.31,1.12,06:15:00,18:07:00
14606,1475815220,10/6/2016 12:00:00 AM,18:40:20,1.26,53.0,30.44,101.0,315.31,1.12,06:15:00,18:07:00
14607,1475814923,10/6/2016 12:00:00 AM,18:35:23,1.26,53.0,30.44,101.0,315.31,2.25,06:15:00,18:07:00
14608,1475814625,10/6/2016 12:00:00 AM,18:30:25,1.23,53.0,30.44,101.0,315.31,2.25,06:15:00,18:07:00
14609,1475814322,10/6/2016 12:00:00 AM,18:25:22,1.22,53.0,30.44,101.0,315.37,1.12,06:15:00,18:07:00
14610,1475814019,10/6/2016 12:00:00 AM,18:20:19,1.25,53.0,30.44,101.0,315.37,1.12,06:15:00,18:07:00
14611,1475813723,10/6/2016 12:00:00 AM,18:15:23,3.92,53.0,30.43,101.0,315.41,3.37,06:15:00,18:07:00
14612,1475813420,10/6/2016 12:00:00 AM,18:10:20,6.13,53.0,30.44,101.0,314.95,3.37,06:15:00,18:07:00
14613,1475813122,10/6/2016 12:00:00 AM,18:05:22,5.62,53.0,30.43,101.0,315.0,3.37,06:15:00,18:07:00
14614,1475812823,10/6/2016 12:00:00 AM,18:00:23,13.28,53.0,30.43,101.0,313.3,4.5,06:15:00,18:07:00
14615,1475812520,10/6/2016 12:00:00 AM,17:55:20,32.9,54.0,30.43,101.0,319.73,2.25,06:15:00,18:07:00
14616,1475812227,10/6/2016 12:00:00 AM,17:50:27,23.63,54.0,30.43,101.0,304.92,2.25,06:15:00,18:07:00
14617,1475811924,10/6/2016 12:00:00 AM,17:45:24,23.86,54.0,30.43,101.0,251.33,1.12,06:15:00,18:07:00
14618,1475811620,10/6/2016 12:00:00 AM,17:40:20,27.2,54.0,30.43,101.0,332.86,2.25,06:15:00,18:07:00
14619,1475811319,10/6/2016 12:00:00 AM,17:35:19,63.57,54.0,30.43,101.0,332.96,3.37,06:15:00,18:07:00
14620,1475811018,10/6/2016 12:00:00 AM,17:30:18,32.2,54.0,30.43,101.0,317.92,2.25,06:15:00,18:07:00
14621,1475810725,10/6/2016 12:00:00 AM,17:25:25,67.6,54.0,30.43,101.0,317.92,3.37,06:15:00,18:07:00
14622,1475810419,10/6/2016 12:00:00 AM,17:20:19,66.27,51.16507236474315,30.43,101.0,317.95,4.5,06:15:00,18:07:00
14623,1475810120,10/6/2016 12:00:00 AM,17:15:20,47.17,54.0,30.43,101.0,336.52,3.37,06:15:00,18:07:00
14624,1475809824,10/6/2016 12:00:00 AM,17:10:24,42.79,54.0,30.43,101.0,350.21,3.37,06:15:00,18:07:00
14625,1475809524,10/6/2016 12:00:00 AM,17:05:24,88.44,54.0,30.43,101.0,348.77,3.37,06:15:00,18:07:00
14626,1475809224,10/6/2016 12:00:00 AM,17:00:24,79.4,54.0,30.423028000868246,101.0,359.93,1.12,06:15:00,18:07:00
14627,1475808922,10/6/2016 12:00:00 AM,16:55:22,35.97,51.16507236474315,30.43,74.83719267708949,309.64,3.37,06:15:00,18:07:00
14628,1475808621,10/6/2016 12:00:00 AM,16:50:21,97.42,54.0,30.43,101.0,256.56,3.37,06:15:00,18:07:00
14629,1475808323,10/6/2016 12:00:00 AM,16:45:23,129.99,54.0,30.43,101.0,340.22,3.37,06:15:00,18:07:00
14630,1475808025,10/6/2016 12:00:00 AM,16:40:25,60.14,54.0,30.43,101.0,353.09,3.37,06:15:00,18:07:00
14631,1475807723,10/6/2016 12:00:00 AM,16:35:23,32.01,53.0,30.43,101.0,45.76,3.37,06:15:00,18:07:00
14632,1475807422,10/6/2016 12:00:00 AM,16:30:22,36.8,54.0,30.42,101.0,14.12,3.37,06:15:00,18:07:00
14633,1475807122,10/6/2016 12:00:00 AM,16:25:22,32.03,54.0,30.42,101.0,164.8,1.12,06:15:00,18:07:00
14634,1475806823,10/6/2016 12:00:00 AM,16:20:23,28.11,54.0,30.42,101.0,1.27,5.62,06:15:00,18:07:00
14635,1475806521,10/6/2016 12:00:00 AM,16:15:21,26.23,54.0,30.42,101.0,11.27,2.25,06:15:00,18:07:00
14636,1475806223,10/6/2016 12:00:00 AM,16:10:23,82.63,54.0,30.42,101.0,21.89,0.0,06:15:00,18:07:00
14637,1475805928,10/6/2016 12:00:00 AM,16:05:28,59.76,54.0,30.42,100.0,32.44,2.25,06:15:00,18:07:00
14638,1475805619,10/6/2016 12:00:00 AM,16:00:19,51.22,54.0,30.42,100.0,0.1,2.25,06:15:00,18:07:00
14639,1475805322,10/6/2016 12:00:00 AM,15:55:22,69.86,54.0,30.42,100.0,24.32,2.25,06:15:00,18:07:00
14640,1475805020,10/6/2016 12:00:00 AM,15:50:20,71.44,54.0,30.42,100.0,359.9,3.37,06:15:00,18:07:00
14641,1475804719,10/6/2016 12:00:00 AM,15:45:19,118.05,54.0,30.42,100.0,7.35,1.12,06:15:00,18:07:00
14642,1475804419,10/6/2016 12:00:00 AM,15:40:19,56.77,54.0,30.42,100.0,0.1,3.37,06:15:00,18:07:00
14643,1475804122,10/6/2016 12:00:00 AM,15:35:22,60.61,54.0,30.42,100.0,17.96,3.37,06:15:00,18:07:00
14644,1475803822,10/6/2016 12:00:00 AM,15:30:22,85.19,54.0,30.42,99.0,30.25,3.37,06:15:00,18:07:00
14645,1475803528,10/6/2016 12:00:00 AM,15:25:28,47.62,55.0,30.42,99.0,13.99,5.62,06:15:00,18:07:00
14646,1475803220,10/6/2016 12:00:00 AM,15:20:20,85.52,55.0,30.42,99.0,11.16,3.37,06:15:00,18:07:00
14647,1475802919,10/6/2016 12:00:00 AM,15:15:19,50.76,55.0,30.43,99.0,52.5,2.25,06:15:00,18:07:00
14648,1475802619,10/6/2016 12:00:00 AM,15:10:19,53.18,55.0,30.43,98.0,7.62,3.37,06:15:00,18:07:00
14649,1475802320,10/6/2016 12:00:00 AM,15:05:20,24.29,55.0,30.43,98.0,95.1,2.25,06:15:00,18:07:00
14650,1475802026,10/6/2016 12:00:00 AM,15:00:26,29.76,51.16507236474315,30.43,98.0,31.03,3.37,06:15:00,18:07:00
14651,1475801725,10/6/2016 12:00:00 AM,14:55:25,59.04,56.0,30.43,98.0,42.72,4.5,06:15:00,18:07:00
14652,1475801423,10/6/2016 12:00:00 AM,14:50:23,121.48,56.0,30.43,97.0,34.95,4.5,06:15:00,18:07:00
14653,1475801123,10/6/2016 12:00:00 AM,14:45:23,80.47,56.0,30.43,97.0,22.02,4.5,06:15:00,18:07:00
14654,1475800818,10/6/2016 12:00:00 AM,14:40:18,44.85,56.0,30.43,96.0,44.36,5.62,06:15:00,18:07:00
14655,1475800519,10/6/2016 12:00:00 AM,14:35:19,58.16,56.0,30.43,96.0,8.94,5.62,06:15:00,18:07:00
14656,1475800222,10/6/2016 12:00:00 AM,14:30:22,51.92,56.0,30.43,96.0,8.69,3.37,06:15:00,18:07:00
14657,1475799926,10/6/2016 12:00:00 AM,14:25:26,61.81,57.0,30.43,96.0,0.94,3.37,06:15:00,18:07:00
14658,1475799622,10/6/2016 12:00:00 AM,14:20:22,151.43,57.0,30.43,96.0,353.48,5.62,06:15:00,18:07:00
14659,1475799326,10/6/2016 12:00:00 AM,14:15:26,275.79,57.0,30.43,96.0,336.49,3.37,06:15:00,18:07:00
14660,1475799026,10/6/2016 12:00:00 AM,14:10:26,415.21,57.0,30.43,96.0,75.22,5.62,06:15:00,18:07:00
14661,1475798724,10/6/2016 12:00:00 AM,14:05:24,305.77,57.0,30.43,97.0,358.67,4.5,06:15:00,18:07:00
14662,1475798421,10/6/2016 12:00:00 AM,14:00:21,222.47,57.0,30.43,97.0,324.52,3.37,06:15:00,18:07:00
14663,1475798120,10/6/2016 12:00:00 AM,13:55:20,302.64,57.0,30.43,96.0,359.83,3.37,06:15:00,18:07:00
14664,1475797819,10/6/2016 12:00:00 AM,13:50:19,193.94,58.0,30.43,96.0,9.54,7.87,06:15:00,18:07:00
14665,1475797521,10/6/2016 12:00:00 AM,13:45:21,337.82,58.0,30.44,94.0,312.99,7.87,06:15:00,18:07:00
14666,1475797219,10/6/2016 12:00:00 AM,13:40:19,182.2,58.0,30.44,96.0,336.49,5.62,06:15:00,18:07:00
14667,1475796918,10/6/2016 12:00:00 AM,13:35:18,353.18,58.0,30.44,95.0,343.55,6.75,06:15:00,18:07:00
14668,1475796621,10/6/2016 12:00:00 AM,13:30:21,191.61,59.0,30.44,95.0,7.32,6.75,06:15:00,18:07:00
14669,1475796324,10/6/2016 12:00:00 AM,13:25:24,167.32,59.0,30.44,93.0,332.37,5.62,06:15:00,18:07:00
14670,1475796023,10/6/2016 12:00:00 AM,13:20:23,262.13,60.0,30.44,91.0,354.89,2.25,06:15:00,18:07:00
14671,1475795724,10/6/2016 12:00:00 AM,13:15:24,517.26,60.0,30.44,88.0,331.97,9.0,06:15:00,18:07:00
14672,1475795427,10/6/2016 12:00:00 AM,13:10:27,1149.9,59.0,30.45,74.83719267708949,335.84,10.12,06:15:00,18:07:00
14673,1475795120,10/6/2016 12:00:00 AM,13:05:20,309.94,59.0,30.45,88.0,327.09,6.75,06:15:00,18:07:00
14674,1475794838,10/6/2016 12:00:00 AM,13:00:38,254.53,59.0,30.45,90.0,313.3,7.87,06:15:00,18:07:00
14675,1475794523,10/6/2016 12:00:00 AM,12:55:23,295.59,59.0,30.45,90.0,308.14,6.75,06:15:00,18:07:00
14676,1475794249,10/6/2016 12:00:00 AM,12:50:49,263.77,58.0,30.45,74.83719267708949,349.25,6.75,06:15:00,18:07:00
14677,1475793923,10/6/2016 12:00:00 AM,12:45:23,140.13,58.0,30.46,91.0,346.32,5.62,06:15:00,18:07:00
14678,1475793622,10/6/2016 12:00:00 AM,12:40:22,197.1,58.0,30.46,90.0,352.42,6.75,06:15:00,18:07:00
14679,1475793323,10/6/2016 12:00:00 AM,12:35:23,253.74,58.0,30.46,89.0,3.76,7.87,06:15:00,18:07:00
14680,1475793019,10/6/2016 12:00:00 AM,12:30:19,185.05,59.0,30.46,90.0,336.48,9.0,06:15:00,18:07:00
14681,1475792740,10/6/2016 12:00:00 AM,12:25:40,229.52,59.0,30.46,91.0,333.24,9.0,06:15:00,18:07:00
14682,1475792420,10/6/2016 12:00:00 AM,12:20:20,253.57,59.0,30.46,90.0,333.68,0.0,06:15:00,18:07:00
14683,1475792120,10/6/2016 12:00:00 AM,12:15:20,280.39,59.0,30.46,89.0,306.82,12.37,06:15:00,18:07:00
14684,1475791822,10/6/2016 12:00:00 AM,12:10:22,372.69,60.0,30.47,88.0,308.42,7.87,06:15:00,18:07:00
14685,1475791532,10/6/2016 12:00:00 AM,12:05:32,360.02,60.0,30.47,87.0,316.29,7.87,06:15:00,18:07:00
14686,1475791225,10/6/2016 12:00:00 AM,12:00:25,437.37,60.0,30.47,87.0,332.55,7.87,06:15:00,18:07:00
14687,1475790937,10/6/2016 12:00:00 AM,11:55:37,783.19,59.0,30.47,80.0,308.62,7.87,06:15:00,18:07:00
14688,1475790620,10/6/2016 12:00:00 AM,11:50:20,574.06,59.0,30.47,89.0,351.34,7.87,06:15:00,18:07:00
14689,1475790339,10/6/2016 12:00:00 AM,11:45:39,321.21,58.0,30.47,91.0,346.13,6.75,06:15:00,18:07:00
14690,1475790024,10/6/2016 12:00:00 AM,11:40:24,673.26,58.0,30.47,91.0,359.92,6.75,06:15:00,18:07:00
14691,1475789718,10/6/2016 12:00:00 AM,11:35:18,388.34,58.0,30.48,91.0,0.1,1.12,06:15:00,18:07:00
14692,1475789420,10/6/2016 12:00:00 AM,11:30:20,233.95,58.0,30.48,92.0,16.81,5.62,06:15:00,18:07:00
14693,1475789124,10/6/2016 12:00:00 AM,11:25:24,201.46,59.0,30.48,91.0,22.04,9.0,06:15:00,18:07:00
14694,1475788819,10/6/2016 12:00:00 AM,11:20:19,299.96,59.0,30.48,89.0,359.92,7.87,06:15:00,18:07:00
14695,1475788519,10/6/2016 12:00:00 AM,11:15:19,545.74,58.0,30.48,84.0,297.55,4.5,06:15:00,18:07:00
14696,1475788224,10/6/2016 12:00:00 AM,11:10:24,192.55,59.0,30.48,89.0,355.46,5.62,06:15:00,18:07:00
14697,1475787924,10/6/2016 12:00:00 AM,11:05:24,298.65,59.0,30.48,88.0,359.92,5.62,06:15:00,18:07:00
14698,1475787622,10/6/2016 12:00:00 AM,11:00:22,364.94,59.0,30.48,88.0,312.77,9.0,06:15:00,18:07:00
14699,1475787321,10/6/2016 12:00:00 AM,10:55:21,1157.59,58.0,30.48,89.0,331.36,4.5,06:15:00,18:07:00
14700,1475787022,10/6/2016 12:00:00 AM,10:50:22,805.19,58.0,30.48,91.0,308.25,3.37,06:15:00,18:07:00
14701,1475786721,10/6/2016 12:00:00 AM,10:45:21,1104.34,58.0,30.49,91.0,334.48,4.5,06:15:00,18:07:00
14702,1475786426,10/6/2016 12:00:00 AM,10:40:26,269.34,58.0,30.49,93.0,1.1,5.62,06:15:00,18:07:00
14703,1475786121,10/6/2016 12:00:00 AM,10:35:21,899.52,58.0,30.49,89.0,2.27,2.25,06:15:00,18:07:00
14704,1475785823,10/6/2016 12:00:00 AM,10:30:23,339.48,59.0,30.49,93.0,336.63,5.62,06:15:00,18:07:00
14705,1475785520,10/6/2016 12:00:00 AM,10:25:20,887.43,58.0,30.49,90.0,143.54770303349548,5.62,06:15:00,18:07:00
14706,1475785223,10/6/2016 12:00:00 AM,10:20:23,821.55,59.0,30.49,92.0,359.92,6.75,06:15:00,18:07:00
14707,1475784928,10/6/2016 12:00:00 AM,10:15:28,948.85,59.0,30.49,90.0,334.16,5.62,06:15:00,18:07:00
14708,1475784622,10/6/2016 12:00:00 AM,10:10:22,827.3,58.0,30.49,86.0,341.48,4.5,06:15:00,18:07:00
14709,1475784328,10/6/2016 12:00:00 AM,10:05:28,893.56,58.0,30.49,88.0,350.31,4.5,06:15:00,18:07:00
14710,1475784024,10/6/2016 12:00:00 AM,10:00:24,862.05,58.0,30.49,90.0,359.92,3.37,06:15:00,18:07:00
14711,1475783722,10/6/2016 12:00:00 AM,09:55:22,443.59,58.0,30.49,87.0,0.38,2.25,06:15:00,18:07:00
14712,1475783424,10/6/2016 12:00:00 AM,09:50:24,850.61,58.0,30.49,85.0,328.14,2.25,06:15:00,18:07:00
14713,1475783120,10/6/2016 12:00:00 AM,09:45:20,694.26,58.0,30.49,86.0,0.14,3.37,06:15:00,18:07:00
14714,1475782820,10/6/2016 12:00:00 AM,09:40:20,697.16,57.0,30.49,86.0,346.94,0.0,06:15:00,18:07:00
14715,1475782524,10/6/2016 12:00:00 AM,09:35:24,441.94,57.0,30.49,90.0,21.36,1.12,06:15:00,18:07:00
14716,1475782225,10/6/2016 12:00:00 AM,09:30:25,825.78,57.0,30.49,89.0,0.11,2.25,06:15:00,18:07:00
14717,1475781927,10/6/2016 12:00:00 AM,09:25:27,726.76,56.0,30.49,86.0,18.01,1.12,06:15:00,18:07:00
14718,1475781627,10/6/2016 12:00:00 AM,09:20:27,631.92,56.0,30.49,90.0,18.02,2.25,06:15:00,18:07:00
14719,1475781318,10/6/2016 12:00:00 AM,09:15:18,589.75,56.0,30.49,90.0,17.69,2.25,06:15:00,18:07:00
14720,1475781024,10/6/2016 12:00:00 AM,09:10:24,464.95,56.0,30.49,89.0,0.11,2.25,06:15:00,18:07:00
14721,1475780722,10/6/2016 12:00:00 AM,09:05:22,565.67,56.0,30.49,79.0,14.34,1.12,06:15:00,18:07:00
14722,1475780420,10/6/2016 12:00:00 AM,09:00:20,585.77,56.0,30.49,78.0,359.92,1.12,06:15:00,18:07:00
14723,1475780124,10/6/2016 12:00:00 AM,08:55:24,471.57,56.0,30.49,77.0,2.13,3.37,06:15:00,18:07:00
14724,1475779823,10/6/2016 12:00:00 AM,08:50:23,400.39,56.0,30.49,76.0,2.14,1.12,06:15:00,18:07:00
14725,1475779520,10/6/2016 12:00:00 AM,08:45:20,424.99,56.0,30.48,83.0,2.76,0.0,06:15:00,18:07:00
14726,1475779225,10/6/2016 12:00:00 AM,08:40:25,356.2,56.0,30.48,76.0,86.43,1.12,06:15:00,18:07:00
14727,1475778919,10/6/2016 12:00:00 AM,08:35:19,339.2,55.0,30.48,76.0,86.52,1.12,06:15:00,18:07:00
14728,1475778620,10/6/2016 12:00:00 AM,08:30:20,459.83,54.0,30.48,83.0,177.65,0.0,06:15:00,18:07:00
14729,1475778321,10/6/2016 12:00:00 AM,08:25:21,330.83,54.0,30.48,89.0,177.65,2.25,06:15:00,18:07:00
14730,1475778021,10/6/2016 12:00:00 AM,08:20:21,292.07,53.0,30.48,89.0,177.62,2.25,06:15:00,18:07:00
14731,1475777724,10/6/2016 12:00:00 AM,08:15:24,276.03,53.0,30.48,90.0,177.62,2.25,06:15:00,18:07:00
14732,1475777423,10/6/2016 12:00:00 AM,08:10:23,231.05,52.0,30.48,91.0,178.55,3.37,06:15:00,18:07:00
14733,1475777128,10/6/2016 12:00:00 AM,08:05:28,230.73,52.0,30.48,90.0,178.54,3.37,06:15:00,18:07:00
14734,1475776824,10/6/2016 12:00:00 AM,08:00:24,210.75,51.0,30.48,91.0,178.54,2.25,06:15:00,18:07:00
14735,1475776521,10/6/2016 12:00:00 AM,07:55:21,174.15,51.0,30.47,91.0,178.55,2.25,06:15:00,18:07:00
14736,1475776220,10/6/2016 12:00:00 AM,07:50:20,156.05,51.0,30.47,90.0,178.54,2.25,06:15:00,18:07:00
14737,1475775921,10/6/2016 12:00:00 AM,07:45:21,149.84,50.0,30.47,90.0,178.55,2.25,06:15:00,18:07:00
14738,1475775620,10/6/2016 12:00:00 AM,07:40:20,163.77,50.0,30.47,92.0,178.54,3.37,06:15:00,18:07:00
14739,1475775319,10/6/2016 12:00:00 AM,07:35:19,157.85,50.0,30.47,92.0,174.21,3.37,06:15:00,18:07:00
14740,1475775028,10/6/2016 12:00:00 AM,07:30:28,153.73,49.0,30.47,92.0,174.21,2.25,06:15:00,18:07:00
14741,1475774721,10/6/2016 12:00:00 AM,07:25:21,157.1,49.0,30.47,93.0,172.81,3.37,06:15:00,18:07:00
14742,1475774421,10/6/2016 12:00:00 AM,07:20:21,146.67,48.0,30.46,93.0,172.81,3.37,06:15:00,18:07:00
14743,1475774124,10/6/2016 12:00:00 AM,07:15:24,134.36,48.0,30.47,92.0,172.8,2.25,06:15:00,18:07:00
14744,1475773825,10/6/2016 12:00:00 AM,07:10:25,116.68,48.0,30.47,91.0,173.88,4.5,06:15:00,18:07:00
14745,1475773535,10/6/2016 12:00:00 AM,07:05:35,112.14,47.0,30.46,90.0,176.72,3.37,06:15:00,18:07:00
14746,1475773221,10/6/2016 12:00:00 AM,07:00:21,107.1,47.0,30.46,91.0,178.35,4.5,06:15:00,18:07:00
14747,1475772922,10/6/2016 12:00:00 AM,06:55:22,91.83,47.0,30.46,91.0,179.52,4.5,06:15:00,18:07:00
14748,1475772623,10/6/2016 12:00:00 AM,06:50:23,74.69,47.0,30.46,91.0,179.52,5.62,06:15:00,18:07:00
14749,1475772325,10/6/2016 12:00:00 AM,06:45:25,63.71,47.0,30.46,90.0,175.89,3.37,06:15:00,18:07:00
14750,1475772024,10/6/2016 12:00:00 AM,06:40:24,54.51,46.0,30.46,89.0,180.44,5.62,06:15:00,18:07:00
14751,1475771723,10/6/2016 12:00:00 AM,06:35:23,45.68,46.0,30.46,89.0,184.85,6.75,06:15:00,18:07:00
14752,1475771419,10/6/2016 12:00:00 AM,06:30:19,34.55,46.0,30.45,90.0,177.15,5.62,06:15:00,18:07:00
14753,1475771119,10/6/2016 12:00:00 AM,06:25:19,24.08,46.0,30.45,91.0,179.68,6.75,06:15:00,18:07:00
14754,1475770818,10/6/2016 12:00:00 AM,06:20:18,15.86,46.0,30.45,91.0,189.42,6.75,06:15:00,18:07:00
14755,1475770522,10/6/2016 12:00:00 AM,06:15:22,10.12,46.0,30.45,91.0,179.35,5.62,06:15:00,18:07:00
14756,1475770223,10/6/2016 12:00:00 AM,06:10:23,2.67,46.0,30.45,91.0,172.65,5.62,06:15:00,18:07:00
14757,1475769920,10/6/2016 12:00:00 AM,06:05:20,1.58,46.0,30.45,92.0,162.23,4.5,06:15:00,18:07:00
14758,1475769618,10/6/2016 12:00:00 AM,06:00:18,1.22,47.0,30.45,92.0,161.93,3.37,06:15:00,18:07:00
14759,1475769320,10/6/2016 12:00:00 AM,05:55:20,1.22,47.0,30.45,92.0,160.97,3.37,06:15:00,18:07:00
14760,1475769028,10/6/2016 12:00:00 AM,05:50:28,1.22,47.0,30.45,93.0,161.45,1.12,06:15:00,18:07:00
14761,1475768723,10/6/2016 12:00:00 AM,05:45:23,1.18,47.0,30.45,94.0,161.45,1.12,06:15:00,18:07:00
14762,1475768422,10/6/2016 12:00:00 AM,05:40:22,1.2,47.0,30.45,91.0,161.45,1.12,06:15:00,18:07:00
14763,1475768124,10/6/2016 12:00:00 AM,05:35:24,1.23,47.0,30.44,92.0,161.46,1.12,06:15:00,18:07:00
14764,1475767821,10/6/2016 12:00:00 AM,05:30:21,1.23,47.0,30.44,91.0,167.84,3.37,06:15:00,18:07:00
14765,1475767524,10/6/2016 12:00:00 AM,05:25:24,1.23,47.0,30.44,90.0,168.34,4.5,06:15:00,18:07:00
14766,1475767220,10/6/2016 12:00:00 AM,05:20:20,1.23,47.0,30.44,91.0,166.77,3.37,06:15:00,18:07:00
14767,1475766926,10/6/2016 12:00:00 AM,05:15:26,1.19,47.0,30.44,90.0,166.76,1.12,06:15:00,18:07:00
14768,1475766622,10/6/2016 12:00:00 AM,05:10:22,1.21,47.0,30.44,90.0,166.76,1.12,06:15:00,18:07:00
14769,1475766321,10/6/2016 12:00:00 AM,05:05:21,1.21,47.0,30.44,90.0,166.76,1.12,06:15:00,18:07:00
14770,1475766019,10/6/2016 12:00:00 AM,05:00:19,1.24,47.0,30.44,91.0,168.27,3.37,06:15:00,18:07:00
14771,1475765723,10/6/2016 12:00:00 AM,04:55:23,1.22,47.0,30.44,91.0,177.89,4.5,06:15:00,18:07:00
14772,1475765423,10/6/2016 12:00:00 AM,04:50:23,1.17,47.0,30.44,91.0,180.17,5.62,06:15:00,18:07:00
14773,1475765123,10/6/2016 12:00:00 AM,04:45:23,1.22,48.0,30.44,91.0,182.87,5.62,06:15:00,18:07:00
14774,1475764820,10/6/2016 12:00:00 AM,04:40:20,1.25,48.0,30.44,91.0,190.65,3.37,06:15:00,18:07:00
14775,1475764522,10/6/2016 12:00:00 AM,04:35:22,1.22,48.0,30.43,91.0,191.08,3.37,06:15:00,18:07:00
14776,1475764225,10/6/2016 12:00:00 AM,04:30:25,1.27,48.0,30.43,91.0,191.68,4.5,06:15:00,18:07:00
14777,1475763921,10/6/2016 12:00:00 AM,04:25:21,1.2,48.0,30.43,91.0,179.14,3.37,06:15:00,18:07:00
14778,1475763625,10/6/2016 12:00:00 AM,04:20:25,1.23,48.0,30.43,91.0,178.38,3.37,06:15:00,18:07:00
14779,1475763325,10/6/2016 12:00:00 AM,04:15:25,1.23,48.0,30.43,92.0,174.5,6.75,06:15:00,18:07:00
14780,1475763022,10/6/2016 12:00:00 AM,04:10:22,1.24,48.0,30.43,92.0,177.16,7.87,06:15:00,18:07:00
14781,1475762719,10/6/2016 12:00:00 AM,04:05:19,1.25,48.0,30.43,94.0,182.1,9.0,06:15:00,18:07:00
14782,1475762424,10/6/2016 12:00:00 AM,04:00:24,1.24,48.0,30.43,95.0,190.25,9.0,06:15:00,18:07:00
14783,1475762124,10/6/2016 12:00:00 AM,03:55:24,1.24,48.0,30.43,96.0,199.11,5.62,06:15:00,18:07:00
14784,1475761824,10/6/2016 12:00:00 AM,03:50:24,1.22,48.0,30.43,96.0,194.59,6.75,06:15:00,18:07:00
14785,1475761528,10/6/2016 12:00:00 AM,03:45:28,1.2,48.0,30.43,96.0,194.11,7.87,06:15:00,18:07:00
14786,1475761224,10/6/2016 12:00:00 AM,03:40:24,1.27,47.0,30.43,95.0,194.87,6.75,06:15:00,18:07:00
14787,1475760923,10/6/2016 12:00:00 AM,03:35:23,1.24,47.0,30.43,93.0,209.43,5.62,06:15:00,18:07:00
14788,1475760620,10/6/2016 12:00:00 AM,03:30:20,1.21,47.0,30.43,92.0,216.07,5.62,06:15:00,18:07:00
14789,1475760326,10/6/2016 12:00:00 AM,03:25:26,1.22,48.0,30.43,91.0,200.97,5.62,06:15:00,18:07:00
14790,1475760022,10/6/2016 12:00:00 AM,03:20:22,1.25,48.0,30.43,90.0,203.5,6.75,06:15:00,18:07:00
14791,1475759723,10/6/2016 12:00:00 AM,03:15:23,1.19,48.0,30.43,91.0,190.76,4.5,06:15:00,18:07:00
14792,1475759427,10/6/2016 12:00:00 AM,03:10:27,1.24,48.0,30.43,90.0,187.35,4.5,06:15:00,18:07:00
14793,1475759120,10/6/2016 12:00:00 AM,03:05:20,1.25,48.0,30.43,91.0,181.09,5.62,06:15:00,18:07:00
14794,1475758820,10/6/2016 12:00:00 AM,03:00:20,1.25,48.0,30.43,91.0,178.14,5.62,06:15:00,18:07:00
14795,1475758520,10/6/2016 12:00:00 AM,02:55:20,1.25,48.0,30.43,90.0,181.39,6.75,06:15:00,18:07:00
14796,1475758222,10/6/2016 12:00:00 AM,02:50:22,1.22,48.0,30.43,91.0,178.43,6.75,06:15:00,18:07:00
14797,1475757919,10/6/2016 12:00:00 AM,02:45:19,1.23,49.0,30.43,91.0,186.97,7.87,06:15:00,18:07:00
14798,1475757620,10/6/2016 12:00:00 AM,02:40:20,1.23,49.0,30.43,93.0,192.24,6.75,06:15:00,18:07:00
14799,1475757325,10/6/2016 12:00:00 AM,02:35:25,1.24,49.0,30.43,74.83719267708949,195.69,6.75,06:15:00,18:07:00
14800,1475757021,10/6/2016 12:00:00 AM,02:30:21,1.24,49.0,30.43,93.0,204.06,5.62,06:15:00,18:07:00
14801,1475756722,10/6/2016 12:00:00 AM,02:25:22,1.23,49.0,30.44,94.0,199.79,5.62,06:15:00,18:07:00
14802,1475756420,10/6/2016 12:00:00 AM,02:20:20,1.22,49.0,30.44,95.0,201.48,6.75,06:15:00,18:07:00
14803,1475756118,10/6/2016 12:00:00 AM,02:15:18,1.23,49.0,30.44,95.0,202.34,5.62,06:15:00,18:07:00
14804,1475755819,10/6/2016 12:00:00 AM,02:10:19,1.23,48.0,30.44,96.0,202.35,4.5,06:15:00,18:07:00
14805,1475755522,10/6/2016 12:00:00 AM,02:05:22,1.22,48.0,30.44,96.0,202.03,4.5,06:15:00,18:07:00
14806,1475755224,10/6/2016 12:00:00 AM,02:00:24,1.22,48.0,30.44,96.0,199.2,5.62,06:15:00,18:07:00
14807,1475754921,10/6/2016 12:00:00 AM,01:55:21,1.23,48.0,30.44,96.0,208.39,4.5,06:15:00,18:07:00
14808,1475754621,10/6/2016 12:00:00 AM,01:50:21,1.26,48.0,30.44,96.0,218.66,3.37,06:15:00,18:07:00
14809,1475754321,10/6/2016 12:00:00 AM,01:45:21,1.24,48.0,30.44,96.0,215.21,3.37,06:15:00,18:07:00
14810,1475754020,10/6/2016 12:00:00 AM,01:40:20,1.2,48.0,30.44,96.0,220.81,4.5,06:15:00,18:07:00
14811,1475753721,10/6/2016 12:00:00 AM,01:35:21,1.22,48.0,30.45,96.0,212.34,5.62,06:15:00,18:07:00
14812,1475753425,10/6/2016 12:00:00 AM,01:30:25,1.22,48.0,30.45,96.0,201.52,6.75,06:15:00,18:07:00
14813,1475753121,10/6/2016 12:00:00 AM,01:25:21,1.21,48.0,30.45,95.0,208.97,4.5,06:15:00,18:07:00
14814,1475752827,10/6/2016 12:00:00 AM,01:20:27,1.24,48.0,30.45,95.0,203.0,6.75,06:15:00,18:07:00
14815,1475752524,10/6/2016 12:00:00 AM,01:15:24,1.22,49.0,30.45,95.0,195.62,6.75,06:15:00,18:07:00
14816,1475752225,10/6/2016 12:00:00 AM,01:10:25,1.24,49.0,30.46,94.0,212.55,3.37,06:15:00,18:07:00
14817,1475751924,10/6/2016 12:00:00 AM,01:05:24,1.2,49.0,30.46,95.0,212.54,3.37,06:15:00,18:07:00
14818,1475751618,10/6/2016 12:00:00 AM,01:00:18,1.24,50.0,30.46,95.0,212.54,2.25,06:15:00,18:07:00
14819,1475751324,10/6/2016 12:00:00 AM,00:55:24,1.22,50.0,30.46,94.0,212.54,3.37,06:15:00,18:07:00
14820,1475751024,10/6/2016 12:00:00 AM,00:50:24,1.23,50.0,30.46,93.0,212.3,1.12,06:15:00,18:07:00
14821,1475750722,10/6/2016 12:00:00 AM,00:45:22,1.25,50.0,30.46,92.0,214.18,4.5,06:15:00,18:07:00
14822,1475750426,10/6/2016 12:00:00 AM,00:40:26,1.21,51.0,30.46,92.0,230.58,3.37,06:15:00,18:07:00
14823,1475750124,10/6/2016 12:00:00 AM,00:35:24,1.23,51.0,30.46,93.0,259.54,2.25,06:15:00,18:07:00
14824,1475749827,10/6/2016 12:00:00 AM,00:30:27,1.24,51.0,30.47,94.0,266.65,2.25,06:15:00,18:07:00
14825,1475749520,10/6/2016 12:00:00 AM,00:25:20,1.22,50.0,30.47,95.0,275.8,4.5,06:15:00,18:07:00
14826,1475748020,10/6/2016 12:00:00 AM,00:00:20,1.23,50.0,30.47,93.0,193.49,5.62,06:15:00,18:07:00
14827,1475747720,10/5/2016 12:00:00 AM,23:55:20,1.23,50.0,30.47,91.0,193.07,3.37,06:14:00,18:08:00
14828,1475747422,10/5/2016 12:00:00 AM,23:50:22,1.22,50.0,30.47,90.0,186.2,4.5,06:14:00,18:08:00
14829,1475747118,10/5/2016 12:00:00 AM,23:45:18,1.22,50.0,30.47,90.0,179.82,3.37,06:14:00,18:08:00
14830,1475746821,10/5/2016 12:00:00 AM,23:40:21,1.24,51.0,30.47,90.0,135.02,3.37,06:14:00,18:08:00
14831,1475746520,10/5/2016 12:00:00 AM,23:35:20,1.23,51.0,30.47,89.0,143.98,6.75,06:14:00,18:08:00
14832,1475746218,10/5/2016 12:00:00 AM,23:30:18,1.24,51.0,30.47,88.0,88.83,1.12,06:14:00,18:08:00
14833,1475745920,10/5/2016 12:00:00 AM,23:25:20,1.24,51.0,30.47,87.0,78.11,3.37,06:14:00,18:08:00
14834,1475745620,10/5/2016 12:00:00 AM,23:20:20,1.25,51.0,30.47,91.0,12.93,1.12,06:14:00,18:08:00
14835,1475745326,10/5/2016 12:00:00 AM,23:15:26,1.23,51.0,30.47,90.0,160.92,4.5,06:14:00,18:08:00
14836,1475745021,10/5/2016 12:00:00 AM,23:10:21,1.26,51.0,30.47,90.0,165.87,5.62,06:14:00,18:08:00
14837,1475744726,10/5/2016 12:00:00 AM,23:05:26,1.25,51.0,30.47,89.0,174.82,7.87,06:14:00,18:08:00
14838,1475744420,10/5/2016 12:00:00 AM,23:00:20,1.25,51.0,30.47,89.0,157.41,5.62,06:14:00,18:08:00
14839,1475744125,10/5/2016 12:00:00 AM,22:55:25,1.23,51.0,30.47,90.0,143.07,6.75,06:14:00,18:08:00
14840,1475743823,10/5/2016 12:00:00 AM,22:50:23,1.24,51.0,30.47,90.0,164.6,7.87,06:14:00,18:08:00
14841,1475743520,10/5/2016 12:00:00 AM,22:45:20,1.27,51.0,30.47,91.0,145.18,7.87,06:14:00,18:08:00
14842,1475743221,10/5/2016 12:00:00 AM,22:40:21,1.24,51.0,30.47,91.0,183.67,6.75,06:14:00,18:08:00
14843,1475742924,10/5/2016 12:00:00 AM,22:35:24,1.24,51.0,30.47,92.0,152.89,6.75,06:14:00,18:08:00
14844,1475742620,10/5/2016 12:00:00 AM,22:30:20,1.25,51.0,30.48,92.0,164.15,4.5,06:14:00,18:08:00
14845,1475742323,10/5/2016 12:00:00 AM,22:25:23,1.26,51.0,30.48,93.0,156.99,6.75,06:14:00,18:08:00
14846,1475742028,10/5/2016 12:00:00 AM,22:20:28,1.25,51.0,30.48,93.0,159.54,7.87,06:14:00,18:08:00
14847,1475741723,10/5/2016 12:00:00 AM,22:15:23,1.24,51.0,30.48,93.0,162.56,5.62,06:14:00,18:08:00
14848,1475741419,10/5/2016 12:00:00 AM,22:10:19,1.24,50.0,30.48,94.0,163.79,5.62,06:14:00,18:08:00
14849,1475741118,10/5/2016 12:00:00 AM,22:05:18,1.27,50.0,30.48,95.0,175.82,3.37,06:14:00,18:08:00
14850,1475740824,10/5/2016 12:00:00 AM,22:00:24,1.23,50.0,30.48,95.0,170.49,5.62,06:14:00,18:08:00
14851,1475740527,10/5/2016 12:00:00 AM,21:55:27,1.23,50.0,30.48,97.0,148.31,5.62,06:14:00,18:08:00
14852,1475740223,10/5/2016 12:00:00 AM,21:50:23,1.24,50.0,30.49,98.0,146.42,4.5,06:14:00,18:08:00
14853,1475739919,10/5/2016 12:00:00 AM,21:45:19,1.23,51.0,30.49,99.0,140.21,5.62,06:14:00,18:08:00
14854,1475739623,10/5/2016 12:00:00 AM,21:40:23,1.22,51.0,30.49,99.0,136.08,7.87,06:14:00,18:08:00
14855,1475739319,10/5/2016 12:00:00 AM,21:35:19,1.21,51.0,30.49,98.0,185.56,3.37,06:14:00,18:08:00
14856,1475739020,10/5/2016 12:00:00 AM,21:30:20,1.24,51.0,30.49,98.0,114.55,4.5,06:14:00,18:08:00
14857,1475738722,10/5/2016 12:00:00 AM,21:25:22,1.28,51.0,30.49,97.0,84.75,1.12,06:14:00,18:08:00
14858,1475738421,10/5/2016 12:00:00 AM,21:20:21,1.24,51.0,30.49,97.0,80.43,1.12,06:14:00,18:08:00
14859,1475738119,10/5/2016 12:00:00 AM,21:15:19,1.24,51.0,30.49,96.0,139.96,4.5,06:14:00,18:08:00
14860,1475737819,10/5/2016 12:00:00 AM,21:10:19,1.25,51.0,30.48,95.0,159.89,4.5,06:14:00,18:08:00
14861,1475737520,10/5/2016 12:00:00 AM,21:05:20,1.25,51.0,30.49,96.0,153.66,3.37,06:14:00,18:08:00
14862,1475737227,10/5/2016 12:00:00 AM,21:00:27,1.29,52.0,30.49,95.0,80.21,1.12,06:14:00,18:08:00
14863,1475736923,10/5/2016 12:00:00 AM,20:55:23,1.31,52.0,30.49,95.0,47.1,1.12,06:14:00,18:08:00
14864,1475736623,10/5/2016 12:00:00 AM,20:50:23,1.28,52.0,30.48,95.0,82.92,1.12,06:14:00,18:08:00
14865,1475736323,10/5/2016 12:00:00 AM,20:45:23,1.27,51.0,30.48,95.0,84.2,3.37,06:14:00,18:08:00
14866,1475736022,10/5/2016 12:00:00 AM,20:40:22,1.24,51.0,30.48,95.0,114.78,2.25,06:14:00,18:08:00
14867,1475735722,10/5/2016 12:00:00 AM,20:35:22,1.26,51.0,30.48,95.0,122.97,2.25,06:14:00,18:08:00
14868,1475735420,10/5/2016 12:00:00 AM,20:30:20,1.24,51.0,30.48,96.0,124.38,2.25,06:14:00,18:08:00
14869,1475735122,10/5/2016 12:00:00 AM,20:25:22,1.26,51.0,30.48,96.0,163.76,1.12,06:14:00,18:08:00
14870,1475734821,10/5/2016 12:00:00 AM,20:20:21,1.24,51.0,30.48,97.0,151.12,3.37,06:14:00,18:08:00
14871,1475734521,10/5/2016 12:00:00 AM,20:15:21,1.25,51.0,30.48,98.0,169.58,4.5,06:14:00,18:08:00
14872,1475734223,10/5/2016 12:00:00 AM,20:10:23,1.26,51.0,30.48,99.0,159.91,3.37,06:14:00,18:08:00
14873,1475733918,10/5/2016 12:00:00 AM,20:05:18,1.19,51.0,30.48,100.0,161.34,3.37,06:14:00,18:08:00
14874,1475733621,10/5/2016 12:00:00 AM,20:00:21,1.22,52.0,30.47,100.0,161.52,4.5,06:14:00,18:08:00
14875,1475733323,10/5/2016 12:00:00 AM,19:55:23,1.27,52.0,30.47,100.0,139.44,3.37,06:14:00,18:08:00
14876,1475733022,10/5/2016 12:00:00 AM,19:50:22,1.25,52.0,30.47,100.0,148.01,5.62,06:14:00,18:08:00
14877,1475732722,10/5/2016 12:00:00 AM,19:45:22,1.23,52.0,30.47,100.0,104.72,1.12,06:14:00,18:08:00
14878,1475732424,10/5/2016 12:00:00 AM,19:40:24,1.23,52.0,30.47,100.0,81.39,5.62,06:14:00,18:08:00
14879,1475732121,10/5/2016 12:00:00 AM,19:35:21,1.24,51.16507236474315,30.47,99.0,93.81,4.5,06:14:00,18:08:00
14880,1475731825,10/5/2016 12:00:00 AM,19:30:25,1.22,52.0,30.47,99.0,135.57,1.12,06:14:00,18:08:00
14881,1475731520,10/5/2016 12:00:00 AM,19:25:20,1.23,52.0,30.47,99.0,133.87,0.0,06:14:00,18:08:00
14882,1475730922,10/5/2016 12:00:00 AM,19:15:22,1.21,52.0,30.46,99.0,152.85,2.25,06:14:00,18:08:00
14883,1475730621,10/5/2016 12:00:00 AM,19:10:21,1.24,52.0,30.46,99.0,157.02,3.37,06:14:00,18:08:00
14884,1475730323,10/5/2016 12:00:00 AM,19:05:23,1.23,52.0,30.46,99.0,154.12,2.25,06:14:00,18:08:00
14885,1475730020,10/5/2016 12:00:00 AM,19:00:20,1.26,53.0,30.46,99.0,109.39,2.25,06:14:00,18:08:00
14886,1475729720,10/5/2016 12:00:00 AM,18:55:20,1.25,52.0,30.46,98.0,179.51,2.25,06:14:00,18:08:00
14887,1475729423,10/5/2016 12:00:00 AM,18:50:23,1.22,53.0,30.46,98.0,180.02,3.37,06:14:00,18:08:00
14888,1475729120,10/5/2016 12:00:00 AM,18:45:20,1.24,53.0,30.46,99.0,118.97,2.25,06:14:00,18:08:00
14889,1475728819,10/5/2016 12:00:00 AM,18:40:19,1.23,54.0,30.46,98.0,106.9,1.12,06:14:00,18:08:00
14890,1475728523,10/5/2016 12:00:00 AM,18:35:23,1.23,54.0,30.46,98.0,149.05,1.12,06:14:00,18:08:00
14891,1475728223,10/5/2016 12:00:00 AM,18:30:23,1.25,54.0,30.46,97.0,105.63,2.25,06:14:00,18:08:00
14892,1475727921,10/5/2016 12:00:00 AM,18:25:21,1.22,54.0,30.46,97.0,71.68,0.0,06:14:00,18:08:00
14893,1475727623,10/5/2016 12:00:00 AM,18:20:23,1.25,54.0,30.46,97.0,66.92,2.25,06:14:00,18:08:00
14894,1475727320,10/5/2016 12:00:00 AM,18:15:20,1.68,54.0,30.46,98.0,150.4,1.12,06:14:00,18:08:00
14895,1475727021,10/5/2016 12:00:00 AM,18:10:21,3.88,54.0,30.45,99.0,150.42,1.12,06:14:00,18:08:00
14896,1475726724,10/5/2016 12:00:00 AM,18:05:24,13.37,54.0,30.45,99.0,168.36,3.37,06:14:00,18:08:00
14897,1475726425,10/5/2016 12:00:00 AM,18:00:25,15.02,55.0,30.45,100.0,162.84,1.12,06:14:00,18:08:00
14898,1475726123,10/5/2016 12:00:00 AM,17:55:23,23.16,55.0,30.45,100.0,110.86,3.37,06:14:00,18:08:00
14899,1475725820,10/5/2016 12:00:00 AM,17:50:20,31.49,55.0,30.45,99.0,119.83,3.37,06:14:00,18:08:00
14900,1475725519,10/5/2016 12:00:00 AM,17:45:19,52.42,55.0,30.45,99.0,54.48,4.5,06:14:00,18:08:00
14901,1475725218,10/5/2016 12:00:00 AM,17:40:18,58.96,56.0,30.45,98.0,40.31,1.12,06:14:00,18:08:00
14902,1475724919,10/5/2016 12:00:00 AM,17:35:19,60.66,55.0,30.45,95.0,29.44,3.37,06:14:00,18:08:00
14903,1475724622,10/5/2016 12:00:00 AM,17:30:22,74.65,56.0,30.44,99.0,33.45,2.25,06:14:00,18:08:00
14904,1475724320,10/5/2016 12:00:00 AM,17:25:20,83.23,56.0,30.44,100.0,46.92,2.25,06:14:00,18:08:00
14905,1475724024,10/5/2016 12:00:00 AM,17:20:24,96.75,56.0,30.44,100.0,98.38,3.37,06:14:00,18:08:00
14906,1475723721,10/5/2016 12:00:00 AM,17:15:21,127.9,56.0,30.44,100.0,80.96,1.12,06:14:00,18:08:00
14907,1475723123,10/5/2016 12:00:00 AM,17:05:23,195.72,57.0,30.45,102.0,156.31,2.25,06:14:00,18:08:00
14908,1475722819,10/5/2016 12:00:00 AM,17:00:19,216.31,56.0,30.44,102.0,156.21,0.0,06:14:00,18:08:00
14909,1475722523,10/5/2016 12:00:00 AM,16:55:23,190.92,55.0,30.44,102.0,156.47,3.37,06:14:00,18:08:00
14910,1475722227,10/5/2016 12:00:00 AM,16:50:27,242.69,55.0,30.44,102.0,84.82,2.25,06:14:00,18:08:00
14911,1475721920,10/5/2016 12:00:00 AM,16:45:20,320.35,55.0,30.44,102.0,53.41,2.25,06:14:00,18:08:00
14912,1475721621,10/5/2016 12:00:00 AM,16:40:21,332.81,55.0,30.44,102.0,29.31,4.5,06:14:00,18:08:00
14913,1475721325,10/5/2016 12:00:00 AM,16:35:25,164.8,54.0,30.44,102.0,85.44,2.25,06:14:00,18:08:00
14914,1475721019,10/5/2016 12:00:00 AM,16:30:19,111.32,54.0,30.44,102.0,33.0,2.25,06:14:00,18:08:00
14915,1475720724,10/5/2016 12:00:00 AM,16:25:24,111.52,55.0,30.44,102.0,33.48,4.5,06:14:00,18:08:00
14916,1475720420,10/5/2016 12:00:00 AM,16:20:20,103.47,55.0,30.44,102.0,13.37,4.5,06:14:00,18:08:00
14917,1475720118,10/5/2016 12:00:00 AM,16:15:18,130.61,55.0,30.44,102.0,16.06,2.25,06:14:00,18:08:00
14918,1475719819,10/5/2016 12:00:00 AM,16:10:19,184.22,55.0,30.44,102.0,51.61,1.12,06:14:00,18:08:00
14919,1475719520,10/5/2016 12:00:00 AM,16:05:20,182.95,54.0,30.44,102.0,51.61,0.0,06:14:00,18:08:00
14920,1475719219,10/5/2016 12:00:00 AM,16:00:19,177.35,54.0,30.44,102.0,51.62,1.12,06:14:00,18:08:00
14921,1475718919,10/5/2016 12:00:00 AM,15:55:19,124.61,54.0,30.44,102.0,52.25,3.37,06:14:00,18:08:00
14922,1475718623,10/5/2016 12:00:00 AM,15:50:23,183.27,55.0,30.44,102.0,28.19,1.12,06:14:00,18:08:00
14923,1475718320,10/5/2016 12:00:00 AM,15:45:20,149.18,55.0,30.44,102.0,19.86,5.62,06:14:00,18:08:00
14924,1475718023,10/5/2016 12:00:00 AM,15:40:23,162.59,55.0,30.43,102.0,40.18,4.5,06:14:00,18:08:00
14925,1475717721,10/5/2016 12:00:00 AM,15:35:21,173.5,55.0,30.43,102.0,38.4,2.25,06:14:00,18:08:00
14926,1475717420,10/5/2016 12:00:00 AM,15:30:20,180.16,55.0,30.43,101.0,33.76,2.25,06:14:00,18:08:00
14927,1475717121,10/5/2016 12:00:00 AM,15:25:21,191.6,55.0,30.43,101.0,62.67,4.5,06:14:00,18:08:00
14928,1475716822,10/5/2016 12:00:00 AM,15:20:22,190.97,55.0,30.43,101.0,20.89,3.37,06:14:00,18:08:00
14929,1475716522,10/5/2016 12:00:00 AM,15:15:22,223.55,55.0,30.43,101.0,2.76,2.25,06:14:00,18:08:00
14930,1475716220,10/5/2016 12:00:00 AM,15:10:20,194.85,55.0,30.43,101.0,40.02,3.37,06:14:00,18:08:00
14931,1475715624,10/5/2016 12:00:00 AM,15:00:24,191.03,55.0,30.43,101.0,19.21,3.37,06:14:00,18:08:00
14932,1475715319,10/5/2016 12:00:00 AM,14:55:19,200.7,55.0,30.43,101.0,44.79,3.37,06:14:00,18:08:00
14933,1475715020,10/5/2016 12:00:00 AM,14:50:20,163.48,55.0,30.43,101.0,22.49,2.25,06:14:00,18:08:00
14934,1475714722,10/5/2016 12:00:00 AM,14:45:22,98.04,55.0,30.43,101.0,27.58,1.12,06:14:00,18:08:00
14935,1475714421,10/5/2016 12:00:00 AM,14:40:21,99.73,51.16507236474315,30.43,101.0,17.37,6.75,06:14:00,18:08:00
14936,1475714120,10/5/2016 12:00:00 AM,14:35:20,137.02,55.0,30.43,100.0,65.95,1.12,06:14:00,18:08:00
14937,1475713820,10/5/2016 12:00:00 AM,14:30:20,131.79,55.0,30.43,100.0,36.96,6.75,06:14:00,18:08:00
14938,1475713518,10/5/2016 12:00:00 AM,14:25:18,195.36,56.0,30.43,100.0,3.76,5.62,06:14:00,18:08:00
14939,1475713220,10/5/2016 12:00:00 AM,14:20:20,214.81,56.0,30.43,100.0,28.63,6.75,06:14:00,18:08:00
14940,1475712919,10/5/2016 12:00:00 AM,14:15:19,353.98,56.0,30.43,100.0,14.2,4.5,06:14:00,18:08:00
14941,1475712624,10/5/2016 12:00:00 AM,14:10:24,191.17,56.0,30.43,100.0,24.57,2.25,06:14:00,18:08:00
14942,1475712319,10/5/2016 12:00:00 AM,14:05:19,113.7,56.0,30.43,99.0,21.85,5.62,06:14:00,18:08:00
14943,1475712021,10/5/2016 12:00:00 AM,14:00:21,234.49,57.0,30.43,100.0,41.84,4.5,06:14:00,18:08:00
14944,1475711718,10/5/2016 12:00:00 AM,13:55:18,361.53,57.0,30.43,100.0,37.32,7.87,06:14:00,18:08:00
14945,1475711424,10/5/2016 12:00:00 AM,13:50:24,253.68,57.0,30.43,100.0,25.71,4.5,06:14:00,18:08:00
14946,1475711126,10/5/2016 12:00:00 AM,13:45:26,655.34,57.0,30.43,101.0,47.68,6.75,06:14:00,18:08:00
14947,1475710821,10/5/2016 12:00:00 AM,13:40:21,1161.54,57.0,30.43,101.0,32.69,6.75,06:14:00,18:08:00
14948,1475710519,10/5/2016 12:00:00 AM,13:35:19,664.55,57.0,30.44,102.0,0.12,5.62,06:14:00,18:08:00
14949,1475710223,10/5/2016 12:00:00 AM,13:30:23,525.3,57.0,30.43,102.0,28.43,2.25,06:14:00,18:08:00
14950,1475709920,10/5/2016 12:00:00 AM,13:25:20,750.44,56.0,30.43,102.0,27.21,4.5,06:14:00,18:08:00
14951,1475709621,10/5/2016 12:00:00 AM,13:20:21,371.53,56.0,30.44,101.0,35.82,4.5,06:14:00,18:08:00
14952,1475709321,10/5/2016 12:00:00 AM,13:15:21,419.88,56.0,30.44,101.0,12.73,9.0,06:14:00,18:08:00
14953,1475709025,10/5/2016 12:00:00 AM,13:10:25,173.07,56.0,30.44,101.0,31.08,4.5,06:14:00,18:08:00
14954,1475708719,10/5/2016 12:00:00 AM,13:05:19,281.75,56.0,30.44,101.0,24.55,3.37,06:14:00,18:08:00
14955,1475708421,10/5/2016 12:00:00 AM,13:00:21,167.47,56.0,30.44,101.0,14.91,2.25,06:14:00,18:08:00
14956,1475708121,10/5/2016 12:00:00 AM,12:55:21,265.48,56.0,30.44,101.0,33.9,4.5,06:14:00,18:08:00
14957,1475707823,10/5/2016 12:00:00 AM,12:50:23,586.72,56.0,30.44,101.0,13.16,5.62,06:14:00,18:08:00
14958,1475707518,10/5/2016 12:00:00 AM,12:45:18,286.24,56.0,30.44,101.0,72.49,6.75,06:14:00,18:08:00
14959,1475707222,10/5/2016 12:00:00 AM,12:40:22,372.95,56.0,30.44,101.0,28.84,4.5,06:14:00,18:08:00
14960,1475706920,10/5/2016 12:00:00 AM,12:35:20,239.86,56.0,30.45,101.0,37.55,7.87,06:14:00,18:08:00
14961,1475706624,10/5/2016 12:00:00 AM,12:30:24,223.41,57.0,30.44,101.0,18.41,5.62,06:14:00,18:08:00
14962,1475706320,10/5/2016 12:00:00 AM,12:25:20,616.32,57.0,30.45,101.0,352.58,4.5,06:14:00,18:08:00
14963,1475706022,10/5/2016 12:00:00 AM,12:20:22,642.44,57.0,30.45,100.0,35.1,6.75,06:14:00,18:08:00
14964,1475705721,10/5/2016 12:00:00 AM,12:15:21,557.16,57.0,30.45,100.0,56.35,4.5,06:14:00,18:08:00
14965,1475705422,10/5/2016 12:00:00 AM,12:10:22,347.53,58.0,30.45,101.0,20.2,5.62,06:14:00,18:08:00
14966,1475705118,10/5/2016 12:00:00 AM,12:05:18,1006.87,57.0,30.45,100.0,68.67,9.0,06:14:00,18:08:00
14967,1475704821,10/5/2016 12:00:00 AM,12:00:21,468.33,58.0,30.45,100.0,59.79,10.12,06:14:00,18:08:00
14968,1475704524,10/5/2016 12:00:00 AM,11:55:24,479.0,58.0,30.45,101.0,106.34,6.75,06:14:00,18:08:00
14969,1475704224,10/5/2016 12:00:00 AM,11:50:24,734.67,57.0,30.45,101.0,350.69,2.25,06:14:00,18:08:00
14970,1475703920,10/5/2016 12:00:00 AM,11:45:20,520.01,57.0,30.46,101.0,2.89,4.5,06:14:00,18:08:00
14971,1475703621,10/5/2016 12:00:00 AM,11:40:21,1002.11,57.0,30.46,102.0,71.98,4.5,06:14:00,18:08:00
14972,1475703323,10/5/2016 12:00:00 AM,11:35:23,465.5,57.0,30.46,102.0,25.44,3.37,06:14:00,18:08:00
14973,1475703019,10/5/2016 12:00:00 AM,11:30:19,821.99,56.0,30.46,102.0,353.85,5.62,06:14:00,18:08:00
14974,1475702719,10/5/2016 12:00:00 AM,11:25:19,981.43,56.0,30.46,102.0,54.17,9.0,06:14:00,18:08:00
14975,1475702427,10/5/2016 12:00:00 AM,11:20:27,509.63,56.0,30.46,102.0,43.83,6.75,06:14:00,18:08:00
14976,1475702121,10/5/2016 12:00:00 AM,11:15:21,742.38,56.0,30.46,102.0,72.55,2.25,06:14:00,18:08:00
14977,1475701820,10/5/2016 12:00:00 AM,11:10:20,912.17,56.0,30.46,102.0,135.36,6.75,06:14:00,18:08:00
14978,1475701520,10/5/2016 12:00:00 AM,11:05:20,840.72,55.0,30.47,102.0,115.71,3.37,06:14:00,18:08:00
14979,1475701224,10/5/2016 12:00:00 AM,11:00:24,353.46,55.0,30.47,102.0,44.38,9.0,06:14:00,18:08:00
14980,1475700923,10/5/2016 12:00:00 AM,10:55:23,247.12,55.0,30.47,102.0,44.47,1.12,06:14:00,18:08:00
14981,1475700619,10/5/2016 12:00:00 AM,10:50:19,483.27,55.0,30.423028000868246,102.0,19.42,5.62,06:14:00,18:08:00
14982,1475700323,10/5/2016 12:00:00 AM,10:45:23,439.34,55.0,30.47,102.0,67.71,1.12,06:14:00,18:08:00
14983,1475700020,10/5/2016 12:00:00 AM,10:40:20,558.52,55.0,30.47,102.0,78.47,1.12,06:14:00,18:08:00
14984,1475699721,10/5/2016 12:00:00 AM,10:35:21,396.72,55.0,30.47,102.0,43.63,4.5,06:14:00,18:08:00
14985,1475699427,10/5/2016 12:00:00 AM,10:30:27,782.31,56.0,30.47,102.0,0.1,3.37,06:14:00,18:08:00
14986,1475699120,10/5/2016 12:00:00 AM,10:25:20,448.64,55.0,30.47,102.0,140.11,3.37,06:14:00,18:08:00
14987,1475698822,10/5/2016 12:00:00 AM,10:20:22,415.0,55.0,30.47,101.0,50.35,4.5,06:14:00,18:08:00
14988,1475698519,10/5/2016 12:00:00 AM,10:15:19,407.31,55.0,30.47,101.0,72.73,10.12,06:14:00,18:08:00
14989,1475698224,10/5/2016 12:00:00 AM,10:10:24,443.34,55.0,30.47,101.0,95.41,10.12,06:14:00,18:08:00
14990,1475697919,10/5/2016 12:00:00 AM,10:05:19,436.41,55.0,30.47,101.0,34.03,9.0,06:14:00,18:08:00
14991,1475697620,10/5/2016 12:00:00 AM,10:00:20,274.99,55.0,30.47,101.0,61.54,1.12,06:14:00,18:08:00
14992,1475697322,10/5/2016 12:00:00 AM,09:55:22,292.44,55.0,30.47,101.0,18.7,7.87,06:14:00,18:08:00
14993,1475697021,10/5/2016 12:00:00 AM,09:50:21,235.29,56.0,30.47,101.0,0.11,4.5,06:14:00,18:08:00
14994,1475696719,10/5/2016 12:00:00 AM,09:45:19,444.96,56.0,30.47,101.0,57.09,1.12,06:14:00,18:08:00
14995,1475696425,10/5/2016 12:00:00 AM,09:40:25,380.56,55.0,30.47,101.0,148.03,4.5,06:14:00,18:08:00
14996,1475696121,10/5/2016 12:00:00 AM,09:35:21,459.59,55.0,30.47,101.0,100.35,5.62,06:14:00,18:08:00
14997,1475695838,10/5/2016 12:00:00 AM,09:30:38,478.48,55.0,30.47,101.0,71.75,4.5,06:14:00,18:08:00
14998,1475695522,10/5/2016 12:00:00 AM,09:25:22,412.1,55.0,30.47,101.0,137.13,1.12,06:14:00,18:08:00
14999,1475695222,10/5/2016 12:00:00 AM,09:20:22,660.27,54.0,30.47,101.0,130.57,10.12,06:14:00,18:08:00
15000,1475694922,10/5/2016 12:00:00 AM,09:15:22,288.61,55.0,30.47,101.0,54.49,11.25,06:14:00,18:08:00
15001,1475694621,10/5/2016 12:00:00 AM,09:10:21,382.35,54.0,30.47,101.0,50.51,7.87,06:14:00,18:08:00
15002,1475694320,10/5/2016 12:00:00 AM,09:05:20,307.8,55.0,30.47,101.0,356.37,4.5,06:14:00,18:08:00
15003,1475694026,10/5/2016 12:00:00 AM,09:00:26,243.98,55.0,30.47,100.0,20.03,3.37,06:14:00,18:08:00
15004,1475693722,10/5/2016 12:00:00 AM,08:55:22,281.32,55.0,30.47,100.0,55.91,6.75,06:14:00,18:08:00
15005,1475693423,10/5/2016 12:00:00 AM,08:50:23,207.82,55.0,30.47,100.0,67.31,5.62,06:14:00,18:08:00
15006,1475693120,10/5/2016 12:00:00 AM,08:45:20,272.24,55.0,30.47,100.0,54.6,5.62,06:14:00,18:08:00
15007,1475692820,10/5/2016 12:00:00 AM,08:40:20,482.71,55.0,30.47,100.0,57.92,6.75,06:14:00,18:08:00
15008,1475692519,10/5/2016 12:00:00 AM,08:35:19,457.33,55.0,30.47,100.0,130.9,3.37,06:14:00,18:08:00
15009,1475692219,10/5/2016 12:00:00 AM,08:30:19,404.56,55.0,30.47,100.0,45.46,6.75,06:14:00,18:08:00
15010,1475691922,10/5/2016 12:00:00 AM,08:25:22,287.83,55.0,30.46,100.0,99.3,6.75,06:14:00,18:08:00
15011,1475691621,10/5/2016 12:00:00 AM,08:20:21,398.82,55.0,30.46,99.0,192.8,4.5,06:14:00,18:08:00
15012,1475691326,10/5/2016 12:00:00 AM,08:15:26,201.71,55.0,30.46,100.0,57.27,5.62,06:14:00,18:08:00
15013,1475691020,10/5/2016 12:00:00 AM,08:10:20,551.73,55.0,30.46,100.0,77.43,5.62,06:14:00,18:08:00
15014,1475690719,10/5/2016 12:00:00 AM,08:05:19,252.93,55.0,30.46,100.0,133.96,11.25,06:14:00,18:08:00
15015,1475690420,10/5/2016 12:00:00 AM,08:00:20,355.57,55.0,30.46,101.0,92.08,7.87,06:14:00,18:08:00
15016,1475690122,10/5/2016 12:00:00 AM,07:55:22,365.66,54.0,30.46,101.0,126.65,10.12,06:14:00,18:08:00
15017,1475689823,10/5/2016 12:00:00 AM,07:50:23,344.9,54.0,30.46,100.0,141.33,9.0,06:14:00,18:08:00
15018,1475689525,10/5/2016 12:00:00 AM,07:45:25,221.67,53.0,30.45,100.0,131.67,3.37,06:14:00,18:08:00
15019,1475689222,10/5/2016 12:00:00 AM,07:40:22,160.8,53.0,30.45,100.0,72.31,9.0,06:14:00,18:08:00
15020,1475688919,10/5/2016 12:00:00 AM,07:35:19,247.41,52.0,30.45,100.0,164.75,7.87,06:14:00,18:08:00
15021,1475688619,10/5/2016 12:00:00 AM,07:30:19,257.49,51.0,30.45,100.0,146.83,6.75,06:14:00,18:08:00
15022,1475688318,10/5/2016 12:00:00 AM,07:25:18,171.97,51.0,30.45,99.0,164.72,5.62,06:14:00,18:08:00
15023,1475688022,10/5/2016 12:00:00 AM,07:20:22,119.01,51.0,30.45,99.0,153.86,10.12,06:14:00,18:08:00
15024,1475687720,10/5/2016 12:00:00 AM,07:15:20,63.48,51.0,30.44,99.0,179.25,9.0,06:14:00,18:08:00
15025,1475687420,10/5/2016 12:00:00 AM,07:10:20,45.49,50.0,30.44,98.0,138.89,5.62,06:14:00,18:08:00
15026,1475687122,10/5/2016 12:00:00 AM,07:05:22,61.1,50.0,30.44,97.0,146.25,5.62,06:14:00,18:08:00
15027,1475686821,10/5/2016 12:00:00 AM,07:00:21,40.86,50.0,30.44,97.0,157.49,7.87,06:14:00,18:08:00
15028,1475686524,10/5/2016 12:00:00 AM,06:55:24,23.75,49.0,30.44,97.0,166.28,7.87,06:14:00,18:08:00
15029,1475686221,10/5/2016 12:00:00 AM,06:50:21,21.56,49.0,30.44,96.0,158.82,5.62,06:14:00,18:08:00
15030,1475685922,10/5/2016 12:00:00 AM,06:45:22,19.72,48.0,30.44,95.0,160.85,6.75,06:14:00,18:08:00
15031,1475685620,10/5/2016 12:00:00 AM,06:40:20,17.69,48.0,30.44,95.0,185.54,6.75,06:14:00,18:08:00
15032,1475685322,10/5/2016 12:00:00 AM,06:35:22,13.02,48.0,30.44,95.0,171.06,3.37,06:14:00,18:08:00
15033,1475685022,10/5/2016 12:00:00 AM,06:30:22,10.78,48.0,30.43,95.0,168.95,3.37,06:14:00,18:08:00
15034,1475684725,10/5/2016 12:00:00 AM,06:25:25,8.59,48.0,30.43,95.0,170.83,4.5,06:14:00,18:08:00
15035,1475684424,10/5/2016 12:00:00 AM,06:20:24,6.82,48.0,30.43,95.0,173.41,5.62,06:14:00,18:08:00
15036,1475684119,10/5/2016 12:00:00 AM,06:15:19,4.47,48.0,30.43,95.0,177.59,4.5,06:14:00,18:08:00
15037,1475683824,10/5/2016 12:00:00 AM,06:10:24,2.59,48.0,30.423028000868246,95.0,176.11,3.37,06:14:00,18:08:00
15038,1475683522,10/5/2016 12:00:00 AM,06:05:22,1.52,48.0,30.43,95.0,170.88,4.5,06:14:00,18:08:00
15039,1475683222,10/5/2016 12:00:00 AM,06:00:22,1.22,48.0,30.43,95.0,172.81,3.37,06:14:00,18:08:00
15040,1475682923,10/5/2016 12:00:00 AM,05:55:23,1.28,48.0,30.43,96.0,164.15,2.25,06:14:00,18:08:00
15041,1475682626,10/5/2016 12:00:00 AM,05:50:26,1.22,51.16507236474315,30.43,95.0,161.81,6.75,06:14:00,18:08:00
15042,1475682322,10/5/2016 12:00:00 AM,05:45:22,1.22,48.0,30.43,95.0,180.2,5.62,06:14:00,18:08:00
15043,1475682020,10/5/2016 12:00:00 AM,05:40:20,1.26,48.0,30.43,95.0,165.82,5.62,06:14:00,18:08:00
15044,1475681723,10/5/2016 12:00:00 AM,05:35:23,1.22,48.0,30.43,95.0,177.52,5.62,06:14:00,18:08:00
15045,1475681420,10/5/2016 12:00:00 AM,05:30:20,1.26,48.0,30.43,96.0,177.4,3.37,06:14:00,18:08:00
15046,1475681123,10/5/2016 12:00:00 AM,05:25:23,1.21,48.0,30.43,96.0,185.58,6.75,06:14:00,18:08:00
15047,1475680818,10/5/2016 12:00:00 AM,05:20:18,1.24,48.0,30.43,96.0,172.0,4.5,06:14:00,18:08:00
15048,1475680519,10/5/2016 12:00:00 AM,05:15:19,1.28,48.0,30.43,96.0,187.52,5.62,06:14:00,18:08:00
15049,1475680223,10/5/2016 12:00:00 AM,05:10:23,1.23,48.0,30.43,96.0,186.52,5.62,06:14:00,18:08:00
15050,1475679921,10/5/2016 12:00:00 AM,05:05:21,1.25,48.0,30.43,96.0,182.24,4.5,06:14:00,18:08:00
15051,1475679621,10/5/2016 12:00:00 AM,05:00:21,1.25,48.0,30.43,97.0,167.94,4.5,06:14:00,18:08:00
15052,1475679321,10/5/2016 12:00:00 AM,04:55:21,1.25,48.0,30.43,97.0,188.95,6.75,06:14:00,18:08:00
15053,1475679022,10/5/2016 12:00:00 AM,04:50:22,1.22,49.0,30.43,97.0,192.39,6.75,06:14:00,18:08:00
15054,1475678719,10/5/2016 12:00:00 AM,04:45:19,1.23,49.0,30.43,97.0,188.63,6.75,06:14:00,18:08:00
15055,1475678425,10/5/2016 12:00:00 AM,04:40:25,1.23,49.0,30.42,98.0,179.45,6.75,06:14:00,18:08:00
15056,1475678121,10/5/2016 12:00:00 AM,04:35:21,1.25,49.0,30.42,98.0,191.13,6.75,06:14:00,18:08:00
15057,1475677820,10/5/2016 12:00:00 AM,04:30:20,1.23,49.0,30.42,98.0,186.9,7.87,06:14:00,18:08:00
15058,1475677526,10/5/2016 12:00:00 AM,04:25:26,1.25,49.0,30.42,99.0,182.24,4.5,06:14:00,18:08:00
15059,1475677222,10/5/2016 12:00:00 AM,04:20:22,1.23,49.0,30.42,99.0,171.91,5.62,06:14:00,18:08:00
15060,1475676921,10/5/2016 12:00:00 AM,04:15:21,1.23,49.0,30.43,99.0,178.66,5.62,06:14:00,18:08:00
15061,1475676623,10/5/2016 12:00:00 AM,04:10:23,1.23,49.0,30.43,99.0,158.83,4.5,06:14:00,18:08:00
15062,1475676318,10/5/2016 12:00:00 AM,04:05:18,1.22,49.0,30.43,100.0,163.44,4.5,06:14:00,18:08:00
15063,1475676024,10/5/2016 12:00:00 AM,04:00:24,1.24,50.0,30.43,100.0,150.43,2.25,06:14:00,18:08:00
15064,1475675718,10/5/2016 12:00:00 AM,03:55:18,1.25,50.0,30.43,100.0,151.6,4.5,06:14:00,18:08:00
15065,1475675422,10/5/2016 12:00:00 AM,03:50:22,1.26,50.0,30.43,100.0,119.29,3.37,06:14:00,18:08:00
15066,1475675124,10/5/2016 12:00:00 AM,03:45:24,1.27,50.0,30.43,100.0,167.27,1.12,06:14:00,18:08:00
15067,1475674821,10/5/2016 12:00:00 AM,03:40:21,1.24,50.0,30.43,100.0,156.31,5.62,06:14:00,18:08:00
15068,1475674522,10/5/2016 12:00:00 AM,03:35:22,1.23,50.0,30.43,100.0,154.93,1.12,06:14:00,18:08:00
15069,1475674220,10/5/2016 12:00:00 AM,03:30:20,1.19,50.0,30.43,99.0,122.57,6.75,06:14:00,18:08:00
15070,1475673920,10/5/2016 12:00:00 AM,03:25:20,1.21,50.0,30.43,100.0,174.53,2.25,06:14:00,18:08:00
15071,1475673619,10/5/2016 12:00:00 AM,03:20:19,1.24,50.0,30.42,99.0,127.36,10.12,06:14:00,18:08:00
15072,1475673324,10/5/2016 12:00:00 AM,03:15:24,1.23,50.0,30.43,99.0,146.48,2.25,06:14:00,18:08:00
15073,1475673021,10/5/2016 12:00:00 AM,03:10:21,1.19,49.0,30.42,99.0,129.77,3.37,06:14:00,18:08:00
15074,1475672721,10/5/2016 12:00:00 AM,03:05:21,1.25,49.0,30.42,99.0,145.64,5.62,06:14:00,18:08:00
15075,1475672421,10/5/2016 12:00:00 AM,03:00:21,1.22,49.0,30.42,98.0,131.76,6.75,06:14:00,18:08:00
15076,1475672120,10/5/2016 12:00:00 AM,02:55:20,1.22,49.0,30.42,99.0,137.55,4.5,06:14:00,18:08:00
15077,1475671821,10/5/2016 12:00:00 AM,02:50:21,1.22,49.0,30.43,99.0,141.31,4.5,06:14:00,18:08:00
15078,1475671523,10/5/2016 12:00:00 AM,02:45:23,1.25,49.0,30.43,99.0,125.61,6.75,06:14:00,18:08:00
15079,1475671219,10/5/2016 12:00:00 AM,02:40:19,1.24,49.0,30.42,100.0,168.41,7.87,06:14:00,18:08:00
15080,1475670923,10/5/2016 12:00:00 AM,02:35:23,1.22,49.0,30.43,100.0,160.19,4.5,06:14:00,18:08:00
15081,1475670621,10/5/2016 12:00:00 AM,02:30:21,1.23,49.0,30.43,100.0,148.99,6.75,06:14:00,18:08:00
15082,1475670323,10/5/2016 12:00:00 AM,02:25:23,1.23,49.0,30.43,101.0,147.15,6.75,06:14:00,18:08:00
15083,1475670022,10/5/2016 12:00:00 AM,02:20:22,1.21,50.0,30.43,101.0,116.62,4.5,06:14:00,18:08:00
15084,1475669726,10/5/2016 12:00:00 AM,02:15:26,1.23,50.0,30.43,101.0,148.74,3.37,06:14:00,18:08:00
15085,1475669421,10/5/2016 12:00:00 AM,02:10:21,1.26,50.0,30.43,101.0,118.22,5.62,06:14:00,18:08:00
15086,1475669119,10/5/2016 12:00:00 AM,02:05:19,1.27,50.0,30.43,101.0,138.46,7.87,06:14:00,18:08:00
15087,1475668820,10/5/2016 12:00:00 AM,02:00:20,1.22,50.0,30.44,102.0,113.83,7.87,06:14:00,18:08:00
15088,1475668520,10/5/2016 12:00:00 AM,01:55:20,1.25,50.0,30.44,102.0,107.18,2.25,06:14:00,18:08:00
15089,1475668222,10/5/2016 12:00:00 AM,01:50:22,1.26,50.0,30.44,102.0,126.0,3.37,06:14:00,18:08:00
15090,1475667924,10/5/2016 12:00:00 AM,01:45:24,1.23,50.0,30.44,102.0,141.76,4.5,06:14:00,18:08:00
15091,1475667621,10/5/2016 12:00:00 AM,01:40:21,1.24,50.0,30.44,102.0,122.54,5.62,06:14:00,18:08:00
15092,1475667322,10/5/2016 12:00:00 AM,01:35:22,1.24,50.0,30.44,102.0,133.81,3.37,06:14:00,18:08:00
15093,1475667022,10/5/2016 12:00:00 AM,01:30:22,1.23,51.0,30.44,102.0,91.11,2.25,06:14:00,18:08:00
15094,1475666724,10/5/2016 12:00:00 AM,01:25:24,1.24,51.0,30.44,102.0,144.45,1.12,06:14:00,18:08:00
15095,1475666420,10/5/2016 12:00:00 AM,01:20:20,1.23,51.0,30.45,102.0,158.68,4.5,06:14:00,18:08:00
15096,1475666124,10/5/2016 12:00:00 AM,01:15:24,1.24,51.0,30.45,102.0,112.62,2.25,06:14:00,18:08:00
15097,1475665820,10/5/2016 12:00:00 AM,01:10:20,1.25,51.0,30.45,101.0,86.41,1.12,06:14:00,18:08:00
15098,1475665520,10/5/2016 12:00:00 AM,01:05:20,1.24,50.0,30.45,101.0,95.71,1.12,06:14:00,18:08:00
15099,1475665224,10/5/2016 12:00:00 AM,01:00:24,1.23,50.0,30.45,101.0,130.29,2.25,06:14:00,18:08:00
15100,1475664921,10/5/2016 12:00:00 AM,00:55:21,1.22,50.0,30.45,101.0,43.7,5.62,06:14:00,18:08:00
15101,1475664625,10/5/2016 12:00:00 AM,00:50:25,1.24,50.0,30.45,101.0,104.36,2.25,06:14:00,18:08:00
15102,1475664321,10/5/2016 12:00:00 AM,00:45:21,1.23,50.0,30.45,101.0,81.85,1.12,06:14:00,18:08:00
15103,1475664023,10/5/2016 12:00:00 AM,00:40:23,1.26,50.0,30.45,101.0,134.8,4.5,06:14:00,18:08:00
15104,1475663718,10/5/2016 12:00:00 AM,00:35:18,1.22,50.0,30.45,100.0,145.43,5.62,06:14:00,18:08:00
15105,1475663421,10/5/2016 12:00:00 AM,00:30:21,1.24,50.0,30.45,100.0,121.48,6.75,06:14:00,18:08:00
15106,1475663123,10/5/2016 12:00:00 AM,00:25:23,1.23,51.16507236474315,30.45,100.0,132.41,6.75,06:14:00,18:08:00
15107,1475661621,10/5/2016 12:00:00 AM,00:00:21,1.25,51.0,30.46,99.0,140.85,1.12,06:14:00,18:08:00
15108,1475661324,10/4/2016 12:00:00 AM,23:55:24,1.25,51.0,30.46,100.0,127.95,3.37,06:14:00,18:08:00
15109,1475661024,10/4/2016 12:00:00 AM,23:50:24,1.24,51.0,30.46,100.0,134.34,4.5,06:14:00,18:08:00
15110,1475660718,10/4/2016 12:00:00 AM,23:45:18,1.23,50.0,30.46,100.0,141.01,4.5,06:14:00,18:08:00
15111,1475660420,10/4/2016 12:00:00 AM,23:40:20,1.23,50.0,30.46,100.0,161.82,4.5,06:14:00,18:08:00
15112,1475660121,10/4/2016 12:00:00 AM,23:35:21,1.22,50.0,30.46,100.0,129.08,3.37,06:14:00,18:08:00
15113,1475659824,10/4/2016 12:00:00 AM,23:30:24,1.2,50.0,30.423028000868246,99.0,102.41,4.5,06:14:00,18:08:00
15114,1475659521,10/4/2016 12:00:00 AM,23:25:21,1.22,50.0,30.46,99.0,136.93,5.62,06:14:00,18:08:00
15115,1475659222,10/4/2016 12:00:00 AM,23:20:22,1.21,51.16507236474315,30.423028000868246,99.0,129.84,6.75,06:14:00,18:08:00
15116,1475658925,10/4/2016 12:00:00 AM,23:15:25,1.21,50.0,30.47,99.0,139.04,3.37,06:14:00,18:08:00
15117,1475658621,10/4/2016 12:00:00 AM,23:10:21,1.21,50.0,30.47,99.0,162.26,1.12,06:14:00,18:08:00
15118,1475658323,10/4/2016 12:00:00 AM,23:05:23,1.23,50.0,30.47,99.0,173.1,5.62,06:14:00,18:08:00
15119,1475658020,10/4/2016 12:00:00 AM,23:00:20,1.23,50.0,30.47,99.0,155.63,4.5,06:14:00,18:08:00
15120,1475657722,10/4/2016 12:00:00 AM,22:55:22,1.22,50.0,30.47,99.0,154.31,6.75,06:14:00,18:08:00
15121,1475657420,10/4/2016 12:00:00 AM,22:50:20,1.23,50.0,30.47,100.0,133.35,9.0,06:14:00,18:08:00
15122,1475657121,10/4/2016 12:00:00 AM,22:45:21,1.23,50.0,30.47,100.0,162.84,7.87,06:14:00,18:08:00
15123,1475656820,10/4/2016 12:00:00 AM,22:40:20,1.23,50.0,30.47,100.0,158.64,5.62,06:14:00,18:08:00
15124,1475656519,10/4/2016 12:00:00 AM,22:35:19,1.25,50.0,30.47,100.0,158.21,5.62,06:14:00,18:08:00
15125,1475656220,10/4/2016 12:00:00 AM,22:30:20,1.25,50.0,30.48,100.0,154.72,5.62,06:14:00,18:08:00
15126,1475655921,10/4/2016 12:00:00 AM,22:25:21,1.21,50.0,30.48,100.0,162.18,5.62,06:14:00,18:08:00
15127,1475655619,10/4/2016 12:00:00 AM,22:20:19,1.22,51.16507236474315,30.48,101.0,143.38,3.37,06:14:00,18:08:00
15128,1475655323,10/4/2016 12:00:00 AM,22:15:23,1.22,51.0,30.48,101.0,132.63,3.37,06:14:00,18:08:00
15129,1475655019,10/4/2016 12:00:00 AM,22:10:19,1.24,50.0,30.48,101.0,137.24,6.75,06:14:00,18:08:00
15130,1475654719,10/4/2016 12:00:00 AM,22:05:19,1.22,50.0,30.48,101.0,129.15,2.25,06:14:00,18:08:00
15131,1475654424,10/4/2016 12:00:00 AM,22:00:24,1.22,50.0,30.48,101.0,123.27,3.37,06:14:00,18:08:00
15132,1475654122,10/4/2016 12:00:00 AM,21:55:22,1.22,50.0,30.48,101.0,139.27,3.37,06:14:00,18:08:00
15133,1475653818,10/4/2016 12:00:00 AM,21:50:18,1.21,50.0,30.47,101.0,145.09,4.5,06:14:00,18:08:00
15134,1475653521,10/4/2016 12:00:00 AM,21:45:21,1.21,51.0,30.47,101.0,151.22,5.62,06:14:00,18:08:00
15135,1475653218,10/4/2016 12:00:00 AM,21:40:18,1.23,51.0,30.48,101.0,125.14,2.25,06:14:00,18:08:00
15136,1475652922,10/4/2016 12:00:00 AM,21:35:22,1.26,51.0,30.48,101.0,117.97,4.5,06:14:00,18:08:00
15137,1475652622,10/4/2016 12:00:00 AM,21:30:22,1.2,51.0,30.48,101.0,147.16,3.37,06:14:00,18:08:00
15138,1475652326,10/4/2016 12:00:00 AM,21:25:26,1.24,50.0,30.48,101.0,84.97,2.25,06:14:00,18:08:00
15139,1475652024,10/4/2016 12:00:00 AM,21:20:24,1.23,51.0,30.48,74.83719267708949,159.6,5.62,06:14:00,18:08:00
15140,1475651722,10/4/2016 12:00:00 AM,21:15:22,1.26,51.0,30.48,101.0,171.84,9.0,06:14:00,18:08:00
15141,1475651428,10/4/2016 12:00:00 AM,21:10:28,1.28,51.0,30.47,101.0,177.66,7.87,06:14:00,18:08:00
15142,1475651120,10/4/2016 12:00:00 AM,21:05:20,1.25,51.0,30.47,101.0,120.73,6.75,06:14:00,18:08:00
15143,1475650825,10/4/2016 12:00:00 AM,21:00:25,1.21,51.0,30.47,101.0,148.13,3.37,06:14:00,18:08:00
15144,1475650521,10/4/2016 12:00:00 AM,20:55:21,1.24,51.0,30.48,101.0,112.2,1.12,06:14:00,18:08:00
15145,1475650219,10/4/2016 12:00:00 AM,20:50:19,1.25,51.0,30.48,102.0,116.7,1.12,06:14:00,18:08:00
15146,1475649923,10/4/2016 12:00:00 AM,20:45:23,1.24,51.0,30.48,102.0,123.23,4.5,06:14:00,18:08:00
15147,1475649627,10/4/2016 12:00:00 AM,20:40:27,1.23,51.0,30.47,102.0,162.85,2.25,06:14:00,18:08:00
15148,1475649321,10/4/2016 12:00:00 AM,20:35:21,1.23,51.0,30.47,102.0,113.53,6.75,06:14:00,18:08:00
15149,1475649020,10/4/2016 12:00:00 AM,20:30:20,1.26,51.0,30.47,102.0,137.22,2.25,06:14:00,18:08:00
15150,1475648721,10/4/2016 12:00:00 AM,20:25:21,1.23,51.0,30.47,102.0,142.14,4.5,06:14:00,18:08:00
15151,1475648425,10/4/2016 12:00:00 AM,20:20:25,1.2,51.0,30.47,102.0,104.37,1.12,06:14:00,18:08:00
15152,1475648127,10/4/2016 12:00:00 AM,20:15:27,1.21,52.0,30.47,102.0,140.35,3.37,06:14:00,18:08:00
15153,1475647822,10/4/2016 12:00:00 AM,20:10:22,1.25,52.0,30.47,102.0,134.09,4.5,06:14:00,18:08:00
15154,1475647522,10/4/2016 12:00:00 AM,20:05:22,1.24,52.0,30.47,102.0,117.34,1.12,06:14:00,18:08:00
15155,1475647225,10/4/2016 12:00:00 AM,20:00:25,1.22,52.0,30.47,102.0,158.17,3.37,06:14:00,18:08:00
15156,1475646922,10/4/2016 12:00:00 AM,19:55:22,1.23,52.0,30.47,102.0,66.29,5.62,06:14:00,18:08:00
15157,1475646620,10/4/2016 12:00:00 AM,19:50:20,1.23,52.0,30.47,102.0,120.2,6.75,06:14:00,18:08:00
15158,1475646320,10/4/2016 12:00:00 AM,19:45:20,1.28,52.0,30.46,102.0,63.85,3.37,06:14:00,18:08:00
15159,1475646030,10/4/2016 12:00:00 AM,19:40:30,1.28,52.0,30.46,102.0,102.2,1.12,06:14:00,18:08:00
15160,1475645724,10/4/2016 12:00:00 AM,19:35:24,1.29,51.0,30.46,102.0,50.53,3.37,06:14:00,18:08:00
15161,1475645419,10/4/2016 12:00:00 AM,19:30:19,1.24,52.0,30.46,102.0,172.16,4.5,06:14:00,18:08:00
15162,1475645119,10/4/2016 12:00:00 AM,19:25:19,1.24,52.0,30.46,102.0,145.16,5.62,06:14:00,18:08:00
15163,1475644821,10/4/2016 12:00:00 AM,19:20:21,1.22,53.0,30.45,102.0,115.35,2.25,06:14:00,18:08:00
15164,1475644523,10/4/2016 12:00:00 AM,19:15:23,1.23,53.0,30.45,102.0,112.02,4.5,06:14:00,18:08:00
15165,1475644222,10/4/2016 12:00:00 AM,19:10:22,1.27,53.0,30.45,102.0,136.72,7.87,06:14:00,18:08:00
15166,1475643924,10/4/2016 12:00:00 AM,19:05:24,1.26,53.0,30.45,102.0,166.17,3.37,06:14:00,18:08:00
15167,1475643620,10/4/2016 12:00:00 AM,19:00:20,1.23,53.0,30.45,102.0,96.49,0.0,06:14:00,18:08:00
15168,1475643322,10/4/2016 12:00:00 AM,18:55:22,1.24,53.0,30.45,74.83719267708949,70.82,3.37,06:14:00,18:08:00
15169,1475643023,10/4/2016 12:00:00 AM,18:50:23,1.27,53.0,30.45,102.0,70.61,4.5,06:14:00,18:08:00
15170,1475642720,10/4/2016 12:00:00 AM,18:45:20,1.26,53.0,30.45,102.0,87.17,1.12,06:14:00,18:08:00
15171,1475642420,10/4/2016 12:00:00 AM,18:40:20,1.24,53.0,30.45,102.0,60.4,3.37,06:14:00,18:08:00
15172,1475642124,10/4/2016 12:00:00 AM,18:35:24,1.23,53.0,30.44,102.0,51.28,2.25,06:14:00,18:08:00
15173,1475641822,10/4/2016 12:00:00 AM,18:30:22,1.23,54.0,30.44,102.0,62.11,6.75,06:14:00,18:08:00
15174,1475641526,10/4/2016 12:00:00 AM,18:25:26,1.24,54.0,30.44,102.0,84.2,1.12,06:14:00,18:08:00
15175,1475641218,10/4/2016 12:00:00 AM,18:20:18,1.28,54.0,30.44,102.0,85.23,5.62,06:14:00,18:08:00
15176,1475640923,10/4/2016 12:00:00 AM,18:15:23,2.29,54.0,30.44,102.0,63.43,1.12,06:14:00,18:08:00
15177,1475640619,10/4/2016 12:00:00 AM,18:10:19,4.27,54.0,30.44,102.0,91.11,2.25,06:14:00,18:08:00
15178,1475640321,10/4/2016 12:00:00 AM,18:05:21,9.95,54.0,30.44,102.0,150.54,1.12,06:14:00,18:08:00
15179,1475640036,10/4/2016 12:00:00 AM,18:00:36,15.9,54.0,30.44,102.0,148.41,6.75,06:14:00,18:08:00
15180,1475639720,10/4/2016 12:00:00 AM,17:55:20,26.98,54.0,30.44,102.0,158.36,2.25,06:14:00,18:08:00
15181,1475639418,10/4/2016 12:00:00 AM,17:50:18,29.08,55.0,30.44,102.0,151.25,3.37,06:14:00,18:08:00
15182,1475639122,10/4/2016 12:00:00 AM,17:45:22,53.71,55.0,30.44,102.0,23.1,2.25,06:14:00,18:08:00
15183,1475638823,10/4/2016 12:00:00 AM,17:40:23,93.86,56.0,30.44,102.0,84.03,4.5,06:14:00,18:08:00
15184,1475638523,10/4/2016 12:00:00 AM,17:35:23,115.72,56.0,30.44,102.0,45.58,3.37,06:14:00,18:08:00
15185,1475638223,10/4/2016 12:00:00 AM,17:30:23,144.67,56.0,30.44,102.0,96.71,2.25,06:14:00,18:08:00
15186,1475637921,10/4/2016 12:00:00 AM,17:25:21,159.55,51.16507236474315,30.44,102.0,102.09,2.25,06:14:00,18:08:00
15187,1475637620,10/4/2016 12:00:00 AM,17:20:20,151.87,55.0,30.44,102.0,113.37,2.25,06:14:00,18:08:00
15188,1475637321,10/4/2016 12:00:00 AM,17:15:21,121.13,55.0,30.44,102.0,120.82,3.37,06:14:00,18:08:00
15189,1475637022,10/4/2016 12:00:00 AM,17:10:22,140.67,55.0,30.43,102.0,126.03,4.5,06:14:00,18:08:00
15190,1475636722,10/4/2016 12:00:00 AM,17:05:22,97.71,55.0,30.44,102.0,136.21,5.62,06:14:00,18:08:00
15191,1475636421,10/4/2016 12:00:00 AM,17:00:21,114.87,55.0,30.43,102.0,144.25,2.25,06:14:00,18:08:00
15192,1475636119,10/4/2016 12:00:00 AM,16:55:19,138.13,55.0,30.43,102.0,134.64,2.25,06:14:00,18:08:00
15193,1475635821,10/4/2016 12:00:00 AM,16:50:21,121.99,55.0,30.43,102.0,124.68,4.5,06:14:00,18:08:00
15194,1475635519,10/4/2016 12:00:00 AM,16:45:19,126.57,55.0,30.43,102.0,132.24,4.5,06:14:00,18:08:00
15195,1475635224,10/4/2016 12:00:00 AM,16:40:24,114.64,54.0,30.43,102.0,109.79,3.37,06:14:00,18:08:00
15196,1475634920,10/4/2016 12:00:00 AM,16:35:20,96.82,54.0,30.43,102.0,85.48,4.5,06:14:00,18:08:00
15197,1475634620,10/4/2016 12:00:00 AM,16:30:20,79.56,54.0,30.43,102.0,52.68,2.25,06:14:00,18:08:00
15198,1475634320,10/4/2016 12:00:00 AM,16:25:20,90.52,54.0,30.43,102.0,72.67,2.25,06:14:00,18:08:00
15199,1475634020,10/4/2016 12:00:00 AM,16:20:20,148.95,54.0,30.43,102.0,119.99,2.25,06:14:00,18:08:00
15200,1475633718,10/4/2016 12:00:00 AM,16:15:18,157.85,54.0,30.43,102.0,47.8,1.12,06:14:00,18:08:00
15201,1475633421,10/4/2016 12:00:00 AM,16:10:21,113.91,54.0,30.43,102.0,1.23,2.25,06:14:00,18:08:00
15202,1475633121,10/4/2016 12:00:00 AM,16:05:21,161.28,54.0,30.43,102.0,0.32,6.75,06:14:00,18:08:00
15203,1475632826,10/4/2016 12:00:00 AM,16:00:26,179.97,54.0,30.43,102.0,59.2,5.62,06:14:00,18:08:00
15204,1475632521,10/4/2016 12:00:00 AM,15:55:21,137.49,54.0,30.43,102.0,41.03,3.37,06:14:00,18:08:00
15205,1475632220,10/4/2016 12:00:00 AM,15:50:20,72.47,54.0,30.43,102.0,12.0,0.0,06:14:00,18:08:00
15206,1475631919,10/4/2016 12:00:00 AM,15:45:19,41.29,54.0,30.43,102.0,32.13,5.62,06:14:00,18:08:00
15207,1475631622,10/4/2016 12:00:00 AM,15:40:22,31.58,54.0,30.42,102.0,67.78,3.37,06:14:00,18:08:00
15208,1475631319,10/4/2016 12:00:00 AM,15:35:19,69.62,54.0,30.42,102.0,327.18,5.62,06:14:00,18:08:00
15209,1475631020,10/4/2016 12:00:00 AM,15:30:20,61.1,55.0,30.41,102.0,326.44,6.75,06:14:00,18:08:00
15210,1475630721,10/4/2016 12:00:00 AM,15:25:21,43.85,55.0,30.42,102.0,290.33,4.5,06:14:00,18:08:00
15211,1475630424,10/4/2016 12:00:00 AM,15:20:24,76.03,55.0,30.42,102.0,23.71,3.37,06:14:00,18:08:00
15212,1475630121,10/4/2016 12:00:00 AM,15:15:21,235.66,55.0,30.423028000868246,102.0,31.06,5.62,06:14:00,18:08:00
15213,1475629821,10/4/2016 12:00:00 AM,15:10:21,88.25,55.0,30.41,102.0,9.04,5.62,06:14:00,18:08:00
15214,1475629520,10/4/2016 12:00:00 AM,15:05:20,153.33,55.0,30.41,102.0,54.42,4.5,06:14:00,18:08:00
15215,1475629227,10/4/2016 12:00:00 AM,15:00:27,235.5,55.0,30.41,102.0,50.17,3.37,06:14:00,18:08:00
15216,1475628924,10/4/2016 12:00:00 AM,14:55:24,152.4,55.0,30.41,102.0,49.18,6.75,06:14:00,18:08:00
15217,1475628623,10/4/2016 12:00:00 AM,14:50:23,240.28,56.0,30.42,102.0,150.72,6.75,06:14:00,18:08:00
15218,1475628324,10/4/2016 12:00:00 AM,14:45:24,314.97,56.0,30.41,102.0,76.49,4.5,06:14:00,18:08:00
15219,1475628026,10/4/2016 12:00:00 AM,14:40:26,247.14,56.0,30.41,102.0,48.42,9.0,06:14:00,18:08:00
15220,1475627723,10/4/2016 12:00:00 AM,14:35:23,213.39,56.0,30.41,102.0,172.96,10.12,06:14:00,18:08:00
15221,1475627420,10/4/2016 12:00:00 AM,14:30:20,543.01,56.0,30.41,102.0,0.16,2.25,06:14:00,18:08:00
15222,1475627123,10/4/2016 12:00:00 AM,14:25:23,312.47,55.0,30.41,102.0,85.43,4.5,06:14:00,18:08:00
15223,1475626818,10/4/2016 12:00:00 AM,14:20:18,211.64,55.0,30.42,102.0,21.7,2.25,06:14:00,18:08:00
15224,1475626521,10/4/2016 12:00:00 AM,14:15:21,138.26,55.0,30.42,102.0,19.54,3.37,06:14:00,18:08:00
15225,1475626220,10/4/2016 12:00:00 AM,14:10:20,131.46,55.0,30.41,74.83719267708949,47.91,3.37,06:14:00,18:08:00
15226,1475625920,10/4/2016 12:00:00 AM,14:05:20,106.33,55.0,30.42,102.0,37.4,6.75,06:14:00,18:08:00
15227,1475625618,10/4/2016 12:00:00 AM,14:00:18,171.65,55.0,30.42,102.0,45.28,4.5,06:14:00,18:08:00
15228,1475625320,10/4/2016 12:00:00 AM,13:55:20,145.41,55.0,30.42,102.0,21.39,6.75,06:14:00,18:08:00
15229,1475625021,10/4/2016 12:00:00 AM,13:50:21,155.94,55.0,30.42,102.0,17.2,5.62,06:14:00,18:08:00
15230,1475624722,10/4/2016 12:00:00 AM,13:45:22,231.19,55.0,30.42,102.0,23.12,2.25,06:14:00,18:08:00
15231,1475624423,10/4/2016 12:00:00 AM,13:40:23,202.78,55.0,30.42,101.0,1.59,3.37,06:14:00,18:08:00
15232,1475624123,10/4/2016 12:00:00 AM,13:35:23,297.09,55.0,30.43,101.0,44.1,5.62,06:14:00,18:08:00
15233,1475623819,10/4/2016 12:00:00 AM,13:30:19,165.3,55.0,30.43,101.0,36.53,13.5,06:14:00,18:08:00
15234,1475623522,10/4/2016 12:00:00 AM,13:25:22,203.99,55.0,30.43,101.0,359.92,3.37,06:14:00,18:08:00
15235,1475623221,10/4/2016 12:00:00 AM,13:20:21,141.41,56.0,30.43,101.0,359.93,4.5,06:14:00,18:08:00
15236,1475622918,10/4/2016 12:00:00 AM,13:15:18,187.28,56.0,30.43,101.0,73.27,7.87,06:14:00,18:08:00
15237,1475622622,10/4/2016 12:00:00 AM,13:10:22,187.41,56.0,30.43,101.0,27.96,10.12,06:14:00,18:08:00
15238,1475622321,10/4/2016 12:00:00 AM,13:05:21,216.92,57.0,30.43,102.0,42.33,10.12,06:14:00,18:08:00
15239,1475622024,10/4/2016 12:00:00 AM,13:00:24,566.85,56.0,30.44,102.0,17.3,9.0,06:14:00,18:08:00
15240,1475621719,10/4/2016 12:00:00 AM,12:55:19,1064.11,56.0,30.44,102.0,16.98,6.75,06:14:00,18:08:00
15241,1475621419,10/4/2016 12:00:00 AM,12:50:19,375.0,56.0,30.44,102.0,12.3,9.0,06:14:00,18:08:00
15242,1475621123,10/4/2016 12:00:00 AM,12:45:23,269.84,56.0,30.44,102.0,274.77,2.25,06:14:00,18:08:00
15243,1475620826,10/4/2016 12:00:00 AM,12:40:26,322.1,56.0,30.44,102.0,63.43,6.75,06:14:00,18:08:00
15244,1475620521,10/4/2016 12:00:00 AM,12:35:21,325.41,56.0,30.44,102.0,14.42,3.37,06:14:00,18:08:00
15245,1475620221,10/4/2016 12:00:00 AM,12:30:21,196.19,56.0,30.45,102.0,12.23,7.87,06:14:00,18:08:00
15246,1475619923,10/4/2016 12:00:00 AM,12:25:23,712.2,51.16507236474315,30.45,102.0,16.91,4.5,06:14:00,18:08:00
15247,1475619625,10/4/2016 12:00:00 AM,12:20:25,578.67,56.0,30.45,102.0,0.12,5.62,06:14:00,18:08:00
15248,1475619321,10/4/2016 12:00:00 AM,12:15:21,627.9,56.0,30.45,102.0,62.46,3.37,06:14:00,18:08:00
15249,1475619023,10/4/2016 12:00:00 AM,12:10:23,258.9,56.0,30.45,101.0,48.83,3.37,06:14:00,18:08:00
15250,1475618722,10/4/2016 12:00:00 AM,12:05:22,370.53,56.0,30.45,101.0,0.28,3.37,06:14:00,18:08:00
15251,1475618420,10/4/2016 12:00:00 AM,12:00:20,259.7,56.0,30.45,101.0,27.54,5.62,06:14:00,18:08:00
15252,1475618119,10/4/2016 12:00:00 AM,11:55:19,194.4,56.0,30.45,101.0,2.31,4.5,06:14:00,18:08:00
15253,1475617820,10/4/2016 12:00:00 AM,11:50:20,396.32,55.0,30.45,101.0,23.31,6.75,06:14:00,18:08:00
15254,1475617525,10/4/2016 12:00:00 AM,11:45:25,319.64,55.0,30.46,101.0,19.05,5.62,06:14:00,18:08:00
15255,1475617224,10/4/2016 12:00:00 AM,11:40:24,275.39,55.0,30.46,101.0,23.08,6.75,06:14:00,18:08:00
15256,1475616921,10/4/2016 12:00:00 AM,11:35:21,148.52,55.0,30.46,101.0,43.22,4.5,06:14:00,18:08:00
15257,1475616622,10/4/2016 12:00:00 AM,11:30:22,77.62,55.0,30.46,101.0,40.22,3.37,06:14:00,18:08:00
15258,1475616321,10/4/2016 12:00:00 AM,11:25:21,102.16,55.0,30.46,100.0,8.24,5.62,06:14:00,18:08:00
15259,1475616019,10/4/2016 12:00:00 AM,11:20:19,84.75,55.0,30.46,100.0,193.75,2.25,06:14:00,18:08:00
15260,1475615719,10/4/2016 12:00:00 AM,11:15:19,111.73,55.0,30.46,100.0,359.93,7.87,06:14:00,18:08:00
15261,1475615425,10/4/2016 12:00:00 AM,11:10:25,125.34,55.0,30.46,100.0,0.69,5.62,06:14:00,18:08:00
15262,1475615122,10/4/2016 12:00:00 AM,11:05:22,150.14,56.0,30.47,100.0,2.2,7.87,06:14:00,18:08:00
15263,1475614818,10/4/2016 12:00:00 AM,11:00:18,414.67,56.0,30.47,99.0,8.02,7.87,06:14:00,18:08:00
15264,1475614521,10/4/2016 12:00:00 AM,10:55:21,224.55,57.0,30.47,99.0,357.69,9.0,06:14:00,18:08:00
15265,1475614226,10/4/2016 12:00:00 AM,10:50:26,272.2,57.0,30.47,99.0,359.92,3.37,06:14:00,18:08:00
15266,1475613921,10/4/2016 12:00:00 AM,10:45:21,396.31,57.0,30.47,100.0,0.11,5.62,06:14:00,18:08:00
15267,1475613621,10/4/2016 12:00:00 AM,10:40:21,674.75,56.0,30.47,100.0,359.43,3.37,06:14:00,18:08:00
15268,1475613325,10/4/2016 12:00:00 AM,10:35:25,333.9,56.0,30.47,99.0,8.27,2.25,06:14:00,18:08:00
15269,1475613019,10/4/2016 12:00:00 AM,10:30:19,421.02,56.0,30.47,99.0,7.03,3.37,06:14:00,18:08:00
15270,1475612732,10/4/2016 12:00:00 AM,10:25:32,836.17,56.0,30.47,99.0,51.97,0.0,06:14:00,18:08:00
15271,1475612420,10/4/2016 12:00:00 AM,10:20:20,265.77,56.0,30.47,98.0,11.62,4.5,06:14:00,18:08:00
15272,1475612124,10/4/2016 12:00:00 AM,10:15:24,407.71,56.0,30.47,98.0,1.5,4.5,06:14:00,18:08:00
15273,1475611822,10/4/2016 12:00:00 AM,10:10:22,310.1,56.0,30.47,97.0,80.49,3.37,06:14:00,18:08:00
15274,1475611523,10/4/2016 12:00:00 AM,10:05:23,588.3,56.0,30.47,96.0,17.23,2.25,06:14:00,18:08:00
15275,1475611221,10/4/2016 12:00:00 AM,10:00:21,776.23,56.0,30.47,97.0,31.58,5.62,06:14:00,18:08:00
15276,1475610922,10/4/2016 12:00:00 AM,09:55:22,676.14,56.0,30.47,98.0,58.86,1.12,06:14:00,18:08:00
15277,1475610620,10/4/2016 12:00:00 AM,09:50:20,483.16,55.0,30.47,99.0,59.13,4.5,06:14:00,18:08:00
15278,1475610320,10/4/2016 12:00:00 AM,09:45:20,479.24,55.0,30.47,100.0,65.37,3.37,06:14:00,18:08:00
15279,1475610025,10/4/2016 12:00:00 AM,09:40:25,681.2,55.0,30.47,101.0,37.88,3.37,06:14:00,18:08:00
15280,1475609729,10/4/2016 12:00:00 AM,09:35:29,819.32,55.0,30.47,100.0,39.62,3.37,06:14:00,18:08:00
15281,1475609420,10/4/2016 12:00:00 AM,09:30:20,529.87,54.0,30.47,100.0,47.38,6.75,06:14:00,18:08:00
15282,1475609120,10/4/2016 12:00:00 AM,09:25:20,203.02,54.0,30.47,100.0,69.82,4.5,06:14:00,18:08:00
15283,1475608824,10/4/2016 12:00:00 AM,09:20:24,277.35,54.0,30.47,100.0,65.68,3.37,06:14:00,18:08:00
15284,1475608537,10/4/2016 12:00:00 AM,09:15:37,401.99,54.0,30.47,100.0,125.97,3.37,06:14:00,18:08:00
15285,1475608224,10/4/2016 12:00:00 AM,09:10:24,150.1,54.0,30.47,100.0,127.82,2.25,06:14:00,18:08:00
15286,1475607919,10/4/2016 12:00:00 AM,09:05:19,145.26,54.0,30.47,100.0,161.04,0.0,06:14:00,18:08:00
15287,1475607619,10/4/2016 12:00:00 AM,09:00:19,159.62,53.0,30.47,100.0,73.3,3.37,06:14:00,18:08:00
15288,1475607322,10/4/2016 12:00:00 AM,08:55:22,280.81,53.0,30.47,100.0,30.43,3.37,06:14:00,18:08:00
15289,1475607019,10/4/2016 12:00:00 AM,08:50:19,339.48,53.0,30.47,100.0,335.97,1.12,06:14:00,18:08:00
15290,1475606722,10/4/2016 12:00:00 AM,08:45:22,530.68,53.0,30.46,100.0,335.99,2.25,06:14:00,18:08:00
15291,1475606426,10/4/2016 12:00:00 AM,08:40:26,277.24,52.0,30.46,100.0,335.99,1.12,06:14:00,18:08:00
15292,1475606119,10/4/2016 12:00:00 AM,08:35:19,177.76,52.0,30.46,100.0,335.99,1.12,06:14:00,18:08:00
15293,1475605820,10/4/2016 12:00:00 AM,08:30:20,124.41,52.0,30.45,100.0,335.99,0.0,06:14:00,18:08:00
15294,1475605533,10/4/2016 12:00:00 AM,08:25:33,111.82,52.0,30.45,100.0,335.99,0.0,06:14:00,18:08:00
15295,1475605222,10/4/2016 12:00:00 AM,08:20:22,99.63,52.0,30.45,100.0,335.99,0.0,06:14:00,18:08:00
15296,1475604920,10/4/2016 12:00:00 AM,08:15:20,101.31,52.0,30.45,100.0,336.0,0.0,06:14:00,18:08:00
15297,1475604619,10/4/2016 12:00:00 AM,08:10:19,102.52,52.0,30.45,99.0,336.0,0.0,06:14:00,18:08:00
15298,1475604323,10/4/2016 12:00:00 AM,08:05:23,117.65,52.0,30.45,99.0,321.2,1.12,06:14:00,18:08:00
15299,1475604031,10/4/2016 12:00:00 AM,08:00:31,145.01,52.0,30.45,97.0,321.26,3.37,06:14:00,18:08:00
15300,1475603721,10/4/2016 12:00:00 AM,07:55:21,160.45,52.0,30.45,96.0,314.99,4.5,06:14:00,18:08:00
15301,1475603420,10/4/2016 12:00:00 AM,07:50:20,145.86,52.0,30.44,95.0,283.84,2.25,06:14:00,18:08:00
15302,1475603128,10/4/2016 12:00:00 AM,07:45:28,139.08,52.0,30.44,96.0,173.6,2.25,06:14:00,18:08:00
15303,1475602820,10/4/2016 12:00:00 AM,07:40:20,137.29,51.0,30.44,96.0,155.77,2.25,06:14:00,18:08:00
15304,1475602520,10/4/2016 12:00:00 AM,07:35:20,128.14,51.0,30.44,97.0,154.87,1.12,06:14:00,18:08:00
15305,1475602221,10/4/2016 12:00:00 AM,07:30:21,109.24,51.0,30.44,97.0,154.84,2.25,06:14:00,18:08:00
15306,1475601926,10/4/2016 12:00:00 AM,07:25:26,96.15,51.0,30.44,96.0,146.12,1.12,06:14:00,18:08:00
15307,1475601625,10/4/2016 12:00:00 AM,07:20:25,91.94,50.0,30.44,95.0,154.01,0.0,06:14:00,18:08:00
15308,1475601319,10/4/2016 12:00:00 AM,07:15:19,78.17,50.0,30.44,94.0,168.22,3.37,06:14:00,18:08:00
15309,1475601023,10/4/2016 12:00:00 AM,07:10:23,74.13,50.0,30.44,94.0,170.83,2.25,06:14:00,18:08:00
15310,1475600721,10/4/2016 12:00:00 AM,07:05:21,64.29,50.0,30.43,94.0,155.12,4.5,06:14:00,18:08:00
15311,1475600425,10/4/2016 12:00:00 AM,07:00:25,54.1,50.0,30.43,94.0,150.26,3.37,06:14:00,18:08:00
15312,1475600121,10/4/2016 12:00:00 AM,06:55:21,42.89,49.0,30.44,94.0,156.2,3.37,06:14:00,18:08:00
15313,1475599825,10/4/2016 12:00:00 AM,06:50:25,33.48,49.0,30.44,94.0,152.97,2.25,06:14:00,18:08:00
15314,1475599523,10/4/2016 12:00:00 AM,06:45:23,27.56,49.0,30.43,94.0,118.41,1.12,06:14:00,18:08:00
15315,1475599228,10/4/2016 12:00:00 AM,06:40:28,22.22,49.0,30.43,94.0,143.0,2.25,06:14:00,18:08:00
15316,1475598926,10/4/2016 12:00:00 AM,06:35:26,17.64,49.0,30.43,94.0,155.49,4.5,06:14:00,18:08:00
15317,1475598622,10/4/2016 12:00:00 AM,06:30:22,13.34,49.0,30.43,94.0,150.35,3.37,06:14:00,18:08:00
15318,1475598321,10/4/2016 12:00:00 AM,06:25:21,9.9,49.0,30.43,95.0,153.48,2.25,06:14:00,18:08:00
15319,1475598018,10/4/2016 12:00:00 AM,06:20:18,6.56,49.0,30.43,94.0,173.87,4.5,06:14:00,18:08:00
15320,1475597722,10/4/2016 12:00:00 AM,06:15:22,3.89,49.0,30.43,94.0,179.18,3.37,06:14:00,18:08:00
15321,1475597426,10/4/2016 12:00:00 AM,06:10:26,2.89,49.0,30.43,94.0,179.28,3.37,06:14:00,18:08:00
15322,1475597119,10/4/2016 12:00:00 AM,06:05:19,2.14,49.0,30.43,94.0,179.31,3.37,06:14:00,18:08:00
15323,1475596821,10/4/2016 12:00:00 AM,06:00:21,1.2,49.0,30.43,94.0,179.31,3.37,06:14:00,18:08:00
15324,1475596519,10/4/2016 12:00:00 AM,05:55:19,1.26,49.0,30.43,94.0,179.31,3.37,06:14:00,18:08:00
15325,1475596220,10/4/2016 12:00:00 AM,05:50:20,1.22,49.0,30.42,93.0,179.31,4.5,06:14:00,18:08:00
15326,1475595920,10/4/2016 12:00:00 AM,05:45:20,1.25,49.0,30.42,93.0,182.41,4.5,06:14:00,18:08:00
15327,1475595623,10/4/2016 12:00:00 AM,05:40:23,1.23,49.0,30.42,92.0,199.26,3.37,06:14:00,18:08:00
15328,1475595321,10/4/2016 12:00:00 AM,05:35:21,1.22,49.0,30.42,92.0,199.28,3.37,06:14:00,18:08:00
15329,1475595021,10/4/2016 12:00:00 AM,05:30:21,1.28,49.0,30.42,92.0,199.28,3.37,06:14:00,18:08:00
15330,1475594721,10/4/2016 12:00:00 AM,05:25:21,1.23,49.0,30.42,93.0,209.98,4.5,06:14:00,18:08:00
15331,1475594121,10/4/2016 12:00:00 AM,05:15:21,1.17,49.0,30.42,93.0,216.54,3.37,06:14:00,18:08:00
15332,1475593820,10/4/2016 12:00:00 AM,05:10:20,1.27,49.0,30.42,93.0,216.55,2.25,06:14:00,18:08:00
15333,1475593521,10/4/2016 12:00:00 AM,05:05:21,1.22,49.0,30.42,94.0,200.35,3.37,06:14:00,18:08:00
15334,1475593219,10/4/2016 12:00:00 AM,05:00:19,1.21,49.0,30.42,94.0,175.13,4.5,06:14:00,18:08:00
15335,1475592920,10/4/2016 12:00:00 AM,04:55:20,1.22,49.0,30.42,93.0,173.78,3.37,06:14:00,18:08:00
15336,1475592622,10/4/2016 12:00:00 AM,04:50:22,1.24,49.0,30.42,93.0,173.76,3.37,06:14:00,18:08:00
15337,1475592322,10/4/2016 12:00:00 AM,04:45:22,1.2,49.0,30.42,95.0,173.77,3.37,06:14:00,18:08:00
15338,1475592022,10/4/2016 12:00:00 AM,04:40:22,1.25,49.0,30.42,97.0,164.11,6.75,06:14:00,18:08:00
15339,1475591720,10/4/2016 12:00:00 AM,04:35:20,1.22,49.0,30.41,97.0,183.56,3.37,06:14:00,18:08:00
15340,1475591423,10/4/2016 12:00:00 AM,04:30:23,1.23,49.0,30.41,97.0,183.57,3.37,06:14:00,18:08:00
15341,1475591126,10/4/2016 12:00:00 AM,04:25:26,1.22,49.0,30.41,97.0,272.55,3.37,06:14:00,18:08:00
15342,1475590825,10/4/2016 12:00:00 AM,04:20:25,1.23,50.0,30.41,98.0,284.06,1.12,06:14:00,18:08:00
15343,1475590520,10/4/2016 12:00:00 AM,04:15:20,1.23,50.0,30.41,97.0,284.06,0.0,06:14:00,18:08:00
15344,1475590222,10/4/2016 12:00:00 AM,04:10:22,1.23,50.0,30.41,97.0,284.1,0.0,06:14:00,18:08:00
15345,1475589919,10/4/2016 12:00:00 AM,04:05:19,1.23,50.0,30.41,95.0,234.88,2.25,06:14:00,18:08:00
15346,1475589619,10/4/2016 12:00:00 AM,04:00:19,1.25,50.0,30.41,94.0,234.69,3.37,06:14:00,18:08:00
15347,1475589320,10/4/2016 12:00:00 AM,03:55:20,1.23,50.0,30.41,95.0,227.28,4.5,06:14:00,18:08:00
15348,1475589025,10/4/2016 12:00:00 AM,03:50:25,1.27,50.0,30.41,98.0,226.31,5.62,06:14:00,18:08:00
15349,1475588725,10/4/2016 12:00:00 AM,03:45:25,1.23,49.0,30.41,99.0,214.35,5.62,06:14:00,18:08:00
15350,1475588419,10/4/2016 12:00:00 AM,03:40:19,1.22,49.0,30.41,100.0,218.0,5.62,06:14:00,18:08:00
15351,1475588121,10/4/2016 12:00:00 AM,03:35:21,1.23,49.0,30.41,99.0,177.44,5.62,06:14:00,18:08:00
15352,1475587821,10/4/2016 12:00:00 AM,03:30:21,1.22,50.0,30.41,74.83719267708949,159.18,3.37,06:14:00,18:08:00
15353,1475587522,10/4/2016 12:00:00 AM,03:25:22,1.25,50.0,30.41,99.0,157.11,3.37,06:14:00,18:08:00
15354,1475587222,10/4/2016 12:00:00 AM,03:20:22,1.22,50.0,30.41,99.0,121.59,3.37,06:14:00,18:08:00
15355,1475586924,10/4/2016 12:00:00 AM,03:15:24,1.24,50.0,30.42,98.0,14.05,1.12,06:14:00,18:08:00
15356,1475586620,10/4/2016 12:00:00 AM,03:10:20,1.22,50.0,30.42,98.0,14.05,1.12,06:14:00,18:08:00
15357,1475586321,10/4/2016 12:00:00 AM,03:05:21,1.24,51.0,30.42,97.0,13.97,4.5,06:14:00,18:08:00
15358,1475586024,10/4/2016 12:00:00 AM,03:00:24,1.24,50.0,30.42,96.0,13.83,2.25,06:14:00,18:08:00
15359,1475585724,10/4/2016 12:00:00 AM,02:55:24,1.23,50.0,30.42,96.0,144.92,1.12,06:14:00,18:08:00
15360,1475585422,10/4/2016 12:00:00 AM,02:50:22,1.21,50.0,30.41,97.0,144.92,2.25,06:14:00,18:08:00
15361,1475585119,10/4/2016 12:00:00 AM,02:45:19,1.27,50.0,30.42,97.0,126.25,3.37,06:14:00,18:08:00
15362,1475584823,10/4/2016 12:00:00 AM,02:40:23,1.22,50.0,30.41,98.0,122.44,3.37,06:14:00,18:08:00
15363,1475584522,10/4/2016 12:00:00 AM,02:35:22,1.22,50.0,30.42,99.0,111.58,3.37,06:14:00,18:08:00
15364,1475584226,10/4/2016 12:00:00 AM,02:30:26,1.23,50.0,30.42,99.0,114.18,2.25,06:14:00,18:08:00
15365,1475583922,10/4/2016 12:00:00 AM,02:25:22,1.24,50.0,30.42,99.0,110.72,0.0,06:14:00,18:08:00
15366,1475583624,10/4/2016 12:00:00 AM,02:20:24,1.26,50.0,30.42,99.0,110.51,2.25,06:14:00,18:08:00
15367,1475583321,10/4/2016 12:00:00 AM,02:15:21,1.22,50.0,30.42,98.0,125.19,3.37,06:14:00,18:08:00
15368,1475583020,10/4/2016 12:00:00 AM,02:10:20,1.24,51.0,30.42,98.0,91.92,4.5,06:14:00,18:08:00
15369,1475582723,10/4/2016 12:00:00 AM,02:05:23,1.24,50.0,30.43,98.0,54.23,1.12,06:14:00,18:08:00
15370,1475582420,10/4/2016 12:00:00 AM,02:00:20,1.23,50.0,30.43,99.0,53.25,2.25,06:14:00,18:08:00
15371,1475582126,10/4/2016 12:00:00 AM,01:55:26,1.26,50.0,30.43,100.0,81.31,3.37,06:14:00,18:08:00
15372,1475581820,10/4/2016 12:00:00 AM,01:50:20,1.25,50.0,30.43,100.0,121.56,2.25,06:14:00,18:08:00
15373,1475581521,10/4/2016 12:00:00 AM,01:45:21,1.26,50.0,30.43,100.0,120.06,4.5,06:14:00,18:08:00
15374,1475581222,10/4/2016 12:00:00 AM,01:40:22,1.23,50.0,30.43,100.0,136.33,1.12,06:14:00,18:08:00
15375,1475580921,10/4/2016 12:00:00 AM,01:35:21,1.24,50.0,30.43,99.0,130.5,3.37,06:14:00,18:08:00
15376,1475580623,10/4/2016 12:00:00 AM,01:30:23,1.24,50.0,30.43,99.0,159.07,4.5,06:14:00,18:08:00
15377,1475580322,10/4/2016 12:00:00 AM,01:25:22,1.25,50.0,30.43,99.0,151.91,3.37,06:14:00,18:08:00
15378,1475580022,10/4/2016 12:00:00 AM,01:20:22,1.22,50.0,30.43,99.0,146.52,4.5,06:14:00,18:08:00
15379,1475579720,10/4/2016 12:00:00 AM,01:15:20,1.24,50.0,30.43,98.0,168.55,1.12,06:14:00,18:08:00
15380,1475579422,10/4/2016 12:00:00 AM,01:10:22,1.26,51.0,30.43,98.0,174.9,2.25,06:14:00,18:08:00
15381,1475579122,10/4/2016 12:00:00 AM,01:05:22,1.24,51.0,30.43,97.0,39.23,1.12,06:14:00,18:08:00
15382,1475578821,10/4/2016 12:00:00 AM,01:00:21,1.24,51.0,30.44,97.0,26.1,2.25,06:14:00,18:08:00
15383,1475578525,10/4/2016 12:00:00 AM,00:55:25,1.23,52.0,30.44,95.0,171.45,2.25,06:14:00,18:08:00
15384,1475578223,10/4/2016 12:00:00 AM,00:50:23,1.26,52.0,30.44,94.0,171.45,0.0,06:14:00,18:08:00
15385,1475577923,10/4/2016 12:00:00 AM,00:45:23,1.24,52.0,30.44,94.0,171.45,1.12,06:14:00,18:08:00
15386,1475577620,10/4/2016 12:00:00 AM,00:40:20,1.28,52.0,30.44,94.0,171.45,2.25,06:14:00,18:08:00
15387,1475577321,10/4/2016 12:00:00 AM,00:35:21,1.24,52.0,30.44,94.0,174.44,4.5,06:14:00,18:08:00
15388,1475577023,10/4/2016 12:00:00 AM,00:30:23,1.28,52.0,30.44,94.0,188.15,6.75,06:14:00,18:08:00
15389,1475575224,10/4/2016 12:00:00 AM,00:00:24,1.26,52.0,30.44,92.0,150.37,7.87,06:14:00,18:08:00
15390,1475574923,10/3/2016 12:00:00 AM,23:55:23,1.22,52.0,30.44,93.0,152.24,5.62,06:14:00,18:09:00
15391,1475574621,10/3/2016 12:00:00 AM,23:50:21,1.23,52.0,30.44,94.0,144.18,3.37,06:14:00,18:09:00
15392,1475574319,10/3/2016 12:00:00 AM,23:45:19,1.26,52.0,30.44,95.0,71.96,5.62,06:14:00,18:09:00
15393,1475574022,10/3/2016 12:00:00 AM,23:40:22,1.24,52.0,30.45,95.0,129.28,1.12,06:14:00,18:09:00
15394,1475573720,10/3/2016 12:00:00 AM,23:35:20,1.23,52.0,30.45,96.0,168.89,10.12,06:14:00,18:09:00
15395,1475573420,10/3/2016 12:00:00 AM,23:30:20,1.24,51.0,30.45,96.0,149.47,7.87,06:14:00,18:09:00
15396,1475573121,10/3/2016 12:00:00 AM,23:25:21,1.25,51.0,30.44,97.0,146.86,12.37,06:14:00,18:09:00
15397,1475572818,10/3/2016 12:00:00 AM,23:20:18,1.26,51.0,30.44,99.0,132.98,12.37,06:14:00,18:09:00
15398,1475572522,10/3/2016 12:00:00 AM,23:15:22,1.27,51.0,30.44,99.0,56.94,4.5,06:14:00,18:09:00
15399,1475572222,10/3/2016 12:00:00 AM,23:10:22,1.27,51.0,30.45,99.0,72.57,5.62,06:14:00,18:09:00
15400,1475571922,10/3/2016 12:00:00 AM,23:05:22,1.26,51.0,30.45,99.0,112.21,4.5,06:14:00,18:09:00
15401,1475571620,10/3/2016 12:00:00 AM,23:00:20,1.29,51.0,30.45,99.0,159.4,4.5,06:14:00,18:09:00
15402,1475571322,10/3/2016 12:00:00 AM,22:55:22,1.25,51.0,30.45,99.0,147.38,1.12,06:14:00,18:09:00
15403,1475571018,10/3/2016 12:00:00 AM,22:50:18,1.28,51.16507236474315,30.45,99.0,69.45,3.37,06:14:00,18:09:00
15404,1475570722,10/3/2016 12:00:00 AM,22:45:22,1.27,51.0,30.45,99.0,51.82,2.25,06:14:00,18:09:00
15405,1475570419,10/3/2016 12:00:00 AM,22:40:19,1.27,51.0,30.45,99.0,95.2,1.12,06:14:00,18:09:00
15406,1475570121,10/3/2016 12:00:00 AM,22:35:21,1.28,51.0,30.46,99.0,118.88,5.62,06:14:00,18:09:00
15407,1475569825,10/3/2016 12:00:00 AM,22:30:25,1.29,51.0,30.46,99.0,110.11,2.25,06:14:00,18:09:00
15408,1475569524,10/3/2016 12:00:00 AM,22:25:24,1.26,51.0,30.46,99.0,113.22,2.25,06:14:00,18:09:00
15409,1475569224,10/3/2016 12:00:00 AM,22:20:24,1.28,51.0,30.46,99.0,155.89,3.37,06:14:00,18:09:00
15410,1475568919,10/3/2016 12:00:00 AM,22:15:19,1.23,51.0,30.46,99.0,65.15,1.12,06:14:00,18:09:00
15411,1475568620,10/3/2016 12:00:00 AM,22:10:20,1.28,51.0,30.46,99.0,166.74,2.25,06:14:00,18:09:00
15412,1475568322,10/3/2016 12:00:00 AM,22:05:22,1.27,51.0,30.46,99.0,141.73,9.0,06:14:00,18:09:00
15413,1475568021,10/3/2016 12:00:00 AM,22:00:21,1.28,51.0,30.46,99.0,91.49,2.25,06:14:00,18:09:00
15414,1475567723,10/3/2016 12:00:00 AM,21:55:23,1.22,51.0,30.46,100.0,85.86,4.5,06:14:00,18:09:00
15415,1475567425,10/3/2016 12:00:00 AM,21:50:25,1.26,51.0,30.47,100.0,45.76,3.37,06:14:00,18:09:00
15416,1475567123,10/3/2016 12:00:00 AM,21:45:23,1.29,51.0,30.46,100.0,161.71,1.12,06:14:00,18:09:00
15417,1475566822,10/3/2016 12:00:00 AM,21:40:22,1.27,52.0,30.46,100.0,140.8,3.37,06:14:00,18:09:00
15418,1475566525,10/3/2016 12:00:00 AM,21:35:25,1.27,51.0,30.46,100.0,161.01,1.12,06:14:00,18:09:00
15419,1475566227,10/3/2016 12:00:00 AM,21:30:27,1.3,52.0,30.46,100.0,86.97,2.25,06:14:00,18:09:00
15420,1475565919,10/3/2016 12:00:00 AM,21:25:19,1.3,52.0,30.46,99.0,117.55,3.37,06:14:00,18:09:00
15421,1475565622,10/3/2016 12:00:00 AM,21:20:22,1.28,52.0,30.46,99.0,60.79,1.12,06:14:00,18:09:00
15422,1475565325,10/3/2016 12:00:00 AM,21:15:25,1.24,52.0,30.46,99.0,33.23,0.0,06:14:00,18:09:00
15423,1475565023,10/3/2016 12:00:00 AM,21:10:23,1.3,52.0,30.46,99.0,136.27,5.62,06:14:00,18:09:00
15424,1475564722,10/3/2016 12:00:00 AM,21:05:22,1.29,52.0,30.45,99.0,87.88,7.87,06:14:00,18:09:00
15425,1475564421,10/3/2016 12:00:00 AM,21:00:21,1.29,52.0,30.45,99.0,39.76,2.25,06:14:00,18:09:00
15426,1475564124,10/3/2016 12:00:00 AM,20:55:24,1.28,52.0,30.45,99.0,154.28,1.12,06:14:00,18:09:00
15427,1475563821,10/3/2016 12:00:00 AM,20:50:21,1.27,52.0,30.45,99.0,58.21,1.12,06:14:00,18:09:00
15428,1475563537,10/3/2016 12:00:00 AM,20:45:37,1.26,52.0,30.45,99.0,128.44,3.37,06:14:00,18:09:00
15429,1475562943,10/3/2016 12:00:00 AM,20:35:43,1.22,52.0,30.45,99.0,102.3,4.5,06:14:00,18:09:00
15430,1475562625,10/3/2016 12:00:00 AM,20:30:25,1.25,51.16507236474315,30.45,99.0,63.42,5.62,06:14:00,18:09:00
15431,1475562323,10/3/2016 12:00:00 AM,20:25:23,1.28,52.0,30.45,99.0,78.58,4.5,06:14:00,18:09:00
15432,1475562024,10/3/2016 12:00:00 AM,20:20:24,1.21,52.0,30.45,98.0,73.23,2.25,06:14:00,18:09:00
15433,1475561720,10/3/2016 12:00:00 AM,20:15:20,1.28,52.0,30.45,98.0,78.1,5.62,06:14:00,18:09:00
15434,1475561423,10/3/2016 12:00:00 AM,20:10:23,1.25,52.0,30.45,98.0,96.64,2.25,06:14:00,18:09:00
15435,1475561118,10/3/2016 12:00:00 AM,20:05:18,1.22,52.0,30.45,98.0,154.8,1.12,06:14:00,18:09:00
15436,1475560823,10/3/2016 12:00:00 AM,20:00:23,1.19,52.0,30.45,98.0,137.32,4.5,06:14:00,18:09:00
15437,1475560546,10/3/2016 12:00:00 AM,19:55:46,1.25,52.0,30.45,98.0,155.84,5.62,06:14:00,18:09:00
15438,1475560220,10/3/2016 12:00:00 AM,19:50:20,1.22,52.0,30.45,98.0,111.93,3.37,06:14:00,18:09:00
15439,1475559918,10/3/2016 12:00:00 AM,19:45:18,1.27,52.0,30.45,98.0,73.75,1.12,06:14:00,18:09:00
15440,1475559622,10/3/2016 12:00:00 AM,19:40:22,1.21,52.0,30.44,74.83719267708949,120.36,2.25,06:14:00,18:09:00
15441,1475559324,10/3/2016 12:00:00 AM,19:35:24,1.26,52.0,30.44,98.0,159.23,6.75,06:14:00,18:09:00
15442,1475559021,10/3/2016 12:00:00 AM,19:30:21,1.26,52.0,30.44,99.0,169.63,9.0,06:14:00,18:09:00
15443,1475558719,10/3/2016 12:00:00 AM,19:25:19,1.27,52.0,30.44,98.0,163.75,5.62,06:14:00,18:09:00
15444,1475558421,10/3/2016 12:00:00 AM,19:20:21,1.25,52.0,30.44,98.0,167.29,4.5,06:14:00,18:09:00
15445,1475558121,10/3/2016 12:00:00 AM,19:15:21,1.26,52.0,30.44,99.0,143.71,5.62,06:14:00,18:09:00
15446,1475557824,10/3/2016 12:00:00 AM,19:10:24,1.24,52.0,30.44,99.0,139.21,10.12,06:14:00,18:09:00
15447,1475557520,10/3/2016 12:00:00 AM,19:05:20,1.21,52.0,30.44,99.0,98.03,4.5,06:14:00,18:09:00
15448,1475557221,10/3/2016 12:00:00 AM,19:00:21,1.25,52.0,30.43,100.0,56.25,3.37,06:14:00,18:09:00
15449,1475556925,10/3/2016 12:00:00 AM,18:55:25,1.23,52.0,30.43,100.0,67.87,5.62,06:14:00,18:09:00
15450,1475556620,10/3/2016 12:00:00 AM,18:50:20,1.23,52.0,30.43,100.0,148.03,5.62,06:14:00,18:09:00
15451,1475556320,10/3/2016 12:00:00 AM,18:45:20,1.21,52.0,30.43,100.0,67.67,2.25,06:14:00,18:09:00
15452,1475556022,10/3/2016 12:00:00 AM,18:40:22,1.18,52.0,30.43,100.0,132.78,5.62,06:14:00,18:09:00
15453,1475555742,10/3/2016 12:00:00 AM,18:35:42,1.26,52.0,30.43,100.0,73.35,10.12,06:14:00,18:09:00
15454,1475555421,10/3/2016 12:00:00 AM,18:30:21,1.24,52.0,30.43,101.0,123.72,6.75,06:14:00,18:09:00
15455,1475554820,10/3/2016 12:00:00 AM,18:20:20,1.23,52.0,30.43,101.0,135.9,4.5,06:14:00,18:09:00
15456,1475554522,10/3/2016 12:00:00 AM,18:15:22,1.26,52.0,30.43,101.0,143.54770303349548,4.5,06:14:00,18:09:00
15457,1475554226,10/3/2016 12:00:00 AM,18:10:26,1.69,52.0,30.43,102.0,91.97,7.87,06:14:00,18:09:00
15458,1475553924,10/3/2016 12:00:00 AM,18:05:24,2.63,52.0,30.42,102.0,113.06,5.62,06:14:00,18:09:00
15459,1475553625,10/3/2016 12:00:00 AM,18:00:25,5.89,52.0,30.42,102.0,141.6,5.62,06:14:00,18:09:00
15460,1475553320,10/3/2016 12:00:00 AM,17:55:20,11.42,52.0,30.42,102.0,122.06,10.12,06:14:00,18:09:00
15461,1475553026,10/3/2016 12:00:00 AM,17:50:26,16.33,52.0,30.42,102.0,102.75,4.5,06:14:00,18:09:00
15462,1475552721,10/3/2016 12:00:00 AM,17:45:21,22.0,52.0,30.42,102.0,61.77,7.87,06:14:00,18:09:00
15463,1475552422,10/3/2016 12:00:00 AM,17:40:22,28.67,52.0,30.42,102.0,147.6,4.5,06:14:00,18:09:00
15464,1475552122,10/3/2016 12:00:00 AM,17:35:22,36.24,52.0,30.42,102.0,186.84,6.75,06:14:00,18:09:00
15465,1475551822,10/3/2016 12:00:00 AM,17:30:22,44.82,52.0,30.42,102.0,119.13,12.37,06:14:00,18:09:00
15466,1475551522,10/3/2016 12:00:00 AM,17:25:22,51.74,52.0,30.42,102.0,116.37,9.0,06:14:00,18:09:00
15467,1475551225,10/3/2016 12:00:00 AM,17:20:25,55.62,52.0,30.42,102.0,166.43,3.37,06:14:00,18:09:00
15468,1475550926,10/3/2016 12:00:00 AM,17:15:26,57.84,52.0,30.42,102.0,58.89,2.25,06:14:00,18:09:00
15469,1475550621,10/3/2016 12:00:00 AM,17:10:21,58.71,53.0,30.42,102.0,53.36,4.5,06:14:00,18:09:00
15470,1475550320,10/3/2016 12:00:00 AM,17:05:20,66.45,53.0,30.42,102.0,46.09,3.37,06:14:00,18:09:00
15471,1475550020,10/3/2016 12:00:00 AM,17:00:20,53.23,53.0,30.41,102.0,40.49,4.5,06:14:00,18:09:00
15472,1475549719,10/3/2016 12:00:00 AM,16:55:19,60.67,53.0,30.42,102.0,60.98,5.62,06:14:00,18:09:00
15473,1475549427,10/3/2016 12:00:00 AM,16:50:27,71.75,53.0,30.42,102.0,58.98,6.75,06:14:00,18:09:00
15474,1475549119,10/3/2016 12:00:00 AM,16:45:19,78.98,53.0,30.42,102.0,49.38,9.0,06:14:00,18:09:00
15475,1475548822,10/3/2016 12:00:00 AM,16:40:22,86.18,53.0,30.41,102.0,86.02,3.37,06:14:00,18:09:00
15476,1475548521,10/3/2016 12:00:00 AM,16:35:21,101.41,53.0,30.42,102.0,91.21,3.37,06:14:00,18:09:00
15477,1475548224,10/3/2016 12:00:00 AM,16:30:24,93.56,53.0,30.41,102.0,55.29,3.37,06:14:00,18:09:00
15478,1475547920,10/3/2016 12:00:00 AM,16:25:20,131.69,53.0,30.41,102.0,94.7,3.37,06:14:00,18:09:00
15479,1475547623,10/3/2016 12:00:00 AM,16:20:23,157.89,53.0,30.41,102.0,99.45,3.37,06:14:00,18:09:00
15480,1475547319,10/3/2016 12:00:00 AM,16:15:19,185.82,54.0,30.41,102.0,74.67,2.25,06:14:00,18:09:00
15481,1475547021,10/3/2016 12:00:00 AM,16:10:21,199.36,53.0,30.41,102.0,86.18,5.62,06:14:00,18:09:00
15482,1475546727,10/3/2016 12:00:00 AM,16:05:27,237.18,53.0,30.41,102.0,45.49,4.5,06:14:00,18:09:00
15483,1475546421,10/3/2016 12:00:00 AM,16:00:21,169.82,53.0,30.41,102.0,90.96,5.62,06:14:00,18:09:00
15484,1475546121,10/3/2016 12:00:00 AM,15:55:21,187.04,53.0,30.41,102.0,42.83,4.5,06:14:00,18:09:00
15485,1475545820,10/3/2016 12:00:00 AM,15:50:20,233.29,53.0,30.41,102.0,89.47,10.12,06:14:00,18:09:00
15486,1475545523,10/3/2016 12:00:00 AM,15:45:23,290.28,53.0,30.41,102.0,150.65,5.62,06:14:00,18:09:00
15487,1475545222,10/3/2016 12:00:00 AM,15:40:22,205.49,53.0,30.41,102.0,106.5,4.5,06:14:00,18:09:00
15488,1475544923,10/3/2016 12:00:00 AM,15:35:23,210.88,53.0,30.42,102.0,6.56,2.25,06:14:00,18:09:00
15489,1475544620,10/3/2016 12:00:00 AM,15:30:20,159.98,53.0,30.42,102.0,43.53,5.62,06:14:00,18:09:00
15490,1475544323,10/3/2016 12:00:00 AM,15:25:23,171.69,53.0,30.42,102.0,354.88,4.5,06:14:00,18:09:00
15491,1475544020,10/3/2016 12:00:00 AM,15:20:20,136.94,53.0,30.42,102.0,67.93,4.5,06:14:00,18:09:00
15492,1475543720,10/3/2016 12:00:00 AM,15:15:20,135.68,53.0,30.42,102.0,83.61,7.87,06:14:00,18:09:00
15493,1475543419,10/3/2016 12:00:00 AM,15:10:19,182.51,53.0,30.42,102.0,141.3,6.75,06:14:00,18:09:00
15494,1475543123,10/3/2016 12:00:00 AM,15:05:23,188.14,53.0,30.42,102.0,56.08,6.75,06:14:00,18:09:00
15495,1475542819,10/3/2016 12:00:00 AM,15:00:19,167.74,53.0,30.42,102.0,56.61,9.0,06:14:00,18:09:00
15496,1475542522,10/3/2016 12:00:00 AM,14:55:22,148.06,53.0,30.42,102.0,62.1,1.12,06:14:00,18:09:00
15497,1475542220,10/3/2016 12:00:00 AM,14:50:20,148.35,53.0,30.42,102.0,11.41,5.62,06:14:00,18:09:00
15498,1475541920,10/3/2016 12:00:00 AM,14:45:20,177.67,53.0,30.41,102.0,86.79,2.25,06:14:00,18:09:00
15499,1475541621,10/3/2016 12:00:00 AM,14:40:21,195.02,53.0,30.42,102.0,82.51,7.87,06:14:00,18:09:00
15500,1475541322,10/3/2016 12:00:00 AM,14:35:22,157.07,53.0,30.42,102.0,65.63,12.37,06:14:00,18:09:00
15501,1475541020,10/3/2016 12:00:00 AM,14:30:20,142.93,54.0,30.42,102.0,353.35,5.62,06:14:00,18:09:00
15502,1475540718,10/3/2016 12:00:00 AM,14:25:18,211.46,54.0,30.42,102.0,84.85,5.62,06:14:00,18:09:00
15503,1475540422,10/3/2016 12:00:00 AM,14:20:22,170.56,54.0,30.42,101.0,28.37,1.12,06:14:00,18:09:00
15504,1475540125,10/3/2016 12:00:00 AM,14:15:25,164.57,53.0,30.42,101.0,10.12,3.37,06:14:00,18:09:00
15505,1475539820,10/3/2016 12:00:00 AM,14:10:20,141.58,54.0,30.43,101.0,26.83,1.12,06:14:00,18:09:00
15506,1475539519,10/3/2016 12:00:00 AM,14:05:19,153.21,54.0,30.43,101.0,123.26,2.25,06:14:00,18:09:00
15507,1475539222,10/3/2016 12:00:00 AM,14:00:22,256.74,54.0,30.43,101.0,10.76,7.87,06:14:00,18:09:00
15508,1475538921,10/3/2016 12:00:00 AM,13:55:21,265.47,54.0,30.43,101.0,78.11,3.37,06:14:00,18:09:00
15509,1475538625,10/3/2016 12:00:00 AM,13:50:25,321.0,54.0,30.43,101.0,36.54,4.5,06:14:00,18:09:00
15510,1475538321,10/3/2016 12:00:00 AM,13:45:21,367.41,54.0,30.43,101.0,30.73,7.87,06:14:00,18:09:00
15511,1475538021,10/3/2016 12:00:00 AM,13:40:21,391.82,54.0,30.43,101.0,71.55,6.75,06:14:00,18:09:00
15512,1475537718,10/3/2016 12:00:00 AM,13:35:18,384.65,54.0,30.43,101.0,61.6,2.25,06:14:00,18:09:00
15513,1475537118,10/3/2016 12:00:00 AM,13:25:18,430.46,54.0,30.43,101.0,47.18,5.62,06:14:00,18:09:00
15514,1475536819,10/3/2016 12:00:00 AM,13:20:19,358.42,54.0,30.43,101.0,96.22,7.87,06:14:00,18:09:00
15515,1475536520,10/3/2016 12:00:00 AM,13:15:20,336.57,54.0,30.43,101.0,93.1,4.5,06:14:00,18:09:00
15516,1475536219,10/3/2016 12:00:00 AM,13:10:19,357.22,54.0,30.43,101.0,66.3,13.5,06:14:00,18:09:00
15517,1475535919,10/3/2016 12:00:00 AM,13:05:19,292.29,54.0,30.44,101.0,92.36,9.0,06:14:00,18:09:00
15518,1475535620,10/3/2016 12:00:00 AM,13:00:20,215.19,54.0,30.44,101.0,18.88,9.0,06:14:00,18:09:00
15519,1475535320,10/3/2016 12:00:00 AM,12:55:20,216.73,54.0,30.44,101.0,75.44,3.37,06:14:00,18:09:00
15520,1475535020,10/3/2016 12:00:00 AM,12:50:20,257.27,55.0,30.44,101.0,314.76,7.87,06:14:00,18:09:00
15521,1475534721,10/3/2016 12:00:00 AM,12:45:21,256.51,54.0,30.44,101.0,30.04,4.5,06:14:00,18:09:00
15522,1475534419,10/3/2016 12:00:00 AM,12:40:19,357.38,54.0,30.44,101.0,83.95,5.62,06:14:00,18:09:00
15523,1475534123,10/3/2016 12:00:00 AM,12:35:23,384.88,55.0,30.44,101.0,7.62,2.25,06:14:00,18:09:00
15524,1475533820,10/3/2016 12:00:00 AM,12:30:20,393.86,54.0,30.45,101.0,53.26,5.62,06:14:00,18:09:00
15525,1475533523,10/3/2016 12:00:00 AM,12:25:23,408.98,54.0,30.45,101.0,359.93,4.5,06:14:00,18:09:00
15526,1475533222,10/3/2016 12:00:00 AM,12:20:22,367.89,55.0,30.45,101.0,54.98,9.0,06:14:00,18:09:00
15527,1475532921,10/3/2016 12:00:00 AM,12:15:21,462.99,55.0,30.45,101.0,163.52,2.25,06:14:00,18:09:00
15528,1475532620,10/3/2016 12:00:00 AM,12:10:20,572.72,54.0,30.45,101.0,65.84,5.62,06:14:00,18:09:00
15529,1475532318,10/3/2016 12:00:00 AM,12:05:18,502.9,54.0,30.45,101.0,81.45,4.5,06:14:00,18:09:00
15530,1475532020,10/3/2016 12:00:00 AM,12:00:20,374.87,54.0,30.45,101.0,0.1,5.62,06:14:00,18:09:00
15531,1475531720,10/3/2016 12:00:00 AM,11:55:20,283.73,54.0,30.45,101.0,31.57,5.62,06:14:00,18:09:00
15532,1475531422,10/3/2016 12:00:00 AM,11:50:22,271.04,54.0,30.45,101.0,63.03,4.5,06:14:00,18:09:00
15533,1475531120,10/3/2016 12:00:00 AM,11:45:20,312.65,54.0,30.45,101.0,132.3,5.62,06:14:00,18:09:00
15534,1475530820,10/3/2016 12:00:00 AM,11:40:20,287.07,54.0,30.46,101.0,40.16,7.87,06:14:00,18:09:00
15535,1475530522,10/3/2016 12:00:00 AM,11:35:22,277.04,54.0,30.46,100.0,42.47,10.12,06:14:00,18:09:00
15536,1475530218,10/3/2016 12:00:00 AM,11:30:18,361.15,54.0,30.46,100.0,80.63,6.75,06:14:00,18:09:00
15537,1475529921,10/3/2016 12:00:00 AM,11:25:21,297.2,54.0,30.46,100.0,69.03,9.0,06:14:00,18:09:00
15538,1475529623,10/3/2016 12:00:00 AM,11:20:23,263.97,54.0,30.46,100.0,33.07,2.25,06:14:00,18:09:00
15539,1475529319,10/3/2016 12:00:00 AM,11:15:19,325.89,54.0,30.46,100.0,68.19,4.5,06:14:00,18:09:00
15540,1475529023,10/3/2016 12:00:00 AM,11:10:23,270.56,54.0,30.46,100.0,32.1,9.0,06:14:00,18:09:00
15541,1475528722,10/3/2016 12:00:00 AM,11:05:22,339.04,55.0,30.46,99.0,49.65,4.5,06:14:00,18:09:00
15542,1475528422,10/3/2016 12:00:00 AM,11:00:22,377.38,55.0,30.46,99.0,82.92,9.0,06:14:00,18:09:00
15543,1475528120,10/3/2016 12:00:00 AM,10:55:20,416.66,55.0,30.46,99.0,0.12,6.75,06:14:00,18:09:00
15544,1475527824,10/3/2016 12:00:00 AM,10:50:24,504.83,55.0,30.47,99.0,34.58,1.12,06:14:00,18:09:00
15545,1475527522,10/3/2016 12:00:00 AM,10:45:22,564.08,55.0,30.47,99.0,8.28,12.37,06:14:00,18:09:00
15546,1475527225,10/3/2016 12:00:00 AM,10:40:25,491.43,55.0,30.47,98.0,31.77,3.37,06:14:00,18:09:00
15547,1475526918,10/3/2016 12:00:00 AM,10:35:18,500.38,55.0,30.47,98.0,340.96,10.12,06:14:00,18:09:00
15548,1475526623,10/3/2016 12:00:00 AM,10:30:23,484.57,56.0,30.47,97.0,72.57,12.37,06:14:00,18:09:00
15549,1475526318,10/3/2016 12:00:00 AM,10:25:18,452.64,56.0,30.47,97.0,97.67,6.75,06:14:00,18:09:00
15550,1475526018,10/3/2016 12:00:00 AM,10:20:18,479.73,56.0,30.47,98.0,334.72,3.37,06:14:00,18:09:00
15551,1475525724,10/3/2016 12:00:00 AM,10:15:24,518.0,55.0,30.47,99.0,349.64,9.0,06:14:00,18:09:00
15552,1475525424,10/3/2016 12:00:00 AM,10:10:24,495.76,55.0,30.47,99.0,88.28,11.25,06:14:00,18:09:00
15553,1475525128,10/3/2016 12:00:00 AM,10:05:28,556.98,55.0,30.47,98.0,67.12,9.0,06:14:00,18:09:00
15554,1475524821,10/3/2016 12:00:00 AM,10:00:21,442.77,55.0,30.47,98.0,154.4,1.12,06:14:00,18:09:00
15555,1475524530,10/3/2016 12:00:00 AM,09:55:30,445.22,55.0,30.47,97.0,35.78,7.87,06:14:00,18:09:00
15556,1475524220,10/3/2016 12:00:00 AM,09:50:20,397.5,55.0,30.47,97.0,2.83,3.37,06:14:00,18:09:00
15557,1475523923,10/3/2016 12:00:00 AM,09:45:23,382.15,55.0,30.47,95.0,1.32,4.5,06:14:00,18:09:00
15558,1475523624,10/3/2016 12:00:00 AM,09:40:24,354.58,55.0,30.47,95.0,4.12,4.5,06:14:00,18:09:00
15559,1475523323,10/3/2016 12:00:00 AM,09:35:23,403.39,55.0,30.47,93.0,98.71,6.75,06:14:00,18:09:00
15560,1475523019,10/3/2016 12:00:00 AM,09:30:19,460.27,56.0,30.47,93.0,335.9,4.5,06:14:00,18:09:00
15561,1475522721,10/3/2016 12:00:00 AM,09:25:21,429.39,56.0,30.47,89.0,107.09,4.5,06:14:00,18:09:00
15562,1475522422,10/3/2016 12:00:00 AM,09:20:22,414.76,56.0,30.47,90.0,72.97,4.5,06:14:00,18:09:00
15563,1475522122,10/3/2016 12:00:00 AM,09:15:22,397.8,56.0,30.47,89.0,103.9,6.75,06:14:00,18:09:00
15564,1475521823,10/3/2016 12:00:00 AM,09:10:23,350.42,55.0,30.47,89.0,139.28,5.62,06:14:00,18:09:00
15565,1475521518,10/3/2016 12:00:00 AM,09:05:18,344.63,55.0,30.47,90.0,113.31,9.0,06:14:00,18:09:00
15566,1475521223,10/3/2016 12:00:00 AM,09:00:23,371.76,55.0,30.47,91.0,123.38,10.12,06:14:00,18:09:00
15567,1475520921,10/3/2016 12:00:00 AM,08:55:21,341.58,54.0,30.47,91.0,163.55,7.87,06:14:00,18:09:00
15568,1475520620,10/3/2016 12:00:00 AM,08:50:20,312.42,54.0,30.46,90.0,123.13,10.12,06:14:00,18:09:00
15569,1475520325,10/3/2016 12:00:00 AM,08:45:25,346.55,54.0,30.46,91.0,148.56,7.87,06:14:00,18:09:00
15570,1475520024,10/3/2016 12:00:00 AM,08:40:24,315.44,54.0,30.46,91.0,89.33,5.62,06:14:00,18:09:00
15571,1475519721,10/3/2016 12:00:00 AM,08:35:21,284.67,54.0,30.46,90.0,120.16,11.25,06:14:00,18:09:00
15572,1475519422,10/3/2016 12:00:00 AM,08:30:22,246.02,54.0,30.46,91.0,101.47,12.37,06:14:00,18:09:00
15573,1475519127,10/3/2016 12:00:00 AM,08:25:27,231.58,53.0,30.46,91.0,105.3,6.75,06:14:00,18:09:00
15574,1475518822,10/3/2016 12:00:00 AM,08:20:22,237.31,53.0,30.46,90.0,109.28,4.5,06:14:00,18:09:00
15575,1475518223,10/3/2016 12:00:00 AM,08:10:23,283.24,53.0,30.45,90.0,134.49,12.37,06:14:00,18:09:00
15576,1475517922,10/3/2016 12:00:00 AM,08:05:22,294.95,53.0,30.45,90.0,119.89,11.25,06:14:00,18:09:00
15577,1475517618,10/3/2016 12:00:00 AM,08:00:18,272.34,52.0,30.45,89.0,121.05,13.5,06:14:00,18:09:00
15578,1475517323,10/3/2016 12:00:00 AM,07:55:23,221.45,52.0,30.45,87.0,72.11,10.12,06:14:00,18:09:00
15579,1475517023,10/3/2016 12:00:00 AM,07:50:23,211.05,52.0,30.45,86.0,119.51,6.75,06:14:00,18:09:00
15580,1475516721,10/3/2016 12:00:00 AM,07:45:21,227.57,52.0,30.45,85.0,174.02,4.5,06:14:00,18:09:00
15581,1475516419,10/3/2016 12:00:00 AM,07:40:19,200.78,51.0,30.45,84.0,140.83,6.75,06:14:00,18:09:00
15582,1475516122,10/3/2016 12:00:00 AM,07:35:22,193.93,51.0,30.45,85.0,134.7,7.87,06:14:00,18:09:00
15583,1475515823,10/3/2016 12:00:00 AM,07:30:23,194.03,51.0,30.45,84.0,173.57,6.75,06:14:00,18:09:00
15584,1475515521,10/3/2016 12:00:00 AM,07:25:21,177.14,50.0,30.45,85.0,115.89,4.5,06:14:00,18:09:00
15585,1475515227,10/3/2016 12:00:00 AM,07:20:27,176.49,50.0,30.44,86.0,141.85,9.0,06:14:00,18:09:00
15586,1475514921,10/3/2016 12:00:00 AM,07:15:21,157.14,49.0,30.44,86.0,78.38,7.87,06:14:00,18:09:00
15587,1475514622,10/3/2016 12:00:00 AM,07:10:22,120.53,49.0,30.44,86.0,120.61,5.62,06:14:00,18:09:00
15588,1475514319,10/3/2016 12:00:00 AM,07:05:19,110.48,49.0,30.423028000868246,84.0,170.22,3.37,06:14:00,18:09:00
15589,1475514022,10/3/2016 12:00:00 AM,07:00:22,94.56,49.0,30.44,82.0,137.18,3.37,06:14:00,18:09:00
15590,1475513720,10/3/2016 12:00:00 AM,06:55:20,77.75,49.0,30.43,81.0,142.92,6.75,06:14:00,18:09:00
15591,1475513420,10/3/2016 12:00:00 AM,06:50:20,64.13,48.0,30.43,80.0,146.68,7.87,06:14:00,18:09:00
15592,1475513123,10/3/2016 12:00:00 AM,06:45:23,51.45,49.0,30.43,81.0,156.79,7.87,06:14:00,18:09:00
15593,1475512819,10/3/2016 12:00:00 AM,06:40:19,38.87,49.0,30.43,80.0,146.68,5.62,06:14:00,18:09:00
15594,1475512521,10/3/2016 12:00:00 AM,06:35:21,28.31,49.0,30.43,79.0,143.71,5.62,06:14:00,18:09:00
15595,1475512223,10/3/2016 12:00:00 AM,06:30:23,19.7,49.0,30.43,81.0,119.1,3.37,06:14:00,18:09:00
15596,1475511919,10/3/2016 12:00:00 AM,06:25:19,12.52,48.0,30.43,81.0,128.26,7.87,06:14:00,18:09:00
15597,1475511622,10/3/2016 12:00:00 AM,06:20:22,6.92,48.0,30.43,80.0,76.1,4.5,06:14:00,18:09:00
15598,1475511325,10/3/2016 12:00:00 AM,06:15:25,2.96,48.0,30.42,80.0,187.05,6.75,06:14:00,18:09:00
15599,1475511026,10/3/2016 12:00:00 AM,06:10:26,2.05,48.0,30.42,81.0,181.81,10.12,06:14:00,18:09:00
15600,1475510720,10/3/2016 12:00:00 AM,06:05:20,1.37,48.0,30.42,84.0,157.21,6.75,06:14:00,18:09:00
15601,1475510420,10/3/2016 12:00:00 AM,06:00:20,1.26,48.0,30.42,89.0,158.26,2.25,06:14:00,18:09:00
15602,1475510124,10/3/2016 12:00:00 AM,05:55:24,1.17,48.0,30.42,89.0,93.95,2.25,06:14:00,18:09:00
15603,1475509819,10/3/2016 12:00:00 AM,05:50:19,1.21,48.0,30.42,89.0,110.74,6.229096658193317,06:14:00,18:09:00
15604,1475509521,10/3/2016 12:00:00 AM,05:45:21,1.19,48.0,30.42,90.0,61.26,2.25,06:14:00,18:09:00
15605,1475509218,10/3/2016 12:00:00 AM,05:40:18,1.25,48.0,30.42,90.0,84.7,6.229096658193317,06:14:00,18:09:00
15606,1475508922,10/3/2016 12:00:00 AM,05:35:22,1.21,48.0,30.42,90.0,108.76,2.25,06:14:00,18:09:00
15607,1475508624,10/3/2016 12:00:00 AM,05:30:24,1.23,48.0,30.42,93.0,151.19,3.37,06:14:00,18:09:00
15608,1475508323,10/3/2016 12:00:00 AM,05:25:23,1.24,48.0,30.42,92.0,159.0,1.12,06:14:00,18:09:00
15609,1475508021,10/3/2016 12:00:00 AM,05:20:21,1.21,48.0,30.42,92.0,159.24,5.62,06:14:00,18:09:00
15610,1475507723,10/3/2016 12:00:00 AM,05:15:23,1.23,48.0,30.42,93.0,144.97,2.25,06:14:00,18:09:00
15611,1475507421,10/3/2016 12:00:00 AM,05:10:21,1.23,48.0,30.42,93.0,136.35,4.5,06:14:00,18:09:00
15612,1475507126,10/3/2016 12:00:00 AM,05:05:26,1.22,49.0,30.42,93.0,129.82,12.37,06:14:00,18:09:00
15613,1475506818,10/3/2016 12:00:00 AM,05:00:18,1.29,48.0,30.42,92.0,144.12,4.5,06:14:00,18:09:00
15614,1475506527,10/3/2016 12:00:00 AM,04:55:27,1.2,48.0,30.42,92.0,149.13,2.25,06:14:00,18:09:00
15615,1475506220,10/3/2016 12:00:00 AM,04:50:20,1.21,48.0,30.42,93.0,153.9,7.87,06:14:00,18:09:00
15616,1475505921,10/3/2016 12:00:00 AM,04:45:21,1.23,48.0,30.42,94.0,162.66,4.5,06:14:00,18:09:00
15617,1475505620,10/3/2016 12:00:00 AM,04:40:20,1.25,48.0,30.42,95.0,167.82,5.62,06:14:00,18:09:00
15618,1475505322,10/3/2016 12:00:00 AM,04:35:22,1.23,49.0,30.42,95.0,157.52,6.75,06:14:00,18:09:00
15619,1475505019,10/3/2016 12:00:00 AM,04:30:19,1.23,49.0,30.42,96.0,176.07,4.5,06:14:00,18:09:00
15620,1475504720,10/3/2016 12:00:00 AM,04:25:20,1.23,48.0,30.423028000868246,96.0,140.69,7.87,06:14:00,18:09:00
15621,1475504421,10/3/2016 12:00:00 AM,04:20:21,1.25,48.0,30.42,97.0,138.49,7.87,06:14:00,18:09:00
15622,1475504120,10/3/2016 12:00:00 AM,04:15:20,1.24,48.0,30.42,98.0,142.57,11.25,06:14:00,18:09:00
15623,1475503822,10/3/2016 12:00:00 AM,04:10:22,1.23,48.0,30.42,99.0,150.45,9.0,06:14:00,18:09:00
15624,1475503526,10/3/2016 12:00:00 AM,04:05:26,1.25,48.0,30.42,99.0,131.12,9.0,06:14:00,18:09:00
15625,1475503222,10/3/2016 12:00:00 AM,04:00:22,1.24,48.0,30.42,99.0,106.53,7.87,06:14:00,18:09:00
15626,1475502919,10/3/2016 12:00:00 AM,03:55:19,1.24,48.0,30.42,100.0,141.7,7.87,06:14:00,18:09:00
15627,1475502623,10/3/2016 12:00:00 AM,03:50:23,1.21,47.0,30.42,100.0,143.9,2.25,06:14:00,18:09:00
15628,1475502321,10/3/2016 12:00:00 AM,03:45:21,1.21,47.0,30.42,101.0,79.89,1.12,06:14:00,18:09:00
15629,1475502029,10/3/2016 12:00:00 AM,03:40:29,1.23,47.0,30.42,101.0,165.12,1.12,06:14:00,18:09:00
15630,1475501723,10/3/2016 12:00:00 AM,03:35:23,1.22,47.0,30.42,102.0,123.02,2.25,06:14:00,18:09:00
15631,1475501426,10/3/2016 12:00:00 AM,03:30:26,1.23,47.0,30.42,102.0,118.41,5.62,06:14:00,18:09:00
15632,1475501128,10/3/2016 12:00:00 AM,03:25:28,1.22,47.0,30.42,102.0,128.25,9.0,06:14:00,18:09:00
15633,1475500826,10/3/2016 12:00:00 AM,03:20:26,1.2,47.0,30.42,102.0,164.64,3.37,06:14:00,18:09:00
15634,1475500519,10/3/2016 12:00:00 AM,03:15:19,1.22,47.0,30.42,102.0,141.15,7.87,06:14:00,18:09:00
15635,1475500219,10/3/2016 12:00:00 AM,03:10:19,1.24,47.0,30.42,102.0,131.66,3.37,06:14:00,18:09:00
15636,1475499925,10/3/2016 12:00:00 AM,03:05:25,1.21,47.0,30.42,102.0,138.92,7.87,06:14:00,18:09:00
15637,1475499620,10/3/2016 12:00:00 AM,03:00:20,1.21,47.0,30.42,102.0,121.41,3.37,06:14:00,18:09:00
15638,1475499322,10/3/2016 12:00:00 AM,02:55:22,1.23,48.0,30.42,102.0,122.83,1.12,06:14:00,18:09:00
15639,1475499022,10/3/2016 12:00:00 AM,02:50:22,1.25,48.0,30.42,102.0,148.21,2.25,06:14:00,18:09:00
15640,1475498721,10/3/2016 12:00:00 AM,02:45:21,1.24,48.0,30.42,102.0,160.25,2.25,06:14:00,18:09:00
15641,1475498421,10/3/2016 12:00:00 AM,02:40:21,1.22,48.0,30.42,102.0,130.04,5.62,06:14:00,18:09:00
15642,1475498121,10/3/2016 12:00:00 AM,02:35:21,1.22,49.0,30.42,102.0,97.63,4.5,06:14:00,18:09:00
15643,1475497825,10/3/2016 12:00:00 AM,02:30:25,1.25,49.0,30.43,102.0,140.56,3.37,06:14:00,18:09:00
15644,1475497520,10/3/2016 12:00:00 AM,02:25:20,1.25,49.0,30.43,102.0,111.91,1.12,06:14:00,18:09:00
15645,1475497219,10/3/2016 12:00:00 AM,02:20:19,1.2,49.0,30.43,102.0,147.64,2.25,06:14:00,18:09:00
15646,1475496918,10/3/2016 12:00:00 AM,02:15:18,1.23,49.0,30.43,102.0,101.96,2.25,06:14:00,18:09:00
15647,1475496622,10/3/2016 12:00:00 AM,02:10:22,1.24,49.0,30.43,102.0,121.64,1.12,06:14:00,18:09:00
15648,1475496326,10/3/2016 12:00:00 AM,02:05:26,1.23,49.0,30.43,102.0,136.06,5.62,06:14:00,18:09:00
15649,1475496021,10/3/2016 12:00:00 AM,02:00:21,1.26,49.0,30.44,102.0,115.85,4.5,06:14:00,18:09:00
15650,1475495720,10/3/2016 12:00:00 AM,01:55:20,1.24,49.0,30.44,102.0,103.34,2.25,06:14:00,18:09:00
15651,1475495427,10/3/2016 12:00:00 AM,01:50:27,1.22,49.0,30.44,102.0,72.86,1.12,06:14:00,18:09:00
15652,1475495124,10/3/2016 12:00:00 AM,01:45:24,1.24,49.0,30.44,102.0,95.98,3.37,06:14:00,18:09:00
15653,1475494819,10/3/2016 12:00:00 AM,01:40:19,1.21,50.0,30.44,102.0,105.07,1.12,06:14:00,18:09:00
15654,1475494519,10/3/2016 12:00:00 AM,01:35:19,1.22,50.0,30.44,102.0,135.11,2.25,06:14:00,18:09:00
15655,1475494223,10/3/2016 12:00:00 AM,01:30:23,1.22,50.0,30.44,102.0,122.41,5.62,06:14:00,18:09:00
15656,1475493927,10/3/2016 12:00:00 AM,01:25:27,1.24,50.0,30.44,102.0,116.68,7.87,06:14:00,18:09:00
15657,1475493621,10/3/2016 12:00:00 AM,01:20:21,1.23,50.0,30.44,102.0,98.02,3.37,06:14:00,18:09:00
15658,1475493323,10/3/2016 12:00:00 AM,01:15:23,1.23,50.0,30.44,102.0,86.97,2.25,06:14:00,18:09:00
15659,1475493021,10/3/2016 12:00:00 AM,01:10:21,1.21,50.0,30.44,102.0,129.0,6.75,06:14:00,18:09:00
15660,1475492718,10/3/2016 12:00:00 AM,01:05:18,1.23,50.0,30.44,102.0,142.29,6.75,06:14:00,18:09:00
15661,1475492421,10/3/2016 12:00:00 AM,01:00:21,1.23,50.0,30.44,102.0,85.43,6.75,06:14:00,18:09:00
15662,1475492121,10/3/2016 12:00:00 AM,00:55:21,1.25,50.0,30.44,102.0,92.57,1.12,06:14:00,18:09:00
15663,1475491820,10/3/2016 12:00:00 AM,00:50:20,1.25,50.0,30.44,102.0,141.68,4.5,06:14:00,18:09:00
15664,1475491519,10/3/2016 12:00:00 AM,00:45:19,1.25,50.0,30.44,102.0,90.61,4.5,06:14:00,18:09:00
15665,1475491220,10/3/2016 12:00:00 AM,00:40:20,1.24,50.0,30.44,102.0,86.87,3.37,06:14:00,18:09:00
15666,1475490923,10/3/2016 12:00:00 AM,00:35:23,1.25,50.0,30.44,102.0,113.74,1.12,06:14:00,18:09:00
15667,1475490621,10/3/2016 12:00:00 AM,00:30:21,1.25,50.0,30.44,102.0,186.9,2.25,06:14:00,18:09:00
15668,1475490320,10/3/2016 12:00:00 AM,00:25:20,1.26,50.0,30.44,102.0,81.02,1.12,06:14:00,18:09:00
15669,1475490022,10/3/2016 12:00:00 AM,00:20:22,1.22,50.0,30.44,102.0,156.54,3.37,06:14:00,18:09:00
15670,1475488821,10/3/2016 12:00:00 AM,00:00:21,1.25,50.0,30.44,102.0,117.35,6.75,06:14:00,18:09:00
15671,1475488520,10/2/2016 12:00:00 AM,23:55:20,1.22,50.0,30.44,102.0,57.88,10.12,06:14:00,18:10:00
15672,1475488221,10/2/2016 12:00:00 AM,23:50:21,1.24,50.0,30.44,102.0,48.76,3.37,06:14:00,18:10:00
15673,1475487923,10/2/2016 12:00:00 AM,23:45:23,1.23,51.0,30.44,102.0,28.88,4.5,06:14:00,18:10:00
15674,1475487624,10/2/2016 12:00:00 AM,23:40:24,1.24,51.0,30.44,102.0,101.05,3.37,06:14:00,18:10:00
15675,1475487318,10/2/2016 12:00:00 AM,23:35:18,1.24,50.0,30.45,102.0,142.03,3.37,06:14:00,18:10:00
15676,1475487024,10/2/2016 12:00:00 AM,23:30:24,1.26,51.0,30.45,102.0,103.61,6.75,06:14:00,18:10:00
15677,1475486722,10/2/2016 12:00:00 AM,23:25:22,1.23,51.0,30.45,102.0,179.75,7.87,06:14:00,18:10:00
15678,1475486420,10/2/2016 12:00:00 AM,23:20:20,1.25,51.0,30.45,102.0,139.91,3.37,06:14:00,18:10:00
15679,1475486127,10/2/2016 12:00:00 AM,23:15:27,1.25,51.0,30.45,102.0,135.14,1.12,06:14:00,18:10:00
15680,1475485822,10/2/2016 12:00:00 AM,23:10:22,1.25,51.0,30.45,102.0,59.46,4.5,06:14:00,18:10:00
15681,1475485518,10/2/2016 12:00:00 AM,23:05:18,1.21,51.0,30.45,102.0,106.66,6.75,06:14:00,18:10:00
15682,1475485221,10/2/2016 12:00:00 AM,23:00:21,1.22,51.0,30.46,102.0,95.9,4.5,06:14:00,18:10:00
15683,1475484927,10/2/2016 12:00:00 AM,22:55:27,1.24,51.0,30.45,102.0,69.02,5.62,06:14:00,18:10:00
15684,1475484619,10/2/2016 12:00:00 AM,22:50:19,1.25,51.0,30.45,102.0,69.73,6.75,06:14:00,18:10:00
15685,1475484318,10/2/2016 12:00:00 AM,22:45:18,1.19,51.0,30.46,102.0,35.18,1.12,06:14:00,18:10:00
15686,1475484020,10/2/2016 12:00:00 AM,22:40:20,1.22,51.0,30.46,102.0,139.67,4.5,06:14:00,18:10:00
15687,1475483718,10/2/2016 12:00:00 AM,22:35:18,1.2,51.0,30.46,102.0,118.11,5.62,06:14:00,18:10:00
15688,1475483427,10/2/2016 12:00:00 AM,22:30:27,1.26,51.0,30.46,102.0,34.68,2.25,06:14:00,18:10:00
15689,1475483121,10/2/2016 12:00:00 AM,22:25:21,1.25,51.0,30.46,102.0,147.65,2.25,06:14:00,18:10:00
15690,1475482525,10/2/2016 12:00:00 AM,22:15:25,1.25,51.0,30.46,102.0,100.48,1.12,06:14:00,18:10:00
15691,1475482223,10/2/2016 12:00:00 AM,22:10:23,1.29,51.0,30.46,102.0,153.02,2.25,06:14:00,18:10:00
15692,1475481919,10/2/2016 12:00:00 AM,22:05:19,1.26,51.0,30.46,102.0,92.87,5.62,06:14:00,18:10:00
15693,1475481620,10/2/2016 12:00:00 AM,22:00:20,1.23,51.0,30.46,102.0,32.54,5.62,06:14:00,18:10:00
15694,1475481319,10/2/2016 12:00:00 AM,21:55:19,1.22,51.0,30.46,102.0,73.74,3.37,06:14:00,18:10:00
15695,1475481027,10/2/2016 12:00:00 AM,21:50:27,1.24,51.0,30.46,102.0,56.12,5.62,06:14:00,18:10:00
15696,1475480720,10/2/2016 12:00:00 AM,21:45:20,1.23,51.0,30.46,102.0,86.84,4.5,06:14:00,18:10:00
15697,1475480428,10/2/2016 12:00:00 AM,21:40:28,1.2,51.0,30.46,102.0,91.83,3.37,06:14:00,18:10:00
15698,1475480121,10/2/2016 12:00:00 AM,21:35:21,1.22,51.0,30.46,102.0,117.84,3.37,06:14:00,18:10:00
15699,1475479823,10/2/2016 12:00:00 AM,21:30:23,1.23,51.0,30.46,102.0,62.03,3.37,06:14:00,18:10:00
15700,1475479520,10/2/2016 12:00:00 AM,21:25:20,1.22,51.0,30.45,102.0,141.83,7.87,06:14:00,18:10:00
15701,1475479220,10/2/2016 12:00:00 AM,21:20:20,1.26,51.0,30.46,102.0,146.7,4.5,06:14:00,18:10:00
15702,1475478924,10/2/2016 12:00:00 AM,21:15:24,1.25,51.0,30.46,102.0,138.5,5.62,06:14:00,18:10:00
15703,1475478630,10/2/2016 12:00:00 AM,21:10:30,1.25,51.0,30.45,102.0,10.36,3.37,06:14:00,18:10:00
15704,1475478322,10/2/2016 12:00:00 AM,21:05:22,1.24,51.0,30.45,102.0,98.62,9.0,06:14:00,18:10:00
15705,1475478019,10/2/2016 12:00:00 AM,21:00:19,1.2,51.0,30.45,102.0,45.53,5.62,06:14:00,18:10:00
15706,1475477724,10/2/2016 12:00:00 AM,20:55:24,1.22,52.0,30.45,102.0,104.07,7.87,06:14:00,18:10:00
15707,1475477427,10/2/2016 12:00:00 AM,20:50:27,1.24,52.0,30.46,102.0,120.13,6.229096658193317,06:14:00,18:10:00
15708,1475477120,10/2/2016 12:00:00 AM,20:45:20,1.24,52.0,30.45,102.0,47.41,7.87,06:14:00,18:10:00
15709,1475476819,10/2/2016 12:00:00 AM,20:40:19,1.23,52.0,30.45,102.0,87.55,1.12,06:14:00,18:10:00
15710,1475476518,10/2/2016 12:00:00 AM,20:35:18,1.25,52.0,30.45,102.0,136.26,10.12,06:14:00,18:10:00
15711,1475476219,10/2/2016 12:00:00 AM,20:30:19,1.21,51.0,30.45,102.0,159.64,1.12,06:14:00,18:10:00
15712,1475475927,10/2/2016 12:00:00 AM,20:25:27,1.24,51.0,30.45,102.0,70.98,6.75,06:14:00,18:10:00
15713,1475475622,10/2/2016 12:00:00 AM,20:20:22,1.19,51.0,30.45,102.0,106.7,3.37,06:14:00,18:10:00
15714,1475475319,10/2/2016 12:00:00 AM,20:15:19,1.23,51.0,30.45,102.0,117.54,4.5,06:14:00,18:10:00
15715,1475475024,10/2/2016 12:00:00 AM,20:10:24,1.19,51.0,30.45,102.0,142.15,5.62,06:14:00,18:10:00
15716,1475474721,10/2/2016 12:00:00 AM,20:05:21,1.29,52.0,30.45,102.0,147.02,5.62,06:14:00,18:10:00
15717,1475474420,10/2/2016 12:00:00 AM,20:00:20,1.25,52.0,30.45,102.0,77.7,3.37,06:14:00,18:10:00
15718,1475474123,10/2/2016 12:00:00 AM,19:55:23,1.22,52.0,30.45,102.0,60.41,0.0,06:14:00,18:10:00
15719,1475473825,10/2/2016 12:00:00 AM,19:50:25,1.23,52.0,30.44,102.0,85.71,2.25,06:14:00,18:10:00
15720,1475473522,10/2/2016 12:00:00 AM,19:45:22,1.23,52.0,30.44,102.0,65.68,2.25,06:14:00,18:10:00
15721,1475473221,10/2/2016 12:00:00 AM,19:40:21,1.25,52.0,30.44,102.0,130.75,1.12,06:14:00,18:10:00
15722,1475472922,10/2/2016 12:00:00 AM,19:35:22,1.27,52.0,30.44,102.0,114.11,7.87,06:14:00,18:10:00
15723,1475472623,10/2/2016 12:00:00 AM,19:30:23,1.25,52.0,30.44,102.0,56.91,7.87,06:14:00,18:10:00
15724,1475472321,10/2/2016 12:00:00 AM,19:25:21,1.23,52.0,30.44,102.0,113.68,5.62,06:14:00,18:10:00
15725,1475472024,10/2/2016 12:00:00 AM,19:20:24,1.27,52.0,30.44,102.0,164.27,4.5,06:14:00,18:10:00
15726,1475471724,10/2/2016 12:00:00 AM,19:15:24,1.22,52.0,30.43,102.0,78.87,5.62,06:14:00,18:10:00
15727,1475471428,10/2/2016 12:00:00 AM,19:10:28,1.25,52.0,30.44,102.0,88.24,3.37,06:14:00,18:10:00
15728,1475471121,10/2/2016 12:00:00 AM,19:05:21,1.23,52.0,30.43,102.0,55.42,5.62,06:14:00,18:10:00
15729,1475470820,10/2/2016 12:00:00 AM,19:00:20,1.25,52.0,30.43,102.0,15.76,4.5,06:14:00,18:10:00
15730,1475470522,10/2/2016 12:00:00 AM,18:55:22,1.25,52.0,30.43,102.0,69.35,6.75,06:14:00,18:10:00
15731,1475470220,10/2/2016 12:00:00 AM,18:50:20,1.24,52.0,30.43,102.0,51.81,5.62,06:14:00,18:10:00
15732,1475469921,10/2/2016 12:00:00 AM,18:45:21,1.25,52.0,30.43,102.0,20.48,6.75,06:14:00,18:10:00
15733,1475469627,10/2/2016 12:00:00 AM,18:40:27,1.26,52.0,30.42,102.0,139.92,3.37,06:14:00,18:10:00
15734,1475469320,10/2/2016 12:00:00 AM,18:35:20,1.26,52.0,30.42,102.0,119.68,3.37,06:14:00,18:10:00
15735,1475469022,10/2/2016 12:00:00 AM,18:30:22,1.26,52.0,30.42,102.0,92.94,6.75,06:14:00,18:10:00
15736,1475468720,10/2/2016 12:00:00 AM,18:25:20,1.26,52.0,30.42,102.0,78.37,6.75,06:14:00,18:10:00
15737,1475468421,10/2/2016 12:00:00 AM,18:20:21,1.26,52.0,30.42,102.0,55.35,2.25,06:14:00,18:10:00
15738,1475468126,10/2/2016 12:00:00 AM,18:15:26,1.23,52.0,30.42,102.0,101.09,4.5,06:14:00,18:10:00
15739,1475467820,10/2/2016 12:00:00 AM,18:10:20,1.78,53.0,30.42,102.0,111.24,10.12,06:14:00,18:10:00
15740,1475467525,10/2/2016 12:00:00 AM,18:05:25,2.4,53.0,30.42,101.0,69.61,1.12,06:14:00,18:10:00
15741,1475467225,10/2/2016 12:00:00 AM,18:00:25,4.93,53.0,30.423028000868246,102.0,17.47,9.0,06:14:00,18:10:00
15742,1475466921,10/2/2016 12:00:00 AM,17:55:21,10.45,53.0,30.41,102.0,60.56,6.75,06:14:00,18:10:00
15743,1475466622,10/2/2016 12:00:00 AM,17:50:22,14.45,53.0,30.41,101.0,81.6,7.87,06:14:00,18:10:00
15744,1475466320,10/2/2016 12:00:00 AM,17:45:20,22.32,53.0,30.41,101.0,54.57,7.87,06:14:00,18:10:00
15745,1475466021,10/2/2016 12:00:00 AM,17:40:21,28.09,53.0,30.41,101.0,24.42,0.0,06:14:00,18:10:00
15746,1475465718,10/2/2016 12:00:00 AM,17:35:18,40.53,53.0,30.41,101.0,61.3,3.37,06:14:00,18:10:00
15747,1475465421,10/2/2016 12:00:00 AM,17:30:21,49.2,53.0,30.41,101.0,15.5,5.62,06:14:00,18:10:00
15748,1475465119,10/2/2016 12:00:00 AM,17:25:19,64.5,53.0,30.41,101.0,107.15,10.12,06:14:00,18:10:00
15749,1475464819,10/2/2016 12:00:00 AM,17:20:19,56.47,54.0,30.41,101.0,95.33,3.37,06:14:00,18:10:00
15750,1475464519,10/2/2016 12:00:00 AM,17:15:19,56.3,54.0,30.41,101.0,0.12,7.87,06:14:00,18:10:00
15751,1475464224,10/2/2016 12:00:00 AM,17:10:24,84.24,54.0,30.41,101.0,60.2,3.37,06:14:00,18:10:00
15752,1475463926,10/2/2016 12:00:00 AM,17:05:26,112.29,54.0,30.41,101.0,150.55,6.75,06:14:00,18:10:00
15753,1475463622,10/2/2016 12:00:00 AM,17:00:22,103.72,54.0,30.4,101.0,71.56,4.5,06:14:00,18:10:00
15754,1475463323,10/2/2016 12:00:00 AM,16:55:23,79.97,54.0,30.41,101.0,0.12,4.5,06:14:00,18:10:00
15755,1475463022,10/2/2016 12:00:00 AM,16:50:22,97.4,54.0,30.41,101.0,6.47,5.62,06:14:00,18:10:00
15756,1475462720,10/2/2016 12:00:00 AM,16:45:20,99.43,54.0,30.41,101.0,74.39,2.25,06:14:00,18:10:00
15757,1475462421,10/2/2016 12:00:00 AM,16:40:21,158.87,54.0,30.41,101.0,93.01,3.37,06:14:00,18:10:00
15758,1475462119,10/2/2016 12:00:00 AM,16:35:19,135.3,54.0,30.4,101.0,58.74,5.62,06:14:00,18:10:00
15759,1475461821,10/2/2016 12:00:00 AM,16:30:21,231.09,55.0,30.4,101.0,93.79,9.0,06:14:00,18:10:00
15760,1475461521,10/2/2016 12:00:00 AM,16:25:21,303.23,54.0,30.4,101.0,90.51,5.62,06:14:00,18:10:00
15761,1475461219,10/2/2016 12:00:00 AM,16:20:19,216.9,54.0,30.41,101.0,27.83,7.87,06:14:00,18:10:00
15762,1475460921,10/2/2016 12:00:00 AM,16:15:21,167.31,54.0,30.4,101.0,110.28,7.87,06:14:00,18:10:00
15763,1475460621,10/2/2016 12:00:00 AM,16:10:21,211.07,54.0,30.4,101.0,75.9,6.75,06:14:00,18:10:00
15764,1475460327,10/2/2016 12:00:00 AM,16:05:27,176.94,54.0,30.41,100.0,87.68,3.37,06:14:00,18:10:00
15765,1475460024,10/2/2016 12:00:00 AM,16:00:24,147.63,54.0,30.41,100.0,101.33,6.75,06:14:00,18:10:00
15766,1475459721,10/2/2016 12:00:00 AM,15:55:21,164.58,54.0,30.4,100.0,63.11,5.62,06:14:00,18:10:00
15767,1475459422,10/2/2016 12:00:00 AM,15:50:22,215.66,55.0,30.4,100.0,5.23,7.87,06:14:00,18:10:00
15768,1475459118,10/2/2016 12:00:00 AM,15:45:18,224.77,55.0,30.4,100.0,124.2,7.87,06:14:00,18:10:00
15769,1475458823,10/2/2016 12:00:00 AM,15:40:23,302.17,56.0,30.41,100.0,65.77,9.0,06:14:00,18:10:00
15770,1475458522,10/2/2016 12:00:00 AM,15:35:22,334.81,56.0,30.41,100.0,32.19,7.87,06:14:00,18:10:00
15771,1475458223,10/2/2016 12:00:00 AM,15:30:23,242.56,56.0,30.41,100.0,31.44,6.75,06:14:00,18:10:00
15772,1475457922,10/2/2016 12:00:00 AM,15:25:22,283.15,56.0,30.41,100.0,100.1,4.5,06:14:00,18:10:00
15773,1475457620,10/2/2016 12:00:00 AM,15:20:20,482.41,56.0,30.41,100.0,44.7,6.75,06:14:00,18:10:00
15774,1475457320,10/2/2016 12:00:00 AM,15:15:20,360.26,55.0,30.41,99.0,15.07,5.62,06:14:00,18:10:00
15775,1475457024,10/2/2016 12:00:00 AM,15:10:24,530.64,56.0,30.41,100.0,127.36,5.62,06:14:00,18:10:00
15776,1475456719,10/2/2016 12:00:00 AM,15:05:19,334.75,56.0,30.41,100.0,242.99,2.25,06:14:00,18:10:00
15777,1475456420,10/2/2016 12:00:00 AM,15:00:20,406.79,55.0,30.41,99.0,344.76,1.12,06:14:00,18:10:00
15778,1475456119,10/2/2016 12:00:00 AM,14:55:19,315.42,56.0,30.41,99.0,88.88,5.62,06:14:00,18:10:00
15779,1475455823,10/2/2016 12:00:00 AM,14:50:23,472.44,56.0,30.41,100.0,63.09,7.87,06:14:00,18:10:00
15780,1475455519,10/2/2016 12:00:00 AM,14:45:19,264.04,55.0,30.41,99.0,353.13,4.5,06:14:00,18:10:00
15781,1475455222,10/2/2016 12:00:00 AM,14:40:22,260.51,56.0,30.41,99.0,22.48,3.37,06:14:00,18:10:00
15782,1475454923,10/2/2016 12:00:00 AM,14:35:23,260.79,56.0,30.41,98.0,84.44,2.25,06:14:00,18:10:00
15783,1475454623,10/2/2016 12:00:00 AM,14:30:23,340.57,56.0,30.41,97.0,33.42,13.5,06:14:00,18:10:00
15784,1475454321,10/2/2016 12:00:00 AM,14:25:21,307.83,57.0,30.41,95.0,64.68,4.5,06:14:00,18:10:00
15785,1475454026,10/2/2016 12:00:00 AM,14:20:26,463.44,58.0,30.41,96.0,60.17,7.87,06:14:00,18:10:00
15786,1475453723,10/2/2016 12:00:00 AM,14:15:23,569.66,58.0,30.41,94.0,335.42,4.5,06:14:00,18:10:00
15787,1475453423,10/2/2016 12:00:00 AM,14:10:23,675.62,58.0,30.41,95.0,82.01,3.37,06:14:00,18:10:00
15788,1475453125,10/2/2016 12:00:00 AM,14:05:25,429.8,58.0,30.42,95.0,70.72,7.87,06:14:00,18:10:00
15789,1475452822,10/2/2016 12:00:00 AM,14:00:22,892.36,58.0,30.42,96.0,13.77,5.62,06:14:00,18:10:00
15790,1475452521,10/2/2016 12:00:00 AM,13:55:21,959.73,57.0,30.42,98.0,51.24,2.25,06:14:00,18:10:00
15791,1475452223,10/2/2016 12:00:00 AM,13:50:23,507.76,57.0,30.42,98.0,85.9,3.37,06:14:00,18:10:00
15792,1475451922,10/2/2016 12:00:00 AM,13:45:22,470.3,57.0,30.42,98.0,89.07,4.5,06:14:00,18:10:00
15793,1475451624,10/2/2016 12:00:00 AM,13:40:24,636.96,57.0,30.42,98.0,358.09,5.62,06:14:00,18:10:00
15794,1475451321,10/2/2016 12:00:00 AM,13:35:21,1288.17,57.0,30.42,99.0,74.33,6.75,06:14:00,18:10:00
15795,1475451021,10/2/2016 12:00:00 AM,13:30:21,659.12,56.0,30.42,99.0,55.72,13.5,06:14:00,18:10:00
15796,1475450719,10/2/2016 12:00:00 AM,13:25:19,479.0,57.0,30.43,98.0,336.47,5.62,06:14:00,18:10:00
15797,1475450419,10/2/2016 12:00:00 AM,13:20:19,1028.9,57.0,30.43,97.0,65.49,9.0,06:14:00,18:10:00
15798,1475450123,10/2/2016 12:00:00 AM,13:15:23,362.66,58.0,30.43,96.0,46.8,4.5,06:14:00,18:10:00
15799,1475449824,10/2/2016 12:00:00 AM,13:10:24,423.57,59.0,30.43,95.0,302.55,2.25,06:14:00,18:10:00
15800,1475449519,10/2/2016 12:00:00 AM,13:05:19,1238.14,60.0,30.43,90.0,332.53,5.62,06:14:00,18:10:00
15801,1475449222,10/2/2016 12:00:00 AM,13:00:22,1002.65,59.0,30.43,89.0,74.38,5.62,06:14:00,18:10:00
15802,1475448922,10/2/2016 12:00:00 AM,12:55:22,979.13,59.0,30.43,90.0,94.73,10.12,06:14:00,18:10:00
15803,1475448628,10/2/2016 12:00:00 AM,12:50:28,945.24,58.0,30.43,93.0,336.49,5.62,06:14:00,18:10:00
15804,1475448318,10/2/2016 12:00:00 AM,12:45:18,973.11,57.0,30.43,96.0,72.73,7.87,06:14:00,18:10:00
15805,1475448025,10/2/2016 12:00:00 AM,12:40:25,988.13,56.0,30.44,98.0,51.82,7.87,06:14:00,18:10:00
15806,1475447725,10/2/2016 12:00:00 AM,12:35:25,610.39,56.0,30.44,99.0,35.58,4.5,06:14:00,18:10:00
15807,1475447425,10/2/2016 12:00:00 AM,12:30:25,502.59,57.0,30.44,99.0,68.21,9.0,06:14:00,18:10:00
15808,1475447122,10/2/2016 12:00:00 AM,12:25:22,752.53,57.0,30.44,99.0,34.23,6.75,06:14:00,18:10:00
15809,1475446823,10/2/2016 12:00:00 AM,12:20:23,551.88,57.0,30.45,98.0,98.59,3.37,06:14:00,18:10:00
15810,1475446521,10/2/2016 12:00:00 AM,12:15:21,543.55,57.0,30.45,98.0,344.8,6.75,06:14:00,18:10:00
15811,1475446221,10/2/2016 12:00:00 AM,12:10:21,413.03,57.0,30.45,97.0,22.41,6.75,06:14:00,18:10:00
15812,1475445919,10/2/2016 12:00:00 AM,12:05:19,687.91,57.0,30.45,97.0,43.89,2.25,06:14:00,18:10:00
15813,1475445621,10/2/2016 12:00:00 AM,12:00:21,846.49,57.0,30.45,96.0,66.56,6.75,06:14:00,18:10:00
15814,1475445320,10/2/2016 12:00:00 AM,11:55:20,595.27,58.0,30.46,96.0,88.66,3.37,06:14:00,18:10:00
15815,1475445020,10/2/2016 12:00:00 AM,11:50:20,728.36,58.0,30.46,94.0,78.96,5.62,06:14:00,18:10:00
15816,1475444719,10/2/2016 12:00:00 AM,11:45:19,924.05,58.0,30.46,94.0,28.81,6.75,06:14:00,18:10:00
15817,1475444420,10/2/2016 12:00:00 AM,11:40:20,929.76,58.0,30.46,94.0,344.99,7.87,06:14:00,18:10:00
15818,1475444122,10/2/2016 12:00:00 AM,11:35:22,910.06,57.0,30.46,95.0,32.7,7.87,06:14:00,18:10:00
15819,1475443820,10/2/2016 12:00:00 AM,11:30:20,448.82,57.0,30.46,95.0,81.39,10.12,06:14:00,18:10:00
15820,1475443520,10/2/2016 12:00:00 AM,11:25:20,938.83,57.0,30.46,97.0,44.6,6.75,06:14:00,18:10:00
15821,1475443222,10/2/2016 12:00:00 AM,11:20:22,1012.21,57.0,30.46,98.0,70.52,11.25,06:14:00,18:10:00
15822,1475442921,10/2/2016 12:00:00 AM,11:15:21,709.96,57.0,30.46,99.0,36.92,3.37,06:14:00,18:10:00
15823,1475442620,10/2/2016 12:00:00 AM,11:10:20,644.53,57.0,30.46,99.0,89.74,7.87,06:14:00,18:10:00
15824,1475442321,10/2/2016 12:00:00 AM,11:05:21,942.25,57.0,30.47,99.0,40.61,1.12,06:14:00,18:10:00
15825,1475442022,10/2/2016 12:00:00 AM,11:00:22,619.44,57.0,30.47,99.0,58.3,9.0,06:14:00,18:10:00
15826,1475441721,10/2/2016 12:00:00 AM,10:55:21,987.64,56.0,30.47,98.0,7.94,4.5,06:14:00,18:10:00
15827,1475441420,10/2/2016 12:00:00 AM,10:50:20,531.55,57.0,30.47,98.0,32.24,6.75,06:14:00,18:10:00
15828,1475441118,10/2/2016 12:00:00 AM,10:45:18,356.62,57.0,30.47,97.0,118.4,4.5,06:14:00,18:10:00
15829,1475440822,10/2/2016 12:00:00 AM,10:40:22,405.15,57.0,30.47,97.0,47.8,6.75,06:14:00,18:10:00
15830,1475440519,10/2/2016 12:00:00 AM,10:35:19,951.92,57.0,30.47,96.0,98.46,10.12,06:14:00,18:10:00
15831,1475440231,10/2/2016 12:00:00 AM,10:30:31,948.15,57.0,30.47,97.0,90.65,4.5,06:14:00,18:10:00
15832,1475439921,10/2/2016 12:00:00 AM,10:25:21,557.25,51.16507236474315,30.47,97.0,192.57,4.5,06:14:00,18:10:00
15833,1475439620,10/2/2016 12:00:00 AM,10:20:20,672.54,57.0,30.47,96.0,54.85,7.87,06:14:00,18:10:00
15834,1475439319,10/2/2016 12:00:00 AM,10:15:19,700.04,56.0,30.47,96.0,53.55,3.37,06:14:00,18:10:00
15835,1475439020,10/2/2016 12:00:00 AM,10:10:20,445.56,56.0,30.48,94.0,143.54770303349548,3.37,06:14:00,18:10:00
15836,1475438720,10/2/2016 12:00:00 AM,10:05:20,399.3,57.0,30.48,94.0,27.24,4.5,06:14:00,18:10:00
15837,1475438419,10/2/2016 12:00:00 AM,10:00:19,553.52,57.0,30.47,94.0,85.25,7.87,06:14:00,18:10:00
15838,1475438122,10/2/2016 12:00:00 AM,09:55:22,485.57,57.0,30.48,95.0,59.33,4.5,06:14:00,18:10:00
15839,1475437818,10/2/2016 12:00:00 AM,09:50:18,571.02,56.0,30.48,96.0,94.64,1.12,06:14:00,18:10:00
15840,1475437520,10/2/2016 12:00:00 AM,09:45:20,531.88,55.0,30.48,96.0,134.79,7.87,06:14:00,18:10:00
15841,1475437220,10/2/2016 12:00:00 AM,09:40:20,677.09,55.0,30.48,97.0,123.7,10.12,06:14:00,18:10:00
15842,1475436923,10/2/2016 12:00:00 AM,09:35:23,678.82,54.0,30.48,97.0,56.46,6.75,06:14:00,18:10:00
15843,1475436623,10/2/2016 12:00:00 AM,09:30:23,335.01,55.0,30.48,95.0,26.5,11.25,06:14:00,18:10:00
15844,1475436319,10/2/2016 12:00:00 AM,09:25:19,470.54,56.0,30.48,94.0,49.24,6.75,06:14:00,18:10:00
15845,1475436021,10/2/2016 12:00:00 AM,09:20:21,555.9,56.0,30.48,93.0,50.19,4.5,06:14:00,18:10:00
15846,1475435722,10/2/2016 12:00:00 AM,09:15:22,688.08,56.0,30.47,96.0,97.7,5.62,06:14:00,18:10:00
15847,1475435423,10/2/2016 12:00:00 AM,09:10:23,601.59,55.0,30.47,97.0,152.32,5.62,06:14:00,18:10:00
15848,1475435119,10/2/2016 12:00:00 AM,09:05:19,610.58,55.0,30.47,97.0,100.86,4.5,06:14:00,18:10:00
15849,1475434821,10/2/2016 12:00:00 AM,09:00:21,580.4,54.0,30.47,95.0,75.8,6.75,06:14:00,18:10:00
15850,1475434523,10/2/2016 12:00:00 AM,08:55:23,501.0,55.0,30.47,95.0,348.6,10.12,06:14:00,18:10:00
15851,1475434224,10/2/2016 12:00:00 AM,08:50:24,570.06,55.0,30.47,92.0,1.89,9.0,06:14:00,18:10:00
15852,1475433922,10/2/2016 12:00:00 AM,08:45:22,546.99,57.0,30.47,91.0,22.05,9.0,06:14:00,18:10:00
15853,1475433623,10/2/2016 12:00:00 AM,08:40:23,470.66,57.0,30.47,92.0,96.75,1.12,06:14:00,18:10:00
15854,1475433321,10/2/2016 12:00:00 AM,08:35:21,455.35,56.0,30.47,91.0,156.6,5.62,06:14:00,18:10:00
15855,1475433025,10/2/2016 12:00:00 AM,08:30:25,434.0,55.0,30.47,96.0,140.31,4.5,06:14:00,18:10:00
15856,1475432724,10/2/2016 12:00:00 AM,08:25:24,453.59,54.0,30.47,98.0,164.29,5.62,06:14:00,18:10:00
15857,1475432424,10/2/2016 12:00:00 AM,08:20:24,307.12,54.0,30.47,97.0,126.64,6.75,06:14:00,18:10:00
15858,1475432132,10/2/2016 12:00:00 AM,08:15:32,198.58,54.0,30.46,97.0,62.09,5.62,06:14:00,18:10:00
15859,1475431822,10/2/2016 12:00:00 AM,08:10:22,303.91,55.0,30.46,96.0,37.27,9.0,06:14:00,18:10:00
15860,1475431521,10/2/2016 12:00:00 AM,08:05:21,376.57,55.0,30.46,96.0,63.86,10.12,06:14:00,18:10:00
15861,1475431222,10/2/2016 12:00:00 AM,08:00:22,427.06,54.0,30.46,96.0,161.53,7.87,06:14:00,18:10:00
15862,1475430922,10/2/2016 12:00:00 AM,07:55:22,444.23,54.0,30.46,97.0,71.1,3.37,06:14:00,18:10:00
15863,1475430623,10/2/2016 12:00:00 AM,07:50:23,410.82,54.0,30.46,98.0,84.47,2.25,06:14:00,18:10:00
15864,1475430321,10/2/2016 12:00:00 AM,07:45:21,352.05,54.0,30.45,99.0,113.89,3.37,06:14:00,18:10:00
15865,1475430021,10/2/2016 12:00:00 AM,07:40:21,338.33,53.0,30.45,100.0,60.36,5.62,06:14:00,18:10:00
15866,1475429719,10/2/2016 12:00:00 AM,07:35:19,274.04,53.0,30.45,100.0,73.35,3.37,06:14:00,18:10:00
15867,1475429424,10/2/2016 12:00:00 AM,07:30:24,257.81,52.0,30.45,100.0,122.27,4.5,06:14:00,18:10:00
15868,1475429122,10/2/2016 12:00:00 AM,07:25:22,248.32,52.0,30.45,100.0,129.85,7.87,06:14:00,18:10:00
15869,1475428818,10/2/2016 12:00:00 AM,07:20:18,204.79,52.0,30.45,100.0,169.78,2.25,06:14:00,18:10:00
15870,1475428528,10/2/2016 12:00:00 AM,07:15:28,136.81,51.0,30.45,100.0,158.85,4.5,06:14:00,18:10:00
15871,1475428221,10/2/2016 12:00:00 AM,07:10:21,98.51,51.0,30.45,100.0,118.45,5.62,06:14:00,18:10:00
15872,1475427922,10/2/2016 12:00:00 AM,07:05:22,68.45,51.0,30.45,99.0,167.06,3.37,06:14:00,18:10:00
15873,1475427618,10/2/2016 12:00:00 AM,07:00:18,71.03,51.0,30.45,99.0,147.85,2.25,06:14:00,18:10:00
15874,1475427321,10/2/2016 12:00:00 AM,06:55:21,71.18,50.0,30.45,98.0,153.07,3.37,06:14:00,18:10:00
15875,1475427018,10/2/2016 12:00:00 AM,06:50:18,82.24,50.0,30.423028000868246,98.0,156.53,3.37,06:14:00,18:10:00
15876,1475426720,10/2/2016 12:00:00 AM,06:45:20,55.0,50.0,30.44,97.0,131.58,4.5,06:14:00,18:10:00
15877,1475426421,10/2/2016 12:00:00 AM,06:40:21,33.18,49.0,30.44,95.0,155.93,5.62,06:14:00,18:10:00
15878,1475426122,10/2/2016 12:00:00 AM,06:35:22,29.0,49.0,30.44,96.0,164.12,3.37,06:14:00,18:10:00
15879,1475425828,10/2/2016 12:00:00 AM,06:30:28,22.88,49.0,30.44,97.0,173.21,5.62,06:14:00,18:10:00
15880,1475425522,10/2/2016 12:00:00 AM,06:25:22,12.44,48.0,30.44,97.0,163.23,9.0,06:14:00,18:10:00
15881,1475425221,10/2/2016 12:00:00 AM,06:20:21,7.65,48.0,30.44,97.0,171.66,11.25,06:14:00,18:10:00
15882,1475424920,10/2/2016 12:00:00 AM,06:15:20,4.74,48.0,30.44,98.0,151.54,7.87,06:14:00,18:10:00
15883,1475424621,10/2/2016 12:00:00 AM,06:10:21,2.83,48.0,30.44,99.0,167.63,5.62,06:14:00,18:10:00
15884,1475424318,10/2/2016 12:00:00 AM,06:05:18,1.93,48.0,30.43,99.0,141.67,6.75,06:14:00,18:10:00
15885,1475424022,10/2/2016 12:00:00 AM,06:00:22,1.21,48.0,30.43,99.0,131.71,5.62,06:14:00,18:10:00
15886,1475423721,10/2/2016 12:00:00 AM,05:55:21,1.21,48.0,30.44,99.0,152.0,4.5,06:14:00,18:10:00
15887,1475423422,10/2/2016 12:00:00 AM,05:50:22,1.19,48.0,30.44,99.0,101.39,5.62,06:14:00,18:10:00
15888,1475423125,10/2/2016 12:00:00 AM,05:45:25,1.24,48.0,30.43,98.0,154.39,3.37,06:14:00,18:10:00
15889,1475422822,10/2/2016 12:00:00 AM,05:40:22,1.23,48.0,30.43,97.0,109.7,5.62,06:14:00,18:10:00
15890,1475422525,10/2/2016 12:00:00 AM,05:35:25,1.24,48.0,30.43,96.0,119.13,4.5,06:14:00,18:10:00
15891,1475422219,10/2/2016 12:00:00 AM,05:30:19,1.24,47.0,30.43,95.0,148.31,10.12,06:14:00,18:10:00
15892,1475421925,10/2/2016 12:00:00 AM,05:25:25,1.26,47.0,30.43,94.0,132.85,3.37,06:14:00,18:10:00
15893,1475421625,10/2/2016 12:00:00 AM,05:20:25,1.26,47.0,30.43,94.0,131.23,6.75,06:14:00,18:10:00
15894,1475421327,10/2/2016 12:00:00 AM,05:15:27,1.25,47.0,30.43,95.0,148.26,10.12,06:14:00,18:10:00
15895,1475421021,10/2/2016 12:00:00 AM,05:10:21,1.26,48.0,30.43,96.0,137.0,5.62,06:14:00,18:10:00
15896,1475420721,10/2/2016 12:00:00 AM,05:05:21,1.28,48.0,30.42,98.0,115.37,7.87,06:14:00,18:10:00
15897,1475420420,10/2/2016 12:00:00 AM,05:00:20,1.25,47.0,30.43,99.0,138.77,3.37,06:14:00,18:10:00
15898,1475420123,10/2/2016 12:00:00 AM,04:55:23,1.25,47.0,30.42,99.0,128.32,5.62,06:14:00,18:10:00
15899,1475419819,10/2/2016 12:00:00 AM,04:50:19,1.28,47.0,30.42,100.0,141.17,7.87,06:14:00,18:10:00
15900,1475419520,10/2/2016 12:00:00 AM,04:45:20,1.28,47.0,30.42,100.0,108.39,4.5,06:14:00,18:10:00
15901,1475419220,10/2/2016 12:00:00 AM,04:40:20,1.27,48.0,30.42,101.0,103.14,9.0,06:14:00,18:10:00
15902,1475418926,10/2/2016 12:00:00 AM,04:35:26,1.26,48.0,30.42,101.0,120.51,7.87,06:14:00,18:10:00
15903,1475418621,10/2/2016 12:00:00 AM,04:30:21,1.26,48.0,30.42,101.0,136.61,4.5,06:14:00,18:10:00
15904,1475418322,10/2/2016 12:00:00 AM,04:25:22,1.26,48.0,30.42,101.0,126.8,0.0,06:14:00,18:10:00
15905,1475418028,10/2/2016 12:00:00 AM,04:20:28,1.27,48.0,30.42,101.0,163.25,2.25,06:14:00,18:10:00
15906,1475417724,10/2/2016 12:00:00 AM,04:15:24,1.25,48.0,30.42,101.0,98.37,4.5,06:14:00,18:10:00
15907,1475417421,10/2/2016 12:00:00 AM,04:10:21,1.26,48.0,30.42,101.0,72.73,4.5,06:14:00,18:10:00
15908,1475417119,10/2/2016 12:00:00 AM,04:05:19,1.25,48.0,30.42,101.0,127.04,2.25,06:14:00,18:10:00
15909,1475416820,10/2/2016 12:00:00 AM,04:00:20,1.28,48.0,30.42,101.0,135.62,4.5,06:14:00,18:10:00
15910,1475416521,10/2/2016 12:00:00 AM,03:55:21,1.29,49.0,30.42,101.0,122.31,3.37,06:14:00,18:10:00
15911,1475416225,10/2/2016 12:00:00 AM,03:50:25,1.23,49.0,30.42,101.0,119.13,6.75,06:14:00,18:10:00
15912,1475415922,10/2/2016 12:00:00 AM,03:45:22,1.28,49.0,30.423028000868246,101.0,158.21,4.5,06:14:00,18:10:00
15913,1475415620,10/2/2016 12:00:00 AM,03:40:20,1.26,49.0,30.42,101.0,157.52,10.12,06:14:00,18:10:00
15914,1475415325,10/2/2016 12:00:00 AM,03:35:25,1.18,51.16507236474315,30.42,101.0,146.76,3.37,06:14:00,18:10:00
15915,1475415021,10/2/2016 12:00:00 AM,03:30:21,1.2,49.0,30.42,101.0,167.33,5.62,06:14:00,18:10:00
15916,1475414723,10/2/2016 12:00:00 AM,03:25:23,1.25,49.0,30.42,101.0,101.49,4.5,06:14:00,18:10:00
15917,1475414422,10/2/2016 12:00:00 AM,03:20:22,1.22,49.0,30.42,101.0,128.47,6.75,06:14:00,18:10:00
15918,1475414124,10/2/2016 12:00:00 AM,03:15:24,1.24,49.0,30.43,101.0,99.9,5.62,06:14:00,18:10:00
15919,1475413819,10/2/2016 12:00:00 AM,03:10:19,1.28,50.0,30.43,101.0,74.0,3.37,06:14:00,18:10:00
15920,1475413521,10/2/2016 12:00:00 AM,03:05:21,1.28,49.0,30.43,101.0,50.38,2.25,06:14:00,18:10:00
15921,1475413220,10/2/2016 12:00:00 AM,03:00:20,1.25,49.0,30.43,101.0,131.53,2.25,06:14:00,18:10:00
15922,1475412919,10/2/2016 12:00:00 AM,02:55:19,1.25,49.0,30.43,101.0,148.11,3.37,06:14:00,18:10:00
15923,1475412624,10/2/2016 12:00:00 AM,02:50:24,1.26,49.0,30.43,74.83719267708949,161.07,1.12,06:14:00,18:10:00
15924,1475412325,10/2/2016 12:00:00 AM,02:45:25,1.25,49.0,30.43,101.0,150.67,2.25,06:14:00,18:10:00
15925,1475412021,10/2/2016 12:00:00 AM,02:40:21,1.24,49.0,30.43,101.0,138.77,3.37,06:14:00,18:10:00
15926,1475411727,10/2/2016 12:00:00 AM,02:35:27,1.28,50.0,30.43,101.0,128.79,6.75,06:14:00,18:10:00
15927,1475411426,10/2/2016 12:00:00 AM,02:30:26,1.25,50.0,30.43,101.0,140.7,4.5,06:14:00,18:10:00
15928,1475411121,10/2/2016 12:00:00 AM,02:25:21,1.3,50.0,30.43,101.0,92.03,2.25,06:14:00,18:10:00
15929,1475410823,10/2/2016 12:00:00 AM,02:20:23,1.27,50.0,30.43,101.0,121.76,4.5,06:14:00,18:10:00
15930,1475410519,10/2/2016 12:00:00 AM,02:15:19,1.24,50.0,30.43,101.0,49.3,3.37,06:14:00,18:10:00
15931,1475410219,10/2/2016 12:00:00 AM,02:10:19,1.26,50.0,30.44,101.0,28.38,3.37,06:14:00,18:10:00
15932,1475409925,10/2/2016 12:00:00 AM,02:05:25,1.27,50.0,30.44,101.0,98.46,7.87,06:14:00,18:10:00
15933,1475409619,10/2/2016 12:00:00 AM,02:00:19,1.28,50.0,30.44,101.0,50.35,4.5,06:14:00,18:10:00
15934,1475409324,10/2/2016 12:00:00 AM,01:55:24,1.28,51.0,30.45,101.0,130.35,5.62,06:14:00,18:10:00
15935,1475409022,10/2/2016 12:00:00 AM,01:50:22,1.26,51.0,30.45,101.0,108.1,6.75,06:14:00,18:10:00
15936,1475408722,10/2/2016 12:00:00 AM,01:45:22,1.27,51.0,30.45,101.0,168.22,4.5,06:14:00,18:10:00
15937,1475408423,10/2/2016 12:00:00 AM,01:40:23,1.34,51.0,30.45,101.0,129.47,3.37,06:14:00,18:10:00
15938,1475408119,10/2/2016 12:00:00 AM,01:35:19,1.25,51.0,30.45,101.0,113.18,4.5,06:14:00,18:10:00
15939,1475407821,10/2/2016 12:00:00 AM,01:30:21,1.27,51.0,30.423028000868246,101.0,157.75,3.37,06:14:00,18:10:00
15940,1475407519,10/2/2016 12:00:00 AM,01:25:19,1.27,51.0,30.45,101.0,149.06,6.75,06:14:00,18:10:00
15941,1475407218,10/2/2016 12:00:00 AM,01:20:18,1.28,51.0,30.45,101.0,186.53,3.37,06:14:00,18:10:00
15942,1475406922,10/2/2016 12:00:00 AM,01:15:22,1.25,51.0,30.45,101.0,142.0,3.37,06:14:00,18:10:00
15943,1475406621,10/2/2016 12:00:00 AM,01:10:21,1.26,51.0,30.45,101.0,119.35,9.0,06:14:00,18:10:00
15944,1475406327,10/2/2016 12:00:00 AM,01:05:27,1.28,51.0,30.45,101.0,116.84,6.75,06:14:00,18:10:00
15945,1475406026,10/2/2016 12:00:00 AM,01:00:26,1.27,51.0,30.45,101.0,140.85,10.12,06:14:00,18:10:00
15946,1475405721,10/2/2016 12:00:00 AM,00:55:21,1.27,51.0,30.46,101.0,148.87,4.5,06:14:00,18:10:00
15947,1475405420,10/2/2016 12:00:00 AM,00:50:20,1.27,51.0,30.46,101.0,160.46,4.5,06:14:00,18:10:00
15948,1475405120,10/2/2016 12:00:00 AM,00:45:20,1.26,51.0,30.46,101.0,145.52,5.62,06:14:00,18:10:00
15949,1475404821,10/2/2016 12:00:00 AM,00:40:21,1.3,51.16507236474315,30.46,101.0,167.9,9.0,06:14:00,18:10:00
15950,1475404525,10/2/2016 12:00:00 AM,00:35:25,1.27,50.0,30.46,101.0,147.31,7.87,06:14:00,18:10:00
15951,1475404220,10/2/2016 12:00:00 AM,00:30:20,1.29,50.0,30.46,101.0,135.64,7.87,06:14:00,18:10:00
15952,1475403923,10/2/2016 12:00:00 AM,00:25:23,1.27,50.0,30.46,101.0,174.68,7.87,06:14:00,18:10:00
15953,1475402423,10/2/2016 12:00:00 AM,00:00:23,1.26,50.0,30.46,101.0,40.05,3.37,06:14:00,18:10:00
15954,1475402124,10/1/2016 12:00:00 AM,23:55:24,1.27,50.0,30.46,101.0,150.11,4.5,06:13:00,18:11:00
15955,1475401821,10/1/2016 12:00:00 AM,23:50:21,1.28,50.0,30.46,101.0,124.45,2.25,06:13:00,18:11:00
15956,1475401523,10/1/2016 12:00:00 AM,23:45:23,1.26,50.0,30.47,101.0,119.92,9.0,06:13:00,18:11:00
15957,1475401225,10/1/2016 12:00:00 AM,23:40:25,1.27,51.0,30.46,101.0,132.3,7.87,06:13:00,18:11:00
15958,1475400919,10/1/2016 12:00:00 AM,23:35:19,1.3,51.0,30.46,102.0,130.24,6.75,06:13:00,18:11:00
15959,1475400621,10/1/2016 12:00:00 AM,23:30:21,1.28,51.0,30.47,102.0,144.72,5.62,06:13:00,18:11:00
15960,1475400322,10/1/2016 12:00:00 AM,23:25:22,1.28,51.0,30.46,102.0,144.15,4.5,06:13:00,18:11:00
15961,1475400024,10/1/2016 12:00:00 AM,23:20:24,1.28,51.0,30.47,102.0,159.72,10.12,06:13:00,18:11:00
15962,1475399726,10/1/2016 12:00:00 AM,23:15:26,1.27,51.0,30.47,102.0,111.49,9.0,06:13:00,18:11:00
15963,1475399424,10/1/2016 12:00:00 AM,23:10:24,1.3,51.0,30.47,102.0,100.4,3.37,06:13:00,18:11:00
15964,1475399123,10/1/2016 12:00:00 AM,23:05:23,1.31,51.0,30.47,102.0,149.21,2.25,06:13:00,18:11:00
15965,1475398821,10/1/2016 12:00:00 AM,23:00:21,1.28,51.0,30.47,102.0,134.25,6.75,06:13:00,18:11:00
15966,1475398520,10/1/2016 12:00:00 AM,22:55:20,1.28,51.0,30.47,102.0,135.45,9.0,06:13:00,18:11:00
15967,1475398221,10/1/2016 12:00:00 AM,22:50:21,1.26,50.0,30.47,102.0,139.16,7.87,06:13:00,18:11:00
15968,1475397922,10/1/2016 12:00:00 AM,22:45:22,1.29,51.0,30.47,102.0,151.89,4.5,06:13:00,18:11:00
15969,1475397623,10/1/2016 12:00:00 AM,22:40:23,1.27,51.0,30.47,102.0,122.06,3.37,06:13:00,18:11:00
15970,1475397324,10/1/2016 12:00:00 AM,22:35:24,1.28,51.0,30.47,102.0,139.52,5.62,06:13:00,18:11:00
15971,1475397026,10/1/2016 12:00:00 AM,22:30:26,1.24,51.0,30.47,102.0,150.58,5.62,06:13:00,18:11:00
15972,1475396720,10/1/2016 12:00:00 AM,22:25:20,1.29,51.0,30.47,102.0,103.88,9.0,06:13:00,18:11:00
15973,1475396418,10/1/2016 12:00:00 AM,22:20:18,1.27,50.0,30.47,102.0,117.27,4.5,06:13:00,18:11:00
15974,1475396122,10/1/2016 12:00:00 AM,22:15:22,1.27,50.0,30.47,102.0,98.07,6.75,06:13:00,18:11:00
15975,1475395822,10/1/2016 12:00:00 AM,22:10:22,1.26,50.0,30.47,102.0,163.1,9.0,06:13:00,18:11:00
15976,1475395525,10/1/2016 12:00:00 AM,22:05:25,1.27,50.0,30.47,102.0,157.98,3.37,06:13:00,18:11:00
15977,1475395218,10/1/2016 12:00:00 AM,22:00:18,1.26,51.0,30.47,102.0,138.31,5.62,06:13:00,18:11:00
15978,1475394925,10/1/2016 12:00:00 AM,21:55:25,1.25,51.0,30.47,102.0,183.48,3.37,06:13:00,18:11:00
15979,1475394622,10/1/2016 12:00:00 AM,21:50:22,1.31,51.0,30.47,102.0,173.51,4.5,06:13:00,18:11:00
15980,1475394322,10/1/2016 12:00:00 AM,21:45:22,1.3,51.0,30.47,102.0,74.18,3.37,06:13:00,18:11:00
15981,1475394022,10/1/2016 12:00:00 AM,21:40:22,1.24,51.0,30.47,102.0,48.75,6.75,06:13:00,18:11:00
15982,1475393720,10/1/2016 12:00:00 AM,21:35:20,1.28,51.0,30.47,102.0,103.11,2.25,06:13:00,18:11:00
15983,1475393421,10/1/2016 12:00:00 AM,21:30:21,1.3,51.0,30.47,102.0,25.56,2.25,06:13:00,18:11:00
15984,1475393122,10/1/2016 12:00:00 AM,21:25:22,1.27,51.0,30.47,102.0,69.11,5.62,06:13:00,18:11:00
15985,1475392818,10/1/2016 12:00:00 AM,21:20:18,1.26,51.0,30.47,102.0,99.83,9.0,06:13:00,18:11:00
15986,1475392520,10/1/2016 12:00:00 AM,21:15:20,1.27,52.0,30.47,102.0,114.03,3.37,06:13:00,18:11:00
15987,1475392222,10/1/2016 12:00:00 AM,21:10:22,1.29,52.0,30.47,102.0,133.24,3.37,06:13:00,18:11:00
15988,1475391921,10/1/2016 12:00:00 AM,21:05:21,1.25,51.0,30.47,102.0,163.67,5.62,06:13:00,18:11:00
15989,1475391620,10/1/2016 12:00:00 AM,21:00:20,1.28,51.0,30.47,102.0,144.78,5.62,06:13:00,18:11:00
15990,1475391325,10/1/2016 12:00:00 AM,20:55:25,1.25,51.0,30.47,102.0,144.99,7.87,06:13:00,18:11:00
15991,1475391020,10/1/2016 12:00:00 AM,20:50:20,1.29,51.0,30.47,102.0,164.28,9.0,06:13:00,18:11:00
15992,1475390723,10/1/2016 12:00:00 AM,20:45:23,1.28,51.0,30.47,102.0,145.0,4.5,06:13:00,18:11:00
15993,1475390426,10/1/2016 12:00:00 AM,20:40:26,1.24,51.0,30.47,102.0,124.77,9.0,06:13:00,18:11:00
15994,1475390123,10/1/2016 12:00:00 AM,20:35:23,1.28,51.0,30.47,102.0,138.2,10.12,06:13:00,18:11:00
15995,1475389825,10/1/2016 12:00:00 AM,20:30:25,1.24,51.0,30.47,102.0,134.32,10.12,06:13:00,18:11:00
15996,1475389521,10/1/2016 12:00:00 AM,20:25:21,1.26,52.0,30.47,102.0,119.14,10.12,06:13:00,18:11:00
15997,1475389225,10/1/2016 12:00:00 AM,20:20:25,1.31,51.0,30.423028000868246,102.0,122.7,6.75,06:13:00,18:11:00
15998,1475388921,10/1/2016 12:00:00 AM,20:15:21,1.29,51.0,30.47,102.0,56.16,3.37,06:13:00,18:11:00
15999,1475388622,10/1/2016 12:00:00 AM,20:10:22,1.33,51.0,30.47,102.0,148.81,3.37,06:13:00,18:11:00
16000,1475388320,10/1/2016 12:00:00 AM,20:05:20,1.24,51.0,30.46,102.0,90.88,4.5,06:13:00,18:11:00
16001,1475388019,10/1/2016 12:00:00 AM,20:00:19,1.31,52.0,30.46,102.0,21.09,1.12,06:13:00,18:11:00
16002,1475387721,10/1/2016 12:00:00 AM,19:55:21,1.26,52.0,30.46,102.0,113.3,4.5,06:13:00,18:11:00
16003,1475387421,10/1/2016 12:00:00 AM,19:50:21,1.29,52.0,30.46,102.0,136.51,10.12,06:13:00,18:11:00
16004,1475387119,10/1/2016 12:00:00 AM,19:45:19,1.27,52.0,30.46,102.0,117.72,10.12,06:13:00,18:11:00
16005,1475386825,10/1/2016 12:00:00 AM,19:40:25,1.29,52.0,30.46,102.0,136.33,13.5,06:13:00,18:11:00
16006,1475386521,10/1/2016 12:00:00 AM,19:35:21,1.28,52.0,30.46,102.0,81.05,6.75,06:13:00,18:11:00
16007,1475386223,10/1/2016 12:00:00 AM,19:30:23,1.27,51.0,30.46,102.0,120.3,3.37,06:13:00,18:11:00
16008,1475385921,10/1/2016 12:00:00 AM,19:25:21,1.27,51.0,30.45,102.0,149.0,5.62,06:13:00,18:11:00
16009,1475385623,10/1/2016 12:00:00 AM,19:20:23,1.27,51.0,30.45,102.0,108.49,2.25,06:13:00,18:11:00
16010,1475385339,10/1/2016 12:00:00 AM,19:15:39,1.26,50.0,30.45,102.0,109.12,9.0,06:13:00,18:11:00
16011,1475385024,10/1/2016 12:00:00 AM,19:10:24,1.28,51.0,30.45,102.0,128.74,5.62,06:13:00,18:11:00
16012,1475384720,10/1/2016 12:00:00 AM,19:05:20,1.28,52.0,30.45,102.0,0.1,3.37,06:13:00,18:11:00
16013,1475384427,10/1/2016 12:00:00 AM,19:00:27,1.27,52.0,30.45,102.0,36.07,5.62,06:13:00,18:11:00
16014,1475384121,10/1/2016 12:00:00 AM,18:55:21,1.33,52.0,30.45,102.0,111.31,4.5,06:13:00,18:11:00
16015,1475383823,10/1/2016 12:00:00 AM,18:50:23,1.22,52.0,30.45,102.0,88.96,4.5,06:13:00,18:11:00
16016,1475383526,10/1/2016 12:00:00 AM,18:45:26,1.27,52.0,30.44,102.0,60.29,3.37,06:13:00,18:11:00
16017,1475383223,10/1/2016 12:00:00 AM,18:40:23,1.32,52.0,30.44,102.0,60.26,2.25,06:13:00,18:11:00
16018,1475382923,10/1/2016 12:00:00 AM,18:35:23,1.29,52.0,30.44,102.0,62.42,3.37,06:13:00,18:11:00
16019,1475382620,10/1/2016 12:00:00 AM,18:30:20,1.29,52.0,30.44,102.0,38.84,4.5,06:13:00,18:11:00
16020,1475382319,10/1/2016 12:00:00 AM,18:25:19,1.29,52.0,30.44,102.0,185.66,1.12,06:13:00,18:11:00
16021,1475382025,10/1/2016 12:00:00 AM,18:20:25,1.74,52.0,30.44,102.0,3.49,1.12,06:13:00,18:11:00
16022,1475381729,10/1/2016 12:00:00 AM,18:15:29,1.98,52.0,30.44,102.0,196.38,4.5,06:13:00,18:11:00
16023,1475381420,10/1/2016 12:00:00 AM,18:10:20,2.22,51.0,30.44,102.0,104.91,7.87,06:13:00,18:11:00
16024,1475381119,10/1/2016 12:00:00 AM,18:05:19,4.61,52.0,30.44,102.0,56.09,6.75,06:13:00,18:11:00
16025,1475380822,10/1/2016 12:00:00 AM,18:00:22,8.17,52.0,30.44,102.0,54.3,5.62,06:13:00,18:11:00
16026,1475380521,10/1/2016 12:00:00 AM,17:55:21,16.23,52.0,30.44,102.0,338.31,2.25,06:13:00,18:11:00
16027,1475380221,10/1/2016 12:00:00 AM,17:50:21,26.05,52.0,30.44,102.0,94.81,4.5,06:13:00,18:11:00
16028,1475379922,10/1/2016 12:00:00 AM,17:45:22,37.06,52.0,30.44,102.0,73.0,7.87,06:13:00,18:11:00
16029,1475379624,10/1/2016 12:00:00 AM,17:40:24,88.6,52.0,30.44,101.0,68.34,4.5,06:13:00,18:11:00
16030,1475379320,10/1/2016 12:00:00 AM,17:35:20,19.16,52.0,30.44,74.83719267708949,71.9,5.62,06:13:00,18:11:00
16031,1475379023,10/1/2016 12:00:00 AM,17:30:23,33.44,52.0,30.44,101.0,48.1,2.25,06:13:00,18:11:00
16032,1475378723,10/1/2016 12:00:00 AM,17:25:23,63.53,53.0,30.43,101.0,57.82,3.37,06:13:00,18:11:00
16033,1475378423,10/1/2016 12:00:00 AM,17:20:23,68.09,53.0,30.43,101.0,133.96,6.75,06:13:00,18:11:00
16034,1475378121,10/1/2016 12:00:00 AM,17:15:21,77.67,53.0,30.43,101.0,0.12,3.37,06:13:00,18:11:00
16035,1475377819,10/1/2016 12:00:00 AM,17:10:19,87.28,53.0,30.43,101.0,30.96,3.37,06:13:00,18:11:00
16036,1475377521,10/1/2016 12:00:00 AM,17:05:21,56.91,53.0,30.43,101.0,25.99,6.229096658193317,06:13:00,18:11:00
16037,1475377223,10/1/2016 12:00:00 AM,17:00:23,82.0,53.0,30.43,101.0,126.79,6.75,06:13:00,18:11:00
16038,1475376923,10/1/2016 12:00:00 AM,16:55:23,114.32,53.0,30.43,101.0,66.07,6.75,06:13:00,18:11:00
16039,1475376620,10/1/2016 12:00:00 AM,16:50:20,112.33,53.0,30.43,101.0,142.16,5.62,06:13:00,18:11:00
16040,1475376324,10/1/2016 12:00:00 AM,16:45:24,67.39,53.0,30.43,101.0,146.86,7.87,06:13:00,18:11:00
16041,1475376024,10/1/2016 12:00:00 AM,16:40:24,79.92,53.0,30.43,101.0,70.27,5.62,06:13:00,18:11:00
16042,1475375721,10/1/2016 12:00:00 AM,16:35:21,198.5,53.0,30.43,101.0,174.08,4.5,06:13:00,18:11:00
16043,1475375420,10/1/2016 12:00:00 AM,16:30:20,153.46,53.0,30.42,101.0,167.76,2.25,06:13:00,18:11:00
16044,1475375122,10/1/2016 12:00:00 AM,16:25:22,190.03,53.0,30.42,101.0,2.31,3.37,06:13:00,18:11:00
16045,1475374819,10/1/2016 12:00:00 AM,16:20:19,142.93,54.0,30.42,101.0,133.87,4.5,06:13:00,18:11:00
16046,1475374524,10/1/2016 12:00:00 AM,16:15:24,174.48,54.0,30.42,101.0,68.02,5.62,06:13:00,18:11:00
16047,1475374219,10/1/2016 12:00:00 AM,16:10:19,108.29,54.0,30.42,101.0,7.49,3.37,06:13:00,18:11:00
16048,1475373922,10/1/2016 12:00:00 AM,16:05:22,155.63,54.0,30.42,101.0,76.55,5.62,06:13:00,18:11:00
16049,1475373620,10/1/2016 12:00:00 AM,16:00:20,295.9,54.0,30.42,101.0,38.39,7.87,06:13:00,18:11:00
16050,1475373325,10/1/2016 12:00:00 AM,15:55:25,282.29,54.0,30.42,101.0,133.66,2.25,06:13:00,18:11:00
16051,1475373024,10/1/2016 12:00:00 AM,15:50:24,303.12,54.0,30.42,101.0,99.43,5.62,06:13:00,18:11:00
16052,1475372722,10/1/2016 12:00:00 AM,15:45:22,195.33,54.0,30.42,101.0,350.99,6.75,06:13:00,18:11:00
16053,1475372427,10/1/2016 12:00:00 AM,15:40:27,218.21,55.0,30.42,101.0,70.32,9.0,06:13:00,18:11:00
16054,1475372121,10/1/2016 12:00:00 AM,15:35:21,411.41,55.0,30.42,101.0,29.88,7.87,06:13:00,18:11:00
16055,1475371824,10/1/2016 12:00:00 AM,15:30:24,276.83,55.0,30.42,101.0,15.96,5.62,06:13:00,18:11:00
16056,1475371525,10/1/2016 12:00:00 AM,15:25:25,305.5,55.0,30.42,101.0,50.06,4.5,06:13:00,18:11:00
16057,1475371220,10/1/2016 12:00:00 AM,15:20:20,333.17,55.0,30.42,101.0,42.2,7.87,06:13:00,18:11:00
16058,1475370922,10/1/2016 12:00:00 AM,15:15:22,250.26,55.0,30.42,101.0,343.84,7.87,06:13:00,18:11:00
16059,1475370623,10/1/2016 12:00:00 AM,15:10:23,326.2,55.0,30.42,101.0,10.65,6.75,06:13:00,18:11:00
16060,1475370322,10/1/2016 12:00:00 AM,15:05:22,359.02,55.0,30.42,101.0,109.38,6.75,06:13:00,18:11:00
16061,1475370023,10/1/2016 12:00:00 AM,15:00:23,404.0,55.0,30.42,101.0,17.17,4.5,06:13:00,18:11:00
16062,1475369723,10/1/2016 12:00:00 AM,14:55:23,522.48,55.0,30.42,100.0,95.84,9.0,06:13:00,18:11:00
16063,1475369419,10/1/2016 12:00:00 AM,14:50:19,446.54,55.0,30.42,100.0,26.66,7.87,06:13:00,18:11:00
16064,1475369124,10/1/2016 12:00:00 AM,14:45:24,559.85,55.0,30.42,100.0,359.93,6.75,06:13:00,18:11:00
16065,1475368822,10/1/2016 12:00:00 AM,14:40:22,439.4,55.0,30.42,100.0,206.08,3.37,06:13:00,18:11:00
16066,1475368522,10/1/2016 12:00:00 AM,14:35:22,630.06,55.0,30.42,100.0,352.2,9.0,06:13:00,18:11:00
16067,1475368221,10/1/2016 12:00:00 AM,14:30:21,406.87,56.0,30.42,100.0,0.11,5.62,06:13:00,18:11:00
16068,1475367926,10/1/2016 12:00:00 AM,14:25:26,487.41,56.0,30.42,100.0,0.11,5.62,06:13:00,18:11:00
16069,1475367622,10/1/2016 12:00:00 AM,14:20:22,575.09,55.0,30.42,100.0,94.58,7.87,06:13:00,18:11:00
16070,1475367321,10/1/2016 12:00:00 AM,14:15:21,272.32,55.0,30.42,100.0,74.28,6.75,06:13:00,18:11:00
16071,1475367021,10/1/2016 12:00:00 AM,14:10:21,346.05,56.0,30.42,100.0,64.62,4.5,06:13:00,18:11:00
16072,1475366723,10/1/2016 12:00:00 AM,14:05:23,464.12,56.0,30.42,100.0,333.73,3.37,06:13:00,18:11:00
16073,1475366422,10/1/2016 12:00:00 AM,14:00:22,365.79,56.0,30.42,99.0,30.43,5.62,06:13:00,18:11:00
16074,1475366121,10/1/2016 12:00:00 AM,13:55:21,466.45,56.0,30.43,100.0,58.05,5.62,06:13:00,18:11:00
16075,1475365824,10/1/2016 12:00:00 AM,13:50:24,602.58,56.0,30.42,100.0,68.82,5.62,06:13:00,18:11:00
16076,1475365520,10/1/2016 12:00:00 AM,13:45:20,796.37,55.0,30.43,99.0,56.95,7.87,06:13:00,18:11:00
16077,1475365220,10/1/2016 12:00:00 AM,13:40:20,408.27,56.0,30.43,98.0,73.52,9.0,06:13:00,18:11:00
16078,1475364922,10/1/2016 12:00:00 AM,13:35:22,404.37,57.0,30.43,98.0,355.12,1.12,06:13:00,18:11:00
16079,1475364623,10/1/2016 12:00:00 AM,13:30:23,474.35,57.0,30.43,96.0,304.78,4.5,06:13:00,18:11:00
16080,1475364322,10/1/2016 12:00:00 AM,13:25:22,352.81,57.0,30.43,95.0,9.83,6.229096658193317,06:13:00,18:11:00
16081,1475364021,10/1/2016 12:00:00 AM,13:20:21,520.91,57.0,30.43,95.0,1.17,5.62,06:13:00,18:11:00
16082,1475363720,10/1/2016 12:00:00 AM,13:15:20,1272.97,58.0,30.44,95.0,25.51,11.25,06:13:00,18:11:00
16083,1475363420,10/1/2016 12:00:00 AM,13:10:20,620.06,59.0,30.44,94.0,7.05,7.87,06:13:00,18:11:00
16084,1475363124,10/1/2016 12:00:00 AM,13:05:24,890.21,58.0,30.44,92.0,93.96,6.75,06:13:00,18:11:00
16085,1475362821,10/1/2016 12:00:00 AM,13:00:21,633.84,58.0,30.44,93.0,58.0,6.75,06:13:00,18:11:00
16086,1475362521,10/1/2016 12:00:00 AM,12:55:21,865.04,58.0,30.44,93.0,16.08,3.37,06:13:00,18:11:00
16087,1475362219,10/1/2016 12:00:00 AM,12:50:19,1154.39,58.0,30.44,94.0,55.98,9.0,06:13:00,18:11:00
16088,1475361920,10/1/2016 12:00:00 AM,12:45:20,979.36,58.0,30.44,94.0,57.11,7.87,06:13:00,18:11:00
16089,1475361619,10/1/2016 12:00:00 AM,12:40:19,953.49,58.0,30.44,95.0,6.63,9.0,06:13:00,18:11:00
16090,1475361321,10/1/2016 12:00:00 AM,12:35:21,1085.72,58.0,30.45,95.0,81.51,11.25,06:13:00,18:11:00
16091,1475361023,10/1/2016 12:00:00 AM,12:30:23,1105.0,57.0,30.45,96.0,74.71,5.62,06:13:00,18:11:00
16092,1475360721,10/1/2016 12:00:00 AM,12:25:21,1204.21,57.0,30.45,97.0,61.85,9.0,06:13:00,18:11:00
16093,1475360421,10/1/2016 12:00:00 AM,12:20:21,822.75,57.0,30.45,97.0,127.04,4.5,06:13:00,18:11:00
16094,1475360120,10/1/2016 12:00:00 AM,12:15:20,1231.42,56.0,30.45,97.0,68.49,6.75,06:13:00,18:11:00
16095,1475359818,10/1/2016 12:00:00 AM,12:10:18,708.8,56.0,30.45,98.0,48.94,13.5,06:13:00,18:11:00
16096,1475359520,10/1/2016 12:00:00 AM,12:05:20,544.82,56.0,30.45,98.0,7.8,9.0,06:13:00,18:11:00
16097,1475359224,10/1/2016 12:00:00 AM,12:00:24,856.91,57.0,30.46,99.0,17.83,14.62,06:13:00,18:11:00
16098,1475358922,10/1/2016 12:00:00 AM,11:55:22,913.44,57.0,30.46,98.0,86.29,7.87,06:13:00,18:11:00
16099,1475358621,10/1/2016 12:00:00 AM,11:50:21,1243.14,57.0,30.46,98.0,29.74,11.25,06:13:00,18:11:00
16100,1475358323,10/1/2016 12:00:00 AM,11:45:23,623.08,57.0,30.46,98.0,34.52,7.87,06:13:00,18:11:00
16101,1475358024,10/1/2016 12:00:00 AM,11:40:24,1054.1,58.0,30.46,97.0,57.96,5.62,06:13:00,18:11:00
16102,1475357725,10/1/2016 12:00:00 AM,11:35:25,757.47,57.0,30.46,97.0,73.55,7.87,06:13:00,18:11:00
16103,1475357420,10/1/2016 12:00:00 AM,11:30:20,1206.19,57.0,30.46,97.0,106.05,4.5,06:13:00,18:11:00
16104,1475357122,10/1/2016 12:00:00 AM,11:25:22,1166.39,58.0,30.46,96.0,81.37,3.37,06:13:00,18:11:00
16105,1475356820,10/1/2016 12:00:00 AM,11:20:20,991.04,58.0,30.46,94.0,89.9,9.0,06:13:00,18:11:00
16106,1475356522,10/1/2016 12:00:00 AM,11:15:22,1040.93,59.0,30.46,88.0,18.01,7.87,06:13:00,18:11:00
16107,1475356220,10/1/2016 12:00:00 AM,11:10:20,1040.39,58.0,30.47,90.0,74.24,5.62,06:13:00,18:11:00
16108,1475355920,10/1/2016 12:00:00 AM,11:05:20,719.65,57.0,30.47,99.0,129.27,7.87,06:13:00,18:11:00
16109,1475355621,10/1/2016 12:00:00 AM,11:00:21,774.04,56.0,30.47,100.0,158.82,9.0,06:13:00,18:11:00
16110,1475355324,10/1/2016 12:00:00 AM,10:55:24,707.63,55.0,30.47,100.0,171.13,4.5,06:13:00,18:11:00
16111,1475355019,10/1/2016 12:00:00 AM,10:50:19,292.22,55.0,30.47,100.0,154.78,6.75,06:13:00,18:11:00
16112,1475354720,10/1/2016 12:00:00 AM,10:45:20,570.12,55.0,30.48,100.0,35.7,3.37,06:13:00,18:11:00
16113,1475354421,10/1/2016 12:00:00 AM,10:40:21,840.76,54.0,30.48,99.0,40.92,4.5,06:13:00,18:11:00
16114,1475354121,10/1/2016 12:00:00 AM,10:35:21,305.67,54.0,30.48,99.0,55.18,3.37,06:13:00,18:11:00
16115,1475353820,10/1/2016 12:00:00 AM,10:30:20,288.95,54.0,30.48,98.0,135.61,3.37,06:13:00,18:11:00
16116,1475353522,10/1/2016 12:00:00 AM,10:25:22,331.42,54.0,30.48,97.0,47.74,12.37,06:13:00,18:11:00
16117,1475353219,10/1/2016 12:00:00 AM,10:20:19,385.92,55.0,30.48,96.0,69.65,3.37,06:13:00,18:11:00
16118,1475352922,10/1/2016 12:00:00 AM,10:15:22,479.31,55.0,30.48,96.0,185.83,3.37,06:13:00,18:11:00
16119,1475352619,10/1/2016 12:00:00 AM,10:10:19,615.0,56.0,30.48,95.0,90.62,10.12,06:13:00,18:11:00
16120,1475352335,10/1/2016 12:00:00 AM,10:05:35,370.53,56.0,30.48,95.0,60.37,4.5,06:13:00,18:11:00
16121,1475352020,10/1/2016 12:00:00 AM,10:00:20,731.63,56.0,30.48,95.0,87.3,3.37,06:13:00,18:11:00
16122,1475351736,10/1/2016 12:00:00 AM,09:55:36,565.38,55.0,30.48,97.0,130.15,6.75,06:13:00,18:11:00
16123,1475351422,10/1/2016 12:00:00 AM,09:50:22,688.05,55.0,30.47,97.0,120.06,7.87,06:13:00,18:11:00
16124,1475351120,10/1/2016 12:00:00 AM,09:45:20,321.55,55.0,30.47,97.0,93.17,6.75,06:13:00,18:11:00
16125,1475350819,10/1/2016 12:00:00 AM,09:40:19,342.1,56.0,30.48,94.0,78.05,5.62,06:13:00,18:11:00
16126,1475350522,10/1/2016 12:00:00 AM,09:35:22,324.13,56.0,30.48,97.0,185.56,2.25,06:13:00,18:11:00
16127,1475350220,10/1/2016 12:00:00 AM,09:30:20,807.99,55.0,30.48,99.0,97.72,3.37,06:13:00,18:11:00
16128,1475349919,10/1/2016 12:00:00 AM,09:25:19,844.65,54.0,30.48,100.0,43.19,5.62,06:13:00,18:11:00
16129,1475349621,10/1/2016 12:00:00 AM,09:20:21,828.01,54.0,30.48,100.0,46.06,5.62,06:13:00,18:11:00
16130,1475349318,10/1/2016 12:00:00 AM,09:15:18,914.52,54.0,30.48,100.0,48.21,10.12,06:13:00,18:11:00
16131,1475349021,10/1/2016 12:00:00 AM,09:10:21,239.76,54.0,30.48,100.0,32.33,6.75,06:13:00,18:11:00
16132,1475348735,10/1/2016 12:00:00 AM,09:05:35,546.25,54.0,30.47,99.0,48.49,6.75,06:13:00,18:11:00
16133,1475348420,10/1/2016 12:00:00 AM,09:00:20,406.69,54.0,30.47,100.0,4.21,7.87,06:13:00,18:11:00
16134,1475348123,10/1/2016 12:00:00 AM,08:55:23,759.64,54.0,30.47,100.0,34.13,6.75,06:13:00,18:11:00
16135,1475347821,10/1/2016 12:00:00 AM,08:50:21,554.86,54.0,30.47,100.0,49.12,3.37,06:13:00,18:11:00
16136,1475347522,10/1/2016 12:00:00 AM,08:45:22,554.46,54.0,30.47,100.0,68.07,3.37,06:13:00,18:11:00
16137,1475347219,10/1/2016 12:00:00 AM,08:40:19,620.88,53.0,30.47,100.0,173.9,1.12,06:13:00,18:11:00
16138,1475346927,10/1/2016 12:00:00 AM,08:35:27,387.86,54.0,30.47,100.0,107.99,4.5,06:13:00,18:11:00
16139,1475346623,10/1/2016 12:00:00 AM,08:30:23,339.24,54.0,30.47,100.0,67.9,6.75,06:13:00,18:11:00
16140,1475346318,10/1/2016 12:00:00 AM,08:25:18,232.62,54.0,30.47,100.0,39.51,9.0,06:13:00,18:11:00
16141,1475346020,10/1/2016 12:00:00 AM,08:20:20,296.68,54.0,30.47,101.0,48.22,3.37,06:13:00,18:11:00
16142,1475345723,10/1/2016 12:00:00 AM,08:15:23,478.06,54.0,30.47,101.0,125.48,2.25,06:13:00,18:11:00
16143,1475345420,10/1/2016 12:00:00 AM,08:10:20,451.34,53.0,30.47,101.0,174.92,10.12,06:13:00,18:11:00
16144,1475345121,10/1/2016 12:00:00 AM,08:05:21,366.92,53.0,30.47,101.0,32.56,3.37,06:13:00,18:11:00
16145,1475344820,10/1/2016 12:00:00 AM,08:00:20,487.45,52.0,30.47,101.0,72.29,6.75,06:13:00,18:11:00
16146,1475344522,10/1/2016 12:00:00 AM,07:55:22,313.63,52.0,30.47,101.0,79.01,4.5,06:13:00,18:11:00
16147,1475344221,10/1/2016 12:00:00 AM,07:50:21,199.84,52.0,30.47,101.0,82.71,5.62,06:13:00,18:11:00
16148,1475343923,10/1/2016 12:00:00 AM,07:45:23,165.65,52.0,30.46,101.0,63.86,2.25,06:13:00,18:11:00
16149,1475343627,10/1/2016 12:00:00 AM,07:40:27,77.31,52.0,30.46,101.0,83.11,3.37,06:13:00,18:11:00
16150,1475343321,10/1/2016 12:00:00 AM,07:35:21,204.54,52.0,30.46,101.0,143.45,6.75,06:13:00,18:11:00
16151,1475343023,10/1/2016 12:00:00 AM,07:30:23,158.17,51.0,30.46,101.0,124.49,4.5,06:13:00,18:11:00
16152,1475342720,10/1/2016 12:00:00 AM,07:25:20,130.18,51.0,30.46,101.0,140.09,9.0,06:13:00,18:11:00
16153,1475342421,10/1/2016 12:00:00 AM,07:20:21,59.44,51.0,30.46,101.0,93.37,6.75,06:13:00,18:11:00
16154,1475342132,10/1/2016 12:00:00 AM,07:15:32,88.38,51.0,30.46,101.0,137.81,3.37,06:13:00,18:11:00
16155,1475341820,10/1/2016 12:00:00 AM,07:10:20,107.43,51.0,30.46,101.0,141.73,4.5,06:13:00,18:11:00
16156,1475341522,10/1/2016 12:00:00 AM,07:05:22,77.74,51.0,30.46,100.0,123.84,4.5,06:13:00,18:11:00
16157,1475341220,10/1/2016 12:00:00 AM,07:00:20,68.25,51.0,30.45,100.0,87.42,5.62,06:13:00,18:11:00
16158,1475340918,10/1/2016 12:00:00 AM,06:55:18,35.06,50.0,30.45,100.0,108.95,4.5,06:13:00,18:11:00
16159,1475340621,10/1/2016 12:00:00 AM,06:50:21,15.95,50.0,30.45,100.0,155.76,7.87,06:13:00,18:11:00
16160,1475340320,10/1/2016 12:00:00 AM,06:45:20,17.13,50.0,30.45,99.0,137.0,7.87,06:13:00,18:11:00
16161,1475340030,10/1/2016 12:00:00 AM,06:40:30,20.99,50.0,30.45,99.0,128.54,6.75,06:13:00,18:11:00
16162,1475339725,10/1/2016 12:00:00 AM,06:35:25,11.19,50.0,30.45,98.0,120.55,7.87,06:13:00,18:11:00
16163,1475339422,10/1/2016 12:00:00 AM,06:30:22,8.38,49.0,30.45,99.0,129.81,6.75,06:13:00,18:11:00
16164,1475339126,10/1/2016 12:00:00 AM,06:25:26,6.63,49.0,30.45,100.0,138.79,6.75,06:13:00,18:11:00
16165,1475338826,10/1/2016 12:00:00 AM,06:20:26,5.13,49.0,30.44,100.0,123.2,9.0,06:13:00,18:11:00
16166,1475338524,10/1/2016 12:00:00 AM,06:15:24,3.69,49.0,30.44,101.0,110.25,7.87,06:13:00,18:11:00
16167,1475338220,10/1/2016 12:00:00 AM,06:10:20,2.4,49.0,30.44,101.0,141.08,5.62,06:13:00,18:11:00
16168,1475337921,10/1/2016 12:00:00 AM,06:05:21,1.67,49.0,30.44,101.0,100.05,5.62,06:13:00,18:11:00
16169,1475337625,10/1/2016 12:00:00 AM,06:00:25,1.44,49.0,30.44,101.0,152.1,7.87,06:13:00,18:11:00
16170,1475337324,10/1/2016 12:00:00 AM,05:55:24,1.29,50.0,30.44,101.0,133.37,11.25,06:13:00,18:11:00
16171,1475337027,10/1/2016 12:00:00 AM,05:50:27,1.27,50.0,30.44,101.0,127.36,5.62,06:13:00,18:11:00
16172,1475336723,10/1/2016 12:00:00 AM,05:45:23,1.26,50.0,30.44,101.0,141.49,5.62,06:13:00,18:11:00
16173,1475336421,10/1/2016 12:00:00 AM,05:40:21,1.28,50.0,30.44,101.0,100.6,9.0,06:13:00,18:11:00
16174,1475336124,10/1/2016 12:00:00 AM,05:35:24,1.27,50.0,30.44,101.0,138.95,9.0,06:13:00,18:11:00
16175,1475335821,10/1/2016 12:00:00 AM,05:30:21,1.28,50.0,30.44,101.0,137.4,6.75,06:13:00,18:11:00
16176,1475335523,10/1/2016 12:00:00 AM,05:25:23,1.26,50.0,30.44,101.0,143.08,6.75,06:13:00,18:11:00
16177,1475335223,10/1/2016 12:00:00 AM,05:20:23,1.28,50.0,30.44,101.0,111.93,7.87,06:13:00,18:11:00
16178,1475334920,10/1/2016 12:00:00 AM,05:15:20,1.29,50.0,30.44,101.0,135.93,4.5,06:13:00,18:11:00
16179,1475334621,10/1/2016 12:00:00 AM,05:10:21,1.29,50.0,30.44,101.0,123.59,10.12,06:13:00,18:11:00
16180,1475334323,10/1/2016 12:00:00 AM,05:05:23,1.3,50.0,30.44,101.0,125.93,7.87,06:13:00,18:11:00
16181,1475334025,10/1/2016 12:00:00 AM,05:00:25,1.28,50.0,30.44,101.0,123.76,7.87,06:13:00,18:11:00
16182,1475333721,10/1/2016 12:00:00 AM,04:55:21,1.26,50.0,30.44,101.0,102.89,4.5,06:13:00,18:11:00
16183,1475333420,10/1/2016 12:00:00 AM,04:50:20,1.27,50.0,30.43,101.0,157.27,6.75,06:13:00,18:11:00
16184,1475333120,10/1/2016 12:00:00 AM,04:45:20,1.29,50.0,30.44,100.0,158.43,2.25,06:13:00,18:11:00
16185,1475332822,10/1/2016 12:00:00 AM,04:40:22,1.26,51.0,30.43,100.0,126.01,4.5,06:13:00,18:11:00
16186,1475332519,10/1/2016 12:00:00 AM,04:35:19,1.27,51.0,30.43,100.0,147.5,7.87,06:13:00,18:11:00
16187,1475332222,10/1/2016 12:00:00 AM,04:30:22,1.27,50.0,30.43,100.0,58.98,3.37,06:13:00,18:11:00
16188,1475331922,10/1/2016 12:00:00 AM,04:25:22,1.28,50.0,30.43,100.0,24.57,5.62,06:13:00,18:11:00
16189,1475331623,10/1/2016 12:00:00 AM,04:20:23,1.27,50.0,30.43,100.0,117.66,12.37,06:13:00,18:11:00
16190,1475331320,10/1/2016 12:00:00 AM,04:15:20,1.27,50.0,30.43,100.0,123.15,10.12,06:13:00,18:11:00
16191,1475331021,10/1/2016 12:00:00 AM,04:10:21,1.25,50.0,30.43,100.0,126.36,5.62,06:13:00,18:11:00
16192,1475330723,10/1/2016 12:00:00 AM,04:05:23,1.26,50.0,30.43,100.0,135.42,5.62,06:13:00,18:11:00
16193,1475330425,10/1/2016 12:00:00 AM,04:00:25,1.26,50.0,30.43,100.0,125.96,12.37,06:13:00,18:11:00
16194,1475330119,10/1/2016 12:00:00 AM,03:55:19,1.27,50.0,30.43,100.0,133.19,9.0,06:13:00,18:11:00
16195,1475329820,10/1/2016 12:00:00 AM,03:50:20,1.29,50.0,30.43,100.0,158.26,4.5,06:13:00,18:11:00
16196,1475329527,10/1/2016 12:00:00 AM,03:45:27,1.24,50.0,30.43,100.0,198.94,4.5,06:13:00,18:11:00
16197,1475329220,10/1/2016 12:00:00 AM,03:40:20,1.26,50.0,30.43,100.0,69.18,2.25,06:13:00,18:11:00
16198,1475328925,10/1/2016 12:00:00 AM,03:35:25,1.27,50.0,30.43,100.0,131.05,7.87,06:13:00,18:11:00
16199,1475328619,10/1/2016 12:00:00 AM,03:30:19,1.26,50.0,30.43,100.0,125.83,4.5,06:13:00,18:11:00
16200,1475328322,10/1/2016 12:00:00 AM,03:25:22,1.29,50.0,30.43,100.0,85.42,0.0,06:13:00,18:11:00
16201,1475328021,10/1/2016 12:00:00 AM,03:20:21,1.26,51.0,30.43,100.0,132.21,2.25,06:13:00,18:11:00
16202,1475327719,10/1/2016 12:00:00 AM,03:15:19,1.27,51.0,30.43,100.0,141.29,4.5,06:13:00,18:11:00
16203,1475327423,10/1/2016 12:00:00 AM,03:10:23,1.29,50.0,30.43,100.0,134.16,13.5,06:13:00,18:11:00
16204,1475327119,10/1/2016 12:00:00 AM,03:05:19,1.26,50.0,30.43,100.0,132.66,9.0,06:13:00,18:11:00
16205,1475326824,10/1/2016 12:00:00 AM,03:00:24,1.31,50.0,30.43,100.0,142.99,2.25,06:13:00,18:11:00
16206,1475326519,10/1/2016 12:00:00 AM,02:55:19,1.28,50.0,30.43,100.0,117.12,7.87,06:13:00,18:11:00
16207,1475326219,10/1/2016 12:00:00 AM,02:50:19,1.29,50.0,30.43,100.0,125.55,9.0,06:13:00,18:11:00
16208,1475325926,10/1/2016 12:00:00 AM,02:45:26,1.27,50.0,30.43,100.0,142.79,4.5,06:13:00,18:11:00
16209,1475325622,10/1/2016 12:00:00 AM,02:40:22,1.28,50.0,30.43,100.0,145.65,6.75,06:13:00,18:11:00
16210,1475325324,10/1/2016 12:00:00 AM,02:35:24,1.32,50.0,30.43,100.0,141.13,4.5,06:13:00,18:11:00
16211,1475325029,10/1/2016 12:00:00 AM,02:30:29,1.28,50.0,30.43,100.0,136.03,9.0,06:13:00,18:11:00
16212,1475324719,10/1/2016 12:00:00 AM,02:25:19,1.28,50.0,30.43,100.0,182.2,5.62,06:13:00,18:11:00
16213,1475324431,10/1/2016 12:00:00 AM,02:20:31,1.25,50.0,30.43,100.0,129.94,3.37,06:13:00,18:11:00
16214,1475324119,10/1/2016 12:00:00 AM,02:15:19,1.28,50.0,30.43,100.0,131.57,6.75,06:13:00,18:11:00
16215,1475323824,10/1/2016 12:00:00 AM,02:10:24,1.26,50.0,30.44,100.0,135.34,9.0,06:13:00,18:11:00
16216,1475323527,10/1/2016 12:00:00 AM,02:05:27,1.23,50.0,30.43,100.0,102.17,12.37,06:13:00,18:11:00
16217,1475323223,10/1/2016 12:00:00 AM,02:00:23,1.3,51.0,30.44,100.0,148.95,3.37,06:13:00,18:11:00
16218,1475322923,10/1/2016 12:00:00 AM,01:55:23,1.26,51.0,30.44,100.0,126.55,7.87,06:13:00,18:11:00
16219,1475322626,10/1/2016 12:00:00 AM,01:50:26,1.28,51.0,30.44,100.0,148.13,7.87,06:13:00,18:11:00
16220,1475322326,10/1/2016 12:00:00 AM,01:45:26,1.28,51.0,30.44,100.0,141.06,11.25,06:13:00,18:11:00
16221,1475322023,10/1/2016 12:00:00 AM,01:40:23,1.26,51.16507236474315,30.44,100.0,129.03,9.0,06:13:00,18:11:00
16222,1475321724,10/1/2016 12:00:00 AM,01:35:24,1.28,51.0,30.44,99.0,148.18,6.75,06:13:00,18:11:00
16223,1475321430,10/1/2016 12:00:00 AM,01:30:30,1.29,51.0,30.44,99.0,127.53,7.87,06:13:00,18:11:00
16224,1475321123,10/1/2016 12:00:00 AM,01:25:23,1.26,50.0,30.44,99.0,145.18,10.12,06:13:00,18:11:00
16225,1475320821,10/1/2016 12:00:00 AM,01:20:21,1.3,50.0,30.44,99.0,157.74,5.62,06:13:00,18:11:00
16226,1475320525,10/1/2016 12:00:00 AM,01:15:25,1.27,50.0,30.45,98.0,184.21,4.5,06:13:00,18:11:00
16227,1475320221,10/1/2016 12:00:00 AM,01:10:21,1.26,50.0,30.45,98.0,109.41,5.62,06:13:00,18:11:00
16228,1475319920,10/1/2016 12:00:00 AM,01:05:20,1.29,50.0,30.45,98.0,178.42,9.0,06:13:00,18:11:00
16229,1475319625,10/1/2016 12:00:00 AM,01:00:25,1.24,49.0,30.45,97.0,146.72,11.25,06:13:00,18:11:00
16230,1475319320,10/1/2016 12:00:00 AM,00:55:20,1.26,49.0,30.45,97.0,146.87,10.12,06:13:00,18:11:00
16231,1475319021,10/1/2016 12:00:00 AM,00:50:21,1.24,49.0,30.45,95.0,152.75,13.5,06:13:00,18:11:00
16232,1475318718,10/1/2016 12:00:00 AM,00:45:18,1.26,48.0,30.45,94.0,151.16,7.87,06:13:00,18:11:00
16233,1475318424,10/1/2016 12:00:00 AM,00:40:24,1.25,48.0,30.45,92.0,151.13,10.12,06:13:00,18:11:00
16234,1475318122,10/1/2016 12:00:00 AM,00:35:22,1.24,48.0,30.45,88.0,180.23,10.12,06:13:00,18:11:00
16235,1475317818,10/1/2016 12:00:00 AM,00:30:18,1.27,49.0,30.45,84.0,151.91,9.0,06:13:00,18:11:00
16236,1475317220,10/1/2016 12:00:00 AM,00:20:20,1.29,49.0,30.46,77.0,154.23,7.87,06:13:00,18:11:00
16237,1475316019,10/1/2016 12:00:00 AM,00:00:19,1.27,48.0,30.46,79.0,137.68,11.25,06:13:00,18:11:00
16238,1480482302,11/29/2016 12:00:00 AM,19:05:02,1.2,46.0,30.42,100.0,152.2,6.75,06:40:00,17:42:00
16239,1480482003,11/29/2016 12:00:00 AM,19:00:03,1.21,46.0,30.42,100.0,168.06,9.0,06:40:00,17:42:00
16240,1480481701,11/29/2016 12:00:00 AM,18:55:01,1.22,46.0,30.42,99.0,116.92,6.75,06:40:00,17:42:00
16241,1480481404,11/29/2016 12:00:00 AM,18:50:04,1.2,46.0,30.42,99.0,162.15,4.5,06:40:00,17:42:00
16242,1480481101,11/29/2016 12:00:00 AM,18:45:01,1.18,46.0,30.42,99.0,81.09,6.75,06:40:00,17:42:00
16243,1480480802,11/29/2016 12:00:00 AM,18:40:02,1.21,46.0,30.41,99.0,4.37,3.37,06:40:00,17:42:00
16244,1480480502,11/29/2016 12:00:00 AM,18:35:02,1.24,46.0,30.41,100.0,134.61,5.62,06:40:00,17:42:00
16245,1480480203,11/29/2016 12:00:00 AM,18:30:03,1.25,46.0,30.41,100.0,186.69,12.37,06:40:00,17:42:00
16246,1480479903,11/29/2016 12:00:00 AM,18:25:03,1.18,46.0,30.41,101.0,183.08,4.5,06:40:00,17:42:00
16247,1480479601,11/29/2016 12:00:00 AM,18:20:01,1.19,46.0,30.41,101.0,183.96,2.25,06:40:00,17:42:00
16248,1480479302,11/29/2016 12:00:00 AM,18:15:02,1.19,46.0,30.41,100.0,96.02,9.0,06:40:00,17:42:00
16249,1480479002,11/29/2016 12:00:00 AM,18:10:02,1.17,46.0,30.41,100.0,119.53,11.25,06:40:00,17:42:00
16250,1480478701,11/29/2016 12:00:00 AM,18:05:01,1.23,46.0,30.41,100.0,138.51,9.0,06:40:00,17:42:00
16251,1480478402,11/29/2016 12:00:00 AM,18:00:02,1.25,46.0,30.4,100.0,187.99,7.87,06:40:00,17:42:00
16252,1480478101,11/29/2016 12:00:00 AM,17:55:01,1.18,47.0,30.4,100.0,153.97,10.12,06:40:00,17:42:00
16253,1480477802,11/29/2016 12:00:00 AM,17:50:02,1.18,47.0,30.4,100.0,122.5,4.5,06:40:00,17:42:00
16254,1480477502,11/29/2016 12:00:00 AM,17:45:02,2.01,47.0,30.4,100.0,95.44,14.62,06:40:00,17:42:00
16255,1480477206,11/29/2016 12:00:00 AM,17:40:06,3.06,47.0,30.4,100.0,149.37,7.87,06:40:00,17:42:00
16256,1480476907,11/29/2016 12:00:00 AM,17:35:07,6.44,47.0,30.4,100.0,162.59,11.25,06:40:00,17:42:00
16257,1480476602,11/29/2016 12:00:00 AM,17:30:02,13.51,47.0,30.39,99.0,127.18,7.87,06:40:00,17:42:00
16258,1480476302,11/29/2016 12:00:00 AM,17:25:02,10.92,47.0,30.39,99.0,155.89,4.5,06:40:00,17:42:00
16259,1480476001,11/29/2016 12:00:00 AM,17:20:01,14.12,47.0,30.39,100.0,116.56,7.87,06:40:00,17:42:00
16260,1480475705,11/29/2016 12:00:00 AM,17:15:05,24.03,47.0,30.39,100.0,157.67,7.87,06:40:00,17:42:00
16261,1480475402,11/29/2016 12:00:00 AM,17:10:02,29.6,47.0,30.4,100.0,127.6,11.25,06:40:00,17:42:00
16262,1480475102,11/29/2016 12:00:00 AM,17:05:02,31.44,47.0,30.4,99.0,147.5,7.87,06:40:00,17:42:00
16263,1480474804,11/29/2016 12:00:00 AM,17:00:04,34.53,47.0,30.4,99.0,124.89,4.5,06:40:00,17:42:00
16264,1480474502,11/29/2016 12:00:00 AM,16:55:02,38.15,47.0,30.4,99.0,143.88,5.62,06:40:00,17:42:00
16265,1480474201,11/29/2016 12:00:00 AM,16:50:01,37.09,47.0,30.4,98.0,114.39,6.75,06:40:00,17:42:00
16266,1480473905,11/29/2016 12:00:00 AM,16:45:05,34.89,47.0,30.4,97.0,101.94,2.25,06:40:00,17:42:00
16267,1480473602,11/29/2016 12:00:00 AM,16:40:02,28.29,48.0,30.4,97.0,138.4,4.5,06:40:00,17:42:00
16268,1480473302,11/29/2016 12:00:00 AM,16:35:02,41.01,48.0,30.4,96.0,7.83,4.5,06:40:00,17:42:00
16269,1480473004,11/29/2016 12:00:00 AM,16:30:04,69.63,49.0,30.39,95.0,150.53,7.87,06:40:00,17:42:00
16270,1480472701,11/29/2016 12:00:00 AM,16:25:01,89.42,49.0,30.39,94.0,105.59,2.25,06:40:00,17:42:00
16271,1480472404,11/29/2016 12:00:00 AM,16:20:04,71.85,50.0,30.39,92.0,146.98,6.75,06:40:00,17:42:00
16272,1480472102,11/29/2016 12:00:00 AM,16:15:02,70.0,50.0,30.39,90.0,132.51,5.62,06:40:00,17:42:00
16273,1480471801,11/29/2016 12:00:00 AM,16:10:01,94.54,50.0,30.38,88.0,128.51,6.75,06:40:00,17:42:00
16274,1480471501,11/29/2016 12:00:00 AM,16:05:01,186.28,50.0,30.38,89.0,134.93,7.87,06:40:00,17:42:00
16275,1480471202,11/29/2016 12:00:00 AM,16:00:02,191.05,49.0,30.39,91.0,184.95,5.62,06:40:00,17:42:00
16276,1480470902,11/29/2016 12:00:00 AM,15:55:02,250.53,49.0,30.39,97.0,179.58,4.5,06:40:00,17:42:00
16277,1480470602,11/29/2016 12:00:00 AM,15:50:02,267.87,49.0,30.39,97.0,78.28,2.25,06:40:00,17:42:00
16278,1480470301,11/29/2016 12:00:00 AM,15:45:01,474.86,49.0,30.39,97.0,87.34,4.5,06:40:00,17:42:00
16279,1480470006,11/29/2016 12:00:00 AM,15:40:06,488.67,48.0,30.39,97.0,64.44,4.5,06:40:00,17:42:00
16280,1480469707,11/29/2016 12:00:00 AM,15:35:07,340.8,48.0,30.39,97.0,134.6,7.87,06:40:00,17:42:00
16281,1480469401,11/29/2016 12:00:00 AM,15:30:01,243.04,48.0,30.39,97.0,102.1,3.37,06:40:00,17:42:00
16282,1480469102,11/29/2016 12:00:00 AM,15:25:02,199.25,48.0,30.39,96.0,104.0,2.25,06:40:00,17:42:00
16283,1480468805,11/29/2016 12:00:00 AM,15:20:05,135.85,49.0,30.39,95.0,47.64,4.5,06:40:00,17:42:00
16284,1480468502,11/29/2016 12:00:00 AM,15:15:02,174.16,49.0,30.38,96.0,61.68,4.5,06:40:00,17:42:00
16285,1480468202,11/29/2016 12:00:00 AM,15:10:02,218.02,48.0,30.38,98.0,119.66,7.87,06:40:00,17:42:00
16286,1480467904,11/29/2016 12:00:00 AM,15:05:04,229.59,48.0,30.38,97.0,149.0,4.5,06:40:00,17:42:00
16287,1480467602,11/29/2016 12:00:00 AM,15:00:02,265.0,48.0,30.38,96.0,118.14,5.62,06:40:00,17:42:00
16288,1480467301,11/29/2016 12:00:00 AM,14:55:01,262.97,48.0,30.38,93.0,99.29,3.37,06:40:00,17:42:00
16289,1480467001,11/29/2016 12:00:00 AM,14:50:01,286.57,49.0,30.38,93.0,85.59,5.62,06:40:00,17:42:00
16290,1480466706,11/29/2016 12:00:00 AM,14:45:06,282.43,49.0,30.38,90.0,142.15,1.12,06:40:00,17:42:00
16291,1480466403,11/29/2016 12:00:00 AM,14:40:03,245.73,49.0,30.38,89.0,112.6,11.25,06:40:00,17:42:00
16292,1480466104,11/29/2016 12:00:00 AM,14:35:04,308.04,49.0,30.39,88.0,54.84,11.25,06:40:00,17:42:00
16293,1480465804,11/29/2016 12:00:00 AM,14:30:04,307.57,49.0,30.39,89.0,71.6,4.5,06:40:00,17:42:00
16294,1480465501,11/29/2016 12:00:00 AM,14:25:01,376.3,49.0,30.39,91.0,134.16,10.12,06:40:00,17:42:00
16295,1480465206,11/29/2016 12:00:00 AM,14:20:06,447.56,49.0,30.39,92.0,55.76,6.75,06:40:00,17:42:00
16296,1480464902,11/29/2016 12:00:00 AM,14:15:02,415.35,49.0,30.38,93.0,126.31,5.62,06:40:00,17:42:00
16297,1480464601,11/29/2016 12:00:00 AM,14:10:01,362.48,49.0,30.39,96.0,39.08,5.62,06:40:00,17:42:00
16298,1480464301,11/29/2016 12:00:00 AM,14:05:01,309.13,51.16507236474315,30.39,95.0,70.41,11.25,06:40:00,17:42:00
16299,1480464002,11/29/2016 12:00:00 AM,14:00:02,346.94,49.0,30.39,95.0,138.75,5.62,06:40:00,17:42:00
16300,1480463702,11/29/2016 12:00:00 AM,13:55:02,424.93,48.0,30.39,98.0,93.2,1.12,06:40:00,17:42:00
16301,1480463402,11/29/2016 12:00:00 AM,13:50:02,986.79,47.0,30.4,99.0,47.46,7.87,06:40:00,17:42:00
16302,1480463104,11/29/2016 12:00:00 AM,13:45:04,963.02,47.0,30.4,100.0,51.15,7.87,06:40:00,17:42:00
16303,1480462802,11/29/2016 12:00:00 AM,13:40:02,316.77,47.0,30.4,100.0,69.53,3.37,06:40:00,17:42:00
16304,1480462501,11/29/2016 12:00:00 AM,13:35:01,674.76,48.0,30.39,100.0,31.77,4.5,06:40:00,17:42:00
16305,1480462204,11/29/2016 12:00:00 AM,13:30:04,477.33,48.0,30.39,99.0,64.44,7.87,06:40:00,17:42:00
16306,1480461902,11/29/2016 12:00:00 AM,13:25:02,250.06,48.0,30.4,100.0,87.18,7.87,06:40:00,17:42:00
16307,1480461603,11/29/2016 12:00:00 AM,13:20:03,534.59,48.0,30.4,99.0,55.04,5.62,06:40:00,17:42:00
16308,1480461302,11/29/2016 12:00:00 AM,13:15:02,348.55,49.0,30.4,99.0,182.11,4.5,06:40:00,17:42:00
16309,1480461002,11/29/2016 12:00:00 AM,13:10:02,388.74,49.0,30.4,99.0,10.29,6.75,06:40:00,17:42:00
16310,1480460704,11/29/2016 12:00:00 AM,13:05:04,445.25,49.0,30.4,99.0,76.39,5.62,06:40:00,17:42:00
16311,1480460402,11/29/2016 12:00:00 AM,13:00:02,301.91,49.0,30.4,98.0,120.39,5.62,06:40:00,17:42:00
16312,1480460108,11/29/2016 12:00:00 AM,12:55:08,583.0,49.0,30.4,99.0,54.82,9.0,06:40:00,17:42:00
16313,1480459801,11/29/2016 12:00:00 AM,12:50:01,616.64,50.0,30.4,99.0,68.86,4.5,06:40:00,17:42:00
16314,1480459501,11/29/2016 12:00:00 AM,12:45:01,428.5,50.0,30.4,99.0,10.51,6.75,06:40:00,17:42:00
16315,1480459205,11/29/2016 12:00:00 AM,12:40:05,728.07,50.0,30.4,99.0,93.1,5.62,06:40:00,17:42:00
16316,1480458901,11/29/2016 12:00:00 AM,12:35:01,769.8,49.0,30.41,100.0,359.94,3.37,06:40:00,17:42:00
16317,1480458601,11/29/2016 12:00:00 AM,12:30:01,783.02,49.0,30.41,100.0,10.47,6.75,06:40:00,17:42:00
16318,1480458305,11/29/2016 12:00:00 AM,12:25:05,691.04,49.0,30.41,100.0,54.04,11.25,06:40:00,17:42:00
16319,1480458001,11/29/2016 12:00:00 AM,12:20:01,782.75,49.0,30.41,100.0,13.29,9.0,06:40:00,17:42:00
16320,1480457701,11/29/2016 12:00:00 AM,12:15:01,709.15,49.0,30.41,100.0,72.39,15.75,06:40:00,17:42:00
16321,1480457402,11/29/2016 12:00:00 AM,12:10:02,692.11,51.16507236474315,30.41,99.0,76.93,4.5,06:40:00,17:42:00
16322,1480457104,11/29/2016 12:00:00 AM,12:05:04,462.95,49.0,30.41,74.83719267708949,132.61,2.25,06:40:00,17:42:00
16323,1480456804,11/29/2016 12:00:00 AM,12:00:04,549.09,49.0,30.41,99.0,90.12,7.87,06:40:00,17:42:00
16324,1480456501,11/29/2016 12:00:00 AM,11:55:01,439.94,49.0,30.42,98.0,11.35,4.5,06:40:00,17:42:00
16325,1480456202,11/29/2016 12:00:00 AM,11:50:02,419.91,49.0,30.42,98.0,18.52,5.62,06:40:00,17:42:00
16326,1480455906,11/29/2016 12:00:00 AM,11:45:06,603.7,49.0,30.42,96.0,65.18,5.62,06:40:00,17:42:00
16327,1480455605,11/29/2016 12:00:00 AM,11:40:05,303.37,50.0,30.42,96.0,180.29,6.75,06:40:00,17:42:00
16328,1480455302,11/29/2016 12:00:00 AM,11:35:02,810.26,50.0,30.42,95.0,40.22,2.25,06:40:00,17:42:00
16329,1480455002,11/29/2016 12:00:00 AM,11:30:02,436.71,50.0,30.43,93.0,10.29,9.0,06:40:00,17:42:00
16330,1480454702,11/29/2016 12:00:00 AM,11:25:02,385.84,51.0,30.43,91.0,25.88,3.37,06:40:00,17:42:00
16331,1480454401,11/29/2016 12:00:00 AM,11:20:01,828.01,50.0,30.43,92.0,157.24,4.5,06:40:00,17:42:00
16332,1480454102,11/29/2016 12:00:00 AM,11:15:02,1075.64,50.0,30.43,98.0,93.99,6.75,06:40:00,17:42:00
16333,1480453801,11/29/2016 12:00:00 AM,11:10:01,916.38,50.0,30.43,99.0,49.87,3.37,06:40:00,17:42:00
16334,1480453502,11/29/2016 12:00:00 AM,11:05:02,378.8,49.0,30.43,98.0,81.37,4.5,06:40:00,17:42:00
16335,1480453205,11/29/2016 12:00:00 AM,11:00:05,380.8,49.0,30.43,98.0,98.27,10.12,06:40:00,17:42:00
16336,1480452904,11/29/2016 12:00:00 AM,10:55:04,343.09,49.0,30.43,96.0,51.51,3.37,06:40:00,17:42:00
16337,1480452603,11/29/2016 12:00:00 AM,10:50:03,469.26,49.0,30.44,96.0,141.55,3.37,06:40:00,17:42:00
16338,1480452302,11/29/2016 12:00:00 AM,10:45:02,324.06,50.0,30.44,94.0,75.08,3.37,06:40:00,17:42:00
16339,1480452001,11/29/2016 12:00:00 AM,10:40:01,603.42,50.0,30.44,94.0,145.77,7.87,06:40:00,17:42:00
16340,1480451702,11/29/2016 12:00:00 AM,10:35:02,650.12,49.0,30.44,97.0,78.68,11.25,06:40:00,17:42:00
16341,1480451402,11/29/2016 12:00:00 AM,10:30:02,382.54,49.0,30.44,97.0,86.31,14.62,06:40:00,17:42:00
16342,1480451102,11/29/2016 12:00:00 AM,10:25:02,385.84,49.0,30.44,97.0,49.18,7.87,06:40:00,17:42:00
16343,1480450802,11/29/2016 12:00:00 AM,10:20:02,957.58,49.0,30.44,98.0,150.93,4.5,06:40:00,17:42:00
16344,1480450504,11/29/2016 12:00:00 AM,10:15:04,886.05,49.0,30.44,98.0,62.63,6.75,06:40:00,17:42:00
16345,1480450201,11/29/2016 12:00:00 AM,10:10:01,635.55,49.0,30.44,97.0,62.77,5.62,06:40:00,17:42:00
16346,1480449902,11/29/2016 12:00:00 AM,10:05:02,394.27,49.0,30.45,97.0,73.65,7.87,06:40:00,17:42:00
16347,1480449602,11/29/2016 12:00:00 AM,10:00:02,507.72,49.0,30.45,96.0,142.64,5.62,06:40:00,17:42:00
16348,1480449302,11/29/2016 12:00:00 AM,09:55:02,428.78,48.0,30.44,96.0,100.17,7.87,06:40:00,17:42:00
16349,1480449002,11/29/2016 12:00:00 AM,09:50:02,369.92,48.0,30.44,95.0,170.21,3.37,06:40:00,17:42:00
16350,1480448704,11/29/2016 12:00:00 AM,09:45:04,441.41,48.0,30.44,96.0,127.26,13.5,06:40:00,17:42:00
16351,1480448402,11/29/2016 12:00:00 AM,09:40:02,356.55,47.0,30.44,96.0,100.31,3.37,06:40:00,17:42:00
16352,1480448103,11/29/2016 12:00:00 AM,09:35:03,352.66,47.0,30.44,97.0,139.13,10.12,06:40:00,17:42:00
16353,1480447804,11/29/2016 12:00:00 AM,09:30:04,379.62,46.0,30.45,100.0,132.03,5.62,06:40:00,17:42:00
16354,1480447501,11/29/2016 12:00:00 AM,09:25:01,395.41,46.0,30.45,100.0,134.61,10.12,06:40:00,17:42:00
16355,1480447202,11/29/2016 12:00:00 AM,09:20:02,581.88,46.0,30.45,100.0,121.37,10.12,06:40:00,17:42:00
16356,1480446902,11/29/2016 12:00:00 AM,09:15:02,305.46,46.0,30.45,100.0,91.21,4.5,06:40:00,17:42:00
16357,1480446601,11/29/2016 12:00:00 AM,09:10:01,385.3,46.0,30.45,99.0,90.82,5.62,06:40:00,17:42:00
16358,1480446301,11/29/2016 12:00:00 AM,09:05:01,285.3,45.0,30.44,99.0,96.35,10.12,06:40:00,17:42:00
16359,1480446002,11/29/2016 12:00:00 AM,09:00:02,369.67,45.0,30.44,99.0,182.87,10.12,06:40:00,17:42:00
16360,1480445705,11/29/2016 12:00:00 AM,08:55:05,251.67,45.0,30.45,99.0,95.27,4.5,06:40:00,17:42:00
16361,1480445403,11/29/2016 12:00:00 AM,08:50:03,279.44,45.0,30.45,98.0,108.22,6.75,06:40:00,17:42:00
16362,1480445102,11/29/2016 12:00:00 AM,08:45:02,233.12,45.0,30.45,98.0,190.86,5.62,06:40:00,17:42:00
16363,1480444801,11/29/2016 12:00:00 AM,08:40:01,194.56,45.0,30.44,74.83719267708949,189.64,2.25,06:40:00,17:42:00
16364,1480444504,11/29/2016 12:00:00 AM,08:35:04,288.44,46.0,30.44,98.0,29.82,4.5,06:40:00,17:42:00
16365,1480444202,11/29/2016 12:00:00 AM,08:30:02,196.88,46.0,30.44,98.0,56.28,7.87,06:40:00,17:42:00
16366,1480443902,11/29/2016 12:00:00 AM,08:25:02,342.08,45.0,30.43,99.0,140.04,4.5,06:40:00,17:42:00
16367,1480443602,11/29/2016 12:00:00 AM,08:20:02,248.66,45.0,30.43,99.0,135.4,11.25,06:40:00,17:42:00
16368,1480443302,11/29/2016 12:00:00 AM,08:15:02,353.55,45.0,30.43,100.0,117.25,5.62,06:40:00,17:42:00
16369,1480443001,11/29/2016 12:00:00 AM,08:10:01,289.42,45.0,30.43,100.0,232.81,5.62,06:40:00,17:42:00
16370,1480442702,11/29/2016 12:00:00 AM,08:05:02,175.07,45.0,30.43,100.0,131.33,11.25,06:40:00,17:42:00
16371,1480442405,11/29/2016 12:00:00 AM,08:00:05,148.86,45.0,30.43,100.0,106.13,3.37,06:40:00,17:42:00
16372,1480442102,11/29/2016 12:00:00 AM,07:55:02,145.5,45.0,30.42,100.0,173.22,7.87,06:40:00,17:42:00
16373,1480441801,11/29/2016 12:00:00 AM,07:50:01,196.07,45.0,30.42,99.0,167.72,2.25,06:40:00,17:42:00
16374,1480441505,11/29/2016 12:00:00 AM,07:45:05,65.63,45.0,30.42,99.0,113.79,11.25,06:40:00,17:42:00
16375,1480441202,11/29/2016 12:00:00 AM,07:40:02,73.55,45.0,30.42,99.0,131.93,9.0,06:40:00,17:42:00
16376,1480440902,11/29/2016 12:00:00 AM,07:35:02,54.85,45.0,30.42,99.0,125.83,12.37,06:40:00,17:42:00
16377,1480440604,11/29/2016 12:00:00 AM,07:30:04,120.64,45.0,30.42,99.0,146.21,9.0,06:40:00,17:42:00
16378,1480440302,11/29/2016 12:00:00 AM,07:25:02,64.23,45.0,30.43,99.0,97.38,6.75,06:40:00,17:42:00
16379,1480440002,11/29/2016 12:00:00 AM,07:20:02,26.56,45.0,30.43,99.0,169.3,6.75,06:40:00,17:42:00
16380,1480439702,11/29/2016 12:00:00 AM,07:15:02,30.53,45.0,30.42,98.0,71.55,6.75,06:40:00,17:42:00
16381,1480439405,11/29/2016 12:00:00 AM,07:10:05,29.73,45.0,30.42,98.0,167.42,9.0,06:40:00,17:42:00
16382,1480439102,11/29/2016 12:00:00 AM,07:05:02,21.72,45.0,30.42,98.0,100.03,7.87,06:40:00,17:42:00
16383,1480438803,11/29/2016 12:00:00 AM,07:00:03,21.95,45.0,30.42,98.0,159.27,9.0,06:40:00,17:42:00
16384,1480438502,11/29/2016 12:00:00 AM,06:55:02,18.1,45.0,30.42,97.0,150.66,6.75,06:40:00,17:42:00
16385,1480438204,11/29/2016 12:00:00 AM,06:50:04,12.69,44.0,30.42,96.0,151.07,9.0,06:40:00,17:42:00
16386,1480437904,11/29/2016 12:00:00 AM,06:45:04,7.52,44.0,30.42,95.0,112.66,11.25,06:40:00,17:42:00
16387,1480437604,11/29/2016 12:00:00 AM,06:40:04,5.94,44.0,30.42,95.0,154.77,11.25,06:40:00,17:42:00
16388,1480437302,11/29/2016 12:00:00 AM,06:35:02,4.34,44.0,30.42,95.0,189.32,14.62,06:40:00,17:42:00
16389,1480437002,11/29/2016 12:00:00 AM,06:30:02,2.36,44.0,30.42,92.0,171.4,11.25,06:40:00,17:42:00
16390,1480436701,11/29/2016 12:00:00 AM,06:25:01,1.46,43.0,30.43,82.0,133.5,5.62,06:40:00,17:42:00
16391,1480436403,11/29/2016 12:00:00 AM,06:20:03,1.23,43.0,30.42,77.0,181.03,6.75,06:40:00,17:42:00
16392,1480436105,11/29/2016 12:00:00 AM,06:15:05,1.18,43.0,30.42,80.0,145.28,7.87,06:40:00,17:42:00
16393,1480435804,11/29/2016 12:00:00 AM,06:10:04,1.17,43.0,30.42,75.0,125.25,9.0,06:40:00,17:42:00
16394,1480435504,11/29/2016 12:00:00 AM,06:05:04,1.21,42.0,30.42,76.0,146.45,9.0,06:40:00,17:42:00
16395,1480435202,11/29/2016 12:00:00 AM,06:00:02,1.19,42.0,30.41,75.0,173.21,12.37,06:40:00,17:42:00
16396,1480434902,11/29/2016 12:00:00 AM,05:55:02,1.24,42.0,30.42,82.0,150.88,6.75,06:40:00,17:42:00
16397,1480434603,11/29/2016 12:00:00 AM,05:50:03,1.21,41.0,30.41,87.0,106.53,5.62,06:40:00,17:42:00
16398,1480434301,11/29/2016 12:00:00 AM,05:45:01,1.21,41.0,30.41,95.0,181.82,3.37,06:40:00,17:42:00
16399,1480434002,11/29/2016 12:00:00 AM,05:40:02,1.17,41.0,30.42,97.0,117.26,9.0,06:40:00,17:42:00
16400,1480433702,11/29/2016 12:00:00 AM,05:35:02,1.16,42.0,30.42,97.0,166.07,6.75,06:40:00,17:42:00
16401,1480433401,11/29/2016 12:00:00 AM,05:30:01,1.19,42.0,30.42,98.0,131.0,12.37,06:40:00,17:42:00
16402,1480433101,11/29/2016 12:00:00 AM,05:25:01,1.21,42.0,30.42,98.0,123.75,9.0,06:40:00,17:42:00
16403,1480432802,11/29/2016 12:00:00 AM,05:20:02,1.2,42.0,30.42,98.0,139.61,3.37,06:40:00,17:42:00
16404,1480432505,11/29/2016 12:00:00 AM,05:15:05,1.2,43.0,30.41,98.0,134.2,7.87,06:40:00,17:42:00
16405,1480432204,11/29/2016 12:00:00 AM,05:10:04,1.19,42.0,30.41,97.0,111.46,6.229096658193317,06:40:00,17:42:00
16406,1480431902,11/29/2016 12:00:00 AM,05:05:02,1.2,43.0,30.41,97.0,144.88,11.25,06:40:00,17:42:00
16407,1480431604,11/29/2016 12:00:00 AM,05:00:04,1.22,43.0,30.41,97.0,97.17,6.75,06:40:00,17:42:00
16408,1480431302,11/29/2016 12:00:00 AM,04:55:02,1.17,43.0,30.41,97.0,101.0,3.37,06:40:00,17:42:00
16409,1480431005,11/29/2016 12:00:00 AM,04:50:05,1.19,42.0,30.423028000868246,98.0,179.76,11.25,06:40:00,17:42:00
16410,1480430702,11/29/2016 12:00:00 AM,04:45:02,1.22,42.0,30.41,98.0,176.49,7.87,06:40:00,17:42:00
16411,1480430401,11/29/2016 12:00:00 AM,04:40:01,1.22,43.0,30.41,99.0,169.3,5.62,06:40:00,17:42:00
16412,1480430104,11/29/2016 12:00:00 AM,04:35:04,1.2,43.0,30.41,98.0,171.76,7.87,06:40:00,17:42:00
16413,1480429802,11/29/2016 12:00:00 AM,04:30:02,1.19,42.0,30.41,98.0,136.21,10.12,06:40:00,17:42:00
16414,1480429502,11/29/2016 12:00:00 AM,04:25:02,1.19,42.0,30.41,99.0,167.73,3.37,06:40:00,17:42:00
16415,1480429201,11/29/2016 12:00:00 AM,04:20:01,1.18,42.0,30.41,99.0,117.63,9.0,06:40:00,17:42:00
16416,1480428902,11/29/2016 12:00:00 AM,04:15:02,1.2,42.0,30.41,99.0,122.35,5.62,06:40:00,17:42:00
16417,1480428602,11/29/2016 12:00:00 AM,04:10:02,1.21,42.0,30.41,99.0,132.44,11.25,06:40:00,17:42:00
16418,1480428307,11/29/2016 12:00:00 AM,04:05:07,1.22,42.0,30.41,99.0,110.33,10.12,06:40:00,17:42:00
16419,1480428001,11/29/2016 12:00:00 AM,04:00:01,1.2,42.0,30.42,98.0,200.7,3.37,06:40:00,17:42:00
16420,1480427702,11/29/2016 12:00:00 AM,03:55:02,1.2,42.0,30.42,98.0,122.37,3.37,06:40:00,17:42:00
16421,1480427402,11/29/2016 12:00:00 AM,03:50:02,1.2,42.0,30.42,98.0,178.7,6.75,06:40:00,17:42:00
16422,1480427107,11/29/2016 12:00:00 AM,03:45:07,1.16,42.0,30.42,98.0,139.05,10.12,06:40:00,17:42:00
16423,1480426802,11/29/2016 12:00:00 AM,03:40:02,1.2,42.0,30.42,97.0,124.12,9.0,06:40:00,17:42:00
16424,1480426502,11/29/2016 12:00:00 AM,03:35:02,1.21,41.0,30.42,96.0,142.16,7.87,06:40:00,17:42:00
16425,1480426201,11/29/2016 12:00:00 AM,03:30:01,1.24,42.0,30.42,96.0,165.89,3.37,06:40:00,17:42:00
16426,1480425902,11/29/2016 12:00:00 AM,03:25:02,1.2,41.0,30.42,96.0,139.02,12.37,06:40:00,17:42:00
16427,1480425606,11/29/2016 12:00:00 AM,03:20:06,1.19,41.0,30.42,94.0,149.97,6.75,06:40:00,17:42:00
16428,1480425302,11/29/2016 12:00:00 AM,03:15:02,1.17,40.0,30.42,90.0,135.84,10.12,06:40:00,17:42:00
16429,1480425002,11/29/2016 12:00:00 AM,03:10:02,1.2,40.0,30.42,88.0,119.15,9.0,06:40:00,17:42:00
16430,1480424704,11/29/2016 12:00:00 AM,03:05:04,1.19,41.0,30.42,79.0,71.79,2.25,06:40:00,17:42:00
16431,1480424403,11/29/2016 12:00:00 AM,03:00:03,1.2,41.0,30.42,74.0,113.0,6.75,06:40:00,17:42:00
16432,1480424102,11/29/2016 12:00:00 AM,02:55:02,1.19,41.0,30.42,65.0,135.7,5.62,06:40:00,17:42:00
16433,1480423802,11/29/2016 12:00:00 AM,02:50:02,1.18,42.0,30.42,68.0,146.6,6.75,06:40:00,17:42:00
16434,1480423502,11/29/2016 12:00:00 AM,02:45:02,1.21,42.0,30.42,60.0,163.51,5.62,06:40:00,17:42:00
16435,1480423205,11/29/2016 12:00:00 AM,02:40:05,1.19,42.0,30.42,59.0,174.03,6.75,06:40:00,17:42:00
16436,1480422903,11/29/2016 12:00:00 AM,02:35:03,1.25,42.0,30.42,59.0,193.13,6.75,06:40:00,17:42:00
16437,1480422602,11/29/2016 12:00:00 AM,02:30:02,1.19,43.0,30.43,59.0,161.73,7.87,06:40:00,17:42:00
16438,1480422304,11/29/2016 12:00:00 AM,02:25:04,1.19,44.0,30.43,61.0,155.7,4.5,06:40:00,17:42:00
16439,1480422002,11/29/2016 12:00:00 AM,02:20:02,1.22,44.0,30.43,61.0,159.46,2.25,06:40:00,17:42:00
16440,1480421705,11/29/2016 12:00:00 AM,02:15:05,1.19,43.0,30.43,62.0,140.64,6.75,06:40:00,17:42:00
16441,1480421403,11/29/2016 12:00:00 AM,02:10:03,1.21,43.0,30.43,68.0,153.25,7.87,06:40:00,17:42:00
16442,1480421102,11/29/2016 12:00:00 AM,02:05:02,1.18,42.0,30.43,75.0,155.43,7.87,06:40:00,17:42:00
16443,1480420802,11/29/2016 12:00:00 AM,02:00:02,1.2,41.0,30.43,86.0,193.56,5.62,06:40:00,17:42:00
16444,1480420502,11/29/2016 12:00:00 AM,01:55:02,1.22,41.0,30.43,97.0,129.01,5.62,06:40:00,17:42:00
16445,1480420202,11/29/2016 12:00:00 AM,01:50:02,1.21,42.0,30.43,98.0,178.61,10.12,06:40:00,17:42:00
16446,1480419902,11/29/2016 12:00:00 AM,01:45:02,1.19,42.0,30.43,98.0,170.47,12.37,06:40:00,17:42:00
16447,1480419602,11/29/2016 12:00:00 AM,01:40:02,1.18,42.0,30.44,98.0,121.39,9.0,06:40:00,17:42:00
16448,1480419304,11/29/2016 12:00:00 AM,01:35:04,1.2,42.0,30.44,98.0,184.58,3.37,06:40:00,17:42:00
16449,1480419004,11/29/2016 12:00:00 AM,01:30:04,1.19,42.0,30.44,97.0,107.22,10.12,06:40:00,17:42:00
16450,1480418705,11/29/2016 12:00:00 AM,01:25:05,1.19,41.0,30.44,97.0,164.38,5.62,06:40:00,17:42:00
16451,1480418402,11/29/2016 12:00:00 AM,01:20:02,1.19,41.0,30.44,96.0,131.29,14.62,06:40:00,17:42:00
16452,1480418102,11/29/2016 12:00:00 AM,01:15:02,1.17,40.0,30.44,93.0,172.82,5.62,06:40:00,17:42:00
16453,1480417804,11/29/2016 12:00:00 AM,01:10:04,1.17,40.0,30.44,91.0,140.66,4.5,06:40:00,17:42:00
16454,1480417502,11/29/2016 12:00:00 AM,01:05:02,1.21,40.0,30.44,86.0,90.05,6.75,06:40:00,17:42:00
16455,1480417201,11/29/2016 12:00:00 AM,01:00:01,1.2,40.0,30.44,81.0,116.2,7.87,06:40:00,17:42:00
16456,1480416901,11/29/2016 12:00:00 AM,00:55:01,1.2,39.0,30.44,80.0,112.76,6.75,06:40:00,17:42:00
16457,1480416601,11/29/2016 12:00:00 AM,00:50:01,1.2,38.0,30.45,91.0,150.99,5.62,06:40:00,17:42:00
16458,1480416302,11/29/2016 12:00:00 AM,00:45:02,1.21,39.0,30.45,93.0,174.75,6.75,06:40:00,17:42:00
16459,1480416004,11/29/2016 12:00:00 AM,00:40:04,1.2,39.0,30.45,91.0,118.27,9.0,06:40:00,17:42:00
16460,1480415701,11/29/2016 12:00:00 AM,00:35:01,1.17,39.0,30.45,86.0,118.11,3.37,06:40:00,17:42:00
16461,1480415407,11/29/2016 12:00:00 AM,00:30:07,1.18,40.0,30.45,82.0,121.89,7.87,06:40:00,17:42:00
16462,1480415105,11/29/2016 12:00:00 AM,00:25:05,1.21,41.0,30.45,77.0,142.81,10.12,06:40:00,17:42:00
16463,1480414803,11/29/2016 12:00:00 AM,00:20:03,1.19,41.0,30.45,73.0,159.48,5.62,06:40:00,17:42:00
16464,1480414502,11/29/2016 12:00:00 AM,00:15:02,1.18,42.0,30.46,62.0,86.06,3.37,06:40:00,17:42:00
16465,1480414202,11/29/2016 12:00:00 AM,00:10:02,1.18,41.0,30.46,58.0,151.64,6.75,06:40:00,17:42:00
16466,1480413907,11/29/2016 12:00:00 AM,00:05:07,1.19,41.0,30.46,57.0,184.95,7.87,06:40:00,17:42:00
16467,1480413605,11/29/2016 12:00:00 AM,00:00:05,1.15,40.0,30.46,66.0,79.93,6.75,06:40:00,17:42:00
16468,1480413307,11/28/2016 12:00:00 AM,23:55:07,1.2,40.0,30.46,77.0,122.94,10.12,06:39:00,17:42:00
16469,1480413002,11/28/2016 12:00:00 AM,23:50:02,1.2,39.0,30.46,90.0,186.25,4.5,06:39:00,17:42:00
16470,1480412702,11/28/2016 12:00:00 AM,23:45:02,1.19,40.0,30.46,96.0,150.1,3.37,06:39:00,17:42:00
16471,1480412401,11/28/2016 12:00:00 AM,23:40:01,1.21,40.0,30.46,96.0,196.67,2.25,06:39:00,17:42:00
16472,1480412102,11/28/2016 12:00:00 AM,23:35:02,1.17,40.0,30.46,95.0,116.45,3.37,06:39:00,17:42:00
16473,1480411803,11/28/2016 12:00:00 AM,23:30:03,1.19,40.0,30.45,97.0,137.17,6.75,06:39:00,17:42:00
16474,1480411505,11/28/2016 12:00:00 AM,23:25:05,1.22,39.0,30.45,98.0,136.44,6.75,06:39:00,17:42:00
16475,1480411202,11/28/2016 12:00:00 AM,23:20:02,1.21,39.0,30.46,98.0,148.0,9.0,06:39:00,17:42:00
16476,1480410905,11/28/2016 12:00:00 AM,23:15:05,1.2,39.0,30.46,99.0,135.02,11.25,06:39:00,17:42:00
16477,1480410601,11/28/2016 12:00:00 AM,23:10:01,1.19,39.0,30.46,98.0,138.02,10.12,06:39:00,17:42:00
16478,1480410304,11/28/2016 12:00:00 AM,23:05:04,1.18,39.0,30.46,99.0,171.42,4.5,06:39:00,17:42:00
16479,1480410002,11/28/2016 12:00:00 AM,23:00:02,1.18,39.0,30.46,99.0,159.12,3.37,06:39:00,17:42:00
16480,1480409701,11/28/2016 12:00:00 AM,22:55:01,1.18,39.0,30.46,99.0,106.57,12.37,06:39:00,17:42:00
16481,1480409408,11/28/2016 12:00:00 AM,22:50:08,1.19,39.0,30.46,99.0,177.75,7.87,06:39:00,17:42:00
16482,1480409105,11/28/2016 12:00:00 AM,22:45:05,1.19,40.0,30.46,99.0,130.84,11.25,06:39:00,17:42:00
16483,1480408802,11/28/2016 12:00:00 AM,22:40:02,1.19,40.0,30.46,99.0,146.78,6.75,06:39:00,17:42:00
16484,1480408504,11/28/2016 12:00:00 AM,22:35:04,1.21,40.0,30.46,99.0,120.62,9.0,06:39:00,17:42:00
16485,1480408202,11/28/2016 12:00:00 AM,22:30:02,1.2,40.0,30.46,98.0,117.77,12.37,06:39:00,17:42:00
16486,1480407904,11/28/2016 12:00:00 AM,22:25:04,1.2,40.0,30.46,98.0,121.81,3.37,06:39:00,17:42:00
16487,1480407601,11/28/2016 12:00:00 AM,22:20:01,1.2,40.0,30.46,98.0,120.14,6.75,06:39:00,17:42:00
16488,1480407302,11/28/2016 12:00:00 AM,22:15:02,1.19,40.0,30.46,99.0,108.44,5.62,06:39:00,17:42:00
16489,1480407003,11/28/2016 12:00:00 AM,22:10:03,1.18,40.0,30.46,99.0,117.03,14.62,06:39:00,17:42:00
16490,1480406709,11/28/2016 12:00:00 AM,22:05:09,1.2,40.0,30.46,99.0,150.06,2.25,06:39:00,17:42:00
16491,1480406401,11/28/2016 12:00:00 AM,22:00:01,1.17,40.0,30.46,99.0,175.56,7.87,06:39:00,17:42:00
16492,1480406101,11/28/2016 12:00:00 AM,21:55:01,1.2,40.0,30.46,99.0,105.22,13.5,06:39:00,17:42:00
16493,1480405801,11/28/2016 12:00:00 AM,21:50:01,1.18,40.0,30.46,99.0,101.38,5.62,06:39:00,17:42:00
16494,1480405503,11/28/2016 12:00:00 AM,21:45:03,1.2,40.0,30.46,98.0,140.54,9.0,06:39:00,17:42:00
16495,1480405202,11/28/2016 12:00:00 AM,21:40:02,1.17,40.0,30.46,98.0,196.2,6.75,06:39:00,17:42:00
16496,1480404901,11/28/2016 12:00:00 AM,21:35:01,1.18,40.0,30.46,97.0,143.54770303349548,13.5,06:39:00,17:42:00
16497,1480404604,11/28/2016 12:00:00 AM,21:30:04,1.17,40.0,30.46,97.0,144.75,10.12,06:39:00,17:42:00
16498,1480404305,11/28/2016 12:00:00 AM,21:25:05,1.17,40.0,30.46,96.0,130.35,11.25,06:39:00,17:42:00
16499,1480404002,11/28/2016 12:00:00 AM,21:20:02,1.18,41.0,30.46,95.0,167.76,10.12,06:39:00,17:42:00
16500,1480403704,11/28/2016 12:00:00 AM,21:15:04,1.15,41.0,30.46,93.0,43.82,2.25,06:39:00,17:42:00
16501,1480403403,11/28/2016 12:00:00 AM,21:10:03,1.18,42.0,30.46,91.0,141.58,4.5,06:39:00,17:42:00
16502,1480403102,11/28/2016 12:00:00 AM,21:05:02,1.22,42.0,30.46,80.0,74.81,5.62,06:39:00,17:42:00
16503,1480402802,11/28/2016 12:00:00 AM,21:00:02,1.18,42.0,30.45,70.0,119.08,5.62,06:39:00,17:42:00
16504,1480402504,11/28/2016 12:00:00 AM,20:55:04,1.21,42.0,30.45,71.0,91.86,5.62,06:39:00,17:42:00
16505,1480402202,11/28/2016 12:00:00 AM,20:50:02,1.24,42.0,30.45,80.0,74.14,2.25,06:39:00,17:42:00
16506,1480401904,11/28/2016 12:00:00 AM,20:45:04,1.19,42.0,30.45,67.0,134.98,2.25,06:39:00,17:42:00
16507,1480401602,11/28/2016 12:00:00 AM,20:40:02,1.19,42.0,30.45,85.0,112.79,2.25,06:39:00,17:42:00
16508,1480401305,11/28/2016 12:00:00 AM,20:35:05,1.2,43.0,30.45,88.0,149.45,5.62,06:39:00,17:42:00
16509,1480401004,11/28/2016 12:00:00 AM,20:30:04,1.22,44.0,30.46,81.0,9.97,4.5,06:39:00,17:42:00
16510,1480400701,11/28/2016 12:00:00 AM,20:25:01,1.22,46.0,30.46,71.0,134.42,3.37,06:39:00,17:42:00
16511,1480400401,11/28/2016 12:00:00 AM,20:20:01,1.21,45.0,30.45,42.0,89.39,6.75,06:39:00,17:42:00
16512,1480400102,11/28/2016 12:00:00 AM,20:15:02,1.22,44.0,30.45,47.0,151.86,7.87,06:39:00,17:42:00
16513,1480399802,11/28/2016 12:00:00 AM,20:10:02,1.21,43.0,30.45,56.0,150.11,5.62,06:39:00,17:42:00
16514,1480399503,11/28/2016 12:00:00 AM,20:05:03,1.22,43.0,30.45,80.0,159.92,5.62,06:39:00,17:42:00
16515,1480399201,11/28/2016 12:00:00 AM,20:00:01,1.21,43.0,30.45,63.0,126.01,9.0,06:39:00,17:42:00
16516,1480398904,11/28/2016 12:00:00 AM,19:55:04,1.2,44.0,30.45,84.0,127.32,7.87,06:39:00,17:42:00
16517,1480398602,11/28/2016 12:00:00 AM,19:50:02,1.19,44.0,30.45,83.0,111.27,9.0,06:39:00,17:42:00
16518,1480398302,11/28/2016 12:00:00 AM,19:45:02,1.21,44.0,30.44,81.0,134.93,10.12,06:39:00,17:42:00
16519,1480398001,11/28/2016 12:00:00 AM,19:40:01,1.23,44.0,30.44,77.0,171.96,7.87,06:39:00,17:42:00
16520,1480397702,11/28/2016 12:00:00 AM,19:35:02,1.22,44.0,30.44,64.0,126.96,4.5,06:39:00,17:42:00
16521,1480397402,11/28/2016 12:00:00 AM,19:30:02,1.2,43.0,30.44,75.0,145.03,2.25,06:39:00,17:42:00
16522,1480397104,11/28/2016 12:00:00 AM,19:25:04,1.22,43.0,30.44,94.0,174.13,5.62,06:39:00,17:42:00
16523,1480396802,11/28/2016 12:00:00 AM,19:20:02,1.19,43.0,30.44,95.0,141.98,6.75,06:39:00,17:42:00
16524,1480396501,11/28/2016 12:00:00 AM,19:15:01,1.2,44.0,30.44,95.0,110.36,10.12,06:39:00,17:42:00
16525,1480396201,11/28/2016 12:00:00 AM,19:10:01,1.19,44.0,30.44,95.0,138.48,3.37,06:39:00,17:42:00
16526,1480395901,11/28/2016 12:00:00 AM,19:05:01,1.19,44.0,30.44,95.0,135.41,10.12,06:39:00,17:42:00
16527,1480395602,11/28/2016 12:00:00 AM,19:00:02,1.18,44.0,30.44,95.0,141.18,7.87,06:39:00,17:42:00
16528,1480395309,11/28/2016 12:00:00 AM,18:55:09,1.2,44.0,30.44,94.0,135.77,11.25,06:39:00,17:42:00
16529,1480395002,11/28/2016 12:00:00 AM,18:50:02,1.21,44.0,30.44,93.0,80.46,6.75,06:39:00,17:42:00
16530,1480394702,11/28/2016 12:00:00 AM,18:45:02,1.18,44.0,30.44,92.0,111.08,5.62,06:39:00,17:42:00
16531,1480394402,11/28/2016 12:00:00 AM,18:40:02,1.16,45.0,30.44,90.0,162.93,4.5,06:39:00,17:42:00
16532,1480394102,11/28/2016 12:00:00 AM,18:35:02,1.22,45.0,30.43,89.0,154.64,12.37,06:39:00,17:42:00
16533,1480393804,11/28/2016 12:00:00 AM,18:30:04,1.19,45.0,30.43,88.0,117.07,7.87,06:39:00,17:42:00
16534,1480393502,11/28/2016 12:00:00 AM,18:25:02,1.22,45.0,30.43,86.0,130.1,7.87,06:39:00,17:42:00
16535,1480393202,11/28/2016 12:00:00 AM,18:20:02,1.19,45.0,30.43,85.0,140.26,9.0,06:39:00,17:42:00
16536,1480392905,11/28/2016 12:00:00 AM,18:15:05,1.19,46.0,30.43,84.0,151.06,2.25,06:39:00,17:42:00
16537,1480392607,11/28/2016 12:00:00 AM,18:10:07,1.21,46.0,30.43,81.0,121.61,9.0,06:39:00,17:42:00
16538,1480392302,11/28/2016 12:00:00 AM,18:05:02,1.2,47.0,30.43,77.0,96.13,6.75,06:39:00,17:42:00
16539,1480392004,11/28/2016 12:00:00 AM,18:00:04,1.22,48.0,30.43,69.0,74.89,10.12,06:39:00,17:42:00
16540,1480391702,11/28/2016 12:00:00 AM,17:55:02,1.53,48.0,30.43,62.0,120.56,4.5,06:39:00,17:42:00
16541,1480391402,11/28/2016 12:00:00 AM,17:50:02,2.56,48.0,30.43,59.0,158.96,4.5,06:39:00,17:42:00
16542,1480391102,11/28/2016 12:00:00 AM,17:45:02,5.28,48.0,30.43,64.0,153.54,7.87,06:39:00,17:42:00
16543,1480390802,11/28/2016 12:00:00 AM,17:40:02,7.79,49.0,30.43,69.0,118.29,5.62,06:39:00,17:42:00
16544,1480390504,11/28/2016 12:00:00 AM,17:35:04,11.12,50.0,30.43,63.0,84.49,6.75,06:39:00,17:42:00
16545,1480390202,11/28/2016 12:00:00 AM,17:30:02,14.55,51.0,30.43,65.0,127.48,3.37,06:39:00,17:42:00
16546,1480389901,11/28/2016 12:00:00 AM,17:25:01,17.88,51.0,30.43,49.0,86.27,4.5,06:39:00,17:42:00
16547,1480389602,11/28/2016 12:00:00 AM,17:20:02,34.03,51.0,30.42,52.0,117.94,9.0,06:39:00,17:42:00
16548,1480389304,11/28/2016 12:00:00 AM,17:15:04,46.46,51.0,30.42,53.0,141.41,11.25,06:39:00,17:42:00
16549,1480389005,11/28/2016 12:00:00 AM,17:10:05,63.26,51.0,30.42,61.0,152.09,4.5,06:39:00,17:42:00
16550,1480388702,11/28/2016 12:00:00 AM,17:05:02,82.67,51.0,30.42,70.0,196.91,4.5,06:39:00,17:42:00
16551,1480388403,11/28/2016 12:00:00 AM,17:00:03,103.51,51.0,30.42,70.0,129.85,5.62,06:39:00,17:42:00
16552,1480388101,11/28/2016 12:00:00 AM,16:55:01,127.04,51.0,30.42,74.83719267708949,126.08,4.5,06:39:00,17:42:00
16553,1480387802,11/28/2016 12:00:00 AM,16:50:02,150.64,52.0,30.42,81.0,55.16,7.87,06:39:00,17:42:00
16554,1480387502,11/28/2016 12:00:00 AM,16:45:02,175.6,53.0,30.42,79.0,152.32,2.25,06:39:00,17:42:00
16555,1480387220,11/28/2016 12:00:00 AM,16:40:20,201.6,53.0,30.42,74.0,190.97,2.25,06:39:00,17:42:00
16556,1480386918,11/28/2016 12:00:00 AM,16:35:18,228.7,54.0,30.42,70.0,40.83,5.62,06:39:00,17:42:00
16557,1480386617,11/28/2016 12:00:00 AM,16:30:17,256.52,54.0,30.42,59.0,132.54,2.25,06:39:00,17:42:00
16558,1480386317,11/28/2016 12:00:00 AM,16:25:17,283.54,55.0,30.42,64.0,112.48,3.37,06:39:00,17:42:00
16559,1480386019,11/28/2016 12:00:00 AM,16:20:19,309.3,55.0,30.42,67.0,32.11,1.12,06:39:00,17:42:00
16560,1480385717,11/28/2016 12:00:00 AM,16:15:17,335.5,56.0,30.42,58.0,357.41,2.25,06:39:00,17:42:00
16561,1480385418,11/28/2016 12:00:00 AM,16:10:18,357.1,56.0,30.42,50.0,99.67,5.62,06:39:00,17:42:00
16562,1480385118,11/28/2016 12:00:00 AM,16:05:18,378.67,57.0,30.42,48.0,62.22,2.25,06:39:00,17:42:00
16563,1480384818,11/28/2016 12:00:00 AM,16:00:18,398.58,57.0,30.41,50.0,78.17,5.62,06:39:00,17:42:00
16564,1480384517,11/28/2016 12:00:00 AM,15:55:17,418.61,57.0,30.41,44.0,113.64,2.25,06:39:00,17:42:00
16565,1480384218,11/28/2016 12:00:00 AM,15:50:18,437.01,56.0,30.41,41.0,154.16,4.5,06:39:00,17:42:00
16566,1480383920,11/28/2016 12:00:00 AM,15:45:20,453.85,56.0,30.41,46.0,78.35,4.5,06:39:00,17:42:00
16567,1480383617,11/28/2016 12:00:00 AM,15:40:17,471.62,56.0,30.41,55.0,89.31,2.25,06:39:00,17:42:00
16568,1480383317,11/28/2016 12:00:00 AM,15:35:17,489.3,57.0,30.41,55.0,326.07,3.37,06:39:00,17:42:00
16569,1480383017,11/28/2016 12:00:00 AM,15:30:17,505.17,57.0,30.41,58.0,349.51,1.12,06:39:00,17:42:00
16570,1480382717,11/28/2016 12:00:00 AM,15:25:17,522.64,57.0,30.41,46.0,14.19,2.25,06:39:00,17:42:00
16571,1480382417,11/28/2016 12:00:00 AM,15:20:17,542.51,57.0,30.41,47.0,56.06,5.62,06:39:00,17:42:00
16572,1480382118,11/28/2016 12:00:00 AM,15:15:18,559.32,57.0,30.41,48.0,81.13,2.25,06:39:00,17:42:00
16573,1480381820,11/28/2016 12:00:00 AM,15:10:20,573.68,58.0,30.41,59.0,61.91,5.62,06:39:00,17:42:00
16574,1480381517,11/28/2016 12:00:00 AM,15:05:17,591.6,58.0,30.41,43.0,99.53,6.75,06:39:00,17:42:00
16575,1480381218,11/28/2016 12:00:00 AM,15:00:18,604.8,59.0,30.41,47.0,114.91,2.25,06:39:00,17:42:00
16576,1480380918,11/28/2016 12:00:00 AM,14:55:18,624.88,58.0,30.41,43.0,46.31,4.5,06:39:00,17:42:00
16577,1480380618,11/28/2016 12:00:00 AM,14:50:18,638.57,58.0,30.41,49.0,19.14,4.5,06:39:00,17:42:00
16578,1480380323,11/28/2016 12:00:00 AM,14:45:23,650.78,57.0,30.41,60.0,125.54,2.25,06:39:00,17:42:00
16579,1480380018,11/28/2016 12:00:00 AM,14:40:18,664.75,57.0,30.41,67.0,77.73,3.37,06:39:00,17:42:00
16580,1480379718,11/28/2016 12:00:00 AM,14:35:18,682.39,57.0,30.41,62.0,26.38,3.37,06:39:00,17:42:00
16581,1480379418,11/28/2016 12:00:00 AM,14:30:18,694.92,57.0,30.41,57.0,43.84,6.75,06:39:00,17:42:00
16582,1480379117,11/28/2016 12:00:00 AM,14:25:17,711.07,57.0,30.41,49.0,80.73,4.5,06:39:00,17:42:00
16583,1480378817,11/28/2016 12:00:00 AM,14:20:17,720.04,57.0,30.423028000868246,54.0,158.79,2.25,06:39:00,17:42:00
16584,1480378518,11/28/2016 12:00:00 AM,14:15:18,728.76,56.0,30.41,60.0,5.94,5.62,06:39:00,17:42:00
16585,1480378217,11/28/2016 12:00:00 AM,14:10:17,739.08,56.0,30.41,69.0,55.49,3.37,06:39:00,17:42:00
16586,1480377921,11/28/2016 12:00:00 AM,14:05:21,754.64,56.0,30.42,65.0,35.67,4.5,06:39:00,17:42:00
16587,1480377617,11/28/2016 12:00:00 AM,14:00:17,761.04,57.0,30.41,67.0,38.36,5.62,06:39:00,17:42:00
16588,1480377318,11/28/2016 12:00:00 AM,13:55:18,775.91,57.0,30.42,68.0,28.3,10.12,06:39:00,17:42:00
16589,1480377020,11/28/2016 12:00:00 AM,13:50:20,783.2,58.0,30.42,65.0,37.73,12.37,06:39:00,17:42:00
16590,1480376718,11/28/2016 12:00:00 AM,13:45:18,796.65,58.0,30.42,56.0,22.45,5.62,06:39:00,17:42:00
16591,1480376418,11/28/2016 12:00:00 AM,13:40:18,803.06,58.0,30.423028000868246,58.0,47.22,7.87,06:39:00,17:42:00
16592,1480376118,11/28/2016 12:00:00 AM,13:35:18,808.66,60.0,30.43,52.0,336.47,6.75,06:39:00,17:42:00
16593,1480375817,11/28/2016 12:00:00 AM,13:30:17,823.47,60.0,30.43,36.0,3.37,4.5,06:39:00,17:42:00
16594,1480375519,11/28/2016 12:00:00 AM,13:25:19,837.85,60.0,30.43,31.0,53.67,5.62,06:39:00,17:42:00
16595,1480375221,11/28/2016 12:00:00 AM,13:20:21,845.97,61.0,30.43,25.0,50.41,6.75,06:39:00,17:42:00
16596,1480374923,11/28/2016 12:00:00 AM,13:15:23,852.3,61.0,30.43,27.0,57.08,3.37,06:39:00,17:42:00
16597,1480374618,11/28/2016 12:00:00 AM,13:10:18,853.98,61.0,30.44,25.0,0.11,6.75,06:39:00,17:42:00
16598,1480374319,11/28/2016 12:00:00 AM,13:05:19,861.11,61.0,30.44,19.0,86.91,5.62,06:39:00,17:42:00
16599,1480374021,11/28/2016 12:00:00 AM,13:00:21,865.7,61.0,30.44,21.0,21.44,5.62,06:39:00,17:42:00
16600,1480373719,11/28/2016 12:00:00 AM,12:55:19,874.63,61.0,30.44,26.0,23.63,4.5,06:39:00,17:42:00
16601,1480373421,11/28/2016 12:00:00 AM,12:50:21,876.5,61.0,30.44,22.0,73.63,10.12,06:39:00,17:42:00
16602,1480373120,11/28/2016 12:00:00 AM,12:45:20,880.7,61.0,30.44,24.0,45.51,3.37,06:39:00,17:42:00
16603,1480372822,11/28/2016 12:00:00 AM,12:40:22,884.37,61.0,30.44,20.0,347.31,3.37,06:39:00,17:42:00
16604,1480372518,11/28/2016 12:00:00 AM,12:35:18,882.02,61.0,30.45,25.0,47.95,6.75,06:39:00,17:42:00
16605,1480372218,11/28/2016 12:00:00 AM,12:30:18,883.66,61.0,30.45,31.0,98.91,2.25,06:39:00,17:42:00
16606,1480371918,11/28/2016 12:00:00 AM,12:25:18,885.65,61.0,30.45,28.0,80.23,5.62,06:39:00,17:42:00
16607,1480371618,11/28/2016 12:00:00 AM,12:20:18,885.67,61.0,30.45,21.0,24.89,6.75,06:39:00,17:42:00
16608,1480371320,11/28/2016 12:00:00 AM,12:15:20,901.37,61.0,30.45,24.0,76.24,13.5,06:39:00,17:42:00
16609,1480371017,11/28/2016 12:00:00 AM,12:10:17,890.11,61.0,30.45,23.0,121.31,6.75,06:39:00,17:42:00
16610,1480370722,11/28/2016 12:00:00 AM,12:05:22,886.27,61.0,30.45,25.0,106.53,3.37,06:39:00,17:42:00
16611,1480370421,11/28/2016 12:00:00 AM,12:00:21,887.32,61.0,30.45,24.0,35.07,5.62,06:39:00,17:42:00
16612,1480370117,11/28/2016 12:00:00 AM,11:55:17,878.72,61.0,30.45,27.0,25.72,6.75,06:39:00,17:42:00
16613,1480369818,11/28/2016 12:00:00 AM,11:50:18,885.64,62.0,30.45,25.0,89.93,4.5,06:39:00,17:42:00
16614,1480369521,11/28/2016 12:00:00 AM,11:45:21,882.9,61.0,30.46,23.0,76.99,4.5,06:39:00,17:42:00
16615,1480369221,11/28/2016 12:00:00 AM,11:40:21,880.98,61.0,30.46,19.0,65.61,7.87,06:39:00,17:42:00
16616,1480368918,11/28/2016 12:00:00 AM,11:35:18,875.09,60.0,30.46,27.0,119.08,6.75,06:39:00,17:42:00
16617,1480368617,11/28/2016 12:00:00 AM,11:30:17,868.42,59.0,30.46,33.0,133.12,6.75,06:39:00,17:42:00
16618,1480368318,11/28/2016 12:00:00 AM,11:25:18,870.55,59.0,30.46,57.0,88.45,3.37,06:39:00,17:42:00
16619,1480368018,11/28/2016 12:00:00 AM,11:20:18,858.27,59.0,30.46,61.0,16.82,7.87,06:39:00,17:42:00
16620,1480367719,11/28/2016 12:00:00 AM,11:15:19,845.99,60.0,30.46,34.0,6.33,3.37,06:39:00,17:42:00
16621,1480367417,11/28/2016 12:00:00 AM,11:10:17,837.73,60.0,30.46,30.0,73.79,6.75,06:39:00,17:42:00
16622,1480367117,11/28/2016 12:00:00 AM,11:05:17,836.94,60.0,30.46,50.0,345.92,5.62,06:39:00,17:42:00
16623,1480366818,11/28/2016 12:00:00 AM,11:00:18,831.21,60.0,30.46,40.0,22.79,6.75,06:39:00,17:42:00
16624,1480366518,11/28/2016 12:00:00 AM,10:55:18,834.3,60.0,30.46,43.0,86.23,6.75,06:39:00,17:42:00
16625,1480366217,11/28/2016 12:00:00 AM,10:50:17,822.39,59.0,30.46,37.0,67.27,5.62,06:39:00,17:42:00
16626,1480365917,11/28/2016 12:00:00 AM,10:45:17,814.83,58.0,30.46,56.0,56.68,6.75,06:39:00,17:42:00
16627,1480365617,11/28/2016 12:00:00 AM,10:40:17,799.94,59.0,30.46,60.0,66.77,5.62,06:39:00,17:42:00
16628,1480365318,11/28/2016 12:00:00 AM,10:35:18,791.91,58.0,30.46,57.0,24.22,6.75,06:39:00,17:42:00
16629,1480365018,11/28/2016 12:00:00 AM,10:30:18,783.86,58.0,30.46,55.0,110.2,3.37,06:39:00,17:42:00
16630,1480364720,11/28/2016 12:00:00 AM,10:25:20,769.01,58.0,30.46,59.0,10.18,3.37,06:39:00,17:42:00
16631,1480364417,11/28/2016 12:00:00 AM,10:20:17,759.95,57.0,30.46,43.0,20.94,9.0,06:39:00,17:42:00
16632,1480364117,11/28/2016 12:00:00 AM,10:15:17,748.07,57.0,30.46,65.0,250.77,9.0,06:39:00,17:42:00
16633,1480363818,11/28/2016 12:00:00 AM,10:10:18,730.57,57.0,30.47,58.0,348.12,4.5,06:39:00,17:42:00
16634,1480363518,11/28/2016 12:00:00 AM,10:05:18,719.15,57.0,30.47,57.0,9.74,4.5,06:39:00,17:42:00
16635,1480363220,11/28/2016 12:00:00 AM,10:00:20,713.32,57.0,30.47,37.0,116.95,3.37,06:39:00,17:42:00
16636,1480362918,11/28/2016 12:00:00 AM,09:55:18,699.01,57.0,30.47,60.0,119.77,2.25,06:39:00,17:42:00
16637,1480362618,11/28/2016 12:00:00 AM,09:50:18,683.66,57.0,30.47,60.0,69.92,6.75,06:39:00,17:42:00
16638,1480362318,11/28/2016 12:00:00 AM,09:45:18,669.72,57.0,30.47,53.0,79.25,7.87,06:39:00,17:42:00
16639,1480362019,11/28/2016 12:00:00 AM,09:40:19,654.09,57.0,30.47,62.0,25.29,5.62,06:39:00,17:42:00
16640,1480361718,11/28/2016 12:00:00 AM,09:35:18,639.56,57.0,30.46,61.0,29.1,3.37,06:39:00,17:42:00
16641,1480361421,11/28/2016 12:00:00 AM,09:30:21,623.77,57.0,30.47,42.0,182.91,3.37,06:39:00,17:42:00
16642,1480361120,11/28/2016 12:00:00 AM,09:25:20,611.4,57.0,30.47,38.0,58.47,3.37,06:39:00,17:42:00
16643,1480360820,11/28/2016 12:00:00 AM,09:20:20,597.56,56.0,30.47,49.0,42.34,6.75,06:39:00,17:42:00
16644,1480360517,11/28/2016 12:00:00 AM,09:15:17,585.17,57.0,30.47,45.0,67.7,5.62,06:39:00,17:42:00
16645,1480360218,11/28/2016 12:00:00 AM,09:10:18,569.9,58.0,30.47,58.0,139.56,6.75,06:39:00,17:42:00
16646,1480359917,11/28/2016 12:00:00 AM,09:05:17,549.11,59.0,30.47,17.0,73.86,5.62,06:39:00,17:42:00
16647,1480359620,11/28/2016 12:00:00 AM,09:00:20,537.19,58.0,30.47,18.0,193.14,5.62,06:39:00,17:42:00
16648,1480359318,11/28/2016 12:00:00 AM,08:55:18,508.32,58.0,30.47,19.0,109.44,7.87,06:39:00,17:42:00
16649,1480359019,11/28/2016 12:00:00 AM,08:50:19,498.56,58.0,30.46,18.0,120.64,12.37,06:39:00,17:42:00
16650,1480358724,11/28/2016 12:00:00 AM,08:45:24,484.9,57.0,30.46,20.0,200.46,2.25,06:39:00,17:42:00
16651,1480358421,11/28/2016 12:00:00 AM,08:40:21,471.45,57.0,30.46,20.0,129.69,4.5,06:39:00,17:42:00
16652,1480358117,11/28/2016 12:00:00 AM,08:35:17,443.93,57.0,30.46,20.0,125.67,2.25,06:39:00,17:42:00
16653,1480357819,11/28/2016 12:00:00 AM,08:30:19,405.21,56.0,30.46,20.0,106.96,11.25,06:39:00,17:42:00
16654,1480357518,11/28/2016 12:00:00 AM,08:25:18,404.43,55.0,30.46,20.0,118.82,9.0,06:39:00,17:42:00
16655,1480357223,11/28/2016 12:00:00 AM,08:20:23,373.31,54.0,30.46,21.0,144.88,12.37,06:39:00,17:42:00
16656,1480356917,11/28/2016 12:00:00 AM,08:15:17,363.18,53.0,30.46,23.0,154.32,9.0,06:39:00,17:42:00
16657,1480356617,11/28/2016 12:00:00 AM,08:10:17,349.44,51.0,30.46,25.0,111.65,5.62,06:39:00,17:42:00
16658,1480356324,11/28/2016 12:00:00 AM,08:05:24,329.76,49.0,30.46,33.0,165.44,9.0,06:39:00,17:42:00
16659,1480356018,11/28/2016 12:00:00 AM,08:00:18,297.42,48.0,30.46,48.0,110.72,11.25,06:39:00,17:42:00
16660,1480355720,11/28/2016 12:00:00 AM,07:55:20,280.99,47.0,30.46,47.0,124.44,6.75,06:39:00,17:42:00
16661,1480355421,11/28/2016 12:00:00 AM,07:50:21,256.18,47.0,30.46,50.0,297.5,4.5,06:39:00,17:42:00
16662,1480355118,11/28/2016 12:00:00 AM,07:45:18,41.8,47.0,30.46,35.0,67.58,2.25,06:39:00,17:42:00
16663,1480354818,11/28/2016 12:00:00 AM,07:40:18,36.78,46.0,30.45,43.0,77.42,5.62,06:39:00,17:42:00
16664,1480354517,11/28/2016 12:00:00 AM,07:35:17,35.0,45.0,30.45,38.0,31.85,3.37,06:39:00,17:42:00
16665,1480354220,11/28/2016 12:00:00 AM,07:30:20,34.61,45.0,30.45,54.0,153.04,5.62,06:39:00,17:42:00
16666,1480353917,11/28/2016 12:00:00 AM,07:25:17,34.57,44.0,30.45,67.0,157.31,11.25,06:39:00,17:42:00
16667,1480353618,11/28/2016 12:00:00 AM,07:20:18,34.26,44.0,30.45,67.0,102.46,7.87,06:39:00,17:42:00
16668,1480353324,11/28/2016 12:00:00 AM,07:15:24,32.99,44.0,30.45,71.0,121.28,7.87,06:39:00,17:42:00
16669,1480353017,11/28/2016 12:00:00 AM,07:10:17,30.41,44.0,30.45,68.0,132.1,11.25,06:39:00,17:42:00
16670,1480352719,11/28/2016 12:00:00 AM,07:05:19,27.29,44.0,30.45,62.0,128.04,4.5,06:39:00,17:42:00
16671,1480352417,11/28/2016 12:00:00 AM,07:00:17,24.17,44.0,30.45,45.0,337.58,1.12,06:39:00,17:42:00
16672,1480352118,11/28/2016 12:00:00 AM,06:55:18,20.87,45.0,30.45,26.0,175.95,3.37,06:39:00,17:42:00
16673,1480351820,11/28/2016 12:00:00 AM,06:50:20,17.66,45.0,30.45,27.0,50.81,4.5,06:39:00,17:42:00
16674,1480351518,11/28/2016 12:00:00 AM,06:45:18,13.14,45.0,30.45,22.0,151.58,4.5,06:39:00,17:42:00
16675,1480351218,11/28/2016 12:00:00 AM,06:40:18,8.28,46.0,30.45,22.0,138.6,5.62,06:39:00,17:42:00
16676,1480350918,11/28/2016 12:00:00 AM,06:35:18,6.9,45.0,30.45,21.0,143.54770303349548,3.37,06:39:00,17:42:00
16677,1480350618,11/28/2016 12:00:00 AM,06:30:18,6.24,45.0,30.45,22.0,155.49,9.0,06:39:00,17:42:00
16678,1480350317,11/28/2016 12:00:00 AM,06:25:17,3.22,46.0,30.45,23.0,144.22,4.5,06:39:00,17:42:00
16679,1480350018,11/28/2016 12:00:00 AM,06:20:18,1.2,46.0,30.45,22.0,142.64,6.75,06:39:00,17:42:00
16680,1480349719,11/28/2016 12:00:00 AM,06:15:19,1.2,45.0,30.45,22.0,159.53,10.12,06:39:00,17:42:00
16681,1480349417,11/28/2016 12:00:00 AM,06:10:17,1.22,45.0,30.45,23.0,185.96,6.75,06:39:00,17:42:00
16682,1480349118,11/28/2016 12:00:00 AM,06:05:18,1.2,45.0,30.44,24.0,169.68,6.75,06:39:00,17:42:00
16683,1480348817,11/28/2016 12:00:00 AM,06:00:17,1.24,45.0,30.44,26.0,167.41,7.87,06:39:00,17:42:00
16684,1480348518,11/28/2016 12:00:00 AM,05:55:18,1.2,45.0,30.44,23.0,131.2,5.62,06:39:00,17:42:00
16685,1480348218,11/28/2016 12:00:00 AM,05:50:18,1.19,45.0,30.44,23.0,168.2,7.87,06:39:00,17:42:00
16686,1480347917,11/28/2016 12:00:00 AM,05:45:17,1.22,44.0,30.44,23.0,166.26,5.62,06:39:00,17:42:00
16687,1480347618,11/28/2016 12:00:00 AM,05:40:18,1.25,44.0,30.44,27.0,168.25,6.75,06:39:00,17:42:00
16688,1480347318,11/28/2016 12:00:00 AM,05:35:18,1.21,45.0,30.44,25.0,164.81,7.87,06:39:00,17:42:00
16689,1480347017,11/28/2016 12:00:00 AM,05:30:17,1.24,45.0,30.44,25.0,182.5,5.62,06:39:00,17:42:00
16690,1480346723,11/28/2016 12:00:00 AM,05:25:23,1.23,44.0,30.43,24.0,143.23,7.87,06:39:00,17:42:00
16691,1480346418,11/28/2016 12:00:00 AM,05:20:18,1.23,44.0,30.44,25.0,161.36,6.75,06:39:00,17:42:00
16692,1480346118,11/28/2016 12:00:00 AM,05:15:18,1.21,43.0,30.43,26.0,131.35,7.87,06:39:00,17:42:00
16693,1480345820,11/28/2016 12:00:00 AM,05:10:20,1.19,43.0,30.43,27.0,169.24,6.75,06:39:00,17:42:00
16694,1480345518,11/28/2016 12:00:00 AM,05:05:18,1.2,44.0,30.43,31.0,142.1,5.62,06:39:00,17:42:00
16695,1480345217,11/28/2016 12:00:00 AM,05:00:17,1.19,45.0,30.44,32.0,130.1,4.5,06:39:00,17:42:00
16696,1480344920,11/28/2016 12:00:00 AM,04:55:20,1.21,45.0,30.44,23.0,151.44,3.37,06:39:00,17:42:00
16697,1480344620,11/28/2016 12:00:00 AM,04:50:20,1.19,44.0,30.44,25.0,152.63,9.0,06:39:00,17:42:00
16698,1480344317,11/28/2016 12:00:00 AM,04:45:17,1.22,45.0,30.44,26.0,158.65,9.0,06:39:00,17:42:00
16699,1480344018,11/28/2016 12:00:00 AM,04:40:18,1.23,45.0,30.44,25.0,161.89,11.25,06:39:00,17:42:00
16700,1480343721,11/28/2016 12:00:00 AM,04:35:21,1.24,44.0,30.44,26.0,164.16,10.12,06:39:00,17:42:00
16701,1480343421,11/28/2016 12:00:00 AM,04:30:21,1.2,44.0,30.44,26.0,163.18,9.0,06:39:00,17:42:00
16702,1480343117,11/28/2016 12:00:00 AM,04:25:17,1.21,44.0,30.44,27.0,164.37,7.87,06:39:00,17:42:00
16703,1480342818,11/28/2016 12:00:00 AM,04:20:18,1.19,44.0,30.44,28.0,187.26,6.75,06:39:00,17:42:00
16704,1480342518,11/28/2016 12:00:00 AM,04:15:18,1.22,44.0,30.44,28.0,173.91,7.87,06:39:00,17:42:00
16705,1480342220,11/28/2016 12:00:00 AM,04:10:20,1.2,43.0,30.44,28.0,177.58,6.75,06:39:00,17:42:00
16706,1480341917,11/28/2016 12:00:00 AM,04:05:17,1.19,43.0,30.44,30.0,148.93,9.0,06:39:00,17:42:00
16707,1480341618,11/28/2016 12:00:00 AM,04:00:18,1.2,42.0,30.44,33.0,168.82,6.75,06:39:00,17:42:00
16708,1480341317,11/28/2016 12:00:00 AM,03:55:17,1.19,42.0,30.44,49.0,144.23,5.62,06:39:00,17:42:00
16709,1480341018,11/28/2016 12:00:00 AM,03:50:18,1.17,43.0,30.44,65.0,139.39,12.37,06:39:00,17:42:00
16710,1480340717,11/28/2016 12:00:00 AM,03:45:17,1.19,43.0,30.44,68.0,147.25,9.0,06:39:00,17:42:00
16711,1480340417,11/28/2016 12:00:00 AM,03:40:17,1.22,45.0,30.44,53.0,351.6,2.25,06:39:00,17:42:00
16712,1480340117,11/28/2016 12:00:00 AM,03:35:17,1.2,45.0,30.44,26.0,170.3,2.25,06:39:00,17:42:00
16713,1480339821,11/28/2016 12:00:00 AM,03:30:21,1.22,45.0,30.44,74.83719267708949,165.21,5.62,06:39:00,17:42:00
16714,1480339517,11/28/2016 12:00:00 AM,03:25:17,1.2,46.0,30.44,27.0,185.88,9.0,06:39:00,17:42:00
16715,1480339217,11/28/2016 12:00:00 AM,03:20:17,1.23,46.0,30.44,27.0,160.13,6.75,06:39:00,17:42:00
16716,1480338924,11/28/2016 12:00:00 AM,03:15:24,1.19,45.0,30.44,28.0,185.99,6.75,06:39:00,17:42:00
16717,1480338618,11/28/2016 12:00:00 AM,03:10:18,1.19,44.0,30.44,31.0,169.54,7.87,06:39:00,17:42:00
16718,1480338319,11/28/2016 12:00:00 AM,03:05:19,1.2,42.0,30.44,37.0,150.03,9.0,06:39:00,17:42:00
16719,1480338018,11/28/2016 12:00:00 AM,03:00:18,1.21,42.0,30.44,84.0,180.58,7.87,06:39:00,17:42:00
16720,1480337718,11/28/2016 12:00:00 AM,02:55:18,1.2,44.0,30.44,88.0,156.42,2.25,06:39:00,17:42:00
16721,1480337420,11/28/2016 12:00:00 AM,02:50:20,1.21,45.0,30.44,80.0,193.65,2.25,06:39:00,17:42:00
16722,1480337118,11/28/2016 12:00:00 AM,02:45:18,1.2,46.0,30.44,41.0,66.14,4.5,06:39:00,17:42:00
16723,1480336818,11/28/2016 12:00:00 AM,02:40:18,1.21,46.0,30.44,25.0,129.23,2.25,06:39:00,17:42:00
16724,1480336517,11/28/2016 12:00:00 AM,02:35:17,1.2,46.0,30.43,26.0,120.76,6.75,06:39:00,17:42:00
16725,1480336222,11/28/2016 12:00:00 AM,02:30:22,1.22,45.0,30.43,26.0,178.71,4.5,06:39:00,17:42:00
16726,1480335918,11/28/2016 12:00:00 AM,02:25:18,1.2,45.0,30.44,28.0,140.57,2.25,06:39:00,17:42:00
16727,1480335618,11/28/2016 12:00:00 AM,02:20:18,1.19,44.0,30.44,34.0,133.04,5.62,06:39:00,17:42:00
16728,1480335317,11/28/2016 12:00:00 AM,02:15:17,1.21,44.0,30.44,78.0,151.98,2.25,06:39:00,17:42:00
16729,1480335019,11/28/2016 12:00:00 AM,02:10:19,1.2,45.0,30.44,74.0,79.96,3.37,06:39:00,17:42:00
16730,1480334718,11/28/2016 12:00:00 AM,02:05:18,1.24,47.0,30.44,72.0,131.44,4.5,06:39:00,17:42:00
16731,1480334418,11/28/2016 12:00:00 AM,02:00:18,1.21,48.0,30.44,22.0,64.69,3.37,06:39:00,17:42:00
16732,1480334118,11/28/2016 12:00:00 AM,01:55:18,1.24,48.0,30.44,24.0,172.77,7.87,06:39:00,17:42:00
16733,1480333820,11/28/2016 12:00:00 AM,01:50:20,1.24,48.0,30.44,23.0,188.96,6.75,06:39:00,17:42:00
16734,1480333518,11/28/2016 12:00:00 AM,01:45:18,1.26,48.0,30.44,24.0,181.49,6.75,06:39:00,17:42:00
16735,1480333218,11/28/2016 12:00:00 AM,01:40:18,1.24,48.0,30.44,24.0,175.03,7.87,06:39:00,17:42:00
16736,1480332920,11/28/2016 12:00:00 AM,01:35:20,1.19,48.0,30.44,26.0,166.12,11.25,06:39:00,17:42:00
16737,1480332617,11/28/2016 12:00:00 AM,01:30:17,1.25,47.0,30.44,26.0,197.97,12.37,06:39:00,17:42:00
16738,1480332318,11/28/2016 12:00:00 AM,01:25:18,1.2,47.0,30.44,27.0,168.26,10.12,06:39:00,17:42:00
16739,1480332021,11/28/2016 12:00:00 AM,01:20:21,1.23,47.0,30.44,27.0,198.04,14.62,06:39:00,17:42:00
16740,1480331718,11/28/2016 12:00:00 AM,01:15:18,1.23,46.0,30.44,30.0,174.02,12.37,06:39:00,17:42:00
16741,1480331418,11/28/2016 12:00:00 AM,01:10:18,1.23,46.0,30.44,32.0,186.62,12.37,06:39:00,17:42:00
16742,1480331117,11/28/2016 12:00:00 AM,01:05:17,1.21,46.0,30.44,38.0,155.18,6.75,06:39:00,17:42:00
16743,1480330817,11/28/2016 12:00:00 AM,01:00:17,1.18,45.0,30.45,36.0,162.31,11.25,06:39:00,17:42:00
16744,1480330521,11/28/2016 12:00:00 AM,00:55:21,1.21,45.0,30.45,41.0,178.25,6.75,06:39:00,17:42:00
16745,1480330220,11/28/2016 12:00:00 AM,00:50:20,1.22,45.0,30.45,50.0,159.49,10.12,06:39:00,17:42:00
16746,1480329918,11/28/2016 12:00:00 AM,00:45:18,1.17,45.0,30.45,49.0,102.47,10.12,06:39:00,17:42:00
16747,1480329618,11/28/2016 12:00:00 AM,00:40:18,1.18,45.0,30.45,53.0,72.76,4.5,06:39:00,17:42:00
16748,1480329319,11/28/2016 12:00:00 AM,00:35:19,1.22,45.0,30.46,57.0,95.37,2.25,06:39:00,17:42:00
16749,1480329020,11/28/2016 12:00:00 AM,00:30:20,1.21,45.0,30.46,63.0,100.89,5.62,06:39:00,17:42:00
16750,1480328720,11/28/2016 12:00:00 AM,00:25:20,1.24,45.0,30.45,61.0,144.87,3.37,06:39:00,17:42:00
16751,1480328421,11/28/2016 12:00:00 AM,00:20:21,1.21,45.0,30.46,67.0,147.58,12.37,06:39:00,17:42:00
16752,1480328117,11/28/2016 12:00:00 AM,00:15:17,1.23,45.0,30.46,84.0,161.05,4.5,06:39:00,17:42:00
16753,1480327817,11/28/2016 12:00:00 AM,00:10:17,1.2,45.0,30.46,92.0,45.33,3.37,06:39:00,17:42:00
16754,1480327521,11/28/2016 12:00:00 AM,00:05:21,1.22,46.0,30.46,94.0,93.39,9.0,06:39:00,17:42:00
16755,1480327217,11/28/2016 12:00:00 AM,00:00:17,1.21,45.0,30.46,96.0,60.26,4.5,06:39:00,17:42:00
16756,1480326918,11/27/2016 12:00:00 AM,23:55:18,1.19,45.0,30.46,96.0,127.04,16.87,06:38:00,17:42:00
16757,1480326623,11/27/2016 12:00:00 AM,23:50:23,1.21,45.0,30.46,96.0,165.31,9.0,06:38:00,17:42:00
16758,1480326318,11/27/2016 12:00:00 AM,23:45:18,1.2,45.0,30.46,96.0,89.35,6.75,06:38:00,17:42:00
16759,1480326018,11/27/2016 12:00:00 AM,23:40:18,1.2,45.0,30.46,96.0,153.2,9.0,06:38:00,17:42:00
16760,1480325718,11/27/2016 12:00:00 AM,23:35:18,1.21,45.0,30.47,95.0,140.18,12.37,06:38:00,17:42:00
16761,1480325418,11/27/2016 12:00:00 AM,23:30:18,1.22,45.0,30.47,95.0,120.55,15.75,06:38:00,17:42:00
16762,1480325118,11/27/2016 12:00:00 AM,23:25:18,1.2,46.0,30.47,95.0,123.68,13.5,06:38:00,17:42:00
16763,1480324820,11/27/2016 12:00:00 AM,23:20:20,1.21,46.0,30.47,94.0,120.71,6.75,06:38:00,17:42:00
16764,1480324521,11/27/2016 12:00:00 AM,23:15:21,1.2,46.0,30.47,94.0,155.34,7.87,06:38:00,17:42:00
16765,1480324218,11/27/2016 12:00:00 AM,23:10:18,1.24,46.0,30.48,94.0,153.41,5.62,06:38:00,17:42:00
16766,1480323920,11/27/2016 12:00:00 AM,23:05:20,1.21,46.0,30.48,93.0,164.37,13.5,06:38:00,17:42:00
16767,1480323617,11/27/2016 12:00:00 AM,23:00:17,1.21,46.0,30.48,91.0,165.3,11.25,06:38:00,17:42:00
16768,1480323318,11/27/2016 12:00:00 AM,22:55:18,1.24,46.0,30.48,90.0,155.87,9.0,06:38:00,17:42:00
16769,1480323017,11/27/2016 12:00:00 AM,22:50:17,1.21,47.0,30.48,90.0,136.11,10.12,06:38:00,17:42:00
16770,1480322718,11/27/2016 12:00:00 AM,22:45:18,1.22,47.0,30.48,86.0,110.7,5.62,06:38:00,17:42:00
16771,1480322420,11/27/2016 12:00:00 AM,22:40:20,1.2,46.0,30.48,84.0,112.82,15.75,06:38:00,17:42:00
16772,1480322118,11/27/2016 12:00:00 AM,22:35:18,1.19,46.0,30.48,80.0,123.98,14.62,06:38:00,17:42:00
16773,1480321817,11/27/2016 12:00:00 AM,22:30:17,1.24,47.0,30.48,79.0,146.24,14.62,06:38:00,17:42:00
16774,1480321520,11/27/2016 12:00:00 AM,22:25:20,1.21,47.0,30.48,74.0,121.98,15.75,06:38:00,17:42:00
16775,1480321221,11/27/2016 12:00:00 AM,22:20:21,1.24,48.0,30.48,54.0,4.75,5.62,06:38:00,17:42:00
16776,1480320920,11/27/2016 12:00:00 AM,22:15:20,1.18,48.0,30.47,43.0,171.24,5.62,06:38:00,17:42:00
16777,1480320620,11/27/2016 12:00:00 AM,22:10:20,1.22,47.0,30.47,39.0,156.22,12.37,06:38:00,17:42:00
16778,1480320318,11/27/2016 12:00:00 AM,22:05:18,1.25,47.0,30.47,38.0,179.27,13.5,06:38:00,17:42:00
16779,1480320017,11/27/2016 12:00:00 AM,22:00:17,1.24,47.0,30.47,43.0,181.38,12.37,06:38:00,17:42:00
16780,1480319718,11/27/2016 12:00:00 AM,21:55:18,1.17,47.0,30.47,46.0,195.47,11.25,06:38:00,17:42:00
16781,1480319418,11/27/2016 12:00:00 AM,21:50:18,1.23,47.0,30.47,44.0,188.98,16.87,06:38:00,17:42:00
16782,1480319117,11/27/2016 12:00:00 AM,21:45:17,1.21,46.0,30.47,42.0,173.8,13.5,06:38:00,17:42:00
16783,1480318843,11/27/2016 12:00:00 AM,21:40:43,1.22,46.0,30.47,39.0,159.33,16.87,06:38:00,17:42:00
16784,1480318520,11/27/2016 12:00:00 AM,21:35:20,1.22,46.0,30.47,29.0,158.2,4.5,06:38:00,17:42:00
16785,1480318220,11/27/2016 12:00:00 AM,21:30:20,1.22,45.0,30.47,30.0,147.42,5.62,06:38:00,17:42:00
16786,1480317917,11/27/2016 12:00:00 AM,21:25:17,1.22,44.0,30.47,31.0,177.29,9.0,06:38:00,17:42:00
16787,1480317617,11/27/2016 12:00:00 AM,21:20:17,1.22,43.0,30.47,34.0,161.19,9.0,06:38:00,17:42:00
16788,1480317320,11/27/2016 12:00:00 AM,21:15:20,1.19,43.0,30.48,62.0,66.56,1.12,06:38:00,17:42:00
16789,1480317018,11/27/2016 12:00:00 AM,21:10:18,1.2,43.0,30.48,67.0,50.64,9.0,06:38:00,17:42:00
16790,1480316717,11/27/2016 12:00:00 AM,21:05:17,1.18,43.0,30.48,70.0,94.54,4.5,06:38:00,17:42:00
16791,1480316418,11/27/2016 12:00:00 AM,21:00:18,1.21,44.0,30.48,73.0,148.79,9.0,06:38:00,17:42:00
16792,1480316120,11/27/2016 12:00:00 AM,20:55:20,1.2,45.0,30.48,80.0,33.41,3.37,06:38:00,17:42:00
16793,1480315820,11/27/2016 12:00:00 AM,20:50:20,1.22,47.0,30.48,50.0,80.6,9.0,06:38:00,17:42:00
16794,1480315518,11/27/2016 12:00:00 AM,20:45:18,1.19,47.0,30.48,27.0,133.26,12.37,06:38:00,17:42:00
16795,1480315218,11/27/2016 12:00:00 AM,20:40:18,1.22,47.0,30.48,28.0,148.51,15.75,06:38:00,17:42:00
16796,1480314918,11/27/2016 12:00:00 AM,20:35:18,1.21,47.0,30.48,29.0,126.34,5.62,06:38:00,17:42:00
16797,1480314620,11/27/2016 12:00:00 AM,20:30:20,1.2,47.0,30.48,29.0,93.25,7.87,06:38:00,17:42:00
16798,1480314317,11/27/2016 12:00:00 AM,20:25:17,1.24,46.0,30.48,31.0,149.9,5.62,06:38:00,17:42:00
16799,1480314018,11/27/2016 12:00:00 AM,20:20:18,1.18,45.0,30.48,33.0,139.96,9.0,06:38:00,17:42:00
16800,1480313717,11/27/2016 12:00:00 AM,20:15:17,1.21,44.0,30.48,40.0,149.55,10.12,06:38:00,17:42:00
16801,1480313417,11/27/2016 12:00:00 AM,20:10:17,1.2,43.0,30.48,61.0,113.95,5.62,06:38:00,17:42:00
16802,1480313118,11/27/2016 12:00:00 AM,20:05:18,1.2,44.0,30.48,92.0,72.2,4.5,06:38:00,17:42:00
16803,1480312820,11/27/2016 12:00:00 AM,20:00:20,1.2,44.0,30.48,89.0,68.89,2.25,06:38:00,17:42:00
16804,1480312517,11/27/2016 12:00:00 AM,19:55:17,1.19,44.0,30.48,87.0,106.25,2.25,06:38:00,17:42:00
16805,1480312218,11/27/2016 12:00:00 AM,19:50:18,1.21,44.0,30.47,91.0,63.71,3.37,06:38:00,17:42:00
16806,1480311918,11/27/2016 12:00:00 AM,19:45:18,1.21,44.0,30.47,93.0,91.45,7.87,06:38:00,17:42:00
16807,1480311620,11/27/2016 12:00:00 AM,19:40:20,1.18,45.0,30.48,95.0,106.09,2.25,06:38:00,17:42:00
16808,1480311317,11/27/2016 12:00:00 AM,19:35:17,1.19,45.0,30.47,94.0,210.45,2.25,06:38:00,17:42:00
16809,1480311018,11/27/2016 12:00:00 AM,19:30:18,1.2,45.0,30.48,92.0,109.75,4.5,06:38:00,17:42:00
16810,1480310718,11/27/2016 12:00:00 AM,19:25:18,1.2,45.0,30.47,91.0,57.81,2.25,06:38:00,17:42:00
16811,1480310418,11/27/2016 12:00:00 AM,19:20:18,1.19,45.0,30.47,93.0,231.12,3.37,06:38:00,17:42:00
16812,1480310118,11/27/2016 12:00:00 AM,19:15:18,1.2,45.0,30.47,91.0,60.54,9.0,06:38:00,17:42:00
16813,1480309817,11/27/2016 12:00:00 AM,19:10:17,1.21,46.0,30.47,87.0,141.79,6.75,06:38:00,17:42:00
16814,1480309518,11/27/2016 12:00:00 AM,19:05:18,1.23,46.0,30.47,83.0,154.43,5.62,06:38:00,17:42:00
16815,1480309218,11/27/2016 12:00:00 AM,19:00:18,1.21,48.0,30.47,80.0,152.47,5.62,06:38:00,17:42:00
16816,1480308920,11/27/2016 12:00:00 AM,18:55:20,1.21,50.0,30.46,63.0,97.6,4.5,06:38:00,17:42:00
16817,1480308618,11/27/2016 12:00:00 AM,18:50:18,1.25,50.0,30.46,29.0,167.29,6.75,06:38:00,17:42:00
16818,1480308318,11/27/2016 12:00:00 AM,18:45:18,1.26,49.0,30.46,30.0,180.53,3.37,06:38:00,17:42:00
16819,1480308020,11/27/2016 12:00:00 AM,18:40:20,1.2,50.0,30.46,32.0,160.13,3.37,06:38:00,17:42:00
16820,1480307718,11/27/2016 12:00:00 AM,18:35:18,1.19,50.0,30.46,32.0,16.99,5.62,06:38:00,17:42:00
16821,1480307419,11/27/2016 12:00:00 AM,18:30:19,1.25,50.0,30.46,74.83719267708949,134.1,13.5,06:38:00,17:42:00
16822,1480307117,11/27/2016 12:00:00 AM,18:25:17,1.26,50.0,30.45,30.0,153.66,6.75,06:38:00,17:42:00
16823,1480306824,11/27/2016 12:00:00 AM,18:20:24,1.24,51.0,30.45,29.0,135.0,10.12,06:38:00,17:42:00
16824,1480306517,11/27/2016 12:00:00 AM,18:15:17,1.2,51.0,30.45,29.0,118.42,10.12,06:38:00,17:42:00
16825,1480306217,11/27/2016 12:00:00 AM,18:10:17,1.25,50.0,30.45,31.0,182.86,6.75,06:38:00,17:42:00
16826,1480305918,11/27/2016 12:00:00 AM,18:05:18,1.25,50.0,30.45,38.0,126.57,6.75,06:38:00,17:42:00
16827,1480305617,11/27/2016 12:00:00 AM,18:00:17,1.23,50.0,30.45,40.0,124.67,9.0,06:38:00,17:42:00
16828,1480305318,11/27/2016 12:00:00 AM,17:55:18,2.39,50.0,30.45,44.0,122.55,11.25,06:38:00,17:42:00
16829,1480305024,11/27/2016 12:00:00 AM,17:50:24,3.87,49.0,30.45,54.0,122.35,10.12,06:38:00,17:42:00
16830,1480304718,11/27/2016 12:00:00 AM,17:45:18,5.1,49.0,30.45,70.0,167.02,4.5,06:38:00,17:42:00
16831,1480304417,11/27/2016 12:00:00 AM,17:40:17,5.89,49.0,30.45,87.0,89.19,2.25,06:38:00,17:42:00
16832,1480304117,11/27/2016 12:00:00 AM,17:35:17,8.56,49.0,30.45,86.0,166.59,6.75,06:38:00,17:42:00
16833,1480303820,11/27/2016 12:00:00 AM,17:30:20,13.83,50.0,30.45,83.0,156.93,7.87,06:38:00,17:42:00
16834,1480303522,11/27/2016 12:00:00 AM,17:25:22,21.34,50.0,30.45,85.0,40.31,6.75,06:38:00,17:42:00
16835,1480303218,11/27/2016 12:00:00 AM,17:20:18,39.68,50.0,30.45,82.0,138.53,6.75,06:38:00,17:42:00
16836,1480302924,11/27/2016 12:00:00 AM,17:15:24,55.12,50.0,30.44,85.0,69.89,9.0,06:38:00,17:42:00
16837,1480302617,11/27/2016 12:00:00 AM,17:10:17,74.73,50.0,30.44,86.0,91.29,5.62,06:38:00,17:42:00
16838,1480302318,11/27/2016 12:00:00 AM,17:05:18,58.95,51.0,30.44,85.0,75.33,11.25,06:38:00,17:42:00
16839,1480302017,11/27/2016 12:00:00 AM,17:00:17,118.35,51.0,30.44,84.0,77.65,2.25,06:38:00,17:42:00
16840,1480301720,11/27/2016 12:00:00 AM,16:55:20,155.86,50.0,30.44,90.0,112.69,11.25,06:38:00,17:42:00
16841,1480301417,11/27/2016 12:00:00 AM,16:50:17,191.22,50.0,30.44,94.0,95.1,6.75,06:38:00,17:42:00
16842,1480301120,11/27/2016 12:00:00 AM,16:45:20,175.43,50.0,30.44,95.0,102.75,1.12,06:38:00,17:42:00
16843,1480300818,11/27/2016 12:00:00 AM,16:40:18,142.96,50.0,30.44,94.0,87.86,6.75,06:38:00,17:42:00
16844,1480300518,11/27/2016 12:00:00 AM,16:35:18,128.7,50.0,30.44,94.0,100.98,4.5,06:38:00,17:42:00
16845,1480300217,11/27/2016 12:00:00 AM,16:30:17,185.8,51.0,30.44,94.0,210.87,3.37,06:38:00,17:42:00
16846,1480299918,11/27/2016 12:00:00 AM,16:25:18,283.71,51.0,30.44,93.0,51.93,4.5,06:38:00,17:42:00
16847,1480299618,11/27/2016 12:00:00 AM,16:20:18,274.65,51.0,30.44,93.0,158.95,6.75,06:38:00,17:42:00
16848,1480299323,11/27/2016 12:00:00 AM,16:15:23,269.17,51.0,30.43,93.0,106.74,9.0,06:38:00,17:42:00
16849,1480299021,11/27/2016 12:00:00 AM,16:10:21,226.97,52.0,30.43,93.0,350.13,4.5,06:38:00,17:42:00
16850,1480298718,11/27/2016 12:00:00 AM,16:05:18,244.94,53.0,30.43,92.0,117.68,4.5,06:38:00,17:42:00
16851,1480298421,11/27/2016 12:00:00 AM,16:00:21,354.17,53.0,30.43,91.0,77.51,10.12,06:38:00,17:42:00
16852,1480298121,11/27/2016 12:00:00 AM,15:55:21,350.24,53.0,30.43,90.0,17.0,5.62,06:38:00,17:42:00
16853,1480297818,11/27/2016 12:00:00 AM,15:50:18,322.91,53.0,30.43,89.0,123.22,2.25,06:38:00,17:42:00
16854,1480297517,11/27/2016 12:00:00 AM,15:45:17,340.32,53.0,30.43,88.0,352.01,5.62,06:38:00,17:42:00
16855,1480297217,11/27/2016 12:00:00 AM,15:40:17,384.45,53.0,30.43,87.0,60.33,11.25,06:38:00,17:42:00
16856,1480296918,11/27/2016 12:00:00 AM,15:35:18,432.97,54.0,30.43,87.0,7.04,4.5,06:38:00,17:42:00
16857,1480296618,11/27/2016 12:00:00 AM,15:30:18,419.29,54.0,30.43,86.0,19.64,7.87,06:38:00,17:42:00
16858,1480296318,11/27/2016 12:00:00 AM,15:25:18,453.66,54.0,30.43,84.0,59.25,6.75,06:38:00,17:42:00
16859,1480296018,11/27/2016 12:00:00 AM,15:20:18,477.17,55.0,30.43,82.0,77.01,7.87,06:38:00,17:42:00
16860,1480295719,11/27/2016 12:00:00 AM,15:15:19,469.2,55.0,30.43,81.0,26.62,4.5,06:38:00,17:42:00
16861,1480295419,11/27/2016 12:00:00 AM,15:10:19,526.37,55.0,30.43,80.0,359.26,4.5,06:38:00,17:42:00
16862,1480295117,11/27/2016 12:00:00 AM,15:05:17,591.15,55.0,30.43,79.0,55.58,4.5,06:38:00,17:42:00
16863,1480294817,11/27/2016 12:00:00 AM,15:00:17,613.69,56.0,30.43,77.0,129.11,10.12,06:38:00,17:42:00
16864,1480294520,11/27/2016 12:00:00 AM,14:55:20,599.57,56.0,30.43,74.0,80.19,7.87,06:38:00,17:42:00
16865,1480294220,11/27/2016 12:00:00 AM,14:50:20,446.26,56.0,30.43,72.0,6.77,9.0,06:38:00,17:42:00
16866,1480293918,11/27/2016 12:00:00 AM,14:45:18,647.45,55.0,30.43,73.0,157.99,7.87,06:38:00,17:42:00
16867,1480293618,11/27/2016 12:00:00 AM,14:40:18,716.76,55.0,30.43,78.0,45.3,9.0,06:38:00,17:42:00
16868,1480293317,11/27/2016 12:00:00 AM,14:35:17,698.61,54.0,30.43,79.0,353.89,4.5,06:38:00,17:42:00
16869,1480293017,11/27/2016 12:00:00 AM,14:30:17,679.63,55.0,30.43,79.0,7.34,10.12,06:38:00,17:42:00
16870,1480292718,11/27/2016 12:00:00 AM,14:25:18,642.65,55.0,30.43,79.0,50.17,6.75,06:38:00,17:42:00
16871,1480292420,11/27/2016 12:00:00 AM,14:20:20,714.55,56.0,30.43,78.0,98.46,6.75,06:38:00,17:42:00
16872,1480292120,11/27/2016 12:00:00 AM,14:15:20,722.17,55.0,30.43,76.0,51.06,6.75,06:38:00,17:42:00
16873,1480291818,11/27/2016 12:00:00 AM,14:10:18,746.54,55.0,30.43,72.0,106.66,11.25,06:38:00,17:42:00
16874,1480291518,11/27/2016 12:00:00 AM,14:05:18,757.49,55.0,30.43,74.0,28.16,10.12,06:38:00,17:42:00
16875,1480291220,11/27/2016 12:00:00 AM,14:00:20,769.68,55.0,30.44,75.0,106.67,13.5,06:38:00,17:42:00
16876,1480290918,11/27/2016 12:00:00 AM,13:55:18,456.77,55.0,30.44,78.0,112.92,11.25,06:38:00,17:42:00
16877,1480290618,11/27/2016 12:00:00 AM,13:50:18,796.37,55.0,30.44,78.0,77.86,7.87,06:38:00,17:42:00
16878,1480290317,11/27/2016 12:00:00 AM,13:45:17,796.52,56.0,30.44,80.0,61.71,16.87,06:38:00,17:42:00
16879,1480290020,11/27/2016 12:00:00 AM,13:40:20,799.77,57.0,30.43,76.0,46.71,6.75,06:38:00,17:42:00
16880,1480289718,11/27/2016 12:00:00 AM,13:35:18,813.82,56.0,30.43,73.0,10.87,11.25,06:38:00,17:42:00
16881,1480289418,11/27/2016 12:00:00 AM,13:30:18,800.16,56.0,30.44,75.0,0.1,6.229096658193317,06:38:00,17:42:00
16882,1480289118,11/27/2016 12:00:00 AM,13:25:18,844.53,56.0,30.43,77.0,89.46,10.12,06:38:00,17:42:00
16883,1480288818,11/27/2016 12:00:00 AM,13:20:18,767.5,55.0,30.44,79.0,7.31,5.62,06:38:00,17:42:00
16884,1480288518,11/27/2016 12:00:00 AM,13:15:18,676.01,56.0,30.44,78.0,5.79,4.5,06:38:00,17:42:00
16885,1480288217,11/27/2016 12:00:00 AM,13:10:17,694.78,57.0,30.44,75.0,111.42,4.5,06:38:00,17:42:00
16886,1480287918,11/27/2016 12:00:00 AM,13:05:18,873.39,57.0,30.44,68.0,0.41,9.0,06:38:00,17:42:00
16887,1480287618,11/27/2016 12:00:00 AM,13:00:18,734.85,57.0,30.44,72.0,2.53,7.87,06:38:00,17:42:00
16888,1480287317,11/27/2016 12:00:00 AM,12:55:17,837.4,56.0,30.45,74.0,118.84,2.25,06:38:00,17:42:00
16889,1480287017,11/27/2016 12:00:00 AM,12:50:17,869.97,57.0,30.45,74.0,26.48,7.87,06:38:00,17:42:00
16890,1480286718,11/27/2016 12:00:00 AM,12:45:18,872.82,57.0,30.45,73.0,201.63,4.5,06:38:00,17:42:00
16891,1480286417,11/27/2016 12:00:00 AM,12:40:17,880.01,57.0,30.45,68.0,10.05,13.5,06:38:00,17:42:00
16892,1480286118,11/27/2016 12:00:00 AM,12:35:18,881.21,58.0,30.46,63.0,98.49,4.5,06:38:00,17:42:00
16893,1480285818,11/27/2016 12:00:00 AM,12:30:18,881.45,58.0,30.46,66.0,110.51,4.5,06:38:00,17:42:00
16894,1480285518,11/27/2016 12:00:00 AM,12:25:18,881.33,57.0,30.46,62.0,84.68,4.5,06:38:00,17:42:00
16895,1480285218,11/27/2016 12:00:00 AM,12:20:18,877.08,56.0,30.46,70.0,54.02,6.75,06:38:00,17:42:00
16896,1480284917,11/27/2016 12:00:00 AM,12:15:17,876.11,56.0,30.46,73.0,79.41,5.62,06:38:00,17:42:00
16897,1480284620,11/27/2016 12:00:00 AM,12:10:20,875.72,56.0,30.46,69.0,112.46,9.0,06:38:00,17:42:00
16898,1480284321,11/27/2016 12:00:00 AM,12:05:21,874.43,55.0,30.47,78.0,77.63,7.87,06:38:00,17:42:00
16899,1480284021,11/27/2016 12:00:00 AM,12:00:21,873.95,55.0,30.47,81.0,56.07,10.12,06:38:00,17:42:00
16900,1480283717,11/27/2016 12:00:00 AM,11:55:17,871.7,55.0,30.47,78.0,73.5,5.62,06:38:00,17:42:00
16901,1480283418,11/27/2016 12:00:00 AM,11:50:18,870.62,56.0,30.47,78.0,80.94,6.75,06:38:00,17:42:00
16902,1480283118,11/27/2016 12:00:00 AM,11:45:18,869.57,55.0,30.47,77.0,32.08,4.5,06:38:00,17:42:00
16903,1480282820,11/27/2016 12:00:00 AM,11:40:20,866.64,55.0,30.47,69.0,52.4,4.5,06:38:00,17:42:00
16904,1480282517,11/27/2016 12:00:00 AM,11:35:17,859.22,56.0,30.48,76.0,44.02,10.12,06:38:00,17:42:00
16905,1480282219,11/27/2016 12:00:00 AM,11:30:19,860.04,55.0,30.48,70.0,51.02,11.25,06:38:00,17:42:00
16906,1480281918,11/27/2016 12:00:00 AM,11:25:18,855.77,56.0,30.47,79.0,77.1,7.87,06:38:00,17:42:00
16907,1480281618,11/27/2016 12:00:00 AM,11:20:18,851.36,56.0,30.48,80.0,62.55,10.12,06:38:00,17:42:00
16908,1480281320,11/27/2016 12:00:00 AM,11:15:20,846.33,55.0,30.48,79.0,90.7,10.12,06:38:00,17:42:00
16909,1480281018,11/27/2016 12:00:00 AM,11:10:18,838.04,55.0,30.48,80.0,47.72,7.87,06:38:00,17:42:00
16910,1480280717,11/27/2016 12:00:00 AM,11:05:17,833.99,55.0,30.48,80.0,102.82,11.25,06:38:00,17:42:00
16911,1480280418,11/27/2016 12:00:00 AM,11:00:18,825.92,54.0,30.48,79.0,180.33,7.87,06:38:00,17:42:00
16912,1480280118,11/27/2016 12:00:00 AM,10:55:18,820.39,54.0,30.48,81.0,55.81,6.75,06:38:00,17:42:00
16913,1480279821,11/27/2016 12:00:00 AM,10:50:21,810.56,54.0,30.48,74.0,119.36,12.37,06:38:00,17:42:00
16914,1480279518,11/27/2016 12:00:00 AM,10:45:18,804.2,55.0,30.48,64.0,168.97,5.62,06:38:00,17:42:00
16915,1480279218,11/27/2016 12:00:00 AM,10:40:18,796.64,54.0,30.48,51.0,142.82,5.62,06:38:00,17:42:00
16916,1480278917,11/27/2016 12:00:00 AM,10:35:17,788.52,54.0,30.48,53.0,54.81,4.5,06:38:00,17:42:00
16917,1480278619,11/27/2016 12:00:00 AM,10:30:19,778.24,53.0,30.48,52.0,79.07,7.87,06:38:00,17:42:00
16918,1480278318,11/27/2016 12:00:00 AM,10:25:18,768.83,53.0,30.48,54.0,90.32,9.0,06:38:00,17:42:00
16919,1480278017,11/27/2016 12:00:00 AM,10:20:17,755.83,52.0,30.48,70.0,116.88,10.12,06:38:00,17:42:00
16920,1480277717,11/27/2016 12:00:00 AM,10:15:17,746.74,53.0,30.49,71.0,156.91,3.37,06:38:00,17:42:00
16921,1480277418,11/27/2016 12:00:00 AM,10:10:18,734.27,51.16507236474315,30.49,62.0,353.54,4.5,06:38:00,17:42:00
16922,1480277118,11/27/2016 12:00:00 AM,10:05:18,723.52,53.0,30.49,52.0,59.37,7.87,06:38:00,17:42:00
16923,1480276820,11/27/2016 12:00:00 AM,10:00:20,710.57,54.0,30.48,49.0,97.52,11.25,06:38:00,17:42:00
16924,1480276520,11/27/2016 12:00:00 AM,09:55:20,697.2,54.0,30.48,50.0,273.11,3.37,06:38:00,17:42:00
16925,1480276218,11/27/2016 12:00:00 AM,09:50:18,683.54,53.0,30.48,51.0,87.15,4.5,06:38:00,17:42:00
16926,1480275917,11/27/2016 12:00:00 AM,09:45:17,668.23,53.0,30.48,50.0,3.76,5.62,06:38:00,17:42:00
16927,1480275617,11/27/2016 12:00:00 AM,09:40:17,652.97,53.0,30.49,68.0,65.73,13.5,06:38:00,17:42:00
16928,1480275319,11/27/2016 12:00:00 AM,09:35:19,640.23,52.0,30.48,65.0,104.46,5.62,06:38:00,17:42:00
16929,1480275018,11/27/2016 12:00:00 AM,09:30:18,625.13,51.0,30.48,71.0,128.0,10.12,06:38:00,17:42:00
16930,1480274717,11/27/2016 12:00:00 AM,09:25:17,610.21,51.0,30.48,81.0,163.02,3.37,06:38:00,17:42:00
16931,1480274418,11/27/2016 12:00:00 AM,09:20:18,593.22,51.0,30.48,72.0,115.42,3.37,06:38:00,17:42:00
16932,1480274117,11/27/2016 12:00:00 AM,09:15:17,577.9,51.0,30.48,77.0,25.88,6.75,06:38:00,17:42:00
16933,1480273818,11/27/2016 12:00:00 AM,09:10:18,561.45,51.0,30.48,75.0,100.92,5.62,06:38:00,17:42:00
16934,1480273518,11/27/2016 12:00:00 AM,09:05:18,545.95,51.0,30.48,76.0,38.16,3.37,06:38:00,17:42:00
16935,1480273218,11/27/2016 12:00:00 AM,09:00:18,530.2,51.0,30.48,84.0,47.51,3.37,06:38:00,17:42:00
16936,1480272920,11/27/2016 12:00:00 AM,08:55:20,514.38,51.0,30.48,69.0,119.97,9.0,06:38:00,17:42:00
16937,1480272618,11/27/2016 12:00:00 AM,08:50:18,496.52,50.0,30.48,87.0,349.26,3.37,06:38:00,17:42:00
16938,1480272320,11/27/2016 12:00:00 AM,08:45:20,479.62,51.0,30.48,86.0,72.46,5.62,06:38:00,17:42:00
16939,1480272018,11/27/2016 12:00:00 AM,08:40:18,460.81,51.0,30.48,70.0,46.64,6.75,06:38:00,17:42:00
16940,1480271718,11/27/2016 12:00:00 AM,08:35:18,442.93,50.0,30.47,77.0,68.02,5.62,06:38:00,17:42:00
16941,1480271418,11/27/2016 12:00:00 AM,08:30:18,424.72,48.0,30.47,84.0,151.6,6.75,06:38:00,17:42:00
16942,1480271121,11/27/2016 12:00:00 AM,08:25:21,408.53,48.0,30.47,95.0,148.06,11.25,06:38:00,17:42:00
16943,1480270818,11/27/2016 12:00:00 AM,08:20:18,382.72,47.0,30.47,94.0,86.44,5.62,06:38:00,17:42:00
16944,1480270518,11/27/2016 12:00:00 AM,08:15:18,370.54,47.0,30.47,98.0,151.09,6.75,06:38:00,17:42:00
16945,1480270220,11/27/2016 12:00:00 AM,08:10:20,344.62,47.0,30.47,99.0,128.7,5.62,06:38:00,17:42:00
16946,1480269918,11/27/2016 12:00:00 AM,08:05:18,320.35,46.0,30.47,100.0,46.73,3.37,06:38:00,17:42:00
16947,1480269618,11/27/2016 12:00:00 AM,08:00:18,299.46,46.0,30.47,101.0,130.08,9.0,06:38:00,17:42:00
16948,1480269320,11/27/2016 12:00:00 AM,07:55:20,273.3,45.0,30.47,101.0,103.29,7.87,06:38:00,17:42:00
16949,1480269021,11/27/2016 12:00:00 AM,07:50:21,248.69,45.0,30.47,101.0,122.64,2.25,06:38:00,17:42:00
16950,1480268720,11/27/2016 12:00:00 AM,07:45:20,56.3,45.0,30.46,101.0,136.69,9.0,06:38:00,17:42:00
16951,1480268417,11/27/2016 12:00:00 AM,07:40:17,61.52,45.0,30.46,101.0,49.62,2.25,06:38:00,17:42:00
16952,1480268118,11/27/2016 12:00:00 AM,07:35:18,64.43,45.0,30.46,101.0,47.92,3.37,06:38:00,17:42:00
16953,1480267818,11/27/2016 12:00:00 AM,07:30:18,36.09,45.0,30.46,101.0,96.88,6.75,06:38:00,17:42:00
16954,1480267518,11/27/2016 12:00:00 AM,07:25:18,31.82,45.0,30.46,101.0,46.65,3.37,06:38:00,17:42:00
16955,1480267217,11/27/2016 12:00:00 AM,07:20:17,19.51,45.0,30.46,101.0,166.58,1.12,06:38:00,17:42:00
16956,1480266919,11/27/2016 12:00:00 AM,07:15:19,18.42,44.0,30.46,100.0,112.38,10.12,06:38:00,17:42:00
16957,1480266618,11/27/2016 12:00:00 AM,07:10:18,17.27,44.0,30.46,74.83719267708949,149.26,4.5,06:38:00,17:42:00
16958,1480266318,11/27/2016 12:00:00 AM,07:05:18,16.6,44.0,30.46,100.0,169.51,4.5,06:38:00,17:42:00
16959,1480266019,11/27/2016 12:00:00 AM,07:00:19,24.78,45.0,30.46,100.0,185.64,9.0,06:38:00,17:42:00
16960,1480265717,11/27/2016 12:00:00 AM,06:55:17,18.13,45.0,30.46,100.0,180.44,5.62,06:38:00,17:42:00
16961,1480265417,11/27/2016 12:00:00 AM,06:50:17,10.93,45.0,30.46,100.0,148.27,9.0,06:38:00,17:42:00
16962,1480265118,11/27/2016 12:00:00 AM,06:45:18,7.82,45.0,30.46,100.0,145.09,5.62,06:38:00,17:42:00
16963,1480264817,11/27/2016 12:00:00 AM,06:40:17,5.69,45.0,30.46,100.0,135.61,6.75,06:38:00,17:42:00
16964,1480264517,11/27/2016 12:00:00 AM,06:35:17,4.23,44.0,30.46,100.0,142.06,7.87,06:38:00,17:42:00
16965,1480264218,11/27/2016 12:00:00 AM,06:30:18,2.64,45.0,30.46,100.0,144.24,10.12,06:38:00,17:42:00
16966,1480263918,11/27/2016 12:00:00 AM,06:25:18,1.48,45.0,30.46,100.0,167.83,6.75,06:38:00,17:42:00
16967,1480263617,11/27/2016 12:00:00 AM,06:20:17,1.2,44.0,30.45,100.0,143.94,5.62,06:38:00,17:42:00
16968,1480263320,11/27/2016 12:00:00 AM,06:15:20,1.21,44.0,30.45,99.0,97.97,7.87,06:38:00,17:42:00
16969,1480263018,11/27/2016 12:00:00 AM,06:10:18,1.18,44.0,30.45,99.0,126.9,10.12,06:38:00,17:42:00
16970,1480262721,11/27/2016 12:00:00 AM,06:05:21,1.2,44.0,30.45,99.0,152.13,6.75,06:38:00,17:42:00
16971,1480262417,11/27/2016 12:00:00 AM,06:00:17,1.2,44.0,30.44,99.0,125.64,10.12,06:38:00,17:42:00
16972,1480262121,11/27/2016 12:00:00 AM,05:55:21,1.2,44.0,30.44,98.0,170.69,4.5,06:38:00,17:42:00
16973,1480261823,11/27/2016 12:00:00 AM,05:50:23,1.22,44.0,30.45,97.0,174.22,4.5,06:38:00,17:42:00
16974,1480261518,11/27/2016 12:00:00 AM,05:45:18,1.2,44.0,30.44,97.0,132.1,4.5,06:38:00,17:42:00
16975,1480261218,11/27/2016 12:00:00 AM,05:40:18,1.22,43.0,30.423028000868246,95.0,122.93,9.0,06:38:00,17:42:00
16976,1480260917,11/27/2016 12:00:00 AM,05:35:17,1.19,43.0,30.44,95.0,129.59,10.12,06:38:00,17:42:00
16977,1480260617,11/27/2016 12:00:00 AM,05:30:17,1.21,43.0,30.44,94.0,135.51,11.25,06:38:00,17:42:00
16978,1480260320,11/27/2016 12:00:00 AM,05:25:20,1.21,43.0,30.44,91.0,130.94,14.62,06:38:00,17:42:00
16979,1480260018,11/27/2016 12:00:00 AM,05:20:18,1.23,43.0,30.44,74.83719267708949,133.89,10.12,06:38:00,17:42:00
16980,1480259717,11/27/2016 12:00:00 AM,05:15:17,1.19,43.0,30.44,87.0,171.67,9.0,06:38:00,17:42:00
16981,1480259417,11/27/2016 12:00:00 AM,05:10:17,1.17,43.0,30.44,87.0,209.54,3.37,06:38:00,17:42:00
16982,1480259118,11/27/2016 12:00:00 AM,05:05:18,1.18,42.0,30.43,82.0,113.75,7.87,06:38:00,17:42:00
16983,1480258821,11/27/2016 12:00:00 AM,05:00:21,1.2,42.0,30.43,80.0,133.47,9.0,06:38:00,17:42:00
16984,1480258518,11/27/2016 12:00:00 AM,04:55:18,1.17,43.0,30.43,77.0,131.08,13.5,06:38:00,17:42:00
16985,1480258220,11/27/2016 12:00:00 AM,04:50:20,1.21,43.0,30.43,70.0,154.59,10.12,06:38:00,17:42:00
16986,1480257917,11/27/2016 12:00:00 AM,04:45:17,1.19,44.0,30.43,64.0,146.18,14.62,06:38:00,17:42:00
16987,1480257618,11/27/2016 12:00:00 AM,04:40:18,1.2,44.0,30.43,55.0,76.93,3.37,06:38:00,17:42:00
16988,1480257323,11/27/2016 12:00:00 AM,04:35:23,1.23,44.0,30.43,49.0,60.79,6.229096658193317,06:38:00,17:42:00
16989,1480257017,11/27/2016 12:00:00 AM,04:30:17,1.2,44.0,30.43,48.0,157.76,2.25,06:38:00,17:42:00
16990,1480256718,11/27/2016 12:00:00 AM,04:25:18,1.21,44.0,30.43,51.0,207.15,3.37,06:38:00,17:42:00
16991,1480256419,11/27/2016 12:00:00 AM,04:20:19,1.22,44.0,30.43,53.0,122.72,12.37,06:38:00,17:42:00
16992,1480256117,11/27/2016 12:00:00 AM,04:15:17,1.19,44.0,30.43,53.0,203.92,5.62,06:38:00,17:42:00
16993,1480255817,11/27/2016 12:00:00 AM,04:10:17,1.2,44.0,30.43,53.0,132.89,10.12,06:38:00,17:42:00
16994,1480255522,11/27/2016 12:00:00 AM,04:05:22,1.17,43.0,30.43,56.0,158.59,5.62,06:38:00,17:42:00
16995,1480255218,11/27/2016 12:00:00 AM,04:00:18,1.19,42.0,30.43,57.0,184.66,6.75,06:38:00,17:42:00
16996,1480254918,11/27/2016 12:00:00 AM,03:55:18,1.24,42.0,30.43,63.0,145.95,4.5,06:38:00,17:42:00
16997,1480254620,11/27/2016 12:00:00 AM,03:50:20,1.23,42.0,30.43,69.0,142.02,5.62,06:38:00,17:42:00
16998,1480254317,11/27/2016 12:00:00 AM,03:45:17,1.18,42.0,30.43,85.0,128.3,11.25,06:38:00,17:42:00
16999,1480254017,11/27/2016 12:00:00 AM,03:40:17,1.19,42.0,30.43,98.0,190.89,3.37,06:38:00,17:42:00
17000,1480253718,11/27/2016 12:00:00 AM,03:35:18,1.21,43.0,30.43,100.0,85.25,2.25,06:38:00,17:42:00
17001,1480253420,11/27/2016 12:00:00 AM,03:30:20,1.19,43.0,30.43,101.0,163.81,10.12,06:38:00,17:42:00
17002,1480253120,11/27/2016 12:00:00 AM,03:25:20,1.23,43.0,30.44,101.0,88.72,9.0,06:38:00,17:42:00
17003,1480252818,11/27/2016 12:00:00 AM,03:20:18,1.21,43.0,30.44,100.0,130.34,10.12,06:38:00,17:42:00
17004,1480252522,11/27/2016 12:00:00 AM,03:15:22,1.19,43.0,30.44,100.0,164.98,9.0,06:38:00,17:42:00
17005,1480252218,11/27/2016 12:00:00 AM,03:10:18,1.18,44.0,30.44,100.0,141.84,5.62,06:38:00,17:42:00
17006,1480251918,11/27/2016 12:00:00 AM,03:05:18,1.19,44.0,30.44,100.0,169.72,5.62,06:38:00,17:42:00
17007,1480251618,11/27/2016 12:00:00 AM,03:00:18,1.22,44.0,30.44,100.0,151.22,3.37,06:38:00,17:42:00
17008,1480251318,11/27/2016 12:00:00 AM,02:55:18,1.2,44.0,30.44,100.0,142.57,9.0,06:38:00,17:42:00
17009,1480251018,11/27/2016 12:00:00 AM,02:50:18,1.2,44.0,30.44,100.0,94.66,3.37,06:38:00,17:42:00
17010,1480250717,11/27/2016 12:00:00 AM,02:45:17,1.23,45.0,30.44,100.0,92.93,5.62,06:38:00,17:42:00
17011,1480250418,11/27/2016 12:00:00 AM,02:40:18,1.22,45.0,30.44,100.0,155.54,3.37,06:38:00,17:42:00
17012,1480250118,11/27/2016 12:00:00 AM,02:35:18,1.18,45.0,30.44,100.0,90.06,5.62,06:38:00,17:42:00
17013,1480249818,11/27/2016 12:00:00 AM,02:30:18,1.19,45.0,30.45,99.0,141.97,11.25,06:38:00,17:42:00
17014,1480249518,11/27/2016 12:00:00 AM,02:25:18,1.23,45.0,30.45,99.0,143.41,10.12,06:38:00,17:42:00
17015,1480249217,11/27/2016 12:00:00 AM,02:20:17,1.23,45.0,30.45,99.0,149.33,10.12,06:38:00,17:42:00
17016,1480248920,11/27/2016 12:00:00 AM,02:15:20,1.2,45.0,30.45,99.0,113.54,7.87,06:38:00,17:42:00
17017,1480248618,11/27/2016 12:00:00 AM,02:10:18,1.23,45.0,30.45,98.0,120.73,10.12,06:38:00,17:42:00
17018,1480248318,11/27/2016 12:00:00 AM,02:05:18,1.21,45.0,30.45,98.0,127.33,9.0,06:38:00,17:42:00
17019,1480248018,11/27/2016 12:00:00 AM,02:00:18,1.2,45.0,30.45,97.0,152.98,14.62,06:38:00,17:42:00
17020,1480247717,11/27/2016 12:00:00 AM,01:55:17,1.19,45.0,30.45,97.0,124.41,10.12,06:38:00,17:42:00
17021,1480247418,11/27/2016 12:00:00 AM,01:50:18,1.19,45.0,30.45,98.0,113.88,10.12,06:38:00,17:42:00
17022,1480247121,11/27/2016 12:00:00 AM,01:45:21,1.2,45.0,30.45,99.0,143.67,9.0,06:38:00,17:42:00
17023,1480246823,11/27/2016 12:00:00 AM,01:40:23,1.21,45.0,30.45,100.0,142.19,13.5,06:38:00,17:42:00
17024,1480246518,11/27/2016 12:00:00 AM,01:35:18,1.2,45.0,30.45,100.0,89.3,5.62,06:38:00,17:42:00
17025,1480246217,11/27/2016 12:00:00 AM,01:30:17,1.21,45.0,30.45,100.0,130.51,11.25,06:38:00,17:42:00
17026,1480245921,11/27/2016 12:00:00 AM,01:25:21,1.23,45.0,30.45,99.0,136.11,11.25,06:38:00,17:42:00
17027,1480245618,11/27/2016 12:00:00 AM,01:20:18,1.21,45.0,30.46,99.0,112.49,6.75,06:38:00,17:42:00
17028,1480245320,11/27/2016 12:00:00 AM,01:15:20,1.21,45.0,30.46,99.0,148.16,13.5,06:38:00,17:42:00
17029,1480245018,11/27/2016 12:00:00 AM,01:10:18,1.2,45.0,30.46,99.0,115.37,10.12,06:38:00,17:42:00
17030,1480244718,11/27/2016 12:00:00 AM,01:05:18,1.19,45.0,30.46,99.0,121.37,11.25,06:38:00,17:42:00
17031,1480244418,11/27/2016 12:00:00 AM,01:00:18,1.22,45.0,30.46,98.0,131.86,7.87,06:38:00,17:42:00
17032,1480244117,11/27/2016 12:00:00 AM,00:55:17,1.21,45.0,30.46,98.0,222.64,6.75,06:38:00,17:42:00
17033,1480243817,11/27/2016 12:00:00 AM,00:50:17,1.22,45.0,30.46,97.0,135.32,5.62,06:38:00,17:42:00
17034,1480243519,11/27/2016 12:00:00 AM,00:45:19,1.2,45.0,30.46,96.0,143.54770303349548,7.87,06:38:00,17:42:00
17035,1480243217,11/27/2016 12:00:00 AM,00:40:17,1.19,45.0,30.46,95.0,136.05,11.25,06:38:00,17:42:00
17036,1480242917,11/27/2016 12:00:00 AM,00:35:17,1.2,45.0,30.46,94.0,97.51,9.0,06:38:00,17:42:00
17037,1480242617,11/27/2016 12:00:00 AM,00:30:17,1.21,45.0,30.46,93.0,274.71,4.5,06:38:00,17:42:00
17038,1480242317,11/27/2016 12:00:00 AM,00:25:17,1.2,45.0,30.46,89.0,87.55,3.37,06:38:00,17:42:00
17039,1480242018,11/27/2016 12:00:00 AM,00:20:18,1.18,46.0,30.46,85.0,137.59,12.37,06:38:00,17:42:00
17040,1480241717,11/27/2016 12:00:00 AM,00:15:17,1.22,46.0,30.46,75.0,180.55,4.5,06:38:00,17:42:00
17041,1480241421,11/27/2016 12:00:00 AM,00:10:21,1.22,47.0,30.46,74.0,105.4,12.37,06:38:00,17:42:00
17042,1480241117,11/27/2016 12:00:00 AM,00:05:17,1.21,47.0,30.46,49.0,89.53,5.62,06:38:00,17:42:00
17043,1480240820,11/27/2016 12:00:00 AM,00:00:20,1.21,51.16507236474315,30.46,48.0,142.29,4.5,06:38:00,17:42:00
17044,1480240518,11/26/2016 12:00:00 AM,23:55:18,1.23,46.0,30.47,61.0,108.58,4.5,06:38:00,17:42:00
17045,1480240224,11/26/2016 12:00:00 AM,23:50:24,1.25,46.0,30.47,67.0,0.09,5.62,06:38:00,17:42:00
17046,1480239917,11/26/2016 12:00:00 AM,23:45:17,1.21,46.0,30.47,68.0,122.5,13.5,06:38:00,17:42:00
17047,1480239618,11/26/2016 12:00:00 AM,23:40:18,1.19,45.0,30.47,65.0,125.03,15.75,06:38:00,17:42:00
17048,1480239319,11/26/2016 12:00:00 AM,23:35:19,1.21,46.0,30.48,60.0,114.64,10.12,06:38:00,17:42:00
17049,1480239020,11/26/2016 12:00:00 AM,23:30:20,1.25,46.0,30.48,59.0,158.79,5.62,06:38:00,17:42:00
17050,1480238720,11/26/2016 12:00:00 AM,23:25:20,1.22,46.0,30.48,49.0,144.91,6.75,06:38:00,17:42:00
17051,1480238418,11/26/2016 12:00:00 AM,23:20:18,1.2,46.0,30.48,45.0,153.95,6.75,06:38:00,17:42:00
17052,1480238121,11/26/2016 12:00:00 AM,23:15:21,1.2,46.0,30.48,44.0,145.28,11.25,06:38:00,17:42:00
17053,1480237820,11/26/2016 12:00:00 AM,23:10:20,1.2,45.0,30.48,46.0,105.4,7.87,06:38:00,17:42:00
17054,1480237519,11/26/2016 12:00:00 AM,23:05:19,1.2,43.0,30.48,49.0,110.71,14.62,06:38:00,17:42:00
17055,1480237218,11/26/2016 12:00:00 AM,23:00:18,1.2,42.0,30.48,69.0,141.37,11.25,06:38:00,17:42:00
17056,1480236918,11/26/2016 12:00:00 AM,22:55:18,1.18,43.0,30.48,91.0,106.23,6.75,06:38:00,17:42:00
17057,1480236620,11/26/2016 12:00:00 AM,22:50:20,1.21,43.0,30.48,86.0,56.76,2.25,06:38:00,17:42:00
17058,1480236318,11/26/2016 12:00:00 AM,22:45:18,1.19,44.0,30.48,79.0,346.63,3.37,06:38:00,17:42:00
17059,1480236018,11/26/2016 12:00:00 AM,22:40:18,1.2,44.0,30.49,50.0,51.61,3.37,06:38:00,17:42:00
17060,1480235717,11/26/2016 12:00:00 AM,22:35:17,1.21,44.0,30.48,42.0,114.91,4.5,06:38:00,17:42:00
17061,1480235417,11/26/2016 12:00:00 AM,22:30:17,1.2,43.0,30.49,52.0,110.91,4.5,06:38:00,17:42:00
17062,1480235118,11/26/2016 12:00:00 AM,22:25:18,1.2,44.0,30.49,59.0,12.71,1.12,06:38:00,17:42:00
17063,1480234821,11/26/2016 12:00:00 AM,22:20:21,1.2,44.0,30.48,60.0,106.34,2.25,06:38:00,17:42:00
17064,1480234517,11/26/2016 12:00:00 AM,22:15:17,1.21,44.0,30.48,47.0,84.82,6.75,06:38:00,17:42:00
17065,1480234217,11/26/2016 12:00:00 AM,22:10:17,1.2,45.0,30.48,47.0,69.56,2.25,06:38:00,17:42:00
17066,1480233918,11/26/2016 12:00:00 AM,22:05:18,1.22,45.0,30.48,31.0,141.95,3.37,06:38:00,17:42:00
17067,1480233618,11/26/2016 12:00:00 AM,22:00:18,1.21,45.0,30.48,37.0,172.58,6.75,06:38:00,17:42:00
17068,1480233318,11/26/2016 12:00:00 AM,21:55:18,1.2,45.0,30.48,48.0,67.81,4.5,06:38:00,17:42:00
17069,1480233017,11/26/2016 12:00:00 AM,21:50:17,1.23,46.0,30.48,39.0,53.93,4.5,06:38:00,17:42:00
17070,1480232717,11/26/2016 12:00:00 AM,21:45:17,1.24,46.0,30.48,36.0,99.44,9.0,06:38:00,17:42:00
17071,1480232417,11/26/2016 12:00:00 AM,21:40:17,1.21,46.0,30.47,37.0,145.73,9.0,06:38:00,17:42:00
17072,1480232118,11/26/2016 12:00:00 AM,21:35:18,1.24,45.0,30.47,41.0,150.38,11.25,06:38:00,17:42:00
17073,1480231818,11/26/2016 12:00:00 AM,21:30:18,1.21,43.0,30.47,49.0,177.07,4.5,06:38:00,17:42:00
17074,1480231517,11/26/2016 12:00:00 AM,21:25:17,1.24,44.0,30.47,79.0,109.07,4.5,06:38:00,17:42:00
17075,1480231217,11/26/2016 12:00:00 AM,21:20:17,1.19,45.0,30.47,81.0,95.69,3.37,06:38:00,17:42:00
17076,1480230917,11/26/2016 12:00:00 AM,21:15:17,1.25,47.0,30.48,40.0,139.86,3.37,06:38:00,17:42:00
17077,1480230618,11/26/2016 12:00:00 AM,21:10:18,1.22,47.0,30.48,37.0,124.05,5.62,06:38:00,17:42:00
17078,1480230317,11/26/2016 12:00:00 AM,21:05:17,1.2,46.0,30.48,37.0,154.55,12.37,06:38:00,17:42:00
17079,1480230017,11/26/2016 12:00:00 AM,21:00:17,1.19,45.0,30.48,45.0,99.0,9.0,06:38:00,17:42:00
17080,1480229721,11/26/2016 12:00:00 AM,20:55:21,1.22,45.0,30.48,72.0,108.34,11.25,06:38:00,17:42:00
17081,1480229418,11/26/2016 12:00:00 AM,20:50:18,1.18,45.0,30.48,82.0,121.98,2.25,06:38:00,17:42:00
17082,1480229117,11/26/2016 12:00:00 AM,20:45:17,1.19,45.0,30.48,86.0,134.18,6.75,06:38:00,17:42:00
17083,1480228817,11/26/2016 12:00:00 AM,20:40:17,1.23,45.0,30.48,88.0,103.79,5.62,06:38:00,17:42:00
17084,1480228518,11/26/2016 12:00:00 AM,20:35:18,1.18,45.0,30.48,88.0,324.44,2.25,06:38:00,17:42:00
17085,1480228219,11/26/2016 12:00:00 AM,20:30:19,1.21,45.0,30.48,87.0,112.01,4.5,06:38:00,17:42:00
17086,1480227917,11/26/2016 12:00:00 AM,20:25:17,1.17,45.0,30.48,86.0,24.85,4.5,06:38:00,17:42:00
17087,1480227619,11/26/2016 12:00:00 AM,20:20:19,1.2,45.0,30.48,89.0,147.78,16.87,06:38:00,17:42:00
17088,1480227318,11/26/2016 12:00:00 AM,20:15:18,1.18,45.0,30.47,88.0,131.17,16.87,06:38:00,17:42:00
17089,1480227017,11/26/2016 12:00:00 AM,20:10:17,1.2,51.16507236474315,30.48,85.0,127.59,12.37,06:38:00,17:42:00
17090,1480226718,11/26/2016 12:00:00 AM,20:05:18,1.2,45.0,30.47,81.0,103.29,14.62,06:38:00,17:42:00
17091,1480226417,11/26/2016 12:00:00 AM,20:00:17,1.21,44.0,30.47,76.0,120.48,16.87,06:38:00,17:42:00
17092,1480226118,11/26/2016 12:00:00 AM,19:55:18,1.23,44.0,30.47,70.0,150.17,16.87,06:38:00,17:42:00
17093,1480225818,11/26/2016 12:00:00 AM,19:50:18,1.2,45.0,30.47,63.0,153.41,15.75,06:38:00,17:42:00
17094,1480225519,11/26/2016 12:00:00 AM,19:45:19,1.19,45.0,30.47,56.0,152.83,15.75,06:38:00,17:42:00
17095,1480225217,11/26/2016 12:00:00 AM,19:40:17,1.16,47.0,30.47,41.0,17.42,9.0,06:38:00,17:42:00
17096,1480224917,11/26/2016 12:00:00 AM,19:35:17,1.22,48.0,30.46,32.0,172.94,9.0,06:38:00,17:42:00
17097,1480224620,11/26/2016 12:00:00 AM,19:30:20,1.22,48.0,30.46,31.0,180.39,2.25,06:38:00,17:42:00
17098,1480224317,11/26/2016 12:00:00 AM,19:25:17,1.21,51.16507236474315,30.46,32.0,75.18,6.75,06:38:00,17:42:00
17099,1480224018,11/26/2016 12:00:00 AM,19:20:18,1.21,49.0,30.46,28.0,138.59,15.75,06:38:00,17:42:00
17100,1480223719,11/26/2016 12:00:00 AM,19:15:19,1.24,48.0,30.46,29.0,143.83,7.87,06:38:00,17:42:00
17101,1480223417,11/26/2016 12:00:00 AM,19:10:17,1.25,48.0,30.46,32.0,123.86,14.62,06:38:00,17:42:00
17102,1480223117,11/26/2016 12:00:00 AM,19:05:17,1.2,48.0,30.46,34.0,178.51,11.25,06:38:00,17:42:00
17103,1480222818,11/26/2016 12:00:00 AM,19:00:18,1.22,50.0,30.45,37.0,148.54,11.25,06:38:00,17:42:00
17104,1480222518,11/26/2016 12:00:00 AM,18:55:18,1.19,50.0,30.45,29.0,129.2,7.87,06:38:00,17:42:00
17105,1480222217,11/26/2016 12:00:00 AM,18:50:17,1.23,50.0,30.45,30.0,104.19,13.5,06:38:00,17:42:00
17106,1480221918,11/26/2016 12:00:00 AM,18:45:18,1.23,50.0,30.45,31.0,165.61,5.62,06:38:00,17:42:00
17107,1480221619,11/26/2016 12:00:00 AM,18:40:19,1.2,50.0,30.45,28.0,187.1,4.5,06:38:00,17:42:00
17108,1480221318,11/26/2016 12:00:00 AM,18:35:18,1.23,51.0,30.45,29.0,153.76,7.87,06:38:00,17:42:00
17109,1480221020,11/26/2016 12:00:00 AM,18:30:20,1.22,51.0,30.44,27.0,179.12,9.0,06:38:00,17:42:00
17110,1480220723,11/26/2016 12:00:00 AM,18:25:23,1.21,51.0,30.44,28.0,136.33,9.0,06:38:00,17:42:00
17111,1480220418,11/26/2016 12:00:00 AM,18:20:18,1.23,51.0,30.44,27.0,148.87,3.37,06:38:00,17:42:00
17112,1480220118,11/26/2016 12:00:00 AM,18:15:18,1.22,51.0,30.44,26.0,159.33,13.5,06:38:00,17:42:00
17113,1480219818,11/26/2016 12:00:00 AM,18:10:18,1.21,51.0,30.44,28.0,170.23,12.37,06:38:00,17:42:00
17114,1480219521,11/26/2016 12:00:00 AM,18:05:21,1.22,51.0,30.44,28.0,98.67,10.12,06:38:00,17:42:00
17115,1480219218,11/26/2016 12:00:00 AM,18:00:18,1.23,51.0,30.44,28.0,146.29,13.5,06:38:00,17:42:00
17116,1480218920,11/26/2016 12:00:00 AM,17:55:20,2.0,52.0,30.43,27.0,147.35,11.25,06:38:00,17:42:00
17117,1480218617,11/26/2016 12:00:00 AM,17:50:17,4.79,52.0,30.43,28.0,166.08,12.37,06:38:00,17:42:00
17118,1480218330,11/26/2016 12:00:00 AM,17:45:30,5.51,52.0,30.43,30.0,129.61,3.37,06:38:00,17:42:00
17119,1480218017,11/26/2016 12:00:00 AM,17:40:17,11.61,53.0,30.44,30.0,127.71,7.87,06:38:00,17:42:00
17120,1480217718,11/26/2016 12:00:00 AM,17:35:18,14.56,53.0,30.44,28.0,144.96,10.12,06:38:00,17:42:00
17121,1480217418,11/26/2016 12:00:00 AM,17:30:18,26.85,54.0,30.44,29.0,119.19,12.37,06:38:00,17:42:00
17122,1480217118,11/26/2016 12:00:00 AM,17:25:18,37.6,54.0,30.43,27.0,126.4,5.62,06:38:00,17:42:00
17123,1480216818,11/26/2016 12:00:00 AM,17:20:18,58.78,55.0,30.43,28.0,139.48,5.62,06:38:00,17:42:00
17124,1480216519,11/26/2016 12:00:00 AM,17:15:19,78.86,55.0,30.43,28.0,107.35,12.37,06:38:00,17:42:00
17125,1480216218,11/26/2016 12:00:00 AM,17:10:18,105.52,55.0,30.43,27.0,140.95,19.12,06:38:00,17:42:00
17126,1480215918,11/26/2016 12:00:00 AM,17:05:18,130.6,56.0,30.43,26.0,187.34,7.87,06:38:00,17:42:00
17127,1480215619,11/26/2016 12:00:00 AM,17:00:19,152.95,56.0,30.43,26.0,115.74,13.5,06:38:00,17:42:00
17128,1480215318,11/26/2016 12:00:00 AM,16:55:18,148.13,56.0,30.43,28.0,119.16,12.37,06:38:00,17:42:00
17129,1480215017,11/26/2016 12:00:00 AM,16:50:17,136.31,56.0,30.43,31.0,94.89,7.87,06:38:00,17:42:00
17130,1480214718,11/26/2016 12:00:00 AM,16:45:18,172.18,56.0,30.43,31.0,119.42,15.75,06:38:00,17:42:00
17131,1480214418,11/26/2016 12:00:00 AM,16:40:18,207.77,55.0,30.42,35.0,155.82,14.62,06:38:00,17:42:00
17132,1480214118,11/26/2016 12:00:00 AM,16:35:18,235.67,54.0,30.42,60.0,43.53,4.5,06:38:00,17:42:00
17133,1480213817,11/26/2016 12:00:00 AM,16:30:17,252.0,54.0,30.42,69.0,68.74,6.75,06:38:00,17:42:00
17134,1480213518,11/26/2016 12:00:00 AM,16:25:18,284.84,54.0,30.42,60.0,31.24,4.5,06:38:00,17:42:00
17135,1480213218,11/26/2016 12:00:00 AM,16:20:18,312.42,53.0,30.42,64.0,108.15,14.62,06:38:00,17:42:00
17136,1480212921,11/26/2016 12:00:00 AM,16:15:21,304.46,52.0,30.42,79.0,82.11,2.25,06:38:00,17:42:00
17137,1480212617,11/26/2016 12:00:00 AM,16:10:17,323.92,53.0,30.42,78.0,66.84,12.37,06:38:00,17:42:00
17138,1480212317,11/26/2016 12:00:00 AM,16:05:17,363.68,54.0,30.42,74.0,53.9,3.37,06:38:00,17:42:00
17139,1480212018,11/26/2016 12:00:00 AM,16:00:18,344.8,55.0,30.42,69.0,16.9,6.75,06:38:00,17:42:00
17140,1480211719,11/26/2016 12:00:00 AM,15:55:19,386.41,57.0,30.42,67.0,116.64,2.25,06:38:00,17:42:00
17141,1480211420,11/26/2016 12:00:00 AM,15:50:20,436.96,58.0,30.42,33.0,52.35,4.5,06:38:00,17:42:00
17142,1480211118,11/26/2016 12:00:00 AM,15:45:18,410.6,56.0,30.42,38.0,55.38,5.62,06:38:00,17:42:00
17143,1480210818,11/26/2016 12:00:00 AM,15:40:18,458.58,54.0,30.41,59.0,137.94,12.37,06:38:00,17:42:00
17144,1480210518,11/26/2016 12:00:00 AM,15:35:18,408.29,53.0,30.42,82.0,70.56,3.37,06:38:00,17:42:00
17145,1480210217,11/26/2016 12:00:00 AM,15:30:17,484.26,53.0,30.42,81.0,140.23,3.37,06:38:00,17:42:00
17146,1480209917,11/26/2016 12:00:00 AM,15:25:17,524.17,54.0,30.42,77.0,30.15,6.75,06:38:00,17:42:00
17147,1480209618,11/26/2016 12:00:00 AM,15:20:18,536.93,55.0,30.42,73.0,46.83,6.75,06:38:00,17:42:00
17148,1480209330,11/26/2016 12:00:00 AM,15:15:30,489.92,56.0,30.42,66.0,118.3,13.5,06:38:00,17:42:00
17149,1480209017,11/26/2016 12:00:00 AM,15:10:17,557.43,59.0,30.42,61.0,15.23,6.75,06:38:00,17:42:00
17150,1480208717,11/26/2016 12:00:00 AM,15:05:17,578.66,59.0,30.42,27.0,41.99,5.62,06:38:00,17:42:00
17151,1480208419,11/26/2016 12:00:00 AM,15:00:19,601.32,59.0,30.41,32.0,87.9,3.37,06:38:00,17:42:00
17152,1480208117,11/26/2016 12:00:00 AM,14:55:17,647.43,57.0,30.41,49.0,48.55,11.25,06:38:00,17:42:00
17153,1480207820,11/26/2016 12:00:00 AM,14:50:20,640.74,56.0,30.41,70.0,105.08,1.12,06:38:00,17:42:00
17154,1480207521,11/26/2016 12:00:00 AM,14:45:21,635.26,55.0,30.41,64.0,38.38,6.75,06:38:00,17:42:00
17155,1480207218,11/26/2016 12:00:00 AM,14:40:18,624.47,54.0,30.41,80.0,349.97,2.25,06:38:00,17:42:00
17156,1480206917,11/26/2016 12:00:00 AM,14:35:17,655.85,53.0,30.41,85.0,86.28,9.0,06:38:00,17:42:00
17157,1480206617,11/26/2016 12:00:00 AM,14:30:17,711.93,53.0,30.42,84.0,59.14,3.37,06:38:00,17:42:00
17158,1480206318,11/26/2016 12:00:00 AM,14:25:18,708.86,54.0,30.42,83.0,4.51,6.75,06:38:00,17:42:00
17159,1480206021,11/26/2016 12:00:00 AM,14:20:21,689.49,55.0,30.42,79.0,301.13,7.87,06:38:00,17:42:00
17160,1480205720,11/26/2016 12:00:00 AM,14:15:20,675.99,55.0,30.42,81.0,73.52,14.62,06:38:00,17:42:00
17161,1480205420,11/26/2016 12:00:00 AM,14:10:20,698.97,56.0,30.41,79.0,74.98,5.62,06:38:00,17:42:00
17162,1480205118,11/26/2016 12:00:00 AM,14:05:18,787.33,55.0,30.42,79.0,37.57,9.0,06:38:00,17:42:00
17163,1480204818,11/26/2016 12:00:00 AM,14:00:18,805.71,57.0,30.42,74.0,39.75,9.0,06:38:00,17:42:00
17164,1480204518,11/26/2016 12:00:00 AM,13:55:18,685.64,59.0,30.41,68.0,146.85,18.0,06:38:00,17:42:00
17165,1480204221,11/26/2016 12:00:00 AM,13:50:21,722.71,59.0,30.42,33.0,45.3,5.62,06:38:00,17:42:00
17166,1480203921,11/26/2016 12:00:00 AM,13:45:21,670.73,58.0,30.42,63.0,70.75,5.62,06:38:00,17:42:00
17167,1480203617,11/26/2016 12:00:00 AM,13:40:17,656.03,59.0,30.42,65.0,37.77,7.87,06:38:00,17:42:00
17168,1480203317,11/26/2016 12:00:00 AM,13:35:17,754.74,61.0,30.43,59.0,76.09,7.87,06:38:00,17:42:00
17169,1480203018,11/26/2016 12:00:00 AM,13:30:18,754.55,62.0,30.43,24.0,95.13,12.37,06:38:00,17:42:00
17170,1480202719,11/26/2016 12:00:00 AM,13:25:19,791.61,62.0,30.43,26.0,99.07,6.75,06:38:00,17:42:00
17171,1480202420,11/26/2016 12:00:00 AM,13:20:20,795.51,60.0,30.43,29.0,101.47,5.62,06:38:00,17:42:00
17172,1480202120,11/26/2016 12:00:00 AM,13:15:20,788.74,59.0,30.43,63.0,53.84,9.0,06:38:00,17:42:00
17173,1480201818,11/26/2016 12:00:00 AM,13:10:18,818.01,60.0,30.43,66.0,130.69,5.62,06:38:00,17:42:00
17174,1480201518,11/26/2016 12:00:00 AM,13:05:18,804.46,59.0,30.43,37.0,119.37,6.75,06:38:00,17:42:00
17175,1480201217,11/26/2016 12:00:00 AM,13:00:17,835.47,58.0,30.43,59.0,17.07,5.62,06:38:00,17:42:00
17176,1480200917,11/26/2016 12:00:00 AM,12:55:17,774.15,57.0,30.43,66.0,76.26,10.12,06:38:00,17:42:00
17177,1480200620,11/26/2016 12:00:00 AM,12:50:20,866.42,57.0,30.43,68.0,90.67,9.0,06:38:00,17:42:00
17178,1480200318,11/26/2016 12:00:00 AM,12:45:18,869.77,57.0,30.43,78.0,76.96,9.0,06:38:00,17:42:00
17179,1480200018,11/26/2016 12:00:00 AM,12:40:18,839.26,57.0,30.43,77.0,123.68,7.87,06:38:00,17:42:00
17180,1480199720,11/26/2016 12:00:00 AM,12:35:20,864.66,57.0,30.44,77.0,71.41,7.87,06:38:00,17:42:00
17181,1480199418,11/26/2016 12:00:00 AM,12:30:18,875.5,57.0,30.44,71.0,54.64,15.75,06:38:00,17:42:00
17182,1480199118,11/26/2016 12:00:00 AM,12:25:18,782.87,58.0,30.44,73.0,81.55,2.25,06:38:00,17:42:00
17183,1480198819,11/26/2016 12:00:00 AM,12:20:19,761.8,58.0,30.44,71.0,353.85,3.37,06:38:00,17:42:00
17184,1480198517,11/26/2016 12:00:00 AM,12:15:17,778.13,58.0,30.45,59.0,100.8,6.75,06:38:00,17:42:00
17185,1480198217,11/26/2016 12:00:00 AM,12:10:17,838.67,56.0,30.44,74.0,49.36,9.0,06:38:00,17:42:00
17186,1480197917,11/26/2016 12:00:00 AM,12:05:17,743.86,56.0,30.45,82.0,23.0,5.62,06:38:00,17:42:00
17187,1480197618,11/26/2016 12:00:00 AM,12:00:18,689.16,56.0,30.45,77.0,99.08,6.75,06:38:00,17:42:00
17188,1480197318,11/26/2016 12:00:00 AM,11:55:18,759.73,56.0,30.45,76.0,32.77,9.0,06:38:00,17:42:00
17189,1480197017,11/26/2016 12:00:00 AM,11:50:17,557.33,57.0,30.45,78.0,118.94,4.5,06:38:00,17:42:00
17190,1480196718,11/26/2016 12:00:00 AM,11:45:18,707.27,57.0,30.45,76.0,25.88,5.62,06:38:00,17:42:00
17191,1480196418,11/26/2016 12:00:00 AM,11:40:18,770.39,59.0,30.423028000868246,69.0,39.34,11.25,06:38:00,17:42:00
17192,1480196118,11/26/2016 12:00:00 AM,11:35:18,733.95,60.0,30.45,36.0,43.67,2.25,06:38:00,17:42:00
17193,1480195819,11/26/2016 12:00:00 AM,11:30:19,820.9,58.0,30.45,45.0,147.56,9.0,06:38:00,17:42:00
17194,1480195517,11/26/2016 12:00:00 AM,11:25:17,785.04,56.0,30.45,69.0,147.05,1.12,06:38:00,17:42:00
17195,1480195217,11/26/2016 12:00:00 AM,11:20:17,920.24,54.0,30.45,82.0,327.6,6.75,06:38:00,17:42:00
17196,1480194918,11/26/2016 12:00:00 AM,11:15:18,879.59,53.0,30.46,88.0,167.45,7.87,06:38:00,17:42:00
17197,1480194618,11/26/2016 12:00:00 AM,11:10:18,876.13,53.0,30.46,89.0,17.68,7.87,06:38:00,17:42:00
17198,1480194317,11/26/2016 12:00:00 AM,11:05:17,815.54,53.0,30.46,87.0,79.5,13.5,06:38:00,17:42:00
17199,1480194018,11/26/2016 12:00:00 AM,11:00:18,798.15,53.0,30.46,89.0,58.47,6.75,06:38:00,17:42:00
17200,1480193723,11/26/2016 12:00:00 AM,10:55:23,700.97,52.0,30.46,89.0,39.84,9.0,06:38:00,17:42:00
17201,1480193418,11/26/2016 12:00:00 AM,10:50:18,711.42,52.0,30.46,90.0,158.38,10.12,06:38:00,17:42:00
17202,1480193117,11/26/2016 12:00:00 AM,10:45:17,758.34,52.0,30.46,88.0,89.0,13.5,06:38:00,17:42:00
17203,1480192818,11/26/2016 12:00:00 AM,10:40:18,481.67,54.0,30.47,85.0,54.15,12.37,06:38:00,17:42:00
17204,1480192519,11/26/2016 12:00:00 AM,10:35:19,780.74,54.0,30.46,72.0,26.58,5.62,06:38:00,17:42:00
17205,1480192220,11/26/2016 12:00:00 AM,10:30:20,829.53,53.0,30.47,80.0,83.91,4.5,06:38:00,17:42:00
17206,1480191918,11/26/2016 12:00:00 AM,10:25:18,740.63,53.0,30.47,82.0,10.23,20.25,06:38:00,17:42:00
17207,1480191617,11/26/2016 12:00:00 AM,10:20:17,723.57,52.0,30.47,81.0,351.86,4.5,06:38:00,17:42:00
17208,1480191318,11/26/2016 12:00:00 AM,10:15:18,766.97,51.0,30.47,79.0,11.2,5.62,06:38:00,17:42:00
17209,1480191017,11/26/2016 12:00:00 AM,10:10:17,759.41,51.0,30.47,83.0,65.34,5.62,06:38:00,17:42:00
17210,1480190718,11/26/2016 12:00:00 AM,10:05:18,603.35,50.0,30.47,79.0,160.2,10.12,06:38:00,17:42:00
17211,1480190418,11/26/2016 12:00:00 AM,10:00:18,650.13,50.0,30.47,70.0,125.23,7.87,06:38:00,17:42:00
17212,1480190117,11/26/2016 12:00:00 AM,09:55:17,635.82,51.0,30.47,65.0,106.25,11.25,06:38:00,17:42:00
17213,1480189818,11/26/2016 12:00:00 AM,09:50:18,470.2,51.0,30.47,58.0,44.69,13.5,06:38:00,17:42:00
17214,1480189518,11/26/2016 12:00:00 AM,09:45:18,593.8,50.0,30.47,67.0,136.03,6.75,06:38:00,17:42:00
17215,1480189220,11/26/2016 12:00:00 AM,09:40:20,622.12,49.0,30.47,72.0,18.71,14.62,06:38:00,17:42:00
17216,1480188917,11/26/2016 12:00:00 AM,09:35:17,564.42,49.0,30.47,66.0,43.53,6.75,06:38:00,17:42:00
17217,1480188618,11/26/2016 12:00:00 AM,09:30:18,495.18,50.0,30.47,68.0,43.37,11.25,06:38:00,17:42:00
17218,1480188320,11/26/2016 12:00:00 AM,09:25:20,562.09,50.0,30.47,72.0,93.6,11.25,06:38:00,17:42:00
17219,1480188017,11/26/2016 12:00:00 AM,09:20:17,533.01,52.0,30.47,71.0,82.53,10.12,06:38:00,17:42:00
17220,1480187717,11/26/2016 12:00:00 AM,09:15:17,465.38,51.0,30.47,59.0,61.62,4.5,06:38:00,17:42:00
17221,1480187419,11/26/2016 12:00:00 AM,09:10:19,487.56,50.0,30.47,66.0,62.11,6.75,06:38:00,17:42:00
17222,1480187125,11/26/2016 12:00:00 AM,09:05:25,455.1,49.0,30.46,76.0,111.89,3.37,06:38:00,17:42:00
17223,1480186817,11/26/2016 12:00:00 AM,09:00:17,458.28,51.0,30.46,77.0,76.4,5.62,06:38:00,17:42:00
17224,1480186520,11/26/2016 12:00:00 AM,08:55:20,410.17,53.0,30.46,39.0,28.59,3.37,06:38:00,17:42:00
17225,1480186220,11/26/2016 12:00:00 AM,08:50:20,360.03,52.0,30.46,36.0,145.44,7.87,06:38:00,17:42:00
17226,1480185920,11/26/2016 12:00:00 AM,08:45:20,401.1,51.0,30.46,40.0,128.1,14.62,06:38:00,17:42:00
17227,1480185617,11/26/2016 12:00:00 AM,08:40:17,372.56,50.0,30.46,53.0,43.55,6.75,06:38:00,17:42:00
17228,1480185318,11/26/2016 12:00:00 AM,08:35:18,303.48,50.0,30.46,54.0,239.66,5.62,06:38:00,17:42:00
17229,1480185018,11/26/2016 12:00:00 AM,08:30:18,390.48,51.0,30.46,66.0,39.67,9.0,06:38:00,17:42:00
17230,1480184720,11/26/2016 12:00:00 AM,08:25:20,380.42,51.0,30.46,44.0,180.49,5.62,06:38:00,17:42:00
17231,1480184418,11/26/2016 12:00:00 AM,08:20:18,349.91,50.0,30.46,44.0,196.31,11.25,06:38:00,17:42:00
17232,1480184102,11/26/2016 12:00:00 AM,08:15:02,399.87,48.0,30.46,48.0,137.03,16.87,06:38:00,17:42:00
17233,1480183803,11/26/2016 12:00:00 AM,08:10:03,355.3,47.0,30.46,50.0,111.06,16.87,06:38:00,17:42:00
17234,1480183502,11/26/2016 12:00:00 AM,08:05:02,286.35,46.0,30.46,54.0,106.18,7.87,06:38:00,17:42:00
17235,1480183201,11/26/2016 12:00:00 AM,08:00:01,300.94,44.0,30.46,57.0,139.96,11.25,06:38:00,17:42:00
17236,1480182901,11/26/2016 12:00:00 AM,07:55:01,244.43,44.0,30.46,68.0,93.78,6.75,06:38:00,17:42:00
17237,1480182601,11/26/2016 12:00:00 AM,07:50:01,216.67,45.0,30.46,56.0,131.03,2.25,06:38:00,17:42:00
17238,1480182302,11/26/2016 12:00:00 AM,07:45:02,103.54,44.0,30.46,54.0,174.56,4.5,06:38:00,17:42:00
17239,1480182005,11/26/2016 12:00:00 AM,07:40:05,93.82,44.0,30.46,52.0,142.35,4.5,06:38:00,17:42:00
17240,1480181701,11/26/2016 12:00:00 AM,07:35:01,86.09,43.0,30.45,55.0,150.33,6.75,06:38:00,17:42:00
17241,1480181401,11/26/2016 12:00:00 AM,07:30:01,79.91,42.0,30.45,57.0,120.08,12.37,06:38:00,17:42:00
17242,1480181103,11/26/2016 12:00:00 AM,07:25:03,73.89,42.0,30.45,66.0,142.75,5.62,06:38:00,17:42:00
17243,1480180801,11/26/2016 12:00:00 AM,07:20:01,67.76,42.0,30.46,63.0,112.49,5.62,06:38:00,17:42:00
17244,1480180501,11/26/2016 12:00:00 AM,07:15:01,61.62,41.0,30.46,62.0,96.07,11.25,06:38:00,17:42:00
17245,1480180204,11/26/2016 12:00:00 AM,07:10:04,54.5,41.0,30.46,67.0,116.98,7.87,06:38:00,17:42:00
17246,1480179904,11/26/2016 12:00:00 AM,07:05:04,46.96,41.0,30.45,84.0,141.47,10.12,06:38:00,17:42:00
17247,1480179603,11/26/2016 12:00:00 AM,07:00:03,38.46,41.0,30.45,85.0,128.93,11.25,06:38:00,17:42:00
17248,1480179302,11/26/2016 12:00:00 AM,06:55:02,29.79,41.0,30.46,78.0,136.82,9.0,06:38:00,17:42:00
17249,1480179002,11/26/2016 12:00:00 AM,06:50:02,21.5,40.0,30.46,72.0,191.86,7.87,06:38:00,17:42:00
17250,1480178704,11/26/2016 12:00:00 AM,06:45:04,13.55,40.0,30.45,72.0,118.81,10.12,06:38:00,17:42:00
17251,1480178404,11/26/2016 12:00:00 AM,06:40:04,7.18,40.0,30.45,71.0,124.92,12.37,06:38:00,17:42:00
17252,1480178102,11/26/2016 12:00:00 AM,06:35:02,4.26,40.0,30.45,73.0,147.37,18.0,06:38:00,17:42:00
17253,1480177804,11/26/2016 12:00:00 AM,06:30:04,2.39,39.0,30.45,79.0,139.32,10.12,06:38:00,17:42:00
17254,1480177501,11/26/2016 12:00:00 AM,06:25:01,3.97,39.0,30.45,81.0,106.38,19.12,06:38:00,17:42:00
17255,1480177202,11/26/2016 12:00:00 AM,06:20:02,1.21,39.0,30.45,79.0,143.64,13.5,06:38:00,17:42:00
17256,1480176904,11/26/2016 12:00:00 AM,06:15:04,1.18,40.0,30.45,76.0,125.51,7.87,06:38:00,17:42:00
17257,1480176602,11/26/2016 12:00:00 AM,06:10:02,1.23,40.0,30.45,66.0,153.12,4.5,06:38:00,17:42:00
17258,1480176305,11/26/2016 12:00:00 AM,06:05:05,1.2,40.0,30.44,58.0,111.34,7.87,06:38:00,17:42:00
17259,1480176002,11/26/2016 12:00:00 AM,06:00:02,1.18,41.0,30.44,54.0,47.63,3.37,06:38:00,17:42:00
17260,1480175702,11/26/2016 12:00:00 AM,05:55:02,1.17,40.0,30.44,52.0,126.96,11.25,06:38:00,17:42:00
17261,1480175401,11/26/2016 12:00:00 AM,05:50:01,1.18,40.0,30.44,57.0,136.86,6.75,06:38:00,17:42:00
17262,1480175102,11/26/2016 12:00:00 AM,05:45:02,1.19,40.0,30.44,57.0,134.39,12.37,06:38:00,17:42:00
17263,1480174805,11/26/2016 12:00:00 AM,05:40:05,1.17,39.0,30.44,63.0,151.37,15.75,06:38:00,17:42:00
17264,1480174503,11/26/2016 12:00:00 AM,05:35:03,1.2,40.0,30.44,63.0,154.71,9.0,06:38:00,17:42:00
17265,1480174202,11/26/2016 12:00:00 AM,05:30:02,1.17,40.0,30.43,63.0,131.05,13.5,06:38:00,17:42:00
17266,1480173904,11/26/2016 12:00:00 AM,05:25:04,1.19,42.0,30.43,58.0,80.72,3.37,06:38:00,17:42:00
17267,1480173602,11/26/2016 12:00:00 AM,05:20:02,1.18,43.0,30.43,46.0,84.57,7.87,06:38:00,17:42:00
17268,1480173302,11/26/2016 12:00:00 AM,05:15:02,1.22,43.0,30.43,47.0,135.69,7.87,06:38:00,17:42:00
17269,1480173008,11/26/2016 12:00:00 AM,05:10:08,1.18,42.0,30.43,48.0,174.89,9.0,06:38:00,17:42:00
17270,1480172705,11/26/2016 12:00:00 AM,05:05:05,1.22,42.0,30.43,50.0,155.17,11.25,06:38:00,17:42:00
17271,1480172402,11/26/2016 12:00:00 AM,05:00:02,1.2,41.0,30.43,51.0,160.73,10.12,06:38:00,17:42:00
17272,1480172102,11/26/2016 12:00:00 AM,04:55:02,1.18,41.0,30.43,52.0,137.45,10.12,06:38:00,17:42:00
17273,1480171802,11/26/2016 12:00:00 AM,04:50:02,1.18,41.0,30.43,53.0,174.63,16.87,06:38:00,17:42:00
17274,1480171501,11/26/2016 12:00:00 AM,04:45:01,1.2,41.0,30.43,53.0,171.66,15.75,06:38:00,17:42:00
17275,1480171202,11/26/2016 12:00:00 AM,04:40:02,1.19,41.0,30.43,53.0,183.08,12.37,06:38:00,17:42:00
17276,1480170904,11/26/2016 12:00:00 AM,04:35:04,1.18,41.0,30.43,53.0,164.94,14.62,06:38:00,17:42:00
17277,1480170603,11/26/2016 12:00:00 AM,04:30:03,1.21,42.0,30.43,53.0,176.38,13.5,06:38:00,17:42:00
17278,1480170303,11/26/2016 12:00:00 AM,04:25:03,1.22,42.0,30.43,52.0,178.02,3.37,06:38:00,17:42:00
17279,1480170004,11/26/2016 12:00:00 AM,04:20:04,1.2,41.0,30.43,54.0,178.87,5.62,06:38:00,17:42:00
17280,1480169701,11/26/2016 12:00:00 AM,04:15:01,1.17,41.0,30.43,55.0,146.74,14.62,06:38:00,17:42:00
17281,1480169403,11/26/2016 12:00:00 AM,04:10:03,1.22,41.0,30.43,56.0,109.65,10.12,06:38:00,17:42:00
17282,1480169102,11/26/2016 12:00:00 AM,04:05:02,1.18,41.0,30.43,57.0,156.97,13.5,06:38:00,17:42:00
17283,1480168805,11/26/2016 12:00:00 AM,04:00:05,1.19,41.0,30.43,59.0,154.44,9.0,06:38:00,17:42:00
17284,1480168502,11/26/2016 12:00:00 AM,03:55:02,1.2,41.0,30.43,58.0,115.1,7.87,06:38:00,17:42:00
17285,1480168202,11/26/2016 12:00:00 AM,03:50:02,1.19,42.0,30.43,57.0,126.28,10.12,06:38:00,17:42:00
17286,1480167902,11/26/2016 12:00:00 AM,03:45:02,1.19,42.0,30.43,54.0,136.28,15.75,06:38:00,17:42:00
17287,1480167601,11/26/2016 12:00:00 AM,03:40:01,1.22,42.0,30.43,56.0,137.82,15.75,06:38:00,17:42:00
17288,1480167304,11/26/2016 12:00:00 AM,03:35:04,1.23,42.0,30.42,56.0,110.99,12.37,06:38:00,17:42:00
17289,1480167002,11/26/2016 12:00:00 AM,03:30:02,1.19,42.0,30.43,55.0,130.43,12.37,06:38:00,17:42:00
17290,1480166702,11/26/2016 12:00:00 AM,03:25:02,1.19,42.0,30.43,55.0,114.01,16.87,06:38:00,17:42:00
17291,1480166402,11/26/2016 12:00:00 AM,03:20:02,1.19,42.0,30.43,56.0,177.95,7.87,06:38:00,17:42:00
17292,1480166102,11/26/2016 12:00:00 AM,03:15:02,1.2,43.0,30.43,56.0,176.15,9.0,06:38:00,17:42:00
17293,1480165801,11/26/2016 12:00:00 AM,03:10:01,1.21,42.0,30.42,55.0,146.96,9.0,06:38:00,17:42:00
17294,1480165502,11/26/2016 12:00:00 AM,03:05:02,1.21,42.0,30.43,57.0,190.18,7.87,06:38:00,17:42:00
17295,1480165202,11/26/2016 12:00:00 AM,03:00:02,1.18,42.0,30.43,59.0,166.94,5.62,06:38:00,17:42:00
17296,1480164901,11/26/2016 12:00:00 AM,02:55:01,1.17,42.0,30.42,59.0,149.21,16.87,06:38:00,17:42:00
17297,1480164604,11/26/2016 12:00:00 AM,02:50:04,1.18,42.0,30.42,60.0,125.63,15.75,06:38:00,17:42:00
17298,1480164304,11/26/2016 12:00:00 AM,02:45:04,1.18,42.0,30.42,62.0,174.89,14.62,06:38:00,17:42:00
17299,1480164002,11/26/2016 12:00:00 AM,02:40:02,1.22,41.0,30.42,71.0,58.77,11.25,06:38:00,17:42:00
17300,1480163703,11/26/2016 12:00:00 AM,02:35:03,1.17,40.0,30.42,96.0,189.32,7.87,06:38:00,17:42:00
17301,1480163401,11/26/2016 12:00:00 AM,02:30:01,1.17,41.0,30.43,97.0,71.7,10.12,06:38:00,17:42:00
17302,1480163102,11/26/2016 12:00:00 AM,02:25:02,1.19,41.0,30.43,96.0,68.33,5.62,06:38:00,17:42:00
17303,1480162802,11/26/2016 12:00:00 AM,02:20:02,1.21,42.0,30.43,93.0,105.97,9.0,06:38:00,17:42:00
17304,1480162504,11/26/2016 12:00:00 AM,02:15:04,1.17,42.0,30.43,88.0,119.62,4.5,06:38:00,17:42:00
17305,1480162202,11/26/2016 12:00:00 AM,02:10:02,1.2,42.0,30.44,65.0,186.53,4.5,06:38:00,17:42:00
17306,1480161902,11/26/2016 12:00:00 AM,02:05:02,1.19,42.0,30.43,65.0,162.49,10.12,06:38:00,17:42:00
17307,1480161601,11/26/2016 12:00:00 AM,02:00:01,1.24,43.0,30.44,64.0,188.93,4.5,06:38:00,17:42:00
17308,1480161301,11/26/2016 12:00:00 AM,01:55:01,1.18,42.0,30.44,67.0,198.91,6.75,06:38:00,17:42:00
17309,1480161002,11/26/2016 12:00:00 AM,01:50:02,1.18,43.0,30.44,76.0,145.88,7.87,06:38:00,17:42:00
17310,1480160702,11/26/2016 12:00:00 AM,01:45:02,1.24,44.0,30.44,86.0,101.89,2.25,06:38:00,17:42:00
17311,1480160402,11/26/2016 12:00:00 AM,01:40:02,1.21,44.0,30.44,65.0,174.0,7.87,06:38:00,17:42:00
17312,1480160104,11/26/2016 12:00:00 AM,01:35:04,1.2,43.0,30.423028000868246,68.0,146.7,13.5,06:38:00,17:42:00
17313,1480159801,11/26/2016 12:00:00 AM,01:30:01,1.16,43.0,30.44,74.0,122.87,4.5,06:38:00,17:42:00
17314,1480159502,11/26/2016 12:00:00 AM,01:25:02,1.2,43.0,30.44,88.0,178.33,4.5,06:38:00,17:42:00
17315,1480159202,11/26/2016 12:00:00 AM,01:20:02,1.16,43.0,30.45,101.0,118.72,7.87,06:38:00,17:42:00
17316,1480158904,11/26/2016 12:00:00 AM,01:15:04,1.2,44.0,30.45,101.0,144.37,13.5,06:38:00,17:42:00
17317,1480158604,11/26/2016 12:00:00 AM,01:10:04,1.19,44.0,30.45,101.0,277.79,3.37,06:38:00,17:42:00
17318,1480158303,11/26/2016 12:00:00 AM,01:05:03,1.23,45.0,30.45,101.0,122.44,10.12,06:38:00,17:42:00
17319,1480158002,11/26/2016 12:00:00 AM,01:00:02,1.19,45.0,30.45,101.0,174.58,7.87,06:38:00,17:42:00
17320,1480157702,11/26/2016 12:00:00 AM,00:55:02,1.19,45.0,30.45,101.0,150.59,12.37,06:38:00,17:42:00
17321,1480157401,11/26/2016 12:00:00 AM,00:50:01,1.24,45.0,30.46,101.0,125.43,11.25,06:38:00,17:42:00
17322,1480157102,11/26/2016 12:00:00 AM,00:45:02,1.21,45.0,30.46,101.0,107.78,3.37,06:38:00,17:42:00
17323,1480156802,11/26/2016 12:00:00 AM,00:40:02,1.21,46.0,30.46,101.0,127.78,10.12,06:38:00,17:42:00
17324,1480156505,11/26/2016 12:00:00 AM,00:35:05,1.21,46.0,30.46,101.0,105.35,2.25,06:38:00,17:42:00
17325,1480156201,11/26/2016 12:00:00 AM,00:30:01,1.22,46.0,30.46,101.0,131.58,11.25,06:38:00,17:42:00
17326,1480155902,11/26/2016 12:00:00 AM,00:25:02,1.23,46.0,30.46,101.0,332.71,3.37,06:38:00,17:42:00
17327,1480155601,11/26/2016 12:00:00 AM,00:20:01,1.25,46.0,30.46,101.0,101.14,5.62,06:38:00,17:42:00
17328,1480155301,11/26/2016 12:00:00 AM,00:15:01,1.23,47.0,30.46,101.0,91.11,9.0,06:38:00,17:42:00
17329,1480155002,11/26/2016 12:00:00 AM,00:10:02,1.25,47.0,30.46,74.83719267708949,136.49,6.75,06:38:00,17:42:00
17330,1480154702,11/26/2016 12:00:00 AM,00:05:02,1.22,47.0,30.46,101.0,93.53,7.87,06:38:00,17:42:00
17331,1480154402,11/26/2016 12:00:00 AM,00:00:02,1.18,47.0,30.46,101.0,145.92,6.75,06:38:00,17:42:00
17332,1480154104,11/25/2016 12:00:00 AM,23:55:04,1.17,47.0,30.46,101.0,329.8,7.87,06:37:00,17:42:00
17333,1480153801,11/25/2016 12:00:00 AM,23:50:01,1.25,47.0,30.47,101.0,109.67,10.12,06:37:00,17:42:00
17334,1480153504,11/25/2016 12:00:00 AM,23:45:04,1.24,47.0,30.47,101.0,159.94,6.75,06:37:00,17:42:00
17335,1480153202,11/25/2016 12:00:00 AM,23:40:02,1.25,47.0,30.47,101.0,99.74,10.12,06:37:00,17:42:00
17336,1480152902,11/25/2016 12:00:00 AM,23:35:02,1.18,47.0,30.47,101.0,105.29,10.12,06:37:00,17:42:00
17337,1480152601,11/25/2016 12:00:00 AM,23:30:01,1.2,47.0,30.47,101.0,136.55,7.87,06:37:00,17:42:00
17338,1480152302,11/25/2016 12:00:00 AM,23:25:02,1.22,47.0,30.46,101.0,140.28,11.25,06:37:00,17:42:00
17339,1480152002,11/25/2016 12:00:00 AM,23:20:02,1.2,47.0,30.47,101.0,143.47,7.87,06:37:00,17:42:00
17340,1480151701,11/25/2016 12:00:00 AM,23:15:01,1.2,47.0,30.423028000868246,100.0,134.48,10.12,06:37:00,17:42:00
17341,1480151402,11/25/2016 12:00:00 AM,23:10:02,1.21,47.0,30.47,100.0,116.35,11.25,06:37:00,17:42:00
17342,1480151105,11/25/2016 12:00:00 AM,23:05:05,1.24,47.0,30.47,100.0,136.48,7.87,06:37:00,17:42:00
17343,1480150801,11/25/2016 12:00:00 AM,23:00:01,1.17,47.0,30.47,100.0,162.43,6.75,06:37:00,17:42:00
17344,1480150501,11/25/2016 12:00:00 AM,22:55:01,1.21,46.0,30.47,100.0,138.45,9.0,06:37:00,17:42:00
17345,1480150202,11/25/2016 12:00:00 AM,22:50:02,1.24,46.0,30.47,100.0,208.93,4.5,06:37:00,17:42:00
17346,1480149901,11/25/2016 12:00:00 AM,22:45:01,1.19,46.0,30.47,99.0,154.8,11.25,06:37:00,17:42:00
17347,1480149601,11/25/2016 12:00:00 AM,22:40:01,1.23,46.0,30.48,99.0,128.21,4.5,06:37:00,17:42:00
17348,1480149304,11/25/2016 12:00:00 AM,22:35:04,1.21,46.0,30.48,99.0,108.97,11.25,06:37:00,17:42:00
17349,1480149002,11/25/2016 12:00:00 AM,22:30:02,1.21,46.0,30.47,100.0,139.34,18.0,06:37:00,17:42:00
17350,1480148702,11/25/2016 12:00:00 AM,22:25:02,1.21,46.0,30.47,100.0,108.47,6.75,06:37:00,17:42:00
17351,1480148401,11/25/2016 12:00:00 AM,22:20:01,1.23,46.0,30.48,100.0,115.91,5.62,06:37:00,17:42:00
17352,1480148102,11/25/2016 12:00:00 AM,22:15:02,1.17,46.0,30.47,100.0,155.25,4.5,06:37:00,17:42:00
17353,1480147802,11/25/2016 12:00:00 AM,22:10:02,1.18,46.0,30.48,100.0,129.04,13.5,06:37:00,17:42:00
17354,1480147502,11/25/2016 12:00:00 AM,22:05:02,1.24,46.0,30.48,100.0,125.1,14.62,06:37:00,17:42:00
17355,1480147201,11/25/2016 12:00:00 AM,22:00:01,1.18,46.0,30.47,100.0,111.24,15.75,06:37:00,17:42:00
17356,1480146902,11/25/2016 12:00:00 AM,21:55:02,1.21,46.0,30.47,100.0,127.32,9.0,06:37:00,17:42:00
17357,1480146601,11/25/2016 12:00:00 AM,21:50:01,1.22,46.0,30.48,100.0,90.6,3.37,06:37:00,17:42:00
17358,1480146304,11/25/2016 12:00:00 AM,21:45:04,1.18,46.0,30.48,100.0,140.17,5.62,06:37:00,17:42:00
17359,1480146002,11/25/2016 12:00:00 AM,21:40:02,1.22,46.0,30.48,100.0,160.91,6.75,06:37:00,17:42:00
17360,1480145704,11/25/2016 12:00:00 AM,21:35:04,1.2,46.0,30.48,100.0,143.12,6.75,06:37:00,17:42:00
17361,1480145406,11/25/2016 12:00:00 AM,21:30:06,1.21,46.0,30.47,100.0,130.76,7.87,06:37:00,17:42:00
17362,1480145108,11/25/2016 12:00:00 AM,21:25:08,1.25,45.0,30.47,100.0,131.54,11.25,06:37:00,17:42:00
17363,1480144806,11/25/2016 12:00:00 AM,21:20:06,1.23,46.0,30.48,100.0,156.74,3.37,06:37:00,17:42:00
17364,1480144502,11/25/2016 12:00:00 AM,21:15:02,1.21,46.0,30.47,100.0,122.04,6.75,06:37:00,17:42:00
17365,1480144202,11/25/2016 12:00:00 AM,21:10:02,1.17,46.0,30.47,100.0,115.26,14.62,06:37:00,17:42:00
17366,1480143902,11/25/2016 12:00:00 AM,21:05:02,1.19,46.0,30.47,100.0,86.89,10.12,06:37:00,17:42:00
17367,1480143601,11/25/2016 12:00:00 AM,21:00:01,1.18,46.0,30.47,100.0,25.86,5.62,06:37:00,17:42:00
17368,1480143302,11/25/2016 12:00:00 AM,20:55:02,1.24,47.0,30.47,100.0,169.7,10.12,06:37:00,17:42:00
17369,1480143003,11/25/2016 12:00:00 AM,20:50:03,1.27,47.0,30.47,100.0,61.24,4.5,06:37:00,17:42:00
17370,1480142701,11/25/2016 12:00:00 AM,20:45:01,1.2,47.0,30.47,100.0,140.24,6.75,06:37:00,17:42:00
17371,1480142401,11/25/2016 12:00:00 AM,20:40:01,1.22,47.0,30.47,100.0,142.73,9.0,06:37:00,17:42:00
17372,1480142105,11/25/2016 12:00:00 AM,20:35:05,1.22,47.0,30.47,99.0,187.4,2.25,06:37:00,17:42:00
17373,1480141803,11/25/2016 12:00:00 AM,20:30:03,1.23,47.0,30.47,99.0,38.13,7.87,06:37:00,17:42:00
17374,1480141502,11/25/2016 12:00:00 AM,20:25:02,1.22,47.0,30.47,99.0,136.62,12.37,06:37:00,17:42:00
17375,1480141205,11/25/2016 12:00:00 AM,20:20:05,1.25,47.0,30.47,99.0,125.14,7.87,06:37:00,17:42:00
17376,1480140903,11/25/2016 12:00:00 AM,20:15:03,1.21,47.0,30.47,99.0,152.89,13.5,06:37:00,17:42:00
17377,1480140601,11/25/2016 12:00:00 AM,20:10:01,1.21,47.0,30.47,98.0,134.46,11.25,06:37:00,17:42:00
17378,1480140301,11/25/2016 12:00:00 AM,20:05:01,1.19,47.0,30.46,98.0,176.09,13.5,06:37:00,17:42:00
17379,1480140001,11/25/2016 12:00:00 AM,20:00:01,1.22,47.0,30.47,97.0,164.62,11.25,06:37:00,17:42:00
17380,1480139702,11/25/2016 12:00:00 AM,19:55:02,1.18,46.0,30.47,95.0,116.61,12.37,06:37:00,17:42:00
17381,1480139402,11/25/2016 12:00:00 AM,19:50:02,1.2,46.0,30.47,93.0,115.75,9.0,06:37:00,17:42:00
17382,1480139102,11/25/2016 12:00:00 AM,19:45:02,1.19,46.0,30.46,91.0,161.82,6.75,06:37:00,17:42:00
17383,1480138805,11/25/2016 12:00:00 AM,19:40:05,1.21,46.0,30.46,89.0,126.5,6.75,06:37:00,17:42:00
17384,1480138502,11/25/2016 12:00:00 AM,19:35:02,1.22,46.0,30.46,91.0,164.26,12.37,06:37:00,17:42:00
17385,1480138201,11/25/2016 12:00:00 AM,19:30:01,1.19,46.0,30.46,99.0,181.95,5.62,06:37:00,17:42:00
17386,1480137904,11/25/2016 12:00:00 AM,19:25:04,1.21,47.0,30.46,99.0,88.69,4.5,06:37:00,17:42:00
17387,1480137602,11/25/2016 12:00:00 AM,19:20:02,1.22,47.0,30.46,99.0,156.14,12.37,06:37:00,17:42:00
17388,1480137302,11/25/2016 12:00:00 AM,19:15:02,1.23,47.0,30.46,99.0,102.12,4.5,06:37:00,17:42:00
17389,1480137001,11/25/2016 12:00:00 AM,19:10:01,1.22,47.0,30.46,99.0,122.11,14.62,06:37:00,17:42:00
17390,1480136703,11/25/2016 12:00:00 AM,19:05:03,1.23,47.0,30.46,99.0,97.37,4.5,06:37:00,17:42:00
17391,1480136402,11/25/2016 12:00:00 AM,19:00:02,1.23,47.0,30.45,98.0,160.91,5.62,06:37:00,17:42:00
17392,1480136102,11/25/2016 12:00:00 AM,18:55:02,1.17,47.0,30.45,98.0,118.07,15.75,06:37:00,17:42:00
17393,1480135802,11/25/2016 12:00:00 AM,18:50:02,1.23,47.0,30.45,97.0,158.27,14.62,06:37:00,17:42:00
17394,1480135502,11/25/2016 12:00:00 AM,18:45:02,1.2,46.0,30.45,97.0,146.25,13.5,06:37:00,17:42:00
17395,1480135201,11/25/2016 12:00:00 AM,18:40:01,1.21,46.0,30.45,97.0,174.71,5.62,06:37:00,17:42:00
17396,1480134902,11/25/2016 12:00:00 AM,18:35:02,1.19,47.0,30.45,97.0,143.38,12.37,06:37:00,17:42:00
17397,1480134602,11/25/2016 12:00:00 AM,18:30:02,1.22,47.0,30.45,97.0,113.31,9.0,06:37:00,17:42:00
17398,1480134302,11/25/2016 12:00:00 AM,18:25:02,1.17,47.0,30.45,97.0,128.19,12.37,06:37:00,17:42:00
17399,1480134002,11/25/2016 12:00:00 AM,18:20:02,1.2,47.0,30.45,97.0,138.01,15.75,06:37:00,17:42:00
17400,1480133702,11/25/2016 12:00:00 AM,18:15:02,1.22,47.0,30.45,97.0,91.17,14.62,06:37:00,17:42:00
17401,1480133401,11/25/2016 12:00:00 AM,18:10:01,1.2,47.0,30.45,97.0,133.46,15.75,06:37:00,17:42:00
17402,1480133101,11/25/2016 12:00:00 AM,18:05:01,1.22,48.0,30.45,97.0,144.03,11.25,06:37:00,17:42:00
17403,1480132802,11/25/2016 12:00:00 AM,18:00:02,1.21,47.0,30.45,96.0,124.52,12.37,06:37:00,17:42:00
17404,1480132508,11/25/2016 12:00:00 AM,17:55:08,2.81,47.0,30.45,74.83719267708949,173.86,7.87,06:37:00,17:42:00
17405,1480132201,11/25/2016 12:00:00 AM,17:50:01,4.97,47.0,30.45,93.0,140.7,13.5,06:37:00,17:42:00
17406,1480131901,11/25/2016 12:00:00 AM,17:45:01,5.52,47.0,30.44,91.0,158.58,14.62,06:37:00,17:42:00
17407,1480131605,11/25/2016 12:00:00 AM,17:40:05,5.83,47.0,30.45,87.0,115.65,12.37,06:37:00,17:42:00
17408,1480131307,11/25/2016 12:00:00 AM,17:35:07,15.29,47.0,30.44,86.0,163.41,4.5,06:37:00,17:42:00
17409,1480131001,11/25/2016 12:00:00 AM,17:30:01,27.19,47.0,30.44,92.0,135.07,4.5,06:37:00,17:42:00
17410,1480130702,11/25/2016 12:00:00 AM,17:25:02,24.81,47.0,30.44,96.0,133.76,9.0,06:37:00,17:42:00
17411,1480130404,11/25/2016 12:00:00 AM,17:20:04,34.67,48.0,30.44,95.0,133.8,12.37,06:37:00,17:42:00
17412,1480130104,11/25/2016 12:00:00 AM,17:15:04,42.92,48.0,30.44,97.0,112.26,11.25,06:37:00,17:42:00
17413,1480129802,11/25/2016 12:00:00 AM,17:10:02,59.56,48.0,30.44,97.0,181.89,2.25,06:37:00,17:42:00
17414,1480129502,11/25/2016 12:00:00 AM,17:05:02,119.62,48.0,30.44,98.0,99.5,6.75,06:37:00,17:42:00
17415,1480129201,11/25/2016 12:00:00 AM,17:00:01,127.25,48.0,30.44,97.0,21.97,2.25,06:37:00,17:42:00
17416,1480128902,11/25/2016 12:00:00 AM,16:55:02,64.07,48.0,30.44,97.0,88.85,7.87,06:37:00,17:42:00
17417,1480128602,11/25/2016 12:00:00 AM,16:50:02,65.1,49.0,30.44,97.0,188.74,3.37,06:37:00,17:42:00
17418,1480128301,11/25/2016 12:00:00 AM,16:45:01,101.39,49.0,30.44,96.0,134.62,7.87,06:37:00,17:42:00
17419,1480128003,11/25/2016 12:00:00 AM,16:40:03,90.92,49.0,30.44,96.0,94.02,4.5,06:37:00,17:42:00
17420,1480127702,11/25/2016 12:00:00 AM,16:35:02,203.29,50.0,30.44,97.0,143.54,10.12,06:37:00,17:42:00
17421,1480127404,11/25/2016 12:00:00 AM,16:30:04,276.56,49.0,30.44,96.0,84.43,3.37,06:37:00,17:42:00
17422,1480127107,11/25/2016 12:00:00 AM,16:25:07,138.95,50.0,30.44,94.0,109.37,12.37,06:37:00,17:42:00
17423,1480126802,11/25/2016 12:00:00 AM,16:20:02,207.21,50.0,30.43,93.0,77.26,9.0,06:37:00,17:42:00
17424,1480126504,11/25/2016 12:00:00 AM,16:15:04,234.38,51.0,30.43,91.0,97.49,5.62,06:37:00,17:42:00
17425,1480126202,11/25/2016 12:00:00 AM,16:10:02,204.21,52.0,30.43,90.0,62.71,6.75,06:37:00,17:42:00
17426,1480125901,11/25/2016 12:00:00 AM,16:05:01,258.91,52.0,30.43,88.0,195.79,9.0,06:37:00,17:42:00
17427,1480125603,11/25/2016 12:00:00 AM,16:00:03,387.26,52.0,30.43,87.0,156.39,11.25,06:37:00,17:42:00
17428,1480125302,11/25/2016 12:00:00 AM,15:55:02,429.24,52.0,30.43,85.0,163.16,10.12,06:37:00,17:42:00
17429,1480125004,11/25/2016 12:00:00 AM,15:50:04,420.7,53.0,30.43,82.0,80.95,3.37,06:37:00,17:42:00
17430,1480124701,11/25/2016 12:00:00 AM,15:45:01,452.8,53.0,30.43,79.0,108.56,4.5,06:37:00,17:42:00
17431,1480124407,11/25/2016 12:00:00 AM,15:40:07,416.5,53.0,30.43,76.0,159.26,7.87,06:37:00,17:42:00
17432,1480124109,11/25/2016 12:00:00 AM,15:35:09,456.52,53.0,30.43,74.0,153.39,5.62,06:37:00,17:42:00
17433,1480123802,11/25/2016 12:00:00 AM,15:30:02,479.69,52.0,30.43,70.0,255.12,3.37,06:37:00,17:42:00
17434,1480123505,11/25/2016 12:00:00 AM,15:25:05,511.68,53.0,30.43,64.0,91.38,5.62,06:37:00,17:42:00
17435,1480123202,11/25/2016 12:00:00 AM,15:20:02,545.1,53.0,30.43,63.0,130.65,5.62,06:37:00,17:42:00
17436,1480122902,11/25/2016 12:00:00 AM,15:15:02,553.26,53.0,30.43,59.0,119.89,5.62,06:37:00,17:42:00
17437,1480122602,11/25/2016 12:00:00 AM,15:10:02,561.11,52.0,30.43,64.0,186.96,7.87,06:37:00,17:42:00
17438,1480122302,11/25/2016 12:00:00 AM,15:05:02,580.77,52.0,30.43,65.0,120.59,5.62,06:37:00,17:42:00
17439,1480122004,11/25/2016 12:00:00 AM,15:00:04,601.47,52.0,30.43,59.0,141.22,6.75,06:37:00,17:42:00
17440,1480121703,11/25/2016 12:00:00 AM,14:55:03,612.24,52.0,30.43,58.0,38.88,7.87,06:37:00,17:42:00
17441,1480121401,11/25/2016 12:00:00 AM,14:50:01,629.64,52.0,30.43,61.0,0.1,2.25,06:37:00,17:42:00
17442,1480121102,11/25/2016 12:00:00 AM,14:45:02,649.09,52.0,30.43,61.0,106.62,11.25,06:37:00,17:42:00
17443,1480120802,11/25/2016 12:00:00 AM,14:40:02,671.16,51.0,30.43,61.0,148.14,4.5,06:37:00,17:42:00
17444,1480120504,11/25/2016 12:00:00 AM,14:35:04,684.59,51.0,30.43,72.0,75.65,7.87,06:37:00,17:42:00
17445,1480120202,11/25/2016 12:00:00 AM,14:30:02,694.69,50.0,30.43,81.0,106.94,12.37,06:37:00,17:42:00
17446,1480119902,11/25/2016 12:00:00 AM,14:25:02,707.66,50.0,30.43,82.0,76.87,5.62,06:37:00,17:42:00
17447,1480119602,11/25/2016 12:00:00 AM,14:20:02,709.43,50.0,30.43,87.0,85.37,7.87,06:37:00,17:42:00
17448,1480119302,11/25/2016 12:00:00 AM,14:15:02,724.57,50.0,30.43,86.0,89.7,9.0,06:37:00,17:42:00
17449,1480119001,11/25/2016 12:00:00 AM,14:10:01,744.25,50.0,30.43,85.0,65.95,9.0,06:37:00,17:42:00
17450,1480118705,11/25/2016 12:00:00 AM,14:05:05,759.62,50.0,30.43,82.0,13.86,11.25,06:37:00,17:42:00
17451,1480118402,11/25/2016 12:00:00 AM,14:00:02,764.07,51.0,30.43,79.0,117.2,2.25,06:37:00,17:42:00
17452,1480118102,11/25/2016 12:00:00 AM,13:55:02,770.9,51.0,30.43,80.0,82.68,4.5,06:37:00,17:42:00
17453,1480117804,11/25/2016 12:00:00 AM,13:50:04,795.65,50.0,30.43,84.0,86.77,6.75,06:37:00,17:42:00
17454,1480117502,11/25/2016 12:00:00 AM,13:45:02,805.84,50.0,30.43,84.0,124.41,12.37,06:37:00,17:42:00
17455,1480117202,11/25/2016 12:00:00 AM,13:40:02,816.35,51.16507236474315,30.43,87.0,74.3,11.25,06:37:00,17:42:00
17456,1480116902,11/25/2016 12:00:00 AM,13:35:02,833.36,49.0,30.43,89.0,143.86,15.75,06:37:00,17:42:00
17457,1480116604,11/25/2016 12:00:00 AM,13:30:04,831.8,49.0,30.44,89.0,151.38,6.75,06:37:00,17:42:00
17458,1480116304,11/25/2016 12:00:00 AM,13:25:04,823.15,49.0,30.44,88.0,100.07,3.37,06:37:00,17:42:00
17459,1480116001,11/25/2016 12:00:00 AM,13:20:01,827.36,49.0,30.44,91.0,236.62,7.87,06:37:00,17:42:00
17460,1480115701,11/25/2016 12:00:00 AM,13:15:01,820.95,49.0,30.44,92.0,78.64,4.5,06:37:00,17:42:00
17461,1480115403,11/25/2016 12:00:00 AM,13:10:03,826.86,49.0,30.44,90.0,118.14,12.37,06:37:00,17:42:00
17462,1480115104,11/25/2016 12:00:00 AM,13:05:04,824.62,49.0,30.44,91.0,96.31,5.62,06:37:00,17:42:00
17463,1480114804,11/25/2016 12:00:00 AM,13:00:04,833.25,49.0,30.45,90.0,99.72,9.0,06:37:00,17:42:00
17464,1480114504,11/25/2016 12:00:00 AM,12:55:04,881.11,48.0,30.45,95.0,153.98,6.75,06:37:00,17:42:00
17465,1480114201,11/25/2016 12:00:00 AM,12:50:01,920.03,49.0,30.45,95.0,89.15,6.75,06:37:00,17:42:00
17466,1480113902,11/25/2016 12:00:00 AM,12:45:02,912.05,49.0,30.45,93.0,94.7,12.37,06:37:00,17:42:00
17467,1480113607,11/25/2016 12:00:00 AM,12:40:07,564.71,49.0,30.45,94.0,140.94,9.0,06:37:00,17:42:00
17468,1480113301,11/25/2016 12:00:00 AM,12:35:01,610.37,49.0,30.46,95.0,138.2,3.37,06:37:00,17:42:00
17469,1480113003,11/25/2016 12:00:00 AM,12:30:03,981.47,49.0,30.46,95.0,45.61,7.87,06:37:00,17:42:00
17470,1480112703,11/25/2016 12:00:00 AM,12:25:03,946.11,49.0,30.46,96.0,56.83,6.75,06:37:00,17:42:00
17471,1480112402,11/25/2016 12:00:00 AM,12:20:02,900.22,49.0,30.46,96.0,14.19,7.87,06:37:00,17:42:00
17472,1480112105,11/25/2016 12:00:00 AM,12:15:05,351.3,49.0,30.46,95.0,106.88,9.0,06:37:00,17:42:00
17473,1480111802,11/25/2016 12:00:00 AM,12:10:02,963.3,49.0,30.47,98.0,87.84,3.37,06:37:00,17:42:00
17474,1480111501,11/25/2016 12:00:00 AM,12:05:01,941.42,49.0,30.47,96.0,26.71,12.37,06:37:00,17:42:00
17475,1480111208,11/25/2016 12:00:00 AM,12:00:08,921.13,49.0,30.47,96.0,142.48,3.37,06:37:00,17:42:00
17476,1480110901,11/25/2016 12:00:00 AM,11:55:01,991.18,49.0,30.47,97.0,140.52,6.75,06:37:00,17:42:00
17477,1480110602,11/25/2016 12:00:00 AM,11:50:02,787.9,48.0,30.47,99.0,92.34,5.62,06:37:00,17:42:00
17478,1480110302,11/25/2016 12:00:00 AM,11:45:02,808.38,47.0,30.47,100.0,109.91,13.5,06:37:00,17:42:00
17479,1480110002,11/25/2016 12:00:00 AM,11:40:02,397.08,47.0,30.48,101.0,132.89,12.37,06:37:00,17:42:00
17480,1480109703,11/25/2016 12:00:00 AM,11:35:03,501.65,48.0,30.48,101.0,1.82,5.62,06:37:00,17:42:00
17481,1480109402,11/25/2016 12:00:00 AM,11:30:02,373.28,48.0,30.48,101.0,94.32,9.0,06:37:00,17:42:00
17482,1480109102,11/25/2016 12:00:00 AM,11:25:02,388.53,47.0,30.48,101.0,116.36,7.87,06:37:00,17:42:00
17483,1480108805,11/25/2016 12:00:00 AM,11:20:05,794.01,47.0,30.48,101.0,153.34,7.87,06:37:00,17:42:00
17484,1480108501,11/25/2016 12:00:00 AM,11:15:01,478.82,47.0,30.49,101.0,61.93,9.0,06:37:00,17:42:00
17485,1480108201,11/25/2016 12:00:00 AM,11:10:01,353.89,47.0,30.49,101.0,90.88,10.12,06:37:00,17:42:00
17486,1480107904,11/25/2016 12:00:00 AM,11:05:04,288.44,46.0,30.48,101.0,129.84,13.5,06:37:00,17:42:00
17487,1480107602,11/25/2016 12:00:00 AM,11:00:02,392.71,47.0,30.49,102.0,48.46,7.87,06:37:00,17:42:00
17488,1480107302,11/25/2016 12:00:00 AM,10:55:02,292.08,47.0,30.49,102.0,73.78,6.75,06:37:00,17:42:00
17489,1480107005,11/25/2016 12:00:00 AM,10:50:05,352.73,46.0,30.49,102.0,138.62,10.12,06:37:00,17:42:00
17490,1480106705,11/25/2016 12:00:00 AM,10:45:05,487.59,46.0,30.49,102.0,109.36,12.37,06:37:00,17:42:00
17491,1480106404,11/25/2016 12:00:00 AM,10:40:04,438.68,47.0,30.49,102.0,41.36,9.0,06:37:00,17:42:00
17492,1480106108,11/25/2016 12:00:00 AM,10:35:08,422.61,48.0,30.49,102.0,114.02,3.37,06:37:00,17:42:00
17493,1480105802,11/25/2016 12:00:00 AM,10:30:02,348.3,47.0,30.49,102.0,70.67,5.62,06:37:00,17:42:00
17494,1480105502,11/25/2016 12:00:00 AM,10:25:02,527.13,47.0,30.49,102.0,158.25,11.25,06:37:00,17:42:00
17495,1480105204,11/25/2016 12:00:00 AM,10:20:04,295.01,47.0,30.49,102.0,92.04,16.87,06:37:00,17:42:00
17496,1480104902,11/25/2016 12:00:00 AM,10:15:02,235.89,47.0,30.5,102.0,118.43,13.5,06:37:00,17:42:00
17497,1480104606,11/25/2016 12:00:00 AM,10:10:06,233.64,47.0,30.5,102.0,141.81,3.37,06:37:00,17:42:00
17498,1480104302,11/25/2016 12:00:00 AM,10:05:02,299.21,47.0,30.5,102.0,77.2,6.75,06:37:00,17:42:00
17499,1480104002,11/25/2016 12:00:00 AM,10:00:02,211.23,47.0,30.5,102.0,136.25,10.12,06:37:00,17:42:00
17500,1480103705,11/25/2016 12:00:00 AM,09:55:05,430.8,47.0,30.5,102.0,115.92,12.37,06:37:00,17:42:00
17501,1480103402,11/25/2016 12:00:00 AM,09:50:02,355.61,46.0,30.5,102.0,200.6,14.62,06:37:00,17:42:00
17502,1480103104,11/25/2016 12:00:00 AM,09:45:04,338.75,46.0,30.5,102.0,133.97,7.87,06:37:00,17:42:00
17503,1480102804,11/25/2016 12:00:00 AM,09:40:04,192.64,46.0,30.5,102.0,24.06,6.75,06:37:00,17:42:00
17504,1480102502,11/25/2016 12:00:00 AM,09:35:02,213.83,47.0,30.5,102.0,48.83,6.75,06:37:00,17:42:00
17505,1480102202,11/25/2016 12:00:00 AM,09:30:02,237.99,47.0,30.5,102.0,98.56,4.5,06:37:00,17:42:00
17506,1480101904,11/25/2016 12:00:00 AM,09:25:04,216.29,47.0,30.5,102.0,195.49,4.5,06:37:00,17:42:00
17507,1480101607,11/25/2016 12:00:00 AM,09:20:07,219.92,47.0,30.5,102.0,50.87,9.0,06:37:00,17:42:00
17508,1480101306,11/25/2016 12:00:00 AM,09:15:06,249.75,47.0,30.5,102.0,170.37,5.62,06:37:00,17:42:00
17509,1480101002,11/25/2016 12:00:00 AM,09:10:02,273.49,47.0,30.5,102.0,11.02,5.62,06:37:00,17:42:00
17510,1480100702,11/25/2016 12:00:00 AM,09:05:02,148.15,48.0,30.5,102.0,145.68,13.5,06:37:00,17:42:00
17511,1480100404,11/25/2016 12:00:00 AM,09:00:04,248.97,48.0,30.5,102.0,117.41,11.25,06:37:00,17:42:00
17512,1480100102,11/25/2016 12:00:00 AM,08:55:02,310.4,47.0,30.49,102.0,116.34,6.75,06:37:00,17:42:00
17513,1480099804,11/25/2016 12:00:00 AM,08:50:04,312.22,46.0,30.49,102.0,179.24,6.75,06:37:00,17:42:00
17514,1480099502,11/25/2016 12:00:00 AM,08:45:02,241.43,46.0,30.5,102.0,119.16,9.0,06:37:00,17:42:00
17515,1480099202,11/25/2016 12:00:00 AM,08:40:02,187.54,45.0,30.49,102.0,91.41,5.62,06:37:00,17:42:00
17516,1480098902,11/25/2016 12:00:00 AM,08:35:02,194.59,45.0,30.49,102.0,125.68,11.25,06:37:00,17:42:00
17517,1480098602,11/25/2016 12:00:00 AM,08:30:02,129.88,46.0,30.49,102.0,110.58,2.25,06:37:00,17:42:00
17518,1480098302,11/25/2016 12:00:00 AM,08:25:02,130.96,46.0,30.49,102.0,140.65,12.37,06:37:00,17:42:00
17519,1480098004,11/25/2016 12:00:00 AM,08:20:04,129.08,46.0,30.49,102.0,104.4,12.37,06:37:00,17:42:00
17520,1480097701,11/25/2016 12:00:00 AM,08:15:01,126.61,45.0,30.49,102.0,106.08,10.12,06:37:00,17:42:00
17521,1480097402,11/25/2016 12:00:00 AM,08:10:02,113.0,45.0,30.49,102.0,104.51,5.62,06:37:00,17:42:00
17522,1480097104,11/25/2016 12:00:00 AM,08:05:04,123.55,45.0,30.49,102.0,117.44,10.12,06:37:00,17:42:00
17523,1480096805,11/25/2016 12:00:00 AM,08:00:05,123.37,45.0,30.49,102.0,141.04,7.87,06:37:00,17:42:00
17524,1480096504,11/25/2016 12:00:00 AM,07:55:04,113.31,46.0,30.49,102.0,99.34,10.12,06:37:00,17:42:00
17525,1480096204,11/25/2016 12:00:00 AM,07:50:04,91.03,46.0,30.49,102.0,81.25,6.75,06:37:00,17:42:00
17526,1480095906,11/25/2016 12:00:00 AM,07:45:06,109.58,46.0,30.49,102.0,141.74,3.37,06:37:00,17:42:00
17527,1480095601,11/25/2016 12:00:00 AM,07:40:01,76.83,45.0,30.49,102.0,95.92,2.25,06:37:00,17:42:00
17528,1480095302,11/25/2016 12:00:00 AM,07:35:02,89.49,45.0,30.49,101.0,96.62,9.0,06:37:00,17:42:00
17529,1480094704,11/25/2016 12:00:00 AM,07:25:04,62.99,46.0,30.49,101.0,6.07,2.25,06:37:00,17:42:00
17530,1480094403,11/25/2016 12:00:00 AM,07:20:03,51.12,46.0,30.48,102.0,359.92,3.37,06:37:00,17:42:00
17531,1480094102,11/25/2016 12:00:00 AM,07:15:02,41.91,47.0,30.48,102.0,38.81,5.62,06:37:00,17:42:00
17532,1480093804,11/25/2016 12:00:00 AM,07:10:04,34.99,47.0,30.48,102.0,108.42,6.75,06:37:00,17:42:00
17533,1480093505,11/25/2016 12:00:00 AM,07:05:05,23.45,47.0,30.48,102.0,131.55,6.75,06:37:00,17:42:00
17534,1480093204,11/25/2016 12:00:00 AM,07:00:04,26.08,47.0,30.48,101.0,151.4,4.5,06:37:00,17:42:00
17535,1480092903,11/25/2016 12:00:00 AM,06:55:03,11.49,47.0,30.48,101.0,59.4,3.37,06:37:00,17:42:00
17536,1480092603,11/25/2016 12:00:00 AM,06:50:03,8.62,47.0,30.47,101.0,60.0,4.5,06:37:00,17:42:00
17537,1480092301,11/25/2016 12:00:00 AM,06:45:01,6.15,47.0,30.47,101.0,233.19,3.37,06:37:00,17:42:00
17538,1480092007,11/25/2016 12:00:00 AM,06:40:07,2.96,47.0,30.47,101.0,86.26,12.37,06:37:00,17:42:00
17539,1480091702,11/25/2016 12:00:00 AM,06:35:02,2.01,47.0,30.47,101.0,41.12,5.62,06:37:00,17:42:00
17540,1480091402,11/25/2016 12:00:00 AM,06:30:02,1.44,47.0,30.47,101.0,168.16,6.75,06:37:00,17:42:00
17541,1480091106,11/25/2016 12:00:00 AM,06:25:06,1.22,46.0,30.47,101.0,133.56,3.37,06:37:00,17:42:00
17542,1480090806,11/25/2016 12:00:00 AM,06:20:06,1.18,46.0,30.47,101.0,222.62,4.5,06:37:00,17:42:00
17543,1480090505,11/25/2016 12:00:00 AM,06:15:05,1.19,46.0,30.47,101.0,157.21,2.25,06:37:00,17:42:00
17544,1480090205,11/25/2016 12:00:00 AM,06:10:05,1.2,46.0,30.46,101.0,105.35,7.87,06:37:00,17:42:00
17545,1480089902,11/25/2016 12:00:00 AM,06:05:02,1.19,46.0,30.46,101.0,124.35,11.25,06:37:00,17:42:00
17546,1480089602,11/25/2016 12:00:00 AM,06:00:02,1.21,46.0,30.46,101.0,168.09,5.62,06:37:00,17:42:00
17547,1480089302,11/25/2016 12:00:00 AM,05:55:02,1.23,46.0,30.46,101.0,148.69,13.5,06:37:00,17:42:00
17548,1480089002,11/25/2016 12:00:00 AM,05:50:02,1.21,46.0,30.46,101.0,126.62,7.87,06:37:00,17:42:00
17549,1480088703,11/25/2016 12:00:00 AM,05:45:03,1.2,46.0,30.46,101.0,122.02,3.37,06:37:00,17:42:00
17550,1480088403,11/25/2016 12:00:00 AM,05:40:03,1.16,47.0,30.46,101.0,181.22,5.62,06:37:00,17:42:00
17551,1480088102,11/25/2016 12:00:00 AM,05:35:02,1.28,47.0,30.46,101.0,175.97,4.5,06:37:00,17:42:00
17552,1480087803,11/25/2016 12:00:00 AM,05:30:03,1.19,47.0,30.46,100.0,220.47,4.5,06:37:00,17:42:00
17553,1480087504,11/25/2016 12:00:00 AM,05:25:04,1.2,47.0,30.46,100.0,137.13,10.12,06:37:00,17:42:00
17554,1480087205,11/25/2016 12:00:00 AM,05:20:05,1.22,47.0,30.46,100.0,112.78,6.75,06:37:00,17:42:00
17555,1480086907,11/25/2016 12:00:00 AM,05:15:07,1.24,46.0,30.46,100.0,125.83,9.0,06:37:00,17:42:00
17556,1480086606,11/25/2016 12:00:00 AM,05:10:06,1.23,46.0,30.46,100.0,106.11,7.87,06:37:00,17:42:00
17557,1480086315,11/25/2016 12:00:00 AM,05:05:15,1.22,46.0,30.45,100.0,131.48,14.62,06:37:00,17:42:00
17558,1480086004,11/25/2016 12:00:00 AM,05:00:04,1.22,46.0,30.45,99.0,148.03,5.62,06:37:00,17:42:00
17559,1480085706,11/25/2016 12:00:00 AM,04:55:06,1.2,46.0,30.45,99.0,130.03,13.5,06:37:00,17:42:00
17560,1480085404,11/25/2016 12:00:00 AM,04:50:04,1.21,45.0,30.45,100.0,150.01,5.62,06:37:00,17:42:00
17561,1480085102,11/25/2016 12:00:00 AM,04:45:02,1.21,45.0,30.46,100.0,142.9,10.12,06:37:00,17:42:00
17562,1480084804,11/25/2016 12:00:00 AM,04:40:04,1.2,45.0,30.45,101.0,180.71,10.12,06:37:00,17:42:00
17563,1480084502,11/25/2016 12:00:00 AM,04:35:02,1.23,45.0,30.46,101.0,165.3,6.229096658193317,06:37:00,17:42:00
17564,1480084202,11/25/2016 12:00:00 AM,04:30:02,1.22,45.0,30.45,101.0,139.72,9.0,06:37:00,17:42:00
17565,1480083904,11/25/2016 12:00:00 AM,04:25:04,1.23,45.0,30.45,101.0,154.07,11.25,06:37:00,17:42:00
17566,1480083302,11/25/2016 12:00:00 AM,04:15:02,1.23,46.0,30.46,101.0,40.63,6.75,06:37:00,17:42:00
17567,1480083003,11/25/2016 12:00:00 AM,04:10:03,1.18,46.0,30.46,101.0,100.81,3.37,06:37:00,17:42:00
17568,1480082702,11/25/2016 12:00:00 AM,04:05:02,1.19,46.0,30.46,101.0,171.83,11.25,06:37:00,17:42:00
17569,1480082402,11/25/2016 12:00:00 AM,04:00:02,1.22,46.0,30.46,101.0,129.98,9.0,06:37:00,17:42:00
17570,1480082104,11/25/2016 12:00:00 AM,03:55:04,1.23,46.0,30.46,101.0,115.27,9.0,06:37:00,17:42:00
17571,1480081804,11/25/2016 12:00:00 AM,03:50:04,1.21,46.0,30.46,101.0,120.28,3.37,06:37:00,17:42:00
17572,1480081505,11/25/2016 12:00:00 AM,03:45:05,1.25,46.0,30.46,101.0,129.33,4.5,06:37:00,17:42:00
17573,1480081202,11/25/2016 12:00:00 AM,03:40:02,1.23,46.0,30.46,101.0,124.46,9.0,06:37:00,17:42:00
17574,1480080902,11/25/2016 12:00:00 AM,03:35:02,1.18,46.0,30.46,101.0,154.88,4.5,06:37:00,17:42:00
17575,1480080602,11/25/2016 12:00:00 AM,03:30:02,1.19,46.0,30.46,101.0,72.88,0.0,06:37:00,17:42:00
17576,1480080304,11/25/2016 12:00:00 AM,03:25:04,1.22,46.0,30.46,101.0,170.29,2.25,06:37:00,17:42:00
17577,1480080002,11/25/2016 12:00:00 AM,03:20:02,1.22,46.0,30.46,101.0,147.78,4.5,06:37:00,17:42:00
17578,1480079703,11/25/2016 12:00:00 AM,03:15:03,1.19,46.0,30.46,101.0,136.66,7.87,06:37:00,17:42:00
17579,1480079404,11/25/2016 12:00:00 AM,03:10:04,1.2,46.0,30.46,101.0,139.3,6.75,06:37:00,17:42:00
17580,1480079104,11/25/2016 12:00:00 AM,03:05:04,1.2,46.0,30.46,101.0,143.51,6.75,06:37:00,17:42:00
17581,1480078802,11/25/2016 12:00:00 AM,03:00:02,1.19,46.0,30.46,101.0,178.93,6.75,06:37:00,17:42:00
17582,1480078505,11/25/2016 12:00:00 AM,02:55:05,1.22,46.0,30.423028000868246,100.0,139.16,6.75,06:37:00,17:42:00
17583,1480078202,11/25/2016 12:00:00 AM,02:50:02,1.21,46.0,30.46,100.0,125.2,5.62,06:37:00,17:42:00
17584,1480077903,11/25/2016 12:00:00 AM,02:45:03,1.22,46.0,30.46,100.0,93.37,9.0,06:37:00,17:42:00
17585,1480077604,11/25/2016 12:00:00 AM,02:40:04,1.24,46.0,30.46,100.0,133.94,7.87,06:37:00,17:42:00
17586,1480077303,11/25/2016 12:00:00 AM,02:35:03,1.22,46.0,30.47,99.0,151.37,6.75,06:37:00,17:42:00
17587,1480077002,11/25/2016 12:00:00 AM,02:30:02,1.22,45.0,30.47,99.0,137.77,9.0,06:37:00,17:42:00
17588,1480076705,11/25/2016 12:00:00 AM,02:25:05,1.16,45.0,30.47,98.0,174.71,6.75,06:37:00,17:42:00
17589,1480076405,11/25/2016 12:00:00 AM,02:20:05,1.18,45.0,30.47,96.0,152.8,7.87,06:37:00,17:42:00
17590,1480076104,11/25/2016 12:00:00 AM,02:15:04,1.19,45.0,30.47,94.0,134.49,9.0,06:37:00,17:42:00
17591,1480075801,11/25/2016 12:00:00 AM,02:10:01,1.23,51.16507236474315,30.47,94.0,136.29,9.0,06:37:00,17:42:00
17592,1480075502,11/25/2016 12:00:00 AM,02:05:02,1.21,51.16507236474315,30.47,94.0,156.42,4.5,06:37:00,17:42:00
17593,1480075203,11/25/2016 12:00:00 AM,02:00:03,1.23,45.0,30.47,95.0,128.8,10.12,06:37:00,17:42:00
17594,1480074904,11/25/2016 12:00:00 AM,01:55:04,1.2,45.0,30.48,98.0,104.19,9.0,06:37:00,17:42:00
17595,1480074605,11/25/2016 12:00:00 AM,01:50:05,1.23,46.0,30.48,100.0,144.39,11.25,06:37:00,17:42:00
17596,1480074302,11/25/2016 12:00:00 AM,01:45:02,1.21,46.0,30.48,101.0,124.06,7.87,06:37:00,17:42:00
17597,1480074002,11/25/2016 12:00:00 AM,01:40:02,1.2,46.0,30.48,101.0,163.54,10.12,06:37:00,17:42:00
17598,1480073705,11/25/2016 12:00:00 AM,01:35:05,1.23,47.0,30.48,101.0,180.22,7.87,06:37:00,17:42:00
17599,1480073402,11/25/2016 12:00:00 AM,01:30:02,1.2,47.0,30.49,101.0,185.51,5.62,06:37:00,17:42:00
17600,1480073105,11/25/2016 12:00:00 AM,01:25:05,1.25,47.0,30.49,101.0,114.87,9.0,06:37:00,17:42:00
17601,1480072802,11/25/2016 12:00:00 AM,01:20:02,1.2,47.0,30.49,101.0,68.54,10.12,06:37:00,17:42:00
17602,1480072502,11/25/2016 12:00:00 AM,01:15:02,1.18,47.0,30.49,101.0,138.47,11.25,06:37:00,17:42:00
17603,1480072202,11/25/2016 12:00:00 AM,01:10:02,1.23,47.0,30.49,101.0,110.66,9.0,06:37:00,17:42:00
17604,1480071904,11/25/2016 12:00:00 AM,01:05:04,1.23,47.0,30.49,101.0,20.74,2.25,06:37:00,17:42:00
17605,1480071603,11/25/2016 12:00:00 AM,01:00:03,1.21,47.0,30.49,101.0,111.5,11.25,06:37:00,17:42:00
17606,1480071303,11/25/2016 12:00:00 AM,00:55:03,1.2,47.0,30.49,101.0,153.09,6.75,06:37:00,17:42:00
17607,1480071006,11/25/2016 12:00:00 AM,00:50:06,1.22,47.0,30.49,101.0,124.77,10.12,06:37:00,17:42:00
17608,1480070705,11/25/2016 12:00:00 AM,00:45:05,1.18,47.0,30.49,101.0,130.12,10.12,06:37:00,17:42:00
17609,1480070403,11/25/2016 12:00:00 AM,00:40:03,1.22,46.0,30.49,101.0,154.82,6.75,06:37:00,17:42:00
17610,1480070105,11/25/2016 12:00:00 AM,00:35:05,1.23,46.0,30.49,101.0,117.79,5.62,06:37:00,17:42:00
17611,1480069802,11/25/2016 12:00:00 AM,00:30:02,1.23,45.0,30.49,100.0,176.33,7.87,06:37:00,17:42:00
17612,1480069502,11/25/2016 12:00:00 AM,00:25:02,1.2,45.0,30.49,100.0,172.57,9.0,06:37:00,17:42:00
17613,1480069205,11/25/2016 12:00:00 AM,00:20:05,1.22,45.0,30.49,100.0,153.25,7.87,06:37:00,17:42:00
17614,1480068904,11/25/2016 12:00:00 AM,00:15:04,1.21,45.0,30.49,100.0,139.96,6.75,06:37:00,17:42:00
17615,1480068604,11/25/2016 12:00:00 AM,00:10:04,1.22,46.0,30.5,100.0,168.35,4.5,06:37:00,17:42:00
17616,1480068303,11/25/2016 12:00:00 AM,00:05:03,1.27,46.0,30.49,100.0,157.54,5.62,06:37:00,17:42:00
17617,1480068008,11/25/2016 12:00:00 AM,00:00:08,1.19,46.0,30.49,100.0,113.23,13.5,06:37:00,17:42:00
17618,1480067705,11/24/2016 12:00:00 AM,23:55:05,1.21,47.0,30.5,100.0,116.56,12.37,06:37:00,17:42:00
17619,1480067402,11/24/2016 12:00:00 AM,23:50:02,1.24,47.0,30.5,100.0,45.31,6.75,06:37:00,17:42:00
17620,1480067105,11/24/2016 12:00:00 AM,23:45:05,1.19,47.0,30.5,100.0,136.11,12.37,06:37:00,17:42:00
17621,1480066805,11/24/2016 12:00:00 AM,23:40:05,1.23,47.0,30.5,100.0,123.06,9.0,06:37:00,17:42:00
17622,1480066507,11/24/2016 12:00:00 AM,23:35:07,1.2,47.0,30.5,100.0,133.43,9.0,06:37:00,17:42:00
17623,1480066203,11/24/2016 12:00:00 AM,23:30:03,1.22,46.0,30.5,99.0,102.18,7.87,06:37:00,17:42:00
17624,1480065906,11/24/2016 12:00:00 AM,23:25:06,1.23,46.0,30.5,99.0,175.83,4.5,06:37:00,17:42:00
17625,1480065608,11/24/2016 12:00:00 AM,23:20:08,1.22,46.0,30.5,98.0,170.36,3.37,06:37:00,17:42:00
17626,1480065305,11/24/2016 12:00:00 AM,23:15:05,1.22,45.0,30.5,96.0,180.38,7.87,06:37:00,17:42:00
17627,1480065003,11/24/2016 12:00:00 AM,23:10:03,1.2,45.0,30.5,93.0,161.59,5.62,06:37:00,17:42:00
17628,1480064702,11/24/2016 12:00:00 AM,23:05:02,1.22,44.0,30.5,89.0,142.49,6.75,06:37:00,17:42:00
17629,1480064405,11/24/2016 12:00:00 AM,23:00:05,1.2,44.0,30.5,90.0,180.96,10.12,06:37:00,17:42:00
17630,1480064101,11/24/2016 12:00:00 AM,22:55:01,1.21,44.0,30.5,95.0,169.03,10.12,06:37:00,17:42:00
17631,1480063806,11/24/2016 12:00:00 AM,22:50:06,1.22,44.0,30.5,99.0,173.66,6.75,06:37:00,17:42:00
17632,1480063503,11/24/2016 12:00:00 AM,22:45:03,1.21,45.0,30.5,100.0,152.22,11.25,06:37:00,17:42:00
17633,1480063205,11/24/2016 12:00:00 AM,22:40:05,1.2,45.0,30.51,100.0,174.04,5.62,06:37:00,17:42:00
17634,1480062904,11/24/2016 12:00:00 AM,22:35:04,1.2,46.0,30.51,100.0,114.45,2.25,06:37:00,17:42:00
17635,1480062609,11/24/2016 12:00:00 AM,22:30:09,1.22,46.0,30.5,100.0,122.77,14.62,06:37:00,17:42:00
17636,1480062303,11/24/2016 12:00:00 AM,22:25:03,1.23,46.0,30.51,100.0,101.71,5.62,06:37:00,17:42:00
17637,1480062001,11/24/2016 12:00:00 AM,22:20:01,1.21,46.0,30.51,100.0,149.71,11.25,06:37:00,17:42:00
17638,1480061705,11/24/2016 12:00:00 AM,22:15:05,1.25,45.0,30.51,100.0,134.5,9.0,06:37:00,17:42:00
17639,1480061405,11/24/2016 12:00:00 AM,22:10:05,1.2,45.0,30.5,101.0,158.94,7.87,06:37:00,17:42:00
17640,1480061103,11/24/2016 12:00:00 AM,22:05:03,1.2,45.0,30.5,101.0,138.82,9.0,06:37:00,17:42:00
17641,1480060802,11/24/2016 12:00:00 AM,22:00:02,1.21,46.0,30.5,101.0,105.55,9.0,06:37:00,17:42:00
17642,1480060503,11/24/2016 12:00:00 AM,21:55:03,1.21,46.0,30.5,101.0,175.69,3.37,06:37:00,17:42:00
17643,1480060204,11/24/2016 12:00:00 AM,21:50:04,1.21,47.0,30.5,101.0,142.34,9.0,06:37:00,17:42:00
17644,1480059902,11/24/2016 12:00:00 AM,21:45:02,1.24,47.0,30.5,101.0,178.78,3.37,06:37:00,17:42:00
17645,1480059603,11/24/2016 12:00:00 AM,21:40:03,1.23,47.0,30.51,101.0,109.14,4.5,06:37:00,17:42:00
17646,1480059304,11/24/2016 12:00:00 AM,21:35:04,1.21,47.0,30.5,101.0,145.5,6.75,06:37:00,17:42:00
17647,1480059002,11/24/2016 12:00:00 AM,21:30:02,1.24,46.0,30.5,101.0,158.93,5.62,06:37:00,17:42:00
17648,1480058705,11/24/2016 12:00:00 AM,21:25:05,1.25,46.0,30.5,101.0,95.46,7.87,06:37:00,17:42:00
17649,1480058401,11/24/2016 12:00:00 AM,21:20:01,1.25,46.0,30.5,100.0,137.63,11.25,06:37:00,17:42:00
17650,1480058103,11/24/2016 12:00:00 AM,21:15:03,1.22,46.0,30.5,100.0,112.92,7.87,06:37:00,17:42:00
17651,1480057802,11/24/2016 12:00:00 AM,21:10:02,1.24,46.0,30.5,100.0,103.61,5.62,06:37:00,17:42:00
17652,1480057502,11/24/2016 12:00:00 AM,21:05:02,1.17,46.0,30.5,100.0,182.92,6.75,06:37:00,17:42:00
17653,1480057208,11/24/2016 12:00:00 AM,21:00:08,1.15,46.0,30.5,100.0,160.16,6.75,06:37:00,17:42:00
17654,1480056904,11/24/2016 12:00:00 AM,20:55:04,1.23,46.0,30.5,99.0,148.93,3.37,06:37:00,17:42:00
17655,1480056604,11/24/2016 12:00:00 AM,20:50:04,1.22,46.0,30.5,99.0,124.92,2.25,06:37:00,17:42:00
17656,1480056302,11/24/2016 12:00:00 AM,20:45:02,1.2,45.0,30.5,99.0,116.75,5.62,06:37:00,17:42:00
17657,1480056005,11/24/2016 12:00:00 AM,20:40:05,1.2,45.0,30.5,98.0,146.41,7.87,06:37:00,17:42:00
17658,1480055701,11/24/2016 12:00:00 AM,20:35:01,1.2,45.0,30.5,97.0,126.76,4.5,06:37:00,17:42:00
17659,1480055413,11/24/2016 12:00:00 AM,20:30:13,1.21,44.0,30.5,97.0,156.59,9.0,06:37:00,17:42:00
17660,1480055105,11/24/2016 12:00:00 AM,20:25:05,1.19,44.0,30.5,98.0,134.86,9.0,06:37:00,17:42:00
17661,1480054801,11/24/2016 12:00:00 AM,20:20:01,1.22,44.0,30.5,98.0,160.78,6.75,06:37:00,17:42:00
17662,1480054507,11/24/2016 12:00:00 AM,20:15:07,1.21,45.0,30.5,99.0,106.98,10.12,06:37:00,17:42:00
17663,1480054202,11/24/2016 12:00:00 AM,20:10:02,1.22,45.0,30.5,100.0,127.93,11.25,06:37:00,17:42:00
17664,1480053908,11/24/2016 12:00:00 AM,20:05:08,1.19,46.0,30.5,100.0,149.11,4.5,06:37:00,17:42:00
17665,1480053605,11/24/2016 12:00:00 AM,20:00:05,1.24,46.0,30.5,100.0,151.96,2.25,06:37:00,17:42:00
17666,1480053304,11/24/2016 12:00:00 AM,19:55:04,1.2,46.0,30.5,100.0,160.39,7.87,06:37:00,17:42:00
17667,1480053003,11/24/2016 12:00:00 AM,19:50:03,1.23,46.0,30.5,100.0,143.35,4.5,06:37:00,17:42:00
17668,1480052705,11/24/2016 12:00:00 AM,19:45:05,1.23,46.0,30.49,100.0,129.02,7.87,06:37:00,17:42:00
17669,1480052404,11/24/2016 12:00:00 AM,19:40:04,1.23,45.0,30.49,100.0,174.11,3.37,06:37:00,17:42:00
17670,1480052104,11/24/2016 12:00:00 AM,19:35:04,1.22,45.0,30.49,100.0,122.33,15.75,06:37:00,17:42:00
17671,1480051801,11/24/2016 12:00:00 AM,19:30:01,1.23,45.0,30.49,100.0,146.03,9.0,06:37:00,17:42:00
17672,1480051505,11/24/2016 12:00:00 AM,19:25:05,1.22,46.0,30.49,100.0,168.18,3.37,06:37:00,17:42:00
17673,1480051201,11/24/2016 12:00:00 AM,19:20:01,1.21,46.0,30.48,100.0,134.51,7.87,06:37:00,17:42:00
17674,1480050901,11/24/2016 12:00:00 AM,19:15:01,1.22,46.0,30.48,100.0,78.23,9.0,06:37:00,17:42:00
17675,1480050603,11/24/2016 12:00:00 AM,19:10:03,1.25,46.0,30.49,100.0,144.63,10.12,06:37:00,17:42:00
17676,1480050302,11/24/2016 12:00:00 AM,19:05:02,1.2,46.0,30.48,100.0,162.99,6.75,06:37:00,17:42:00
17677,1480050005,11/24/2016 12:00:00 AM,19:00:05,1.22,46.0,30.48,100.0,137.83,7.87,06:37:00,17:42:00
17678,1480049701,11/24/2016 12:00:00 AM,18:55:01,1.22,46.0,30.48,100.0,80.57,7.87,06:37:00,17:42:00
17679,1480049402,11/24/2016 12:00:00 AM,18:50:02,1.19,46.0,30.48,99.0,86.64,5.62,06:37:00,17:42:00
17680,1480049102,11/24/2016 12:00:00 AM,18:45:02,1.2,46.0,30.48,99.0,144.77,6.75,06:37:00,17:42:00
17681,1480048804,11/24/2016 12:00:00 AM,18:40:04,1.2,46.0,30.48,99.0,101.71,7.87,06:37:00,17:42:00
17682,1480048505,11/24/2016 12:00:00 AM,18:35:05,1.22,46.0,30.48,98.0,171.88,3.37,06:37:00,17:42:00
17683,1480048204,11/24/2016 12:00:00 AM,18:30:04,1.23,45.0,30.48,96.0,150.97,9.0,06:37:00,17:42:00
17684,1480047905,11/24/2016 12:00:00 AM,18:25:05,1.2,45.0,30.48,93.0,145.06,7.87,06:37:00,17:42:00
17685,1480047603,11/24/2016 12:00:00 AM,18:20:03,1.21,44.0,30.47,87.0,128.45,6.75,06:37:00,17:42:00
17686,1480047301,11/24/2016 12:00:00 AM,18:15:01,1.21,44.0,30.47,85.0,187.69,7.87,06:37:00,17:42:00
17687,1480047003,11/24/2016 12:00:00 AM,18:10:03,1.19,44.0,30.47,88.0,193.36,6.75,06:37:00,17:42:00
17688,1480046703,11/24/2016 12:00:00 AM,18:05:03,1.21,44.0,30.47,92.0,131.06,7.87,06:37:00,17:42:00
17689,1480046402,11/24/2016 12:00:00 AM,18:00:02,1.21,45.0,30.47,92.0,125.54,11.25,06:37:00,17:42:00
17690,1480046101,11/24/2016 12:00:00 AM,17:55:01,1.22,45.0,30.47,90.0,126.93,4.5,06:37:00,17:42:00
17691,1480045802,11/24/2016 12:00:00 AM,17:50:02,1.63,45.0,30.47,88.0,130.8,7.87,06:37:00,17:42:00
17692,1480045501,11/24/2016 12:00:00 AM,17:45:01,3.3,45.0,30.47,91.0,108.82,4.5,06:37:00,17:42:00
17693,1480045205,11/24/2016 12:00:00 AM,17:40:05,4.8,45.0,30.46,90.0,87.77,3.37,06:37:00,17:42:00
17694,1480044903,11/24/2016 12:00:00 AM,17:35:03,11.5,45.0,30.46,86.0,145.87,10.12,06:37:00,17:42:00
17695,1480044606,11/24/2016 12:00:00 AM,17:30:06,22.77,45.0,30.46,87.0,124.05,11.25,06:37:00,17:42:00
17696,1480044303,11/24/2016 12:00:00 AM,17:25:03,37.67,44.0,30.46,91.0,131.5,5.62,06:37:00,17:42:00
17697,1480044004,11/24/2016 12:00:00 AM,17:20:04,48.66,44.0,30.46,96.0,155.79,10.12,06:37:00,17:42:00
17698,1480043702,11/24/2016 12:00:00 AM,17:15:02,61.02,44.0,30.46,98.0,127.3,5.62,06:37:00,17:42:00
17699,1480043401,11/24/2016 12:00:00 AM,17:10:01,68.78,44.0,30.46,99.0,138.42,13.5,06:37:00,17:42:00
17700,1480043102,11/24/2016 12:00:00 AM,17:05:02,66.37,44.0,30.46,99.0,157.88,9.0,06:37:00,17:42:00
17701,1480042802,11/24/2016 12:00:00 AM,17:00:02,65.9,45.0,30.45,100.0,142.75,11.25,06:37:00,17:42:00
17702,1480042503,11/24/2016 12:00:00 AM,16:55:03,71.85,45.0,30.45,100.0,109.21,7.87,06:37:00,17:42:00
17703,1480042202,11/24/2016 12:00:00 AM,16:50:02,80.97,46.0,30.45,100.0,111.53,4.5,06:37:00,17:42:00
17704,1480041903,11/24/2016 12:00:00 AM,16:45:03,95.16,46.0,30.45,100.0,65.31,9.0,06:37:00,17:42:00
17705,1480041608,11/24/2016 12:00:00 AM,16:40:08,99.61,46.0,30.45,101.0,90.62,6.75,06:37:00,17:42:00
17706,1480041301,11/24/2016 12:00:00 AM,16:35:01,160.2,46.0,30.45,101.0,141.72,10.12,06:37:00,17:42:00
17707,1480041004,11/24/2016 12:00:00 AM,16:30:04,274.14,45.0,30.44,100.0,141.41,9.0,06:37:00,17:42:00
17708,1480040705,11/24/2016 12:00:00 AM,16:25:05,144.55,45.0,30.44,100.0,158.01,13.5,06:37:00,17:42:00
17709,1480040405,11/24/2016 12:00:00 AM,16:20:05,160.33,45.0,30.45,100.0,154.54,9.0,06:37:00,17:42:00
17710,1480040102,11/24/2016 12:00:00 AM,16:15:02,97.65,46.0,30.45,100.0,95.65,6.75,06:37:00,17:42:00
17711,1480039805,11/24/2016 12:00:00 AM,16:10:05,117.82,47.0,30.44,100.0,111.62,9.0,06:37:00,17:42:00
17712,1480039502,11/24/2016 12:00:00 AM,16:05:02,200.33,47.0,30.44,100.0,63.72,10.12,06:37:00,17:42:00
17713,1480039204,11/24/2016 12:00:00 AM,16:00:04,176.72,47.0,30.44,100.0,91.39,4.5,06:37:00,17:42:00
17714,1480038902,11/24/2016 12:00:00 AM,15:55:02,163.47,47.0,30.44,100.0,75.94,6.75,06:37:00,17:42:00
17715,1480038605,11/24/2016 12:00:00 AM,15:50:05,181.0,47.0,30.44,100.0,25.22,9.0,06:37:00,17:42:00
17716,1480038304,11/24/2016 12:00:00 AM,15:45:04,118.75,48.0,30.44,100.0,65.39,10.12,06:37:00,17:42:00
17717,1480038002,11/24/2016 12:00:00 AM,15:40:02,141.42,48.0,30.44,100.0,78.87,4.5,06:37:00,17:42:00
17718,1480037705,11/24/2016 12:00:00 AM,15:35:05,168.45,48.0,30.44,100.0,85.99,4.5,06:37:00,17:42:00
17719,1480037403,11/24/2016 12:00:00 AM,15:30:03,140.97,48.0,30.44,100.0,96.01,6.75,06:37:00,17:42:00
17720,1480037102,11/24/2016 12:00:00 AM,15:25:02,181.81,48.0,30.44,100.0,92.64,4.5,06:37:00,17:42:00
17721,1480036802,11/24/2016 12:00:00 AM,15:20:02,172.05,48.0,30.44,99.0,66.46,10.12,06:37:00,17:42:00
17722,1480036503,11/24/2016 12:00:00 AM,15:15:03,201.28,49.0,30.44,99.0,92.59,7.87,06:37:00,17:42:00
17723,1480036202,11/24/2016 12:00:00 AM,15:10:02,307.64,49.0,30.44,99.0,92.45,5.62,06:37:00,17:42:00
17724,1480035901,11/24/2016 12:00:00 AM,15:05:01,388.03,49.0,30.44,99.0,109.85,9.0,06:37:00,17:42:00
17725,1480035607,11/24/2016 12:00:00 AM,15:00:07,279.64,49.0,30.44,98.0,114.94,4.5,06:37:00,17:42:00
17726,1480035302,11/24/2016 12:00:00 AM,14:55:02,268.84,49.0,30.44,97.0,0.42,13.5,06:37:00,17:42:00
17727,1480035005,11/24/2016 12:00:00 AM,14:50:05,176.85,50.0,30.44,96.0,109.65,11.25,06:37:00,17:42:00
17728,1480034705,11/24/2016 12:00:00 AM,14:45:05,209.25,52.0,30.44,94.0,84.43,9.0,06:37:00,17:42:00
17729,1480034405,11/24/2016 12:00:00 AM,14:40:05,292.73,53.0,30.44,93.0,113.89,6.75,06:37:00,17:42:00
17730,1480034105,11/24/2016 12:00:00 AM,14:35:05,438.57,53.0,30.44,91.0,31.56,4.5,06:37:00,17:42:00
17731,1480033801,11/24/2016 12:00:00 AM,14:30:01,530.66,53.0,30.44,88.0,206.25,3.37,06:37:00,17:42:00
17732,1480033503,11/24/2016 12:00:00 AM,14:25:03,394.6,54.0,30.44,83.0,73.7,5.62,06:37:00,17:42:00
17733,1480033202,11/24/2016 12:00:00 AM,14:20:02,691.56,54.0,30.44,78.0,118.93,5.62,06:37:00,17:42:00
17734,1480032905,11/24/2016 12:00:00 AM,14:15:05,831.29,54.0,30.44,77.0,54.1,2.25,06:37:00,17:42:00
17735,1480032605,11/24/2016 12:00:00 AM,14:10:05,686.3,53.0,30.44,77.0,207.51,3.37,06:37:00,17:42:00
17736,1480032308,11/24/2016 12:00:00 AM,14:05:08,834.4,52.0,30.44,81.0,157.42,7.87,06:37:00,17:42:00
17737,1480032005,11/24/2016 12:00:00 AM,14:00:05,855.47,51.0,30.44,88.0,1.18,3.37,06:37:00,17:42:00
17738,1480031701,11/24/2016 12:00:00 AM,13:55:01,801.54,49.0,30.45,95.0,128.64,4.5,06:37:00,17:42:00
17739,1480031405,11/24/2016 12:00:00 AM,13:50:05,502.77,48.0,30.45,96.0,94.3,5.62,06:37:00,17:42:00
17740,1480031108,11/24/2016 12:00:00 AM,13:45:08,354.12,49.0,30.45,98.0,77.92,5.62,06:37:00,17:42:00
17741,1480030802,11/24/2016 12:00:00 AM,13:40:02,287.67,49.0,30.45,99.0,30.2,3.37,06:37:00,17:42:00
17742,1480030502,11/24/2016 12:00:00 AM,13:35:02,423.61,49.0,30.45,98.0,70.3,11.25,06:37:00,17:42:00
17743,1480030205,11/24/2016 12:00:00 AM,13:30:05,405.05,50.0,30.45,96.0,90.69,7.87,06:37:00,17:42:00
17744,1480029902,11/24/2016 12:00:00 AM,13:25:02,463.83,51.0,30.45,96.0,0.7,14.62,06:37:00,17:42:00
17745,1480029603,11/24/2016 12:00:00 AM,13:20:03,571.77,51.0,30.45,95.0,9.85,4.5,06:37:00,17:42:00
17746,1480029303,11/24/2016 12:00:00 AM,13:15:03,638.78,51.0,30.45,96.0,89.5,4.5,06:37:00,17:42:00
17747,1480029001,11/24/2016 12:00:00 AM,13:10:01,703.84,51.0,30.45,98.0,323.24,4.5,06:37:00,17:42:00
17748,1480028703,11/24/2016 12:00:00 AM,13:05:03,501.11,51.0,30.45,99.0,40.88,7.87,06:37:00,17:42:00
17749,1480028402,11/24/2016 12:00:00 AM,13:00:02,1051.84,50.0,30.45,99.0,51.84,6.75,06:37:00,17:42:00
17750,1480028102,11/24/2016 12:00:00 AM,12:55:02,468.86,50.0,30.45,99.0,91.71,10.12,06:37:00,17:42:00
17751,1480027805,11/24/2016 12:00:00 AM,12:50:05,214.89,50.0,30.46,99.0,79.17,2.25,06:37:00,17:42:00
17752,1480027503,11/24/2016 12:00:00 AM,12:45:03,631.81,50.0,30.46,99.0,41.74,6.75,06:37:00,17:42:00
17753,1480027205,11/24/2016 12:00:00 AM,12:40:05,456.36,50.0,30.46,99.0,52.02,5.62,06:37:00,17:42:00
17754,1480026902,11/24/2016 12:00:00 AM,12:35:02,262.09,50.0,30.46,99.0,53.7,7.87,06:37:00,17:42:00
17755,1480026602,11/24/2016 12:00:00 AM,12:30:02,497.62,50.0,30.46,99.0,61.81,7.87,06:37:00,17:42:00
17756,1480026303,11/24/2016 12:00:00 AM,12:25:03,423.73,50.0,30.47,99.0,69.78,5.62,06:37:00,17:42:00
17757,1480026002,11/24/2016 12:00:00 AM,12:20:02,556.7,50.0,30.47,98.0,89.98,6.75,06:37:00,17:42:00
17758,1480025702,11/24/2016 12:00:00 AM,12:15:02,739.77,50.0,30.47,98.0,149.14,5.62,06:37:00,17:42:00
17759,1480025403,11/24/2016 12:00:00 AM,12:10:03,631.79,50.0,30.47,97.0,30.95,13.5,06:37:00,17:42:00
17760,1480025105,11/24/2016 12:00:00 AM,12:05:05,533.42,50.0,30.47,96.0,114.74,5.62,06:37:00,17:42:00
17761,1480024803,11/24/2016 12:00:00 AM,12:00:03,964.75,50.0,30.47,97.0,97.71,5.62,06:37:00,17:42:00
17762,1480024502,11/24/2016 12:00:00 AM,11:55:02,535.91,50.0,30.47,98.0,349.32,1.12,06:37:00,17:42:00
17763,1480024205,11/24/2016 12:00:00 AM,11:50:05,532.16,50.0,30.47,97.0,30.78,6.75,06:37:00,17:42:00
17764,1480023902,11/24/2016 12:00:00 AM,11:45:02,574.6,50.0,30.47,96.0,24.57,9.0,06:37:00,17:42:00
17765,1480023601,11/24/2016 12:00:00 AM,11:40:01,447.83,51.0,30.47,94.0,92.95,7.87,06:37:00,17:42:00
17766,1480023304,11/24/2016 12:00:00 AM,11:35:04,413.77,52.0,30.47,92.0,349.99,7.87,06:37:00,17:42:00
17767,1480023002,11/24/2016 12:00:00 AM,11:30:02,649.44,52.0,30.47,90.0,63.56,6.75,06:37:00,17:42:00
17768,1480022706,11/24/2016 12:00:00 AM,11:25:06,790.55,52.0,30.48,88.0,38.19,9.0,06:37:00,17:42:00
17769,1480022405,11/24/2016 12:00:00 AM,11:20:05,671.52,52.0,30.47,82.0,54.91,7.87,06:37:00,17:42:00
17770,1480022102,11/24/2016 12:00:00 AM,11:15:02,878.59,52.0,30.48,79.0,191.8,5.62,06:37:00,17:42:00
17771,1480021802,11/24/2016 12:00:00 AM,11:10:02,802.54,53.0,30.48,76.0,71.36,6.75,06:37:00,17:42:00
17772,1480021505,11/24/2016 12:00:00 AM,11:05:05,813.88,53.0,30.48,68.0,25.22,3.37,06:37:00,17:42:00
17773,1480021202,11/24/2016 12:00:00 AM,11:00:02,842.14,53.0,30.48,68.0,114.88,10.12,06:37:00,17:42:00
17774,1480020903,11/24/2016 12:00:00 AM,10:55:03,825.93,52.0,30.48,70.0,143.98,10.12,06:37:00,17:42:00
17775,1480020602,11/24/2016 12:00:00 AM,10:50:02,836.3,50.0,30.48,80.0,156.14,3.37,06:37:00,17:42:00
17776,1480020302,11/24/2016 12:00:00 AM,10:45:02,752.48,49.0,30.49,88.0,133.85,5.62,06:37:00,17:42:00
17777,1480020002,11/24/2016 12:00:00 AM,10:40:02,346.83,49.0,30.49,94.0,107.05,7.87,06:37:00,17:42:00
17778,1480019702,11/24/2016 12:00:00 AM,10:35:02,676.75,49.0,30.49,95.0,36.7,11.25,06:37:00,17:42:00
17779,1480019405,11/24/2016 12:00:00 AM,10:30:05,406.4,50.0,30.49,94.0,301.88,3.37,06:37:00,17:42:00
17780,1480019105,11/24/2016 12:00:00 AM,10:25:05,808.93,50.0,30.49,92.0,62.3,4.5,06:37:00,17:42:00
17781,1480018805,11/24/2016 12:00:00 AM,10:20:05,696.41,50.0,30.49,92.0,110.51,5.62,06:37:00,17:42:00
17782,1480018502,11/24/2016 12:00:00 AM,10:15:02,447.02,50.0,30.49,93.0,122.54,3.37,06:37:00,17:42:00
17783,1480018217,11/24/2016 12:00:00 AM,10:10:17,519.7,50.0,30.49,91.0,138.52,11.25,06:37:00,17:42:00
17784,1480017902,11/24/2016 12:00:00 AM,10:05:02,505.87,50.0,30.5,90.0,99.26,12.37,06:37:00,17:42:00
17785,1480017605,11/24/2016 12:00:00 AM,10:00:05,473.85,51.0,30.49,88.0,8.33,10.12,06:37:00,17:42:00
17786,1480017305,11/24/2016 12:00:00 AM,09:55:05,700.69,52.0,30.49,85.0,23.11,4.5,06:37:00,17:42:00
17787,1480017005,11/24/2016 12:00:00 AM,09:50:05,685.18,52.0,30.49,84.0,72.98,5.62,06:37:00,17:42:00
17788,1480016702,11/24/2016 12:00:00 AM,09:45:02,683.24,52.0,30.49,82.0,83.52,9.0,06:37:00,17:42:00
17789,1480016405,11/24/2016 12:00:00 AM,09:40:05,657.96,52.0,30.49,76.0,51.93,5.62,06:37:00,17:42:00
17790,1480016105,11/24/2016 12:00:00 AM,09:35:05,647.18,52.0,30.49,73.0,131.85,10.12,06:37:00,17:42:00
17791,1480015802,11/24/2016 12:00:00 AM,09:30:02,609.45,52.0,30.49,66.0,154.29,6.75,06:37:00,17:42:00
17792,1480015503,11/24/2016 12:00:00 AM,09:25:03,616.77,52.0,30.49,56.0,116.86,2.25,06:37:00,17:42:00
17793,1480015201,11/24/2016 12:00:00 AM,09:20:01,594.32,51.0,30.49,59.0,138.34,1.12,06:37:00,17:42:00
17794,1480014905,11/24/2016 12:00:00 AM,09:15:05,587.2,50.0,30.49,60.0,37.12,3.37,06:37:00,17:42:00
17795,1480014602,11/24/2016 12:00:00 AM,09:10:02,564.75,49.0,30.49,72.0,68.37,4.5,06:37:00,17:42:00
17796,1480014304,11/24/2016 12:00:00 AM,09:05:04,550.28,49.0,30.49,79.0,30.65,3.37,06:37:00,17:42:00
17797,1480014005,11/24/2016 12:00:00 AM,09:00:05,523.8,48.0,30.49,87.0,94.75,4.5,06:37:00,17:42:00
17798,1480013702,11/24/2016 12:00:00 AM,08:55:02,516.38,47.0,30.49,99.0,64.73,7.87,06:37:00,17:42:00
17799,1480013404,11/24/2016 12:00:00 AM,08:50:04,487.17,47.0,30.49,99.0,95.36,3.37,06:37:00,17:42:00
17800,1480013104,11/24/2016 12:00:00 AM,08:45:04,324.09,46.0,30.49,99.0,40.62,5.62,06:37:00,17:42:00
17801,1480012802,11/24/2016 12:00:00 AM,08:40:02,440.24,46.0,30.48,99.0,110.81,5.62,06:37:00,17:42:00
17802,1480012504,11/24/2016 12:00:00 AM,08:35:04,367.79,46.0,30.49,99.0,65.99,3.37,06:37:00,17:42:00
17803,1480012204,11/24/2016 12:00:00 AM,08:30:04,316.82,46.0,30.48,98.0,77.87,4.5,06:37:00,17:42:00
17804,1480011905,11/24/2016 12:00:00 AM,08:25:05,367.53,47.0,30.48,99.0,72.43,7.87,06:37:00,17:42:00
17805,1480011603,11/24/2016 12:00:00 AM,08:20:03,331.67,47.0,30.48,99.0,80.18,3.37,06:37:00,17:42:00
17806,1480011301,11/24/2016 12:00:00 AM,08:15:01,340.61,47.0,30.47,100.0,152.96,2.25,06:37:00,17:42:00
17807,1480011003,11/24/2016 12:00:00 AM,08:10:03,344.56,47.0,30.48,100.0,147.57,3.37,06:37:00,17:42:00
17808,1480010702,11/24/2016 12:00:00 AM,08:05:02,340.89,47.0,30.47,101.0,144.13,4.5,06:37:00,17:42:00
17809,1480010402,11/24/2016 12:00:00 AM,08:00:02,310.49,47.0,30.47,101.0,136.37,2.25,06:37:00,17:42:00
17810,1480010104,11/24/2016 12:00:00 AM,07:55:04,297.89,46.0,30.47,100.0,146.27,7.87,06:37:00,17:42:00
17811,1480009802,11/24/2016 12:00:00 AM,07:50:02,123.95,46.0,30.47,100.0,134.82,11.25,06:37:00,17:42:00
17812,1480009502,11/24/2016 12:00:00 AM,07:45:02,98.3,46.0,30.47,100.0,64.88,5.62,06:37:00,17:42:00
17813,1480009202,11/24/2016 12:00:00 AM,07:40:02,99.19,46.0,30.47,74.83719267708949,113.47,12.37,06:37:00,17:42:00
17814,1480008902,11/24/2016 12:00:00 AM,07:35:02,30.79,46.0,30.47,100.0,165.47,4.5,06:37:00,17:42:00
17815,1480008602,11/24/2016 12:00:00 AM,07:30:02,75.13,45.0,30.47,100.0,109.17,9.0,06:37:00,17:42:00
17816,1480008302,11/24/2016 12:00:00 AM,07:25:02,79.47,45.0,30.47,100.0,164.59,9.0,06:37:00,17:42:00
17817,1480008003,11/24/2016 12:00:00 AM,07:20:03,58.91,45.0,30.47,100.0,181.8,10.12,06:37:00,17:42:00
17818,1480007702,11/24/2016 12:00:00 AM,07:15:02,56.5,45.0,30.423028000868246,99.0,146.3,10.12,06:37:00,17:42:00
17819,1480007403,11/24/2016 12:00:00 AM,07:10:03,48.93,45.0,30.47,99.0,154.5,3.37,06:37:00,17:42:00
17820,1480007108,11/24/2016 12:00:00 AM,07:05:08,34.68,45.0,30.47,99.0,194.32,10.12,06:37:00,17:42:00
17821,1480006805,11/24/2016 12:00:00 AM,07:00:05,29.42,45.0,30.47,99.0,160.39,9.0,06:37:00,17:42:00
17822,1480006501,11/24/2016 12:00:00 AM,06:55:01,15.82,45.0,30.47,98.0,144.39,11.25,06:37:00,17:42:00
17823,1480006202,11/24/2016 12:00:00 AM,06:50:02,14.29,45.0,30.46,97.0,108.79,10.12,06:37:00,17:42:00
17824,1480005902,11/24/2016 12:00:00 AM,06:45:02,12.93,45.0,30.46,97.0,172.24,9.0,06:37:00,17:42:00
17825,1480005602,11/24/2016 12:00:00 AM,06:40:02,9.75,44.0,30.46,96.0,141.15,7.87,06:37:00,17:42:00
17826,1480005304,11/24/2016 12:00:00 AM,06:35:04,6.09,44.0,30.46,95.0,168.76,5.62,06:37:00,17:42:00
17827,1480005002,11/24/2016 12:00:00 AM,06:30:02,4.78,44.0,30.45,94.0,174.39,7.87,06:37:00,17:42:00
17828,1480004702,11/24/2016 12:00:00 AM,06:25:02,2.65,43.0,30.46,92.0,149.56,5.62,06:37:00,17:42:00
17829,1480004403,11/24/2016 12:00:00 AM,06:20:03,1.19,43.0,30.46,85.0,150.05,10.12,06:37:00,17:42:00
17830,1480004104,11/24/2016 12:00:00 AM,06:15:04,1.18,43.0,30.46,82.0,127.45,7.87,06:37:00,17:42:00
17831,1480003801,11/24/2016 12:00:00 AM,06:10:01,1.21,42.0,30.45,73.0,159.36,12.37,06:37:00,17:42:00
17832,1480003503,11/24/2016 12:00:00 AM,06:05:03,1.19,42.0,30.45,64.0,164.48,6.75,06:37:00,17:42:00
17833,1480003203,11/24/2016 12:00:00 AM,06:00:03,1.18,42.0,30.45,64.0,127.51,1.12,06:37:00,17:42:00
17834,1480002905,11/24/2016 12:00:00 AM,05:55:05,1.21,42.0,30.45,64.0,158.54,9.0,06:37:00,17:42:00
17835,1480002601,11/24/2016 12:00:00 AM,05:50:01,1.2,42.0,30.45,65.0,193.6,7.87,06:37:00,17:42:00
17836,1480002302,11/24/2016 12:00:00 AM,05:45:02,1.17,42.0,30.45,66.0,174.49,11.25,06:37:00,17:42:00
17837,1480002003,11/24/2016 12:00:00 AM,05:40:03,1.18,42.0,30.45,66.0,112.52,4.5,06:37:00,17:42:00
17838,1480001702,11/24/2016 12:00:00 AM,05:35:02,1.19,42.0,30.45,65.0,166.24,7.87,06:37:00,17:42:00
17839,1480001401,11/24/2016 12:00:00 AM,05:30:01,1.18,41.0,30.45,70.0,149.45,9.0,06:37:00,17:42:00
17840,1480001103,11/24/2016 12:00:00 AM,05:25:03,1.2,42.0,30.44,73.0,162.68,11.25,06:37:00,17:42:00
17841,1480000802,11/24/2016 12:00:00 AM,05:20:02,1.2,42.0,30.45,80.0,126.84,6.75,06:37:00,17:42:00
17842,1480000504,11/24/2016 12:00:00 AM,05:15:04,1.19,42.0,30.45,74.0,157.95,3.37,06:37:00,17:42:00
17843,1480000201,11/24/2016 12:00:00 AM,05:10:01,1.21,42.0,30.44,77.0,188.31,10.12,06:37:00,17:42:00
17844,1479999903,11/24/2016 12:00:00 AM,05:05:03,1.19,42.0,30.44,82.0,169.92,5.62,06:37:00,17:42:00
17845,1479999602,11/24/2016 12:00:00 AM,05:00:02,1.19,42.0,30.44,86.0,163.31,13.5,06:37:00,17:42:00
17846,1479999301,11/24/2016 12:00:00 AM,04:55:01,1.2,42.0,30.44,88.0,152.23,12.37,06:37:00,17:42:00
17847,1479999001,11/24/2016 12:00:00 AM,04:50:01,1.2,42.0,30.44,89.0,160.03,6.75,06:37:00,17:42:00
17848,1479998702,11/24/2016 12:00:00 AM,04:45:02,1.18,42.0,30.44,89.0,130.45,6.75,06:37:00,17:42:00
17849,1479998403,11/24/2016 12:00:00 AM,04:40:03,1.2,42.0,30.44,90.0,145.94,9.0,06:37:00,17:42:00
17850,1479998103,11/24/2016 12:00:00 AM,04:35:03,1.19,42.0,30.44,93.0,155.77,4.5,06:37:00,17:42:00
17851,1479997801,11/24/2016 12:00:00 AM,04:30:01,1.18,42.0,30.44,97.0,172.82,4.5,06:37:00,17:42:00
17852,1479997501,11/24/2016 12:00:00 AM,04:25:01,1.2,42.0,30.44,99.0,176.9,7.87,06:37:00,17:42:00
17853,1479997203,11/24/2016 12:00:00 AM,04:20:03,1.2,43.0,30.44,100.0,205.06,6.75,06:37:00,17:42:00
17854,1479996904,11/24/2016 12:00:00 AM,04:15:04,1.19,43.0,30.44,100.0,202.6,6.75,06:37:00,17:42:00
17855,1479996604,11/24/2016 12:00:00 AM,04:10:04,1.16,43.0,30.44,99.0,116.12,9.0,06:37:00,17:42:00
17856,1479996302,11/24/2016 12:00:00 AM,04:05:02,1.2,51.16507236474315,30.44,99.0,162.57,11.25,06:37:00,17:42:00
17857,1479996002,11/24/2016 12:00:00 AM,04:00:02,1.21,44.0,30.44,99.0,142.37,6.75,06:37:00,17:42:00
17858,1479995704,11/24/2016 12:00:00 AM,03:55:04,1.17,44.0,30.44,99.0,132.63,7.87,06:37:00,17:42:00
17859,1479995402,11/24/2016 12:00:00 AM,03:50:02,1.21,44.0,30.44,99.0,123.23,9.0,06:37:00,17:42:00
17860,1479995102,11/24/2016 12:00:00 AM,03:45:02,1.19,44.0,30.44,98.0,157.34,9.0,06:37:00,17:42:00
17861,1479994804,11/24/2016 12:00:00 AM,03:40:04,1.17,44.0,30.44,98.0,179.11,7.87,06:37:00,17:42:00
17862,1479994501,11/24/2016 12:00:00 AM,03:35:01,1.17,44.0,30.43,98.0,162.95,7.87,06:37:00,17:42:00
17863,1479994204,11/24/2016 12:00:00 AM,03:30:04,1.2,44.0,30.44,97.0,132.29,3.37,06:37:00,17:42:00
17864,1479993903,11/24/2016 12:00:00 AM,03:25:03,1.17,44.0,30.43,97.0,131.03,7.87,06:37:00,17:42:00
17865,1479993605,11/24/2016 12:00:00 AM,03:20:05,1.21,44.0,30.43,96.0,163.23,6.75,06:37:00,17:42:00
17866,1479993308,11/24/2016 12:00:00 AM,03:15:08,1.19,44.0,30.43,94.0,126.2,7.87,06:37:00,17:42:00
17867,1479993002,11/24/2016 12:00:00 AM,03:10:02,1.21,43.0,30.423028000868246,92.0,152.09,4.5,06:37:00,17:42:00
17868,1479992702,11/24/2016 12:00:00 AM,03:05:02,1.21,43.0,30.43,89.0,160.45,12.37,06:37:00,17:42:00
17869,1479992403,11/24/2016 12:00:00 AM,03:00:03,1.18,42.0,30.44,80.0,133.77,13.5,06:37:00,17:42:00
17870,1479992106,11/24/2016 12:00:00 AM,02:55:06,1.19,42.0,30.44,70.0,150.34,9.0,06:37:00,17:42:00
17871,1479991802,11/24/2016 12:00:00 AM,02:50:02,1.2,42.0,30.44,68.0,154.4,6.75,06:37:00,17:42:00
17872,1479991503,11/24/2016 12:00:00 AM,02:45:03,1.17,43.0,30.44,69.0,146.19,10.12,06:37:00,17:42:00
17873,1479991202,11/24/2016 12:00:00 AM,02:40:02,1.2,43.0,30.44,68.0,164.29,6.75,06:37:00,17:42:00
17874,1479990905,11/24/2016 12:00:00 AM,02:35:05,1.19,43.0,30.44,65.0,132.13,6.75,06:37:00,17:42:00
17875,1479990602,11/24/2016 12:00:00 AM,02:30:02,1.21,43.0,30.44,61.0,134.82,10.12,06:37:00,17:42:00
17876,1479990301,11/24/2016 12:00:00 AM,02:25:01,1.22,43.0,30.44,62.0,158.11,5.62,06:37:00,17:42:00
17877,1479990001,11/24/2016 12:00:00 AM,02:20:01,1.21,43.0,30.44,62.0,164.82,9.0,06:37:00,17:42:00
17878,1479989702,11/24/2016 12:00:00 AM,02:15:02,1.2,43.0,30.44,62.0,96.58,5.62,06:37:00,17:42:00
17879,1479989404,11/24/2016 12:00:00 AM,02:10:04,1.16,42.0,30.44,63.0,179.85,5.62,06:37:00,17:42:00
17880,1479989105,11/24/2016 12:00:00 AM,02:05:05,1.24,42.0,30.44,66.0,136.92,10.12,06:37:00,17:42:00
17881,1479988802,11/24/2016 12:00:00 AM,02:00:02,1.22,42.0,30.44,68.0,145.27,7.87,06:37:00,17:42:00
17882,1479988504,11/24/2016 12:00:00 AM,01:55:04,1.21,42.0,30.44,67.0,115.5,7.87,06:37:00,17:42:00
17883,1479988202,11/24/2016 12:00:00 AM,01:50:02,1.22,43.0,30.45,67.0,176.83,6.75,06:37:00,17:42:00
17884,1479987903,11/24/2016 12:00:00 AM,01:45:03,1.23,43.0,30.45,63.0,174.69,9.0,06:37:00,17:42:00
17885,1479987601,11/24/2016 12:00:00 AM,01:40:01,1.22,42.0,30.45,65.0,158.91,7.87,06:37:00,17:42:00
17886,1479987304,11/24/2016 12:00:00 AM,01:35:04,1.2,43.0,30.45,64.0,157.98,6.75,06:37:00,17:42:00
17887,1479987004,11/24/2016 12:00:00 AM,01:30:04,1.19,43.0,30.45,62.0,160.49,4.5,06:37:00,17:42:00
17888,1479986705,11/24/2016 12:00:00 AM,01:25:05,1.2,43.0,30.45,66.0,172.77,4.5,06:37:00,17:42:00
17889,1479986402,11/24/2016 12:00:00 AM,01:20:02,1.22,42.0,30.46,63.0,162.32,5.62,06:37:00,17:42:00
17890,1479986101,11/24/2016 12:00:00 AM,01:15:01,1.17,42.0,30.46,63.0,116.47,5.62,06:37:00,17:42:00
17891,1479985803,11/24/2016 12:00:00 AM,01:10:03,1.23,43.0,30.46,64.0,120.03,3.37,06:37:00,17:42:00
17892,1479985502,11/24/2016 12:00:00 AM,01:05:02,1.19,43.0,30.46,64.0,128.95,6.75,06:37:00,17:42:00
17893,1479985204,11/24/2016 12:00:00 AM,01:00:04,1.22,43.0,30.46,65.0,148.35,9.0,06:37:00,17:42:00
17894,1479984905,11/24/2016 12:00:00 AM,00:55:05,1.24,43.0,30.46,64.0,105.71,6.75,06:37:00,17:42:00
17895,1479984602,11/24/2016 12:00:00 AM,00:50:02,1.23,43.0,30.46,68.0,148.76,5.62,06:37:00,17:42:00
17896,1479984302,11/24/2016 12:00:00 AM,00:45:02,1.22,43.0,30.46,69.0,162.33,7.87,06:37:00,17:42:00
17897,1479984001,11/24/2016 12:00:00 AM,00:40:01,1.18,42.0,30.46,70.0,193.33,6.75,06:37:00,17:42:00
17898,1479983701,11/24/2016 12:00:00 AM,00:35:01,1.15,43.0,30.46,70.0,139.64,10.12,06:37:00,17:42:00
17899,1479983401,11/24/2016 12:00:00 AM,00:30:01,1.18,43.0,30.46,73.0,146.83,7.87,06:37:00,17:42:00
17900,1479983106,11/24/2016 12:00:00 AM,00:25:06,1.2,43.0,30.46,75.0,157.13,11.25,06:37:00,17:42:00
17901,1479982801,11/24/2016 12:00:00 AM,00:20:01,1.18,43.0,30.46,77.0,193.44,9.0,06:37:00,17:42:00
17902,1479982505,11/24/2016 12:00:00 AM,00:15:05,1.21,43.0,30.46,84.0,112.17,7.87,06:37:00,17:42:00
17903,1479982201,11/24/2016 12:00:00 AM,00:10:01,1.19,43.0,30.46,87.0,164.88,11.25,06:37:00,17:42:00
17904,1479981909,11/24/2016 12:00:00 AM,00:05:09,1.2,44.0,30.46,88.0,171.69,9.0,06:37:00,17:42:00
17905,1479981607,11/24/2016 12:00:00 AM,00:00:07,1.2,44.0,30.46,89.0,147.8,5.62,06:37:00,17:42:00
17906,1479981303,11/23/2016 12:00:00 AM,23:55:03,1.2,44.0,30.46,89.0,159.08,10.12,06:36:00,17:42:00
17907,1479981002,11/23/2016 12:00:00 AM,23:50:02,1.2,44.0,30.46,92.0,154.34,9.0,06:36:00,17:42:00
17908,1479980703,11/23/2016 12:00:00 AM,23:45:03,1.19,44.0,30.46,94.0,132.18,9.0,06:36:00,17:42:00
17909,1479980404,11/23/2016 12:00:00 AM,23:40:04,1.21,44.0,30.46,94.0,124.53,9.0,06:36:00,17:42:00
17910,1479980102,11/23/2016 12:00:00 AM,23:35:02,1.22,44.0,30.47,93.0,166.52,7.87,06:36:00,17:42:00
17911,1479979801,11/23/2016 12:00:00 AM,23:30:01,1.21,44.0,30.47,93.0,125.44,6.75,06:36:00,17:42:00
17912,1479979503,11/23/2016 12:00:00 AM,23:25:03,1.18,44.0,30.47,92.0,188.2,3.37,06:36:00,17:42:00
17913,1479979202,11/23/2016 12:00:00 AM,23:20:02,1.21,44.0,30.47,90.0,134.99,10.12,06:36:00,17:42:00
17914,1479978901,11/23/2016 12:00:00 AM,23:15:01,1.2,44.0,30.47,82.0,137.01,7.87,06:36:00,17:42:00
17915,1479978604,11/23/2016 12:00:00 AM,23:10:04,1.21,44.0,30.47,84.0,140.72,5.62,06:36:00,17:42:00
17916,1479978306,11/23/2016 12:00:00 AM,23:05:06,1.21,44.0,30.47,88.0,174.68,7.87,06:36:00,17:42:00
17917,1479978001,11/23/2016 12:00:00 AM,23:00:01,1.21,44.0,30.47,92.0,158.97,11.25,06:36:00,17:42:00
17918,1479977701,11/23/2016 12:00:00 AM,22:55:01,1.2,44.0,30.47,95.0,132.15,6.75,06:36:00,17:42:00
17919,1479977405,11/23/2016 12:00:00 AM,22:50:05,1.19,44.0,30.48,95.0,170.41,6.75,06:36:00,17:42:00
17920,1479977102,11/23/2016 12:00:00 AM,22:45:02,1.18,44.0,30.48,94.0,166.47,5.62,06:36:00,17:42:00
17921,1479976801,11/23/2016 12:00:00 AM,22:40:01,1.19,44.0,30.48,93.0,156.56,4.5,06:36:00,17:42:00
17922,1479976501,11/23/2016 12:00:00 AM,22:35:01,1.2,44.0,30.48,91.0,174.59,10.12,06:36:00,17:42:00
17923,1479976202,11/23/2016 12:00:00 AM,22:30:02,1.2,44.0,30.48,90.0,104.88,5.62,06:36:00,17:42:00
17924,1479975901,11/23/2016 12:00:00 AM,22:25:01,1.2,44.0,30.48,91.0,168.65,6.75,06:36:00,17:42:00
17925,1479975601,11/23/2016 12:00:00 AM,22:20:01,1.2,44.0,30.48,94.0,102.65,2.25,06:36:00,17:42:00
17926,1479975301,11/23/2016 12:00:00 AM,22:15:01,1.22,44.0,30.48,97.0,153.61,9.0,06:36:00,17:42:00
17927,1479975003,11/23/2016 12:00:00 AM,22:10:03,1.22,44.0,30.47,98.0,164.28,5.62,06:36:00,17:42:00
17928,1479974702,11/23/2016 12:00:00 AM,22:05:02,1.19,44.0,30.47,98.0,128.05,6.75,06:36:00,17:42:00
17929,1479974404,11/23/2016 12:00:00 AM,22:00:04,1.24,44.0,30.47,98.0,94.18,6.75,06:36:00,17:42:00
17930,1479974101,11/23/2016 12:00:00 AM,21:55:01,1.21,45.0,30.47,98.0,188.88,3.37,06:36:00,17:42:00
17931,1479973801,11/23/2016 12:00:00 AM,21:50:01,1.17,45.0,30.47,98.0,114.48,2.25,06:36:00,17:42:00
17932,1479973502,11/23/2016 12:00:00 AM,21:45:02,1.2,45.0,30.47,98.0,119.26,7.87,06:36:00,17:42:00
17933,1479973202,11/23/2016 12:00:00 AM,21:40:02,1.22,45.0,30.47,98.0,164.57,7.87,06:36:00,17:42:00
17934,1479972904,11/23/2016 12:00:00 AM,21:35:04,1.19,45.0,30.47,97.0,157.53,2.25,06:36:00,17:42:00
17935,1479972601,11/23/2016 12:00:00 AM,21:30:01,1.18,45.0,30.47,96.0,139.58,7.87,06:36:00,17:42:00
17936,1479972302,11/23/2016 12:00:00 AM,21:25:02,1.21,44.0,30.47,95.0,198.19,4.5,06:36:00,17:42:00
17937,1479972005,11/23/2016 12:00:00 AM,21:20:05,1.21,44.0,30.47,95.0,170.42,10.12,06:36:00,17:42:00
17938,1479971701,11/23/2016 12:00:00 AM,21:15:01,1.21,44.0,30.47,98.0,119.06,5.62,06:36:00,17:42:00
17939,1479971402,11/23/2016 12:00:00 AM,21:10:02,1.22,44.0,30.46,99.0,178.01,5.62,06:36:00,17:42:00
17940,1479971116,11/23/2016 12:00:00 AM,21:05:16,1.2,45.0,30.47,100.0,163.38,6.75,06:36:00,17:42:00
17941,1479970803,11/23/2016 12:00:00 AM,21:00:03,1.21,45.0,30.47,100.0,162.47,4.5,06:36:00,17:42:00
17942,1479970506,11/23/2016 12:00:00 AM,20:55:06,1.2,45.0,30.47,100.0,142.66,6.75,06:36:00,17:42:00
17943,1479970202,11/23/2016 12:00:00 AM,20:50:02,1.2,46.0,30.47,100.0,157.77,9.0,06:36:00,17:42:00
17944,1479969905,11/23/2016 12:00:00 AM,20:45:05,1.21,46.0,30.47,100.0,207.88,5.62,06:36:00,17:42:00
17945,1479969601,11/23/2016 12:00:00 AM,20:40:01,1.18,46.0,30.47,100.0,106.55,7.87,06:36:00,17:42:00
17946,1479969302,11/23/2016 12:00:00 AM,20:35:02,1.2,46.0,30.47,99.0,128.48,5.62,06:36:00,17:42:00
17947,1479969005,11/23/2016 12:00:00 AM,20:30:05,1.19,46.0,30.46,99.0,118.58,10.12,06:36:00,17:42:00
17948,1479968701,11/23/2016 12:00:00 AM,20:25:01,1.25,46.0,30.46,99.0,132.75,3.37,06:36:00,17:42:00
17949,1479968401,11/23/2016 12:00:00 AM,20:20:01,1.23,46.0,30.47,99.0,112.13,5.62,06:36:00,17:42:00
17950,1479968101,11/23/2016 12:00:00 AM,20:15:01,1.2,45.0,30.46,98.0,129.17,5.62,06:36:00,17:42:00
17951,1479967803,11/23/2016 12:00:00 AM,20:10:03,1.22,45.0,30.46,97.0,153.55,11.25,06:36:00,17:42:00
17952,1479967507,11/23/2016 12:00:00 AM,20:05:07,1.21,45.0,30.46,95.0,152.54,10.12,06:36:00,17:42:00
17953,1479967203,11/23/2016 12:00:00 AM,20:00:03,1.2,45.0,30.46,94.0,125.22,6.75,06:36:00,17:42:00
17954,1479966903,11/23/2016 12:00:00 AM,19:55:03,1.23,45.0,30.46,92.0,162.92,3.37,06:36:00,17:42:00
17955,1479966602,11/23/2016 12:00:00 AM,19:50:02,1.21,44.0,30.46,91.0,117.07,5.62,06:36:00,17:42:00
17956,1479966304,11/23/2016 12:00:00 AM,19:45:04,1.19,44.0,30.46,89.0,136.3,6.75,06:36:00,17:42:00
17957,1479966005,11/23/2016 12:00:00 AM,19:40:05,1.19,44.0,30.46,89.0,103.92,6.75,06:36:00,17:42:00
17958,1479965702,11/23/2016 12:00:00 AM,19:35:02,1.2,44.0,30.45,90.0,143.86,6.75,06:36:00,17:42:00
17959,1479965402,11/23/2016 12:00:00 AM,19:30:02,1.21,44.0,30.46,91.0,120.42,4.5,06:36:00,17:42:00
17960,1479965102,11/23/2016 12:00:00 AM,19:25:02,1.21,44.0,30.46,95.0,217.09,4.5,06:36:00,17:42:00
17961,1479964801,11/23/2016 12:00:00 AM,19:20:01,1.2,45.0,30.45,96.0,166.73,10.12,06:36:00,17:42:00
17962,1479964501,11/23/2016 12:00:00 AM,19:15:01,1.22,45.0,30.45,96.0,129.81,2.25,06:36:00,17:42:00
17963,1479964206,11/23/2016 12:00:00 AM,19:10:06,1.21,45.0,30.45,96.0,96.17,3.37,06:36:00,17:42:00
17964,1479963902,11/23/2016 12:00:00 AM,19:05:02,1.2,45.0,30.45,95.0,151.88,4.5,06:36:00,17:42:00
17965,1479963601,11/23/2016 12:00:00 AM,19:00:01,1.21,45.0,30.45,94.0,92.06,4.5,06:36:00,17:42:00
17966,1479963301,11/23/2016 12:00:00 AM,18:55:01,1.21,45.0,30.45,86.0,116.33,5.62,06:36:00,17:42:00
17967,1479963003,11/23/2016 12:00:00 AM,18:50:03,1.21,44.0,30.45,82.0,152.77,12.37,06:36:00,17:42:00
17968,1479962702,11/23/2016 12:00:00 AM,18:45:02,1.21,44.0,30.45,84.0,170.9,3.37,06:36:00,17:42:00
17969,1479962403,11/23/2016 12:00:00 AM,18:40:03,1.21,44.0,30.45,79.0,101.78,4.5,06:36:00,17:42:00
17970,1479962104,11/23/2016 12:00:00 AM,18:35:04,1.2,44.0,30.45,78.0,120.66,4.5,06:36:00,17:42:00
17971,1479961804,11/23/2016 12:00:00 AM,18:30:04,1.21,44.0,30.44,75.0,158.53,5.62,06:36:00,17:42:00
17972,1479961504,11/23/2016 12:00:00 AM,18:25:04,1.21,45.0,30.44,74.0,111.98,10.12,06:36:00,17:42:00
17973,1479961203,11/23/2016 12:00:00 AM,18:20:03,1.21,44.0,30.44,72.0,168.05,10.12,06:36:00,17:42:00
17974,1479960901,11/23/2016 12:00:00 AM,18:15:01,1.19,44.0,30.43,76.0,153.24,6.75,06:36:00,17:42:00
17975,1479960602,11/23/2016 12:00:00 AM,18:10:02,1.17,44.0,30.43,82.0,153.62,5.62,06:36:00,17:42:00
17976,1479960302,11/23/2016 12:00:00 AM,18:05:02,1.24,45.0,30.43,83.0,156.93,3.37,06:36:00,17:42:00
17977,1479960001,11/23/2016 12:00:00 AM,18:00:01,1.21,45.0,30.43,80.0,167.63,4.5,06:36:00,17:42:00
17978,1479959701,11/23/2016 12:00:00 AM,17:55:01,1.2,45.0,30.43,78.0,145.56,5.62,06:36:00,17:42:00
17979,1479959405,11/23/2016 12:00:00 AM,17:50:05,1.68,46.0,30.43,77.0,129.25,5.62,06:36:00,17:42:00
17980,1479959102,11/23/2016 12:00:00 AM,17:45:02,2.74,46.0,30.43,77.0,101.74,3.37,06:36:00,17:42:00
17981,1479958801,11/23/2016 12:00:00 AM,17:40:01,5.31,46.0,30.43,73.0,145.59,9.0,06:36:00,17:42:00
17982,1479958501,11/23/2016 12:00:00 AM,17:35:01,12.65,46.0,30.42,76.0,129.22,11.25,06:36:00,17:42:00
17983,1479958202,11/23/2016 12:00:00 AM,17:30:02,20.64,47.0,30.42,81.0,130.49,6.75,06:36:00,17:42:00
17984,1479957902,11/23/2016 12:00:00 AM,17:25:02,26.54,46.0,30.42,74.0,137.19,7.87,06:36:00,17:42:00
17985,1479957603,11/23/2016 12:00:00 AM,17:20:03,30.11,46.0,30.42,89.0,148.58,4.5,06:36:00,17:42:00
17986,1479957304,11/23/2016 12:00:00 AM,17:15:04,38.42,46.0,30.42,91.0,160.45,5.62,06:36:00,17:42:00
17987,1479957002,11/23/2016 12:00:00 AM,17:10:02,48.14,47.0,30.42,90.0,175.45,5.62,06:36:00,17:42:00
17988,1479956704,11/23/2016 12:00:00 AM,17:05:04,65.3,47.0,30.42,88.0,116.23,12.37,06:36:00,17:42:00
17989,1479956401,11/23/2016 12:00:00 AM,17:00:01,85.88,47.0,30.42,87.0,126.12,4.5,06:36:00,17:42:00
17990,1479956102,11/23/2016 12:00:00 AM,16:55:02,92.48,47.0,30.42,89.0,188.3,2.25,06:36:00,17:42:00
17991,1479955802,11/23/2016 12:00:00 AM,16:50:02,100.31,47.0,30.42,86.0,156.42,4.5,06:36:00,17:42:00
17992,1479955506,11/23/2016 12:00:00 AM,16:45:06,108.82,48.0,30.41,89.0,96.63,3.37,06:36:00,17:42:00
17993,1479955201,11/23/2016 12:00:00 AM,16:40:01,131.94,48.0,30.41,86.0,55.1,3.37,06:36:00,17:42:00
17994,1479954902,11/23/2016 12:00:00 AM,16:35:02,237.18,49.0,30.41,85.0,12.85,3.37,06:36:00,17:42:00
17995,1479954602,11/23/2016 12:00:00 AM,16:30:02,146.9,49.0,30.41,80.0,96.81,5.62,06:36:00,17:42:00
17996,1479954304,11/23/2016 12:00:00 AM,16:25:04,156.63,49.0,30.41,72.0,46.93,6.75,06:36:00,17:42:00
17997,1479954005,11/23/2016 12:00:00 AM,16:20:05,161.47,50.0,30.41,69.0,156.6,7.87,06:36:00,17:42:00
17998,1479953705,11/23/2016 12:00:00 AM,16:15:05,189.01,50.0,30.41,67.0,36.42,5.62,06:36:00,17:42:00
17999,1479953403,11/23/2016 12:00:00 AM,16:10:03,247.17,50.0,30.41,77.0,108.44,6.75,06:36:00,17:42:00
18000,1479953103,11/23/2016 12:00:00 AM,16:05:03,277.87,50.0,30.4,78.0,62.46,4.5,06:36:00,17:42:00
18001,1479952801,11/23/2016 12:00:00 AM,16:00:01,243.56,50.0,30.4,82.0,71.12,3.37,06:36:00,17:42:00
18002,1479952505,11/23/2016 12:00:00 AM,15:55:05,220.67,50.0,30.4,82.0,64.75,5.62,06:36:00,17:42:00
18003,1479952204,11/23/2016 12:00:00 AM,15:50:04,217.71,50.0,30.4,80.0,147.7,2.25,06:36:00,17:42:00
18004,1479951901,11/23/2016 12:00:00 AM,15:45:01,205.47,50.0,30.4,84.0,144.31,4.5,06:36:00,17:42:00
18005,1479951602,11/23/2016 12:00:00 AM,15:40:02,214.36,50.0,30.4,86.0,109.93,3.37,06:36:00,17:42:00
18006,1479951305,11/23/2016 12:00:00 AM,15:35:05,230.9,50.0,30.4,82.0,108.85,5.62,06:36:00,17:42:00
18007,1479950702,11/23/2016 12:00:00 AM,15:25:02,269.62,51.0,30.4,82.0,143.31,7.87,06:36:00,17:42:00
18008,1479950401,11/23/2016 12:00:00 AM,15:20:01,308.28,51.0,30.4,83.0,62.67,6.75,06:36:00,17:42:00
18009,1479950102,11/23/2016 12:00:00 AM,15:15:02,342.88,51.0,30.4,80.0,102.8,3.37,06:36:00,17:42:00
18010,1479949802,11/23/2016 12:00:00 AM,15:10:02,311.76,51.0,30.4,83.0,157.82,6.75,06:36:00,17:42:00
18011,1479949502,11/23/2016 12:00:00 AM,15:05:02,399.28,51.0,30.4,83.0,142.16,3.37,06:36:00,17:42:00
18012,1479949202,11/23/2016 12:00:00 AM,15:00:02,393.99,51.0,30.4,85.0,130.35,12.37,06:36:00,17:42:00
18013,1479948907,11/23/2016 12:00:00 AM,14:55:07,482.56,51.0,30.4,83.0,63.11,6.75,06:36:00,17:42:00
18014,1479948602,11/23/2016 12:00:00 AM,14:50:02,476.84,51.0,30.4,87.0,166.17,4.5,06:36:00,17:42:00
18015,1479948302,11/23/2016 12:00:00 AM,14:45:02,624.23,51.0,30.4,90.0,75.67,9.0,06:36:00,17:42:00
18016,1479948003,11/23/2016 12:00:00 AM,14:40:03,507.56,51.0,30.4,86.0,82.41,6.75,06:36:00,17:42:00
18017,1479947701,11/23/2016 12:00:00 AM,14:35:01,589.52,51.0,30.4,88.0,128.32,5.62,06:36:00,17:42:00
18018,1479947404,11/23/2016 12:00:00 AM,14:30:04,617.41,51.0,30.4,87.0,98.91,9.0,06:36:00,17:42:00
18019,1479947101,11/23/2016 12:00:00 AM,14:25:01,532.95,51.0,30.4,86.0,55.38,12.37,06:36:00,17:42:00
18020,1479946802,11/23/2016 12:00:00 AM,14:20:02,441.96,51.0,30.4,84.0,40.06,7.87,06:36:00,17:42:00
18021,1479946501,11/23/2016 12:00:00 AM,14:15:01,522.34,52.0,30.4,84.0,23.75,12.37,06:36:00,17:42:00
18022,1479946203,11/23/2016 12:00:00 AM,14:10:03,535.45,52.0,30.4,87.0,7.65,5.62,06:36:00,17:42:00
18023,1479945902,11/23/2016 12:00:00 AM,14:05:02,650.48,52.0,30.4,87.0,131.41,4.5,06:36:00,17:42:00
18024,1479945603,11/23/2016 12:00:00 AM,14:00:03,828.22,52.0,30.4,84.0,103.12,1.12,06:36:00,17:42:00
18025,1479945302,11/23/2016 12:00:00 AM,13:55:02,699.32,51.16507236474315,30.4,85.0,338.86,9.0,06:36:00,17:42:00
18026,1479945002,11/23/2016 12:00:00 AM,13:50:02,769.42,52.0,30.4,84.0,39.73,9.0,06:36:00,17:42:00
18027,1479944701,11/23/2016 12:00:00 AM,13:45:01,724.06,53.0,30.4,80.0,52.18,15.75,06:36:00,17:42:00
18028,1479944404,11/23/2016 12:00:00 AM,13:40:04,737.83,53.0,30.4,82.0,18.47,6.75,06:36:00,17:42:00
18029,1479944102,11/23/2016 12:00:00 AM,13:35:02,734.79,53.0,30.4,85.0,117.27,1.12,06:36:00,17:42:00
18030,1479943802,11/23/2016 12:00:00 AM,13:30:02,789.67,52.0,30.4,84.0,179.81,4.5,06:36:00,17:42:00
18031,1479943501,11/23/2016 12:00:00 AM,13:25:01,799.03,51.0,30.41,87.0,66.84,11.25,06:36:00,17:42:00
18032,1479943204,11/23/2016 12:00:00 AM,13:20:04,789.96,51.0,30.41,83.0,69.07,12.37,06:36:00,17:42:00
18033,1479942902,11/23/2016 12:00:00 AM,13:15:02,810.29,52.0,30.41,83.0,123.07,6.75,06:36:00,17:42:00
18034,1479942602,11/23/2016 12:00:00 AM,13:10:02,791.52,52.0,30.41,84.0,199.37,2.25,06:36:00,17:42:00
18035,1479942302,11/23/2016 12:00:00 AM,13:05:02,839.66,52.0,30.41,81.0,38.23,5.62,06:36:00,17:42:00
18036,1479942001,11/23/2016 12:00:00 AM,13:00:01,857.17,52.0,30.41,81.0,88.0,6.75,06:36:00,17:42:00
18037,1479941701,11/23/2016 12:00:00 AM,12:55:01,868.44,52.0,30.42,84.0,121.86,10.12,06:36:00,17:42:00
18038,1479941405,11/23/2016 12:00:00 AM,12:50:05,759.27,52.0,30.42,90.0,45.25,3.37,06:36:00,17:42:00
18039,1479941105,11/23/2016 12:00:00 AM,12:45:05,792.74,53.0,30.42,89.0,17.22,4.5,06:36:00,17:42:00
18040,1479940801,11/23/2016 12:00:00 AM,12:40:01,869.99,52.0,30.42,83.0,54.35,2.25,06:36:00,17:42:00
18041,1479940502,11/23/2016 12:00:00 AM,12:35:02,857.33,52.0,30.42,86.0,6.75,4.5,06:36:00,17:42:00
18042,1479940203,11/23/2016 12:00:00 AM,12:30:03,818.65,52.0,30.42,85.0,55.33,6.75,06:36:00,17:42:00
18043,1479939901,11/23/2016 12:00:00 AM,12:25:01,829.09,53.0,30.42,86.0,37.88,13.5,06:36:00,17:42:00
18044,1479939601,11/23/2016 12:00:00 AM,12:20:01,785.44,52.0,30.42,85.0,80.62,5.62,06:36:00,17:42:00
18045,1479939301,11/23/2016 12:00:00 AM,12:15:01,812.52,52.0,30.42,84.0,45.91,6.75,06:36:00,17:42:00
18046,1479939002,11/23/2016 12:00:00 AM,12:10:02,828.68,52.0,30.42,85.0,19.84,5.62,06:36:00,17:42:00
18047,1479938705,11/23/2016 12:00:00 AM,12:05:05,766.92,52.0,30.43,88.0,87.81,6.75,06:36:00,17:42:00
18048,1479938401,11/23/2016 12:00:00 AM,12:00:01,804.32,52.0,30.43,87.0,14.18,6.75,06:36:00,17:42:00
18049,1479938101,11/23/2016 12:00:00 AM,11:55:01,880.51,52.0,30.43,88.0,68.51,10.12,06:36:00,17:42:00
18050,1479937805,11/23/2016 12:00:00 AM,11:50:05,854.98,52.0,30.43,87.0,72.9,10.12,06:36:00,17:42:00
18051,1479937506,11/23/2016 12:00:00 AM,11:45:06,848.66,52.0,30.43,87.0,93.15,9.0,06:36:00,17:42:00
18052,1479937204,11/23/2016 12:00:00 AM,11:40:04,883.43,51.0,30.43,85.0,87.89,4.5,06:36:00,17:42:00
18053,1479936902,11/23/2016 12:00:00 AM,11:35:02,855.6,51.0,30.43,89.0,333.6,4.5,06:36:00,17:42:00
18054,1479936602,11/23/2016 12:00:00 AM,11:30:02,870.65,50.0,30.43,92.0,113.06,13.5,06:36:00,17:42:00
18055,1479936301,11/23/2016 12:00:00 AM,11:25:01,820.83,50.0,30.43,92.0,87.3,15.75,06:36:00,17:42:00
18056,1479936002,11/23/2016 12:00:00 AM,11:20:02,886.21,51.0,30.43,92.0,45.14,10.12,06:36:00,17:42:00
18057,1479935701,11/23/2016 12:00:00 AM,11:15:01,548.63,51.0,30.43,91.0,27.12,6.75,06:36:00,17:42:00
18058,1479935404,11/23/2016 12:00:00 AM,11:10:04,878.06,51.0,30.43,92.0,63.76,10.12,06:36:00,17:42:00
18059,1479935102,11/23/2016 12:00:00 AM,11:05:02,749.9,52.0,30.43,91.0,46.71,10.12,06:36:00,17:42:00
18060,1479934807,11/23/2016 12:00:00 AM,11:00:07,842.28,52.0,30.44,90.0,42.64,6.75,06:36:00,17:42:00
18061,1479934504,11/23/2016 12:00:00 AM,10:55:04,811.12,51.0,30.44,90.0,52.63,3.37,06:36:00,17:42:00
18062,1479934208,11/23/2016 12:00:00 AM,10:50:08,826.21,51.0,30.44,91.0,65.34,9.0,06:36:00,17:42:00
18063,1479933902,11/23/2016 12:00:00 AM,10:45:02,755.36,51.0,30.44,90.0,58.63,4.5,06:36:00,17:42:00
18064,1479933602,11/23/2016 12:00:00 AM,10:40:02,722.54,52.0,30.44,90.0,76.86,5.62,06:36:00,17:42:00
18065,1479933304,11/23/2016 12:00:00 AM,10:35:04,771.95,52.0,30.44,90.0,81.46,5.62,06:36:00,17:42:00
18066,1479933002,11/23/2016 12:00:00 AM,10:30:02,735.82,52.0,30.45,90.0,30.49,9.0,06:36:00,17:42:00
18067,1479932705,11/23/2016 12:00:00 AM,10:25:05,770.09,52.0,30.45,89.0,349.15,6.75,06:36:00,17:42:00
18068,1479932404,11/23/2016 12:00:00 AM,10:20:04,762.28,51.16507236474315,30.45,88.0,119.4,9.0,06:36:00,17:42:00
18069,1479932102,11/23/2016 12:00:00 AM,10:15:02,739.13,51.0,30.45,90.0,92.93,5.62,06:36:00,17:42:00
18070,1479931802,11/23/2016 12:00:00 AM,10:10:02,734.35,51.0,30.45,91.0,104.13,9.0,06:36:00,17:42:00
18071,1479931501,11/23/2016 12:00:00 AM,10:05:01,730.98,50.0,30.45,91.0,86.09,4.5,06:36:00,17:42:00
18072,1479931201,11/23/2016 12:00:00 AM,10:00:01,686.16,51.0,30.45,91.0,63.45,5.62,06:36:00,17:42:00
18073,1479930902,11/23/2016 12:00:00 AM,09:55:02,696.2,51.0,30.45,90.0,57.2,3.37,06:36:00,17:42:00
18074,1479930604,11/23/2016 12:00:00 AM,09:50:04,687.23,51.0,30.45,88.0,58.35,14.62,06:36:00,17:42:00
18075,1479930305,11/23/2016 12:00:00 AM,09:45:05,670.89,51.0,30.45,85.0,23.24,7.87,06:36:00,17:42:00
18076,1479930002,11/23/2016 12:00:00 AM,09:40:02,655.52,51.0,30.45,85.0,354.16,2.25,06:36:00,17:42:00
18077,1479929702,11/23/2016 12:00:00 AM,09:35:02,642.07,51.0,30.45,85.0,55.32,12.37,06:36:00,17:42:00
18078,1479929404,11/23/2016 12:00:00 AM,09:30:04,626.15,51.0,30.45,82.0,71.77,5.62,06:36:00,17:42:00
18079,1479929105,11/23/2016 12:00:00 AM,09:25:05,611.27,50.0,30.45,89.0,156.4,2.25,06:36:00,17:42:00
18080,1479928802,11/23/2016 12:00:00 AM,09:20:02,595.26,50.0,30.45,93.0,69.35,4.5,06:36:00,17:42:00
18081,1479928501,11/23/2016 12:00:00 AM,09:15:01,566.6,50.0,30.45,93.0,56.45,5.62,06:36:00,17:42:00
18082,1479928204,11/23/2016 12:00:00 AM,09:10:04,562.53,50.0,30.45,92.0,84.03,7.87,06:36:00,17:42:00
18083,1479927902,11/23/2016 12:00:00 AM,09:05:02,543.81,50.0,30.46,92.0,154.54,6.75,06:36:00,17:42:00
18084,1479927602,11/23/2016 12:00:00 AM,09:00:02,527.5,49.0,30.45,92.0,52.01,4.5,06:36:00,17:42:00
18085,1479927301,11/23/2016 12:00:00 AM,08:55:01,511.26,49.0,30.45,91.0,80.13,7.87,06:36:00,17:42:00
18086,1479927001,11/23/2016 12:00:00 AM,08:50:01,497.36,49.0,30.45,89.0,41.83,7.87,06:36:00,17:42:00
18087,1479926703,11/23/2016 12:00:00 AM,08:45:03,402.0,49.0,30.45,89.0,132.72,4.5,06:36:00,17:42:00
18088,1479926405,11/23/2016 12:00:00 AM,08:40:05,475.59,49.0,30.45,86.0,115.37,9.0,06:36:00,17:42:00
18089,1479926101,11/23/2016 12:00:00 AM,08:35:01,451.42,48.0,30.45,85.0,115.53,4.5,06:36:00,17:42:00
18090,1479925805,11/23/2016 12:00:00 AM,08:30:05,417.54,47.0,30.45,92.0,156.81,9.0,06:36:00,17:42:00
18091,1479925502,11/23/2016 12:00:00 AM,08:25:02,406.29,47.0,30.45,99.0,143.54770303349548,6.75,06:36:00,17:42:00
18092,1479925202,11/23/2016 12:00:00 AM,08:20:02,365.84,47.0,30.45,99.0,140.41,6.75,06:36:00,17:42:00
18093,1479924904,11/23/2016 12:00:00 AM,08:15:04,312.62,46.0,30.45,100.0,208.38,3.37,06:36:00,17:42:00
18094,1479924601,11/23/2016 12:00:00 AM,08:10:01,358.57,46.0,30.45,100.0,40.06,4.5,06:36:00,17:42:00
18095,1479924306,11/23/2016 12:00:00 AM,08:05:06,291.33,45.0,30.45,100.0,172.91,4.5,06:36:00,17:42:00
18096,1479924002,11/23/2016 12:00:00 AM,08:00:02,250.98,45.0,30.45,100.0,143.23,10.12,06:36:00,17:42:00
18097,1479923702,11/23/2016 12:00:00 AM,07:55:02,264.64,45.0,30.44,101.0,121.51,13.5,06:36:00,17:42:00
18098,1479923402,11/23/2016 12:00:00 AM,07:50:02,72.38,44.0,30.44,101.0,112.95,3.37,06:36:00,17:42:00
18099,1479923103,11/23/2016 12:00:00 AM,07:45:03,115.95,44.0,30.44,101.0,140.66,9.0,06:36:00,17:42:00
18100,1479922801,11/23/2016 12:00:00 AM,07:40:01,143.49,44.0,30.44,101.0,184.73,11.25,06:36:00,17:42:00
18101,1479922502,11/23/2016 12:00:00 AM,07:35:02,100.08,45.0,30.44,100.0,98.27,15.75,06:36:00,17:42:00
18102,1479922201,11/23/2016 12:00:00 AM,07:30:01,49.61,45.0,30.43,100.0,119.28,9.0,06:36:00,17:42:00
18103,1479921904,11/23/2016 12:00:00 AM,07:25:04,48.33,45.0,30.43,100.0,141.88,7.87,06:36:00,17:42:00
18104,1479921604,11/23/2016 12:00:00 AM,07:20:04,57.18,45.0,30.43,100.0,80.89,12.37,06:36:00,17:42:00
18105,1479921303,11/23/2016 12:00:00 AM,07:15:03,34.45,45.0,30.42,100.0,165.14,7.87,06:36:00,17:42:00
18106,1479921002,11/23/2016 12:00:00 AM,07:10:02,27.62,45.0,30.43,100.0,154.95,12.37,06:36:00,17:42:00
18107,1479920701,11/23/2016 12:00:00 AM,07:05:01,24.93,44.0,30.42,100.0,141.23,5.62,06:36:00,17:42:00
18108,1479920402,11/23/2016 12:00:00 AM,07:00:02,20.08,44.0,30.42,100.0,178.29,5.62,06:36:00,17:42:00
18109,1479920105,11/23/2016 12:00:00 AM,06:55:05,18.66,44.0,30.42,100.0,124.56,5.62,06:36:00,17:42:00
18110,1479919801,11/23/2016 12:00:00 AM,06:50:01,20.14,44.0,30.42,99.0,167.07,3.37,06:36:00,17:42:00
18111,1479919502,11/23/2016 12:00:00 AM,06:45:02,11.9,43.0,30.42,98.0,152.03,11.25,06:36:00,17:42:00
18112,1479919202,11/23/2016 12:00:00 AM,06:40:02,7.2,43.0,30.42,97.0,162.66,9.0,06:36:00,17:42:00
18113,1479918901,11/23/2016 12:00:00 AM,06:35:01,4.7,42.0,30.42,94.0,142.71,10.12,06:36:00,17:42:00
18114,1479918604,11/23/2016 12:00:00 AM,06:30:04,4.3,42.0,30.42,90.0,186.06,5.62,06:36:00,17:42:00
18115,1479918301,11/23/2016 12:00:00 AM,06:25:01,1.53,41.0,30.42,89.0,143.54770303349548,5.62,06:36:00,17:42:00
18116,1479918001,11/23/2016 12:00:00 AM,06:20:01,1.17,41.0,30.41,88.0,174.29,3.37,06:36:00,17:42:00
18117,1479917704,11/23/2016 12:00:00 AM,06:15:04,1.18,41.0,30.41,88.0,84.95,3.37,06:36:00,17:42:00
18118,1479917402,11/23/2016 12:00:00 AM,06:10:02,1.19,41.0,30.41,88.0,101.93,6.75,06:36:00,17:42:00
18119,1479917102,11/23/2016 12:00:00 AM,06:05:02,1.2,40.0,30.41,90.0,77.26,11.25,06:36:00,17:42:00
18120,1479916804,11/23/2016 12:00:00 AM,06:00:04,1.19,40.0,30.4,89.0,147.62,11.25,06:36:00,17:42:00
18121,1479916502,11/23/2016 12:00:00 AM,05:55:02,1.19,40.0,30.4,90.0,163.27,7.87,06:36:00,17:42:00
18122,1479916203,11/23/2016 12:00:00 AM,05:50:03,1.16,41.0,30.4,86.0,102.23,10.12,06:36:00,17:42:00
18123,1479915901,11/23/2016 12:00:00 AM,05:45:01,1.15,41.0,30.4,84.0,180.88,5.62,06:36:00,17:42:00
18124,1479915601,11/23/2016 12:00:00 AM,05:40:01,1.21,41.0,30.4,83.0,62.09,5.62,06:36:00,17:42:00
18125,1479915302,11/23/2016 12:00:00 AM,05:35:02,1.2,41.0,30.4,81.0,169.36,4.5,06:36:00,17:42:00
18126,1479915003,11/23/2016 12:00:00 AM,05:30:03,1.22,41.0,30.4,82.0,112.38,5.62,06:36:00,17:42:00
18127,1479914702,11/23/2016 12:00:00 AM,05:25:02,1.18,41.0,30.39,84.0,166.81,10.12,06:36:00,17:42:00
18128,1479914402,11/23/2016 12:00:00 AM,05:20:02,1.2,41.0,30.39,89.0,153.87,10.12,06:36:00,17:42:00
18129,1479914101,11/23/2016 12:00:00 AM,05:15:01,1.18,41.0,30.39,91.0,145.16,4.5,06:36:00,17:42:00
18130,1479913801,11/23/2016 12:00:00 AM,05:10:01,1.21,41.0,30.39,92.0,162.54,5.62,06:36:00,17:42:00
18131,1479913502,11/23/2016 12:00:00 AM,05:05:02,1.2,41.0,30.39,91.0,157.07,6.229096658193317,06:36:00,17:42:00
18132,1479913204,11/23/2016 12:00:00 AM,05:00:04,1.2,41.0,30.39,90.0,175.23,6.75,06:36:00,17:42:00
18133,1479912904,11/23/2016 12:00:00 AM,04:55:04,1.21,41.0,30.39,90.0,147.06,10.12,06:36:00,17:42:00
18134,1479912602,11/23/2016 12:00:00 AM,04:50:02,1.18,41.0,30.39,89.0,118.25,12.37,06:36:00,17:42:00
18135,1479912305,11/23/2016 12:00:00 AM,04:45:05,1.19,41.0,30.39,87.0,157.88,10.12,06:36:00,17:42:00
18136,1479912004,11/23/2016 12:00:00 AM,04:40:04,1.17,41.0,30.39,85.0,112.17,3.37,06:36:00,17:42:00
18137,1479911702,11/23/2016 12:00:00 AM,04:35:02,1.17,41.0,30.39,83.0,174.19,4.5,06:36:00,17:42:00
18138,1479911402,11/23/2016 12:00:00 AM,04:30:02,1.18,41.0,30.39,83.0,132.14,7.87,06:36:00,17:42:00
18139,1479911102,11/23/2016 12:00:00 AM,04:25:02,1.17,40.0,30.39,86.0,155.63,6.75,06:36:00,17:42:00
18140,1479910801,11/23/2016 12:00:00 AM,04:20:01,1.17,40.0,30.39,89.0,164.91,5.62,06:36:00,17:42:00
18141,1479910502,11/23/2016 12:00:00 AM,04:15:02,1.18,40.0,30.4,90.0,111.29,5.62,06:36:00,17:42:00
18142,1479910202,11/23/2016 12:00:00 AM,04:10:02,1.2,41.0,30.39,95.0,143.65,9.0,06:36:00,17:42:00
18143,1479909902,11/23/2016 12:00:00 AM,04:05:02,1.2,41.0,30.39,95.0,198.01,6.75,06:36:00,17:42:00
18144,1479909601,11/23/2016 12:00:00 AM,04:00:01,1.17,41.0,30.4,94.0,136.5,9.0,06:36:00,17:42:00
18145,1479909305,11/23/2016 12:00:00 AM,03:55:05,1.2,41.0,30.4,92.0,81.27,5.62,06:36:00,17:42:00
18146,1479909005,11/23/2016 12:00:00 AM,03:50:05,1.22,41.0,30.4,90.0,126.1,4.5,06:36:00,17:42:00
18147,1479908702,11/23/2016 12:00:00 AM,03:45:02,1.19,41.0,30.4,86.0,106.42,3.37,06:36:00,17:42:00
18148,1479908404,11/23/2016 12:00:00 AM,03:40:04,1.18,40.0,30.39,86.0,118.9,5.62,06:36:00,17:42:00
18149,1479908102,11/23/2016 12:00:00 AM,03:35:02,1.18,40.0,30.39,86.0,205.43,7.87,06:36:00,17:42:00
18150,1479907801,11/23/2016 12:00:00 AM,03:30:01,1.19,40.0,30.39,85.0,168.15,5.62,06:36:00,17:42:00
18151,1479907505,11/23/2016 12:00:00 AM,03:25:05,1.19,41.0,30.39,85.0,227.48,3.37,06:36:00,17:42:00
18152,1479907202,11/23/2016 12:00:00 AM,03:20:02,1.16,41.0,30.4,82.0,167.04,5.62,06:36:00,17:42:00
18153,1479906904,11/23/2016 12:00:00 AM,03:15:04,1.21,41.0,30.4,80.0,150.42,4.5,06:36:00,17:42:00
18154,1479906605,11/23/2016 12:00:00 AM,03:10:05,1.18,41.0,30.4,77.0,205.58,3.37,06:36:00,17:42:00
18155,1479906305,11/23/2016 12:00:00 AM,03:05:05,1.17,41.0,30.4,76.0,137.1,6.75,06:36:00,17:42:00
18156,1479906001,11/23/2016 12:00:00 AM,03:00:01,1.2,42.0,30.4,78.0,86.49,2.25,06:36:00,17:42:00
18157,1479905702,11/23/2016 12:00:00 AM,02:55:02,1.16,42.0,30.39,76.0,166.0,9.0,06:36:00,17:42:00
18158,1479905402,11/23/2016 12:00:00 AM,02:50:02,1.18,42.0,30.4,77.0,182.51,3.37,06:36:00,17:42:00
18159,1479905101,11/23/2016 12:00:00 AM,02:45:01,1.16,42.0,30.4,77.0,108.01,5.62,06:36:00,17:42:00
18160,1479904801,11/23/2016 12:00:00 AM,02:40:01,1.17,42.0,30.4,82.0,130.36,6.75,06:36:00,17:42:00
18161,1479904501,11/23/2016 12:00:00 AM,02:35:01,1.19,42.0,30.39,74.83719267708949,146.28,6.75,06:36:00,17:42:00
18162,1479904204,11/23/2016 12:00:00 AM,02:30:04,1.19,42.0,30.39,90.0,132.47,5.62,06:36:00,17:42:00
18163,1479903902,11/23/2016 12:00:00 AM,02:25:02,1.21,42.0,30.39,99.0,126.73,3.37,06:36:00,17:42:00
18164,1479903602,11/23/2016 12:00:00 AM,02:20:02,1.18,43.0,30.39,100.0,128.39,7.87,06:36:00,17:42:00
18165,1479903304,11/23/2016 12:00:00 AM,02:15:04,1.19,44.0,30.4,101.0,152.48,5.62,06:36:00,17:42:00
18166,1479903004,11/23/2016 12:00:00 AM,02:10:04,1.23,44.0,30.4,101.0,115.69,4.5,06:36:00,17:42:00
18167,1479902702,11/23/2016 12:00:00 AM,02:05:02,1.19,44.0,30.4,101.0,138.4,9.0,06:36:00,17:42:00
18168,1479902402,11/23/2016 12:00:00 AM,02:00:02,1.24,45.0,30.4,101.0,121.28,5.62,06:36:00,17:42:00
18169,1479902101,11/23/2016 12:00:00 AM,01:55:01,1.18,44.0,30.4,101.0,141.62,5.62,06:36:00,17:42:00
18170,1479901801,11/23/2016 12:00:00 AM,01:50:01,1.18,44.0,30.4,101.0,141.03,11.25,06:36:00,17:42:00
18171,1479901502,11/23/2016 12:00:00 AM,01:45:02,1.2,44.0,30.4,100.0,164.23,6.75,06:36:00,17:42:00
18172,1479901204,11/23/2016 12:00:00 AM,01:40:04,1.22,44.0,30.4,100.0,164.63,7.87,06:36:00,17:42:00
18173,1479900902,11/23/2016 12:00:00 AM,01:35:02,1.18,44.0,30.4,100.0,161.12,11.25,06:36:00,17:42:00
18174,1479900604,11/23/2016 12:00:00 AM,01:30:04,1.16,43.0,30.4,100.0,110.72,10.12,06:36:00,17:42:00
18175,1479900301,11/23/2016 12:00:00 AM,01:25:01,1.19,43.0,30.4,99.0,126.03,7.87,06:36:00,17:42:00
18176,1479900001,11/23/2016 12:00:00 AM,01:20:01,1.2,42.0,30.423028000868246,99.0,166.01,13.5,06:36:00,17:42:00
18177,1479899702,11/23/2016 12:00:00 AM,01:15:02,1.16,42.0,30.41,97.0,167.12,4.5,06:36:00,17:42:00
18178,1479899402,11/23/2016 12:00:00 AM,01:10:02,1.17,42.0,30.41,96.0,126.9,9.0,06:36:00,17:42:00
18179,1479899102,11/23/2016 12:00:00 AM,01:05:02,1.22,42.0,30.41,95.0,158.07,9.0,06:36:00,17:42:00
18180,1479898804,11/23/2016 12:00:00 AM,01:00:04,1.19,42.0,30.42,93.0,163.8,6.75,06:36:00,17:42:00
18181,1479898502,11/23/2016 12:00:00 AM,00:55:02,1.21,41.0,30.42,86.0,59.77,7.87,06:36:00,17:42:00
18182,1479898202,11/23/2016 12:00:00 AM,00:50:02,1.18,41.0,30.41,84.0,100.43,12.37,06:36:00,17:42:00
18183,1479897904,11/23/2016 12:00:00 AM,00:45:04,1.18,41.0,30.42,81.0,172.55,6.75,06:36:00,17:42:00
18184,1479897604,11/23/2016 12:00:00 AM,00:40:04,1.19,41.0,30.42,78.0,157.03,14.62,06:36:00,17:42:00
18185,1479897301,11/23/2016 12:00:00 AM,00:35:01,1.17,41.0,30.42,79.0,144.32,11.25,06:36:00,17:42:00
18186,1479897001,11/23/2016 12:00:00 AM,00:30:01,1.17,41.0,30.42,84.0,175.18,7.87,06:36:00,17:42:00
18187,1479896702,11/23/2016 12:00:00 AM,00:25:02,1.16,41.0,30.42,88.0,139.41,7.87,06:36:00,17:42:00
18188,1479896402,11/23/2016 12:00:00 AM,00:20:02,1.2,41.0,30.42,92.0,164.86,7.87,06:36:00,17:42:00
18189,1479896101,11/23/2016 12:00:00 AM,00:15:01,1.18,41.0,30.42,74.83719267708949,171.04,11.25,06:36:00,17:42:00
18190,1479895802,11/23/2016 12:00:00 AM,00:10:02,1.18,41.0,30.43,93.0,183.04,10.12,06:36:00,17:42:00
18191,1479895501,11/23/2016 12:00:00 AM,00:05:01,1.16,41.0,30.43,93.0,139.23,12.37,06:36:00,17:42:00
18192,1479895202,11/23/2016 12:00:00 AM,00:00:02,1.2,41.0,30.43,89.0,170.36,4.5,06:36:00,17:42:00
18193,1479894901,11/22/2016 12:00:00 AM,23:55:01,1.17,40.0,30.43,82.0,161.94,6.75,06:35:00,17:42:00
18194,1479894601,11/22/2016 12:00:00 AM,23:50:01,1.18,40.0,30.43,78.0,126.77,2.25,06:35:00,17:42:00
18195,1479894301,11/22/2016 12:00:00 AM,23:45:01,1.18,40.0,30.43,79.0,130.38,7.87,06:35:00,17:42:00
18196,1479894005,11/22/2016 12:00:00 AM,23:40:05,1.17,40.0,30.43,81.0,160.37,10.12,06:35:00,17:42:00
18197,1479893702,11/22/2016 12:00:00 AM,23:35:02,1.18,40.0,30.43,83.0,173.54,6.75,06:35:00,17:42:00
18198,1479893401,11/22/2016 12:00:00 AM,23:30:01,1.2,40.0,30.44,83.0,139.4,7.87,06:35:00,17:42:00
18199,1479893104,11/22/2016 12:00:00 AM,23:25:04,1.21,41.0,30.44,84.0,141.29,6.75,06:35:00,17:42:00
18200,1479892805,11/22/2016 12:00:00 AM,23:20:05,1.19,40.0,30.44,88.0,137.69,13.5,06:35:00,17:42:00
18201,1479892501,11/22/2016 12:00:00 AM,23:15:01,1.21,40.0,30.44,100.0,105.82,6.75,06:35:00,17:42:00
18202,1479892204,11/22/2016 12:00:00 AM,23:10:04,1.16,41.0,30.44,101.0,164.15,9.0,06:35:00,17:42:00
18203,1479891902,11/22/2016 12:00:00 AM,23:05:02,1.15,41.0,30.44,101.0,141.9,7.87,06:35:00,17:42:00
18204,1479891601,11/22/2016 12:00:00 AM,23:00:01,1.19,41.0,30.44,101.0,113.58,3.37,06:35:00,17:42:00
18205,1479891307,11/22/2016 12:00:00 AM,22:55:07,1.19,42.0,30.44,101.0,142.11,7.87,06:35:00,17:42:00
18206,1479891002,11/22/2016 12:00:00 AM,22:50:02,1.17,42.0,30.44,101.0,21.21,5.62,06:35:00,17:42:00
18207,1479890701,11/22/2016 12:00:00 AM,22:45:01,1.21,43.0,30.423028000868246,101.0,85.25,3.37,06:35:00,17:42:00
18208,1479890402,11/22/2016 12:00:00 AM,22:40:02,1.19,43.0,30.44,101.0,152.74,5.62,06:35:00,17:42:00
18209,1479890102,11/22/2016 12:00:00 AM,22:35:02,1.19,43.0,30.44,101.0,95.11,7.87,06:35:00,17:42:00
18210,1479889801,11/22/2016 12:00:00 AM,22:30:01,1.23,43.0,30.44,101.0,132.0,10.12,06:35:00,17:42:00
18211,1479889503,11/22/2016 12:00:00 AM,22:25:03,1.2,43.0,30.44,101.0,100.95,2.25,06:35:00,17:42:00
18212,1479889203,11/22/2016 12:00:00 AM,22:20:03,1.19,43.0,30.44,101.0,150.95,5.62,06:35:00,17:42:00
18213,1479888904,11/22/2016 12:00:00 AM,22:15:04,1.2,43.0,30.44,101.0,137.71,6.75,06:35:00,17:42:00
18214,1479888601,11/22/2016 12:00:00 AM,22:10:01,1.21,43.0,30.44,101.0,117.75,1.12,06:35:00,17:42:00
18215,1479888301,11/22/2016 12:00:00 AM,22:05:01,1.2,43.0,30.44,101.0,163.7,10.12,06:35:00,17:42:00
18216,1479888001,11/22/2016 12:00:00 AM,22:00:01,1.19,43.0,30.44,101.0,134.06,11.25,06:35:00,17:42:00
18217,1479887702,11/22/2016 12:00:00 AM,21:55:02,1.2,42.0,30.44,101.0,211.7,4.5,06:35:00,17:42:00
18218,1479887402,11/22/2016 12:00:00 AM,21:50:02,1.21,42.0,30.44,101.0,150.66,5.62,06:35:00,17:42:00
18219,1479887102,11/22/2016 12:00:00 AM,21:45:02,1.15,42.0,30.44,101.0,166.23,7.87,06:35:00,17:42:00
18220,1479886804,11/22/2016 12:00:00 AM,21:40:04,1.16,42.0,30.44,101.0,105.08,6.75,06:35:00,17:42:00
18221,1479886502,11/22/2016 12:00:00 AM,21:35:02,1.2,43.0,30.44,101.0,126.85,6.75,06:35:00,17:42:00
18222,1479886206,11/22/2016 12:00:00 AM,21:30:06,1.19,43.0,30.44,101.0,102.7,6.229096658193317,06:35:00,17:42:00
18223,1479885904,11/22/2016 12:00:00 AM,21:25:04,1.19,43.0,30.44,101.0,139.04,6.75,06:35:00,17:42:00
18224,1479885601,11/22/2016 12:00:00 AM,21:20:01,1.19,43.0,30.44,101.0,166.77,4.5,06:35:00,17:42:00
18225,1479885301,11/22/2016 12:00:00 AM,21:15:01,1.21,43.0,30.44,101.0,167.57,2.25,06:35:00,17:42:00
18226,1479885002,11/22/2016 12:00:00 AM,21:10:02,1.19,43.0,30.44,101.0,105.32,10.12,06:35:00,17:42:00
18227,1479884702,11/22/2016 12:00:00 AM,21:05:02,1.21,43.0,30.44,101.0,128.8,2.25,06:35:00,17:42:00
18228,1479884401,11/22/2016 12:00:00 AM,21:00:01,1.18,43.0,30.44,100.0,129.01,6.75,06:35:00,17:42:00
18229,1479884105,11/22/2016 12:00:00 AM,20:55:05,1.22,43.0,30.44,100.0,170.95,7.87,06:35:00,17:42:00
18230,1479883801,11/22/2016 12:00:00 AM,20:50:01,1.21,43.0,30.44,100.0,110.21,7.87,06:35:00,17:42:00
18231,1479883501,11/22/2016 12:00:00 AM,20:45:01,1.22,43.0,30.44,74.83719267708949,87.41,4.5,06:35:00,17:42:00
18232,1479883202,11/22/2016 12:00:00 AM,20:40:02,1.2,42.0,30.44,100.0,128.69,7.87,06:35:00,17:42:00
18233,1479882902,11/22/2016 12:00:00 AM,20:35:02,1.18,42.0,30.44,99.0,187.73,5.62,06:35:00,17:42:00
18234,1479882601,11/22/2016 12:00:00 AM,20:30:01,1.19,42.0,30.44,99.0,147.91,6.75,06:35:00,17:42:00
18235,1479882304,11/22/2016 12:00:00 AM,20:25:04,1.19,41.0,30.44,98.0,122.74,11.25,06:35:00,17:42:00
18236,1479882004,11/22/2016 12:00:00 AM,20:20:04,1.2,41.0,30.44,98.0,168.22,4.5,06:35:00,17:42:00
18237,1479881705,11/22/2016 12:00:00 AM,20:15:05,1.22,41.0,30.44,97.0,142.7,9.0,06:35:00,17:42:00
18238,1479881403,11/22/2016 12:00:00 AM,20:10:03,1.18,41.0,30.44,96.0,178.46,5.62,06:35:00,17:42:00
18239,1479881103,11/22/2016 12:00:00 AM,20:05:03,1.19,41.0,30.44,95.0,178.8,10.12,06:35:00,17:42:00
18240,1479880803,11/22/2016 12:00:00 AM,20:00:03,1.17,41.0,30.44,92.0,204.41,3.37,06:35:00,17:42:00
18241,1479880503,11/22/2016 12:00:00 AM,19:55:03,1.2,41.0,30.44,89.0,162.56,13.5,06:35:00,17:42:00
18242,1479880203,11/22/2016 12:00:00 AM,19:50:03,1.18,41.0,30.44,76.0,119.73,9.0,06:35:00,17:42:00
18243,1479879901,11/22/2016 12:00:00 AM,19:45:01,1.19,41.0,30.44,71.0,133.04,7.87,06:35:00,17:42:00
18244,1479879604,11/22/2016 12:00:00 AM,19:40:04,1.2,42.0,30.44,67.0,183.14,5.62,06:35:00,17:42:00
18245,1479879302,11/22/2016 12:00:00 AM,19:35:02,1.24,42.0,30.44,66.0,137.95,7.87,06:35:00,17:42:00
18246,1479879002,11/22/2016 12:00:00 AM,19:30:02,1.15,41.0,30.44,64.0,132.09,7.87,06:35:00,17:42:00
18247,1479878702,11/22/2016 12:00:00 AM,19:25:02,1.24,42.0,30.423028000868246,66.0,155.04,5.62,06:35:00,17:42:00
18248,1479878401,11/22/2016 12:00:00 AM,19:20:01,1.2,41.0,30.43,67.0,114.78,5.62,06:35:00,17:42:00
18249,1479878102,11/22/2016 12:00:00 AM,19:15:02,1.21,41.0,30.43,75.0,114.17,11.25,06:35:00,17:42:00
18250,1479877801,11/22/2016 12:00:00 AM,19:10:01,1.18,41.0,30.43,90.0,148.13,7.87,06:35:00,17:42:00
18251,1479877504,11/22/2016 12:00:00 AM,19:05:04,1.18,41.0,30.43,92.0,120.72,10.12,06:35:00,17:42:00
18252,1479877203,11/22/2016 12:00:00 AM,19:00:03,1.17,42.0,30.43,88.0,151.36,6.75,06:35:00,17:42:00
18253,1479876904,11/22/2016 12:00:00 AM,18:55:04,1.21,43.0,30.42,76.0,135.33,7.87,06:35:00,17:42:00
18254,1479876602,11/22/2016 12:00:00 AM,18:50:02,1.18,44.0,30.42,64.0,61.2,5.62,06:35:00,17:42:00
18255,1479876306,11/22/2016 12:00:00 AM,18:45:06,1.21,44.0,30.42,60.0,137.73,5.62,06:35:00,17:42:00
18256,1479876005,11/22/2016 12:00:00 AM,18:40:05,1.23,44.0,30.42,64.0,170.14,9.0,06:35:00,17:42:00
18257,1479875704,11/22/2016 12:00:00 AM,18:35:04,1.22,43.0,30.42,64.0,152.12,9.0,06:35:00,17:42:00
18258,1479875401,11/22/2016 12:00:00 AM,18:30:01,1.22,43.0,30.42,69.0,156.38,10.12,06:35:00,17:42:00
18259,1479875102,11/22/2016 12:00:00 AM,18:25:02,1.2,44.0,30.42,69.0,136.27,6.75,06:35:00,17:42:00
18260,1479874802,11/22/2016 12:00:00 AM,18:20:02,1.2,44.0,30.42,70.0,177.08,5.62,06:35:00,17:42:00
18261,1479874504,11/22/2016 12:00:00 AM,18:15:04,1.2,44.0,30.41,71.0,124.58,9.0,06:35:00,17:42:00
18262,1479874204,11/22/2016 12:00:00 AM,18:10:04,1.19,43.0,30.42,73.0,92.99,9.0,06:35:00,17:42:00
18263,1479873905,11/22/2016 12:00:00 AM,18:05:05,1.21,44.0,30.41,76.0,175.45,6.75,06:35:00,17:42:00
18264,1479873602,11/22/2016 12:00:00 AM,18:00:02,1.21,43.0,30.41,76.0,148.6,6.75,06:35:00,17:42:00
18265,1479873302,11/22/2016 12:00:00 AM,17:55:02,1.22,43.0,30.41,84.0,177.85,3.37,06:35:00,17:42:00
18266,1479873001,11/22/2016 12:00:00 AM,17:50:01,1.89,43.0,30.42,99.0,127.91,3.37,06:35:00,17:42:00
18267,1479872701,11/22/2016 12:00:00 AM,17:45:01,3.03,43.0,30.42,99.0,300.32,2.25,06:35:00,17:42:00
18268,1479872403,11/22/2016 12:00:00 AM,17:40:03,4.4,43.0,30.42,99.0,149.21,1.12,06:35:00,17:42:00
18269,1479872102,11/22/2016 12:00:00 AM,17:35:02,7.05,44.0,30.42,99.0,72.97,3.37,06:35:00,17:42:00
18270,1479871802,11/22/2016 12:00:00 AM,17:30:02,9.08,44.0,30.41,98.0,102.3,9.0,06:35:00,17:42:00
18271,1479871502,11/22/2016 12:00:00 AM,17:25:02,10.34,44.0,30.41,98.0,36.74,7.87,06:35:00,17:42:00
18272,1479871204,11/22/2016 12:00:00 AM,17:20:04,11.66,44.0,30.41,98.0,71.4,3.37,06:35:00,17:42:00
18273,1479870901,11/22/2016 12:00:00 AM,17:15:01,13.05,44.0,30.41,98.0,125.41,6.75,06:35:00,17:42:00
18274,1479870601,11/22/2016 12:00:00 AM,17:10:01,14.87,45.0,30.41,98.0,96.21,6.75,06:35:00,17:42:00
18275,1479870302,11/22/2016 12:00:00 AM,17:05:02,26.61,45.0,30.41,96.0,41.44,3.37,06:35:00,17:42:00
18276,1479870002,11/22/2016 12:00:00 AM,17:00:02,61.62,46.0,30.41,95.0,98.47,5.62,06:35:00,17:42:00
18277,1479869704,11/22/2016 12:00:00 AM,16:55:04,131.15,46.0,30.4,95.0,102.95,7.87,06:35:00,17:42:00
18278,1479869404,11/22/2016 12:00:00 AM,16:50:04,148.14,46.0,30.4,96.0,121.38,3.37,06:35:00,17:42:00
18279,1479869104,11/22/2016 12:00:00 AM,16:45:04,198.31,46.0,30.4,97.0,22.3,3.37,06:35:00,17:42:00
18280,1479868801,11/22/2016 12:00:00 AM,16:40:01,61.36,45.0,30.4,97.0,154.83,6.75,06:35:00,17:42:00
18281,1479868502,11/22/2016 12:00:00 AM,16:35:02,74.65,45.0,30.39,96.0,61.96,5.62,06:35:00,17:42:00
18282,1479868201,11/22/2016 12:00:00 AM,16:30:01,113.57,46.0,30.39,97.0,94.34,7.87,06:35:00,17:42:00
18283,1479867902,11/22/2016 12:00:00 AM,16:25:02,129.12,46.0,30.39,97.0,85.03,7.87,06:35:00,17:42:00
18284,1479867604,11/22/2016 12:00:00 AM,16:20:04,108.39,46.0,30.39,97.0,0.14,2.25,06:35:00,17:42:00
18285,1479867301,11/22/2016 12:00:00 AM,16:15:01,216.88,47.0,30.39,97.0,46.27,3.37,06:35:00,17:42:00
18286,1479867004,11/22/2016 12:00:00 AM,16:10:04,295.29,47.0,30.39,98.0,66.1,7.87,06:35:00,17:42:00
18287,1479866702,11/22/2016 12:00:00 AM,16:05:02,118.67,47.0,30.39,97.0,19.32,7.87,06:35:00,17:42:00
18288,1479866402,11/22/2016 12:00:00 AM,16:00:02,271.4,48.0,30.39,96.0,76.92,7.87,06:35:00,17:42:00
18289,1479866101,11/22/2016 12:00:00 AM,15:55:01,258.93,49.0,30.39,96.0,50.62,14.62,06:35:00,17:42:00
18290,1479865801,11/22/2016 12:00:00 AM,15:50:01,487.44,48.0,30.39,95.0,98.66,6.75,06:35:00,17:42:00
18291,1479865502,11/22/2016 12:00:00 AM,15:45:02,444.03,48.0,30.39,96.0,59.53,2.25,06:35:00,17:42:00
18292,1479865205,11/22/2016 12:00:00 AM,15:40:05,536.14,48.0,30.39,97.0,155.0,4.5,06:35:00,17:42:00
18293,1479864902,11/22/2016 12:00:00 AM,15:35:02,525.79,48.0,30.39,97.0,74.93,6.75,06:35:00,17:42:00
18294,1479864602,11/22/2016 12:00:00 AM,15:30:02,184.87,48.0,30.39,98.0,193.99,9.0,06:35:00,17:42:00
18295,1479864301,11/22/2016 12:00:00 AM,15:25:01,603.1,48.0,30.39,99.0,108.78,4.5,06:35:00,17:42:00
18296,1479864002,11/22/2016 12:00:00 AM,15:20:02,290.15,48.0,30.39,99.0,43.16,5.62,06:35:00,17:42:00
18297,1479863701,11/22/2016 12:00:00 AM,15:15:01,220.53,48.0,30.39,100.0,46.97,5.62,06:35:00,17:42:00
18298,1479863402,11/22/2016 12:00:00 AM,15:10:02,494.18,48.0,30.39,99.0,70.8,9.0,06:35:00,17:42:00
18299,1479863102,11/22/2016 12:00:00 AM,15:05:02,571.4,48.0,30.38,99.0,94.9,5.62,06:35:00,17:42:00
18300,1479862801,11/22/2016 12:00:00 AM,15:00:01,223.2,49.0,30.38,99.0,49.98,2.25,06:35:00,17:42:00
18301,1479862501,11/22/2016 12:00:00 AM,14:55:01,414.37,49.0,30.38,98.0,84.38,4.5,06:35:00,17:42:00
18302,1479862203,11/22/2016 12:00:00 AM,14:50:03,726.91,48.0,30.38,98.0,53.5,9.0,06:35:00,17:42:00
18303,1479861902,11/22/2016 12:00:00 AM,14:45:02,399.77,48.0,30.38,98.0,90.87,5.62,06:35:00,17:42:00
18304,1479861604,11/22/2016 12:00:00 AM,14:40:04,473.96,48.0,30.39,99.0,153.55,4.5,06:35:00,17:42:00
18305,1479861302,11/22/2016 12:00:00 AM,14:35:02,501.77,48.0,30.39,99.0,62.49,2.25,06:35:00,17:42:00
18306,1479861004,11/22/2016 12:00:00 AM,14:30:04,312.76,48.0,30.39,99.0,0.11,7.87,06:35:00,17:42:00
18307,1479860702,11/22/2016 12:00:00 AM,14:25:02,544.68,48.0,30.38,98.0,89.41,9.0,06:35:00,17:42:00
18308,1479860403,11/22/2016 12:00:00 AM,14:20:03,429.23,49.0,30.38,98.0,57.76,12.37,06:35:00,17:42:00
18309,1479860102,11/22/2016 12:00:00 AM,14:15:02,370.49,50.0,30.38,98.0,52.73,9.0,06:35:00,17:42:00
18310,1479859802,11/22/2016 12:00:00 AM,14:10:02,330.8,50.0,30.38,98.0,89.47,7.87,06:35:00,17:42:00
18311,1479859504,11/22/2016 12:00:00 AM,14:05:04,981.39,50.0,30.38,99.0,22.98,5.62,06:35:00,17:42:00
18312,1479859202,11/22/2016 12:00:00 AM,14:00:02,888.06,50.0,30.38,100.0,65.24,9.0,06:35:00,17:42:00
18313,1479858902,11/22/2016 12:00:00 AM,13:55:02,893.06,50.0,30.38,100.0,19.56,3.37,06:35:00,17:42:00
18314,1479858602,11/22/2016 12:00:00 AM,13:50:02,576.22,49.0,30.38,100.0,49.31,6.75,06:35:00,17:42:00
18315,1479858304,11/22/2016 12:00:00 AM,13:45:04,488.35,50.0,30.39,100.0,45.46,9.0,06:35:00,17:42:00
18316,1479858002,11/22/2016 12:00:00 AM,13:40:02,443.02,50.0,30.39,100.0,165.52,7.87,06:35:00,17:42:00
18317,1479857702,11/22/2016 12:00:00 AM,13:35:02,478.35,49.0,30.39,101.0,43.69,11.25,06:35:00,17:42:00
18318,1479857402,11/22/2016 12:00:00 AM,13:30:02,509.68,49.0,30.39,101.0,74.72,2.25,06:35:00,17:42:00
18319,1479857101,11/22/2016 12:00:00 AM,13:25:01,428.46,49.0,30.39,101.0,106.51,5.62,06:35:00,17:42:00
18320,1479856804,11/22/2016 12:00:00 AM,13:20:04,361.22,49.0,30.39,101.0,51.52,9.0,06:35:00,17:42:00
18321,1479856502,11/22/2016 12:00:00 AM,13:15:02,412.07,48.0,30.39,101.0,359.94,3.37,06:35:00,17:42:00
18322,1479856204,11/22/2016 12:00:00 AM,13:10:04,333.93,49.0,30.39,101.0,69.0,4.5,06:35:00,17:42:00
18323,1479855902,11/22/2016 12:00:00 AM,13:05:02,411.19,49.0,30.4,102.0,167.21,4.5,06:35:00,17:42:00
18324,1479855601,11/22/2016 12:00:00 AM,13:00:01,399.75,48.0,30.4,102.0,147.08,5.62,06:35:00,17:42:00
18325,1479855302,11/22/2016 12:00:00 AM,12:55:02,798.04,48.0,30.4,102.0,78.91,6.75,06:35:00,17:42:00
18326,1479855002,11/22/2016 12:00:00 AM,12:50:02,987.16,48.0,30.4,102.0,12.53,7.87,06:35:00,17:42:00
18327,1479854701,11/22/2016 12:00:00 AM,12:45:01,552.98,48.0,30.4,102.0,114.61,3.37,06:35:00,17:42:00
18328,1479854402,11/22/2016 12:00:00 AM,12:40:02,328.34,48.0,30.4,102.0,91.99,9.0,06:35:00,17:42:00
18329,1479854103,11/22/2016 12:00:00 AM,12:35:03,500.53,48.0,30.4,102.0,83.1,6.75,06:35:00,17:42:00
18330,1479853802,11/22/2016 12:00:00 AM,12:30:02,387.11,48.0,30.4,102.0,215.19,3.37,06:35:00,17:42:00
18331,1479853504,11/22/2016 12:00:00 AM,12:25:04,329.41,48.0,30.41,102.0,67.63,6.75,06:35:00,17:42:00
18332,1479853205,11/22/2016 12:00:00 AM,12:20:05,459.87,49.0,30.41,102.0,63.05,5.62,06:35:00,17:42:00
18333,1479852902,11/22/2016 12:00:00 AM,12:15:02,539.28,49.0,30.41,102.0,119.29,5.62,06:35:00,17:42:00
18334,1479852604,11/22/2016 12:00:00 AM,12:10:04,604.0,49.0,30.41,102.0,48.17,7.87,06:35:00,17:42:00
18335,1479852301,11/22/2016 12:00:00 AM,12:05:01,314.43,48.0,30.41,102.0,75.71,7.87,06:35:00,17:42:00
18336,1479852005,11/22/2016 12:00:00 AM,12:00:05,364.62,49.0,30.42,102.0,66.98,10.12,06:35:00,17:42:00
18337,1479851701,11/22/2016 12:00:00 AM,11:55:01,606.84,48.0,30.42,102.0,109.32,3.37,06:35:00,17:42:00
18338,1479851405,11/22/2016 12:00:00 AM,11:50:05,355.08,48.0,30.42,102.0,47.9,4.5,06:35:00,17:42:00
18339,1479851101,11/22/2016 12:00:00 AM,11:45:01,246.03,48.0,30.42,101.0,102.8,3.37,06:35:00,17:42:00
18340,1479850802,11/22/2016 12:00:00 AM,11:40:02,296.82,48.0,30.42,101.0,28.5,2.25,06:35:00,17:42:00
18341,1479850501,11/22/2016 12:00:00 AM,11:35:01,301.68,48.0,30.42,101.0,1.75,11.25,06:35:00,17:42:00
18342,1479850202,11/22/2016 12:00:00 AM,11:30:02,284.46,48.0,30.42,101.0,36.22,5.62,06:35:00,17:42:00
18343,1479849902,11/22/2016 12:00:00 AM,11:25:02,368.9,48.0,30.42,101.0,47.95,4.5,06:35:00,17:42:00
18344,1479849602,11/22/2016 12:00:00 AM,11:20:02,249.2,48.0,30.42,101.0,133.27,7.87,06:35:00,17:42:00
18345,1479849301,11/22/2016 12:00:00 AM,11:15:01,298.23,49.0,30.42,101.0,23.07,5.62,06:35:00,17:42:00
18346,1479849002,11/22/2016 12:00:00 AM,11:10:02,357.99,49.0,30.43,101.0,66.91,4.5,06:35:00,17:42:00
18347,1479848702,11/22/2016 12:00:00 AM,11:05:02,378.9,49.0,30.43,101.0,143.54770303349548,6.75,06:35:00,17:42:00
18348,1479848405,11/22/2016 12:00:00 AM,11:00:05,376.56,49.0,30.43,101.0,49.8,3.37,06:35:00,17:42:00
18349,1479848105,11/22/2016 12:00:00 AM,10:55:05,333.04,49.0,30.43,101.0,138.01,4.5,06:35:00,17:42:00
18350,1479847804,11/22/2016 12:00:00 AM,10:50:04,195.72,50.0,30.43,101.0,70.36,3.37,06:35:00,17:42:00
18351,1479847502,11/22/2016 12:00:00 AM,10:45:02,244.62,50.0,30.43,101.0,45.81,3.37,06:35:00,17:42:00
18352,1479847202,11/22/2016 12:00:00 AM,10:40:02,480.6,50.0,30.43,102.0,99.28,4.5,06:35:00,17:42:00
18353,1479846902,11/22/2016 12:00:00 AM,10:35:02,434.63,50.0,30.43,102.0,88.37,5.62,06:35:00,17:42:00
18354,1479846602,11/22/2016 12:00:00 AM,10:30:02,445.51,50.0,30.43,102.0,142.88,4.5,06:35:00,17:42:00
18355,1479846302,11/22/2016 12:00:00 AM,10:25:02,233.02,49.0,30.44,102.0,143.54770303349548,7.87,06:35:00,17:42:00
18356,1479846002,11/22/2016 12:00:00 AM,10:20:02,640.66,49.0,30.43,102.0,90.36,4.5,06:35:00,17:42:00
18357,1479845704,11/22/2016 12:00:00 AM,10:15:04,734.32,49.0,30.44,102.0,146.35,3.37,06:35:00,17:42:00
18358,1479845405,11/22/2016 12:00:00 AM,10:10:05,541.2,48.0,30.44,102.0,72.25,4.5,06:35:00,17:42:00
18359,1479845102,11/22/2016 12:00:00 AM,10:05:02,427.35,48.0,30.44,102.0,33.44,9.0,06:35:00,17:42:00
18360,1479844802,11/22/2016 12:00:00 AM,10:00:02,218.27,48.0,30.44,102.0,81.64,9.0,06:35:00,17:42:00
18361,1479844501,11/22/2016 12:00:00 AM,09:55:01,277.96,49.0,30.44,102.0,53.55,7.87,06:35:00,17:42:00
18362,1479844204,11/22/2016 12:00:00 AM,09:50:04,361.79,49.0,30.44,102.0,137.18,11.25,06:35:00,17:42:00
18363,1479843901,11/22/2016 12:00:00 AM,09:45:01,345.64,49.0,30.44,103.0,35.89,4.5,06:35:00,17:42:00
18364,1479843602,11/22/2016 12:00:00 AM,09:40:02,420.64,49.0,30.44,103.0,61.03,6.75,06:35:00,17:42:00
18365,1479843303,11/22/2016 12:00:00 AM,09:35:03,537.79,49.0,30.44,102.0,79.96,11.25,06:35:00,17:42:00
18366,1479843004,11/22/2016 12:00:00 AM,09:30:04,545.99,48.0,30.44,102.0,115.72,3.37,06:35:00,17:42:00
18367,1479842701,11/22/2016 12:00:00 AM,09:25:01,136.77,49.0,30.44,102.0,86.1,4.5,06:35:00,17:42:00
18368,1479842401,11/22/2016 12:00:00 AM,09:20:01,369.68,49.0,30.44,103.0,64.46,4.5,06:35:00,17:42:00
18369,1479842102,11/22/2016 12:00:00 AM,09:15:02,373.9,49.0,30.44,103.0,29.98,6.75,06:35:00,17:42:00
18370,1479841810,11/22/2016 12:00:00 AM,09:10:10,362.11,49.0,30.44,103.0,83.23,3.37,06:35:00,17:42:00
18371,1479841502,11/22/2016 12:00:00 AM,09:05:02,431.02,49.0,30.44,103.0,125.59,5.62,06:35:00,17:42:00
18372,1479841201,11/22/2016 12:00:00 AM,09:00:01,492.5,48.0,30.44,103.0,150.23,2.25,06:35:00,17:42:00
18373,1479840903,11/22/2016 12:00:00 AM,08:55:03,302.01,48.0,30.44,103.0,112.53,4.5,06:35:00,17:42:00
18374,1479840605,11/22/2016 12:00:00 AM,08:50:05,195.81,48.0,30.44,103.0,107.4,5.62,06:35:00,17:42:00
18375,1479840305,11/22/2016 12:00:00 AM,08:45:05,128.2,48.0,30.44,103.0,43.98,1.12,06:35:00,17:42:00
18376,1479840005,11/22/2016 12:00:00 AM,08:40:05,278.23,48.0,30.44,103.0,148.95,3.37,06:35:00,17:42:00
18377,1479839701,11/22/2016 12:00:00 AM,08:35:01,202.34,48.0,30.44,103.0,134.74,7.87,06:35:00,17:42:00
18378,1479839402,11/22/2016 12:00:00 AM,08:30:02,128.46,48.0,30.44,103.0,133.72,2.25,06:35:00,17:42:00
18379,1479839102,11/22/2016 12:00:00 AM,08:25:02,135.66,48.0,30.44,103.0,45.94,1.12,06:35:00,17:42:00
18380,1479838802,11/22/2016 12:00:00 AM,08:20:02,175.04,48.0,30.44,103.0,87.42,4.5,06:35:00,17:42:00
18381,1479838501,11/22/2016 12:00:00 AM,08:15:01,141.4,48.0,30.44,103.0,83.81,5.62,06:35:00,17:42:00
18382,1479838201,11/22/2016 12:00:00 AM,08:10:01,134.12,48.0,30.44,103.0,126.74,2.25,06:35:00,17:42:00
18383,1479837901,11/22/2016 12:00:00 AM,08:05:01,97.3,48.0,30.44,103.0,86.6,7.87,06:35:00,17:42:00
18384,1479837604,11/22/2016 12:00:00 AM,08:00:04,97.3,48.0,30.43,103.0,141.74,6.75,06:35:00,17:42:00
18385,1479837304,11/22/2016 12:00:00 AM,07:55:04,101.12,48.0,30.43,103.0,144.91,9.0,06:35:00,17:42:00
18386,1479837002,11/22/2016 12:00:00 AM,07:50:02,90.44,47.0,30.43,103.0,126.71,11.25,06:35:00,17:42:00
18387,1479836702,11/22/2016 12:00:00 AM,07:45:02,108.5,47.0,30.43,103.0,143.54770303349548,6.75,06:35:00,17:42:00
18388,1479836401,11/22/2016 12:00:00 AM,07:40:01,79.7,47.0,30.43,103.0,58.85,1.12,06:35:00,17:42:00
18389,1479836102,11/22/2016 12:00:00 AM,07:35:02,89.08,47.0,30.43,103.0,91.95,3.37,06:35:00,17:42:00
18390,1479835802,11/22/2016 12:00:00 AM,07:30:02,78.7,47.0,30.44,103.0,133.89,4.5,06:35:00,17:42:00
18391,1479835502,11/22/2016 12:00:00 AM,07:25:02,53.32,47.0,30.44,103.0,157.55,1.12,06:35:00,17:42:00
18392,1479835204,11/22/2016 12:00:00 AM,07:20:04,49.33,47.0,30.43,103.0,144.19,2.25,06:35:00,17:42:00
18393,1479834901,11/22/2016 12:00:00 AM,07:15:01,47.63,47.0,30.43,103.0,146.32,10.12,06:35:00,17:42:00
18394,1479834603,11/22/2016 12:00:00 AM,07:10:03,39.31,47.0,30.43,103.0,120.06,5.62,06:35:00,17:42:00
18395,1479834305,11/22/2016 12:00:00 AM,07:05:05,35.34,47.0,30.43,103.0,145.15,3.37,06:35:00,17:42:00
18396,1479834001,11/22/2016 12:00:00 AM,07:00:01,29.27,46.0,30.43,103.0,173.47,4.5,06:35:00,17:42:00
18397,1479833702,11/22/2016 12:00:00 AM,06:55:02,21.5,46.0,30.43,103.0,145.29,4.5,06:35:00,17:42:00
18398,1479833401,11/22/2016 12:00:00 AM,06:50:01,12.39,46.0,30.43,103.0,153.33,5.62,06:35:00,17:42:00
18399,1479833101,11/22/2016 12:00:00 AM,06:45:01,8.55,46.0,30.43,103.0,152.91,5.62,06:35:00,17:42:00
18400,1479832803,11/22/2016 12:00:00 AM,06:40:03,5.04,46.0,30.43,103.0,157.15,6.75,06:35:00,17:42:00
18401,1479832505,11/22/2016 12:00:00 AM,06:35:05,2.68,45.0,30.43,103.0,166.59,4.5,06:35:00,17:42:00
18402,1479832204,11/22/2016 12:00:00 AM,06:30:04,1.63,45.0,30.43,103.0,144.65,4.5,06:35:00,17:42:00
18403,1479831902,11/22/2016 12:00:00 AM,06:25:02,1.2,45.0,30.43,103.0,152.52,5.62,06:35:00,17:42:00
18404,1479831602,11/22/2016 12:00:00 AM,06:20:02,1.19,45.0,30.42,103.0,154.05,7.87,06:35:00,17:42:00
18405,1479831301,11/22/2016 12:00:00 AM,06:15:01,1.22,45.0,30.43,103.0,121.55,6.75,06:35:00,17:42:00
18406,1479831002,11/22/2016 12:00:00 AM,06:10:02,1.21,44.0,30.43,103.0,152.88,5.62,06:35:00,17:42:00
18407,1479830703,11/22/2016 12:00:00 AM,06:05:03,1.2,44.0,30.42,102.0,163.51,6.75,06:35:00,17:42:00
18408,1479830405,11/22/2016 12:00:00 AM,06:00:05,1.18,44.0,30.42,102.0,166.96,7.87,06:35:00,17:42:00
18409,1479830102,11/22/2016 12:00:00 AM,05:55:02,1.17,44.0,30.42,102.0,133.01,10.12,06:35:00,17:42:00
18410,1479829801,11/22/2016 12:00:00 AM,05:50:01,1.22,44.0,30.42,102.0,125.14,10.12,06:35:00,17:42:00
18411,1479829501,11/22/2016 12:00:00 AM,05:45:01,1.19,44.0,30.42,102.0,158.52,4.5,06:35:00,17:42:00
18412,1479829207,11/22/2016 12:00:00 AM,05:40:07,1.17,44.0,30.41,102.0,128.91,9.0,06:35:00,17:42:00
18413,1479828901,11/22/2016 12:00:00 AM,05:35:01,1.22,44.0,30.41,102.0,148.0,4.5,06:35:00,17:42:00
18414,1479828601,11/22/2016 12:00:00 AM,05:30:01,1.21,44.0,30.41,102.0,139.12,10.12,06:35:00,17:42:00
18415,1479828305,11/22/2016 12:00:00 AM,05:25:05,1.21,44.0,30.41,102.0,99.66,2.25,06:35:00,17:42:00
18416,1479828002,11/22/2016 12:00:00 AM,05:20:02,1.2,45.0,30.41,102.0,151.18,6.75,06:35:00,17:42:00
18417,1479827703,11/22/2016 12:00:00 AM,05:15:03,1.21,45.0,30.41,102.0,157.85,3.37,06:35:00,17:42:00
18418,1479827402,11/22/2016 12:00:00 AM,05:10:02,1.21,45.0,30.4,102.0,124.51,5.62,06:35:00,17:42:00
18419,1479827104,11/22/2016 12:00:00 AM,05:05:04,1.23,45.0,30.4,102.0,73.43,3.37,06:35:00,17:42:00
18420,1479826803,11/22/2016 12:00:00 AM,05:00:03,1.21,45.0,30.4,102.0,155.39,4.5,06:35:00,17:42:00
18421,1479826502,11/22/2016 12:00:00 AM,04:55:02,1.23,45.0,30.4,102.0,181.37,5.62,06:35:00,17:42:00
18422,1479826204,11/22/2016 12:00:00 AM,04:50:04,1.21,45.0,30.4,102.0,151.17,6.75,06:35:00,17:42:00
18423,1479825904,11/22/2016 12:00:00 AM,04:45:04,1.2,45.0,30.4,102.0,141.53,1.12,06:35:00,17:42:00
18424,1479825602,11/22/2016 12:00:00 AM,04:40:02,1.22,46.0,30.4,74.83719267708949,33.89,2.25,06:35:00,17:42:00
18425,1479825302,11/22/2016 12:00:00 AM,04:35:02,1.22,46.0,30.4,102.0,89.68,4.5,06:35:00,17:42:00
18426,1479825002,11/22/2016 12:00:00 AM,04:30:02,1.24,46.0,30.4,102.0,71.57,2.25,06:35:00,17:42:00
18427,1479824704,11/22/2016 12:00:00 AM,04:25:04,1.2,46.0,30.4,102.0,59.26,5.62,06:35:00,17:42:00
18428,1479824401,11/22/2016 12:00:00 AM,04:20:01,1.18,46.0,30.4,103.0,68.12,4.5,06:35:00,17:42:00
18429,1479824102,11/22/2016 12:00:00 AM,04:15:02,1.21,46.0,30.4,103.0,124.25,3.37,06:35:00,17:42:00
18430,1479823803,11/22/2016 12:00:00 AM,04:10:03,1.24,51.16507236474315,30.4,103.0,123.23,1.12,06:35:00,17:42:00
18431,1479823504,11/22/2016 12:00:00 AM,04:05:04,1.15,46.0,30.4,102.0,134.78,5.62,06:35:00,17:42:00
18432,1479823201,11/22/2016 12:00:00 AM,04:00:01,1.23,46.0,30.4,102.0,105.09,2.25,06:35:00,17:42:00
18433,1479822904,11/22/2016 12:00:00 AM,03:55:04,1.15,46.0,30.4,102.0,135.18,3.37,06:35:00,17:42:00
18434,1479822602,11/22/2016 12:00:00 AM,03:50:02,1.24,46.0,30.4,102.0,63.95,2.25,06:35:00,17:42:00
18435,1479822305,11/22/2016 12:00:00 AM,03:45:05,1.23,45.0,30.4,102.0,153.94,6.229096658193317,06:35:00,17:42:00
18436,1479822001,11/22/2016 12:00:00 AM,03:40:01,1.21,45.0,30.4,102.0,120.06,3.37,06:35:00,17:42:00
18437,1479821701,11/22/2016 12:00:00 AM,03:35:01,1.2,45.0,30.4,102.0,150.94,6.75,06:35:00,17:42:00
18438,1479821401,11/22/2016 12:00:00 AM,03:30:01,1.21,45.0,30.4,102.0,176.88,5.62,06:35:00,17:42:00
18439,1479821103,11/22/2016 12:00:00 AM,03:25:03,1.21,46.0,30.4,102.0,162.63,7.87,06:35:00,17:42:00
18440,1479820802,11/22/2016 12:00:00 AM,03:20:02,1.2,46.0,30.4,102.0,113.75,1.12,06:35:00,17:42:00
18441,1479820501,11/22/2016 12:00:00 AM,03:15:01,1.21,46.0,30.4,102.0,124.73,5.62,06:35:00,17:42:00
18442,1479820202,11/22/2016 12:00:00 AM,03:10:02,1.19,46.0,30.4,102.0,117.87,3.37,06:35:00,17:42:00
18443,1479819902,11/22/2016 12:00:00 AM,03:05:02,1.19,46.0,30.41,102.0,132.15,4.5,06:35:00,17:42:00
18444,1479819602,11/22/2016 12:00:00 AM,03:00:02,1.21,46.0,30.41,102.0,135.61,3.37,06:35:00,17:42:00
18445,1479819301,11/22/2016 12:00:00 AM,02:55:01,1.22,46.0,30.41,102.0,128.58,5.62,06:35:00,17:42:00
18446,1479819002,11/22/2016 12:00:00 AM,02:50:02,1.2,46.0,30.41,102.0,167.68,4.5,06:35:00,17:42:00
18447,1479818702,11/22/2016 12:00:00 AM,02:45:02,1.24,46.0,30.41,102.0,98.4,1.12,06:35:00,17:42:00
18448,1479818402,11/22/2016 12:00:00 AM,02:40:02,1.2,46.0,30.41,102.0,72.81,4.5,06:35:00,17:42:00
18449,1479818102,11/22/2016 12:00:00 AM,02:35:02,1.23,46.0,30.41,102.0,91.25,5.62,06:35:00,17:42:00
18450,1479817802,11/22/2016 12:00:00 AM,02:30:02,1.24,47.0,30.41,102.0,62.16,5.62,06:35:00,17:42:00
18451,1479817506,11/22/2016 12:00:00 AM,02:25:06,1.18,47.0,30.41,102.0,80.54,2.25,06:35:00,17:42:00
18452,1479817201,11/22/2016 12:00:00 AM,02:20:01,1.24,47.0,30.41,102.0,86.49,6.75,06:35:00,17:42:00
18453,1479816901,11/22/2016 12:00:00 AM,02:15:01,1.2,47.0,30.41,102.0,80.59,3.37,06:35:00,17:42:00
18454,1479816603,11/22/2016 12:00:00 AM,02:10:03,1.21,47.0,30.41,102.0,71.64,4.5,06:35:00,17:42:00
18455,1479816302,11/22/2016 12:00:00 AM,02:05:02,1.17,47.0,30.41,102.0,61.59,2.25,06:35:00,17:42:00
18456,1479816001,11/22/2016 12:00:00 AM,02:00:01,1.2,47.0,30.41,102.0,80.82,6.75,06:35:00,17:42:00
18457,1479815704,11/22/2016 12:00:00 AM,01:55:04,1.22,47.0,30.41,102.0,81.14,4.5,06:35:00,17:42:00
18458,1479815402,11/22/2016 12:00:00 AM,01:50:02,1.21,48.0,30.42,102.0,110.53,3.37,06:35:00,17:42:00
18459,1479815105,11/22/2016 12:00:00 AM,01:45:05,1.22,48.0,30.42,102.0,15.5,5.62,06:35:00,17:42:00
18460,1479814805,11/22/2016 12:00:00 AM,01:40:05,1.21,48.0,30.42,102.0,27.17,2.25,06:35:00,17:42:00
18461,1479814502,11/22/2016 12:00:00 AM,01:35:02,1.21,48.0,30.42,102.0,12.16,6.75,06:35:00,17:42:00
18462,1479814202,11/22/2016 12:00:00 AM,01:30:02,1.22,48.0,30.42,102.0,88.76,4.5,06:35:00,17:42:00
18463,1479813901,11/22/2016 12:00:00 AM,01:25:01,1.21,48.0,30.42,102.0,117.17,5.62,06:35:00,17:42:00
18464,1479813601,11/22/2016 12:00:00 AM,01:20:01,1.21,48.0,30.42,102.0,74.26,2.25,06:35:00,17:42:00
18465,1479813302,11/22/2016 12:00:00 AM,01:15:02,1.22,48.0,30.42,102.0,69.47,3.37,06:35:00,17:42:00
18466,1479813002,11/22/2016 12:00:00 AM,01:10:02,1.21,48.0,30.42,102.0,126.08,4.5,06:35:00,17:42:00
18467,1479812704,11/22/2016 12:00:00 AM,01:05:04,1.19,48.0,30.42,102.0,141.79,6.75,06:35:00,17:42:00
18468,1479812401,11/22/2016 12:00:00 AM,01:00:01,1.23,48.0,30.42,102.0,95.44,5.62,06:35:00,17:42:00
18469,1479812102,11/22/2016 12:00:00 AM,00:55:02,1.21,48.0,30.43,102.0,134.6,5.62,06:35:00,17:42:00
18470,1479811802,11/22/2016 12:00:00 AM,00:50:02,1.22,48.0,30.43,102.0,141.81,7.87,06:35:00,17:42:00
18471,1479811501,11/22/2016 12:00:00 AM,00:45:01,1.21,48.0,30.43,102.0,142.03,4.5,06:35:00,17:42:00
18472,1479811202,11/22/2016 12:00:00 AM,00:40:02,1.21,48.0,30.43,102.0,71.95,5.62,06:35:00,17:42:00
18473,1479810905,11/22/2016 12:00:00 AM,00:35:05,1.21,48.0,30.43,102.0,82.51,4.5,06:35:00,17:42:00
18474,1479810602,11/22/2016 12:00:00 AM,00:30:02,1.21,48.0,30.43,102.0,94.06,4.5,06:35:00,17:42:00
18475,1479810302,11/22/2016 12:00:00 AM,00:25:02,1.22,48.0,30.43,102.0,107.7,5.62,06:35:00,17:42:00
18476,1479810005,11/22/2016 12:00:00 AM,00:20:05,1.21,48.0,30.43,102.0,119.53,4.5,06:35:00,17:42:00
18477,1479809702,11/22/2016 12:00:00 AM,00:15:02,1.2,48.0,30.43,102.0,80.42,2.25,06:35:00,17:42:00
18478,1479809401,11/22/2016 12:00:00 AM,00:10:01,1.23,48.0,30.43,102.0,53.43,5.62,06:35:00,17:42:00
18479,1479809102,11/22/2016 12:00:00 AM,00:05:02,1.21,48.0,30.43,102.0,61.85,5.62,06:35:00,17:42:00
18480,1479808801,11/22/2016 12:00:00 AM,00:00:01,1.2,48.0,30.43,102.0,139.41,4.5,06:35:00,17:42:00
18481,1479808502,11/21/2016 12:00:00 AM,23:55:02,1.19,48.0,30.43,102.0,116.02,7.87,06:35:00,17:42:00
18482,1479808202,11/21/2016 12:00:00 AM,23:50:02,1.21,48.0,30.43,102.0,120.68,0.0,06:35:00,17:42:00
18483,1479807904,11/21/2016 12:00:00 AM,23:45:04,1.2,48.0,30.43,102.0,125.9,6.75,06:35:00,17:42:00
18484,1479807601,11/21/2016 12:00:00 AM,23:40:01,1.22,48.0,30.43,102.0,85.89,3.37,06:35:00,17:42:00
18485,1479807302,11/21/2016 12:00:00 AM,23:35:02,1.21,48.0,30.43,102.0,64.34,3.37,06:35:00,17:42:00
18486,1479807004,11/21/2016 12:00:00 AM,23:30:04,1.17,48.0,30.43,102.0,93.91,7.87,06:35:00,17:42:00
18487,1479806704,11/21/2016 12:00:00 AM,23:25:04,1.23,48.0,30.43,102.0,72.05,3.37,06:35:00,17:42:00
18488,1479806404,11/21/2016 12:00:00 AM,23:20:04,1.25,48.0,30.44,102.0,99.86,6.75,06:35:00,17:42:00
18489,1479806102,11/21/2016 12:00:00 AM,23:15:02,1.2,48.0,30.43,102.0,53.33,3.37,06:35:00,17:42:00
18490,1479805805,11/21/2016 12:00:00 AM,23:10:05,1.22,48.0,30.43,102.0,63.53,4.5,06:35:00,17:42:00
18491,1479805501,11/21/2016 12:00:00 AM,23:05:01,1.2,49.0,30.44,74.83719267708949,73.83,7.87,06:35:00,17:42:00
18492,1479805201,11/21/2016 12:00:00 AM,23:00:01,1.19,49.0,30.44,102.0,116.48,2.25,06:35:00,17:42:00
18493,1479804905,11/21/2016 12:00:00 AM,22:55:05,1.21,49.0,30.44,102.0,80.61,3.37,06:35:00,17:42:00
18494,1479804602,11/21/2016 12:00:00 AM,22:50:02,1.21,49.0,30.44,102.0,115.4,2.25,06:35:00,17:42:00
18495,1479804301,11/21/2016 12:00:00 AM,22:45:01,1.2,49.0,30.44,102.0,141.61,4.5,06:35:00,17:42:00
18496,1479804002,11/21/2016 12:00:00 AM,22:40:02,1.2,49.0,30.44,102.0,121.33,4.5,06:35:00,17:42:00
18497,1479803702,11/21/2016 12:00:00 AM,22:35:02,1.21,49.0,30.44,102.0,106.38,9.0,06:35:00,17:42:00
18498,1479803401,11/21/2016 12:00:00 AM,22:30:01,1.21,49.0,30.45,102.0,96.19,3.37,06:35:00,17:42:00
18499,1479803101,11/21/2016 12:00:00 AM,22:25:01,1.18,49.0,30.45,102.0,122.1,3.37,06:35:00,17:42:00
18500,1479802802,11/21/2016 12:00:00 AM,22:20:02,1.2,49.0,30.45,102.0,79.5,4.5,06:35:00,17:42:00
18501,1479802502,11/21/2016 12:00:00 AM,22:15:02,1.26,49.0,30.45,102.0,100.29,3.37,06:35:00,17:42:00
18502,1479802205,11/21/2016 12:00:00 AM,22:10:05,1.19,49.0,30.45,102.0,169.35,2.25,06:35:00,17:42:00
18503,1479801902,11/21/2016 12:00:00 AM,22:05:02,1.19,49.0,30.45,102.0,76.46,4.5,06:35:00,17:42:00
18504,1479801604,11/21/2016 12:00:00 AM,22:00:04,1.21,49.0,30.45,102.0,143.54770303349548,3.37,06:35:00,17:42:00
18505,1479801301,11/21/2016 12:00:00 AM,21:55:01,1.22,49.0,30.45,102.0,62.87,1.12,06:35:00,17:42:00
18506,1479801003,11/21/2016 12:00:00 AM,21:50:03,1.23,49.0,30.45,102.0,69.05,3.37,06:35:00,17:42:00
18507,1479800708,11/21/2016 12:00:00 AM,21:45:08,1.2,49.0,30.45,102.0,106.94,3.37,06:35:00,17:42:00
18508,1479800402,11/21/2016 12:00:00 AM,21:40:02,1.23,49.0,30.45,102.0,65.18,3.37,06:35:00,17:42:00
18509,1479800102,11/21/2016 12:00:00 AM,21:35:02,1.23,49.0,30.45,102.0,329.75,2.25,06:35:00,17:42:00
18510,1479799801,11/21/2016 12:00:00 AM,21:30:01,1.23,49.0,30.45,102.0,74.06,2.25,06:35:00,17:42:00
18511,1479799507,11/21/2016 12:00:00 AM,21:25:07,1.2,49.0,30.45,102.0,82.61,2.25,06:35:00,17:42:00
18512,1479799202,11/21/2016 12:00:00 AM,21:20:02,1.24,49.0,30.45,102.0,60.28,2.25,06:35:00,17:42:00
18513,1479798902,11/21/2016 12:00:00 AM,21:15:02,1.23,49.0,30.45,102.0,38.9,1.12,06:35:00,17:42:00
18514,1479798602,11/21/2016 12:00:00 AM,21:10:02,1.19,49.0,30.45,102.0,60.98,5.62,06:35:00,17:42:00
18515,1479798301,11/21/2016 12:00:00 AM,21:05:01,1.22,49.0,30.45,102.0,71.87,5.62,06:35:00,17:42:00
18516,1479798001,11/21/2016 12:00:00 AM,21:00:01,1.22,49.0,30.45,102.0,69.95,5.62,06:35:00,17:42:00
18517,1479797702,11/21/2016 12:00:00 AM,20:55:02,1.22,50.0,30.45,102.0,19.89,2.25,06:35:00,17:42:00
18518,1479797402,11/21/2016 12:00:00 AM,20:50:02,1.21,50.0,30.45,102.0,117.25,3.37,06:35:00,17:42:00
18519,1479797115,11/21/2016 12:00:00 AM,20:45:15,1.22,50.0,30.45,102.0,65.04,3.37,06:35:00,17:42:00
18520,1479796802,11/21/2016 12:00:00 AM,20:40:02,1.21,50.0,30.45,102.0,109.43,6.75,06:35:00,17:42:00
18521,1479796501,11/21/2016 12:00:00 AM,20:35:01,1.2,50.0,30.45,102.0,80.48,5.62,06:35:00,17:42:00
18522,1479796201,11/21/2016 12:00:00 AM,20:30:01,1.24,50.0,30.44,102.0,69.11,4.5,06:35:00,17:42:00
18523,1479795904,11/21/2016 12:00:00 AM,20:25:04,1.21,50.0,30.44,102.0,93.1,1.12,06:35:00,17:42:00
18524,1479795602,11/21/2016 12:00:00 AM,20:20:02,1.22,50.0,30.45,102.0,115.64,1.12,06:35:00,17:42:00
18525,1479795302,11/21/2016 12:00:00 AM,20:15:02,1.21,50.0,30.45,102.0,119.2,1.12,06:35:00,17:42:00
18526,1479795007,11/21/2016 12:00:00 AM,20:10:07,1.24,50.0,30.44,102.0,90.01,4.5,06:35:00,17:42:00
18527,1479794702,11/21/2016 12:00:00 AM,20:05:02,1.24,50.0,30.44,102.0,88.19,3.37,06:35:00,17:42:00
18528,1479794402,11/21/2016 12:00:00 AM,20:00:02,1.26,50.0,30.44,102.0,100.68,4.5,06:35:00,17:42:00
18529,1479794102,11/21/2016 12:00:00 AM,19:55:02,1.22,50.0,30.44,102.0,103.86,2.25,06:35:00,17:42:00
18530,1479793802,11/21/2016 12:00:00 AM,19:50:02,1.24,50.0,30.44,102.0,104.87,1.12,06:35:00,17:42:00
18531,1479793504,11/21/2016 12:00:00 AM,19:45:04,1.23,50.0,30.44,102.0,70.72,2.25,06:35:00,17:42:00
18532,1479793205,11/21/2016 12:00:00 AM,19:40:05,1.22,50.0,30.44,102.0,107.14,2.25,06:35:00,17:42:00
18533,1479792902,11/21/2016 12:00:00 AM,19:35:02,1.22,50.0,30.43,102.0,69.45,7.87,06:35:00,17:42:00
18534,1479792602,11/21/2016 12:00:00 AM,19:30:02,1.23,50.0,30.43,102.0,107.68,5.62,06:35:00,17:42:00
18535,1479792302,11/21/2016 12:00:00 AM,19:25:02,1.25,50.0,30.43,102.0,90.38,6.75,06:35:00,17:42:00
18536,1479792001,11/21/2016 12:00:00 AM,19:20:01,1.23,50.0,30.43,102.0,98.4,4.5,06:35:00,17:42:00
18537,1479791701,11/21/2016 12:00:00 AM,19:15:01,1.24,50.0,30.43,102.0,85.91,4.5,06:35:00,17:42:00
18538,1479791402,11/21/2016 12:00:00 AM,19:10:02,1.19,50.0,30.43,102.0,133.19,3.37,06:35:00,17:42:00
18539,1479791102,11/21/2016 12:00:00 AM,19:05:02,1.22,50.0,30.43,102.0,87.24,3.37,06:35:00,17:42:00
18540,1479790802,11/21/2016 12:00:00 AM,19:00:02,1.23,50.0,30.42,102.0,70.64,5.62,06:35:00,17:42:00
18541,1479790501,11/21/2016 12:00:00 AM,18:55:01,1.19,50.0,30.42,102.0,136.41,3.37,06:35:00,17:42:00
18542,1479790201,11/21/2016 12:00:00 AM,18:50:01,1.22,50.0,30.42,102.0,104.47,1.12,06:35:00,17:42:00
18543,1479789901,11/21/2016 12:00:00 AM,18:45:01,1.24,50.0,30.42,102.0,63.61,1.12,06:35:00,17:42:00
18544,1479789601,11/21/2016 12:00:00 AM,18:40:01,1.2,50.0,30.42,102.0,78.57,6.75,06:35:00,17:42:00
18545,1479789305,11/21/2016 12:00:00 AM,18:35:05,1.23,50.0,30.42,102.0,10.16,2.25,06:35:00,17:42:00
18546,1479789001,11/21/2016 12:00:00 AM,18:30:01,1.22,50.0,30.42,102.0,159.52,4.5,06:35:00,17:42:00
18547,1479788701,11/21/2016 12:00:00 AM,18:25:01,1.2,50.0,30.42,102.0,107.31,4.5,06:35:00,17:42:00
18548,1479788405,11/21/2016 12:00:00 AM,18:20:05,1.25,50.0,30.41,102.0,94.94,10.12,06:35:00,17:42:00
18549,1479788102,11/21/2016 12:00:00 AM,18:15:02,1.23,50.0,30.41,102.0,53.44,4.5,06:35:00,17:42:00
18550,1479787804,11/21/2016 12:00:00 AM,18:10:04,1.21,50.0,30.41,102.0,92.02,5.62,06:35:00,17:42:00
18551,1479787507,11/21/2016 12:00:00 AM,18:05:07,1.23,50.0,30.41,101.0,58.38,4.5,06:35:00,17:42:00
18552,1479787207,11/21/2016 12:00:00 AM,18:00:07,1.24,50.0,30.41,101.0,50.1,5.62,06:35:00,17:42:00
18553,1479786901,11/21/2016 12:00:00 AM,17:55:01,1.21,50.0,30.41,101.0,121.16,6.75,06:35:00,17:42:00
18554,1479786608,11/21/2016 12:00:00 AM,17:50:08,1.74,50.0,30.41,101.0,50.08,4.5,06:35:00,17:42:00
18555,1479786302,11/21/2016 12:00:00 AM,17:45:02,2.58,51.0,30.41,101.0,53.18,5.62,06:35:00,17:42:00
18556,1479786002,11/21/2016 12:00:00 AM,17:40:02,4.56,51.0,30.41,101.0,83.13,5.62,06:35:00,17:42:00
18557,1479785707,11/21/2016 12:00:00 AM,17:35:07,6.82,51.0,30.41,101.0,89.46,2.25,06:35:00,17:42:00
18558,1479785405,11/21/2016 12:00:00 AM,17:30:05,17.2,51.0,30.41,101.0,157.66,4.5,06:35:00,17:42:00
18559,1479785102,11/21/2016 12:00:00 AM,17:25:02,20.62,51.0,30.41,101.0,119.62,3.37,06:35:00,17:42:00
18560,1479784801,11/21/2016 12:00:00 AM,17:20:01,22.57,51.0,30.4,101.0,108.82,6.75,06:35:00,17:42:00
18561,1479784501,11/21/2016 12:00:00 AM,17:15:01,26.85,51.0,30.4,101.0,2.01,1.12,06:35:00,17:42:00
18562,1479784202,11/21/2016 12:00:00 AM,17:10:02,36.45,51.0,30.4,101.0,4.16,4.5,06:35:00,17:42:00
18563,1479783901,11/21/2016 12:00:00 AM,17:05:01,48.8,51.0,30.4,101.0,34.18,3.37,06:35:00,17:42:00
18564,1479783601,11/21/2016 12:00:00 AM,17:00:01,52.79,51.0,30.4,101.0,24.54,10.12,06:35:00,17:42:00
18565,1479783302,11/21/2016 12:00:00 AM,16:55:02,63.35,51.0,30.4,101.0,70.82,3.37,06:35:00,17:42:00
18566,1479783005,11/21/2016 12:00:00 AM,16:50:05,69.48,51.0,30.4,101.0,64.39,9.0,06:35:00,17:42:00
18567,1479782702,11/21/2016 12:00:00 AM,16:45:02,56.21,51.0,30.4,101.0,121.71,10.12,06:35:00,17:42:00
18568,1479782402,11/21/2016 12:00:00 AM,16:40:02,63.47,51.0,30.4,101.0,125.68,5.62,06:35:00,17:42:00
18569,1479782104,11/21/2016 12:00:00 AM,16:35:04,103.84,51.0,30.4,101.0,335.61,3.37,06:35:00,17:42:00
18570,1479781805,11/21/2016 12:00:00 AM,16:30:05,158.19,51.0,30.39,101.0,55.57,10.12,06:35:00,17:42:00
18571,1479781501,11/21/2016 12:00:00 AM,16:25:01,171.92,52.0,30.39,100.0,90.74,6.75,06:35:00,17:42:00
18572,1479781201,11/21/2016 12:00:00 AM,16:20:01,129.1,52.0,30.39,100.0,356.62,7.87,06:35:00,17:42:00
18573,1479780902,11/21/2016 12:00:00 AM,16:15:02,112.92,52.0,30.39,100.0,123.08,4.5,06:35:00,17:42:00
18574,1479780607,11/21/2016 12:00:00 AM,16:10:07,150.78,52.0,30.39,100.0,118.99,7.87,06:35:00,17:42:00
18575,1479780305,11/21/2016 12:00:00 AM,16:05:05,174.21,52.0,30.39,100.0,77.73,7.87,06:35:00,17:42:00
18576,1479780002,11/21/2016 12:00:00 AM,16:00:02,179.66,52.0,30.39,100.0,13.96,2.25,06:35:00,17:42:00
18577,1479779702,11/21/2016 12:00:00 AM,15:55:02,189.09,52.0,30.39,100.0,70.65,3.37,06:35:00,17:42:00
18578,1479779401,11/21/2016 12:00:00 AM,15:50:01,247.96,52.0,30.39,100.0,7.05,12.37,06:35:00,17:42:00
18579,1479779103,11/21/2016 12:00:00 AM,15:45:03,276.23,53.0,30.39,100.0,110.66,2.25,06:35:00,17:42:00
18580,1479778801,11/21/2016 12:00:00 AM,15:40:01,219.78,53.0,30.39,100.0,96.32,9.0,06:35:00,17:42:00
18581,1479778501,11/21/2016 12:00:00 AM,15:35:01,182.67,53.0,30.39,99.0,27.2,5.62,06:35:00,17:42:00
18582,1479778201,11/21/2016 12:00:00 AM,15:30:01,217.18,54.0,30.39,99.0,40.12,5.62,06:35:00,17:42:00
18583,1479777902,11/21/2016 12:00:00 AM,15:25:02,444.32,53.0,30.39,99.0,105.96,6.75,06:35:00,17:42:00
18584,1479777602,11/21/2016 12:00:00 AM,15:20:02,196.12,54.0,30.39,99.0,66.33,3.37,06:35:00,17:42:00
18585,1479777301,11/21/2016 12:00:00 AM,15:15:01,244.2,54.0,30.39,99.0,131.46,9.0,06:35:00,17:42:00
18586,1479777007,11/21/2016 12:00:00 AM,15:10:07,235.93,54.0,30.39,99.0,122.02,5.62,06:35:00,17:42:00
18587,1479776703,11/21/2016 12:00:00 AM,15:05:03,216.5,54.0,30.39,99.0,88.03,9.0,06:35:00,17:42:00
18588,1479776405,11/21/2016 12:00:00 AM,15:00:05,322.55,54.0,30.39,99.0,18.61,12.37,06:35:00,17:42:00
18589,1479776101,11/21/2016 12:00:00 AM,14:55:01,618.35,54.0,30.39,99.0,108.68,7.87,06:35:00,17:42:00
18590,1479775808,11/21/2016 12:00:00 AM,14:50:08,783.62,54.0,30.39,98.0,61.47,6.75,06:35:00,17:42:00
18591,1479775502,11/21/2016 12:00:00 AM,14:45:02,283.12,54.0,30.39,98.0,63.74,6.75,06:35:00,17:42:00
18592,1479775205,11/21/2016 12:00:00 AM,14:40:05,244.68,55.0,30.39,98.0,95.82,1.12,06:35:00,17:42:00
18593,1479774902,11/21/2016 12:00:00 AM,14:35:02,239.24,55.0,30.39,97.0,76.74,3.37,06:35:00,17:42:00
18594,1479774601,11/21/2016 12:00:00 AM,14:30:01,244.67,55.0,30.39,96.0,29.93,5.62,06:35:00,17:42:00
18595,1479774303,11/21/2016 12:00:00 AM,14:25:03,189.55,56.0,30.39,93.0,346.87,13.5,06:35:00,17:42:00
18596,1479774005,11/21/2016 12:00:00 AM,14:20:05,503.13,58.0,30.39,90.0,19.48,9.0,06:35:00,17:42:00
18597,1479773702,11/21/2016 12:00:00 AM,14:15:02,921.48,58.0,30.39,88.0,40.62,4.5,06:35:00,17:42:00
18598,1479773402,11/21/2016 12:00:00 AM,14:10:02,384.01,57.0,30.39,88.0,349.15,7.87,06:35:00,17:42:00
18599,1479773101,11/21/2016 12:00:00 AM,14:05:01,405.87,58.0,30.39,88.0,268.15,4.5,06:35:00,17:42:00
18600,1479772807,11/21/2016 12:00:00 AM,14:00:07,804.49,58.0,30.39,87.0,36.73,12.37,06:35:00,17:42:00
18601,1479772502,11/21/2016 12:00:00 AM,13:55:02,460.7,58.0,30.39,88.0,352.37,5.62,06:35:00,17:42:00
18602,1479772205,11/21/2016 12:00:00 AM,13:50:05,425.26,58.0,30.39,87.0,11.13,7.87,06:35:00,17:42:00
18603,1479771901,11/21/2016 12:00:00 AM,13:45:01,822.28,59.0,30.39,84.0,97.77,5.62,06:35:00,17:42:00
18604,1479771605,11/21/2016 12:00:00 AM,13:40:05,812.01,58.0,30.39,86.0,180.03,5.62,06:35:00,17:42:00
18605,1479771302,11/21/2016 12:00:00 AM,13:35:02,262.3,58.0,30.39,86.0,122.76,12.37,06:35:00,17:42:00
18606,1479771005,11/21/2016 12:00:00 AM,13:30:05,455.81,51.16507236474315,30.4,86.0,50.92,6.75,06:35:00,17:42:00
18607,1479770702,11/21/2016 12:00:00 AM,13:25:02,942.96,59.0,30.4,85.0,0.27,5.62,06:35:00,17:42:00
18608,1479770402,11/21/2016 12:00:00 AM,13:20:02,817.74,59.0,30.4,84.0,77.43,9.0,06:35:00,17:42:00
18609,1479770101,11/21/2016 12:00:00 AM,13:15:01,924.47,59.0,30.4,84.0,68.92,5.62,06:35:00,17:42:00
18610,1479769803,11/21/2016 12:00:00 AM,13:10:03,581.32,59.0,30.4,85.0,18.24,5.62,06:35:00,17:42:00
18611,1479769505,11/21/2016 12:00:00 AM,13:05:05,856.73,59.0,30.4,85.0,44.32,4.5,06:35:00,17:42:00
18612,1479769202,11/21/2016 12:00:00 AM,13:00:02,862.09,58.0,30.4,86.0,65.05,6.75,06:35:00,17:42:00
18613,1479768901,11/21/2016 12:00:00 AM,12:55:01,904.95,58.0,30.41,88.0,145.57,9.0,06:35:00,17:42:00
18614,1479768603,11/21/2016 12:00:00 AM,12:50:03,870.06,58.0,30.41,88.0,91.67,12.37,06:35:00,17:42:00
18615,1479768302,11/21/2016 12:00:00 AM,12:45:02,882.59,57.0,30.41,90.0,35.02,11.25,06:35:00,17:42:00
18616,1479768002,11/21/2016 12:00:00 AM,12:40:02,927.89,57.0,30.41,91.0,161.26,9.0,06:35:00,17:42:00
18617,1479767702,11/21/2016 12:00:00 AM,12:35:02,367.21,57.0,30.41,95.0,32.48,4.5,06:35:00,17:42:00
18618,1479767404,11/21/2016 12:00:00 AM,12:30:04,691.88,56.0,30.41,95.0,17.7,6.75,06:35:00,17:42:00
18619,1479767102,11/21/2016 12:00:00 AM,12:25:02,976.49,56.0,30.41,97.0,14.47,4.5,06:35:00,17:42:00
18620,1479766803,11/21/2016 12:00:00 AM,12:20:03,981.18,56.0,30.42,97.0,41.96,12.37,06:35:00,17:42:00
18621,1479766502,11/21/2016 12:00:00 AM,12:15:02,401.25,56.0,30.42,96.0,11.49,7.87,06:35:00,17:42:00
18622,1479766202,11/21/2016 12:00:00 AM,12:10:02,425.22,56.0,30.42,96.0,75.14,9.0,06:35:00,17:42:00
18623,1479765907,11/21/2016 12:00:00 AM,12:05:07,640.36,56.0,30.42,94.0,79.45,9.0,06:35:00,17:42:00
18624,1479765606,11/21/2016 12:00:00 AM,12:00:06,449.51,57.0,30.42,94.0,54.07,6.75,06:35:00,17:42:00
18625,1479765302,11/21/2016 12:00:00 AM,11:55:02,332.11,57.0,30.43,94.0,0.2,5.62,06:35:00,17:42:00
18626,1479765002,11/21/2016 12:00:00 AM,11:50:02,988.98,57.0,30.43,92.0,36.64,12.37,06:35:00,17:42:00
18627,1479764702,11/21/2016 12:00:00 AM,11:45:02,302.95,57.0,30.43,91.0,74.86,13.5,06:35:00,17:42:00
18628,1479764402,11/21/2016 12:00:00 AM,11:40:02,1239.27,58.0,30.43,91.0,76.06,12.37,06:35:00,17:42:00
18629,1479764102,11/21/2016 12:00:00 AM,11:35:02,1154.65,57.0,30.43,90.0,30.89,11.25,06:35:00,17:42:00
18630,1479763805,11/21/2016 12:00:00 AM,11:30:05,225.17,58.0,30.43,89.0,321.25,6.75,06:35:00,17:42:00
18631,1479763503,11/21/2016 12:00:00 AM,11:25:03,383.73,58.0,30.43,90.0,359.0,10.12,06:35:00,17:42:00
18632,1479763202,11/21/2016 12:00:00 AM,11:20:02,1010.78,59.0,30.44,87.0,28.93,10.12,06:35:00,17:42:00
18633,1479762902,11/21/2016 12:00:00 AM,11:15:02,946.16,59.0,30.44,85.0,86.45,9.0,06:35:00,17:42:00
18634,1479762606,11/21/2016 12:00:00 AM,11:10:06,919.21,59.0,30.44,80.0,113.49,9.0,06:35:00,17:42:00
18635,1479762307,11/21/2016 12:00:00 AM,11:05:07,853.24,51.16507236474315,30.44,81.0,106.1,9.0,06:35:00,17:42:00
18636,1479762004,11/21/2016 12:00:00 AM,11:00:04,867.97,58.0,30.44,84.0,29.06,4.5,06:35:00,17:42:00
18637,1479761703,11/21/2016 12:00:00 AM,10:55:03,922.11,58.0,30.44,89.0,0.12,4.5,06:35:00,17:42:00
18638,1479761402,11/21/2016 12:00:00 AM,10:50:02,837.5,59.0,30.44,87.0,33.69,3.37,06:35:00,17:42:00
18639,1479761105,11/21/2016 12:00:00 AM,10:45:05,905.9,59.0,30.44,81.0,59.92,11.25,06:35:00,17:42:00
18640,1479760807,11/21/2016 12:00:00 AM,10:40:07,833.07,59.0,30.45,78.0,62.36,6.75,06:35:00,17:42:00
18641,1479760502,11/21/2016 12:00:00 AM,10:35:02,801.12,60.0,30.45,78.0,102.74,11.25,06:35:00,17:42:00
18642,1479760202,11/21/2016 12:00:00 AM,10:30:02,776.09,59.0,30.45,80.0,81.53,6.75,06:35:00,17:42:00
18643,1479759905,11/21/2016 12:00:00 AM,10:25:05,766.64,59.0,30.45,81.0,54.75,12.37,06:35:00,17:42:00
18644,1479759601,11/21/2016 12:00:00 AM,10:20:01,512.85,59.0,30.45,80.0,127.97,6.75,06:35:00,17:42:00
18645,1479759301,11/21/2016 12:00:00 AM,10:15:01,756.48,59.0,30.45,80.0,104.17,4.5,06:35:00,17:42:00
18646,1479759003,11/21/2016 12:00:00 AM,10:10:03,736.76,58.0,30.45,78.0,149.57,5.62,06:35:00,17:42:00
18647,1479758702,11/21/2016 12:00:00 AM,10:05:02,721.16,58.0,30.45,77.0,117.38,11.25,06:35:00,17:42:00
18648,1479758405,11/21/2016 12:00:00 AM,10:00:05,708.22,59.0,30.45,73.0,102.48,3.37,06:35:00,17:42:00
18649,1479758105,11/21/2016 12:00:00 AM,09:55:05,705.91,58.0,30.45,74.0,53.34,10.12,06:35:00,17:42:00
18650,1479757801,11/21/2016 12:00:00 AM,09:50:01,693.78,58.0,30.45,74.0,119.47,11.25,06:35:00,17:42:00
18651,1479757501,11/21/2016 12:00:00 AM,09:45:01,665.27,57.0,30.45,77.0,165.88,6.75,06:35:00,17:42:00
18652,1479757202,11/21/2016 12:00:00 AM,09:40:02,627.21,56.0,30.45,78.0,121.97,6.75,06:35:00,17:42:00
18653,1479756902,11/21/2016 12:00:00 AM,09:35:02,343.41,56.0,30.45,81.0,146.63,7.87,06:35:00,17:42:00
18654,1479756603,11/21/2016 12:00:00 AM,09:30:03,474.04,56.0,30.45,83.0,153.18,6.75,06:35:00,17:42:00
18655,1479756304,11/21/2016 12:00:00 AM,09:25:04,537.76,56.0,30.45,84.0,137.48,9.0,06:35:00,17:42:00
18656,1479756007,11/21/2016 12:00:00 AM,09:20:07,337.24,56.0,30.45,83.0,115.16,5.62,06:35:00,17:42:00
18657,1479755701,11/21/2016 12:00:00 AM,09:15:01,452.37,56.0,30.45,83.0,83.54,11.25,06:35:00,17:42:00
18658,1479755401,11/21/2016 12:00:00 AM,09:10:01,668.14,55.0,30.45,84.0,176.68,6.75,06:35:00,17:42:00
18659,1479755102,11/21/2016 12:00:00 AM,09:05:02,568.0,55.0,30.45,86.0,102.07,7.87,06:35:00,17:42:00
18660,1479754801,11/21/2016 12:00:00 AM,09:00:01,551.89,54.0,30.45,91.0,150.75,10.12,06:35:00,17:42:00
18661,1479754505,11/21/2016 12:00:00 AM,08:55:05,532.54,53.0,30.45,96.0,109.38,9.0,06:35:00,17:42:00
18662,1479754202,11/21/2016 12:00:00 AM,08:50:02,510.91,52.0,30.45,97.0,171.8,10.12,06:35:00,17:42:00
18663,1479753901,11/21/2016 12:00:00 AM,08:45:01,484.52,51.0,30.45,97.0,132.65,11.25,06:35:00,17:42:00
18664,1479753605,11/21/2016 12:00:00 AM,08:40:05,181.23,51.0,30.45,97.0,152.94,3.37,06:35:00,17:42:00
18665,1479753301,11/21/2016 12:00:00 AM,08:35:01,434.44,50.0,30.45,98.0,126.11,11.25,06:35:00,17:42:00
18666,1479753002,11/21/2016 12:00:00 AM,08:30:02,325.33,49.0,30.45,98.0,177.63,3.37,06:35:00,17:42:00
18667,1479752701,11/21/2016 12:00:00 AM,08:25:01,245.66,49.0,30.45,97.0,144.23,6.75,06:35:00,17:42:00
18668,1479752401,11/21/2016 12:00:00 AM,08:20:01,164.35,49.0,30.45,96.0,108.28,3.37,06:35:00,17:42:00
18669,1479752102,11/21/2016 12:00:00 AM,08:15:02,148.21,48.0,30.44,94.0,185.89,9.0,06:35:00,17:42:00
18670,1479751802,11/21/2016 12:00:00 AM,08:10:02,77.23,48.0,30.44,93.0,170.08,10.12,06:35:00,17:42:00
18671,1479751501,11/21/2016 12:00:00 AM,08:05:01,109.62,48.0,30.44,91.0,170.41,4.5,06:35:00,17:42:00
18672,1479751205,11/21/2016 12:00:00 AM,08:00:05,117.21,48.0,30.44,91.0,142.47,10.12,06:35:00,17:42:00
18673,1479750901,11/21/2016 12:00:00 AM,07:55:01,159.9,47.0,30.44,92.0,157.41,7.87,06:35:00,17:42:00
18674,1479750602,11/21/2016 12:00:00 AM,07:50:02,189.47,47.0,30.44,91.0,192.28,10.12,06:35:00,17:42:00
18675,1479750303,11/21/2016 12:00:00 AM,07:45:03,154.07,46.0,30.44,91.0,155.69,10.12,06:35:00,17:42:00
18676,1479750002,11/21/2016 12:00:00 AM,07:40:02,113.05,51.16507236474315,30.44,89.0,157.85,14.62,06:35:00,17:42:00
18677,1479749702,11/21/2016 12:00:00 AM,07:35:02,86.87,45.0,30.44,88.0,133.19,13.5,06:35:00,17:42:00
18678,1479749403,11/21/2016 12:00:00 AM,07:30:03,99.93,45.0,30.44,86.0,138.94,6.75,06:35:00,17:42:00
18679,1479749102,11/21/2016 12:00:00 AM,07:25:02,89.35,44.0,30.44,87.0,154.37,7.87,06:35:00,17:42:00
18680,1479748801,11/21/2016 12:00:00 AM,07:20:01,57.57,44.0,30.43,89.0,142.77,9.0,06:35:00,17:42:00
18681,1479748501,11/21/2016 12:00:00 AM,07:15:01,44.07,44.0,30.43,93.0,156.51,3.37,06:35:00,17:42:00
18682,1479748202,11/21/2016 12:00:00 AM,07:10:02,44.62,44.0,30.43,91.0,145.3,12.37,06:35:00,17:42:00
18683,1479747902,11/21/2016 12:00:00 AM,07:05:02,37.54,45.0,30.43,90.0,129.11,7.87,06:35:00,17:42:00
18684,1479747601,11/21/2016 12:00:00 AM,07:00:01,38.51,44.0,30.43,90.0,137.95,4.5,06:35:00,17:42:00
18685,1479747301,11/21/2016 12:00:00 AM,06:55:01,27.67,44.0,30.43,91.0,151.94,4.5,06:35:00,17:42:00
18686,1479747003,11/21/2016 12:00:00 AM,06:50:03,22.8,44.0,30.43,92.0,157.23,7.87,06:35:00,17:42:00
18687,1479746704,11/21/2016 12:00:00 AM,06:45:04,15.07,44.0,30.42,92.0,160.99,10.12,06:35:00,17:42:00
18688,1479746401,11/21/2016 12:00:00 AM,06:40:01,7.1,44.0,30.42,92.0,148.91,11.25,06:35:00,17:42:00
18689,1479746102,11/21/2016 12:00:00 AM,06:35:02,4.04,43.0,30.42,91.0,183.0,6.75,06:35:00,17:42:00
18690,1479745804,11/21/2016 12:00:00 AM,06:30:04,3.51,43.0,30.42,91.0,180.18,9.0,06:35:00,17:42:00
18691,1479745502,11/21/2016 12:00:00 AM,06:25:02,2.07,43.0,30.42,90.0,155.95,11.25,06:35:00,17:42:00
18692,1479745202,11/21/2016 12:00:00 AM,06:20:02,1.21,43.0,30.42,90.0,158.63,5.62,06:35:00,17:42:00
18693,1479744908,11/21/2016 12:00:00 AM,06:15:08,1.21,43.0,30.42,90.0,141.15,10.12,06:35:00,17:42:00
18694,1479744603,11/21/2016 12:00:00 AM,06:10:03,1.21,43.0,30.42,89.0,177.17,7.87,06:35:00,17:42:00
18695,1479744301,11/21/2016 12:00:00 AM,06:05:01,1.2,43.0,30.42,89.0,162.63,7.87,06:35:00,17:42:00
18696,1479744005,11/21/2016 12:00:00 AM,06:00:05,1.2,43.0,30.42,89.0,143.95,10.12,06:35:00,17:42:00
18697,1479743704,11/21/2016 12:00:00 AM,05:55:04,1.22,43.0,30.41,89.0,174.62,7.87,06:35:00,17:42:00
18698,1479743402,11/21/2016 12:00:00 AM,05:50:02,1.2,43.0,30.41,88.0,175.57,6.75,06:35:00,17:42:00
18699,1479743101,11/21/2016 12:00:00 AM,05:45:01,1.22,43.0,30.41,89.0,196.66,6.75,06:35:00,17:42:00
18700,1479742805,11/21/2016 12:00:00 AM,05:40:05,1.21,43.0,30.41,88.0,158.1,10.12,06:35:00,17:42:00
18701,1479742503,11/21/2016 12:00:00 AM,05:35:03,1.17,43.0,30.41,84.0,144.04,9.0,06:35:00,17:42:00
18702,1479742205,11/21/2016 12:00:00 AM,05:30:05,1.18,43.0,30.41,77.0,157.93,7.87,06:35:00,17:42:00
18703,1479741901,11/21/2016 12:00:00 AM,05:25:01,1.21,42.0,30.41,73.0,168.87,5.62,06:35:00,17:42:00
18704,1479741601,11/21/2016 12:00:00 AM,05:20:01,1.18,43.0,30.41,75.0,144.52,9.0,06:35:00,17:42:00
18705,1479741301,11/21/2016 12:00:00 AM,05:15:01,1.21,43.0,30.41,76.0,159.56,7.87,06:35:00,17:42:00
18706,1479741002,11/21/2016 12:00:00 AM,05:10:02,1.19,43.0,30.423028000868246,78.0,140.66,9.0,06:35:00,17:42:00
18707,1479740704,11/21/2016 12:00:00 AM,05:05:04,1.18,43.0,30.4,79.0,166.17,10.12,06:35:00,17:42:00
18708,1479740401,11/21/2016 12:00:00 AM,05:00:01,1.2,43.0,30.4,85.0,122.72,4.5,06:35:00,17:42:00
18709,1479740101,11/21/2016 12:00:00 AM,04:55:01,1.2,42.0,30.41,89.0,49.31,5.62,06:35:00,17:42:00
18710,1479739801,11/21/2016 12:00:00 AM,04:50:01,1.21,42.0,30.41,86.0,164.41,3.37,06:35:00,17:42:00
18711,1479739503,11/21/2016 12:00:00 AM,04:45:03,1.2,42.0,30.41,77.0,178.86,5.62,06:35:00,17:42:00
18712,1479739206,11/21/2016 12:00:00 AM,04:40:06,1.17,42.0,30.41,79.0,177.2,6.75,06:35:00,17:42:00
18713,1479738901,11/21/2016 12:00:00 AM,04:35:01,1.15,42.0,30.4,82.0,170.32,6.75,06:35:00,17:42:00
18714,1479738602,11/21/2016 12:00:00 AM,04:30:02,1.19,43.0,30.4,86.0,166.26,2.25,06:35:00,17:42:00
18715,1479738302,11/21/2016 12:00:00 AM,04:25:02,1.17,43.0,30.4,84.0,179.48,3.37,06:35:00,17:42:00
18716,1479738001,11/21/2016 12:00:00 AM,04:20:01,1.2,44.0,30.4,86.0,177.0,5.62,06:35:00,17:42:00
18717,1479737704,11/21/2016 12:00:00 AM,04:15:04,1.19,44.0,30.4,88.0,188.03,5.62,06:35:00,17:42:00
18718,1479737402,11/21/2016 12:00:00 AM,04:10:02,1.21,44.0,30.4,86.0,166.32,4.5,06:35:00,17:42:00
18719,1479737103,11/21/2016 12:00:00 AM,04:05:03,1.2,44.0,30.4,81.0,157.68,6.75,06:35:00,17:42:00
18720,1479736802,11/21/2016 12:00:00 AM,04:00:02,1.23,44.0,30.4,84.0,155.31,2.25,06:35:00,17:42:00
18721,1479736502,11/21/2016 12:00:00 AM,03:55:02,1.18,44.0,30.4,85.0,72.9,6.75,06:35:00,17:42:00
18722,1479736202,11/21/2016 12:00:00 AM,03:50:02,1.22,44.0,30.4,84.0,163.22,7.87,06:35:00,17:42:00
18723,1479735903,11/21/2016 12:00:00 AM,03:45:03,1.17,44.0,30.4,85.0,172.07,5.62,06:35:00,17:42:00
18724,1479735603,11/21/2016 12:00:00 AM,03:40:03,1.2,44.0,30.4,85.0,157.5,6.75,06:35:00,17:42:00
18725,1479735304,11/21/2016 12:00:00 AM,03:35:04,1.21,44.0,30.4,87.0,178.24,6.75,06:35:00,17:42:00
18726,1479735001,11/21/2016 12:00:00 AM,03:30:01,1.2,45.0,30.41,91.0,157.73,6.75,06:35:00,17:42:00
18727,1479734702,11/21/2016 12:00:00 AM,03:25:02,1.18,45.0,30.41,93.0,150.41,5.62,06:35:00,17:42:00
18728,1479734405,11/21/2016 12:00:00 AM,03:20:05,1.2,45.0,30.423028000868246,92.0,161.48,10.12,06:35:00,17:42:00
18729,1479734105,11/21/2016 12:00:00 AM,03:15:05,1.2,45.0,30.41,91.0,155.97,7.87,06:35:00,17:42:00
18730,1479733802,11/21/2016 12:00:00 AM,03:10:02,1.2,45.0,30.4,90.0,166.62,10.12,06:35:00,17:42:00
18731,1479733501,11/21/2016 12:00:00 AM,03:05:01,1.21,44.0,30.4,88.0,158.51,10.12,06:35:00,17:42:00
18732,1479733201,11/21/2016 12:00:00 AM,03:00:01,1.19,44.0,30.4,85.0,163.5,9.0,06:35:00,17:42:00
18733,1479732902,11/21/2016 12:00:00 AM,02:55:02,1.19,44.0,30.4,86.0,164.29,2.25,06:35:00,17:42:00
18734,1479732602,11/21/2016 12:00:00 AM,02:50:02,1.24,45.0,30.41,84.0,148.69,5.62,06:35:00,17:42:00
18735,1479732304,11/21/2016 12:00:00 AM,02:45:04,1.21,45.0,30.41,80.0,169.23,5.62,06:35:00,17:42:00
18736,1479732001,11/21/2016 12:00:00 AM,02:40:01,1.2,45.0,30.41,84.0,161.71,7.87,06:35:00,17:42:00
18737,1479731702,11/21/2016 12:00:00 AM,02:35:02,1.21,45.0,30.41,89.0,161.54,7.87,06:35:00,17:42:00
18738,1479731402,11/21/2016 12:00:00 AM,02:30:02,1.19,46.0,30.41,91.0,132.7,7.87,06:35:00,17:42:00
18739,1479731102,11/21/2016 12:00:00 AM,02:25:02,1.21,46.0,30.41,93.0,135.84,7.87,06:35:00,17:42:00
18740,1479730801,11/21/2016 12:00:00 AM,02:20:01,1.21,46.0,30.41,94.0,69.42,5.62,06:35:00,17:42:00
18741,1479730501,11/21/2016 12:00:00 AM,02:15:01,1.19,46.0,30.41,93.0,154.02,3.37,06:35:00,17:42:00
18742,1479730203,11/21/2016 12:00:00 AM,02:10:03,1.19,46.0,30.42,94.0,148.98,5.62,06:35:00,17:42:00
18743,1479729901,11/21/2016 12:00:00 AM,02:05:01,1.2,46.0,30.42,95.0,154.22,4.5,06:35:00,17:42:00
18744,1479729602,11/21/2016 12:00:00 AM,02:00:02,1.19,46.0,30.42,94.0,91.72,9.0,06:35:00,17:42:00
18745,1479729301,11/21/2016 12:00:00 AM,01:55:01,1.2,46.0,30.42,94.0,168.59,3.37,06:35:00,17:42:00
18746,1479729001,11/21/2016 12:00:00 AM,01:50:01,1.18,46.0,30.42,94.0,130.18,6.75,06:35:00,17:42:00
18747,1479728701,11/21/2016 12:00:00 AM,01:45:01,1.19,45.0,30.42,93.0,171.02,7.87,06:35:00,17:42:00
18748,1479728402,11/21/2016 12:00:00 AM,01:40:02,1.19,45.0,30.42,92.0,140.38,4.5,06:35:00,17:42:00
18749,1479728102,11/21/2016 12:00:00 AM,01:35:02,1.23,45.0,30.42,89.0,135.15,5.62,06:35:00,17:42:00
18750,1479727811,11/21/2016 12:00:00 AM,01:30:11,1.19,45.0,30.43,89.0,173.21,9.0,06:35:00,17:42:00
18751,1479727502,11/21/2016 12:00:00 AM,01:25:02,1.22,45.0,30.43,86.0,175.2,7.87,06:35:00,17:42:00
18752,1479727203,11/21/2016 12:00:00 AM,01:20:03,1.18,45.0,30.43,82.0,193.01,11.25,06:35:00,17:42:00
18753,1479726901,11/21/2016 12:00:00 AM,01:15:01,1.19,45.0,30.43,78.0,152.23,10.12,06:35:00,17:42:00
18754,1479726601,11/21/2016 12:00:00 AM,01:10:01,1.21,45.0,30.43,74.0,155.77,13.5,06:35:00,17:42:00
18755,1479726302,11/21/2016 12:00:00 AM,01:05:02,1.17,45.0,30.43,74.0,161.88,11.25,06:35:00,17:42:00
18756,1479726002,11/21/2016 12:00:00 AM,01:00:02,1.22,45.0,30.43,76.0,142.07,13.5,06:35:00,17:42:00
18757,1479725701,11/21/2016 12:00:00 AM,00:55:01,1.19,45.0,30.43,76.0,162.53,11.25,06:35:00,17:42:00
18758,1479725401,11/21/2016 12:00:00 AM,00:50:01,1.19,46.0,30.43,78.0,145.58,9.0,06:35:00,17:42:00
18759,1479725102,11/21/2016 12:00:00 AM,00:45:02,1.21,46.0,30.43,80.0,120.57,11.25,06:35:00,17:42:00
18760,1479724802,11/21/2016 12:00:00 AM,00:40:02,1.23,45.0,30.43,83.0,151.95,11.25,06:35:00,17:42:00
18761,1479724503,11/21/2016 12:00:00 AM,00:35:03,1.22,45.0,30.43,85.0,163.32,12.37,06:35:00,17:42:00
18762,1479724202,11/21/2016 12:00:00 AM,00:30:02,1.21,45.0,30.43,85.0,168.91,12.37,06:35:00,17:42:00
18763,1479723902,11/21/2016 12:00:00 AM,00:25:02,1.2,46.0,30.43,86.0,139.56,10.12,06:35:00,17:42:00
18764,1479723604,11/21/2016 12:00:00 AM,00:20:04,1.19,46.0,30.43,87.0,100.92,14.62,06:35:00,17:42:00
18765,1479723301,11/21/2016 12:00:00 AM,00:15:01,1.18,46.0,30.43,87.0,149.71,9.0,06:35:00,17:42:00
18766,1479723002,11/21/2016 12:00:00 AM,00:10:02,1.19,46.0,30.44,88.0,144.75,4.5,06:35:00,17:42:00
18767,1479722702,11/21/2016 12:00:00 AM,00:05:02,1.21,46.0,30.43,90.0,137.97,10.12,06:35:00,17:42:00
18768,1479722402,11/21/2016 12:00:00 AM,00:00:02,1.18,45.0,30.44,96.0,129.59,9.0,06:35:00,17:42:00
18769,1479722102,11/20/2016 12:00:00 AM,23:55:02,1.19,45.0,30.44,100.0,125.24,4.5,06:34:00,17:42:00
18770,1479721809,11/20/2016 12:00:00 AM,23:50:09,1.21,45.0,30.44,101.0,170.23,6.75,06:34:00,17:42:00
18771,1479721501,11/20/2016 12:00:00 AM,23:45:01,1.2,45.0,30.44,101.0,155.31,14.62,06:34:00,17:42:00
18772,1479721202,11/20/2016 12:00:00 AM,23:40:02,1.21,46.0,30.44,101.0,161.85,4.5,06:34:00,17:42:00
18773,1479720902,11/20/2016 12:00:00 AM,23:35:02,1.17,46.0,30.44,101.0,44.59,4.5,06:34:00,17:42:00
18774,1479720601,11/20/2016 12:00:00 AM,23:30:01,1.18,46.0,30.44,102.0,109.26,9.0,06:34:00,17:42:00
18775,1479720301,11/20/2016 12:00:00 AM,23:25:01,1.2,46.0,30.44,102.0,127.46,4.5,06:34:00,17:42:00
18776,1479720002,11/20/2016 12:00:00 AM,23:20:02,1.22,46.0,30.44,101.0,65.37,5.62,06:34:00,17:42:00
18777,1479719702,11/20/2016 12:00:00 AM,23:15:02,1.23,47.0,30.44,101.0,68.95,9.0,06:34:00,17:42:00
18778,1479719402,11/20/2016 12:00:00 AM,23:10:02,1.16,47.0,30.44,101.0,91.39,6.75,06:34:00,17:42:00
18779,1479719101,11/20/2016 12:00:00 AM,23:05:01,1.24,47.0,30.44,101.0,25.62,3.37,06:34:00,17:42:00
18780,1479718801,11/20/2016 12:00:00 AM,23:00:01,1.19,47.0,30.45,101.0,65.19,10.12,06:34:00,17:42:00
18781,1479718507,11/20/2016 12:00:00 AM,22:55:07,1.16,47.0,30.44,101.0,88.06,5.62,06:34:00,17:42:00
18782,1479718205,11/20/2016 12:00:00 AM,22:50:05,1.21,47.0,30.44,101.0,72.88,6.75,06:34:00,17:42:00
18783,1479717902,11/20/2016 12:00:00 AM,22:45:02,1.22,47.0,30.44,101.0,111.14,3.37,06:34:00,17:42:00
18784,1479717603,11/20/2016 12:00:00 AM,22:40:03,1.19,48.0,30.45,101.0,98.29,2.25,06:34:00,17:42:00
18785,1479717302,11/20/2016 12:00:00 AM,22:35:02,1.18,48.0,30.45,101.0,61.03,5.62,06:34:00,17:42:00
18786,1479717001,11/20/2016 12:00:00 AM,22:30:01,1.2,48.0,30.45,101.0,119.8,2.25,06:34:00,17:42:00
18787,1479716708,11/20/2016 12:00:00 AM,22:25:08,1.17,48.0,30.44,101.0,105.11,2.25,06:34:00,17:42:00
18788,1479716405,11/20/2016 12:00:00 AM,22:20:05,1.24,48.0,30.45,101.0,96.46,11.25,06:34:00,17:42:00
18789,1479716102,11/20/2016 12:00:00 AM,22:15:02,1.21,47.0,30.44,101.0,145.73,12.37,06:34:00,17:42:00
18790,1479715804,11/20/2016 12:00:00 AM,22:10:04,1.2,47.0,30.44,102.0,131.12,11.25,06:34:00,17:42:00
18791,1479715505,11/20/2016 12:00:00 AM,22:05:05,1.18,47.0,30.44,102.0,116.07,12.37,06:34:00,17:42:00
18792,1479715202,11/20/2016 12:00:00 AM,22:00:02,1.22,47.0,30.44,102.0,133.06,11.25,06:34:00,17:42:00
18793,1479714905,11/20/2016 12:00:00 AM,21:55:05,1.21,47.0,30.44,102.0,68.79,3.37,06:34:00,17:42:00
18794,1479714604,11/20/2016 12:00:00 AM,21:50:04,1.21,48.0,30.44,102.0,114.86,13.5,06:34:00,17:42:00
18795,1479714302,11/20/2016 12:00:00 AM,21:45:02,1.21,48.0,30.44,102.0,164.38,6.75,06:34:00,17:42:00
18796,1479714002,11/20/2016 12:00:00 AM,21:40:02,1.21,48.0,30.45,102.0,106.66,9.0,06:34:00,17:42:00
18797,1479713702,11/20/2016 12:00:00 AM,21:35:02,1.23,48.0,30.45,102.0,53.89,11.25,06:34:00,17:42:00
18798,1479713402,11/20/2016 12:00:00 AM,21:30:02,1.21,48.0,30.44,102.0,110.42,12.37,06:34:00,17:42:00
18799,1479713102,11/20/2016 12:00:00 AM,21:25:02,1.22,48.0,30.44,102.0,155.83,5.62,06:34:00,17:42:00
18800,1479712801,11/20/2016 12:00:00 AM,21:20:01,1.21,48.0,30.44,102.0,153.48,10.12,06:34:00,17:42:00
18801,1479712505,11/20/2016 12:00:00 AM,21:15:05,1.23,48.0,30.44,102.0,116.09,4.5,06:34:00,17:42:00
18802,1479712204,11/20/2016 12:00:00 AM,21:10:04,1.22,48.0,30.44,102.0,148.25,7.87,06:34:00,17:42:00
18803,1479711904,11/20/2016 12:00:00 AM,21:05:04,1.18,48.0,30.44,102.0,20.54,3.37,06:34:00,17:42:00
18804,1479711602,11/20/2016 12:00:00 AM,21:00:02,1.25,48.0,30.44,102.0,194.0,1.12,06:34:00,17:42:00
18805,1479711303,11/20/2016 12:00:00 AM,20:55:03,1.23,48.0,30.44,102.0,182.19,9.0,06:34:00,17:42:00
18806,1479711001,11/20/2016 12:00:00 AM,20:50:01,1.22,48.0,30.44,102.0,120.04,5.62,06:34:00,17:42:00
18807,1479710702,11/20/2016 12:00:00 AM,20:45:02,1.22,48.0,30.44,102.0,69.36,10.12,06:34:00,17:42:00
18808,1479710402,11/20/2016 12:00:00 AM,20:40:02,1.22,48.0,30.44,102.0,120.32,11.25,06:34:00,17:42:00
18809,1479710102,11/20/2016 12:00:00 AM,20:35:02,1.24,48.0,30.44,102.0,156.36,7.87,06:34:00,17:42:00
18810,1479709804,11/20/2016 12:00:00 AM,20:30:04,1.19,48.0,30.44,102.0,198.79,3.37,06:34:00,17:42:00
18811,1479709503,11/20/2016 12:00:00 AM,20:25:03,1.21,48.0,30.44,102.0,198.61,4.5,06:34:00,17:42:00
18812,1479709202,11/20/2016 12:00:00 AM,20:20:02,1.22,48.0,30.44,102.0,113.56,4.5,06:34:00,17:42:00
18813,1479708902,11/20/2016 12:00:00 AM,20:15:02,1.22,48.0,30.44,102.0,8.64,6.75,06:34:00,17:42:00
18814,1479708601,11/20/2016 12:00:00 AM,20:10:01,1.22,49.0,30.44,102.0,82.31,10.12,06:34:00,17:42:00
18815,1479708301,11/20/2016 12:00:00 AM,20:05:01,1.25,49.0,30.44,102.0,94.18,10.12,06:34:00,17:42:00
18816,1479708006,11/20/2016 12:00:00 AM,20:00:06,1.2,49.0,30.44,102.0,116.0,7.87,06:34:00,17:42:00
18817,1479707702,11/20/2016 12:00:00 AM,19:55:02,1.25,49.0,30.44,102.0,81.08,3.37,06:34:00,17:42:00
18818,1479707401,11/20/2016 12:00:00 AM,19:50:01,1.23,49.0,30.44,102.0,149.48,5.62,06:34:00,17:42:00
18819,1479707102,11/20/2016 12:00:00 AM,19:45:02,1.22,51.16507236474315,30.44,102.0,159.58,7.87,06:34:00,17:42:00
18820,1479706801,11/20/2016 12:00:00 AM,19:40:01,1.25,49.0,30.44,102.0,140.55,5.62,06:34:00,17:42:00
18821,1479706501,11/20/2016 12:00:00 AM,19:35:01,1.21,49.0,30.44,102.0,153.53,6.75,06:34:00,17:42:00
18822,1479706201,11/20/2016 12:00:00 AM,19:30:01,1.18,49.0,30.44,102.0,136.25,5.62,06:34:00,17:42:00
18823,1479705902,11/20/2016 12:00:00 AM,19:25:02,1.21,49.0,30.44,102.0,97.55,6.75,06:34:00,17:42:00
18824,1479705605,11/20/2016 12:00:00 AM,19:20:05,1.22,49.0,30.44,102.0,168.45,1.12,06:34:00,17:42:00
18825,1479705301,11/20/2016 12:00:00 AM,19:15:01,1.18,49.0,30.44,102.0,156.4,5.62,06:34:00,17:42:00
18826,1479705003,11/20/2016 12:00:00 AM,19:10:03,1.19,49.0,30.44,102.0,128.78,11.25,06:34:00,17:42:00
18827,1479704703,11/20/2016 12:00:00 AM,19:05:03,1.21,49.0,30.44,102.0,130.64,10.12,06:34:00,17:42:00
18828,1479704401,11/20/2016 12:00:00 AM,19:00:01,1.25,49.0,30.43,102.0,189.77,6.75,06:34:00,17:42:00
18829,1479704102,11/20/2016 12:00:00 AM,18:55:02,1.19,49.0,30.43,102.0,76.32,4.5,06:34:00,17:42:00
18830,1479703802,11/20/2016 12:00:00 AM,18:50:02,1.2,49.0,30.43,102.0,94.35,6.75,06:34:00,17:42:00
18831,1479703502,11/20/2016 12:00:00 AM,18:45:02,1.2,49.0,30.43,102.0,102.3,11.25,06:34:00,17:42:00
18832,1479703201,11/20/2016 12:00:00 AM,18:40:01,1.18,49.0,30.43,102.0,126.53,4.5,06:34:00,17:42:00
18833,1479702902,11/20/2016 12:00:00 AM,18:35:02,1.23,49.0,30.43,102.0,117.22,7.87,06:34:00,17:42:00
18834,1479702602,11/20/2016 12:00:00 AM,18:30:02,1.25,49.0,30.43,102.0,110.49,5.62,06:34:00,17:42:00
18835,1479702301,11/20/2016 12:00:00 AM,18:25:01,1.23,49.0,30.43,102.0,146.35,5.62,06:34:00,17:42:00
18836,1479702002,11/20/2016 12:00:00 AM,18:20:02,1.2,49.0,30.42,102.0,75.06,2.25,06:34:00,17:42:00
18837,1479701702,11/20/2016 12:00:00 AM,18:15:02,1.21,49.0,30.42,102.0,123.85,7.87,06:34:00,17:42:00
18838,1479701401,11/20/2016 12:00:00 AM,18:10:01,1.22,49.0,30.42,102.0,119.97,9.0,06:34:00,17:42:00
18839,1479701102,11/20/2016 12:00:00 AM,18:05:02,1.24,49.0,30.41,102.0,142.17,10.12,06:34:00,17:42:00
18840,1479700802,11/20/2016 12:00:00 AM,18:00:02,1.23,49.0,30.41,102.0,99.37,6.75,06:34:00,17:42:00
18841,1479700501,11/20/2016 12:00:00 AM,17:55:01,1.21,48.0,30.41,102.0,0.12,2.25,06:34:00,17:42:00
18842,1479700201,11/20/2016 12:00:00 AM,17:50:01,1.91,49.0,30.41,102.0,228.9,4.5,06:34:00,17:42:00
18843,1479699901,11/20/2016 12:00:00 AM,17:45:01,2.69,49.0,30.41,102.0,107.4,9.0,06:34:00,17:42:00
18844,1479699602,11/20/2016 12:00:00 AM,17:40:02,4.3,49.0,30.41,102.0,28.48,2.25,06:34:00,17:42:00
18845,1479699302,11/20/2016 12:00:00 AM,17:35:02,8.86,49.0,30.4,102.0,62.84,7.87,06:34:00,17:42:00
18846,1479699001,11/20/2016 12:00:00 AM,17:30:01,28.27,49.0,30.4,102.0,321.11,4.5,06:34:00,17:42:00
18847,1479698702,11/20/2016 12:00:00 AM,17:25:02,46.69,50.0,30.4,102.0,77.26,6.229096658193317,06:34:00,17:42:00
18848,1479698403,11/20/2016 12:00:00 AM,17:20:03,30.45,50.0,30.4,102.0,5.42,5.62,06:34:00,17:42:00
18849,1479698108,11/20/2016 12:00:00 AM,17:15:08,25.35,50.0,30.4,102.0,51.73,5.62,06:34:00,17:42:00
18850,1479697801,11/20/2016 12:00:00 AM,17:10:01,37.64,50.0,30.4,102.0,61.04,6.75,06:34:00,17:42:00
18851,1479697502,11/20/2016 12:00:00 AM,17:05:02,50.33,50.0,30.4,102.0,66.06,4.5,06:34:00,17:42:00
18852,1479697202,11/20/2016 12:00:00 AM,17:00:02,61.69,50.0,30.4,102.0,7.64,4.5,06:34:00,17:42:00
18853,1479696902,11/20/2016 12:00:00 AM,16:55:02,58.15,50.0,30.4,102.0,63.57,12.37,06:34:00,17:42:00
18854,1479696601,11/20/2016 12:00:00 AM,16:50:01,59.22,51.0,30.39,102.0,44.11,13.5,06:34:00,17:42:00
18855,1479696301,11/20/2016 12:00:00 AM,16:45:01,103.46,51.0,30.4,102.0,58.48,7.87,06:34:00,17:42:00
18856,1479696002,11/20/2016 12:00:00 AM,16:40:02,131.17,51.0,30.4,101.0,28.85,6.75,06:34:00,17:42:00
18857,1479695704,11/20/2016 12:00:00 AM,16:35:04,93.47,51.0,30.4,101.0,347.66,10.12,06:34:00,17:42:00
18858,1479695401,11/20/2016 12:00:00 AM,16:30:01,236.94,51.0,30.39,101.0,79.77,5.62,06:34:00,17:42:00
18859,1479695101,11/20/2016 12:00:00 AM,16:25:01,343.54,51.0,30.39,101.0,49.45,9.0,06:34:00,17:42:00
18860,1479694802,11/20/2016 12:00:00 AM,16:20:02,278.53,51.0,30.39,101.0,80.09,6.75,06:34:00,17:42:00
18861,1479694502,11/20/2016 12:00:00 AM,16:15:02,189.91,51.0,30.39,101.0,28.07,4.5,06:34:00,17:42:00
18862,1479694202,11/20/2016 12:00:00 AM,16:10:02,116.45,51.0,30.39,101.0,48.84,7.87,06:34:00,17:42:00
18863,1479693901,11/20/2016 12:00:00 AM,16:05:01,103.85,51.0,30.39,101.0,72.05,11.25,06:34:00,17:42:00
18864,1479693601,11/20/2016 12:00:00 AM,16:00:01,106.05,51.0,30.39,101.0,30.67,6.75,06:34:00,17:42:00
18865,1479693301,11/20/2016 12:00:00 AM,15:55:01,139.7,51.0,30.39,101.0,133.85,4.5,06:34:00,17:42:00
18866,1479693002,11/20/2016 12:00:00 AM,15:50:02,331.77,51.0,30.39,101.0,27.89,2.25,06:34:00,17:42:00
18867,1479692702,11/20/2016 12:00:00 AM,15:45:02,251.52,51.0,30.39,101.0,6.88,5.62,06:34:00,17:42:00
18868,1479692404,11/20/2016 12:00:00 AM,15:40:04,288.33,51.0,30.39,101.0,47.19,11.25,06:34:00,17:42:00
18869,1479692104,11/20/2016 12:00:00 AM,15:35:04,309.45,51.0,30.39,101.0,10.5,2.25,06:34:00,17:42:00
18870,1479691802,11/20/2016 12:00:00 AM,15:30:02,267.81,51.0,30.39,101.0,11.81,2.25,06:34:00,17:42:00
18871,1479691505,11/20/2016 12:00:00 AM,15:25:05,183.62,51.0,30.39,101.0,31.02,7.87,06:34:00,17:42:00
18872,1479691203,11/20/2016 12:00:00 AM,15:20:03,264.8,51.0,30.39,101.0,51.38,7.87,06:34:00,17:42:00
18873,1479690901,11/20/2016 12:00:00 AM,15:15:01,132.97,52.0,30.39,101.0,25.4,5.62,06:34:00,17:42:00
18874,1479690601,11/20/2016 12:00:00 AM,15:10:01,262.58,52.0,30.39,101.0,248.46,4.5,06:34:00,17:42:00
18875,1479690305,11/20/2016 12:00:00 AM,15:05:05,335.75,52.0,30.39,101.0,45.84,7.87,06:34:00,17:42:00
18876,1479690002,11/20/2016 12:00:00 AM,15:00:02,345.25,52.0,30.39,101.0,62.05,7.87,06:34:00,17:42:00
18877,1479689701,11/20/2016 12:00:00 AM,14:55:01,249.05,52.0,30.39,101.0,48.41,5.62,06:34:00,17:42:00
18878,1479689402,11/20/2016 12:00:00 AM,14:50:02,215.16,52.0,30.4,101.0,22.95,6.75,06:34:00,17:42:00
18879,1479689102,11/20/2016 12:00:00 AM,14:45:02,403.1,53.0,30.39,101.0,76.32,6.75,06:34:00,17:42:00
18880,1479688801,11/20/2016 12:00:00 AM,14:40:01,301.98,53.0,30.39,101.0,21.58,6.229096658193317,06:34:00,17:42:00
18881,1479688502,11/20/2016 12:00:00 AM,14:35:02,405.87,53.0,30.39,101.0,22.1,12.37,06:34:00,17:42:00
18882,1479688202,11/20/2016 12:00:00 AM,14:30:02,421.87,53.0,30.39,101.0,41.3,6.75,06:34:00,17:42:00
18883,1479687901,11/20/2016 12:00:00 AM,14:25:01,367.12,53.0,30.39,101.0,82.97,5.62,06:34:00,17:42:00
18884,1479687601,11/20/2016 12:00:00 AM,14:20:01,310.53,53.0,30.39,101.0,105.61,4.5,06:34:00,17:42:00
18885,1479687302,11/20/2016 12:00:00 AM,14:15:02,526.38,52.0,30.39,100.0,117.6,7.87,06:34:00,17:42:00
18886,1479687002,11/20/2016 12:00:00 AM,14:10:02,469.93,53.0,30.39,101.0,143.54770303349548,3.37,06:34:00,17:42:00
18887,1479686701,11/20/2016 12:00:00 AM,14:05:01,436.43,53.0,30.39,101.0,34.63,9.0,06:34:00,17:42:00
18888,1479686403,11/20/2016 12:00:00 AM,14:00:03,476.07,53.0,30.39,100.0,11.43,3.37,06:34:00,17:42:00
18889,1479686101,11/20/2016 12:00:00 AM,13:55:01,348.73,53.0,30.39,100.0,356.94,5.62,06:34:00,17:42:00
18890,1479685801,11/20/2016 12:00:00 AM,13:50:01,383.43,53.0,30.4,100.0,38.5,3.37,06:34:00,17:42:00
18891,1479685506,11/20/2016 12:00:00 AM,13:45:06,374.74,53.0,30.4,100.0,35.62,6.75,06:34:00,17:42:00
18892,1479685202,11/20/2016 12:00:00 AM,13:40:02,794.73,53.0,30.4,100.0,73.22,7.87,06:34:00,17:42:00
18893,1479684901,11/20/2016 12:00:00 AM,13:35:01,453.82,53.0,30.4,100.0,64.53,5.62,06:34:00,17:42:00
18894,1479684601,11/20/2016 12:00:00 AM,13:30:01,529.78,53.0,30.41,100.0,24.91,5.62,06:34:00,17:42:00
18895,1479684306,11/20/2016 12:00:00 AM,13:25:06,527.35,53.0,30.41,100.0,358.19,4.5,06:34:00,17:42:00
18896,1479684002,11/20/2016 12:00:00 AM,13:20:02,419.87,54.0,30.41,100.0,16.61,9.0,06:34:00,17:42:00
18897,1479683702,11/20/2016 12:00:00 AM,13:15:02,415.58,54.0,30.41,100.0,47.17,6.75,06:34:00,17:42:00
18898,1479683402,11/20/2016 12:00:00 AM,13:10:02,553.81,54.0,30.41,99.0,85.41,9.0,06:34:00,17:42:00
18899,1479683101,11/20/2016 12:00:00 AM,13:05:01,597.86,54.0,30.41,99.0,11.19,4.5,06:34:00,17:42:00
18900,1479682802,11/20/2016 12:00:00 AM,13:00:02,474.47,54.0,30.41,99.0,26.22,7.87,06:34:00,17:42:00
18901,1479682502,11/20/2016 12:00:00 AM,12:55:02,719.81,54.0,30.41,98.0,76.51,5.62,06:34:00,17:42:00
18902,1479682204,11/20/2016 12:00:00 AM,12:50:04,660.2,54.0,30.42,98.0,198.63,5.62,06:34:00,17:42:00
18903,1479681901,11/20/2016 12:00:00 AM,12:45:01,569.97,53.0,30.41,99.0,41.65,9.0,06:34:00,17:42:00
18904,1479681603,11/20/2016 12:00:00 AM,12:40:03,600.74,53.0,30.42,99.0,65.85,11.25,06:34:00,17:42:00
18905,1479681304,11/20/2016 12:00:00 AM,12:35:04,299.99,53.0,30.42,98.0,91.29,10.12,06:34:00,17:42:00
18906,1479681004,11/20/2016 12:00:00 AM,12:30:04,544.14,53.0,30.42,99.0,118.72,6.75,06:34:00,17:42:00
18907,1479680702,11/20/2016 12:00:00 AM,12:25:02,512.92,53.0,30.42,99.0,36.51,7.87,06:34:00,17:42:00
18908,1479680401,11/20/2016 12:00:00 AM,12:20:01,537.8,54.0,30.42,99.0,51.51,10.12,06:34:00,17:42:00
18909,1479680104,11/20/2016 12:00:00 AM,12:15:04,614.61,54.0,30.42,99.0,2.86,4.5,06:34:00,17:42:00
18910,1479679803,11/20/2016 12:00:00 AM,12:10:03,590.54,54.0,30.43,99.0,271.29,4.5,06:34:00,17:42:00
18911,1479679503,11/20/2016 12:00:00 AM,12:05:03,689.97,54.0,30.43,98.0,4.89,3.37,06:34:00,17:42:00
18912,1479679201,11/20/2016 12:00:00 AM,12:00:01,649.82,54.0,30.43,97.0,0.1,5.62,06:34:00,17:42:00
18913,1479678919,11/20/2016 12:00:00 AM,11:55:19,377.11,54.0,30.43,96.0,74.07,9.0,06:34:00,17:42:00
18914,1479678618,11/20/2016 12:00:00 AM,11:50:18,589.79,55.0,30.44,93.0,27.86,11.25,06:34:00,17:42:00
18915,1479678318,11/20/2016 12:00:00 AM,11:45:18,836.93,57.0,30.44,90.0,56.33,6.75,06:34:00,17:42:00
18916,1479678017,11/20/2016 12:00:00 AM,11:40:17,927.15,56.0,30.44,91.0,104.04,10.12,06:34:00,17:42:00
18917,1479677718,11/20/2016 12:00:00 AM,11:35:18,898.81,56.0,30.44,91.0,92.88,11.25,06:34:00,17:42:00
18918,1479677417,11/20/2016 12:00:00 AM,11:30:17,947.89,55.0,30.44,92.0,195.8,9.0,06:34:00,17:42:00
18919,1479677119,11/20/2016 12:00:00 AM,11:25:19,849.5,55.0,30.44,95.0,41.34,6.75,06:34:00,17:42:00
18920,1479676822,11/20/2016 12:00:00 AM,11:20:22,836.38,54.0,30.44,94.0,30.15,4.5,06:34:00,17:42:00
18921,1479676518,11/20/2016 12:00:00 AM,11:15:18,516.53,55.0,30.44,93.0,128.89,6.75,06:34:00,17:42:00
18922,1479676219,11/20/2016 12:00:00 AM,11:10:19,614.38,55.0,30.45,91.0,332.37,4.5,06:34:00,17:42:00
18923,1479675918,11/20/2016 12:00:00 AM,11:05:18,476.1,56.0,30.45,90.0,142.99,4.5,06:34:00,17:42:00
18924,1479675620,11/20/2016 12:00:00 AM,11:00:20,468.14,55.0,30.45,90.0,157.01,5.62,06:34:00,17:42:00
18925,1479675318,11/20/2016 12:00:00 AM,10:55:18,974.38,55.0,30.45,90.0,40.43,3.37,06:34:00,17:42:00
18926,1479675018,11/20/2016 12:00:00 AM,10:50:18,723.25,56.0,30.45,89.0,53.46,11.25,06:34:00,17:42:00
18927,1479674717,11/20/2016 12:00:00 AM,10:45:17,363.54,56.0,30.45,88.0,110.55,5.62,06:34:00,17:42:00
18928,1479674420,11/20/2016 12:00:00 AM,10:40:20,809.35,56.0,30.45,86.0,29.25,6.75,06:34:00,17:42:00
18929,1479674117,11/20/2016 12:00:00 AM,10:35:17,799.25,56.0,30.45,87.0,135.11,10.12,06:34:00,17:42:00
18930,1479673818,11/20/2016 12:00:00 AM,10:30:18,663.98,57.0,30.45,74.83719267708949,76.39,4.5,06:34:00,17:42:00
18931,1479673518,11/20/2016 12:00:00 AM,10:25:18,783.26,58.0,30.46,84.0,143.54770303349548,6.75,06:34:00,17:42:00
18932,1479673230,11/20/2016 12:00:00 AM,10:20:30,764.18,57.0,30.46,80.0,141.63,2.25,06:34:00,17:42:00
18933,1479672917,11/20/2016 12:00:00 AM,10:15:17,753.81,57.0,30.46,82.0,72.65,7.87,06:34:00,17:42:00
18934,1479672618,11/20/2016 12:00:00 AM,10:10:18,745.65,56.0,30.46,87.0,41.93,9.0,06:34:00,17:42:00
18935,1479672319,11/20/2016 12:00:00 AM,10:05:19,738.73,54.0,30.46,92.0,188.18,7.87,06:34:00,17:42:00
18936,1479672018,11/20/2016 12:00:00 AM,10:00:18,749.22,52.0,30.46,97.0,58.95,1.12,06:34:00,17:42:00
18937,1479671720,11/20/2016 12:00:00 AM,09:55:20,734.52,51.0,30.46,97.0,117.32,7.87,06:34:00,17:42:00
18938,1479671417,11/20/2016 12:00:00 AM,09:50:17,724.54,51.0,30.46,97.0,14.74,7.87,06:34:00,17:42:00
18939,1479671118,11/20/2016 12:00:00 AM,09:45:18,445.92,51.0,30.46,95.0,94.02,7.87,06:34:00,17:42:00
18940,1479670818,11/20/2016 12:00:00 AM,09:40:18,313.28,51.0,30.46,96.0,16.53,4.5,06:34:00,17:42:00
18941,1479670518,11/20/2016 12:00:00 AM,09:35:18,234.76,51.0,30.46,97.0,172.86,3.37,06:34:00,17:42:00
18942,1479670217,11/20/2016 12:00:00 AM,09:30:17,301.37,51.0,30.46,96.0,80.13,10.12,06:34:00,17:42:00
18943,1479669920,11/20/2016 12:00:00 AM,09:25:20,447.29,51.0,30.46,95.0,76.67,6.75,06:34:00,17:42:00
18944,1479669618,11/20/2016 12:00:00 AM,09:20:18,728.08,51.0,30.46,94.0,14.34,7.87,06:34:00,17:42:00
18945,1479669318,11/20/2016 12:00:00 AM,09:15:18,740.07,51.0,30.46,93.0,73.68,6.75,06:34:00,17:42:00
18946,1479669017,11/20/2016 12:00:00 AM,09:10:17,677.84,51.0,30.46,90.0,195.39,5.62,06:34:00,17:42:00
18947,1479668720,11/20/2016 12:00:00 AM,09:05:20,605.59,51.0,30.46,88.0,92.92,3.37,06:34:00,17:42:00
18948,1479668417,11/20/2016 12:00:00 AM,09:00:17,527.28,52.0,30.46,85.0,12.1,5.62,06:34:00,17:42:00
18949,1479668118,11/20/2016 12:00:00 AM,08:55:18,568.06,54.0,30.46,85.0,71.86,2.25,06:34:00,17:42:00
18950,1479667820,11/20/2016 12:00:00 AM,08:50:20,545.33,55.0,30.46,79.0,116.47,5.62,06:34:00,17:42:00
18951,1479667517,11/20/2016 12:00:00 AM,08:45:17,508.02,54.0,30.46,73.0,144.66,3.37,06:34:00,17:42:00
18952,1479667217,11/20/2016 12:00:00 AM,08:40:17,508.04,53.0,30.46,72.0,149.45,6.75,06:34:00,17:42:00
18953,1479666918,11/20/2016 12:00:00 AM,08:35:18,484.81,52.0,30.45,67.0,167.98,11.25,06:34:00,17:42:00
18954,1479666617,11/20/2016 12:00:00 AM,08:30:17,460.31,51.0,30.45,65.0,131.94,9.0,06:34:00,17:42:00
18955,1479666318,11/20/2016 12:00:00 AM,08:25:18,443.41,50.0,30.45,79.0,151.67,11.25,06:34:00,17:42:00
18956,1479666018,11/20/2016 12:00:00 AM,08:20:18,412.11,49.0,30.45,79.0,112.41,9.0,06:34:00,17:42:00
18957,1479665717,11/20/2016 12:00:00 AM,08:15:17,391.67,49.0,30.45,86.0,59.92,4.5,06:34:00,17:42:00
18958,1479665418,11/20/2016 12:00:00 AM,08:10:18,371.75,49.0,30.45,86.0,64.79,12.37,06:34:00,17:42:00
18959,1479665119,11/20/2016 12:00:00 AM,08:05:19,351.95,48.0,30.45,81.0,183.6,2.25,06:34:00,17:42:00
18960,1479664821,11/20/2016 12:00:00 AM,08:00:21,331.84,48.0,30.45,78.0,24.91,3.37,06:34:00,17:42:00
18961,1479664519,11/20/2016 12:00:00 AM,07:55:19,309.35,47.0,30.45,81.0,108.03,12.37,06:34:00,17:42:00
18962,1479664219,11/20/2016 12:00:00 AM,07:50:19,289.01,46.0,30.44,84.0,155.5,9.0,06:34:00,17:42:00
18963,1479663917,11/20/2016 12:00:00 AM,07:45:17,205.44,46.0,30.44,91.0,140.58,11.25,06:34:00,17:42:00
18964,1479663620,11/20/2016 12:00:00 AM,07:40:20,24.62,46.0,30.44,97.0,116.48,11.25,06:34:00,17:42:00
18965,1479663321,11/20/2016 12:00:00 AM,07:35:21,23.53,46.0,30.44,101.0,110.64,7.87,06:34:00,17:42:00
18966,1479663019,11/20/2016 12:00:00 AM,07:30:19,22.92,46.0,30.44,102.0,99.77,7.87,06:34:00,17:42:00
18967,1479662720,11/20/2016 12:00:00 AM,07:25:20,21.85,46.0,30.44,102.0,127.2,3.37,06:34:00,17:42:00
18968,1479662418,11/20/2016 12:00:00 AM,07:20:18,21.3,46.0,30.44,102.0,87.83,5.62,06:34:00,17:42:00
18969,1479662121,11/20/2016 12:00:00 AM,07:15:21,20.32,47.0,30.44,102.0,165.48,4.5,06:34:00,17:42:00
18970,1479661820,11/20/2016 12:00:00 AM,07:10:20,78.02,47.0,30.44,102.0,103.89,5.62,06:34:00,17:42:00
18971,1479661520,11/20/2016 12:00:00 AM,07:05:20,29.91,47.0,30.44,102.0,154.56,5.62,06:34:00,17:42:00
18972,1479661217,11/20/2016 12:00:00 AM,07:00:17,41.43,47.0,30.43,102.0,68.77,13.5,06:34:00,17:42:00
18973,1479660919,11/20/2016 12:00:00 AM,06:55:19,12.68,47.0,30.43,102.0,115.35,15.75,06:34:00,17:42:00
18974,1479660618,11/20/2016 12:00:00 AM,06:50:18,10.2,47.0,30.43,102.0,116.06,15.75,06:34:00,17:42:00
18975,1479660317,11/20/2016 12:00:00 AM,06:45:17,11.93,47.0,30.43,102.0,129.98,13.5,06:34:00,17:42:00
18976,1479660020,11/20/2016 12:00:00 AM,06:40:20,7.63,46.0,30.43,102.0,136.36,11.25,06:34:00,17:42:00
18977,1479659718,11/20/2016 12:00:00 AM,06:35:18,5.92,46.0,30.43,102.0,150.89,7.87,06:34:00,17:42:00
18978,1479659417,11/20/2016 12:00:00 AM,06:30:17,3.6,46.0,30.42,102.0,184.58,10.12,06:34:00,17:42:00
18979,1479659117,11/20/2016 12:00:00 AM,06:25:17,2.28,47.0,30.42,102.0,157.65,14.62,06:34:00,17:42:00
18980,1479658818,11/20/2016 12:00:00 AM,06:20:18,1.24,47.0,30.42,102.0,79.51,15.75,06:34:00,17:42:00
18981,1479658520,11/20/2016 12:00:00 AM,06:15:20,1.23,48.0,30.42,102.0,128.66,4.5,06:34:00,17:42:00
18982,1479658220,11/20/2016 12:00:00 AM,06:10:20,1.19,48.0,30.42,102.0,147.62,4.5,06:34:00,17:42:00
18983,1479657917,11/20/2016 12:00:00 AM,06:05:17,1.26,51.16507236474315,30.42,102.0,75.27,6.75,06:34:00,17:42:00
18984,1479657618,11/20/2016 12:00:00 AM,06:00:18,1.25,48.0,30.41,102.0,166.77,4.5,06:34:00,17:42:00
18985,1479657318,11/20/2016 12:00:00 AM,05:55:18,1.21,48.0,30.41,102.0,160.36,5.62,06:34:00,17:42:00
18986,1479657021,11/20/2016 12:00:00 AM,05:50:21,1.24,48.0,30.41,102.0,49.87,5.62,06:34:00,17:42:00
18987,1479656720,11/20/2016 12:00:00 AM,05:45:20,1.22,48.0,30.423028000868246,102.0,78.01,7.87,06:34:00,17:42:00
18988,1479656421,11/20/2016 12:00:00 AM,05:40:21,1.21,48.0,30.41,102.0,111.11,9.0,06:34:00,17:42:00
18989,1479656118,11/20/2016 12:00:00 AM,05:35:18,1.19,48.0,30.41,102.0,127.53,7.87,06:34:00,17:42:00
18990,1479655820,11/20/2016 12:00:00 AM,05:30:20,1.21,48.0,30.41,102.0,125.19,12.37,06:34:00,17:42:00
18991,1479655518,11/20/2016 12:00:00 AM,05:25:18,1.19,48.0,30.41,102.0,158.0,5.62,06:34:00,17:42:00
18992,1479655218,11/20/2016 12:00:00 AM,05:20:18,1.2,48.0,30.41,102.0,168.9,3.37,06:34:00,17:42:00
18993,1479654918,11/20/2016 12:00:00 AM,05:15:18,1.22,48.0,30.41,102.0,84.35,7.87,06:34:00,17:42:00
18994,1479654621,11/20/2016 12:00:00 AM,05:10:21,1.19,51.16507236474315,30.41,102.0,112.49,5.62,06:34:00,17:42:00
18995,1479654322,11/20/2016 12:00:00 AM,05:05:22,1.21,48.0,30.41,102.0,130.46,7.87,06:34:00,17:42:00
18996,1479654020,11/20/2016 12:00:00 AM,05:00:20,1.22,48.0,30.41,102.0,148.65,3.37,06:34:00,17:42:00
18997,1479653718,11/20/2016 12:00:00 AM,04:55:18,1.22,48.0,30.41,102.0,134.94,7.87,06:34:00,17:42:00
18998,1479653423,11/20/2016 12:00:00 AM,04:50:23,1.22,48.0,30.41,102.0,154.54,12.37,06:34:00,17:42:00
18999,1479653123,11/20/2016 12:00:00 AM,04:45:23,1.22,48.0,30.4,102.0,134.33,5.62,06:34:00,17:42:00
19000,1479652817,11/20/2016 12:00:00 AM,04:40:17,1.21,48.0,30.41,102.0,115.25,9.0,06:34:00,17:42:00
19001,1479652518,11/20/2016 12:00:00 AM,04:35:18,1.23,48.0,30.4,102.0,125.89,7.87,06:34:00,17:42:00
19002,1479652217,11/20/2016 12:00:00 AM,04:30:17,1.25,48.0,30.41,102.0,178.83,9.0,06:34:00,17:42:00
19003,1479651920,11/20/2016 12:00:00 AM,04:25:20,1.2,49.0,30.4,102.0,124.68,10.12,06:34:00,17:42:00
19004,1479651618,11/20/2016 12:00:00 AM,04:20:18,1.19,49.0,30.4,102.0,82.6,3.37,06:34:00,17:42:00
19005,1479651318,11/20/2016 12:00:00 AM,04:15:18,1.23,49.0,30.4,102.0,134.93,14.62,06:34:00,17:42:00
19006,1479651018,11/20/2016 12:00:00 AM,04:10:18,1.19,48.0,30.4,102.0,120.47,9.0,06:34:00,17:42:00
19007,1479650717,11/20/2016 12:00:00 AM,04:05:17,1.21,48.0,30.41,102.0,139.98,9.0,06:34:00,17:42:00
19008,1479650420,11/20/2016 12:00:00 AM,04:00:20,1.24,49.0,30.41,102.0,184.71,6.75,06:34:00,17:42:00
19009,1479650118,11/20/2016 12:00:00 AM,03:55:18,1.17,49.0,30.41,102.0,108.13,13.5,06:34:00,17:42:00
19010,1479649818,11/20/2016 12:00:00 AM,03:50:18,1.23,49.0,30.4,102.0,132.12,11.25,06:34:00,17:42:00
19011,1479649517,11/20/2016 12:00:00 AM,03:45:17,1.21,49.0,30.4,102.0,133.26,5.62,06:34:00,17:42:00
19012,1479649218,11/20/2016 12:00:00 AM,03:40:18,1.22,49.0,30.41,102.0,150.18,10.12,06:34:00,17:42:00
19013,1479648917,11/20/2016 12:00:00 AM,03:35:17,1.22,49.0,30.41,102.0,53.16,6.75,06:34:00,17:42:00
19014,1479648617,11/20/2016 12:00:00 AM,03:30:17,1.19,48.0,30.4,102.0,75.36,7.87,06:34:00,17:42:00
19015,1479648318,11/20/2016 12:00:00 AM,03:25:18,1.23,48.0,30.41,102.0,122.99,9.0,06:34:00,17:42:00
19016,1479648018,11/20/2016 12:00:00 AM,03:20:18,1.22,48.0,30.41,102.0,143.25,3.37,06:34:00,17:42:00
19017,1479647717,11/20/2016 12:00:00 AM,03:15:17,1.18,48.0,30.41,102.0,153.2,7.87,06:34:00,17:42:00
19018,1479647418,11/20/2016 12:00:00 AM,03:10:18,1.24,48.0,30.41,102.0,106.26,4.5,06:34:00,17:42:00
19019,1479647121,11/20/2016 12:00:00 AM,03:05:21,1.22,48.0,30.41,102.0,119.04,4.5,06:34:00,17:42:00
19020,1479646818,11/20/2016 12:00:00 AM,03:00:18,1.23,48.0,30.41,102.0,82.26,12.37,06:34:00,17:42:00
19021,1479646518,11/20/2016 12:00:00 AM,02:55:18,1.2,48.0,30.41,102.0,172.94,9.0,06:34:00,17:42:00
19022,1479646217,11/20/2016 12:00:00 AM,02:50:17,1.2,48.0,30.41,102.0,95.34,5.62,06:34:00,17:42:00
19023,1479645917,11/20/2016 12:00:00 AM,02:45:17,1.2,48.0,30.41,102.0,133.96,6.75,06:34:00,17:42:00
19024,1479645621,11/20/2016 12:00:00 AM,02:40:21,1.25,48.0,30.41,102.0,166.61,5.62,06:34:00,17:42:00
19025,1479645317,11/20/2016 12:00:00 AM,02:35:17,1.21,49.0,30.41,102.0,138.03,9.0,06:34:00,17:42:00
19026,1479645020,11/20/2016 12:00:00 AM,02:30:20,1.19,49.0,30.42,102.0,130.21,12.37,06:34:00,17:42:00
19027,1479644718,11/20/2016 12:00:00 AM,02:25:18,1.19,48.0,30.42,102.0,119.31,10.12,06:34:00,17:42:00
19028,1479644418,11/20/2016 12:00:00 AM,02:20:18,1.26,49.0,30.42,102.0,149.1,7.87,06:34:00,17:42:00
19029,1479644117,11/20/2016 12:00:00 AM,02:15:17,1.21,49.0,30.42,102.0,105.48,5.62,06:34:00,17:42:00
19030,1479643820,11/20/2016 12:00:00 AM,02:10:20,1.21,49.0,30.42,102.0,184.86,1.12,06:34:00,17:42:00
19031,1479643518,11/20/2016 12:00:00 AM,02:05:18,1.2,49.0,30.42,102.0,126.66,9.0,06:34:00,17:42:00
19032,1479643218,11/20/2016 12:00:00 AM,02:00:18,1.22,49.0,30.42,102.0,133.23,11.25,06:34:00,17:42:00
19033,1479642928,11/20/2016 12:00:00 AM,01:55:28,1.23,49.0,30.42,102.0,168.46,6.75,06:34:00,17:42:00
19034,1479642617,11/20/2016 12:00:00 AM,01:50:17,1.17,48.0,30.42,102.0,146.55,10.12,06:34:00,17:42:00
19035,1479642321,11/20/2016 12:00:00 AM,01:45:21,1.22,48.0,30.43,101.0,96.05,9.0,06:34:00,17:42:00
19036,1479642018,11/20/2016 12:00:00 AM,01:40:18,1.23,48.0,30.43,101.0,150.85,4.5,06:34:00,17:42:00
19037,1479641717,11/20/2016 12:00:00 AM,01:35:17,1.22,48.0,30.43,101.0,119.06,11.25,06:34:00,17:42:00
19038,1479641417,11/20/2016 12:00:00 AM,01:30:17,1.21,48.0,30.43,101.0,177.44,4.5,06:34:00,17:42:00
19039,1479641118,11/20/2016 12:00:00 AM,01:25:18,1.2,48.0,30.44,101.0,103.23,11.25,06:34:00,17:42:00
19040,1479640818,11/20/2016 12:00:00 AM,01:20:18,1.21,49.0,30.44,101.0,61.5,14.62,06:34:00,17:42:00
19041,1479640520,11/20/2016 12:00:00 AM,01:15:20,1.2,49.0,30.44,101.0,93.91,5.62,06:34:00,17:42:00
19042,1479640220,11/20/2016 12:00:00 AM,01:10:20,1.24,49.0,30.44,101.0,88.21,13.5,06:34:00,17:42:00
19043,1479639918,11/20/2016 12:00:00 AM,01:05:18,1.23,51.16507236474315,30.44,101.0,142.86,6.75,06:34:00,17:42:00
19044,1479639618,11/20/2016 12:00:00 AM,01:00:18,1.23,50.0,30.44,101.0,144.34,9.0,06:34:00,17:42:00
19045,1479639320,11/20/2016 12:00:00 AM,00:55:20,1.21,50.0,30.44,101.0,147.38,2.25,06:34:00,17:42:00
19046,1479639020,11/20/2016 12:00:00 AM,00:50:20,1.22,50.0,30.44,101.0,183.79,4.5,06:34:00,17:42:00
19047,1479638721,11/20/2016 12:00:00 AM,00:45:21,1.23,50.0,30.44,101.0,73.65,6.75,06:34:00,17:42:00
19048,1479638418,11/20/2016 12:00:00 AM,00:40:18,1.22,50.0,30.44,101.0,93.86,9.0,06:34:00,17:42:00
19049,1479638118,11/20/2016 12:00:00 AM,00:35:18,1.22,50.0,30.44,101.0,157.46,3.37,06:34:00,17:42:00
19050,1479637817,11/20/2016 12:00:00 AM,00:30:17,1.25,50.0,30.44,101.0,53.68,0.0,06:34:00,17:42:00
19051,1479637517,11/20/2016 12:00:00 AM,00:25:17,1.2,50.0,30.44,101.0,58.16,4.5,06:34:00,17:42:00
19052,1479637222,11/20/2016 12:00:00 AM,00:20:22,1.22,50.0,30.44,101.0,168.37,2.25,06:34:00,17:42:00
19053,1479636918,11/20/2016 12:00:00 AM,00:15:18,1.22,50.0,30.44,101.0,118.3,5.62,06:34:00,17:42:00
19054,1479636618,11/20/2016 12:00:00 AM,00:10:18,1.21,50.0,30.44,101.0,112.57,10.12,06:34:00,17:42:00
19055,1479636018,11/20/2016 12:00:00 AM,00:00:18,1.2,50.0,30.44,101.0,143.54770303349548,6.75,06:34:00,17:42:00
19056,1479635718,11/19/2016 12:00:00 AM,23:55:18,1.24,50.0,30.45,101.0,39.42,6.75,06:34:00,17:42:00
19057,1479635420,11/19/2016 12:00:00 AM,23:50:20,1.23,50.0,30.45,101.0,109.56,5.62,06:34:00,17:42:00
19058,1479635120,11/19/2016 12:00:00 AM,23:45:20,1.23,50.0,30.45,101.0,168.98,4.5,06:34:00,17:42:00
19059,1479634820,11/19/2016 12:00:00 AM,23:40:20,1.22,50.0,30.45,101.0,159.75,6.75,06:34:00,17:42:00
19060,1479634518,11/19/2016 12:00:00 AM,23:35:18,1.21,50.0,30.45,101.0,132.15,9.0,06:34:00,17:42:00
19061,1479634217,11/19/2016 12:00:00 AM,23:30:17,1.22,50.0,30.45,101.0,151.15,12.37,06:34:00,17:42:00
19062,1479633917,11/19/2016 12:00:00 AM,23:25:17,1.22,50.0,30.45,100.0,220.89,3.37,06:34:00,17:42:00
19063,1479633617,11/19/2016 12:00:00 AM,23:20:17,1.21,50.0,30.45,100.0,172.56,2.25,06:34:00,17:42:00
19064,1479633318,11/19/2016 12:00:00 AM,23:15:18,1.22,50.0,30.46,100.0,98.35,7.87,06:34:00,17:42:00
19065,1479633019,11/19/2016 12:00:00 AM,23:10:19,1.22,50.0,30.46,100.0,142.71,6.75,06:34:00,17:42:00
19066,1479632721,11/19/2016 12:00:00 AM,23:05:21,1.21,50.0,30.46,100.0,130.36,4.5,06:34:00,17:42:00
19067,1479632420,11/19/2016 12:00:00 AM,23:00:20,1.22,50.0,30.46,100.0,92.66,5.62,06:34:00,17:42:00
19068,1479632121,11/19/2016 12:00:00 AM,22:55:21,1.22,50.0,30.46,100.0,103.51,7.87,06:34:00,17:42:00
19069,1479631818,11/19/2016 12:00:00 AM,22:50:18,1.21,50.0,30.46,100.0,129.61,3.37,06:34:00,17:42:00
19070,1479631517,11/19/2016 12:00:00 AM,22:45:17,1.23,50.0,30.46,100.0,123.9,7.87,06:34:00,17:42:00
19071,1479631218,11/19/2016 12:00:00 AM,22:40:18,1.22,50.0,30.46,100.0,125.97,6.75,06:34:00,17:42:00
19072,1479630924,11/19/2016 12:00:00 AM,22:35:24,1.22,50.0,30.47,100.0,143.48,6.75,06:34:00,17:42:00
19073,1479630621,11/19/2016 12:00:00 AM,22:30:21,1.22,50.0,30.47,99.0,142.03,3.37,06:34:00,17:42:00
19074,1479630317,11/19/2016 12:00:00 AM,22:25:17,1.22,50.0,30.47,99.0,143.05,9.0,06:34:00,17:42:00
19075,1479630017,11/19/2016 12:00:00 AM,22:20:17,1.2,50.0,30.47,99.0,169.27,5.62,06:34:00,17:42:00
19076,1479629720,11/19/2016 12:00:00 AM,22:15:20,1.22,50.0,30.47,99.0,171.53,3.37,06:34:00,17:42:00
19077,1479629418,11/19/2016 12:00:00 AM,22:10:18,1.22,49.0,30.47,98.0,164.46,4.5,06:34:00,17:42:00
19078,1479629117,11/19/2016 12:00:00 AM,22:05:17,1.2,49.0,30.47,98.0,172.74,9.0,06:34:00,17:42:00
19079,1479628817,11/19/2016 12:00:00 AM,22:00:17,1.26,49.0,30.47,97.0,168.05,11.25,06:34:00,17:42:00
19080,1479628518,11/19/2016 12:00:00 AM,21:55:18,1.22,49.0,30.47,97.0,148.62,14.62,06:34:00,17:42:00
19081,1479628218,11/19/2016 12:00:00 AM,21:50:18,1.22,49.0,30.47,95.0,162.02,9.0,06:34:00,17:42:00
19082,1479627917,11/19/2016 12:00:00 AM,21:45:17,1.22,49.0,30.47,95.0,171.28,12.37,06:34:00,17:42:00
19083,1479627618,11/19/2016 12:00:00 AM,21:40:18,1.23,48.0,30.47,95.0,153.54,9.0,06:34:00,17:42:00
19084,1479627321,11/19/2016 12:00:00 AM,21:35:21,1.23,48.0,30.47,91.0,162.46,9.0,06:34:00,17:42:00
19085,1479627020,11/19/2016 12:00:00 AM,21:30:20,1.2,49.0,30.47,90.0,164.05,12.37,06:34:00,17:42:00
19086,1479626718,11/19/2016 12:00:00 AM,21:25:18,1.24,48.0,30.46,88.0,145.84,12.37,06:34:00,17:42:00
19087,1479626418,11/19/2016 12:00:00 AM,21:20:18,1.21,49.0,30.46,94.0,120.98,9.0,06:34:00,17:42:00
19088,1479626117,11/19/2016 12:00:00 AM,21:15:17,1.21,49.0,30.46,96.0,113.39,10.12,06:34:00,17:42:00
19089,1479625820,11/19/2016 12:00:00 AM,21:10:20,1.2,48.0,30.47,96.0,113.33,4.5,06:34:00,17:42:00
19090,1479625518,11/19/2016 12:00:00 AM,21:05:18,1.24,48.0,30.46,97.0,150.66,6.75,06:34:00,17:42:00
19091,1479625219,11/19/2016 12:00:00 AM,21:00:19,1.22,48.0,30.46,97.0,149.03,6.75,06:34:00,17:42:00
19092,1479624920,11/19/2016 12:00:00 AM,20:55:20,1.23,48.0,30.46,97.0,161.02,5.62,06:34:00,17:42:00
19093,1479624618,11/19/2016 12:00:00 AM,20:50:18,1.25,48.0,30.46,97.0,163.31,6.75,06:34:00,17:42:00
19094,1479624321,11/19/2016 12:00:00 AM,20:45:21,1.2,48.0,30.46,97.0,139.26,7.87,06:34:00,17:42:00
19095,1479624018,11/19/2016 12:00:00 AM,20:40:18,1.23,48.0,30.46,74.83719267708949,168.81,2.25,06:34:00,17:42:00
19096,1479623717,11/19/2016 12:00:00 AM,20:35:17,1.23,48.0,30.46,97.0,117.91,9.0,06:34:00,17:42:00
19097,1479623417,11/19/2016 12:00:00 AM,20:30:17,1.22,48.0,30.46,96.0,135.51,10.12,06:34:00,17:42:00
19098,1479623118,11/19/2016 12:00:00 AM,20:25:18,1.23,48.0,30.46,97.0,104.82,6.75,06:34:00,17:42:00
19099,1479622818,11/19/2016 12:00:00 AM,20:20:18,1.21,48.0,30.46,98.0,116.43,6.75,06:34:00,17:42:00
19100,1479622520,11/19/2016 12:00:00 AM,20:15:20,1.2,48.0,30.46,97.0,165.18,7.87,06:34:00,17:42:00
19101,1479622220,11/19/2016 12:00:00 AM,20:10:20,1.2,48.0,30.46,97.0,101.44,11.25,06:34:00,17:42:00
19102,1479621919,11/19/2016 12:00:00 AM,20:05:19,1.22,48.0,30.46,96.0,108.19,5.62,06:34:00,17:42:00
19103,1479621618,11/19/2016 12:00:00 AM,20:00:18,1.21,48.0,30.45,95.0,141.47,16.87,06:34:00,17:42:00
19104,1479621318,11/19/2016 12:00:00 AM,19:55:18,1.24,48.0,30.45,95.0,112.38,10.12,06:34:00,17:42:00
19105,1479621018,11/19/2016 12:00:00 AM,19:50:18,1.22,48.0,30.45,96.0,134.91,7.87,06:34:00,17:42:00
19106,1479620718,11/19/2016 12:00:00 AM,19:45:18,1.2,48.0,30.45,95.0,122.24,12.37,06:34:00,17:42:00
19107,1479620418,11/19/2016 12:00:00 AM,19:40:18,1.21,48.0,30.45,95.0,122.35,13.5,06:34:00,17:42:00
19108,1479620117,11/19/2016 12:00:00 AM,19:35:17,1.23,48.0,30.45,96.0,144.67,14.62,06:34:00,17:42:00
19109,1479619820,11/19/2016 12:00:00 AM,19:30:20,1.22,48.0,30.44,97.0,127.77,7.87,06:34:00,17:42:00
19110,1479619518,11/19/2016 12:00:00 AM,19:25:18,1.22,48.0,30.44,97.0,104.55,5.62,06:34:00,17:42:00
19111,1479619218,11/19/2016 12:00:00 AM,19:20:18,1.21,48.0,30.44,97.0,115.25,7.87,06:34:00,17:42:00
19112,1479618917,11/19/2016 12:00:00 AM,19:15:17,1.21,48.0,30.44,96.0,126.07,16.87,06:34:00,17:42:00
19113,1479618617,11/19/2016 12:00:00 AM,19:10:17,1.21,48.0,30.44,95.0,161.77,5.62,06:34:00,17:42:00
19114,1479618318,11/19/2016 12:00:00 AM,19:05:18,1.22,48.0,30.44,93.0,112.07,14.62,06:34:00,17:42:00
19115,1479618020,11/19/2016 12:00:00 AM,19:00:20,1.24,48.0,30.44,92.0,158.76,11.25,06:34:00,17:42:00
19116,1479617718,11/19/2016 12:00:00 AM,18:55:18,1.22,48.0,30.43,89.0,130.79,9.0,06:34:00,17:42:00
19117,1479617418,11/19/2016 12:00:00 AM,18:50:18,1.24,48.0,30.43,89.0,155.54,9.0,06:34:00,17:42:00
19118,1479617118,11/19/2016 12:00:00 AM,18:45:18,1.24,48.0,30.43,91.0,167.81,16.87,06:34:00,17:42:00
19119,1479616821,11/19/2016 12:00:00 AM,18:40:21,1.2,48.0,30.43,93.0,166.82,12.37,06:34:00,17:42:00
19120,1479616521,11/19/2016 12:00:00 AM,18:35:21,1.21,48.0,30.43,94.0,171.73,3.37,06:34:00,17:42:00
19121,1479616218,11/19/2016 12:00:00 AM,18:30:18,1.22,48.0,30.43,94.0,159.34,13.5,06:34:00,17:42:00
19122,1479615918,11/19/2016 12:00:00 AM,18:25:18,1.2,48.0,30.43,94.0,102.92,12.37,06:34:00,17:42:00
19123,1479615617,11/19/2016 12:00:00 AM,18:20:17,1.22,48.0,30.43,94.0,160.42,7.87,06:34:00,17:42:00
19124,1479615317,11/19/2016 12:00:00 AM,18:15:17,1.23,48.0,30.43,94.0,127.29,4.5,06:34:00,17:42:00
19125,1479615018,11/19/2016 12:00:00 AM,18:10:18,1.24,48.0,30.43,93.0,86.78,3.37,06:34:00,17:42:00
19126,1479614717,11/19/2016 12:00:00 AM,18:05:17,1.24,48.0,30.43,93.0,117.85,6.75,06:34:00,17:42:00
19127,1479614417,11/19/2016 12:00:00 AM,18:00:17,1.24,48.0,30.43,92.0,106.48,10.12,06:34:00,17:42:00
19128,1479614118,11/19/2016 12:00:00 AM,17:55:18,1.24,48.0,30.43,92.0,123.22,11.25,06:34:00,17:42:00
19129,1479613818,11/19/2016 12:00:00 AM,17:50:18,1.78,51.16507236474315,30.42,92.0,162.16,9.0,06:34:00,17:42:00
19130,1479613519,11/19/2016 12:00:00 AM,17:45:19,2.84,49.0,30.43,90.0,102.77,9.0,06:34:00,17:42:00
19131,1479613217,11/19/2016 12:00:00 AM,17:40:17,5.9,49.0,30.42,89.0,49.43,5.62,06:34:00,17:42:00
19132,1479612920,11/19/2016 12:00:00 AM,17:35:20,11.68,49.0,30.43,87.0,51.25,4.5,06:34:00,17:42:00
19133,1479612620,11/19/2016 12:00:00 AM,17:30:20,15.09,49.0,30.42,87.0,134.03,11.25,06:34:00,17:42:00
19134,1479612318,11/19/2016 12:00:00 AM,17:25:18,17.69,50.0,30.42,88.0,177.22,3.37,06:34:00,17:42:00
19135,1479612021,11/19/2016 12:00:00 AM,17:20:21,25.53,50.0,30.42,86.0,41.23,5.62,06:34:00,17:42:00
19136,1479611719,11/19/2016 12:00:00 AM,17:15:19,42.78,50.0,30.42,87.0,106.11,7.87,06:34:00,17:42:00
19137,1479611420,11/19/2016 12:00:00 AM,17:10:20,54.21,50.0,30.42,86.0,59.77,4.5,06:34:00,17:42:00
19138,1479611117,11/19/2016 12:00:00 AM,17:05:17,54.41,50.0,30.42,85.0,77.79,4.5,06:34:00,17:42:00
19139,1479610821,11/19/2016 12:00:00 AM,17:00:21,56.1,50.0,30.42,85.0,83.25,13.5,06:34:00,17:42:00
19140,1479610518,11/19/2016 12:00:00 AM,16:55:18,74.48,50.0,30.42,85.0,88.02,9.0,06:34:00,17:42:00
19141,1479610217,11/19/2016 12:00:00 AM,16:50:17,102.35,50.0,30.42,84.0,1.34,4.5,06:34:00,17:42:00
19142,1479609917,11/19/2016 12:00:00 AM,16:45:17,104.33,50.0,30.42,84.0,6.79,4.5,06:34:00,17:42:00
19143,1479609619,11/19/2016 12:00:00 AM,16:40:19,93.91,50.0,30.42,83.0,93.41,13.5,06:34:00,17:42:00
19144,1479609318,11/19/2016 12:00:00 AM,16:35:18,105.87,51.0,30.41,83.0,122.51,3.37,06:34:00,17:42:00
19145,1479609018,11/19/2016 12:00:00 AM,16:30:18,128.39,51.0,30.41,81.0,164.48,4.5,06:34:00,17:42:00
19146,1479608719,11/19/2016 12:00:00 AM,16:25:19,169.13,51.0,30.41,82.0,124.34,5.62,06:34:00,17:42:00
19147,1479608418,11/19/2016 12:00:00 AM,16:20:18,214.35,51.0,30.41,81.0,135.47,5.62,06:34:00,17:42:00
19148,1479608117,11/19/2016 12:00:00 AM,16:15:17,265.15,51.0,30.41,80.0,72.24,10.12,06:34:00,17:42:00
19149,1479607817,11/19/2016 12:00:00 AM,16:10:17,382.34,52.0,30.41,80.0,41.37,4.5,06:34:00,17:42:00
19150,1479607518,11/19/2016 12:00:00 AM,16:05:18,337.01,51.0,30.41,78.0,49.44,9.0,06:34:00,17:42:00
19151,1479607220,11/19/2016 12:00:00 AM,16:00:20,263.26,51.0,30.41,75.0,39.12,3.37,06:34:00,17:42:00
19152,1479606945,11/19/2016 12:00:00 AM,15:55:45,242.05,51.0,30.41,74.0,139.99,10.12,06:34:00,17:42:00
19153,1479606621,11/19/2016 12:00:00 AM,15:50:21,235.57,51.0,30.41,74.0,122.41,11.25,06:34:00,17:42:00
19154,1479606317,11/19/2016 12:00:00 AM,15:45:17,230.31,52.0,30.41,76.0,65.61,3.37,06:34:00,17:42:00
19155,1479606017,11/19/2016 12:00:00 AM,15:40:17,241.46,52.0,30.41,75.0,116.72,12.37,06:34:00,17:42:00
19156,1479605717,11/19/2016 12:00:00 AM,15:35:17,276.73,52.0,30.4,72.0,95.9,13.5,06:34:00,17:42:00
19157,1479605418,11/19/2016 12:00:00 AM,15:30:18,289.74,52.0,30.41,64.0,126.75,7.87,06:34:00,17:42:00
19158,1479605120,11/19/2016 12:00:00 AM,15:25:20,304.11,53.0,30.41,74.0,142.88,5.62,06:34:00,17:42:00
19159,1479604818,11/19/2016 12:00:00 AM,15:20:18,294.76,53.0,30.41,73.0,37.78,7.87,06:34:00,17:42:00
19160,1479604517,11/19/2016 12:00:00 AM,15:15:17,330.98,54.0,30.4,67.0,82.76,1.12,06:34:00,17:42:00
19161,1479604217,11/19/2016 12:00:00 AM,15:10:17,266.76,54.0,30.41,70.0,30.78,5.62,06:34:00,17:42:00
19162,1479603918,11/19/2016 12:00:00 AM,15:05:18,551.83,55.0,30.4,71.0,43.39,9.0,06:34:00,17:42:00
19163,1479603617,11/19/2016 12:00:00 AM,15:00:17,573.07,54.0,30.41,64.0,91.22,10.12,06:34:00,17:42:00
19164,1479603318,11/19/2016 12:00:00 AM,14:55:18,537.68,55.0,30.41,63.0,31.84,10.12,06:34:00,17:42:00
19165,1479603017,11/19/2016 12:00:00 AM,14:50:17,643.57,55.0,30.4,69.0,90.66,11.25,06:34:00,17:42:00
19166,1479602717,11/19/2016 12:00:00 AM,14:45:17,473.29,55.0,30.4,65.0,22.97,6.75,06:34:00,17:42:00
19167,1479602418,11/19/2016 12:00:00 AM,14:40:18,513.21,56.0,30.41,64.0,355.9,15.75,06:34:00,17:42:00
19168,1479602119,11/19/2016 12:00:00 AM,14:35:19,771.67,56.0,30.4,66.0,4.22,4.5,06:34:00,17:42:00
19169,1479601817,11/19/2016 12:00:00 AM,14:30:17,842.92,56.0,30.41,60.0,69.6,13.5,06:34:00,17:42:00
19170,1479601517,11/19/2016 12:00:00 AM,14:25:17,761.4,56.0,30.4,63.0,103.0,12.37,06:34:00,17:42:00
19171,1479601218,11/19/2016 12:00:00 AM,14:20:18,787.36,51.16507236474315,30.41,60.0,44.39,11.25,06:34:00,17:42:00
19172,1479600919,11/19/2016 12:00:00 AM,14:15:19,769.58,56.0,30.4,62.0,348.14,2.25,06:34:00,17:42:00
19173,1479600618,11/19/2016 12:00:00 AM,14:10:18,783.91,56.0,30.4,58.0,56.05,10.12,06:34:00,17:42:00
19174,1479600324,11/19/2016 12:00:00 AM,14:05:24,795.07,56.0,30.4,64.0,117.84,9.0,06:34:00,17:42:00
19175,1479600017,11/19/2016 12:00:00 AM,14:00:17,706.39,55.0,30.41,61.0,117.15,11.25,06:34:00,17:42:00
19176,1479599718,11/19/2016 12:00:00 AM,13:55:18,815.14,55.0,30.41,61.0,68.52,6.75,06:34:00,17:42:00
19177,1479599421,11/19/2016 12:00:00 AM,13:50:21,844.54,55.0,30.41,62.0,21.91,9.0,06:34:00,17:42:00
19178,1479599118,11/19/2016 12:00:00 AM,13:45:18,827.95,54.0,30.41,63.0,94.8,7.87,06:34:00,17:42:00
19179,1479598823,11/19/2016 12:00:00 AM,13:40:23,483.2,55.0,30.41,64.0,45.75,14.62,06:34:00,17:42:00
19180,1479598517,11/19/2016 12:00:00 AM,13:35:17,704.87,55.0,30.41,69.0,116.34,6.75,06:34:00,17:42:00
19181,1479598221,11/19/2016 12:00:00 AM,13:30:21,674.92,55.0,30.41,71.0,35.51,6.75,06:34:00,17:42:00
19182,1479597918,11/19/2016 12:00:00 AM,13:25:18,891.56,55.0,30.41,74.83719267708949,352.84,12.37,06:34:00,17:42:00
19183,1479597618,11/19/2016 12:00:00 AM,13:20:18,848.58,55.0,30.42,68.0,57.17,6.75,06:34:00,17:42:00
19184,1479597317,11/19/2016 12:00:00 AM,13:15:17,906.16,55.0,30.42,70.0,75.3,11.25,06:34:00,17:42:00
19185,1479597018,11/19/2016 12:00:00 AM,13:10:18,904.27,55.0,30.42,63.0,86.92,11.25,06:34:00,17:42:00
19186,1479596717,11/19/2016 12:00:00 AM,13:05:17,873.1,54.0,30.42,69.0,41.55,13.5,06:34:00,17:42:00
19187,1479596418,11/19/2016 12:00:00 AM,13:00:18,481.0,54.0,30.42,66.0,26.78,11.25,06:34:00,17:42:00
19188,1479596123,11/19/2016 12:00:00 AM,12:55:23,660.2,55.0,30.42,67.0,28.63,9.0,06:34:00,17:42:00
19189,1479595817,11/19/2016 12:00:00 AM,12:50:17,960.54,54.0,30.42,71.0,50.06,10.12,06:34:00,17:42:00
19190,1479595518,11/19/2016 12:00:00 AM,12:45:18,784.39,54.0,30.42,72.0,130.96,4.5,06:34:00,17:42:00
19191,1479595218,11/19/2016 12:00:00 AM,12:40:18,943.47,54.0,30.42,71.0,49.32,12.37,06:34:00,17:42:00
19192,1479594917,11/19/2016 12:00:00 AM,12:35:17,455.55,55.0,30.43,68.0,109.13,13.5,06:34:00,17:42:00
19193,1479594620,11/19/2016 12:00:00 AM,12:30:20,549.38,55.0,30.43,65.0,113.63,7.87,06:34:00,17:42:00
19194,1479594317,11/19/2016 12:00:00 AM,12:25:17,638.4,55.0,30.43,54.0,56.59,10.12,06:34:00,17:42:00
19195,1479594017,11/19/2016 12:00:00 AM,12:20:17,969.11,55.0,30.43,57.0,58.9,3.37,06:34:00,17:42:00
19196,1479593720,11/19/2016 12:00:00 AM,12:15:20,913.21,55.0,30.43,59.0,290.76,10.12,06:34:00,17:42:00
19197,1479593420,11/19/2016 12:00:00 AM,12:10:20,836.62,55.0,30.44,58.0,55.53,5.62,06:34:00,17:42:00
19198,1479593118,11/19/2016 12:00:00 AM,12:05:18,848.52,55.0,30.44,62.0,164.42,5.62,06:34:00,17:42:00
19199,1479592818,11/19/2016 12:00:00 AM,12:00:18,807.52,56.0,30.44,60.0,27.75,9.0,06:34:00,17:42:00
19200,1479592520,11/19/2016 12:00:00 AM,11:55:20,746.21,56.0,30.44,55.0,61.33,11.25,06:34:00,17:42:00
19201,1479592220,11/19/2016 12:00:00 AM,11:50:20,970.43,56.0,30.44,54.0,23.58,9.0,06:34:00,17:42:00
19202,1479591921,11/19/2016 12:00:00 AM,11:45:21,766.25,56.0,30.44,51.0,115.24,11.25,06:34:00,17:42:00
19203,1479591618,11/19/2016 12:00:00 AM,11:40:18,982.09,55.0,30.45,58.0,64.12,10.12,06:34:00,17:42:00
19204,1479591321,11/19/2016 12:00:00 AM,11:35:21,951.05,55.0,30.45,58.0,114.67,5.62,06:34:00,17:42:00
19205,1479591021,11/19/2016 12:00:00 AM,11:30:21,922.44,55.0,30.45,60.0,59.86,10.12,06:34:00,17:42:00
19206,1479590720,11/19/2016 12:00:00 AM,11:25:20,917.97,55.0,30.45,53.0,104.01,10.12,06:34:00,17:42:00
19207,1479590420,11/19/2016 12:00:00 AM,11:20:20,916.77,55.0,30.45,54.0,98.38,5.62,06:34:00,17:42:00
19208,1479590118,11/19/2016 12:00:00 AM,11:15:18,879.78,55.0,30.45,56.0,21.69,2.25,06:34:00,17:42:00
19209,1479589818,11/19/2016 12:00:00 AM,11:10:18,830.5,54.0,30.45,57.0,117.89,4.5,06:34:00,17:42:00
19210,1479589520,11/19/2016 12:00:00 AM,11:05:20,858.54,54.0,30.45,61.0,79.68,7.87,06:34:00,17:42:00
19211,1479589220,11/19/2016 12:00:00 AM,11:00:20,766.34,54.0,30.45,62.0,86.14,5.62,06:34:00,17:42:00
19212,1479588918,11/19/2016 12:00:00 AM,10:55:18,815.06,53.0,30.45,67.0,75.95,10.12,06:34:00,17:42:00
19213,1479588618,11/19/2016 12:00:00 AM,10:50:18,761.86,53.0,30.45,51.0,325.62,5.62,06:34:00,17:42:00
19214,1479588318,11/19/2016 12:00:00 AM,10:45:18,747.56,53.0,30.45,62.0,336.51,4.5,06:34:00,17:42:00
19215,1479588021,11/19/2016 12:00:00 AM,10:40:21,793.65,53.0,30.45,65.0,113.84,11.25,06:34:00,17:42:00
19216,1479587717,11/19/2016 12:00:00 AM,10:35:17,726.12,53.0,30.46,66.0,52.49,12.37,06:34:00,17:42:00
19217,1479587417,11/19/2016 12:00:00 AM,10:30:17,740.21,52.0,30.46,73.0,16.44,10.12,06:34:00,17:42:00
19218,1479587124,11/19/2016 12:00:00 AM,10:25:24,750.59,53.0,30.46,72.0,45.47,11.25,06:34:00,17:42:00
19219,1479586817,11/19/2016 12:00:00 AM,10:20:17,783.05,53.0,30.46,72.0,110.37,6.75,06:34:00,17:42:00
19220,1479586518,11/19/2016 12:00:00 AM,10:15:18,764.03,53.0,30.46,76.0,44.84,11.25,06:34:00,17:42:00
19221,1479586218,11/19/2016 12:00:00 AM,10:10:18,670.02,53.0,30.46,74.0,40.51,9.0,06:34:00,17:42:00
19222,1479585918,11/19/2016 12:00:00 AM,10:05:18,738.16,52.0,30.46,75.0,2.72,7.87,06:34:00,17:42:00
19223,1479585618,11/19/2016 12:00:00 AM,10:00:18,679.71,53.0,30.46,71.0,58.46,9.0,06:34:00,17:42:00
19224,1479585318,11/19/2016 12:00:00 AM,09:55:18,639.3,53.0,30.46,67.0,168.88,1.12,06:34:00,17:42:00
19225,1479585017,11/19/2016 12:00:00 AM,09:50:17,619.77,53.0,30.45,61.0,335.41,5.62,06:34:00,17:42:00
19226,1479584720,11/19/2016 12:00:00 AM,09:45:20,405.61,53.0,30.46,65.0,107.89,6.75,06:34:00,17:42:00
19227,1479584418,11/19/2016 12:00:00 AM,09:40:18,592.75,54.0,30.46,62.0,98.38,11.25,06:34:00,17:42:00
19228,1479584118,11/19/2016 12:00:00 AM,09:35:18,620.91,54.0,30.46,59.0,204.59,3.37,06:34:00,17:42:00
19229,1479583821,11/19/2016 12:00:00 AM,09:30:21,717.7,55.0,30.46,52.0,13.98,7.87,06:34:00,17:42:00
19230,1479583518,11/19/2016 12:00:00 AM,09:25:18,551.67,55.0,30.46,47.0,95.94,4.5,06:34:00,17:42:00
19231,1479583218,11/19/2016 12:00:00 AM,09:20:18,545.51,55.0,30.46,53.0,114.09,5.62,06:34:00,17:42:00
19232,1479582917,11/19/2016 12:00:00 AM,09:15:17,535.51,55.0,30.45,41.0,63.29,5.62,06:34:00,17:42:00
19233,1479582618,11/19/2016 12:00:00 AM,09:10:18,438.87,56.0,30.45,40.0,101.26,5.62,06:34:00,17:42:00
19234,1479582321,11/19/2016 12:00:00 AM,09:05:21,409.38,55.0,30.45,40.0,114.03,7.87,06:34:00,17:42:00
19235,1479582018,11/19/2016 12:00:00 AM,09:00:18,480.52,55.0,30.45,43.0,91.78,11.25,06:34:00,17:42:00
19236,1479581717,11/19/2016 12:00:00 AM,08:55:17,425.08,55.0,30.45,47.0,84.57,7.87,06:34:00,17:42:00
19237,1479581417,11/19/2016 12:00:00 AM,08:50:17,419.02,55.0,30.45,45.0,90.04,7.87,06:34:00,17:42:00
19238,1479581117,11/19/2016 12:00:00 AM,08:45:17,431.73,55.0,30.45,42.0,59.8,5.62,06:34:00,17:42:00
19239,1479580817,11/19/2016 12:00:00 AM,08:40:17,608.86,54.0,30.44,46.0,120.53,6.75,06:34:00,17:42:00
19240,1479580517,11/19/2016 12:00:00 AM,08:35:17,563.04,54.0,30.44,54.0,133.07,6.75,06:34:00,17:42:00
19241,1479580218,11/19/2016 12:00:00 AM,08:30:18,523.62,54.0,30.44,53.0,98.4,6.75,06:34:00,17:42:00
19242,1479579917,11/19/2016 12:00:00 AM,08:25:17,356.26,54.0,30.44,40.0,359.94,4.5,06:34:00,17:42:00
19243,1479579617,11/19/2016 12:00:00 AM,08:20:17,208.27,54.0,30.44,38.0,36.44,2.25,06:34:00,17:42:00
19244,1479579318,11/19/2016 12:00:00 AM,08:15:18,200.73,55.0,30.44,38.0,120.38,7.87,06:34:00,17:42:00
19245,1479579018,11/19/2016 12:00:00 AM,08:10:18,433.36,55.0,30.44,37.0,62.24,4.5,06:34:00,17:42:00
19246,1479578719,11/19/2016 12:00:00 AM,08:05:19,469.34,54.0,30.43,37.0,251.09,2.25,06:34:00,17:42:00
19247,1479578418,11/19/2016 12:00:00 AM,08:00:18,418.32,54.0,30.43,36.0,36.35,2.25,06:34:00,17:42:00
19248,1479578118,11/19/2016 12:00:00 AM,07:55:18,372.13,53.0,30.43,34.0,123.15,4.5,06:34:00,17:42:00
19249,1479577818,11/19/2016 12:00:00 AM,07:50:18,324.23,52.0,30.43,34.0,169.69,11.25,06:34:00,17:42:00
19250,1479577517,11/19/2016 12:00:00 AM,07:45:17,260.56,52.0,30.43,23.0,125.28,9.0,06:34:00,17:42:00
19251,1479577218,11/19/2016 12:00:00 AM,07:40:18,64.07,51.0,30.43,25.0,149.88,3.37,06:34:00,17:42:00
19252,1479576918,11/19/2016 12:00:00 AM,07:35:18,50.5,50.0,30.43,28.0,118.15,4.5,06:34:00,17:42:00
19253,1479576617,11/19/2016 12:00:00 AM,07:30:17,46.09,50.0,30.43,27.0,110.3,7.87,06:34:00,17:42:00
19254,1479576317,11/19/2016 12:00:00 AM,07:25:17,43.06,50.0,30.43,24.0,122.66,6.75,06:34:00,17:42:00
19255,1479576021,11/19/2016 12:00:00 AM,07:20:21,38.02,49.0,30.43,25.0,129.08,12.37,06:34:00,17:42:00
19256,1479575720,11/19/2016 12:00:00 AM,07:15:20,32.42,49.0,30.43,26.0,140.89,7.87,06:34:00,17:42:00
19257,1479575417,11/19/2016 12:00:00 AM,07:10:17,28.79,48.0,30.43,26.0,129.21,11.25,06:34:00,17:42:00
19258,1479575118,11/19/2016 12:00:00 AM,07:05:18,27.04,48.0,30.43,26.0,177.71,5.62,06:34:00,17:42:00
19259,1479574818,11/19/2016 12:00:00 AM,07:00:18,25.09,49.0,30.43,27.0,141.17,5.62,06:34:00,17:42:00
19260,1479574517,11/19/2016 12:00:00 AM,06:55:17,21.68,48.0,30.43,25.0,112.51,11.25,06:34:00,17:42:00
19261,1479574217,11/19/2016 12:00:00 AM,06:50:17,17.18,48.0,30.43,26.0,165.9,6.75,06:34:00,17:42:00
19262,1479573918,11/19/2016 12:00:00 AM,06:45:18,13.14,48.0,30.43,26.0,171.41,12.37,06:34:00,17:42:00
19263,1479573619,11/19/2016 12:00:00 AM,06:40:19,10.5,48.0,30.43,26.0,177.97,9.0,06:34:00,17:42:00
19264,1479573317,11/19/2016 12:00:00 AM,06:35:17,7.68,48.0,30.42,27.0,150.15,11.25,06:34:00,17:42:00
19265,1479573018,11/19/2016 12:00:00 AM,06:30:18,5.33,48.0,30.42,27.0,157.88,6.229096658193317,06:34:00,17:42:00
19266,1479572718,11/19/2016 12:00:00 AM,06:25:18,3.04,48.0,30.42,27.0,194.06,11.25,06:34:00,17:42:00
19267,1479572417,11/19/2016 12:00:00 AM,06:20:17,1.65,47.0,30.42,27.0,155.75,10.12,06:34:00,17:42:00
19268,1479572118,11/19/2016 12:00:00 AM,06:15:18,1.2,47.0,30.42,28.0,168.82,11.25,06:34:00,17:42:00
19269,1479571818,11/19/2016 12:00:00 AM,06:10:18,1.16,47.0,30.42,28.0,139.67,13.5,06:34:00,17:42:00
19270,1479571518,11/19/2016 12:00:00 AM,06:05:18,1.22,47.0,30.41,28.0,164.03,10.12,06:34:00,17:42:00
19271,1479571217,11/19/2016 12:00:00 AM,06:00:17,1.22,47.0,30.41,28.0,139.0,11.25,06:34:00,17:42:00
19272,1479570917,11/19/2016 12:00:00 AM,05:55:17,1.19,47.0,30.41,29.0,137.51,14.62,06:34:00,17:42:00
19273,1479570618,11/19/2016 12:00:00 AM,05:50:18,1.21,47.0,30.41,29.0,157.58,7.87,06:34:00,17:42:00
19274,1479570318,11/19/2016 12:00:00 AM,05:45:18,1.24,47.0,30.41,30.0,151.56,10.12,06:34:00,17:42:00
19275,1479570018,11/19/2016 12:00:00 AM,05:40:18,1.17,46.0,30.41,30.0,180.06,12.37,06:34:00,17:42:00
19276,1479569717,11/19/2016 12:00:00 AM,05:35:17,1.2,46.0,30.41,31.0,162.69,11.25,06:34:00,17:42:00
19277,1479569418,11/19/2016 12:00:00 AM,05:30:18,1.2,46.0,30.41,32.0,163.5,10.12,06:34:00,17:42:00
19278,1479569122,11/19/2016 12:00:00 AM,05:25:22,1.23,46.0,30.41,33.0,192.78,10.12,06:34:00,17:42:00
19279,1479568848,11/19/2016 12:00:00 AM,05:20:48,1.19,46.0,30.4,34.0,144.3,9.0,06:34:00,17:42:00
19280,1479568518,11/19/2016 12:00:00 AM,05:15:18,1.18,45.0,30.4,36.0,173.95,11.25,06:34:00,17:42:00
19281,1479568223,11/19/2016 12:00:00 AM,05:10:23,1.2,45.0,30.4,38.0,174.9,6.75,06:34:00,17:42:00
19282,1479567920,11/19/2016 12:00:00 AM,05:05:20,1.21,45.0,30.4,40.0,174.0,6.75,06:34:00,17:42:00
19283,1479567618,11/19/2016 12:00:00 AM,05:00:18,1.19,44.0,30.4,43.0,139.45,9.0,06:34:00,17:42:00
19284,1479567317,11/19/2016 12:00:00 AM,04:55:17,1.21,44.0,30.4,47.0,176.04,7.87,06:34:00,17:42:00
19285,1479567020,11/19/2016 12:00:00 AM,04:50:20,1.2,44.0,30.4,58.0,162.69,7.87,06:34:00,17:42:00
19286,1479566718,11/19/2016 12:00:00 AM,04:45:18,1.19,44.0,30.4,59.0,144.93,6.75,06:34:00,17:42:00
19287,1479566419,11/19/2016 12:00:00 AM,04:40:19,1.2,44.0,30.4,64.0,173.97,5.62,06:34:00,17:42:00
19288,1479566118,11/19/2016 12:00:00 AM,04:35:18,1.21,44.0,30.4,64.0,182.22,4.5,06:34:00,17:42:00
19289,1479565817,11/19/2016 12:00:00 AM,04:30:17,1.21,44.0,30.4,57.0,171.89,9.0,06:34:00,17:42:00
19290,1479565518,11/19/2016 12:00:00 AM,04:25:18,1.21,44.0,30.4,57.0,47.1,6.75,06:34:00,17:42:00
19291,1479565217,11/19/2016 12:00:00 AM,04:20:17,1.23,44.0,30.4,61.0,148.87,6.75,06:34:00,17:42:00
19292,1479564920,11/19/2016 12:00:00 AM,04:15:20,1.2,45.0,30.4,63.0,127.65,3.37,06:34:00,17:42:00
19293,1479564618,11/19/2016 12:00:00 AM,04:10:18,1.19,44.0,30.4,60.0,138.38,9.0,06:34:00,17:42:00
19294,1479564317,11/19/2016 12:00:00 AM,04:05:17,1.2,44.0,30.4,55.0,170.56,5.62,06:34:00,17:42:00
19295,1479564021,11/19/2016 12:00:00 AM,04:00:21,1.22,44.0,30.4,53.0,150.72,9.0,06:34:00,17:42:00
19296,1479563717,11/19/2016 12:00:00 AM,03:55:17,1.18,44.0,30.4,52.0,127.58,5.62,06:34:00,17:42:00
19297,1479563418,11/19/2016 12:00:00 AM,03:50:18,1.2,44.0,30.4,53.0,155.62,6.75,06:34:00,17:42:00
19298,1479563118,11/19/2016 12:00:00 AM,03:45:18,1.19,44.0,30.4,58.0,147.27,6.75,06:34:00,17:42:00
19299,1479562820,11/19/2016 12:00:00 AM,03:40:20,1.19,44.0,30.4,60.0,182.77,10.12,06:34:00,17:42:00
19300,1479562517,11/19/2016 12:00:00 AM,03:35:17,1.26,44.0,30.4,62.0,129.29,5.62,06:34:00,17:42:00
19301,1479562218,11/19/2016 12:00:00 AM,03:30:18,1.21,44.0,30.4,59.0,138.35,5.62,06:34:00,17:42:00
19302,1479561917,11/19/2016 12:00:00 AM,03:25:17,1.21,44.0,30.4,57.0,171.08,4.5,06:34:00,17:42:00
19303,1479561620,11/19/2016 12:00:00 AM,03:20:20,1.2,44.0,30.4,51.0,116.2,9.0,06:34:00,17:42:00
19304,1479561317,11/19/2016 12:00:00 AM,03:15:17,1.21,44.0,30.4,50.0,116.97,3.37,06:34:00,17:42:00
19305,1479561017,11/19/2016 12:00:00 AM,03:10:17,1.21,44.0,30.4,49.0,162.31,6.75,06:34:00,17:42:00
19306,1479560718,11/19/2016 12:00:00 AM,03:05:18,1.19,44.0,30.4,51.0,117.9,6.75,06:34:00,17:42:00
19307,1479560418,11/19/2016 12:00:00 AM,03:00:18,1.19,44.0,30.4,51.0,164.18,4.5,06:34:00,17:42:00
19308,1479560117,11/19/2016 12:00:00 AM,02:55:17,1.2,44.0,30.4,53.0,160.56,3.37,06:34:00,17:42:00
19309,1479559818,11/19/2016 12:00:00 AM,02:50:18,1.21,44.0,30.4,55.0,162.23,10.12,06:34:00,17:42:00
19310,1479559518,11/19/2016 12:00:00 AM,02:45:18,1.23,43.0,30.4,57.0,159.6,2.25,06:34:00,17:42:00
19311,1479559217,11/19/2016 12:00:00 AM,02:40:17,1.21,43.0,30.4,58.0,164.56,4.5,06:34:00,17:42:00
19312,1479558917,11/19/2016 12:00:00 AM,02:35:17,1.19,43.0,30.4,61.0,131.16,3.37,06:34:00,17:42:00
19313,1479558618,11/19/2016 12:00:00 AM,02:30:18,1.21,43.0,30.4,64.0,172.16,7.87,06:34:00,17:42:00
19314,1479558317,11/19/2016 12:00:00 AM,02:25:17,1.2,44.0,30.41,63.0,140.07,5.62,06:34:00,17:42:00
19315,1479558017,11/19/2016 12:00:00 AM,02:20:17,1.21,44.0,30.41,65.0,188.93,4.5,06:34:00,17:42:00
19316,1479557718,11/19/2016 12:00:00 AM,02:15:18,1.18,44.0,30.41,68.0,178.49,5.62,06:34:00,17:42:00
19317,1479557418,11/19/2016 12:00:00 AM,02:10:18,1.17,44.0,30.41,72.0,174.69,7.87,06:34:00,17:42:00
19318,1479557118,11/19/2016 12:00:00 AM,02:05:18,1.2,44.0,30.423028000868246,75.0,181.53,4.5,06:34:00,17:42:00
19319,1479556817,11/19/2016 12:00:00 AM,02:00:17,1.19,44.0,30.41,79.0,146.79,5.62,06:34:00,17:42:00
19320,1479556517,11/19/2016 12:00:00 AM,01:55:17,1.2,44.0,30.41,88.0,151.19,4.5,06:34:00,17:42:00
19321,1479556218,11/19/2016 12:00:00 AM,01:50:18,1.2,44.0,30.41,89.0,124.22,9.0,06:34:00,17:42:00
19322,1479555918,11/19/2016 12:00:00 AM,01:45:18,1.2,45.0,30.41,98.0,161.78,6.75,06:34:00,17:42:00
19323,1479555620,11/19/2016 12:00:00 AM,01:40:20,1.19,45.0,30.42,99.0,169.41,3.37,06:34:00,17:42:00
19324,1479555318,11/19/2016 12:00:00 AM,01:35:18,1.22,45.0,30.42,99.0,172.6,4.5,06:34:00,17:42:00
19325,1479555018,11/19/2016 12:00:00 AM,01:30:18,1.2,45.0,30.42,99.0,105.17,6.75,06:34:00,17:42:00
19326,1479554717,11/19/2016 12:00:00 AM,01:25:17,1.2,46.0,30.42,99.0,150.98,9.0,06:34:00,17:42:00
19327,1479554418,11/19/2016 12:00:00 AM,01:20:18,1.17,46.0,30.42,99.0,184.27,5.62,06:34:00,17:42:00
19328,1479554118,11/19/2016 12:00:00 AM,01:15:18,1.22,46.0,30.42,99.0,156.05,2.25,06:34:00,17:42:00
19329,1479553818,11/19/2016 12:00:00 AM,01:10:18,1.22,46.0,30.42,99.0,197.82,4.5,06:34:00,17:42:00
19330,1479553523,11/19/2016 12:00:00 AM,01:05:23,1.22,46.0,30.43,99.0,177.58,4.5,06:34:00,17:42:00
19331,1479553217,11/19/2016 12:00:00 AM,01:00:17,1.22,47.0,30.43,99.0,164.44,2.25,06:34:00,17:42:00
19332,1479552918,11/19/2016 12:00:00 AM,00:55:18,1.21,47.0,30.43,99.0,150.15,4.5,06:34:00,17:42:00
19333,1479552617,11/19/2016 12:00:00 AM,00:50:17,1.21,47.0,30.43,99.0,150.2,2.25,06:34:00,17:42:00
19334,1479552320,11/19/2016 12:00:00 AM,00:45:20,1.2,47.0,30.43,99.0,142.37,4.5,06:34:00,17:42:00
19335,1479552020,11/19/2016 12:00:00 AM,00:40:20,1.22,47.0,30.43,98.0,151.3,2.25,06:34:00,17:42:00
19336,1479551717,11/19/2016 12:00:00 AM,00:35:17,1.16,47.0,30.43,98.0,116.53,7.87,06:34:00,17:42:00
19337,1479551418,11/19/2016 12:00:00 AM,00:30:18,1.22,47.0,30.43,98.0,171.67,6.75,06:34:00,17:42:00
19338,1479551118,11/19/2016 12:00:00 AM,00:25:18,1.17,47.0,30.43,97.0,128.19,5.62,06:34:00,17:42:00
19339,1479550818,11/19/2016 12:00:00 AM,00:20:18,1.2,47.0,30.43,95.0,177.9,3.37,06:34:00,17:42:00
19340,1479550518,11/19/2016 12:00:00 AM,00:15:18,1.25,51.16507236474315,30.43,94.0,143.54770303349548,4.5,06:34:00,17:42:00
19341,1479550218,11/19/2016 12:00:00 AM,00:10:18,1.23,46.0,30.43,92.0,144.79,5.62,06:34:00,17:42:00
19342,1479549920,11/19/2016 12:00:00 AM,00:05:20,1.22,46.0,30.43,91.0,116.55,9.0,06:34:00,17:42:00
19343,1479549618,11/19/2016 12:00:00 AM,00:00:18,1.23,46.0,30.44,89.0,103.17,12.37,06:34:00,17:42:00
19344,1479549322,11/18/2016 12:00:00 AM,23:55:22,1.21,46.0,30.44,87.0,117.82,9.0,06:33:00,17:43:00
19345,1479549024,11/18/2016 12:00:00 AM,23:50:24,1.24,46.0,30.44,86.0,154.16,5.62,06:33:00,17:43:00
19346,1479548718,11/18/2016 12:00:00 AM,23:45:18,1.17,46.0,30.44,84.0,134.81,7.87,06:33:00,17:43:00
19347,1479548420,11/18/2016 12:00:00 AM,23:40:20,1.24,46.0,30.44,82.0,183.58,5.62,06:33:00,17:43:00
19348,1479548121,11/18/2016 12:00:00 AM,23:35:21,1.22,45.0,30.44,73.0,163.69,5.62,06:33:00,17:43:00
19349,1479547817,11/18/2016 12:00:00 AM,23:30:17,1.21,45.0,30.44,65.0,168.84,11.25,06:33:00,17:43:00
19350,1479547518,11/18/2016 12:00:00 AM,23:25:18,1.21,45.0,30.44,66.0,149.71,10.12,06:33:00,17:43:00
19351,1479547218,11/18/2016 12:00:00 AM,23:20:18,1.2,45.0,30.44,72.0,154.39,10.12,06:33:00,17:43:00
19352,1479546917,11/18/2016 12:00:00 AM,23:15:17,1.22,45.0,30.44,79.0,166.2,10.12,06:33:00,17:43:00
19353,1479546618,11/18/2016 12:00:00 AM,23:10:18,1.21,45.0,30.44,85.0,181.9,4.5,06:33:00,17:43:00
19354,1479546321,11/18/2016 12:00:00 AM,23:05:21,1.21,45.0,30.44,97.0,134.94,10.12,06:33:00,17:43:00
19355,1479546020,11/18/2016 12:00:00 AM,23:00:20,1.21,46.0,30.45,99.0,159.18,3.37,06:33:00,17:43:00
19356,1479545718,11/18/2016 12:00:00 AM,22:55:18,1.24,47.0,30.45,99.0,162.3,6.75,06:33:00,17:43:00
19357,1479545419,11/18/2016 12:00:00 AM,22:50:19,1.24,47.0,30.44,99.0,153.22,9.0,06:33:00,17:43:00
19358,1479545120,11/18/2016 12:00:00 AM,22:45:20,1.2,47.0,30.45,99.0,99.74,6.75,06:33:00,17:43:00
19359,1479544817,11/18/2016 12:00:00 AM,22:40:17,1.21,47.0,30.44,99.0,162.32,4.5,06:33:00,17:43:00
19360,1479544517,11/18/2016 12:00:00 AM,22:35:17,1.23,48.0,30.45,98.0,109.61,6.75,06:33:00,17:43:00
19361,1479544218,11/18/2016 12:00:00 AM,22:30:18,1.21,48.0,30.44,74.83719267708949,194.99,2.25,06:33:00,17:43:00
19362,1479543917,11/18/2016 12:00:00 AM,22:25:17,1.23,48.0,30.44,98.0,139.45,9.0,06:33:00,17:43:00
19363,1479543617,11/18/2016 12:00:00 AM,22:20:17,1.23,48.0,30.44,97.0,138.83,5.62,06:33:00,17:43:00
19364,1479543317,11/18/2016 12:00:00 AM,22:15:17,1.2,47.0,30.44,97.0,157.83,5.62,06:33:00,17:43:00
19365,1479543017,11/18/2016 12:00:00 AM,22:10:17,1.24,47.0,30.44,96.0,153.53,12.37,06:33:00,17:43:00
19366,1479542717,11/18/2016 12:00:00 AM,22:05:17,1.21,47.0,30.44,96.0,154.78,5.62,06:33:00,17:43:00
19367,1479542418,11/18/2016 12:00:00 AM,22:00:18,1.21,48.0,30.44,95.0,130.18,9.0,06:33:00,17:43:00
19368,1479542117,11/18/2016 12:00:00 AM,21:55:17,1.23,48.0,30.44,95.0,110.67,7.87,06:33:00,17:43:00
19369,1479541817,11/18/2016 12:00:00 AM,21:50:17,1.21,48.0,30.44,95.0,138.54,11.25,06:33:00,17:43:00
19370,1479541518,11/18/2016 12:00:00 AM,21:45:18,1.22,47.0,30.44,95.0,158.9,5.62,06:33:00,17:43:00
19371,1479541218,11/18/2016 12:00:00 AM,21:40:18,1.21,47.0,30.44,94.0,169.78,11.25,06:33:00,17:43:00
19372,1479540918,11/18/2016 12:00:00 AM,21:35:18,1.2,47.0,30.43,94.0,160.49,12.37,06:33:00,17:43:00
19373,1479540617,11/18/2016 12:00:00 AM,21:30:17,1.2,47.0,30.43,74.83719267708949,152.01,4.5,06:33:00,17:43:00
19374,1479540330,11/18/2016 12:00:00 AM,21:25:30,1.22,48.0,30.43,93.0,130.01,6.75,06:33:00,17:43:00
19375,1479540017,11/18/2016 12:00:00 AM,21:20:17,1.19,48.0,30.43,93.0,166.66,6.75,06:33:00,17:43:00
19376,1479539720,11/18/2016 12:00:00 AM,21:15:20,1.21,48.0,30.43,92.0,132.84,10.12,06:33:00,17:43:00
19377,1479539418,11/18/2016 12:00:00 AM,21:10:18,1.22,48.0,30.43,91.0,194.24,3.37,06:33:00,17:43:00
19378,1479539118,11/18/2016 12:00:00 AM,21:05:18,1.21,48.0,30.43,92.0,154.68,9.0,06:33:00,17:43:00
19379,1479538818,11/18/2016 12:00:00 AM,21:00:18,1.25,48.0,30.43,92.0,225.59,5.62,06:33:00,17:43:00
19380,1479538517,11/18/2016 12:00:00 AM,20:55:17,1.23,48.0,30.43,92.0,151.67,11.25,06:33:00,17:43:00
19381,1479538220,11/18/2016 12:00:00 AM,20:50:20,1.23,48.0,30.423028000868246,92.0,152.24,7.87,06:33:00,17:43:00
19382,1479537917,11/18/2016 12:00:00 AM,20:45:17,1.22,48.0,30.43,92.0,158.56,6.75,06:33:00,17:43:00
19383,1479537620,11/18/2016 12:00:00 AM,20:40:20,1.21,48.0,30.43,92.0,148.84,13.5,06:33:00,17:43:00
19384,1479537318,11/18/2016 12:00:00 AM,20:35:18,1.24,48.0,30.43,93.0,166.32,11.25,06:33:00,17:43:00
19385,1479537017,11/18/2016 12:00:00 AM,20:30:17,1.22,48.0,30.43,93.0,130.71,10.12,06:33:00,17:43:00
19386,1479536718,11/18/2016 12:00:00 AM,20:25:18,1.22,48.0,30.43,92.0,163.88,10.12,06:33:00,17:43:00
19387,1479536419,11/18/2016 12:00:00 AM,20:20:19,1.23,48.0,30.43,89.0,133.25,11.25,06:33:00,17:43:00
19388,1479536119,11/18/2016 12:00:00 AM,20:15:19,1.22,48.0,30.43,87.0,143.65,14.62,06:33:00,17:43:00
19389,1479535817,11/18/2016 12:00:00 AM,20:10:17,1.23,48.0,30.43,82.0,120.89,12.37,06:33:00,17:43:00
19390,1479535517,11/18/2016 12:00:00 AM,20:05:17,1.23,48.0,30.43,78.0,130.61,10.12,06:33:00,17:43:00
19391,1479535218,11/18/2016 12:00:00 AM,20:00:18,1.23,48.0,30.43,75.0,82.07,6.75,06:33:00,17:43:00
19392,1479534918,11/18/2016 12:00:00 AM,19:55:18,1.22,48.0,30.43,72.0,159.57,6.75,06:33:00,17:43:00
19393,1479534621,11/18/2016 12:00:00 AM,19:50:21,1.23,48.0,30.43,72.0,158.56,4.5,06:33:00,17:43:00
19394,1479534320,11/18/2016 12:00:00 AM,19:45:20,1.23,48.0,30.42,69.0,148.48,7.87,06:33:00,17:43:00
19395,1479534018,11/18/2016 12:00:00 AM,19:40:18,1.22,47.0,30.42,73.0,95.11,6.75,06:33:00,17:43:00
19396,1479533717,11/18/2016 12:00:00 AM,19:35:17,1.24,47.0,30.42,75.0,150.31,7.87,06:33:00,17:43:00
19397,1479533420,11/18/2016 12:00:00 AM,19:30:20,1.23,48.0,30.42,75.0,130.86,9.0,06:33:00,17:43:00
19398,1479533120,11/18/2016 12:00:00 AM,19:25:20,1.21,47.0,30.42,76.0,131.09,12.37,06:33:00,17:43:00
19399,1479532817,11/18/2016 12:00:00 AM,19:20:17,1.23,47.0,30.42,81.0,132.2,7.87,06:33:00,17:43:00
19400,1479532520,11/18/2016 12:00:00 AM,19:15:20,1.19,47.0,30.42,82.0,141.75,3.37,06:33:00,17:43:00
19401,1479532218,11/18/2016 12:00:00 AM,19:10:18,1.18,47.0,30.42,81.0,104.93,4.5,06:33:00,17:43:00
19402,1479531917,11/18/2016 12:00:00 AM,19:05:17,1.19,47.0,30.42,89.0,120.79,5.62,06:33:00,17:43:00
19403,1479531620,11/18/2016 12:00:00 AM,19:00:20,1.2,47.0,30.42,89.0,126.28,7.87,06:33:00,17:43:00
19404,1479531324,11/18/2016 12:00:00 AM,18:55:24,1.23,47.0,30.42,89.0,115.62,12.37,06:33:00,17:43:00
19405,1479531018,11/18/2016 12:00:00 AM,18:50:18,1.22,47.0,30.42,88.0,149.23,2.25,06:33:00,17:43:00
19406,1479530718,11/18/2016 12:00:00 AM,18:45:18,1.22,47.0,30.42,89.0,67.41,3.37,06:33:00,17:43:00
19407,1479530419,11/18/2016 12:00:00 AM,18:40:19,1.2,48.0,30.42,91.0,131.46,3.37,06:33:00,17:43:00
19408,1479530119,11/18/2016 12:00:00 AM,18:35:19,1.22,49.0,30.41,90.0,143.54770303349548,10.12,06:33:00,17:43:00
19409,1479529820,11/18/2016 12:00:00 AM,18:30:20,1.2,49.0,30.41,87.0,88.05,10.12,06:33:00,17:43:00
19410,1479529520,11/18/2016 12:00:00 AM,18:25:20,1.2,50.0,30.41,83.0,106.15,4.5,06:33:00,17:43:00
19411,1479529217,11/18/2016 12:00:00 AM,18:20:17,1.19,50.0,30.41,82.0,68.64,3.37,06:33:00,17:43:00
19412,1479528919,11/18/2016 12:00:00 AM,18:15:19,1.23,50.0,30.41,84.0,145.31,7.87,06:33:00,17:43:00
19413,1479528617,11/18/2016 12:00:00 AM,18:10:17,1.21,50.0,30.41,87.0,133.01,4.5,06:33:00,17:43:00
19414,1479528318,11/18/2016 12:00:00 AM,18:05:18,1.19,50.0,30.41,85.0,130.84,9.0,06:33:00,17:43:00
19415,1479528017,11/18/2016 12:00:00 AM,18:00:17,1.2,50.0,30.41,85.0,138.77,4.5,06:33:00,17:43:00
19416,1479527717,11/18/2016 12:00:00 AM,17:55:17,1.25,50.0,30.41,82.0,167.09,7.87,06:33:00,17:43:00
19417,1479527421,11/18/2016 12:00:00 AM,17:50:21,1.84,51.0,30.41,78.0,128.82,6.75,06:33:00,17:43:00
19418,1479527118,11/18/2016 12:00:00 AM,17:45:18,2.92,51.0,30.41,71.0,75.14,2.25,06:33:00,17:43:00
19419,1479526819,11/18/2016 12:00:00 AM,17:40:19,5.05,51.0,30.41,67.0,99.01,5.62,06:33:00,17:43:00
19420,1479526518,11/18/2016 12:00:00 AM,17:35:18,9.31,52.0,30.41,62.0,176.3,5.62,06:33:00,17:43:00
19421,1479526218,11/18/2016 12:00:00 AM,17:30:18,14.12,52.0,30.4,61.0,128.73,10.12,06:33:00,17:43:00
19422,1479525918,11/18/2016 12:00:00 AM,17:25:18,24.48,52.0,30.4,54.0,115.41,6.75,06:33:00,17:43:00
19423,1479525618,11/18/2016 12:00:00 AM,17:20:18,38.06,52.0,30.4,49.0,144.29,10.12,06:33:00,17:43:00
19424,1479525321,11/18/2016 12:00:00 AM,17:15:21,43.4,52.0,30.4,51.0,125.29,9.0,06:33:00,17:43:00
19425,1479525019,11/18/2016 12:00:00 AM,17:10:19,51.1,53.0,30.4,55.0,118.62,7.87,06:33:00,17:43:00
19426,1479524718,11/18/2016 12:00:00 AM,17:05:18,60.05,53.0,30.4,55.0,54.75,7.87,06:33:00,17:43:00
19427,1479524419,11/18/2016 12:00:00 AM,17:00:19,59.33,54.0,30.4,60.0,99.69,5.62,06:33:00,17:43:00
19428,1479524118,11/18/2016 12:00:00 AM,16:55:18,56.84,54.0,30.39,64.0,127.9,12.37,06:33:00,17:43:00
19429,1479523820,11/18/2016 12:00:00 AM,16:50:20,69.05,54.0,30.39,66.0,102.42,5.62,06:33:00,17:43:00
19430,1479523518,11/18/2016 12:00:00 AM,16:45:18,240.99,54.0,30.39,69.0,91.29,9.0,06:33:00,17:43:00
19431,1479523217,11/18/2016 12:00:00 AM,16:40:17,275.29,54.0,30.39,72.0,63.25,7.87,06:33:00,17:43:00
19432,1479522918,11/18/2016 12:00:00 AM,16:35:18,253.44,54.0,30.39,64.0,89.82,9.0,06:33:00,17:43:00
19433,1479522618,11/18/2016 12:00:00 AM,16:30:18,73.77,54.0,30.39,71.0,71.28,2.25,06:33:00,17:43:00
19434,1479522317,11/18/2016 12:00:00 AM,16:25:17,77.06,56.0,30.39,64.0,143.32,7.87,06:33:00,17:43:00
19435,1479522022,11/18/2016 12:00:00 AM,16:20:22,274.15,57.0,30.39,60.0,26.21,5.62,06:33:00,17:43:00
19436,1479521718,11/18/2016 12:00:00 AM,16:15:18,381.71,58.0,30.39,46.0,13.52,5.62,06:33:00,17:43:00
19437,1479521417,11/18/2016 12:00:00 AM,16:10:17,254.87,58.0,30.39,46.0,89.49,11.25,06:33:00,17:43:00
19438,1479521117,11/18/2016 12:00:00 AM,16:05:17,396.33,58.0,30.39,44.0,58.6,2.25,06:33:00,17:43:00
19439,1479520817,11/18/2016 12:00:00 AM,16:00:17,462.7,58.0,30.39,45.0,65.68,4.5,06:33:00,17:43:00
19440,1479520518,11/18/2016 12:00:00 AM,15:55:18,478.15,58.0,30.39,49.0,100.13,6.75,06:33:00,17:43:00
19441,1479520217,11/18/2016 12:00:00 AM,15:50:17,494.74,59.0,30.39,74.83719267708949,56.21,5.62,06:33:00,17:43:00
19442,1479519917,11/18/2016 12:00:00 AM,15:45:17,505.7,59.0,30.39,43.0,90.34,10.12,06:33:00,17:43:00
19443,1479519618,11/18/2016 12:00:00 AM,15:40:18,365.58,59.0,30.39,41.0,95.15,5.62,06:33:00,17:43:00
19444,1479519318,11/18/2016 12:00:00 AM,15:35:18,622.57,58.0,30.39,50.0,79.78,7.87,06:33:00,17:43:00
19445,1479519017,11/18/2016 12:00:00 AM,15:30:17,717.54,57.0,30.39,43.0,62.77,3.37,06:33:00,17:43:00
19446,1479518717,11/18/2016 12:00:00 AM,15:25:17,310.36,57.0,30.39,49.0,36.57,6.75,06:33:00,17:43:00
19447,1479518420,11/18/2016 12:00:00 AM,15:20:20,192.4,58.0,30.39,47.0,68.15,4.5,06:33:00,17:43:00
19448,1479518118,11/18/2016 12:00:00 AM,15:15:18,180.59,59.0,30.39,48.0,54.13,7.87,06:33:00,17:43:00
19449,1479517818,11/18/2016 12:00:00 AM,15:10:18,409.89,60.0,30.39,43.0,164.23,3.37,06:33:00,17:43:00
19450,1479517521,11/18/2016 12:00:00 AM,15:05:21,643.81,60.0,30.39,32.0,59.06,3.37,06:33:00,17:43:00
19451,1479517217,11/18/2016 12:00:00 AM,15:00:17,604.56,60.0,30.39,37.0,39.83,3.37,06:33:00,17:43:00
19452,1479516918,11/18/2016 12:00:00 AM,14:55:18,645.61,60.0,30.39,38.0,18.56,2.25,06:33:00,17:43:00
19453,1479516620,11/18/2016 12:00:00 AM,14:50:20,658.01,61.0,30.39,29.0,349.59,4.5,06:33:00,17:43:00
19454,1479516317,11/18/2016 12:00:00 AM,14:45:17,666.51,61.0,30.39,40.0,21.12,7.87,06:33:00,17:43:00
19455,1479516020,11/18/2016 12:00:00 AM,14:40:20,681.9,62.0,30.4,27.0,70.28,9.0,06:33:00,17:43:00
19456,1479515718,11/18/2016 12:00:00 AM,14:35:18,695.44,62.0,30.39,28.0,145.61,1.12,06:33:00,17:43:00
19457,1479515418,11/18/2016 12:00:00 AM,14:30:18,706.94,62.0,30.39,31.0,29.26,5.62,06:33:00,17:43:00
19458,1479515117,11/18/2016 12:00:00 AM,14:25:17,716.84,62.0,30.39,23.0,85.0,5.62,06:33:00,17:43:00
19459,1479514817,11/18/2016 12:00:00 AM,14:20:17,735.01,61.0,30.39,24.0,191.34,4.5,06:33:00,17:43:00
19460,1479514521,11/18/2016 12:00:00 AM,14:15:21,747.7,62.0,30.4,22.0,65.3,2.25,06:33:00,17:43:00
19461,1479514218,11/18/2016 12:00:00 AM,14:10:18,758.82,62.0,30.4,22.0,8.53,6.75,06:33:00,17:43:00
19462,1479513917,11/18/2016 12:00:00 AM,14:05:17,771.17,63.0,30.4,28.0,346.95,4.5,06:33:00,17:43:00
19463,1479513618,11/18/2016 12:00:00 AM,14:00:18,673.07,63.0,30.4,24.0,355.49,7.87,06:33:00,17:43:00
19464,1479513317,11/18/2016 12:00:00 AM,13:55:17,793.33,63.0,30.4,25.0,39.2,6.75,06:33:00,17:43:00
19465,1479513021,11/18/2016 12:00:00 AM,13:50:21,796.79,63.0,30.4,21.0,124.77,4.5,06:33:00,17:43:00
19466,1479512718,11/18/2016 12:00:00 AM,13:45:18,818.15,63.0,30.4,26.0,43.0,5.62,06:33:00,17:43:00
19467,1479512418,11/18/2016 12:00:00 AM,13:40:18,840.59,62.0,30.4,27.0,57.71,6.75,06:33:00,17:43:00
19468,1479512117,11/18/2016 12:00:00 AM,13:35:17,717.11,62.0,30.41,27.0,2.24,7.87,06:33:00,17:43:00
19469,1479511817,11/18/2016 12:00:00 AM,13:30:17,897.41,62.0,30.41,74.83719267708949,30.42,4.5,06:33:00,17:43:00
19470,1479511517,11/18/2016 12:00:00 AM,13:25:17,656.02,62.0,30.41,23.0,43.04,1.12,06:33:00,17:43:00
19471,1479511242,11/18/2016 12:00:00 AM,13:20:42,814.12,62.0,30.41,27.0,77.25,6.75,06:33:00,17:43:00
19472,1479510918,11/18/2016 12:00:00 AM,13:15:18,844.53,62.0,30.41,25.0,84.86,3.37,06:33:00,17:43:00
19473,1479510618,11/18/2016 12:00:00 AM,13:10:18,879.01,62.0,30.41,29.0,69.73,2.25,06:33:00,17:43:00
19474,1479510318,11/18/2016 12:00:00 AM,13:05:18,887.64,62.0,30.41,29.0,49.68,11.25,06:33:00,17:43:00
19475,1479510017,11/18/2016 12:00:00 AM,13:00:17,906.19,62.0,30.41,32.0,34.04,6.75,06:33:00,17:43:00
19476,1479509717,11/18/2016 12:00:00 AM,12:55:17,817.57,61.0,30.41,27.0,46.11,4.5,06:33:00,17:43:00
19477,1479509421,11/18/2016 12:00:00 AM,12:50:21,909.87,61.0,30.42,35.0,337.94,6.75,06:33:00,17:43:00
19478,1479509117,11/18/2016 12:00:00 AM,12:45:17,903.57,61.0,30.42,36.0,81.77,9.0,06:33:00,17:43:00
19479,1479508820,11/18/2016 12:00:00 AM,12:40:20,895.89,61.0,30.42,43.0,63.2,10.12,06:33:00,17:43:00
19480,1479508518,11/18/2016 12:00:00 AM,12:35:18,899.54,61.0,30.41,37.0,345.6,2.25,06:33:00,17:43:00
19481,1479508218,11/18/2016 12:00:00 AM,12:30:18,903.16,61.0,30.41,38.0,19.32,3.37,06:33:00,17:43:00
19482,1479507917,11/18/2016 12:00:00 AM,12:25:17,901.52,60.0,30.41,35.0,44.85,5.62,06:33:00,17:43:00
19483,1479507620,11/18/2016 12:00:00 AM,12:20:20,906.65,59.0,30.41,56.0,123.94,5.62,06:33:00,17:43:00
19484,1479507317,11/18/2016 12:00:00 AM,12:15:17,906.73,58.0,30.41,73.0,51.4,5.62,06:33:00,17:43:00
19485,1479507018,11/18/2016 12:00:00 AM,12:10:18,899.19,58.0,30.42,81.0,30.18,5.62,06:33:00,17:43:00
19486,1479506719,11/18/2016 12:00:00 AM,12:05:19,899.42,57.0,30.41,79.0,66.34,5.62,06:33:00,17:43:00
19487,1479506420,11/18/2016 12:00:00 AM,12:00:20,896.55,56.0,30.42,80.0,164.35,3.37,06:33:00,17:43:00
19488,1479506119,11/18/2016 12:00:00 AM,11:55:19,895.41,56.0,30.42,81.0,78.49,6.75,06:33:00,17:43:00
19489,1479505821,11/18/2016 12:00:00 AM,11:50:21,894.92,55.0,30.42,87.0,137.44,4.5,06:33:00,17:43:00
19490,1479505517,11/18/2016 12:00:00 AM,11:45:17,908.25,54.0,30.42,91.0,8.42,3.37,06:33:00,17:43:00
19491,1479505221,11/18/2016 12:00:00 AM,11:40:21,375.35,54.0,30.43,92.0,68.77,6.229096658193317,06:33:00,17:43:00
19492,1479504920,11/18/2016 12:00:00 AM,11:35:20,856.08,54.0,30.43,95.0,33.65,7.87,06:33:00,17:43:00
19493,1479504617,11/18/2016 12:00:00 AM,11:30:17,665.49,54.0,30.43,95.0,2.61,6.75,06:33:00,17:43:00
19494,1479504317,11/18/2016 12:00:00 AM,11:25:17,645.82,54.0,30.43,95.0,133.79,7.87,06:33:00,17:43:00
19495,1479504021,11/18/2016 12:00:00 AM,11:20:21,310.63,54.0,30.43,93.0,56.77,9.0,06:33:00,17:43:00
19496,1479503721,11/18/2016 12:00:00 AM,11:15:21,1048.11,55.0,30.43,93.0,48.22,9.0,06:33:00,17:43:00
19497,1479503420,11/18/2016 12:00:00 AM,11:10:20,811.58,55.0,30.43,89.0,129.43,5.62,06:33:00,17:43:00
19498,1479503118,11/18/2016 12:00:00 AM,11:05:18,723.11,55.0,30.43,91.0,69.76,5.62,06:33:00,17:43:00
19499,1479502819,11/18/2016 12:00:00 AM,11:00:19,648.36,54.0,30.43,92.0,19.28,5.62,06:33:00,17:43:00
19500,1479502522,11/18/2016 12:00:00 AM,10:55:22,434.07,54.0,30.44,95.0,42.53,7.87,06:33:00,17:43:00
19501,1479502217,11/18/2016 12:00:00 AM,10:50:17,543.75,54.0,30.44,97.0,10.42,2.25,06:33:00,17:43:00
19502,1479501921,11/18/2016 12:00:00 AM,10:45:21,579.26,53.0,30.44,98.0,73.02,11.25,06:33:00,17:43:00
19503,1479501618,11/18/2016 12:00:00 AM,10:40:18,827.66,53.0,30.44,98.0,67.68,2.25,06:33:00,17:43:00
19504,1479501319,11/18/2016 12:00:00 AM,10:35:19,608.24,53.0,30.44,98.0,30.99,5.62,06:33:00,17:43:00
19505,1479501017,11/18/2016 12:00:00 AM,10:30:17,487.09,53.0,30.44,97.0,101.59,3.37,06:33:00,17:43:00
19506,1479500717,11/18/2016 12:00:00 AM,10:25:17,475.12,53.0,30.44,98.0,30.56,3.37,06:33:00,17:43:00
19507,1479500418,11/18/2016 12:00:00 AM,10:20:18,982.55,53.0,30.44,98.0,57.75,6.229096658193317,06:33:00,17:43:00
19508,1479500121,11/18/2016 12:00:00 AM,10:15:21,338.64,53.0,30.44,98.0,75.85,6.75,06:33:00,17:43:00
19509,1479499820,11/18/2016 12:00:00 AM,10:10:20,402.72,53.0,30.44,98.0,71.72,4.5,06:33:00,17:43:00
19510,1479499518,11/18/2016 12:00:00 AM,10:05:18,646.1,53.0,30.44,98.0,336.52,2.25,06:33:00,17:43:00
19511,1479499218,11/18/2016 12:00:00 AM,10:00:18,395.16,52.0,30.44,98.0,167.79,3.37,06:33:00,17:43:00
19512,1479498920,11/18/2016 12:00:00 AM,09:55:20,519.58,52.0,30.44,74.83719267708949,0.1,3.37,06:33:00,17:43:00
19513,1479498620,11/18/2016 12:00:00 AM,09:50:20,434.37,52.0,30.45,98.0,91.83,5.62,06:33:00,17:43:00
19514,1479498318,11/18/2016 12:00:00 AM,09:45:18,360.26,52.0,30.45,98.0,67.77,1.12,06:33:00,17:43:00
19515,1479498020,11/18/2016 12:00:00 AM,09:40:20,480.83,52.0,30.45,98.0,55.11,1.12,06:33:00,17:43:00
19516,1479497718,11/18/2016 12:00:00 AM,09:35:18,639.0,52.0,30.45,97.0,357.93,4.5,06:33:00,17:43:00
19517,1479497421,11/18/2016 12:00:00 AM,09:30:21,410.34,52.0,30.45,96.0,54.51,5.62,06:33:00,17:43:00
19518,1479497118,11/18/2016 12:00:00 AM,09:25:18,311.2,53.0,30.45,95.0,0.11,2.25,06:33:00,17:43:00
19519,1479496817,11/18/2016 12:00:00 AM,09:20:17,272.63,53.0,30.45,95.0,36.92,4.5,06:33:00,17:43:00
19520,1479496524,11/18/2016 12:00:00 AM,09:15:24,427.14,53.0,30.45,94.0,74.99,6.75,06:33:00,17:43:00
19521,1479496220,11/18/2016 12:00:00 AM,09:10:20,354.45,53.0,30.45,92.0,159.55,4.5,06:33:00,17:43:00
19522,1479495918,11/18/2016 12:00:00 AM,09:05:18,331.47,54.0,30.45,91.0,273.72,4.5,06:33:00,17:43:00
19523,1479495618,11/18/2016 12:00:00 AM,09:00:18,347.85,53.0,30.45,90.0,160.4,5.62,06:33:00,17:43:00
19524,1479495320,11/18/2016 12:00:00 AM,08:55:20,255.28,53.0,30.45,88.0,166.74,5.62,06:33:00,17:43:00
19525,1479495018,11/18/2016 12:00:00 AM,08:50:18,283.85,53.0,30.45,86.0,175.9,5.62,06:33:00,17:43:00
19526,1479494718,11/18/2016 12:00:00 AM,08:45:18,241.22,54.0,30.45,84.0,145.13,3.37,06:33:00,17:43:00
19527,1479494418,11/18/2016 12:00:00 AM,08:40:18,263.3,53.0,30.44,84.0,158.02,10.12,06:33:00,17:43:00
19528,1479494120,11/18/2016 12:00:00 AM,08:35:20,405.57,53.0,30.44,84.0,149.58,7.87,06:33:00,17:43:00
19529,1479493821,11/18/2016 12:00:00 AM,08:30:21,479.41,52.0,30.45,85.0,146.81,3.37,06:33:00,17:43:00
19530,1479493519,11/18/2016 12:00:00 AM,08:25:19,286.73,52.0,30.45,84.0,116.9,5.62,06:33:00,17:43:00
19531,1479493220,11/18/2016 12:00:00 AM,08:20:20,197.14,52.0,30.45,83.0,133.7,10.12,06:33:00,17:43:00
19532,1479492921,11/18/2016 12:00:00 AM,08:15:21,189.46,52.0,30.45,81.0,152.87,7.87,06:33:00,17:43:00
19533,1479492620,11/18/2016 12:00:00 AM,08:10:20,146.64,52.0,30.44,79.0,139.44,5.62,06:33:00,17:43:00
19534,1479492318,11/18/2016 12:00:00 AM,08:05:18,162.99,52.0,30.44,77.0,112.03,10.12,06:33:00,17:43:00
19535,1479492018,11/18/2016 12:00:00 AM,08:00:18,165.26,51.0,30.44,77.0,136.78,10.12,06:33:00,17:43:00
19536,1479491719,11/18/2016 12:00:00 AM,07:55:19,311.11,51.0,30.44,74.0,142.71,5.62,06:33:00,17:43:00
19537,1479491420,11/18/2016 12:00:00 AM,07:50:20,272.47,49.0,30.44,77.0,146.5,5.62,06:33:00,17:43:00
19538,1479491121,11/18/2016 12:00:00 AM,07:45:21,91.02,48.0,30.44,69.0,128.75,9.0,06:33:00,17:43:00
19539,1479490818,11/18/2016 12:00:00 AM,07:40:18,26.39,48.0,30.43,68.0,166.82,4.5,06:33:00,17:43:00
19540,1479490520,11/18/2016 12:00:00 AM,07:35:20,22.51,48.0,30.43,71.0,193.58,7.87,06:33:00,17:43:00
19541,1479490219,11/18/2016 12:00:00 AM,07:30:19,21.79,47.0,30.44,65.0,145.42,5.62,06:33:00,17:43:00
19542,1479489921,11/18/2016 12:00:00 AM,07:25:21,21.05,47.0,30.44,66.0,160.63,2.25,06:33:00,17:43:00
19543,1479489620,11/18/2016 12:00:00 AM,07:20:20,20.3,47.0,30.43,60.0,158.54,4.5,06:33:00,17:43:00
19544,1479489321,11/18/2016 12:00:00 AM,07:15:21,19.37,47.0,30.43,59.0,210.21,7.87,06:33:00,17:43:00
19545,1479489018,11/18/2016 12:00:00 AM,07:10:18,18.47,46.0,30.43,53.0,123.99,2.25,06:33:00,17:43:00
19546,1479488719,11/18/2016 12:00:00 AM,07:05:19,17.43,46.0,30.43,56.0,141.12,10.12,06:33:00,17:43:00
19547,1479488417,11/18/2016 12:00:00 AM,07:00:17,16.23,46.0,30.43,55.0,150.47,7.87,06:33:00,17:43:00
19548,1479488121,11/18/2016 12:00:00 AM,06:55:21,14.8,46.0,30.43,59.0,152.34,6.75,06:33:00,17:43:00
19549,1479487818,11/18/2016 12:00:00 AM,06:50:18,13.3,46.0,30.43,60.0,159.43,6.75,06:33:00,17:43:00
19550,1479487521,11/18/2016 12:00:00 AM,06:45:21,11.46,46.0,30.43,63.0,154.62,9.0,06:33:00,17:43:00
19551,1479487220,11/18/2016 12:00:00 AM,06:40:20,9.52,46.0,30.43,58.0,152.21,6.75,06:33:00,17:43:00
19552,1479486918,11/18/2016 12:00:00 AM,06:35:18,7.43,46.0,30.43,52.0,144.95,9.0,06:33:00,17:43:00
19553,1479486622,11/18/2016 12:00:00 AM,06:30:22,5.33,46.0,30.43,49.0,177.21,11.25,06:33:00,17:43:00
19554,1479486323,11/18/2016 12:00:00 AM,06:25:23,3.29,46.0,30.43,45.0,143.41,9.0,06:33:00,17:43:00
19555,1479486020,11/18/2016 12:00:00 AM,06:20:20,1.89,45.0,30.43,44.0,181.7,10.12,06:33:00,17:43:00
19556,1479485717,11/18/2016 12:00:00 AM,06:15:17,1.21,45.0,30.42,45.0,154.02,9.0,06:33:00,17:43:00
19557,1479485418,11/18/2016 12:00:00 AM,06:10:18,1.19,45.0,30.42,46.0,159.22,11.25,06:33:00,17:43:00
19558,1479485121,11/18/2016 12:00:00 AM,06:05:21,1.21,45.0,30.42,46.0,176.83,9.0,06:33:00,17:43:00
19559,1479484817,11/18/2016 12:00:00 AM,06:00:17,1.22,45.0,30.42,46.0,171.61,7.87,06:33:00,17:43:00
19560,1479484522,11/18/2016 12:00:00 AM,05:55:22,1.21,46.0,30.42,46.0,176.42,11.25,06:33:00,17:43:00
19561,1479484218,11/18/2016 12:00:00 AM,05:50:18,1.23,46.0,30.42,46.0,163.38,9.0,06:33:00,17:43:00
19562,1479483921,11/18/2016 12:00:00 AM,05:45:21,1.22,46.0,30.42,45.0,163.36,7.87,06:33:00,17:43:00
19563,1479483618,11/18/2016 12:00:00 AM,05:40:18,1.2,46.0,30.42,43.0,136.45,7.87,06:33:00,17:43:00
19564,1479483317,11/18/2016 12:00:00 AM,05:35:17,1.21,46.0,30.42,39.0,168.34,7.87,06:33:00,17:43:00
19565,1479483017,11/18/2016 12:00:00 AM,05:30:17,1.19,46.0,30.42,31.0,172.51,7.87,06:33:00,17:43:00
19566,1479482720,11/18/2016 12:00:00 AM,05:25:20,1.21,46.0,30.42,31.0,154.68,9.0,06:33:00,17:43:00
19567,1479482418,11/18/2016 12:00:00 AM,05:20:18,1.19,46.0,30.42,29.0,158.67,7.87,06:33:00,17:43:00
19568,1479482118,11/18/2016 12:00:00 AM,05:15:18,1.19,46.0,30.42,28.0,169.81,6.75,06:33:00,17:43:00
19569,1479481818,11/18/2016 12:00:00 AM,05:10:18,1.22,46.0,30.42,27.0,166.66,6.75,06:33:00,17:43:00
19570,1479481518,11/18/2016 12:00:00 AM,05:05:18,1.21,46.0,30.42,28.0,186.63,9.0,06:33:00,17:43:00
19571,1479481221,11/18/2016 12:00:00 AM,05:00:21,1.2,46.0,30.42,30.0,136.07,10.12,06:33:00,17:43:00
19572,1479480919,11/18/2016 12:00:00 AM,04:55:19,1.24,46.0,30.42,29.0,134.57,9.0,06:33:00,17:43:00
19573,1479480617,11/18/2016 12:00:00 AM,04:50:17,1.2,47.0,30.42,30.0,157.8,7.87,06:33:00,17:43:00
19574,1479480318,11/18/2016 12:00:00 AM,04:45:18,1.14,47.0,30.42,28.0,149.57,5.62,06:33:00,17:43:00
19575,1479480018,11/18/2016 12:00:00 AM,04:40:18,1.2,47.0,30.42,30.0,176.97,6.75,06:33:00,17:43:00
19576,1479479721,11/18/2016 12:00:00 AM,04:35:21,1.22,47.0,30.42,29.0,157.34,7.87,06:33:00,17:43:00
19577,1479479421,11/18/2016 12:00:00 AM,04:30:21,1.24,47.0,30.42,29.0,156.15,12.37,06:33:00,17:43:00
19578,1479479117,11/18/2016 12:00:00 AM,04:25:17,1.15,47.0,30.42,31.0,179.54,6.75,06:33:00,17:43:00
19579,1479478817,11/18/2016 12:00:00 AM,04:20:17,1.24,47.0,30.42,31.0,163.24,7.87,06:33:00,17:43:00
19580,1479478524,11/18/2016 12:00:00 AM,04:15:24,1.22,47.0,30.42,32.0,160.06,12.37,06:33:00,17:43:00
19581,1479478219,11/18/2016 12:00:00 AM,04:10:19,1.22,47.0,30.42,32.0,165.85,5.62,06:33:00,17:43:00
19582,1479477918,11/18/2016 12:00:00 AM,04:05:18,1.17,47.0,30.42,33.0,161.84,11.25,06:33:00,17:43:00
19583,1479477617,11/18/2016 12:00:00 AM,04:00:17,1.2,47.0,30.42,33.0,148.86,10.12,06:33:00,17:43:00
19584,1479477321,11/18/2016 12:00:00 AM,03:55:21,1.25,47.0,30.42,33.0,157.19,9.0,06:33:00,17:43:00
19585,1479477019,11/18/2016 12:00:00 AM,03:50:19,1.23,47.0,30.42,32.0,169.5,10.12,06:33:00,17:43:00
19586,1479476718,11/18/2016 12:00:00 AM,03:45:18,1.22,47.0,30.42,31.0,180.19,9.0,06:33:00,17:43:00
19587,1479476420,11/18/2016 12:00:00 AM,03:40:20,1.21,47.0,30.42,30.0,164.3,6.75,06:33:00,17:43:00
19588,1479476117,11/18/2016 12:00:00 AM,03:35:17,1.21,47.0,30.42,29.0,174.01,5.62,06:33:00,17:43:00
19589,1479475818,11/18/2016 12:00:00 AM,03:30:18,1.24,47.0,30.42,28.0,145.79,9.0,06:33:00,17:43:00
19590,1479475518,11/18/2016 12:00:00 AM,03:25:18,1.23,47.0,30.42,27.0,161.84,9.0,06:33:00,17:43:00
19591,1479475219,11/18/2016 12:00:00 AM,03:20:19,1.21,47.0,30.42,26.0,152.1,10.12,06:33:00,17:43:00
19592,1479474917,11/18/2016 12:00:00 AM,03:15:17,1.2,47.0,30.42,25.0,167.42,12.37,06:33:00,17:43:00
19593,1479474617,11/18/2016 12:00:00 AM,03:10:17,1.2,47.0,30.42,25.0,167.75,6.75,06:33:00,17:43:00
19594,1479474319,11/18/2016 12:00:00 AM,03:05:19,1.2,47.0,30.42,25.0,191.47,6.75,06:33:00,17:43:00
19595,1479474020,11/18/2016 12:00:00 AM,03:00:20,1.2,47.0,30.42,24.0,165.79,10.12,06:33:00,17:43:00
19596,1479473721,11/18/2016 12:00:00 AM,02:55:21,1.19,47.0,30.42,24.0,149.31,10.12,06:33:00,17:43:00
19597,1479473421,11/18/2016 12:00:00 AM,02:50:21,1.2,47.0,30.42,24.0,187.26,5.62,06:33:00,17:43:00
19598,1479473117,11/18/2016 12:00:00 AM,02:45:17,1.21,46.0,30.42,25.0,160.58,9.0,06:33:00,17:43:00
19599,1479472818,11/18/2016 12:00:00 AM,02:40:18,1.21,47.0,30.42,25.0,160.28,9.0,06:33:00,17:43:00
19600,1479472520,11/18/2016 12:00:00 AM,02:35:20,1.23,47.0,30.42,25.0,185.1,6.75,06:33:00,17:43:00
19601,1479472217,11/18/2016 12:00:00 AM,02:30:17,1.26,47.0,30.43,26.0,165.77,6.75,06:33:00,17:43:00
19602,1479471920,11/18/2016 12:00:00 AM,02:25:20,1.2,47.0,30.43,26.0,168.79,7.87,06:33:00,17:43:00
19603,1479471618,11/18/2016 12:00:00 AM,02:20:18,1.25,47.0,30.43,26.0,162.85,10.12,06:33:00,17:43:00
19604,1479471317,11/18/2016 12:00:00 AM,02:15:17,1.18,47.0,30.43,25.0,149.34,5.62,06:33:00,17:43:00
19605,1479471017,11/18/2016 12:00:00 AM,02:10:17,1.26,47.0,30.43,26.0,161.78,10.12,06:33:00,17:43:00
19606,1479470721,11/18/2016 12:00:00 AM,02:05:21,1.2,47.0,30.43,27.0,183.67,6.75,06:33:00,17:43:00
19607,1479470420,11/18/2016 12:00:00 AM,02:00:20,1.21,47.0,30.43,26.0,155.24,7.87,06:33:00,17:43:00
19608,1479470117,11/18/2016 12:00:00 AM,01:55:17,1.21,47.0,30.423028000868246,27.0,169.88,4.5,06:33:00,17:43:00
19609,1479469819,11/18/2016 12:00:00 AM,01:50:19,1.25,47.0,30.43,28.0,178.43,6.75,06:33:00,17:43:00
19610,1479469521,11/18/2016 12:00:00 AM,01:45:21,1.18,47.0,30.43,27.0,189.45,6.75,06:33:00,17:43:00
19611,1479469220,11/18/2016 12:00:00 AM,01:40:20,1.22,48.0,30.43,27.0,169.81,7.87,06:33:00,17:43:00
19612,1479468917,11/18/2016 12:00:00 AM,01:35:17,1.22,48.0,30.43,27.0,158.35,7.87,06:33:00,17:43:00
19613,1479468618,11/18/2016 12:00:00 AM,01:30:18,1.24,48.0,30.43,27.0,191.27,9.0,06:33:00,17:43:00
19614,1479468320,11/18/2016 12:00:00 AM,01:25:20,1.24,48.0,30.43,27.0,191.37,7.87,06:33:00,17:43:00
19615,1479468021,11/18/2016 12:00:00 AM,01:20:21,1.21,48.0,30.44,29.0,175.43,5.62,06:33:00,17:43:00
19616,1479467719,11/18/2016 12:00:00 AM,01:15:19,1.21,48.0,30.44,27.0,161.55,6.75,06:33:00,17:43:00
19617,1479467420,11/18/2016 12:00:00 AM,01:10:20,1.18,48.0,30.43,26.0,171.63,7.87,06:33:00,17:43:00
19618,1479467124,11/18/2016 12:00:00 AM,01:05:24,1.21,48.0,30.43,26.0,155.12,7.87,06:33:00,17:43:00
19619,1479466821,11/18/2016 12:00:00 AM,01:00:21,1.21,48.0,30.43,25.0,175.05,6.75,06:33:00,17:43:00
19620,1479466517,11/18/2016 12:00:00 AM,00:55:17,1.18,48.0,30.43,24.0,166.74,9.0,06:33:00,17:43:00
19621,1479466218,11/18/2016 12:00:00 AM,00:50:18,1.22,47.0,30.43,24.0,157.26,7.87,06:33:00,17:43:00
19622,1479465921,11/18/2016 12:00:00 AM,00:45:21,1.22,47.0,30.44,23.0,198.36,10.12,06:33:00,17:43:00
19623,1479465620,11/18/2016 12:00:00 AM,00:40:20,1.21,47.0,30.44,22.0,183.31,5.62,06:33:00,17:43:00
19624,1479465320,11/18/2016 12:00:00 AM,00:35:20,1.22,47.0,30.44,23.0,183.93,7.87,06:33:00,17:43:00
19625,1479465018,11/18/2016 12:00:00 AM,00:30:18,1.22,48.0,30.44,23.0,182.51,9.0,06:33:00,17:43:00
19626,1479464723,11/18/2016 12:00:00 AM,00:25:23,1.22,48.0,30.44,22.0,157.81,7.87,06:33:00,17:43:00
19627,1479464418,11/18/2016 12:00:00 AM,00:20:18,1.21,48.0,30.44,22.0,170.48,6.75,06:33:00,17:43:00
19628,1479464121,11/18/2016 12:00:00 AM,00:15:21,1.22,48.0,30.44,22.0,171.88,10.12,06:33:00,17:43:00
19629,1479463818,11/18/2016 12:00:00 AM,00:10:18,1.19,48.0,30.44,22.0,164.55,5.62,06:33:00,17:43:00
19630,1479463519,11/18/2016 12:00:00 AM,00:05:19,1.21,48.0,30.45,22.0,139.58,9.0,06:33:00,17:43:00
19631,1479463217,11/18/2016 12:00:00 AM,00:00:17,1.21,48.0,30.45,23.0,165.46,7.87,06:33:00,17:43:00
19632,1479462919,11/17/2016 12:00:00 AM,23:55:19,1.19,48.0,30.45,23.0,176.17,7.87,06:32:00,17:43:00
19633,1479462625,11/17/2016 12:00:00 AM,23:50:25,1.21,48.0,30.45,22.0,172.35,5.62,06:32:00,17:43:00
19634,1479462318,11/17/2016 12:00:00 AM,23:45:18,1.2,49.0,30.45,22.0,180.35,7.87,06:32:00,17:43:00
19635,1479462018,11/17/2016 12:00:00 AM,23:40:18,1.2,49.0,30.45,21.0,176.46,5.62,06:32:00,17:43:00
19636,1479461718,11/17/2016 12:00:00 AM,23:35:18,1.22,49.0,30.45,22.0,188.52,6.75,06:32:00,17:43:00
19637,1479461421,11/17/2016 12:00:00 AM,23:30:21,1.21,49.0,30.45,21.0,157.23,5.62,06:32:00,17:43:00
19638,1479461121,11/17/2016 12:00:00 AM,23:25:21,1.22,49.0,30.45,22.0,156.61,6.75,06:32:00,17:43:00
19639,1479460817,11/17/2016 12:00:00 AM,23:20:17,1.21,49.0,30.45,21.0,148.69,10.12,06:32:00,17:43:00
19640,1479460521,11/17/2016 12:00:00 AM,23:15:21,1.21,49.0,30.45,21.0,133.51,6.75,06:32:00,17:43:00
19641,1479460218,11/17/2016 12:00:00 AM,23:10:18,1.2,49.0,30.45,22.0,153.29,6.75,06:32:00,17:43:00
19642,1479459918,11/17/2016 12:00:00 AM,23:05:18,1.2,49.0,30.45,22.0,147.99,10.12,06:32:00,17:43:00
19643,1479459621,11/17/2016 12:00:00 AM,23:00:21,1.2,49.0,30.45,21.0,146.67,11.25,06:32:00,17:43:00
19644,1479459318,11/17/2016 12:00:00 AM,22:55:18,1.23,49.0,30.45,21.0,172.73,9.0,06:32:00,17:43:00
19645,1479459021,11/17/2016 12:00:00 AM,22:50:21,1.2,49.0,30.45,21.0,140.07,9.0,06:32:00,17:43:00
19646,1479458722,11/17/2016 12:00:00 AM,22:45:22,1.22,49.0,30.45,21.0,160.2,10.12,06:32:00,17:43:00
19647,1479458421,11/17/2016 12:00:00 AM,22:40:21,1.24,49.0,30.45,21.0,178.8,5.62,06:32:00,17:43:00
19648,1479458117,11/17/2016 12:00:00 AM,22:35:17,1.19,51.16507236474315,30.45,21.0,161.23,4.5,06:32:00,17:43:00
19649,1479457818,11/17/2016 12:00:00 AM,22:30:18,1.22,49.0,30.45,21.0,150.32,12.37,06:32:00,17:43:00
19650,1479457521,11/17/2016 12:00:00 AM,22:25:21,1.21,49.0,30.45,21.0,164.77,5.62,06:32:00,17:43:00
19651,1479457221,11/17/2016 12:00:00 AM,22:20:21,1.25,49.0,30.45,21.0,141.15,11.25,06:32:00,17:43:00
19652,1479456922,11/17/2016 12:00:00 AM,22:15:22,1.23,50.0,30.45,21.0,164.82,7.87,06:32:00,17:43:00
19653,1479456619,11/17/2016 12:00:00 AM,22:10:19,1.19,50.0,30.45,21.0,165.89,10.12,06:32:00,17:43:00
19654,1479456318,11/17/2016 12:00:00 AM,22:05:18,1.23,50.0,30.45,21.0,140.26,5.62,06:32:00,17:43:00
19655,1479456017,11/17/2016 12:00:00 AM,22:00:17,1.19,50.0,30.45,21.0,166.6,6.75,06:32:00,17:43:00
19656,1479455718,11/17/2016 12:00:00 AM,21:55:18,1.22,50.0,30.45,21.0,176.39,10.12,06:32:00,17:43:00
19657,1479455421,11/17/2016 12:00:00 AM,21:50:21,1.25,50.0,30.45,21.0,192.71,10.12,06:32:00,17:43:00
19658,1479455121,11/17/2016 12:00:00 AM,21:45:21,1.24,50.0,30.45,21.0,170.5,10.12,06:32:00,17:43:00
19659,1479454817,11/17/2016 12:00:00 AM,21:40:17,1.22,50.0,30.45,22.0,158.89,10.12,06:32:00,17:43:00
19660,1479454518,11/17/2016 12:00:00 AM,21:35:18,1.22,50.0,30.45,22.0,147.04,10.12,06:32:00,17:43:00
19661,1479454219,11/17/2016 12:00:00 AM,21:30:19,1.21,50.0,30.45,21.0,171.32,6.75,06:32:00,17:43:00
19662,1479453921,11/17/2016 12:00:00 AM,21:25:21,1.19,50.0,30.45,21.0,173.29,6.75,06:32:00,17:43:00
19663,1479453617,11/17/2016 12:00:00 AM,21:20:17,1.21,50.0,30.45,21.0,151.41,10.12,06:32:00,17:43:00
19664,1479453317,11/17/2016 12:00:00 AM,21:15:17,1.2,50.0,30.45,21.0,172.36,10.12,06:32:00,17:43:00
19665,1479453018,11/17/2016 12:00:00 AM,21:10:18,1.23,50.0,30.45,21.0,161.46,9.0,06:32:00,17:43:00
19666,1479452721,11/17/2016 12:00:00 AM,21:05:21,1.23,50.0,30.45,21.0,170.45,7.87,06:32:00,17:43:00
19667,1479452418,11/17/2016 12:00:00 AM,21:00:18,1.22,50.0,30.45,21.0,177.43,10.12,06:32:00,17:43:00
19668,1479452119,11/17/2016 12:00:00 AM,20:55:19,1.21,50.0,30.45,21.0,144.4,5.62,06:32:00,17:43:00
19669,1479451819,11/17/2016 12:00:00 AM,20:50:19,1.23,50.0,30.45,21.0,161.71,7.87,06:32:00,17:43:00
19670,1479451517,11/17/2016 12:00:00 AM,20:45:17,1.22,50.0,30.45,22.0,171.54,6.75,06:32:00,17:43:00
19671,1479451218,11/17/2016 12:00:00 AM,20:40:18,1.26,50.0,30.45,21.0,144.7,6.75,06:32:00,17:43:00
19672,1479450921,11/17/2016 12:00:00 AM,20:35:21,1.24,50.0,30.45,22.0,155.87,7.87,06:32:00,17:43:00
19673,1479450618,11/17/2016 12:00:00 AM,20:30:18,1.21,50.0,30.45,21.0,143.85,9.0,06:32:00,17:43:00
19674,1479450320,11/17/2016 12:00:00 AM,20:25:20,1.23,50.0,30.45,21.0,186.13,10.12,06:32:00,17:43:00
19675,1479450021,11/17/2016 12:00:00 AM,20:20:21,1.22,50.0,30.45,21.0,132.83,9.0,06:32:00,17:43:00
19676,1479449718,11/17/2016 12:00:00 AM,20:15:18,1.24,51.0,30.45,21.0,159.77,9.0,06:32:00,17:43:00
19677,1479449420,11/17/2016 12:00:00 AM,20:10:20,1.21,51.0,30.45,21.0,183.71,9.0,06:32:00,17:43:00
19678,1479449121,11/17/2016 12:00:00 AM,20:05:21,1.22,51.0,30.45,21.0,178.0,6.75,06:32:00,17:43:00
19679,1479448819,11/17/2016 12:00:00 AM,20:00:19,1.21,51.0,30.44,21.0,161.93,5.62,06:32:00,17:43:00
19680,1479448518,11/17/2016 12:00:00 AM,19:55:18,1.22,51.0,30.44,21.0,170.28,10.12,06:32:00,17:43:00
19681,1479448217,11/17/2016 12:00:00 AM,19:50:17,1.22,51.0,30.44,21.0,168.06,6.75,06:32:00,17:43:00
19682,1479447921,11/17/2016 12:00:00 AM,19:45:21,1.23,51.0,30.44,21.0,172.95,6.75,06:32:00,17:43:00
19683,1479447621,11/17/2016 12:00:00 AM,19:40:21,1.23,51.0,30.44,21.0,161.01,9.0,06:32:00,17:43:00
19684,1479447318,11/17/2016 12:00:00 AM,19:35:18,1.22,51.0,30.44,21.0,177.73,9.0,06:32:00,17:43:00
19685,1479447019,11/17/2016 12:00:00 AM,19:30:19,1.24,51.0,30.44,20.0,158.01,6.75,06:32:00,17:43:00
19686,1479446719,11/17/2016 12:00:00 AM,19:25:19,1.21,51.0,30.44,20.0,165.15,9.0,06:32:00,17:43:00
19687,1479446418,11/17/2016 12:00:00 AM,19:20:18,1.22,51.0,30.43,21.0,161.48,6.75,06:32:00,17:43:00
19688,1479446118,11/17/2016 12:00:00 AM,19:15:18,1.21,52.0,30.43,21.0,181.6,6.75,06:32:00,17:43:00
19689,1479445818,11/17/2016 12:00:00 AM,19:10:18,1.22,52.0,30.43,20.0,180.08,5.62,06:32:00,17:43:00
19690,1479445520,11/17/2016 12:00:00 AM,19:05:20,1.23,52.0,30.43,20.0,153.93,3.37,06:32:00,17:43:00
19691,1479445218,11/17/2016 12:00:00 AM,19:00:18,1.24,52.0,30.43,20.0,150.69,7.87,06:32:00,17:43:00
19692,1479444919,11/17/2016 12:00:00 AM,18:55:19,1.3,52.0,30.43,20.0,177.91,7.87,06:32:00,17:43:00
19693,1479444617,11/17/2016 12:00:00 AM,18:50:17,1.27,53.0,30.43,20.0,122.04,6.75,06:32:00,17:43:00
19694,1479444317,11/17/2016 12:00:00 AM,18:45:17,1.25,53.0,30.42,19.0,150.97,6.229096658193317,06:32:00,17:43:00
19695,1479444018,11/17/2016 12:00:00 AM,18:40:18,1.23,53.0,30.42,19.0,142.04,9.0,06:32:00,17:43:00
19696,1479443720,11/17/2016 12:00:00 AM,18:35:20,1.23,53.0,30.42,19.0,147.78,6.75,06:32:00,17:43:00
19697,1479443418,11/17/2016 12:00:00 AM,18:30:18,1.23,53.0,30.42,19.0,122.74,4.5,06:32:00,17:43:00
19698,1479443120,11/17/2016 12:00:00 AM,18:25:20,1.21,54.0,30.42,19.0,157.18,10.12,06:32:00,17:43:00
19699,1479442818,11/17/2016 12:00:00 AM,18:20:18,1.19,54.0,30.42,19.0,171.32,4.5,06:32:00,17:43:00
19700,1479442518,11/17/2016 12:00:00 AM,18:15:18,1.24,54.0,30.42,19.0,151.37,3.37,06:32:00,17:43:00
19701,1479442217,11/17/2016 12:00:00 AM,18:10:17,1.2,54.0,30.41,19.0,117.54,5.62,06:32:00,17:43:00
19702,1479441921,11/17/2016 12:00:00 AM,18:05:21,1.2,54.0,30.41,18.0,144.12,4.5,06:32:00,17:43:00
19703,1479441618,11/17/2016 12:00:00 AM,18:00:18,1.24,55.0,30.41,18.0,163.56,4.5,06:32:00,17:43:00
19704,1479441320,11/17/2016 12:00:00 AM,17:55:20,1.88,55.0,30.41,19.0,159.98,11.25,06:32:00,17:43:00
19705,1479441022,11/17/2016 12:00:00 AM,17:50:22,7.99,55.0,30.42,19.0,145.01,2.25,06:32:00,17:43:00
19706,1479440717,11/17/2016 12:00:00 AM,17:45:17,4.38,56.0,30.41,19.0,137.22,2.25,06:32:00,17:43:00
19707,1479440424,11/17/2016 12:00:00 AM,17:40:24,6.4,56.0,30.41,18.0,100.39,5.62,06:32:00,17:43:00
19708,1479440121,11/17/2016 12:00:00 AM,17:35:21,15.01,56.0,30.41,22.0,62.58,3.37,06:32:00,17:43:00
19709,1479439819,11/17/2016 12:00:00 AM,17:30:19,25.84,56.0,30.41,24.0,70.31,1.12,06:32:00,17:43:00
19710,1479439518,11/17/2016 12:00:00 AM,17:25:18,42.17,57.0,30.41,24.0,75.85,6.75,06:32:00,17:43:00
19711,1479439221,11/17/2016 12:00:00 AM,17:20:21,39.94,57.0,30.41,22.0,107.27,5.62,06:32:00,17:43:00
19712,1479438919,11/17/2016 12:00:00 AM,17:15:19,45.45,58.0,30.41,18.0,96.24,3.37,06:32:00,17:43:00
19713,1479438617,11/17/2016 12:00:00 AM,17:10:17,54.99,58.0,30.4,19.0,59.44,3.37,06:32:00,17:43:00
19714,1479438322,11/17/2016 12:00:00 AM,17:05:22,75.46,58.0,30.4,19.0,68.37,3.37,06:32:00,17:43:00
19715,1479438017,11/17/2016 12:00:00 AM,17:00:17,98.56,58.0,30.4,24.0,143.54770303349548,7.87,06:32:00,17:43:00
19716,1479437718,11/17/2016 12:00:00 AM,16:55:18,117.13,58.0,30.4,27.0,66.18,2.25,06:32:00,17:43:00
19717,1479437419,11/17/2016 12:00:00 AM,16:50:19,208.71,58.0,30.4,31.0,46.15,4.5,06:32:00,17:43:00
19718,1479437117,11/17/2016 12:00:00 AM,16:45:17,129.69,58.0,30.4,31.0,106.21,5.62,06:32:00,17:43:00
19719,1479436821,11/17/2016 12:00:00 AM,16:40:21,182.97,58.0,30.4,32.0,50.0,7.87,06:32:00,17:43:00
19720,1479436518,11/17/2016 12:00:00 AM,16:35:18,141.22,59.0,30.4,31.0,354.22,4.5,06:32:00,17:43:00
19721,1479436217,11/17/2016 12:00:00 AM,16:30:17,191.26,51.16507236474315,30.4,27.0,76.84,10.12,06:32:00,17:43:00
19722,1479435921,11/17/2016 12:00:00 AM,16:25:21,362.8,59.0,30.4,24.0,125.77,5.62,06:32:00,17:43:00
19723,1479435618,11/17/2016 12:00:00 AM,16:20:18,379.67,59.0,30.4,29.0,140.21,4.5,06:32:00,17:43:00
19724,1479435318,11/17/2016 12:00:00 AM,16:15:18,282.85,59.0,30.4,32.0,78.57,5.62,06:32:00,17:43:00
19725,1479435021,11/17/2016 12:00:00 AM,16:10:21,398.47,59.0,30.4,32.0,81.4,5.62,06:32:00,17:43:00
19726,1479434719,11/17/2016 12:00:00 AM,16:05:19,409.1,58.0,30.4,36.0,31.29,6.75,06:32:00,17:43:00
19727,1479434418,11/17/2016 12:00:00 AM,16:00:18,435.02,58.0,30.4,36.0,114.61,6.75,06:32:00,17:43:00
19728,1479434117,11/17/2016 12:00:00 AM,15:55:17,184.34,58.0,30.4,40.0,31.24,11.25,06:32:00,17:43:00
19729,1479433817,11/17/2016 12:00:00 AM,15:50:17,326.45,58.0,30.4,39.0,7.22,3.37,06:32:00,17:43:00
19730,1479433518,11/17/2016 12:00:00 AM,15:45:18,145.36,59.0,30.4,43.0,52.02,10.12,06:32:00,17:43:00
19731,1479433219,11/17/2016 12:00:00 AM,15:40:19,410.68,59.0,30.4,38.0,108.18,6.75,06:32:00,17:43:00
19732,1479432920,11/17/2016 12:00:00 AM,15:35:20,301.7,59.0,30.4,40.0,69.41,7.87,06:32:00,17:43:00
19733,1479432618,11/17/2016 12:00:00 AM,15:30:18,260.0,59.0,30.4,44.0,123.89,2.25,06:32:00,17:43:00
19734,1479432318,11/17/2016 12:00:00 AM,15:25:18,401.86,59.0,30.4,42.0,40.71,2.25,06:32:00,17:43:00
19735,1479432019,11/17/2016 12:00:00 AM,15:20:19,504.03,59.0,30.4,45.0,6.58,6.75,06:32:00,17:43:00
19736,1479431720,11/17/2016 12:00:00 AM,15:15:20,413.27,59.0,30.4,43.0,67.94,5.62,06:32:00,17:43:00
19737,1479431420,11/17/2016 12:00:00 AM,15:10:20,433.19,59.0,30.41,44.0,33.33,10.12,06:32:00,17:43:00
19738,1479431120,11/17/2016 12:00:00 AM,15:05:20,456.62,60.0,30.41,47.0,359.9,3.37,06:32:00,17:43:00
19739,1479430818,11/17/2016 12:00:00 AM,15:00:18,546.8,60.0,30.41,39.0,53.66,11.25,06:32:00,17:43:00
19740,1479430519,11/17/2016 12:00:00 AM,14:55:19,644.77,60.0,30.41,33.0,41.64,7.87,06:32:00,17:43:00
19741,1479430218,11/17/2016 12:00:00 AM,14:50:18,663.61,60.0,30.41,33.0,359.93,3.37,06:32:00,17:43:00
19742,1479429918,11/17/2016 12:00:00 AM,14:45:18,384.92,60.0,30.41,36.0,52.75,10.12,06:32:00,17:43:00
19743,1479429620,11/17/2016 12:00:00 AM,14:40:20,452.09,61.0,30.41,30.0,28.54,5.62,06:32:00,17:43:00
19744,1479429317,11/17/2016 12:00:00 AM,14:35:17,700.73,61.0,30.41,33.0,101.1,5.62,06:32:00,17:43:00
19745,1479429021,11/17/2016 12:00:00 AM,14:30:21,706.07,60.0,30.41,74.83719267708949,44.7,9.0,06:32:00,17:43:00
19746,1479428719,11/17/2016 12:00:00 AM,14:25:19,718.4,60.0,30.41,35.0,29.26,9.0,06:32:00,17:43:00
19747,1479428420,11/17/2016 12:00:00 AM,14:20:20,730.47,60.0,30.41,35.0,45.94,3.37,06:32:00,17:43:00
19748,1479428117,11/17/2016 12:00:00 AM,14:15:17,742.91,61.0,30.41,36.0,344.17,5.62,06:32:00,17:43:00
19749,1479427818,11/17/2016 12:00:00 AM,14:10:18,755.7,61.0,30.41,30.0,48.79,4.5,06:32:00,17:43:00
19750,1479427524,11/17/2016 12:00:00 AM,14:05:24,769.39,61.0,30.41,33.0,66.33,3.37,06:32:00,17:43:00
19751,1479427218,11/17/2016 12:00:00 AM,14:00:18,779.36,61.0,30.41,31.0,7.03,9.0,06:32:00,17:43:00
19752,1479426918,11/17/2016 12:00:00 AM,13:55:18,791.21,61.0,30.41,27.0,19.21,10.12,06:32:00,17:43:00
19753,1479426622,11/17/2016 12:00:00 AM,13:50:22,802.56,61.0,30.41,28.0,83.52,11.25,06:32:00,17:43:00
19754,1479426318,11/17/2016 12:00:00 AM,13:45:18,810.72,61.0,30.41,29.0,30.32,11.25,06:32:00,17:43:00
19755,1479426021,11/17/2016 12:00:00 AM,13:40:21,820.19,61.0,30.41,31.0,10.13,5.62,06:32:00,17:43:00
19756,1479425717,11/17/2016 12:00:00 AM,13:35:17,830.54,61.0,30.42,28.0,97.0,5.62,06:32:00,17:43:00
19757,1479425421,11/17/2016 12:00:00 AM,13:30:21,838.9,61.0,30.42,28.0,28.09,5.62,06:32:00,17:43:00
19758,1479425117,11/17/2016 12:00:00 AM,13:25:17,846.61,62.0,30.42,26.0,16.6,13.5,06:32:00,17:43:00
19759,1479424817,11/17/2016 12:00:00 AM,13:20:17,856.34,62.0,30.42,25.0,17.33,9.0,06:32:00,17:43:00
19760,1479424517,11/17/2016 12:00:00 AM,13:15:17,862.66,61.0,30.42,25.0,88.57,7.87,06:32:00,17:43:00
19761,1479424218,11/17/2016 12:00:00 AM,13:10:18,870.22,61.0,30.42,25.0,92.66,15.75,06:32:00,17:43:00
19762,1479423920,11/17/2016 12:00:00 AM,13:05:20,877.55,61.0,30.42,27.0,32.11,5.62,06:32:00,17:43:00
19763,1479423618,11/17/2016 12:00:00 AM,13:00:18,885.28,61.0,30.42,29.0,35.27,12.37,06:32:00,17:43:00
19764,1479423320,11/17/2016 12:00:00 AM,12:55:20,886.25,61.0,30.42,32.0,47.43,11.25,06:32:00,17:43:00
19765,1479423018,11/17/2016 12:00:00 AM,12:50:18,889.58,61.0,30.43,33.0,43.99,13.5,06:32:00,17:43:00
19766,1479422717,11/17/2016 12:00:00 AM,12:45:17,894.9,61.0,30.43,29.0,38.88,4.5,06:32:00,17:43:00
19767,1479422418,11/17/2016 12:00:00 AM,12:40:18,899.59,61.0,30.43,27.0,80.12,13.5,06:32:00,17:43:00
19768,1479422120,11/17/2016 12:00:00 AM,12:35:20,902.23,61.0,30.43,28.0,350.22,6.75,06:32:00,17:43:00
19769,1479421817,11/17/2016 12:00:00 AM,12:30:17,906.21,61.0,30.43,27.0,359.91,7.87,06:32:00,17:43:00
19770,1479421517,11/17/2016 12:00:00 AM,12:25:17,908.22,61.0,30.43,27.0,75.46,3.37,06:32:00,17:43:00
19771,1479421219,11/17/2016 12:00:00 AM,12:20:19,908.85,61.0,30.43,28.0,53.8,13.5,06:32:00,17:43:00
19772,1479420920,11/17/2016 12:00:00 AM,12:15:20,909.59,60.0,30.43,26.0,70.44,13.5,06:32:00,17:43:00
19773,1479420617,11/17/2016 12:00:00 AM,12:10:17,910.0,60.0,30.44,28.0,109.35,9.0,06:32:00,17:43:00
19774,1479420317,11/17/2016 12:00:00 AM,12:05:17,909.06,61.0,30.44,29.0,336.24,13.5,06:32:00,17:43:00
19775,1479420020,11/17/2016 12:00:00 AM,12:00:20,907.3,60.0,30.44,30.0,224.87,4.5,06:32:00,17:43:00
19776,1479419723,11/17/2016 12:00:00 AM,11:55:23,906.24,60.0,30.44,31.0,7.23,3.37,06:32:00,17:43:00
19777,1479419417,11/17/2016 12:00:00 AM,11:50:17,906.82,59.0,30.44,30.0,354.93,4.5,06:32:00,17:43:00
19778,1479419117,11/17/2016 12:00:00 AM,11:45:17,902.24,59.0,30.44,31.0,45.59,10.12,06:32:00,17:43:00
19779,1479418818,11/17/2016 12:00:00 AM,11:40:18,907.74,59.0,30.45,30.0,143.54770303349548,9.0,06:32:00,17:43:00
19780,1479418518,11/17/2016 12:00:00 AM,11:35:18,899.81,59.0,30.45,74.83719267708949,50.27,12.37,06:32:00,17:43:00
19781,1479418218,11/17/2016 12:00:00 AM,11:30:18,901.66,59.0,30.45,28.0,66.05,13.5,06:32:00,17:43:00
19782,1479417919,11/17/2016 12:00:00 AM,11:25:19,936.01,59.0,30.45,26.0,10.67,9.0,06:32:00,17:43:00
19783,1479417618,11/17/2016 12:00:00 AM,11:20:18,364.28,59.0,30.45,24.0,11.58,9.0,06:32:00,17:43:00
19784,1479417318,11/17/2016 12:00:00 AM,11:15:18,359.47,60.0,30.45,24.0,1.35,11.25,06:32:00,17:43:00
19785,1479417024,11/17/2016 12:00:00 AM,11:10:24,881.1,60.0,30.45,22.0,38.98,6.75,06:32:00,17:43:00
19786,1479416720,11/17/2016 12:00:00 AM,11:05:20,910.28,60.0,30.46,23.0,52.01,15.75,06:32:00,17:43:00
19787,1479416417,11/17/2016 12:00:00 AM,11:00:17,893.05,61.0,30.46,21.0,327.65,9.0,06:32:00,17:43:00
19788,1479416122,11/17/2016 12:00:00 AM,10:55:22,865.58,62.0,30.45,21.0,18.48,5.62,06:32:00,17:43:00
19789,1479415820,11/17/2016 12:00:00 AM,10:50:20,863.68,62.0,30.45,22.0,359.93,3.37,06:32:00,17:43:00
19790,1479415517,11/17/2016 12:00:00 AM,10:45:17,846.02,61.0,30.45,22.0,5.04,10.12,06:32:00,17:43:00
19791,1479415217,11/17/2016 12:00:00 AM,10:40:17,850.56,60.0,30.45,21.0,84.58,5.62,06:32:00,17:43:00
19792,1479414920,11/17/2016 12:00:00 AM,10:35:20,643.95,60.0,30.46,21.0,29.49,1.12,06:32:00,17:43:00
19793,1479414617,11/17/2016 12:00:00 AM,10:30:17,376.85,60.0,30.46,20.0,35.27,6.75,06:32:00,17:43:00
19794,1479414317,11/17/2016 12:00:00 AM,10:25:17,883.37,60.0,30.46,20.0,154.28,6.75,06:32:00,17:43:00
19795,1479414017,11/17/2016 12:00:00 AM,10:20:17,862.97,59.0,30.46,21.0,49.73,3.37,06:32:00,17:43:00
19796,1479413718,11/17/2016 12:00:00 AM,10:15:18,633.64,59.0,30.46,20.0,29.84,5.62,06:32:00,17:43:00
19797,1479413420,11/17/2016 12:00:00 AM,10:10:20,783.55,59.0,30.46,21.0,182.29,5.62,06:32:00,17:43:00
19798,1479413117,11/17/2016 12:00:00 AM,10:05:17,761.93,58.0,30.46,21.0,58.41,6.75,06:32:00,17:43:00
19799,1479412833,11/17/2016 12:00:00 AM,10:00:33,746.9,58.0,30.47,22.0,101.33,5.62,06:32:00,17:43:00
19800,1479412502,11/17/2016 12:00:00 AM,09:55:02,735.29,58.0,30.47,22.0,30.61,7.87,06:32:00,17:43:00
19801,1479412202,11/17/2016 12:00:00 AM,09:50:02,734.2,57.0,30.47,23.0,81.27,6.75,06:32:00,17:43:00
19802,1479411902,11/17/2016 12:00:00 AM,09:45:02,653.88,57.0,30.46,25.0,89.74,9.0,06:32:00,17:43:00
19803,1479411601,11/17/2016 12:00:00 AM,09:40:01,214.23,58.0,30.46,24.0,95.12,3.37,06:32:00,17:43:00
19804,1479411304,11/17/2016 12:00:00 AM,09:35:04,393.84,58.0,30.47,25.0,72.68,9.0,06:32:00,17:43:00
19805,1479411003,11/17/2016 12:00:00 AM,09:30:03,725.89,58.0,30.423028000868246,24.0,32.99,5.62,06:32:00,17:43:00
19806,1479410703,11/17/2016 12:00:00 AM,09:25:03,643.6,58.0,30.47,23.0,6.52,5.62,06:32:00,17:43:00
19807,1479410403,11/17/2016 12:00:00 AM,09:20:03,653.11,58.0,30.46,23.0,35.91,7.87,06:32:00,17:43:00
19808,1479410103,11/17/2016 12:00:00 AM,09:15:03,622.58,58.0,30.46,23.0,211.0,7.87,06:32:00,17:43:00
19809,1479409806,11/17/2016 12:00:00 AM,09:10:06,602.81,58.0,30.46,24.0,49.38,7.87,06:32:00,17:43:00
19810,1479409517,11/17/2016 12:00:00 AM,09:05:17,585.31,58.0,30.46,25.0,0.11,5.62,06:32:00,17:43:00
19811,1479409204,11/17/2016 12:00:00 AM,09:00:04,565.83,59.0,30.46,24.0,86.58,5.62,06:32:00,17:43:00
19812,1479408921,11/17/2016 12:00:00 AM,08:55:21,549.52,59.0,30.46,25.0,36.74,10.12,06:32:00,17:43:00
19813,1479408602,11/17/2016 12:00:00 AM,08:50:02,530.36,58.0,30.46,24.0,73.23,2.25,06:32:00,17:43:00
19814,1479408303,11/17/2016 12:00:00 AM,08:45:03,512.25,58.0,30.46,24.0,85.02,3.37,06:32:00,17:43:00
19815,1479408005,11/17/2016 12:00:00 AM,08:40:05,494.5,58.0,30.46,24.0,51.7,11.25,06:32:00,17:43:00
19816,1479407703,11/17/2016 12:00:00 AM,08:35:03,477.59,59.0,30.46,23.0,50.33,10.12,06:32:00,17:43:00
19817,1479407401,11/17/2016 12:00:00 AM,08:30:01,459.1,60.0,30.45,21.0,36.97,6.75,06:32:00,17:43:00
19818,1479407101,11/17/2016 12:00:00 AM,08:25:01,440.36,61.0,30.45,13.0,130.32,18.0,06:32:00,17:43:00
19819,1479406803,11/17/2016 12:00:00 AM,08:20:03,421.64,60.0,30.45,13.0,159.46,12.37,06:32:00,17:43:00
19820,1479406502,11/17/2016 12:00:00 AM,08:15:02,402.11,59.0,30.45,15.0,105.52,9.0,06:32:00,17:43:00
19821,1479406204,11/17/2016 12:00:00 AM,08:10:04,382.78,59.0,30.45,15.0,144.16,15.75,06:32:00,17:43:00
19822,1479405904,11/17/2016 12:00:00 AM,08:05:04,363.13,59.0,30.45,15.0,138.54,10.12,06:32:00,17:43:00
19823,1479405601,11/17/2016 12:00:00 AM,08:00:01,341.47,58.0,30.45,15.0,168.37,3.37,06:32:00,17:43:00
19824,1479405302,11/17/2016 12:00:00 AM,07:55:02,317.48,57.0,30.45,15.0,171.51,6.75,06:32:00,17:43:00
19825,1479405002,11/17/2016 12:00:00 AM,07:50:02,292.02,56.0,30.44,16.0,124.99,10.12,06:32:00,17:43:00
19826,1479404704,11/17/2016 12:00:00 AM,07:45:04,263.89,56.0,30.44,16.0,173.18,4.5,06:32:00,17:43:00
19827,1479404401,11/17/2016 12:00:00 AM,07:40:01,24.27,55.0,30.44,16.0,161.3,9.0,06:32:00,17:43:00
19828,1479404102,11/17/2016 12:00:00 AM,07:35:02,23.27,54.0,30.44,17.0,159.71,13.5,06:32:00,17:43:00
19829,1479403805,11/17/2016 12:00:00 AM,07:30:05,23.01,54.0,30.44,17.0,183.45,9.0,06:32:00,17:43:00
19830,1479403503,11/17/2016 12:00:00 AM,07:25:03,21.58,53.0,30.44,18.0,156.52,4.5,06:32:00,17:43:00
19831,1479403201,11/17/2016 12:00:00 AM,07:20:01,20.5,53.0,30.44,19.0,162.9,13.5,06:32:00,17:43:00
19832,1479402901,11/17/2016 12:00:00 AM,07:15:01,19.47,53.0,30.44,19.0,166.59,11.25,06:32:00,17:43:00
19833,1479402603,11/17/2016 12:00:00 AM,07:10:03,18.51,53.0,30.44,19.0,146.92,9.0,06:32:00,17:43:00
19834,1479402302,11/17/2016 12:00:00 AM,07:05:02,17.48,53.0,30.43,19.0,161.51,4.5,06:32:00,17:43:00
19835,1479402004,11/17/2016 12:00:00 AM,07:00:04,16.38,53.0,30.43,19.0,126.67,6.229096658193317,06:32:00,17:43:00
19836,1479401702,11/17/2016 12:00:00 AM,06:55:02,15.57,52.0,30.43,19.0,157.16,5.62,06:32:00,17:43:00
19837,1479401406,11/17/2016 12:00:00 AM,06:50:06,16.05,52.0,30.43,20.0,143.6,11.25,06:32:00,17:43:00
19838,1479401102,11/17/2016 12:00:00 AM,06:45:02,15.77,51.0,30.43,20.0,163.41,3.37,06:32:00,17:43:00
19839,1479400801,11/17/2016 12:00:00 AM,06:40:01,13.48,51.0,30.43,21.0,125.6,12.37,06:32:00,17:43:00
19840,1479400504,11/17/2016 12:00:00 AM,06:35:04,8.22,51.0,30.43,20.0,157.22,15.75,06:32:00,17:43:00
19841,1479400205,11/17/2016 12:00:00 AM,06:30:05,3.71,51.0,30.43,20.0,176.73,14.62,06:32:00,17:43:00
19842,1479399907,11/17/2016 12:00:00 AM,06:25:07,2.94,51.0,30.43,20.0,120.55,10.12,06:32:00,17:43:00
19843,1479399601,11/17/2016 12:00:00 AM,06:20:01,3.07,51.0,30.42,20.0,150.01,9.0,06:32:00,17:43:00
19844,1479399302,11/17/2016 12:00:00 AM,06:15:02,1.24,51.0,30.43,20.0,146.38,10.12,06:32:00,17:43:00
19845,1479399002,11/17/2016 12:00:00 AM,06:10:02,1.23,51.0,30.42,20.0,169.06,16.87,06:32:00,17:43:00
19846,1479398702,11/17/2016 12:00:00 AM,06:05:02,1.21,51.0,30.42,20.0,163.91,15.75,06:32:00,17:43:00
19847,1479398401,11/17/2016 12:00:00 AM,06:00:01,1.23,52.0,30.43,20.0,192.09,7.87,06:32:00,17:43:00
19848,1479398105,11/17/2016 12:00:00 AM,05:55:05,1.22,52.0,30.42,20.0,195.16,12.37,06:32:00,17:43:00
19849,1479397802,11/17/2016 12:00:00 AM,05:50:02,1.2,52.0,30.42,20.0,145.13,9.0,06:32:00,17:43:00
19850,1479397502,11/17/2016 12:00:00 AM,05:45:02,1.25,52.0,30.42,20.0,159.79,12.37,06:32:00,17:43:00
19851,1479397201,11/17/2016 12:00:00 AM,05:40:01,1.18,52.0,30.42,20.0,147.68,18.0,06:32:00,17:43:00
19852,1479396904,11/17/2016 12:00:00 AM,05:35:04,1.25,51.16507236474315,30.42,20.0,162.24,10.12,06:32:00,17:43:00
19853,1479396601,11/17/2016 12:00:00 AM,05:30:01,1.21,52.0,30.42,20.0,135.75,10.12,06:32:00,17:43:00
19854,1479396302,11/17/2016 12:00:00 AM,05:25:02,1.22,52.0,30.42,21.0,179.05,9.0,06:32:00,17:43:00
19855,1479396002,11/17/2016 12:00:00 AM,05:20:02,1.24,52.0,30.42,20.0,169.78,11.25,06:32:00,17:43:00
19856,1479395701,11/17/2016 12:00:00 AM,05:15:01,1.2,52.0,30.41,20.0,139.19,15.75,06:32:00,17:43:00
19857,1479395401,11/17/2016 12:00:00 AM,05:10:01,1.22,52.0,30.41,20.0,156.32,10.12,06:32:00,17:43:00
19858,1479395102,11/17/2016 12:00:00 AM,05:05:02,1.26,52.0,30.41,20.0,164.78,19.12,06:32:00,17:43:00
19859,1479394802,11/17/2016 12:00:00 AM,05:00:02,1.25,52.0,30.41,21.0,153.55,13.5,06:32:00,17:43:00
19860,1479394501,11/17/2016 12:00:00 AM,04:55:01,1.24,52.0,30.41,21.0,162.1,13.5,06:32:00,17:43:00
19861,1479394201,11/17/2016 12:00:00 AM,04:50:01,1.23,52.0,30.41,20.0,126.55,7.87,06:32:00,17:43:00
19862,1479393902,11/17/2016 12:00:00 AM,04:45:02,1.21,52.0,30.42,20.0,181.1,6.75,06:32:00,17:43:00
19863,1479393602,11/17/2016 12:00:00 AM,04:40:02,1.18,52.0,30.41,21.0,169.41,13.5,06:32:00,17:43:00
19864,1479393302,11/17/2016 12:00:00 AM,04:35:02,1.25,52.0,30.41,21.0,148.63,7.87,06:32:00,17:43:00
19865,1479393004,11/17/2016 12:00:00 AM,04:30:04,1.24,52.0,30.41,20.0,107.66,12.37,06:32:00,17:43:00
19866,1479392705,11/17/2016 12:00:00 AM,04:25:05,1.22,52.0,30.41,21.0,165.16,7.87,06:32:00,17:43:00
19867,1479392402,11/17/2016 12:00:00 AM,04:20:02,1.2,52.0,30.41,21.0,133.75,7.87,06:32:00,17:43:00
19868,1479392101,11/17/2016 12:00:00 AM,04:15:01,1.24,52.0,30.41,21.0,160.96,10.12,06:32:00,17:43:00
19869,1479391801,11/17/2016 12:00:00 AM,04:10:01,1.21,52.0,30.41,20.0,178.18,11.25,06:32:00,17:43:00
19870,1479391502,11/17/2016 12:00:00 AM,04:05:02,1.22,52.0,30.41,20.0,149.06,6.75,06:32:00,17:43:00
19871,1479391202,11/17/2016 12:00:00 AM,04:00:02,1.25,52.0,30.41,20.0,159.16,12.37,06:32:00,17:43:00
19872,1479390907,11/17/2016 12:00:00 AM,03:55:07,1.24,52.0,30.41,20.0,167.62,18.0,06:32:00,17:43:00
19873,1479390601,11/17/2016 12:00:00 AM,03:50:01,1.22,52.0,30.41,20.0,172.81,13.5,06:32:00,17:43:00
19874,1479390309,11/17/2016 12:00:00 AM,03:45:09,1.24,52.0,30.41,20.0,183.9,12.37,06:32:00,17:43:00
19875,1479390002,11/17/2016 12:00:00 AM,03:40:02,1.16,52.0,30.41,20.0,181.29,12.37,06:32:00,17:43:00
19876,1479389705,11/17/2016 12:00:00 AM,03:35:05,1.26,52.0,30.41,20.0,176.88,15.75,06:32:00,17:43:00
19877,1479389405,11/17/2016 12:00:00 AM,03:30:05,1.24,52.0,30.4,20.0,169.65,21.37,06:32:00,17:43:00
19878,1479389101,11/17/2016 12:00:00 AM,03:25:01,1.23,52.0,30.41,21.0,136.05,9.0,06:32:00,17:43:00
19879,1479388802,11/17/2016 12:00:00 AM,03:20:02,1.24,52.0,30.4,22.0,169.12,15.75,06:32:00,17:43:00
19880,1479388503,11/17/2016 12:00:00 AM,03:15:03,1.21,52.0,30.41,22.0,134.6,11.25,06:32:00,17:43:00
19881,1479388202,11/17/2016 12:00:00 AM,03:10:02,1.26,52.0,30.4,21.0,121.54,14.62,06:32:00,17:43:00
19882,1479387904,11/17/2016 12:00:00 AM,03:05:04,1.23,52.0,30.41,21.0,136.75,11.25,06:32:00,17:43:00
19883,1479387605,11/17/2016 12:00:00 AM,03:00:05,1.22,52.0,30.4,21.0,195.03,13.5,06:32:00,17:43:00
19884,1479387302,11/17/2016 12:00:00 AM,02:55:02,1.21,51.0,30.41,20.0,168.54,6.75,06:32:00,17:43:00
19885,1479387008,11/17/2016 12:00:00 AM,02:50:08,1.21,51.0,30.41,21.0,164.83,10.12,06:32:00,17:43:00
19886,1479386702,11/17/2016 12:00:00 AM,02:45:02,1.24,52.0,30.41,22.0,158.13,11.25,06:32:00,17:43:00
19887,1479386403,11/17/2016 12:00:00 AM,02:40:03,1.24,52.0,30.41,21.0,136.52,7.87,06:32:00,17:43:00
19888,1479386101,11/17/2016 12:00:00 AM,02:35:01,1.23,52.0,30.41,21.0,149.93,6.75,06:32:00,17:43:00
19889,1479385801,11/17/2016 12:00:00 AM,02:30:01,1.2,52.0,30.41,21.0,141.38,5.62,06:32:00,17:43:00
19890,1479385502,11/17/2016 12:00:00 AM,02:25:02,1.22,52.0,30.41,21.0,185.03,6.75,06:32:00,17:43:00
19891,1479385202,11/17/2016 12:00:00 AM,02:20:02,1.24,52.0,30.41,21.0,182.44,11.25,06:32:00,17:43:00
19892,1479384905,11/17/2016 12:00:00 AM,02:15:05,1.26,52.0,30.41,21.0,175.78,12.37,06:32:00,17:43:00
19893,1479384604,11/17/2016 12:00:00 AM,02:10:04,1.24,52.0,30.41,21.0,182.16,12.37,06:32:00,17:43:00
19894,1479384302,11/17/2016 12:00:00 AM,02:05:02,1.27,52.0,30.41,22.0,133.64,15.75,06:32:00,17:43:00
19895,1479384002,11/17/2016 12:00:00 AM,02:00:02,1.3,52.0,30.41,22.0,166.72,19.12,06:32:00,17:43:00
19896,1479383704,11/17/2016 12:00:00 AM,01:55:04,1.22,52.0,30.41,22.0,144.01,14.62,06:32:00,17:43:00
19897,1479383405,11/17/2016 12:00:00 AM,01:50:05,1.24,52.0,30.41,23.0,160.58,19.12,06:32:00,17:43:00
19898,1479383102,11/17/2016 12:00:00 AM,01:45:02,1.23,51.0,30.41,22.0,187.03,14.62,06:32:00,17:43:00
19899,1479382802,11/17/2016 12:00:00 AM,01:40:02,1.2,51.0,30.41,23.0,171.61,14.62,06:32:00,17:43:00
19900,1479382502,11/17/2016 12:00:00 AM,01:35:02,1.22,51.0,30.42,23.0,143.54770303349548,18.0,06:32:00,17:43:00
19901,1479382204,11/17/2016 12:00:00 AM,01:30:04,1.23,51.0,30.42,23.0,153.21,7.87,06:32:00,17:43:00
19902,1479381901,11/17/2016 12:00:00 AM,01:25:01,1.2,51.0,30.42,23.0,172.66,4.5,06:32:00,17:43:00
19903,1479381603,11/17/2016 12:00:00 AM,01:20:03,1.22,51.0,30.42,23.0,138.9,13.5,06:32:00,17:43:00
19904,1479381302,11/17/2016 12:00:00 AM,01:15:02,1.22,51.0,30.42,23.0,120.4,12.37,06:32:00,17:43:00
19905,1479381004,11/17/2016 12:00:00 AM,01:10:04,1.23,51.0,30.42,23.0,153.15,23.62,06:32:00,17:43:00
19906,1479380705,11/17/2016 12:00:00 AM,01:05:05,1.21,51.0,30.42,23.0,180.13,22.5,06:32:00,17:43:00
19907,1479380402,11/17/2016 12:00:00 AM,01:00:02,1.22,51.0,30.42,23.0,173.14,15.75,06:32:00,17:43:00
19908,1479380102,11/17/2016 12:00:00 AM,00:55:02,1.24,51.0,30.42,23.0,157.94,10.12,06:32:00,17:43:00
19909,1479379804,11/17/2016 12:00:00 AM,00:50:04,1.26,51.0,30.42,23.0,155.71,13.5,06:32:00,17:43:00
19910,1479379501,11/17/2016 12:00:00 AM,00:45:01,1.24,51.0,30.42,23.0,156.14,18.0,06:32:00,17:43:00
19911,1479379202,11/17/2016 12:00:00 AM,00:40:02,1.23,51.0,30.43,22.0,162.08,16.87,06:32:00,17:43:00
19912,1479378902,11/17/2016 12:00:00 AM,00:35:02,1.25,51.0,30.43,22.0,153.4,14.62,06:32:00,17:43:00
19913,1479378602,11/17/2016 12:00:00 AM,00:30:02,1.22,52.0,30.43,22.0,174.15,16.87,06:32:00,17:43:00
19914,1479378302,11/17/2016 12:00:00 AM,00:25:02,1.21,51.0,30.43,22.0,126.23,16.87,06:32:00,17:43:00
19915,1479378002,11/17/2016 12:00:00 AM,00:20:02,1.23,52.0,30.43,22.0,166.79,15.75,06:32:00,17:43:00
19916,1479377705,11/17/2016 12:00:00 AM,00:15:05,1.22,52.0,30.43,22.0,199.1,16.87,06:32:00,17:43:00
19917,1479377414,11/17/2016 12:00:00 AM,00:10:14,1.24,52.0,30.43,21.0,148.94,12.37,06:32:00,17:43:00
19918,1479377105,11/17/2016 12:00:00 AM,00:05:05,1.22,51.0,30.43,21.0,180.35,16.87,06:32:00,17:43:00
19919,1479376803,11/17/2016 12:00:00 AM,00:00:03,1.22,51.0,30.43,22.0,135.75,16.87,06:32:00,17:43:00
19920,1479376502,11/16/2016 12:00:00 AM,23:55:02,1.21,51.0,30.43,22.0,161.88,13.5,06:32:00,17:43:00
19921,1479376202,11/16/2016 12:00:00 AM,23:50:02,1.22,51.0,30.43,23.0,155.56,11.25,06:32:00,17:43:00
19922,1479375901,11/16/2016 12:00:00 AM,23:45:01,1.22,51.0,30.43,23.0,154.16,13.5,06:32:00,17:43:00
19923,1479375602,11/16/2016 12:00:00 AM,23:40:02,1.21,51.0,30.43,23.0,117.55,9.0,06:32:00,17:43:00
19924,1479375305,11/16/2016 12:00:00 AM,23:35:05,1.23,51.0,30.43,23.0,136.28,13.5,06:32:00,17:43:00
19925,1479375003,11/16/2016 12:00:00 AM,23:30:03,1.21,51.0,30.43,24.0,166.17,11.25,06:32:00,17:43:00
19926,1479374702,11/16/2016 12:00:00 AM,23:25:02,1.24,51.0,30.43,24.0,156.3,15.75,06:32:00,17:43:00
19927,1479374401,11/16/2016 12:00:00 AM,23:20:01,1.23,50.0,30.43,26.0,147.45,16.87,06:32:00,17:43:00
19928,1479374102,11/16/2016 12:00:00 AM,23:15:02,1.22,50.0,30.44,27.0,167.0,14.62,06:32:00,17:43:00
19929,1479373802,11/16/2016 12:00:00 AM,23:10:02,1.23,50.0,30.43,27.0,161.5,12.37,06:32:00,17:43:00
19930,1479373501,11/16/2016 12:00:00 AM,23:05:01,1.22,50.0,30.43,27.0,163.97,13.5,06:32:00,17:43:00
19931,1479373202,11/16/2016 12:00:00 AM,23:00:02,1.23,50.0,30.43,28.0,166.91,9.0,06:32:00,17:43:00
19932,1479372902,11/16/2016 12:00:00 AM,22:55:02,1.22,50.0,30.44,28.0,146.96,12.37,06:32:00,17:43:00
19933,1479372605,11/16/2016 12:00:00 AM,22:50:05,1.19,50.0,30.44,29.0,153.59,11.25,06:32:00,17:43:00
19934,1479372302,11/16/2016 12:00:00 AM,22:45:02,1.21,49.0,30.44,31.0,121.12,19.12,06:32:00,17:43:00
19935,1479372002,11/16/2016 12:00:00 AM,22:40:02,1.2,48.0,30.44,34.0,161.36,14.62,06:32:00,17:43:00
19936,1479371701,11/16/2016 12:00:00 AM,22:35:01,1.24,47.0,30.44,38.0,175.32,6.75,06:32:00,17:43:00
19937,1479371401,11/16/2016 12:00:00 AM,22:30:01,1.2,44.0,30.44,48.0,128.11,10.12,06:32:00,17:43:00
19938,1479371102,11/16/2016 12:00:00 AM,22:25:02,1.2,44.0,30.44,81.0,146.06,9.0,06:32:00,17:43:00
19939,1479370802,11/16/2016 12:00:00 AM,22:20:02,1.19,44.0,30.44,80.0,141.18,1.12,06:32:00,17:43:00
19940,1479370501,11/16/2016 12:00:00 AM,22:15:01,1.22,45.0,30.44,83.0,146.99,5.62,06:32:00,17:43:00
19941,1479370204,11/16/2016 12:00:00 AM,22:10:04,1.22,45.0,30.44,68.0,142.43,4.5,06:32:00,17:43:00
19942,1479369902,11/16/2016 12:00:00 AM,22:05:02,1.19,45.0,30.44,64.0,93.26,6.75,06:32:00,17:43:00
19943,1479369602,11/16/2016 12:00:00 AM,22:00:02,1.21,45.0,30.45,70.0,47.49,9.0,06:32:00,17:43:00
19944,1479369301,11/16/2016 12:00:00 AM,21:55:01,1.17,45.0,30.44,81.0,118.71,3.37,06:32:00,17:43:00
19945,1479369003,11/16/2016 12:00:00 AM,21:50:03,1.18,45.0,30.44,91.0,87.8,4.5,06:32:00,17:43:00
19946,1479368702,11/16/2016 12:00:00 AM,21:45:02,1.22,45.0,30.44,95.0,65.14,4.5,06:32:00,17:43:00
19947,1479368401,11/16/2016 12:00:00 AM,21:40:01,1.21,45.0,30.44,95.0,222.07,3.37,06:32:00,17:43:00
19948,1479368103,11/16/2016 12:00:00 AM,21:35:03,1.2,45.0,30.44,96.0,45.22,1.12,06:32:00,17:43:00
19949,1479367802,11/16/2016 12:00:00 AM,21:30:02,1.19,44.0,30.44,96.0,116.64,9.0,06:32:00,17:43:00
19950,1479367504,11/16/2016 12:00:00 AM,21:25:04,1.21,44.0,30.44,97.0,0.72,5.62,06:32:00,17:43:00
19951,1479367201,11/16/2016 12:00:00 AM,21:20:01,1.2,45.0,30.44,97.0,95.44,10.12,06:32:00,17:43:00
19952,1479366902,11/16/2016 12:00:00 AM,21:15:02,1.24,45.0,30.45,96.0,100.23,2.25,06:32:00,17:43:00
19953,1479366603,11/16/2016 12:00:00 AM,21:10:03,1.22,45.0,30.45,95.0,85.59,12.37,06:32:00,17:43:00
19954,1479366302,11/16/2016 12:00:00 AM,21:05:02,1.22,46.0,30.45,94.0,104.52,7.87,06:32:00,17:43:00
19955,1479366004,11/16/2016 12:00:00 AM,21:00:04,1.2,47.0,30.44,91.0,177.93,6.75,06:32:00,17:43:00
19956,1479365702,11/16/2016 12:00:00 AM,20:55:02,1.2,46.0,30.44,90.0,67.43,9.0,06:32:00,17:43:00
19957,1479365404,11/16/2016 12:00:00 AM,20:50:04,1.22,46.0,30.44,77.0,125.3,4.5,06:32:00,17:43:00
19958,1479365102,11/16/2016 12:00:00 AM,20:45:02,1.2,46.0,30.44,88.0,147.68,10.12,06:32:00,17:43:00
19959,1479364802,11/16/2016 12:00:00 AM,20:40:02,1.21,46.0,30.45,94.0,81.58,7.87,06:32:00,17:43:00
19960,1479364502,11/16/2016 12:00:00 AM,20:35:02,1.17,46.0,30.45,95.0,103.16,5.62,06:32:00,17:43:00
19961,1479364204,11/16/2016 12:00:00 AM,20:30:04,1.23,46.0,30.44,94.0,126.47,9.0,06:32:00,17:43:00
19962,1479363901,11/16/2016 12:00:00 AM,20:25:01,1.21,46.0,30.44,93.0,150.93,7.87,06:32:00,17:43:00
19963,1479363602,11/16/2016 12:00:00 AM,20:20:02,1.23,46.0,30.44,95.0,156.88,13.5,06:32:00,17:43:00
19964,1479363302,11/16/2016 12:00:00 AM,20:15:02,1.17,46.0,30.45,95.0,61.44,5.62,06:32:00,17:43:00
19965,1479363003,11/16/2016 12:00:00 AM,20:10:03,1.2,46.0,30.44,94.0,74.42,11.25,06:32:00,17:43:00
19966,1479362704,11/16/2016 12:00:00 AM,20:05:04,1.23,46.0,30.44,92.0,202.01,5.62,06:32:00,17:43:00
19967,1479362401,11/16/2016 12:00:00 AM,20:00:01,1.23,46.0,30.44,90.0,152.39,7.87,06:32:00,17:43:00
19968,1479362104,11/16/2016 12:00:00 AM,19:55:04,1.18,47.0,30.44,87.0,98.36,7.87,06:32:00,17:43:00
19969,1479361802,11/16/2016 12:00:00 AM,19:50:02,1.23,47.0,30.44,81.0,52.13,6.75,06:32:00,17:43:00
19970,1479361502,11/16/2016 12:00:00 AM,19:45:02,1.2,47.0,30.44,83.0,121.37,7.87,06:32:00,17:43:00
19971,1479361202,11/16/2016 12:00:00 AM,19:40:02,1.2,48.0,30.44,80.0,359.2,5.62,06:32:00,17:43:00
19972,1479360901,11/16/2016 12:00:00 AM,19:35:01,1.23,48.0,30.44,78.0,111.9,5.62,06:32:00,17:43:00
19973,1479360602,11/16/2016 12:00:00 AM,19:30:02,1.19,48.0,30.44,66.0,121.37,5.62,06:32:00,17:43:00
19974,1479360303,11/16/2016 12:00:00 AM,19:25:03,1.18,47.0,30.44,84.0,96.01,6.75,06:32:00,17:43:00
19975,1479360001,11/16/2016 12:00:00 AM,19:20:01,1.21,48.0,30.44,84.0,327.81,5.62,06:32:00,17:43:00
19976,1479359702,11/16/2016 12:00:00 AM,19:15:02,1.23,49.0,30.44,78.0,90.31,5.62,06:32:00,17:43:00
19977,1479359402,11/16/2016 12:00:00 AM,19:10:02,1.18,50.0,30.43,68.0,69.8,11.25,06:32:00,17:43:00
19978,1479359102,11/16/2016 12:00:00 AM,19:05:02,1.25,53.0,30.44,57.0,108.44,10.12,06:32:00,17:43:00
19979,1479358805,11/16/2016 12:00:00 AM,19:00:05,1.26,54.0,30.44,25.0,121.58,3.37,06:32:00,17:43:00
19980,1479358502,11/16/2016 12:00:00 AM,18:55:02,1.24,54.0,30.43,23.0,162.36,10.12,06:32:00,17:43:00
19981,1479358201,11/16/2016 12:00:00 AM,18:50:01,1.27,54.0,30.43,23.0,125.38,15.75,06:32:00,17:43:00
19982,1479357902,11/16/2016 12:00:00 AM,18:45:02,1.25,54.0,30.43,23.0,145.11,9.0,06:32:00,17:43:00
19983,1479357602,11/16/2016 12:00:00 AM,18:40:02,1.23,55.0,30.43,23.0,170.62,5.62,06:32:00,17:43:00
19984,1479357302,11/16/2016 12:00:00 AM,18:35:02,1.24,55.0,30.43,23.0,182.73,10.12,06:32:00,17:43:00
19985,1479357004,11/16/2016 12:00:00 AM,18:30:04,1.25,55.0,30.43,22.0,181.54,14.62,06:32:00,17:43:00
19986,1479356702,11/16/2016 12:00:00 AM,18:25:02,1.23,55.0,30.43,21.0,157.83,16.87,06:32:00,17:43:00
19987,1479356404,11/16/2016 12:00:00 AM,18:20:04,1.24,55.0,30.42,22.0,135.79,16.87,06:32:00,17:43:00
19988,1479356104,11/16/2016 12:00:00 AM,18:15:04,1.22,55.0,30.42,22.0,137.23,19.12,06:32:00,17:43:00
19989,1479355804,11/16/2016 12:00:00 AM,18:10:04,1.23,55.0,30.42,22.0,188.47,11.25,06:32:00,17:43:00
19990,1479355504,11/16/2016 12:00:00 AM,18:05:04,1.22,55.0,30.42,21.0,187.52,19.12,06:32:00,17:43:00
19991,1479355207,11/16/2016 12:00:00 AM,18:00:07,1.25,56.0,30.42,22.0,161.33,10.12,06:32:00,17:43:00
19992,1479354902,11/16/2016 12:00:00 AM,17:55:02,1.87,56.0,30.42,21.0,119.01,22.5,06:32:00,17:43:00
19993,1479354602,11/16/2016 12:00:00 AM,17:50:02,3.3,56.0,30.41,21.0,147.79,27.0,06:32:00,17:43:00
19994,1479354302,11/16/2016 12:00:00 AM,17:45:02,5.29,56.0,30.42,21.0,192.71,7.87,06:32:00,17:43:00
19995,1479354004,11/16/2016 12:00:00 AM,17:40:04,7.34,57.0,30.41,21.0,177.31,11.25,06:32:00,17:43:00
19996,1479353702,11/16/2016 12:00:00 AM,17:35:02,9.5,57.0,30.41,74.83719267708949,140.44,12.37,06:32:00,17:43:00
19997,1479353405,11/16/2016 12:00:00 AM,17:30:05,11.62,58.0,30.41,21.0,155.36,10.12,06:32:00,17:43:00
19998,1479353104,11/16/2016 12:00:00 AM,17:25:04,24.68,58.0,30.41,20.0,170.65,13.5,06:32:00,17:43:00
19999,1479352803,11/16/2016 12:00:00 AM,17:20:03,31.75,59.0,30.42,21.0,145.96,10.12,06:32:00,17:43:00
20000,1479352505,11/16/2016 12:00:00 AM,17:15:05,45.77,59.0,30.42,21.0,147.12,14.62,06:32:00,17:43:00
20001,1479352205,11/16/2016 12:00:00 AM,17:10:05,64.77,60.0,30.41,21.0,137.39,6.75,06:32:00,17:43:00
20002,1479351902,11/16/2016 12:00:00 AM,17:05:02,85.46,61.0,30.41,21.0,181.45,9.0,06:32:00,17:43:00
20003,1479351604,11/16/2016 12:00:00 AM,17:00:04,107.5,61.0,30.42,21.0,117.52,13.5,06:32:00,17:43:00
20004,1479351302,11/16/2016 12:00:00 AM,16:55:02,132.17,61.0,30.41,20.0,136.34,15.75,06:32:00,17:43:00
20005,1479351001,11/16/2016 12:00:00 AM,16:50:01,158.34,62.0,30.41,18.0,109.59,11.25,06:32:00,17:43:00
20006,1479350702,11/16/2016 12:00:00 AM,16:45:02,184.88,51.16507236474315,30.41,18.0,146.29,16.87,06:32:00,17:43:00
20007,1479350401,11/16/2016 12:00:00 AM,16:40:01,212.42,62.0,30.41,19.0,155.97,12.37,06:32:00,17:43:00
20008,1479350103,11/16/2016 12:00:00 AM,16:35:03,240.49,62.0,30.41,20.0,125.48,18.0,06:32:00,17:43:00
20009,1479349805,11/16/2016 12:00:00 AM,16:30:05,267.22,63.0,30.41,19.0,121.32,10.12,06:32:00,17:43:00
20010,1479349502,11/16/2016 12:00:00 AM,16:25:02,294.41,63.0,30.41,19.0,169.6,19.12,06:32:00,17:43:00
20011,1479349202,11/16/2016 12:00:00 AM,16:20:02,320.33,63.0,30.41,19.0,143.41,12.37,06:32:00,17:43:00
20012,1479348904,11/16/2016 12:00:00 AM,16:15:04,343.47,63.0,30.41,18.0,118.22,12.37,06:32:00,17:43:00
20013,1479348602,11/16/2016 12:00:00 AM,16:10:02,363.48,64.0,30.42,18.0,140.93,7.87,06:32:00,17:43:00
20014,1479348302,11/16/2016 12:00:00 AM,16:05:02,383.21,64.0,30.41,17.0,128.75,14.62,06:32:00,17:43:00
20015,1479348005,11/16/2016 12:00:00 AM,16:00:05,403.49,64.0,30.41,16.0,113.2,15.75,06:32:00,17:43:00
20016,1479347703,11/16/2016 12:00:00 AM,15:55:03,422.37,64.0,30.41,17.0,134.12,14.62,06:32:00,17:43:00
20017,1479347402,11/16/2016 12:00:00 AM,15:50:02,442.04,64.0,30.41,16.0,99.55,10.12,06:32:00,17:43:00
20018,1479347101,11/16/2016 12:00:00 AM,15:45:01,460.6,64.0,30.41,18.0,162.31,3.37,06:32:00,17:43:00
20019,1479346801,11/16/2016 12:00:00 AM,15:40:01,480.01,64.0,30.41,18.0,126.95,14.62,06:32:00,17:43:00
20020,1479346502,11/16/2016 12:00:00 AM,15:35:02,498.85,64.0,30.41,18.0,154.57,18.0,06:32:00,17:43:00
20021,1479346201,11/16/2016 12:00:00 AM,15:30:01,516.77,64.0,30.41,19.0,103.11,12.37,06:32:00,17:43:00
20022,1479345902,11/16/2016 12:00:00 AM,15:25:02,535.73,64.0,30.41,18.0,151.76,15.75,06:32:00,17:43:00
20023,1479345604,11/16/2016 12:00:00 AM,15:20:04,552.52,64.0,30.41,21.0,105.33,11.25,06:32:00,17:43:00
20024,1479345302,11/16/2016 12:00:00 AM,15:15:02,570.44,64.0,30.41,18.0,55.95,12.37,06:32:00,17:43:00
20025,1479345001,11/16/2016 12:00:00 AM,15:10:01,588.26,65.0,30.41,17.0,150.16,11.25,06:32:00,17:43:00
20026,1479344704,11/16/2016 12:00:00 AM,15:05:04,604.55,65.0,30.41,18.0,125.22,16.87,06:32:00,17:43:00
20027,1479344405,11/16/2016 12:00:00 AM,15:00:05,620.89,65.0,30.41,19.0,105.57,12.37,06:32:00,17:43:00
20028,1479344102,11/16/2016 12:00:00 AM,14:55:02,636.96,66.0,30.41,17.0,71.83,12.37,06:32:00,17:43:00
20029,1479343804,11/16/2016 12:00:00 AM,14:50:04,652.1,65.0,30.41,17.0,89.88,12.37,06:32:00,17:43:00
20030,1479343503,11/16/2016 12:00:00 AM,14:45:03,669.05,66.0,30.41,15.0,111.6,11.25,06:32:00,17:43:00
20031,1479343202,11/16/2016 12:00:00 AM,14:40:02,684.66,66.0,30.41,15.0,83.12,9.0,06:32:00,17:43:00
20032,1479342904,11/16/2016 12:00:00 AM,14:35:04,699.15,66.0,30.41,15.0,37.74,7.87,06:32:00,17:43:00
20033,1479342608,11/16/2016 12:00:00 AM,14:30:08,713.03,67.0,30.41,13.0,142.4,9.0,06:32:00,17:43:00
20034,1479342302,11/16/2016 12:00:00 AM,14:25:02,727.13,67.0,30.41,15.0,47.32,5.62,06:32:00,17:43:00
20035,1479342002,11/16/2016 12:00:00 AM,14:20:02,738.77,67.0,30.41,15.0,136.76,20.25,06:32:00,17:43:00
20036,1479341702,11/16/2016 12:00:00 AM,14:15:02,751.57,67.0,30.41,16.0,41.16,10.12,06:32:00,17:43:00
20037,1479341402,11/16/2016 12:00:00 AM,14:10:02,762.64,67.0,30.41,16.0,120.75,18.0,06:32:00,17:43:00
20038,1479341101,11/16/2016 12:00:00 AM,14:05:01,773.21,66.0,30.41,16.0,112.19,10.12,06:32:00,17:43:00
20039,1479340802,11/16/2016 12:00:00 AM,14:00:02,787.87,67.0,30.42,16.0,254.52,11.25,06:32:00,17:43:00
20040,1479340503,11/16/2016 12:00:00 AM,13:55:03,797.89,67.0,30.41,15.0,122.45,16.87,06:32:00,17:43:00
20041,1479340202,11/16/2016 12:00:00 AM,13:50:02,809.93,66.0,30.42,16.0,181.13,6.75,06:32:00,17:43:00
20042,1479339904,11/16/2016 12:00:00 AM,13:45:04,817.9,66.0,30.42,15.0,156.09,15.75,06:32:00,17:43:00
20043,1479339604,11/16/2016 12:00:00 AM,13:40:04,828.01,66.0,30.42,16.0,131.5,6.75,06:32:00,17:43:00
20044,1479339302,11/16/2016 12:00:00 AM,13:35:02,837.22,66.0,30.42,15.0,135.14,11.25,06:32:00,17:43:00
20045,1479339001,11/16/2016 12:00:00 AM,13:30:01,845.54,66.0,30.42,16.0,193.87,10.12,06:32:00,17:43:00
20046,1479338701,11/16/2016 12:00:00 AM,13:25:01,854.83,66.0,30.42,14.0,166.86,12.37,06:32:00,17:43:00
20047,1479338402,11/16/2016 12:00:00 AM,13:20:02,861.19,66.0,30.42,18.0,121.76,6.75,06:32:00,17:43:00
20048,1479338101,11/16/2016 12:00:00 AM,13:15:01,867.81,66.0,30.43,16.0,192.14,7.87,06:32:00,17:43:00
20049,1479337805,11/16/2016 12:00:00 AM,13:10:05,875.69,66.0,30.43,18.0,124.59,6.229096658193317,06:32:00,17:43:00
20050,1479337502,11/16/2016 12:00:00 AM,13:05:02,882.81,65.0,30.43,17.0,72.71,7.87,06:32:00,17:43:00
20051,1479337202,11/16/2016 12:00:00 AM,13:00:02,887.92,66.0,30.44,16.0,174.04,11.25,06:32:00,17:43:00
20052,1479336902,11/16/2016 12:00:00 AM,12:55:02,892.67,65.0,30.44,18.0,150.83,3.37,06:32:00,17:43:00
20053,1479336605,11/16/2016 12:00:00 AM,12:50:05,895.05,64.0,30.44,29.0,102.7,7.87,06:32:00,17:43:00
20054,1479336307,11/16/2016 12:00:00 AM,12:45:07,899.17,64.0,30.44,32.0,82.64,11.25,06:32:00,17:43:00
20055,1479336005,11/16/2016 12:00:00 AM,12:40:05,899.99,64.0,30.44,29.0,90.72,10.12,06:32:00,17:43:00
20056,1479335708,11/16/2016 12:00:00 AM,12:35:08,904.44,64.0,30.45,30.0,268.2,2.25,06:32:00,17:43:00
20057,1479335404,11/16/2016 12:00:00 AM,12:30:04,907.84,64.0,30.45,27.0,351.26,14.62,06:32:00,17:43:00
20058,1479335103,11/16/2016 12:00:00 AM,12:25:03,912.34,64.0,30.45,23.0,65.06,7.87,06:32:00,17:43:00
20059,1479334801,11/16/2016 12:00:00 AM,12:20:01,911.87,64.0,30.45,28.0,42.0,7.87,06:32:00,17:43:00
20060,1479334502,11/16/2016 12:00:00 AM,12:15:02,911.08,64.0,30.45,28.0,75.48,3.37,06:32:00,17:43:00
20061,1479334201,11/16/2016 12:00:00 AM,12:10:01,913.29,64.0,30.46,30.0,40.36,7.87,06:32:00,17:43:00
20062,1479333904,11/16/2016 12:00:00 AM,12:05:04,909.61,63.0,30.46,23.0,125.54,4.5,06:32:00,17:43:00
20063,1479333602,11/16/2016 12:00:00 AM,12:00:02,908.24,63.0,30.46,38.0,57.64,5.62,06:32:00,17:43:00
20064,1479333302,11/16/2016 12:00:00 AM,11:55:02,903.33,63.0,30.46,39.0,355.05,6.75,06:32:00,17:43:00
20065,1479333002,11/16/2016 12:00:00 AM,11:50:02,905.3,63.0,30.46,42.0,31.44,15.75,06:32:00,17:43:00
20066,1479332702,11/16/2016 12:00:00 AM,11:45:02,900.92,63.0,30.47,45.0,358.24,11.25,06:32:00,17:43:00
20067,1479332402,11/16/2016 12:00:00 AM,11:40:02,901.75,62.0,30.47,36.0,2.45,12.37,06:32:00,17:43:00
20068,1479332101,11/16/2016 12:00:00 AM,11:35:01,894.37,62.0,30.47,40.0,36.6,7.87,06:32:00,17:43:00
20069,1479331802,11/16/2016 12:00:00 AM,11:30:02,892.93,62.0,30.47,36.0,14.93,6.75,06:32:00,17:43:00
20070,1479331502,11/16/2016 12:00:00 AM,11:25:02,891.58,63.0,30.47,33.0,97.54,11.25,06:32:00,17:43:00
20071,1479331202,11/16/2016 12:00:00 AM,11:20:02,888.22,64.0,30.47,29.0,146.51,5.62,06:32:00,17:43:00
20072,1479330901,11/16/2016 12:00:00 AM,11:15:01,883.17,65.0,30.48,17.0,15.84,12.37,06:32:00,17:43:00
20073,1479330602,11/16/2016 12:00:00 AM,11:10:02,878.28,65.0,30.47,15.0,153.4,9.0,06:32:00,17:43:00
20074,1479330301,11/16/2016 12:00:00 AM,11:05:01,871.72,64.0,30.48,17.0,94.36,11.25,06:32:00,17:43:00
20075,1479330006,11/16/2016 12:00:00 AM,11:00:06,865.13,65.0,30.48,14.0,143.16,6.75,06:32:00,17:43:00
20076,1479329701,11/16/2016 12:00:00 AM,10:55:01,857.46,65.0,30.48,15.0,87.43,4.5,06:32:00,17:43:00
20077,1479329401,11/16/2016 12:00:00 AM,10:50:01,850.27,65.0,30.48,14.0,71.58,6.75,06:32:00,17:43:00
20078,1479329103,11/16/2016 12:00:00 AM,10:45:03,842.55,64.0,30.48,15.0,155.78,7.87,06:32:00,17:43:00
20079,1479328802,11/16/2016 12:00:00 AM,10:40:02,834.83,64.0,30.48,16.0,230.31,4.5,06:32:00,17:43:00
20080,1479328502,11/16/2016 12:00:00 AM,10:35:02,826.03,64.0,30.48,15.0,63.25,14.62,06:32:00,17:43:00
20081,1479328201,11/16/2016 12:00:00 AM,10:30:01,816.26,64.0,30.48,15.0,50.15,7.87,06:32:00,17:43:00
20082,1479327903,11/16/2016 12:00:00 AM,10:25:03,805.81,64.0,30.49,15.0,143.7,12.37,06:32:00,17:43:00
20083,1479327602,11/16/2016 12:00:00 AM,10:20:02,796.12,64.0,30.49,14.0,101.2,12.37,06:32:00,17:43:00
20084,1479327302,11/16/2016 12:00:00 AM,10:15:02,784.81,64.0,30.49,16.0,69.83,7.87,06:32:00,17:43:00
20085,1479327002,11/16/2016 12:00:00 AM,10:10:02,772.89,64.0,30.49,16.0,121.13,11.25,06:32:00,17:43:00
20086,1479326702,11/16/2016 12:00:00 AM,10:05:02,761.36,63.0,30.49,17.0,77.92,11.25,06:32:00,17:43:00
20087,1479326401,11/16/2016 12:00:00 AM,10:00:01,749.0,63.0,30.48,17.0,139.75,19.12,06:32:00,17:43:00
20088,1479326102,11/16/2016 12:00:00 AM,09:55:02,734.37,63.0,30.49,16.0,111.42,12.37,06:32:00,17:43:00
20089,1479325801,11/16/2016 12:00:00 AM,09:50:01,721.58,62.0,30.49,18.0,112.4,11.25,06:32:00,17:43:00
20090,1479325502,11/16/2016 12:00:00 AM,09:45:02,708.03,62.0,30.49,18.0,141.24,16.87,06:32:00,17:43:00
20091,1479325201,11/16/2016 12:00:00 AM,09:40:01,693.27,61.0,30.49,18.0,73.76,5.62,06:32:00,17:43:00
20092,1479324902,11/16/2016 12:00:00 AM,09:35:02,679.03,61.0,30.49,20.0,62.28,4.5,06:32:00,17:43:00
20093,1479324602,11/16/2016 12:00:00 AM,09:30:02,664.09,61.0,30.49,19.0,346.44,4.5,06:32:00,17:43:00
20094,1479324302,11/16/2016 12:00:00 AM,09:25:02,649.27,61.0,30.49,21.0,110.41,9.0,06:32:00,17:43:00
20095,1479324002,11/16/2016 12:00:00 AM,09:20:02,633.14,61.0,30.49,19.0,62.52,4.5,06:32:00,17:43:00
20096,1479323706,11/16/2016 12:00:00 AM,09:15:06,617.84,61.0,30.48,20.0,72.45,4.5,06:32:00,17:43:00
20097,1479323402,11/16/2016 12:00:00 AM,09:10:02,601.78,61.0,30.48,18.0,92.46,2.25,06:32:00,17:43:00
20098,1479323102,11/16/2016 12:00:00 AM,09:05:02,585.71,61.0,30.48,17.0,89.21,6.75,06:32:00,17:43:00
20099,1479322804,11/16/2016 12:00:00 AM,09:00:04,568.44,61.0,30.48,16.0,105.33,7.87,06:32:00,17:43:00
20100,1479322503,11/16/2016 12:00:00 AM,08:55:03,552.01,61.0,30.48,16.0,165.58,3.37,06:32:00,17:43:00
20101,1479322201,11/16/2016 12:00:00 AM,08:50:01,534.59,60.0,30.48,15.0,133.02,4.5,06:32:00,17:43:00
20102,1479321903,11/16/2016 12:00:00 AM,08:45:03,517.13,60.0,30.48,14.0,101.25,12.37,06:32:00,17:43:00
20103,1479321602,11/16/2016 12:00:00 AM,08:40:02,499.1,60.0,30.48,15.0,129.7,6.75,06:32:00,17:43:00
20104,1479321302,11/16/2016 12:00:00 AM,08:35:02,480.79,60.0,30.47,14.0,200.95,6.75,06:32:00,17:43:00
20105,1479321002,11/16/2016 12:00:00 AM,08:30:02,462.5,59.0,30.47,15.0,55.67,9.0,06:32:00,17:43:00
20106,1479320702,11/16/2016 12:00:00 AM,08:25:02,443.73,59.0,30.47,15.0,124.25,7.87,06:32:00,17:43:00
20107,1479320401,11/16/2016 12:00:00 AM,08:20:01,424.2,58.0,30.47,16.0,109.76,9.0,06:32:00,17:43:00
20108,1479320102,11/16/2016 12:00:00 AM,08:15:02,405.39,58.0,30.47,15.0,131.43,6.75,06:32:00,17:43:00
20109,1479319804,11/16/2016 12:00:00 AM,08:10:04,385.54,57.0,30.47,17.0,194.81,5.62,06:32:00,17:43:00
20110,1479319502,11/16/2016 12:00:00 AM,08:05:02,366.01,56.0,30.47,16.0,116.23,6.75,06:32:00,17:43:00
20111,1479319202,11/16/2016 12:00:00 AM,08:00:02,344.83,55.0,30.47,18.0,133.71,6.75,06:32:00,17:43:00
20112,1479318902,11/16/2016 12:00:00 AM,07:55:02,320.4,54.0,30.47,18.0,71.08,4.5,06:32:00,17:43:00
20113,1479318602,11/16/2016 12:00:00 AM,07:50:02,295.33,53.0,30.47,18.0,123.7,11.25,06:32:00,17:43:00
20114,1479318301,11/16/2016 12:00:00 AM,07:45:01,264.36,52.0,30.47,19.0,148.06,10.12,06:32:00,17:43:00
20115,1479318002,11/16/2016 12:00:00 AM,07:40:02,24.09,52.0,30.47,19.0,144.11,12.37,06:32:00,17:43:00
20116,1479317702,11/16/2016 12:00:00 AM,07:35:02,22.07,52.0,30.47,18.0,193.99,6.75,06:32:00,17:43:00
20117,1479317401,11/16/2016 12:00:00 AM,07:30:01,21.46,51.0,30.47,19.0,181.51,12.37,06:32:00,17:43:00
20118,1479317102,11/16/2016 12:00:00 AM,07:25:02,20.84,51.0,30.47,19.0,163.47,10.12,06:32:00,17:43:00
20119,1479316805,11/16/2016 12:00:00 AM,07:20:05,20.16,51.0,30.47,19.0,153.19,12.37,06:32:00,17:43:00
20120,1479316506,11/16/2016 12:00:00 AM,07:15:06,19.39,50.0,30.47,18.0,165.68,9.0,06:32:00,17:43:00
20121,1479316205,11/16/2016 12:00:00 AM,07:10:05,18.52,50.0,30.46,19.0,197.82,11.25,06:32:00,17:43:00
20122,1479315902,11/16/2016 12:00:00 AM,07:05:02,17.52,50.0,30.46,20.0,155.7,11.25,06:32:00,17:43:00
20123,1479315605,11/16/2016 12:00:00 AM,07:00:05,16.37,49.0,30.46,20.0,146.95,13.5,06:32:00,17:43:00
20124,1479315301,11/16/2016 12:00:00 AM,06:55:01,15.07,49.0,30.46,20.0,153.2,6.75,06:32:00,17:43:00
20125,1479315003,11/16/2016 12:00:00 AM,06:50:03,13.53,49.0,30.46,20.0,165.75,12.37,06:32:00,17:43:00
20126,1479314701,11/16/2016 12:00:00 AM,06:45:01,11.86,49.0,30.46,21.0,187.21,11.25,06:32:00,17:43:00
20127,1479314401,11/16/2016 12:00:00 AM,06:40:01,9.93,49.0,30.46,20.0,161.88,11.25,06:32:00,17:43:00
20128,1479314102,11/16/2016 12:00:00 AM,06:35:02,7.87,49.0,30.45,21.0,182.51,10.12,06:32:00,17:43:00
20129,1479313806,11/16/2016 12:00:00 AM,06:30:06,5.77,49.0,30.45,20.0,173.78,6.229096658193317,06:32:00,17:43:00
20130,1479313502,11/16/2016 12:00:00 AM,06:25:02,3.66,49.0,30.45,20.0,182.42,10.12,06:32:00,17:43:00
20131,1479313202,11/16/2016 12:00:00 AM,06:20:02,2.03,49.0,30.45,20.0,194.46,12.37,06:32:00,17:43:00
20132,1479312901,11/16/2016 12:00:00 AM,06:15:01,1.2,49.0,30.45,21.0,147.03,13.5,06:32:00,17:43:00
20133,1479312604,11/16/2016 12:00:00 AM,06:10:04,1.23,49.0,30.44,21.0,179.69,11.25,06:32:00,17:43:00
20134,1479312303,11/16/2016 12:00:00 AM,06:05:03,1.18,49.0,30.44,21.0,180.07,11.25,06:32:00,17:43:00
20135,1479312001,11/16/2016 12:00:00 AM,06:00:01,1.22,49.0,30.44,21.0,154.58,12.37,06:32:00,17:43:00
20136,1479311704,11/16/2016 12:00:00 AM,05:55:04,1.22,49.0,30.44,21.0,156.37,13.5,06:32:00,17:43:00
20137,1479311401,11/16/2016 12:00:00 AM,05:50:01,1.23,50.0,30.44,20.0,188.9,11.25,06:32:00,17:43:00
20138,1479311105,11/16/2016 12:00:00 AM,05:45:05,1.22,50.0,30.44,20.0,155.03,12.37,06:32:00,17:43:00
20139,1479310804,11/16/2016 12:00:00 AM,05:40:04,1.23,50.0,30.44,20.0,164.68,14.62,06:32:00,17:43:00
20140,1479310502,11/16/2016 12:00:00 AM,05:35:02,1.25,49.0,30.44,20.0,170.77,14.62,06:32:00,17:43:00
20141,1479310201,11/16/2016 12:00:00 AM,05:30:01,1.23,49.0,30.44,20.0,137.22,11.25,06:32:00,17:43:00
20142,1479309907,11/16/2016 12:00:00 AM,05:25:07,1.24,49.0,30.44,20.0,143.39,12.37,06:32:00,17:43:00
20143,1479309601,11/16/2016 12:00:00 AM,05:20:01,1.22,49.0,30.44,20.0,151.36,10.12,06:32:00,17:43:00
20144,1479309302,11/16/2016 12:00:00 AM,05:15:02,1.22,49.0,30.44,21.0,171.32,13.5,06:32:00,17:43:00
20145,1479309002,11/16/2016 12:00:00 AM,05:10:02,1.23,49.0,30.44,21.0,177.03,10.12,06:32:00,17:43:00
20146,1479308701,11/16/2016 12:00:00 AM,05:05:01,1.23,49.0,30.44,21.0,138.56,10.12,06:32:00,17:43:00
20147,1479308401,11/16/2016 12:00:00 AM,05:00:01,1.24,49.0,30.44,21.0,163.7,10.12,06:32:00,17:43:00
20148,1479308104,11/16/2016 12:00:00 AM,04:55:04,1.25,48.0,30.44,23.0,170.85,11.25,06:32:00,17:43:00
20149,1479307802,11/16/2016 12:00:00 AM,04:50:02,1.21,48.0,30.44,23.0,167.44,14.62,06:32:00,17:43:00
20150,1479307501,11/16/2016 12:00:00 AM,04:45:01,1.24,48.0,30.44,22.0,161.84,11.25,06:32:00,17:43:00
20151,1479307202,11/16/2016 12:00:00 AM,04:40:02,1.21,48.0,30.44,22.0,140.85,9.0,06:32:00,17:43:00
20152,1479306901,11/16/2016 12:00:00 AM,04:35:01,1.22,49.0,30.44,22.0,166.0,7.87,06:32:00,17:43:00
20153,1479306604,11/16/2016 12:00:00 AM,04:30:04,1.23,49.0,30.44,21.0,138.49,10.12,06:32:00,17:43:00
20154,1479306302,11/16/2016 12:00:00 AM,04:25:02,1.2,49.0,30.43,22.0,164.41,9.0,06:32:00,17:43:00
20155,1479306001,11/16/2016 12:00:00 AM,04:20:01,1.19,49.0,30.43,20.0,162.94,7.87,06:32:00,17:43:00
20156,1479305704,11/16/2016 12:00:00 AM,04:15:04,1.23,49.0,30.43,21.0,157.96,10.12,06:32:00,17:43:00
20157,1479305401,11/16/2016 12:00:00 AM,04:10:01,1.22,49.0,30.43,21.0,166.04,11.25,06:32:00,17:43:00
20158,1479305102,11/16/2016 12:00:00 AM,04:05:02,1.21,49.0,30.43,20.0,172.34,13.5,06:32:00,17:43:00
20159,1479304804,11/16/2016 12:00:00 AM,04:00:04,1.2,49.0,30.43,19.0,175.99,6.75,06:32:00,17:43:00
20160,1479304501,11/16/2016 12:00:00 AM,03:55:01,1.21,49.0,30.43,20.0,178.49,7.87,06:32:00,17:43:00
20161,1479304201,11/16/2016 12:00:00 AM,03:50:01,1.22,49.0,30.43,21.0,188.58,7.87,06:32:00,17:43:00
20162,1479303904,11/16/2016 12:00:00 AM,03:45:04,1.23,48.0,30.43,22.0,165.09,12.37,06:32:00,17:43:00
20163,1479303602,11/16/2016 12:00:00 AM,03:40:02,1.18,48.0,30.43,22.0,181.39,9.0,06:32:00,17:43:00
20164,1479303301,11/16/2016 12:00:00 AM,03:35:01,1.17,48.0,30.43,22.0,159.87,7.87,06:32:00,17:43:00
20165,1479303002,11/16/2016 12:00:00 AM,03:30:02,1.2,48.0,30.423028000868246,23.0,177.49,6.229096658193317,06:32:00,17:43:00
20166,1479302701,11/16/2016 12:00:00 AM,03:25:01,1.21,48.0,30.44,24.0,175.72,10.12,06:32:00,17:43:00
20167,1479302404,11/16/2016 12:00:00 AM,03:20:04,1.22,48.0,30.44,23.0,166.71,6.75,06:32:00,17:43:00
20168,1479302104,11/16/2016 12:00:00 AM,03:15:04,1.22,48.0,30.44,24.0,175.38,10.12,06:32:00,17:43:00
20169,1479301801,11/16/2016 12:00:00 AM,03:10:01,1.25,48.0,30.44,23.0,143.64,9.0,06:32:00,17:43:00
20170,1479301501,11/16/2016 12:00:00 AM,03:05:01,1.26,48.0,30.44,24.0,146.14,9.0,06:32:00,17:43:00
20171,1479301201,11/16/2016 12:00:00 AM,03:00:01,1.18,48.0,30.44,24.0,181.08,7.87,06:32:00,17:43:00
20172,1479300902,11/16/2016 12:00:00 AM,02:55:02,1.2,48.0,30.44,24.0,154.01,9.0,06:32:00,17:43:00
20173,1479300602,11/16/2016 12:00:00 AM,02:50:02,1.25,48.0,30.44,24.0,152.02,11.25,06:32:00,17:43:00
20174,1479300302,11/16/2016 12:00:00 AM,02:45:02,1.26,47.0,30.44,24.0,163.09,10.12,06:32:00,17:43:00
20175,1479300002,11/16/2016 12:00:00 AM,02:40:02,1.21,47.0,30.44,25.0,171.0,9.0,06:32:00,17:43:00
20176,1479299701,11/16/2016 12:00:00 AM,02:35:01,1.22,47.0,30.44,25.0,186.65,9.0,06:32:00,17:43:00
20177,1479299406,11/16/2016 12:00:00 AM,02:30:06,1.23,46.0,30.45,25.0,143.54770303349548,10.12,06:32:00,17:43:00
20178,1479299108,11/16/2016 12:00:00 AM,02:25:08,1.21,46.0,30.45,26.0,169.3,7.87,06:32:00,17:43:00
20179,1479298807,11/16/2016 12:00:00 AM,02:20:07,1.23,46.0,30.45,27.0,160.61,9.0,06:32:00,17:43:00
20180,1479298502,11/16/2016 12:00:00 AM,02:15:02,1.19,46.0,30.45,27.0,136.63,7.87,06:32:00,17:43:00
20181,1479298202,11/16/2016 12:00:00 AM,02:10:02,1.21,46.0,30.45,28.0,170.5,7.87,06:32:00,17:43:00
20182,1479297902,11/16/2016 12:00:00 AM,02:05:02,1.2,46.0,30.45,28.0,157.04,9.0,06:32:00,17:43:00
20183,1479297604,11/16/2016 12:00:00 AM,02:00:04,1.21,46.0,30.45,28.0,161.9,7.87,06:32:00,17:43:00
20184,1479297304,11/16/2016 12:00:00 AM,01:55:04,1.2,46.0,30.45,28.0,208.06,12.37,06:32:00,17:43:00
20185,1479297002,11/16/2016 12:00:00 AM,01:50:02,1.24,46.0,30.46,28.0,159.63,10.12,06:32:00,17:43:00
20186,1479296702,11/16/2016 12:00:00 AM,01:45:02,1.22,46.0,30.45,28.0,168.05,10.12,06:32:00,17:43:00
20187,1479296404,11/16/2016 12:00:00 AM,01:40:04,1.21,47.0,30.46,28.0,166.0,9.0,06:32:00,17:43:00
20188,1479296101,11/16/2016 12:00:00 AM,01:35:01,1.23,47.0,30.46,28.0,161.29,5.62,06:32:00,17:43:00
20189,1479295804,11/16/2016 12:00:00 AM,01:30:04,1.2,47.0,30.46,27.0,170.28,6.75,06:32:00,17:43:00
20190,1479295501,11/16/2016 12:00:00 AM,01:25:01,1.22,46.0,30.46,28.0,184.93,2.25,06:32:00,17:43:00
20191,1479295204,11/16/2016 12:00:00 AM,01:20:04,1.22,46.0,30.46,29.0,159.97,10.12,06:32:00,17:43:00
20192,1479294902,11/16/2016 12:00:00 AM,01:15:02,1.21,46.0,30.46,30.0,164.61,6.229096658193317,06:32:00,17:43:00
20193,1479294601,11/16/2016 12:00:00 AM,01:10:01,1.24,47.0,30.46,30.0,178.16,6.75,06:32:00,17:43:00
20194,1479294302,11/16/2016 12:00:00 AM,01:05:02,1.21,47.0,30.47,30.0,172.09,7.87,06:32:00,17:43:00
20195,1479294001,11/16/2016 12:00:00 AM,01:00:01,1.25,47.0,30.47,30.0,151.16,9.0,06:32:00,17:43:00
20196,1479293703,11/16/2016 12:00:00 AM,00:55:03,1.22,47.0,30.47,29.0,138.38,10.12,06:32:00,17:43:00
20197,1479293401,11/16/2016 12:00:00 AM,00:50:01,1.23,47.0,30.46,29.0,165.65,9.0,06:32:00,17:43:00
20198,1479293103,11/16/2016 12:00:00 AM,00:45:03,1.24,47.0,30.47,28.0,150.81,7.87,06:32:00,17:43:00
20199,1479292802,11/16/2016 12:00:00 AM,00:40:02,1.23,47.0,30.47,29.0,168.97,10.12,06:32:00,17:43:00
20200,1479292502,11/16/2016 12:00:00 AM,00:35:02,1.24,48.0,30.47,29.0,165.67,11.25,06:32:00,17:43:00
20201,1479292202,11/16/2016 12:00:00 AM,00:30:02,1.2,48.0,30.47,27.0,159.47,9.0,06:32:00,17:43:00
20202,1479291902,11/16/2016 12:00:00 AM,00:25:02,1.23,48.0,30.47,29.0,150.31,10.12,06:32:00,17:43:00
20203,1479291603,11/16/2016 12:00:00 AM,00:20:03,1.23,48.0,30.47,29.0,178.79,5.62,06:32:00,17:43:00
20204,1479291302,11/16/2016 12:00:00 AM,00:15:02,1.22,48.0,30.47,28.0,196.09,13.5,06:32:00,17:43:00
20205,1479291001,11/16/2016 12:00:00 AM,00:10:01,1.26,48.0,30.47,29.0,160.48,11.25,06:32:00,17:43:00
20206,1479290401,11/16/2016 12:00:00 AM,00:00:01,1.2,48.0,30.47,29.0,166.44,12.37,06:32:00,17:43:00
20207,1479290104,11/15/2016 12:00:00 AM,23:55:04,1.16,48.0,30.47,30.0,172.14,7.87,06:31:00,17:43:00
20208,1479289804,11/15/2016 12:00:00 AM,23:50:04,1.19,48.0,30.47,30.0,170.55,7.87,06:31:00,17:43:00
20209,1479289503,11/15/2016 12:00:00 AM,23:45:03,1.23,48.0,30.48,30.0,180.02,7.87,06:31:00,17:43:00
20210,1479289202,11/15/2016 12:00:00 AM,23:40:02,1.23,48.0,30.48,30.0,168.85,7.87,06:31:00,17:43:00
20211,1479288903,11/15/2016 12:00:00 AM,23:35:03,1.21,48.0,30.48,30.0,182.22,10.12,06:31:00,17:43:00
20212,1479288602,11/15/2016 12:00:00 AM,23:30:02,1.19,48.0,30.48,29.0,160.07,10.12,06:31:00,17:43:00
20213,1479288302,11/15/2016 12:00:00 AM,23:25:02,1.23,48.0,30.48,29.0,174.04,11.25,06:31:00,17:43:00
20214,1479288001,11/15/2016 12:00:00 AM,23:20:01,1.22,48.0,30.48,30.0,158.97,7.87,06:31:00,17:43:00
20215,1479287702,11/15/2016 12:00:00 AM,23:15:02,1.23,48.0,30.48,30.0,171.96,12.37,06:31:00,17:43:00
20216,1479287402,11/15/2016 12:00:00 AM,23:10:02,1.24,48.0,30.48,31.0,169.92,11.25,06:31:00,17:43:00
20217,1479287102,11/15/2016 12:00:00 AM,23:05:02,1.22,48.0,30.48,31.0,167.16,7.87,06:31:00,17:43:00
20218,1479286802,11/15/2016 12:00:00 AM,23:00:02,1.2,48.0,30.48,30.0,175.55,10.12,06:31:00,17:43:00
20219,1479286502,11/15/2016 12:00:00 AM,22:55:02,1.24,48.0,30.48,30.0,163.2,9.0,06:31:00,17:43:00
20220,1479286203,11/15/2016 12:00:00 AM,22:50:03,1.19,48.0,30.48,31.0,174.03,13.5,06:31:00,17:43:00
20221,1479285902,11/15/2016 12:00:00 AM,22:45:02,1.25,48.0,30.48,30.0,160.6,10.12,06:31:00,17:43:00
20222,1479285603,11/15/2016 12:00:00 AM,22:40:03,1.21,48.0,30.48,30.0,169.03,7.87,06:31:00,17:43:00
20223,1479285302,11/15/2016 12:00:00 AM,22:35:02,1.2,48.0,30.48,31.0,176.71,10.12,06:31:00,17:43:00
20224,1479285003,11/15/2016 12:00:00 AM,22:30:03,1.24,48.0,30.48,32.0,162.23,5.62,06:31:00,17:43:00
20225,1479284702,11/15/2016 12:00:00 AM,22:25:02,1.15,48.0,30.48,32.0,163.41,10.12,06:31:00,17:43:00
20226,1479284401,11/15/2016 12:00:00 AM,22:20:01,1.22,48.0,30.48,32.0,178.69,6.75,06:31:00,17:43:00
20227,1479284105,11/15/2016 12:00:00 AM,22:15:05,1.21,48.0,30.48,32.0,186.67,6.75,06:31:00,17:43:00
20228,1479283802,11/15/2016 12:00:00 AM,22:10:02,1.21,48.0,30.48,32.0,161.4,9.0,06:31:00,17:43:00
20229,1479283503,11/15/2016 12:00:00 AM,22:05:03,1.22,48.0,30.48,32.0,159.38,9.0,06:31:00,17:43:00
20230,1479283204,11/15/2016 12:00:00 AM,22:00:04,1.23,48.0,30.48,33.0,153.37,10.12,06:31:00,17:43:00
20231,1479282901,11/15/2016 12:00:00 AM,21:55:01,1.2,48.0,30.48,33.0,186.19,6.75,06:31:00,17:43:00
20232,1479282601,11/15/2016 12:00:00 AM,21:50:01,1.21,48.0,30.48,33.0,143.78,13.5,06:31:00,17:43:00
20233,1479282301,11/15/2016 12:00:00 AM,21:45:01,1.24,48.0,30.48,34.0,147.47,11.25,06:31:00,17:43:00
20234,1479282001,11/15/2016 12:00:00 AM,21:40:01,1.19,48.0,30.48,34.0,134.4,6.75,06:31:00,17:43:00
20235,1479281701,11/15/2016 12:00:00 AM,21:35:01,1.18,48.0,30.48,36.0,105.52,4.5,06:31:00,17:43:00
20236,1479281402,11/15/2016 12:00:00 AM,21:30:02,1.22,48.0,30.48,36.0,183.68,10.12,06:31:00,17:43:00
20237,1479281101,11/15/2016 12:00:00 AM,21:25:01,1.25,48.0,30.48,38.0,148.74,11.25,06:31:00,17:43:00
20238,1479280804,11/15/2016 12:00:00 AM,21:20:04,1.18,48.0,30.423028000868246,37.0,181.53,7.87,06:31:00,17:43:00
20239,1479280502,11/15/2016 12:00:00 AM,21:15:02,1.2,48.0,30.48,37.0,171.41,5.62,06:31:00,17:43:00
20240,1479280207,11/15/2016 12:00:00 AM,21:10:07,1.2,48.0,30.48,40.0,165.91,9.0,06:31:00,17:43:00
20241,1479279902,11/15/2016 12:00:00 AM,21:05:02,1.22,48.0,30.48,39.0,151.05,12.37,06:31:00,17:43:00
20242,1479279604,11/15/2016 12:00:00 AM,21:00:04,1.24,49.0,30.48,39.0,147.49,7.87,06:31:00,17:43:00
20243,1479279302,11/15/2016 12:00:00 AM,20:55:02,1.22,49.0,30.48,37.0,96.88,4.5,06:31:00,17:43:00
20244,1479279001,11/15/2016 12:00:00 AM,20:50:01,1.23,49.0,30.48,35.0,145.48,9.0,06:31:00,17:43:00
20245,1479278701,11/15/2016 12:00:00 AM,20:45:01,1.21,49.0,30.48,33.0,149.96,5.62,06:31:00,17:43:00
20246,1479278402,11/15/2016 12:00:00 AM,20:40:02,1.22,49.0,30.48,34.0,178.73,10.12,06:31:00,17:43:00
20247,1479278101,11/15/2016 12:00:00 AM,20:35:01,1.23,49.0,30.48,34.0,153.98,10.12,06:31:00,17:43:00
20248,1479277802,11/15/2016 12:00:00 AM,20:30:02,1.22,49.0,30.48,34.0,155.13,6.75,06:31:00,17:43:00
20249,1479277501,11/15/2016 12:00:00 AM,20:25:01,1.24,49.0,30.47,37.0,121.67,9.0,06:31:00,17:43:00
20250,1479277201,11/15/2016 12:00:00 AM,20:20:01,1.2,50.0,30.47,37.0,147.59,7.87,06:31:00,17:43:00
20251,1479276901,11/15/2016 12:00:00 AM,20:15:01,1.24,50.0,30.47,36.0,173.73,11.25,06:31:00,17:43:00
20252,1479276602,11/15/2016 12:00:00 AM,20:10:02,1.18,50.0,30.47,35.0,149.06,7.87,06:31:00,17:43:00
20253,1479276301,11/15/2016 12:00:00 AM,20:05:01,1.22,50.0,30.47,34.0,118.87,9.0,06:31:00,17:43:00
20254,1479276003,11/15/2016 12:00:00 AM,20:00:03,1.2,50.0,30.47,35.0,128.41,12.37,06:31:00,17:43:00
20255,1479275702,11/15/2016 12:00:00 AM,19:55:02,1.22,50.0,30.47,39.0,127.23,6.75,06:31:00,17:43:00
20256,1479275405,11/15/2016 12:00:00 AM,19:50:05,1.19,50.0,30.47,45.0,139.09,3.37,06:31:00,17:43:00
20257,1479275101,11/15/2016 12:00:00 AM,19:45:01,1.24,49.0,30.46,48.0,153.72,14.62,06:31:00,17:43:00
20258,1479274802,11/15/2016 12:00:00 AM,19:40:02,1.22,50.0,30.47,51.0,155.25,9.0,06:31:00,17:43:00
20259,1479274502,11/15/2016 12:00:00 AM,19:35:02,1.25,50.0,30.46,53.0,165.1,7.87,06:31:00,17:43:00
20260,1479274202,11/15/2016 12:00:00 AM,19:30:02,1.22,50.0,30.46,45.0,93.02,2.25,06:31:00,17:43:00
20261,1479273901,11/15/2016 12:00:00 AM,19:25:01,1.22,49.0,30.46,52.0,169.7,9.0,06:31:00,17:43:00
20262,1479273602,11/15/2016 12:00:00 AM,19:20:02,1.19,49.0,30.46,54.0,180.22,10.12,06:31:00,17:43:00
20263,1479273303,11/15/2016 12:00:00 AM,19:15:03,1.24,49.0,30.46,59.0,149.08,10.12,06:31:00,17:43:00
20264,1479273002,11/15/2016 12:00:00 AM,19:10:02,1.21,48.0,30.46,64.0,136.66,13.5,06:31:00,17:43:00
20265,1479272702,11/15/2016 12:00:00 AM,19:05:02,1.19,48.0,30.46,70.0,159.04,3.37,06:31:00,17:43:00
20266,1479272402,11/15/2016 12:00:00 AM,19:00:02,1.21,49.0,30.46,84.0,138.52,6.75,06:31:00,17:43:00
20267,1479272102,11/15/2016 12:00:00 AM,18:55:02,1.21,49.0,30.46,84.0,128.98,5.62,06:31:00,17:43:00
20268,1479271804,11/15/2016 12:00:00 AM,18:50:04,1.22,50.0,30.46,77.0,157.86,2.25,06:31:00,17:43:00
20269,1479271505,11/15/2016 12:00:00 AM,18:45:05,1.23,50.0,30.46,75.0,107.33,7.87,06:31:00,17:43:00
20270,1479271201,11/15/2016 12:00:00 AM,18:40:01,1.2,50.0,30.45,78.0,119.67,9.0,06:31:00,17:43:00
20271,1479270904,11/15/2016 12:00:00 AM,18:35:04,1.2,50.0,30.45,79.0,130.44,4.5,06:31:00,17:43:00
20272,1479270604,11/15/2016 12:00:00 AM,18:30:04,1.26,50.0,30.45,91.0,124.75,7.87,06:31:00,17:43:00
20273,1479270303,11/15/2016 12:00:00 AM,18:25:03,1.23,50.0,30.45,92.0,127.27,9.0,06:31:00,17:43:00
20274,1479270002,11/15/2016 12:00:00 AM,18:20:02,1.25,50.0,30.45,94.0,104.03,4.5,06:31:00,17:43:00
20275,1479269702,11/15/2016 12:00:00 AM,18:15:02,1.22,50.0,30.45,95.0,158.61,3.37,06:31:00,17:43:00
20276,1479269403,11/15/2016 12:00:00 AM,18:10:03,1.24,50.0,30.45,95.0,140.75,6.75,06:31:00,17:43:00
20277,1479269102,11/15/2016 12:00:00 AM,18:05:02,1.22,51.0,30.45,95.0,53.62,10.12,06:31:00,17:43:00
20278,1479268820,11/15/2016 12:00:00 AM,18:00:20,1.19,51.0,30.45,95.0,121.11,11.25,06:31:00,17:43:00
20279,1479268502,11/15/2016 12:00:00 AM,17:55:02,1.78,51.0,30.45,95.0,142.43,7.87,06:31:00,17:43:00
20280,1479268225,11/15/2016 12:00:00 AM,17:50:25,3.05,51.0,30.45,96.0,85.1,3.37,06:31:00,17:43:00
20281,1479267901,11/15/2016 12:00:00 AM,17:45:01,5.2,52.0,30.45,95.0,140.96,10.12,06:31:00,17:43:00
20282,1479267605,11/15/2016 12:00:00 AM,17:40:05,7.22,52.0,30.45,95.0,150.63,9.0,06:31:00,17:43:00
20283,1479267302,11/15/2016 12:00:00 AM,17:35:02,18.92,52.0,30.45,95.0,2.95,6.75,06:31:00,17:43:00
20284,1479267005,11/15/2016 12:00:00 AM,17:30:05,19.45,53.0,30.45,95.0,98.15,7.87,06:31:00,17:43:00
20285,1479266702,11/15/2016 12:00:00 AM,17:25:02,37.15,53.0,30.44,94.0,62.53,3.37,06:31:00,17:43:00
20286,1479266402,11/15/2016 12:00:00 AM,17:20:02,32.21,53.0,30.44,92.0,145.69,11.25,06:31:00,17:43:00
20287,1479266104,11/15/2016 12:00:00 AM,17:15:04,48.03,54.0,30.44,93.0,137.94,6.75,06:31:00,17:43:00
20288,1479265802,11/15/2016 12:00:00 AM,17:10:02,63.59,54.0,30.44,94.0,121.66,7.87,06:31:00,17:43:00
20289,1479265503,11/15/2016 12:00:00 AM,17:05:03,84.57,54.0,30.44,95.0,109.32,12.37,06:31:00,17:43:00
20290,1479265202,11/15/2016 12:00:00 AM,17:00:02,105.35,54.0,30.44,96.0,153.97,6.75,06:31:00,17:43:00
20291,1479264902,11/15/2016 12:00:00 AM,16:55:02,44.68,54.0,30.44,96.0,81.7,5.62,06:31:00,17:43:00
20292,1479264602,11/15/2016 12:00:00 AM,16:50:02,173.82,54.0,30.44,97.0,131.46,4.5,06:31:00,17:43:00
20293,1479264305,11/15/2016 12:00:00 AM,16:45:05,213.93,54.0,30.44,96.0,116.51,4.5,06:31:00,17:43:00
20294,1479264005,11/15/2016 12:00:00 AM,16:40:05,386.01,55.0,30.44,96.0,103.17,3.37,06:31:00,17:43:00
20295,1479263702,11/15/2016 12:00:00 AM,16:35:02,93.51,54.0,30.44,95.0,89.61,5.62,06:31:00,17:43:00
20296,1479263404,11/15/2016 12:00:00 AM,16:30:04,178.83,54.0,30.44,95.0,67.8,6.75,06:31:00,17:43:00
20297,1479263102,11/15/2016 12:00:00 AM,16:25:02,275.19,55.0,30.44,94.0,50.44,3.37,06:31:00,17:43:00
20298,1479262801,11/15/2016 12:00:00 AM,16:20:01,261.44,56.0,30.44,93.0,71.07,6.75,06:31:00,17:43:00
20299,1479262502,11/15/2016 12:00:00 AM,16:15:02,371.56,56.0,30.44,90.0,65.67,4.5,06:31:00,17:43:00
20300,1479262204,11/15/2016 12:00:00 AM,16:10:04,511.34,57.0,30.44,89.0,27.85,13.5,06:31:00,17:43:00
20301,1479261902,11/15/2016 12:00:00 AM,16:05:02,490.58,58.0,30.44,85.0,99.08,2.25,06:31:00,17:43:00
20302,1479261604,11/15/2016 12:00:00 AM,16:00:04,521.0,58.0,30.44,84.0,358.02,2.25,06:31:00,17:43:00
20303,1479261302,11/15/2016 12:00:00 AM,15:55:02,422.38,58.0,30.44,84.0,136.15,11.25,06:31:00,17:43:00
20304,1479261002,11/15/2016 12:00:00 AM,15:50:02,474.65,58.0,30.44,85.0,109.11,3.37,06:31:00,17:43:00
20305,1479260702,11/15/2016 12:00:00 AM,15:45:02,517.74,58.0,30.44,85.0,161.75,6.75,06:31:00,17:43:00
20306,1479260402,11/15/2016 12:00:00 AM,15:40:02,522.21,57.0,30.44,88.0,118.45,10.12,06:31:00,17:43:00
20307,1479260101,11/15/2016 12:00:00 AM,15:35:01,600.76,56.0,30.44,90.0,116.36,6.75,06:31:00,17:43:00
20308,1479259802,11/15/2016 12:00:00 AM,15:30:02,524.55,56.0,30.44,91.0,50.96,5.62,06:31:00,17:43:00
20309,1479259502,11/15/2016 12:00:00 AM,15:25:02,174.84,56.0,30.44,92.0,62.69,9.0,06:31:00,17:43:00
20310,1479259203,11/15/2016 12:00:00 AM,15:20:03,244.05,56.0,30.44,94.0,69.94,7.87,06:31:00,17:43:00
20311,1479258902,11/15/2016 12:00:00 AM,15:15:02,311.69,56.0,30.44,92.0,102.55,7.87,06:31:00,17:43:00
20312,1479258605,11/15/2016 12:00:00 AM,15:10:05,312.55,57.0,30.44,92.0,98.95,9.0,06:31:00,17:43:00
20313,1479258302,11/15/2016 12:00:00 AM,15:05:02,675.87,58.0,30.44,88.0,109.46,4.5,06:31:00,17:43:00
20314,1479258004,11/15/2016 12:00:00 AM,15:00:04,596.49,58.0,30.44,85.0,104.71,5.62,06:31:00,17:43:00
20315,1479257703,11/15/2016 12:00:00 AM,14:55:03,635.75,58.0,30.44,84.0,121.81,3.37,06:31:00,17:43:00
20316,1479257402,11/15/2016 12:00:00 AM,14:50:02,786.84,58.0,30.44,86.0,80.66,3.37,06:31:00,17:43:00
20317,1479257104,11/15/2016 12:00:00 AM,14:45:04,804.04,58.0,30.44,81.0,194.12,3.37,06:31:00,17:43:00
20318,1479256802,11/15/2016 12:00:00 AM,14:40:02,687.42,58.0,30.44,79.0,108.74,7.87,06:31:00,17:43:00
20319,1479256501,11/15/2016 12:00:00 AM,14:35:01,699.47,57.0,30.44,81.0,156.58,10.12,06:31:00,17:43:00
20320,1479256202,11/15/2016 12:00:00 AM,14:30:02,708.35,57.0,30.44,84.0,28.26,13.5,06:31:00,17:43:00
20321,1479255902,11/15/2016 12:00:00 AM,14:25:02,721.77,56.0,30.44,86.0,130.82,12.37,06:31:00,17:43:00
20322,1479255602,11/15/2016 12:00:00 AM,14:20:02,735.96,56.0,30.44,87.0,115.54,10.12,06:31:00,17:43:00
20323,1479255301,11/15/2016 12:00:00 AM,14:15:01,785.68,56.0,30.44,90.0,32.46,3.37,06:31:00,17:43:00
20324,1479255001,11/15/2016 12:00:00 AM,14:10:01,894.42,56.0,30.44,89.0,121.47,9.0,06:31:00,17:43:00
20325,1479254702,11/15/2016 12:00:00 AM,14:05:02,704.46,56.0,30.44,89.0,92.6,3.37,06:31:00,17:43:00
20326,1479254401,11/15/2016 12:00:00 AM,14:00:01,816.16,55.0,30.44,90.0,51.65,6.75,06:31:00,17:43:00
20327,1479254102,11/15/2016 12:00:00 AM,13:55:02,690.05,56.0,30.44,90.0,112.03,3.37,06:31:00,17:43:00
20328,1479253805,11/15/2016 12:00:00 AM,13:50:05,667.36,56.0,30.44,87.0,102.15,9.0,06:31:00,17:43:00
20329,1479253502,11/15/2016 12:00:00 AM,13:45:02,795.58,57.0,30.44,84.0,79.48,6.229096658193317,06:31:00,17:43:00
20330,1479253202,11/15/2016 12:00:00 AM,13:40:02,877.35,57.0,30.44,83.0,32.52,4.5,06:31:00,17:43:00
20331,1479252901,11/15/2016 12:00:00 AM,13:35:01,906.32,57.0,30.44,83.0,53.54,6.75,06:31:00,17:43:00
20332,1479252602,11/15/2016 12:00:00 AM,13:30:02,836.67,57.0,30.45,83.0,55.59,7.87,06:31:00,17:43:00
20333,1479252301,11/15/2016 12:00:00 AM,13:25:01,857.42,58.0,30.45,84.0,105.95,6.75,06:31:00,17:43:00
20334,1479252002,11/15/2016 12:00:00 AM,13:20:02,1008.91,57.0,30.45,78.0,177.61,4.5,06:31:00,17:43:00
20335,1479251701,11/15/2016 12:00:00 AM,13:15:01,855.98,57.0,30.45,80.0,128.45,5.62,06:31:00,17:43:00
20336,1479251404,11/15/2016 12:00:00 AM,13:10:04,866.45,56.0,30.45,83.0,113.58,16.87,06:31:00,17:43:00
20337,1479251102,11/15/2016 12:00:00 AM,13:05:02,863.92,55.0,30.45,82.0,137.14,11.25,06:31:00,17:43:00
20338,1479250801,11/15/2016 12:00:00 AM,13:00:01,861.51,54.0,30.45,92.0,62.55,7.87,06:31:00,17:43:00
20339,1479250502,11/15/2016 12:00:00 AM,12:55:02,885.92,54.0,30.45,98.0,203.59,5.62,06:31:00,17:43:00
20340,1479250202,11/15/2016 12:00:00 AM,12:50:02,865.68,54.0,30.45,100.0,52.39,1.12,06:31:00,17:43:00
20341,1479249902,11/15/2016 12:00:00 AM,12:45:02,1189.26,54.0,30.45,100.0,122.2,6.75,06:31:00,17:43:00
20342,1479249602,11/15/2016 12:00:00 AM,12:40:02,593.06,54.0,30.45,99.0,32.96,14.62,06:31:00,17:43:00
20343,1479249305,11/15/2016 12:00:00 AM,12:35:05,578.31,55.0,30.46,100.0,49.25,6.75,06:31:00,17:43:00
20344,1479249002,11/15/2016 12:00:00 AM,12:30:02,947.58,54.0,30.45,99.0,22.22,9.0,06:31:00,17:43:00
20345,1479248702,11/15/2016 12:00:00 AM,12:25:02,733.78,54.0,30.46,99.0,226.26,3.37,06:31:00,17:43:00
20346,1479248402,11/15/2016 12:00:00 AM,12:20:02,449.94,54.0,30.46,98.0,27.92,11.25,06:31:00,17:43:00
20347,1479248104,11/15/2016 12:00:00 AM,12:15:04,581.54,55.0,30.46,97.0,359.94,2.25,06:31:00,17:43:00
20348,1479247801,11/15/2016 12:00:00 AM,12:10:01,332.91,55.0,30.46,97.0,0.11,5.62,06:31:00,17:43:00
20349,1479247504,11/15/2016 12:00:00 AM,12:05:04,455.02,55.0,30.46,97.0,31.15,4.5,06:31:00,17:43:00
20350,1479247201,11/15/2016 12:00:00 AM,12:00:01,723.35,54.0,30.46,96.0,40.03,1.12,06:31:00,17:43:00
20351,1479246904,11/15/2016 12:00:00 AM,11:55:04,712.43,54.0,30.46,95.0,213.49,4.5,06:31:00,17:43:00
20352,1479246602,11/15/2016 12:00:00 AM,11:50:02,368.73,54.0,30.47,96.0,30.23,4.5,06:31:00,17:43:00
20353,1479246302,11/15/2016 12:00:00 AM,11:45:02,239.56,55.0,30.47,96.0,143.54770303349548,9.0,06:31:00,17:43:00
20354,1479246001,11/15/2016 12:00:00 AM,11:40:01,860.42,55.0,30.47,98.0,55.47,9.0,06:31:00,17:43:00
20355,1479245703,11/15/2016 12:00:00 AM,11:35:03,750.09,55.0,30.47,99.0,88.42,7.87,06:31:00,17:43:00
20356,1479245402,11/15/2016 12:00:00 AM,11:30:02,403.62,55.0,30.47,99.0,114.11,11.25,06:31:00,17:43:00
20357,1479245107,11/15/2016 12:00:00 AM,11:25:07,723.31,55.0,30.47,99.0,56.43,6.75,06:31:00,17:43:00
20358,1479244802,11/15/2016 12:00:00 AM,11:20:02,661.81,54.0,30.48,99.0,70.6,6.75,06:31:00,17:43:00
20359,1479244501,11/15/2016 12:00:00 AM,11:15:01,736.17,54.0,30.48,99.0,78.99,9.0,06:31:00,17:43:00
20360,1479244202,11/15/2016 12:00:00 AM,11:10:02,407.69,54.0,30.48,99.0,58.0,9.0,06:31:00,17:43:00
20361,1479243902,11/15/2016 12:00:00 AM,11:05:02,494.62,54.0,30.48,99.0,98.03,7.87,06:31:00,17:43:00
20362,1479243604,11/15/2016 12:00:00 AM,11:00:04,586.2,54.0,30.48,99.0,46.98,7.87,06:31:00,17:43:00
20363,1479243301,11/15/2016 12:00:00 AM,10:55:01,699.08,54.0,30.48,99.0,74.01,5.62,06:31:00,17:43:00
20364,1479243004,11/15/2016 12:00:00 AM,10:50:04,738.96,54.0,30.49,98.0,107.23,4.5,06:31:00,17:43:00
20365,1479242701,11/15/2016 12:00:00 AM,10:45:01,388.14,54.0,30.48,98.0,138.99,5.62,06:31:00,17:43:00
20366,1479242403,11/15/2016 12:00:00 AM,10:40:03,498.79,54.0,30.49,98.0,18.31,5.62,06:31:00,17:43:00
20367,1479242101,11/15/2016 12:00:00 AM,10:35:01,463.39,54.0,30.49,97.0,223.71,4.5,06:31:00,17:43:00
20368,1479241804,11/15/2016 12:00:00 AM,10:30:04,428.82,54.0,30.49,96.0,150.98,5.62,06:31:00,17:43:00
20369,1479241501,11/15/2016 12:00:00 AM,10:25:01,442.22,54.0,30.49,96.0,127.9,9.0,06:31:00,17:43:00
20370,1479241202,11/15/2016 12:00:00 AM,10:20:02,428.86,53.0,30.49,96.0,122.03,7.87,06:31:00,17:43:00
20371,1479240901,11/15/2016 12:00:00 AM,10:15:01,659.05,53.0,30.49,96.0,96.11,4.5,06:31:00,17:43:00
20372,1479240602,11/15/2016 12:00:00 AM,10:10:02,440.41,53.0,30.49,96.0,107.97,9.0,06:31:00,17:43:00
20373,1479240302,11/15/2016 12:00:00 AM,10:05:02,334.72,53.0,30.5,94.0,128.94,5.62,06:31:00,17:43:00
20374,1479240004,11/15/2016 12:00:00 AM,10:00:04,442.75,53.0,30.5,94.0,93.36,13.5,06:31:00,17:43:00
20375,1479239701,11/15/2016 12:00:00 AM,09:55:01,641.59,52.0,30.5,94.0,102.32,7.87,06:31:00,17:43:00
20376,1479239401,11/15/2016 12:00:00 AM,09:50:01,278.26,53.0,30.49,94.0,348.17,3.37,06:31:00,17:43:00
20377,1479239102,11/15/2016 12:00:00 AM,09:45:02,422.0,53.0,30.49,93.0,4.76,5.62,06:31:00,17:43:00
20378,1479238801,11/15/2016 12:00:00 AM,09:40:01,492.28,52.0,30.49,93.0,155.72,7.87,06:31:00,17:43:00
20379,1479238505,11/15/2016 12:00:00 AM,09:35:05,297.89,53.0,30.49,91.0,47.05,5.62,06:31:00,17:43:00
20380,1479238205,11/15/2016 12:00:00 AM,09:30:05,336.46,53.0,30.49,88.0,123.51,13.5,06:31:00,17:43:00
20381,1479237901,11/15/2016 12:00:00 AM,09:25:01,314.46,54.0,30.49,85.0,139.85,13.5,06:31:00,17:43:00
20382,1479237601,11/15/2016 12:00:00 AM,09:20:01,528.97,53.0,30.49,82.0,98.37,7.87,06:31:00,17:43:00
20383,1479237301,11/15/2016 12:00:00 AM,09:15:01,612.83,53.0,30.49,81.0,130.78,13.5,06:31:00,17:43:00
20384,1479237004,11/15/2016 12:00:00 AM,09:10:04,629.82,53.0,30.48,79.0,136.41,12.37,06:31:00,17:43:00
20385,1479236705,11/15/2016 12:00:00 AM,09:05:05,586.53,53.0,30.48,75.0,77.21,13.5,06:31:00,17:43:00
20386,1479236402,11/15/2016 12:00:00 AM,09:00:02,562.58,52.0,30.48,74.0,49.0,2.25,06:31:00,17:43:00
20387,1479236102,11/15/2016 12:00:00 AM,08:55:02,544.85,52.0,30.47,72.0,52.25,4.5,06:31:00,17:43:00
20388,1479235802,11/15/2016 12:00:00 AM,08:50:02,528.35,52.0,30.48,70.0,21.28,2.25,06:31:00,17:43:00
20389,1479235506,11/15/2016 12:00:00 AM,08:45:06,510.36,51.0,30.48,71.0,116.53,7.87,06:31:00,17:43:00
20390,1479235201,11/15/2016 12:00:00 AM,08:40:01,494.04,51.0,30.47,69.0,323.38,5.62,06:31:00,17:43:00
20391,1479234901,11/15/2016 12:00:00 AM,08:35:01,476.43,51.0,30.47,67.0,60.76,6.75,06:31:00,17:43:00
20392,1479234602,11/15/2016 12:00:00 AM,08:30:02,457.2,51.0,30.47,70.0,300.16,3.37,06:31:00,17:43:00
20393,1479234304,11/15/2016 12:00:00 AM,08:25:04,439.72,51.0,30.47,59.0,41.8,3.37,06:31:00,17:43:00
20394,1479234002,11/15/2016 12:00:00 AM,08:20:02,421.54,51.0,30.47,54.0,123.74,4.5,06:31:00,17:43:00
20395,1479233701,11/15/2016 12:00:00 AM,08:15:01,402.68,51.0,30.47,52.0,119.42,7.87,06:31:00,17:43:00
20396,1479233401,11/15/2016 12:00:00 AM,08:10:01,382.78,51.0,30.47,52.0,83.12,5.62,06:31:00,17:43:00
20397,1479233101,11/15/2016 12:00:00 AM,08:05:01,363.26,51.0,30.47,51.0,51.39,7.87,06:31:00,17:43:00
20398,1479232802,11/15/2016 12:00:00 AM,08:00:02,343.48,50.0,30.47,51.0,126.05,9.0,06:31:00,17:43:00
20399,1479232501,11/15/2016 12:00:00 AM,07:55:01,319.86,49.0,30.47,50.0,127.78,11.25,06:31:00,17:43:00
20400,1479232204,11/15/2016 12:00:00 AM,07:50:04,294.61,48.0,30.47,50.0,132.04,3.37,06:31:00,17:43:00
20401,1479231901,11/15/2016 12:00:00 AM,07:45:01,267.77,47.0,30.46,51.0,138.73,10.12,06:31:00,17:43:00
20402,1479231602,11/15/2016 12:00:00 AM,07:40:02,24.57,47.0,30.46,53.0,157.93,4.5,06:31:00,17:43:00
20403,1479231301,11/15/2016 12:00:00 AM,07:35:01,22.09,46.0,30.46,54.0,150.96,4.5,06:31:00,17:43:00
20404,1479231002,11/15/2016 12:00:00 AM,07:30:02,21.5,46.0,30.46,55.0,128.76,6.75,06:31:00,17:43:00
20405,1479230701,11/15/2016 12:00:00 AM,07:25:01,20.91,46.0,30.46,55.0,158.18,9.0,06:31:00,17:43:00
20406,1479230403,11/15/2016 12:00:00 AM,07:20:03,20.22,45.0,30.46,54.0,162.08,7.87,06:31:00,17:43:00
20407,1479230101,11/15/2016 12:00:00 AM,07:15:01,19.5,45.0,30.46,52.0,171.32,4.5,06:31:00,17:43:00
20408,1479229802,11/15/2016 12:00:00 AM,07:10:02,18.63,45.0,30.45,50.0,168.97,6.75,06:31:00,17:43:00
20409,1479229504,11/15/2016 12:00:00 AM,07:05:04,17.68,45.0,30.45,49.0,177.66,5.62,06:31:00,17:43:00
20410,1479229202,11/15/2016 12:00:00 AM,07:00:02,16.6,44.0,30.45,49.0,147.12,15.75,06:31:00,17:43:00
20411,1479228902,11/15/2016 12:00:00 AM,06:55:02,15.25,44.0,30.45,50.0,165.2,12.37,06:31:00,17:43:00
20412,1479228602,11/15/2016 12:00:00 AM,06:50:02,13.74,44.0,30.44,50.0,154.33,14.62,06:31:00,17:43:00
20413,1479228301,11/15/2016 12:00:00 AM,06:45:01,12.03,44.0,30.44,51.0,167.19,15.75,06:31:00,17:43:00
20414,1479228002,11/15/2016 12:00:00 AM,06:40:02,10.09,44.0,30.44,52.0,176.71,12.37,06:31:00,17:43:00
20415,1479227701,11/15/2016 12:00:00 AM,06:35:01,7.99,44.0,30.44,52.0,177.18,11.25,06:31:00,17:43:00
20416,1479227402,11/15/2016 12:00:00 AM,06:30:02,5.86,44.0,30.44,51.0,167.66,10.12,06:31:00,17:43:00
20417,1479227102,11/15/2016 12:00:00 AM,06:25:02,3.68,44.0,30.44,53.0,173.2,12.37,06:31:00,17:43:00
20418,1479226802,11/15/2016 12:00:00 AM,06:20:02,2.14,44.0,30.44,52.0,154.35,16.87,06:31:00,17:43:00
20419,1479226503,11/15/2016 12:00:00 AM,06:15:03,1.21,44.0,30.44,53.0,168.26,11.25,06:31:00,17:43:00
20420,1479226204,11/15/2016 12:00:00 AM,06:10:04,1.2,44.0,30.44,54.0,157.72,10.12,06:31:00,17:43:00
20421,1479225901,11/15/2016 12:00:00 AM,06:05:01,1.21,44.0,30.44,55.0,149.14,12.37,06:31:00,17:43:00
20422,1479225603,11/15/2016 12:00:00 AM,06:00:03,1.2,44.0,30.44,55.0,164.19,10.12,06:31:00,17:43:00
20423,1479225301,11/15/2016 12:00:00 AM,05:55:01,1.2,44.0,30.44,54.0,168.28,7.87,06:31:00,17:43:00
20424,1479225001,11/15/2016 12:00:00 AM,05:50:01,1.21,44.0,30.44,54.0,167.44,10.12,06:31:00,17:43:00
20425,1479224702,11/15/2016 12:00:00 AM,05:45:02,1.19,44.0,30.44,54.0,179.39,10.12,06:31:00,17:43:00
20426,1479224401,11/15/2016 12:00:00 AM,05:40:01,1.19,44.0,30.43,55.0,123.75,9.0,06:31:00,17:43:00
20427,1479224101,11/15/2016 12:00:00 AM,05:35:01,1.18,45.0,30.43,55.0,155.88,6.229096658193317,06:31:00,17:43:00
20428,1479223801,11/15/2016 12:00:00 AM,05:30:01,1.19,45.0,30.43,53.0,184.55,10.12,06:31:00,17:43:00
20429,1479223501,11/15/2016 12:00:00 AM,05:25:01,1.18,45.0,30.43,52.0,140.28,10.12,06:31:00,17:43:00
20430,1479223202,11/15/2016 12:00:00 AM,05:20:02,1.22,45.0,30.43,53.0,138.06,10.12,06:31:00,17:43:00
20431,1479222902,11/15/2016 12:00:00 AM,05:15:02,1.23,45.0,30.42,54.0,156.99,11.25,06:31:00,17:43:00
20432,1479222602,11/15/2016 12:00:00 AM,05:10:02,1.19,45.0,30.42,55.0,170.26,13.5,06:31:00,17:43:00
20433,1479222301,11/15/2016 12:00:00 AM,05:05:01,1.19,45.0,30.42,53.0,137.62,10.12,06:31:00,17:43:00
20434,1479222004,11/15/2016 12:00:00 AM,05:00:04,1.21,45.0,30.42,53.0,158.18,11.25,06:31:00,17:43:00
20435,1479221701,11/15/2016 12:00:00 AM,04:55:01,1.24,45.0,30.423028000868246,54.0,147.48,10.12,06:31:00,17:43:00
20436,1479221401,11/15/2016 12:00:00 AM,04:50:01,1.21,44.0,30.42,55.0,120.57,6.75,06:31:00,17:43:00
20437,1479221101,11/15/2016 12:00:00 AM,04:45:01,1.21,45.0,30.42,57.0,171.53,10.12,06:31:00,17:43:00
20438,1479220801,11/15/2016 12:00:00 AM,04:40:01,1.2,45.0,30.42,56.0,144.51,13.5,06:31:00,17:43:00
20439,1479220502,11/15/2016 12:00:00 AM,04:35:02,1.23,44.0,30.42,55.0,156.52,9.0,06:31:00,17:43:00
20440,1479220201,11/15/2016 12:00:00 AM,04:30:01,1.23,44.0,30.42,56.0,179.38,12.37,06:31:00,17:43:00
20441,1479219902,11/15/2016 12:00:00 AM,04:25:02,1.23,44.0,30.43,57.0,149.57,10.12,06:31:00,17:43:00
20442,1479219603,11/15/2016 12:00:00 AM,04:20:03,1.22,44.0,30.42,56.0,160.84,10.12,06:31:00,17:43:00
20443,1479219302,11/15/2016 12:00:00 AM,04:15:02,1.22,44.0,30.43,57.0,143.98,14.62,06:31:00,17:43:00
20444,1479219002,11/15/2016 12:00:00 AM,04:10:02,1.2,44.0,30.43,58.0,176.78,7.87,06:31:00,17:43:00
20445,1479218701,11/15/2016 12:00:00 AM,04:05:01,1.21,44.0,30.43,58.0,151.95,9.0,06:31:00,17:43:00
20446,1479218405,11/15/2016 12:00:00 AM,04:00:05,1.22,44.0,30.43,60.0,150.39,7.87,06:31:00,17:43:00
20447,1479218102,11/15/2016 12:00:00 AM,03:55:02,1.21,44.0,30.43,60.0,164.77,7.87,06:31:00,17:43:00
20448,1479217801,11/15/2016 12:00:00 AM,03:50:01,1.21,44.0,30.43,62.0,163.9,7.87,06:31:00,17:43:00
20449,1479217501,11/15/2016 12:00:00 AM,03:45:01,1.18,44.0,30.43,63.0,145.55,10.12,06:31:00,17:43:00
20450,1479217207,11/15/2016 12:00:00 AM,03:40:07,1.21,44.0,30.43,64.0,157.53,11.25,06:31:00,17:43:00
20451,1479216905,11/15/2016 12:00:00 AM,03:35:05,1.18,44.0,30.43,67.0,163.64,7.87,06:31:00,17:43:00
20452,1479216601,11/15/2016 12:00:00 AM,03:30:01,1.22,44.0,30.43,68.0,170.03,11.25,06:31:00,17:43:00
20453,1479216302,11/15/2016 12:00:00 AM,03:25:02,1.22,44.0,30.43,70.0,166.99,6.75,06:31:00,17:43:00
20454,1479216002,11/15/2016 12:00:00 AM,03:20:02,1.2,44.0,30.43,70.0,141.74,7.87,06:31:00,17:43:00
20455,1479215702,11/15/2016 12:00:00 AM,03:15:02,1.22,45.0,30.43,70.0,158.84,9.0,06:31:00,17:43:00
20456,1479215402,11/15/2016 12:00:00 AM,03:10:02,1.22,45.0,30.43,70.0,153.71,9.0,06:31:00,17:43:00
20457,1479215102,11/15/2016 12:00:00 AM,03:05:02,1.19,45.0,30.43,71.0,153.23,10.12,06:31:00,17:43:00
20458,1479214807,11/15/2016 12:00:00 AM,03:00:07,1.22,45.0,30.43,71.0,139.18,7.87,06:31:00,17:43:00
20459,1479214503,11/15/2016 12:00:00 AM,02:55:03,1.23,44.0,30.43,73.0,143.39,11.25,06:31:00,17:43:00
20460,1479214202,11/15/2016 12:00:00 AM,02:50:02,1.22,44.0,30.43,75.0,167.54,13.5,06:31:00,17:43:00
20461,1479213904,11/15/2016 12:00:00 AM,02:45:04,1.19,44.0,30.43,78.0,159.38,9.0,06:31:00,17:43:00
20462,1479213602,11/15/2016 12:00:00 AM,02:40:02,1.2,44.0,30.43,79.0,160.73,9.0,06:31:00,17:43:00
20463,1479213304,11/15/2016 12:00:00 AM,02:35:04,1.19,44.0,30.44,78.0,164.0,9.0,06:31:00,17:43:00
20464,1479213002,11/15/2016 12:00:00 AM,02:30:02,1.21,44.0,30.44,79.0,195.11,9.0,06:31:00,17:43:00
20465,1479212701,11/15/2016 12:00:00 AM,02:25:01,1.23,44.0,30.44,79.0,138.1,7.87,06:31:00,17:43:00
20466,1479212403,11/15/2016 12:00:00 AM,02:20:03,1.22,44.0,30.44,78.0,183.4,3.37,06:31:00,17:43:00
20467,1479212101,11/15/2016 12:00:00 AM,02:15:01,1.2,45.0,30.44,79.0,161.73,3.37,06:31:00,17:43:00
20468,1479211802,11/15/2016 12:00:00 AM,02:10:02,1.2,45.0,30.44,78.0,175.38,7.87,06:31:00,17:43:00
20469,1479211501,11/15/2016 12:00:00 AM,02:05:01,1.2,45.0,30.44,78.0,152.17,9.0,06:31:00,17:43:00
20470,1479211202,11/15/2016 12:00:00 AM,02:00:02,1.2,45.0,30.44,79.0,182.32,9.0,06:31:00,17:43:00
20471,1479210902,11/15/2016 12:00:00 AM,01:55:02,1.2,44.0,30.44,79.0,175.08,9.0,06:31:00,17:43:00
20472,1479210604,11/15/2016 12:00:00 AM,01:50:04,1.21,45.0,30.44,79.0,159.31,9.0,06:31:00,17:43:00
20473,1479210305,11/15/2016 12:00:00 AM,01:45:05,1.21,45.0,30.44,79.0,175.46,10.12,06:31:00,17:43:00
20474,1479210001,11/15/2016 12:00:00 AM,01:40:01,1.21,44.0,30.44,80.0,142.09,10.12,06:31:00,17:43:00
20475,1479209702,11/15/2016 12:00:00 AM,01:35:02,1.2,44.0,30.44,80.0,174.75,10.12,06:31:00,17:43:00
20476,1479209401,11/15/2016 12:00:00 AM,01:30:01,1.21,44.0,30.44,79.0,164.9,13.5,06:31:00,17:43:00
20477,1479209103,11/15/2016 12:00:00 AM,01:25:03,1.2,44.0,30.45,79.0,182.56,9.0,06:31:00,17:43:00
20478,1479208802,11/15/2016 12:00:00 AM,01:20:02,1.22,44.0,30.45,79.0,157.77,10.12,06:31:00,17:43:00
20479,1479208501,11/15/2016 12:00:00 AM,01:15:01,1.22,44.0,30.45,79.0,184.27,10.12,06:31:00,17:43:00
20480,1479208204,11/15/2016 12:00:00 AM,01:10:04,1.21,44.0,30.45,79.0,170.46,9.0,06:31:00,17:43:00
20481,1479207902,11/15/2016 12:00:00 AM,01:05:02,1.24,44.0,30.45,79.0,164.66,7.87,06:31:00,17:43:00
20482,1479207605,11/15/2016 12:00:00 AM,01:00:05,1.19,44.0,30.45,78.0,177.48,11.25,06:31:00,17:43:00
20483,1479207301,11/15/2016 12:00:00 AM,00:55:01,1.19,44.0,30.45,77.0,143.54770303349548,10.12,06:31:00,17:43:00
20484,1479207001,11/15/2016 12:00:00 AM,00:50:01,1.22,44.0,30.46,78.0,157.31,10.12,06:31:00,17:43:00
20485,1479206703,11/15/2016 12:00:00 AM,00:45:03,1.19,44.0,30.46,78.0,179.43,6.75,06:31:00,17:43:00
20486,1479206402,11/15/2016 12:00:00 AM,00:40:02,1.22,44.0,30.46,78.0,152.5,9.0,06:31:00,17:43:00
20487,1479206102,11/15/2016 12:00:00 AM,00:35:02,1.22,44.0,30.46,78.0,142.78,11.25,06:31:00,17:43:00
20488,1479205801,11/15/2016 12:00:00 AM,00:30:01,1.19,44.0,30.46,79.0,163.41,9.0,06:31:00,17:43:00
20489,1479205502,11/15/2016 12:00:00 AM,00:25:02,1.21,45.0,30.46,79.0,172.58,11.25,06:31:00,17:43:00
20490,1479205203,11/15/2016 12:00:00 AM,00:20:03,1.2,45.0,30.46,79.0,157.97,12.37,06:31:00,17:43:00
20491,1479204901,11/15/2016 12:00:00 AM,00:15:01,1.19,45.0,30.46,80.0,159.44,9.0,06:31:00,17:43:00
20492,1479204604,11/15/2016 12:00:00 AM,00:10:04,1.2,45.0,30.46,79.0,170.74,5.62,06:31:00,17:43:00
20493,1479204303,11/15/2016 12:00:00 AM,00:05:03,1.17,45.0,30.46,79.0,174.62,2.25,06:31:00,17:43:00
20494,1479204007,11/15/2016 12:00:00 AM,00:00:07,1.22,45.0,30.46,80.0,171.25,4.5,06:31:00,17:43:00
20495,1479203707,11/14/2016 12:00:00 AM,23:55:07,1.2,45.0,30.46,80.0,126.56,7.87,06:31:00,17:43:00
20496,1479203402,11/14/2016 12:00:00 AM,23:50:02,1.21,46.0,30.46,80.0,173.32,7.87,06:31:00,17:43:00
20497,1479203103,11/14/2016 12:00:00 AM,23:45:03,1.22,46.0,30.46,79.0,188.07,4.5,06:31:00,17:43:00
20498,1479202801,11/14/2016 12:00:00 AM,23:40:01,1.2,46.0,30.46,81.0,175.5,7.87,06:31:00,17:43:00
20499,1479202504,11/14/2016 12:00:00 AM,23:35:04,1.2,46.0,30.46,81.0,193.55,4.5,06:31:00,17:43:00
20500,1479202204,11/14/2016 12:00:00 AM,23:30:04,1.21,46.0,30.47,82.0,179.72,7.87,06:31:00,17:43:00
20501,1479201901,11/14/2016 12:00:00 AM,23:25:01,1.18,46.0,30.47,83.0,147.47,6.75,06:31:00,17:43:00
20502,1479201605,11/14/2016 12:00:00 AM,23:20:05,1.23,46.0,30.47,84.0,150.73,7.87,06:31:00,17:43:00
20503,1479201301,11/14/2016 12:00:00 AM,23:15:01,1.18,45.0,30.47,86.0,174.8,9.0,06:31:00,17:43:00
20504,1479201002,11/14/2016 12:00:00 AM,23:10:02,1.18,45.0,30.47,89.0,174.7,13.5,06:31:00,17:43:00
20505,1479200701,11/14/2016 12:00:00 AM,23:05:01,1.2,45.0,30.47,92.0,178.22,7.87,06:31:00,17:43:00
20506,1479200402,11/14/2016 12:00:00 AM,23:00:02,1.22,45.0,30.47,98.0,152.48,7.87,06:31:00,17:43:00
20507,1479200102,11/14/2016 12:00:00 AM,22:55:02,1.23,46.0,30.47,101.0,159.09,13.5,06:31:00,17:43:00
20508,1479199801,11/14/2016 12:00:00 AM,22:50:01,1.25,46.0,30.47,102.0,140.26,10.12,06:31:00,17:43:00
20509,1479199501,11/14/2016 12:00:00 AM,22:45:01,1.23,47.0,30.47,102.0,165.66,10.12,06:31:00,17:43:00
20510,1479199202,11/14/2016 12:00:00 AM,22:40:02,1.2,47.0,30.47,102.0,123.52,5.62,06:31:00,17:43:00
20511,1479198902,11/14/2016 12:00:00 AM,22:35:02,1.2,47.0,30.47,102.0,136.6,12.37,06:31:00,17:43:00
20512,1479198604,11/14/2016 12:00:00 AM,22:30:04,1.23,47.0,30.48,102.0,137.9,5.62,06:31:00,17:43:00
20513,1479198301,11/14/2016 12:00:00 AM,22:25:01,1.21,48.0,30.48,102.0,129.97,11.25,06:31:00,17:43:00
20514,1479198004,11/14/2016 12:00:00 AM,22:20:04,1.19,48.0,30.48,102.0,145.24,7.87,06:31:00,17:43:00
20515,1479197704,11/14/2016 12:00:00 AM,22:15:04,1.22,48.0,30.48,102.0,146.26,1.12,06:31:00,17:43:00
20516,1479197402,11/14/2016 12:00:00 AM,22:10:02,1.22,48.0,30.48,102.0,168.65,4.5,06:31:00,17:43:00
20517,1479197102,11/14/2016 12:00:00 AM,22:05:02,1.22,48.0,30.48,102.0,159.68,4.5,06:31:00,17:43:00
20518,1479196802,11/14/2016 12:00:00 AM,22:00:02,1.28,48.0,30.48,102.0,166.42,4.5,06:31:00,17:43:00
20519,1479196502,11/14/2016 12:00:00 AM,21:55:02,1.2,48.0,30.48,102.0,158.03,3.37,06:31:00,17:43:00
20520,1479196202,11/14/2016 12:00:00 AM,21:50:02,1.23,48.0,30.48,102.0,39.03,3.37,06:31:00,17:43:00
20521,1479195902,11/14/2016 12:00:00 AM,21:45:02,1.24,48.0,30.48,102.0,126.31,9.0,06:31:00,17:43:00
20522,1479195602,11/14/2016 12:00:00 AM,21:40:02,1.22,48.0,30.48,102.0,148.38,5.62,06:31:00,17:43:00
20523,1479195303,11/14/2016 12:00:00 AM,21:35:03,1.2,48.0,30.48,102.0,110.6,4.5,06:31:00,17:43:00
20524,1479195001,11/14/2016 12:00:00 AM,21:30:01,1.26,48.0,30.48,102.0,144.43,5.62,06:31:00,17:43:00
20525,1479194702,11/14/2016 12:00:00 AM,21:25:02,1.2,48.0,30.48,102.0,85.42,1.12,06:31:00,17:43:00
20526,1479194402,11/14/2016 12:00:00 AM,21:20:02,1.23,48.0,30.48,102.0,104.91,6.75,06:31:00,17:43:00
20527,1479194103,11/14/2016 12:00:00 AM,21:15:03,1.23,48.0,30.48,102.0,117.28,4.5,06:31:00,17:43:00
20528,1479193807,11/14/2016 12:00:00 AM,21:10:07,1.23,48.0,30.47,102.0,119.92,4.5,06:31:00,17:43:00
20529,1479193502,11/14/2016 12:00:00 AM,21:05:02,1.22,49.0,30.47,102.0,99.71,2.25,06:31:00,17:43:00
20530,1479193201,11/14/2016 12:00:00 AM,21:00:01,1.26,49.0,30.47,102.0,143.23,6.75,06:31:00,17:43:00
20531,1479192904,11/14/2016 12:00:00 AM,20:55:04,1.24,49.0,30.48,102.0,84.38,5.62,06:31:00,17:43:00
20532,1479192605,11/14/2016 12:00:00 AM,20:50:05,1.2,49.0,30.47,102.0,106.67,3.37,06:31:00,17:43:00
20533,1479192301,11/14/2016 12:00:00 AM,20:45:01,1.22,49.0,30.48,102.0,153.79,4.5,06:31:00,17:43:00
20534,1479192001,11/14/2016 12:00:00 AM,20:40:01,1.23,49.0,30.48,102.0,24.05,2.25,06:31:00,17:43:00
20535,1479191702,11/14/2016 12:00:00 AM,20:35:02,1.2,49.0,30.48,102.0,87.75,1.12,06:31:00,17:43:00
20536,1479191402,11/14/2016 12:00:00 AM,20:30:02,1.23,49.0,30.48,102.0,127.36,2.25,06:31:00,17:43:00
20537,1479191104,11/14/2016 12:00:00 AM,20:25:04,1.21,49.0,30.47,102.0,123.33,6.75,06:31:00,17:43:00
20538,1479190810,11/14/2016 12:00:00 AM,20:20:10,1.2,49.0,30.48,102.0,154.64,5.62,06:31:00,17:43:00
20539,1479190504,11/14/2016 12:00:00 AM,20:15:04,1.2,49.0,30.48,102.0,150.35,5.62,06:31:00,17:43:00
20540,1479190207,11/14/2016 12:00:00 AM,20:10:07,1.21,49.0,30.47,102.0,82.26,1.12,06:31:00,17:43:00
20541,1479189903,11/14/2016 12:00:00 AM,20:05:03,1.25,49.0,30.47,102.0,86.86,7.87,06:31:00,17:43:00
20542,1479189601,11/14/2016 12:00:00 AM,20:00:01,1.22,49.0,30.48,101.0,103.28,5.62,06:31:00,17:43:00
20543,1479189301,11/14/2016 12:00:00 AM,19:55:01,1.21,49.0,30.48,101.0,67.04,3.37,06:31:00,17:43:00
20544,1479189001,11/14/2016 12:00:00 AM,19:50:01,1.22,50.0,30.48,101.0,56.48,6.75,06:31:00,17:43:00
20545,1479188702,11/14/2016 12:00:00 AM,19:45:02,1.25,50.0,30.48,101.0,89.37,2.25,06:31:00,17:43:00
20546,1479188402,11/14/2016 12:00:00 AM,19:40:02,1.2,50.0,30.47,101.0,82.55,4.5,06:31:00,17:43:00
20547,1479188102,11/14/2016 12:00:00 AM,19:35:02,1.2,50.0,30.47,101.0,98.79,2.25,06:31:00,17:43:00
20548,1479187802,11/14/2016 12:00:00 AM,19:30:02,1.23,50.0,30.47,101.0,89.14,9.0,06:31:00,17:43:00
20549,1479187502,11/14/2016 12:00:00 AM,19:25:02,1.22,50.0,30.47,101.0,102.54,4.5,06:31:00,17:43:00
20550,1479187202,11/14/2016 12:00:00 AM,19:20:02,1.22,50.0,30.47,101.0,115.45,6.75,06:31:00,17:43:00
20551,1479186908,11/14/2016 12:00:00 AM,19:15:08,1.21,50.0,30.47,101.0,87.73,2.25,06:31:00,17:43:00
20552,1479186602,11/14/2016 12:00:00 AM,19:10:02,1.21,50.0,30.47,101.0,52.61,4.5,06:31:00,17:43:00
20553,1479186301,11/14/2016 12:00:00 AM,19:05:01,1.24,50.0,30.47,101.0,99.88,6.75,06:31:00,17:43:00
20554,1479186005,11/14/2016 12:00:00 AM,19:00:05,1.22,50.0,30.47,101.0,82.34,3.37,06:31:00,17:43:00
20555,1479185701,11/14/2016 12:00:00 AM,18:55:01,1.2,50.0,30.47,101.0,74.8,10.12,06:31:00,17:43:00
20556,1479185402,11/14/2016 12:00:00 AM,18:50:02,1.24,50.0,30.47,101.0,78.2,3.37,06:31:00,17:43:00
20557,1479185102,11/14/2016 12:00:00 AM,18:45:02,1.23,51.0,30.46,101.0,55.52,3.37,06:31:00,17:43:00
20558,1479184801,11/14/2016 12:00:00 AM,18:40:01,1.23,51.0,30.46,101.0,53.5,2.25,06:31:00,17:43:00
20559,1479184504,11/14/2016 12:00:00 AM,18:35:04,1.22,51.0,30.46,101.0,50.99,2.25,06:31:00,17:43:00
20560,1479184201,11/14/2016 12:00:00 AM,18:30:01,1.23,51.0,30.46,101.0,122.56,1.12,06:31:00,17:43:00
20561,1479183901,11/14/2016 12:00:00 AM,18:25:01,1.23,51.0,30.46,101.0,94.39,6.75,06:31:00,17:43:00
20562,1479183607,11/14/2016 12:00:00 AM,18:20:07,1.24,51.0,30.46,101.0,109.04,2.25,06:31:00,17:43:00
20563,1479183301,11/14/2016 12:00:00 AM,18:15:01,1.22,51.0,30.46,100.0,103.04,3.37,06:31:00,17:43:00
20564,1479183001,11/14/2016 12:00:00 AM,18:10:01,1.24,51.0,30.45,100.0,90.15,5.62,06:31:00,17:43:00
20565,1479182702,11/14/2016 12:00:00 AM,18:05:02,1.21,51.0,30.45,100.0,160.07,2.25,06:31:00,17:43:00
20566,1479182401,11/14/2016 12:00:00 AM,18:00:01,1.27,51.0,30.45,100.0,76.3,10.12,06:31:00,17:43:00
20567,1479182116,11/14/2016 12:00:00 AM,17:55:16,1.25,51.0,30.45,100.0,41.97,4.5,06:31:00,17:43:00
20568,1479181801,11/14/2016 12:00:00 AM,17:50:01,1.9,51.0,30.45,100.0,128.51,2.25,06:31:00,17:43:00
20569,1479181502,11/14/2016 12:00:00 AM,17:45:02,3.02,51.0,30.45,100.0,88.71,1.12,06:31:00,17:43:00
20570,1479181204,11/14/2016 12:00:00 AM,17:40:04,5.43,51.0,30.45,99.0,125.24,5.62,06:31:00,17:43:00
20571,1479180903,11/14/2016 12:00:00 AM,17:35:03,9.74,51.16507236474315,30.45,99.0,134.17,6.75,06:31:00,17:43:00
20572,1479180602,11/14/2016 12:00:00 AM,17:30:02,14.83,52.0,30.45,99.0,101.04,4.5,06:31:00,17:43:00
20573,1479180302,11/14/2016 12:00:00 AM,17:25:02,62.56,52.0,30.44,98.0,76.19,1.12,06:31:00,17:43:00
20574,1479180001,11/14/2016 12:00:00 AM,17:20:01,109.93,52.0,30.44,98.0,100.35,5.62,06:31:00,17:43:00
20575,1479179704,11/14/2016 12:00:00 AM,17:15:04,139.61,52.0,30.44,100.0,107.95,7.87,06:31:00,17:43:00
20576,1479179405,11/14/2016 12:00:00 AM,17:10:05,157.9,52.0,30.44,100.0,107.47,5.62,06:31:00,17:43:00
20577,1479179107,11/14/2016 12:00:00 AM,17:05:07,161.85,52.0,30.44,101.0,129.84,6.75,06:31:00,17:43:00
20578,1479178805,11/14/2016 12:00:00 AM,17:00:05,236.46,52.0,30.44,101.0,159.71,9.0,06:31:00,17:43:00
20579,1479178502,11/14/2016 12:00:00 AM,16:55:02,174.29,51.0,30.44,101.0,129.02,9.0,06:31:00,17:43:00
20580,1479178205,11/14/2016 12:00:00 AM,16:50:05,153.94,51.0,30.44,101.0,167.07,9.0,06:31:00,17:43:00
20581,1479177902,11/14/2016 12:00:00 AM,16:45:02,139.58,51.0,30.44,101.0,193.42,3.37,06:31:00,17:43:00
20582,1479177601,11/14/2016 12:00:00 AM,16:40:01,148.29,51.0,30.44,101.0,84.01,5.62,06:31:00,17:43:00
20583,1479177307,11/14/2016 12:00:00 AM,16:35:07,116.23,51.0,30.44,100.0,82.62,3.37,06:31:00,17:43:00
20584,1479177002,11/14/2016 12:00:00 AM,16:30:02,94.08,51.0,30.44,100.0,73.45,6.75,06:31:00,17:43:00
20585,1479176702,11/14/2016 12:00:00 AM,16:25:02,129.61,52.0,30.44,100.0,21.42,5.62,06:31:00,17:43:00
20586,1479176401,11/14/2016 12:00:00 AM,16:20:01,41.76,52.0,30.44,100.0,16.74,5.62,06:31:00,17:43:00
20587,1479176102,11/14/2016 12:00:00 AM,16:15:02,56.3,52.0,30.43,100.0,79.67,11.25,06:31:00,17:43:00
20588,1479175802,11/14/2016 12:00:00 AM,16:10:02,361.43,52.0,30.43,100.0,48.06,5.62,06:31:00,17:43:00
20589,1479175502,11/14/2016 12:00:00 AM,16:05:02,105.53,53.0,30.43,100.0,41.32,9.0,06:31:00,17:43:00
20590,1479175207,11/14/2016 12:00:00 AM,16:00:07,142.49,52.0,30.43,100.0,43.54,4.5,06:31:00,17:43:00
20591,1479174902,11/14/2016 12:00:00 AM,15:55:02,117.63,53.0,30.43,100.0,24.7,3.37,06:31:00,17:43:00
20592,1479174605,11/14/2016 12:00:00 AM,15:50:05,267.98,53.0,30.43,100.0,23.34,3.37,06:31:00,17:43:00
20593,1479174302,11/14/2016 12:00:00 AM,15:45:02,416.2,53.0,30.43,99.0,98.04,2.25,06:31:00,17:43:00
20594,1479174002,11/14/2016 12:00:00 AM,15:40:02,78.74,53.0,30.43,99.0,61.08,10.12,06:31:00,17:43:00
20595,1479173701,11/14/2016 12:00:00 AM,15:35:01,141.74,53.0,30.43,99.0,115.46,7.87,06:31:00,17:43:00
20596,1479173405,11/14/2016 12:00:00 AM,15:30:05,273.62,54.0,30.43,99.0,42.77,5.62,06:31:00,17:43:00
20597,1479173102,11/14/2016 12:00:00 AM,15:25:02,577.37,53.0,30.43,99.0,47.53,3.37,06:31:00,17:43:00
20598,1479172804,11/14/2016 12:00:00 AM,15:20:04,550.49,53.0,30.43,99.0,31.57,3.37,06:31:00,17:43:00
20599,1479172505,11/14/2016 12:00:00 AM,15:15:05,107.62,53.0,30.43,98.0,64.22,7.87,06:31:00,17:43:00
20600,1479172201,11/14/2016 12:00:00 AM,15:10:01,292.06,53.0,30.43,98.0,103.07,2.25,06:31:00,17:43:00
20601,1479171902,11/14/2016 12:00:00 AM,15:05:02,247.21,53.0,30.43,99.0,12.97,9.0,06:31:00,17:43:00
20602,1479171602,11/14/2016 12:00:00 AM,15:00:02,312.24,53.0,30.43,99.0,327.49,3.37,06:31:00,17:43:00
20603,1479171302,11/14/2016 12:00:00 AM,14:55:02,320.48,53.0,30.43,99.0,61.0,7.87,06:31:00,17:43:00
20604,1479171004,11/14/2016 12:00:00 AM,14:50:04,511.48,53.0,30.43,99.0,19.11,7.87,06:31:00,17:43:00
20605,1479170705,11/14/2016 12:00:00 AM,14:45:05,495.13,54.0,30.43,99.0,51.87,2.25,06:31:00,17:43:00
20606,1479170402,11/14/2016 12:00:00 AM,14:40:02,354.5,54.0,30.43,99.0,38.9,7.87,06:31:00,17:43:00
20607,1479170101,11/14/2016 12:00:00 AM,14:35:01,446.47,54.0,30.43,98.0,336.35,5.62,06:31:00,17:43:00
20608,1479169801,11/14/2016 12:00:00 AM,14:30:01,195.17,55.0,30.43,98.0,336.5,1.12,06:31:00,17:43:00
20609,1479169503,11/14/2016 12:00:00 AM,14:25:03,368.07,55.0,30.43,98.0,37.05,4.5,06:31:00,17:43:00
20610,1479169201,11/14/2016 12:00:00 AM,14:20:01,1056.02,54.0,30.43,98.0,97.33,4.5,06:31:00,17:43:00
20611,1479168902,11/14/2016 12:00:00 AM,14:15:02,787.65,54.0,30.43,99.0,100.02,6.75,06:31:00,17:43:00
20612,1479168607,11/14/2016 12:00:00 AM,14:10:07,355.42,54.0,30.43,98.0,54.92,4.5,06:31:00,17:43:00
20613,1479168302,11/14/2016 12:00:00 AM,14:05:02,335.62,55.0,30.43,99.0,48.73,7.87,06:31:00,17:43:00
20614,1479168007,11/14/2016 12:00:00 AM,14:00:07,765.11,54.0,30.43,98.0,71.64,7.87,06:31:00,17:43:00
20615,1479167702,11/14/2016 12:00:00 AM,13:55:02,526.75,55.0,30.43,98.0,42.2,4.5,06:31:00,17:43:00
20616,1479167401,11/14/2016 12:00:00 AM,13:50:01,801.28,55.0,30.43,98.0,35.64,4.5,06:31:00,17:43:00
20617,1479167102,11/14/2016 12:00:00 AM,13:45:02,920.52,55.0,30.43,98.0,81.71,11.25,06:31:00,17:43:00
20618,1479166802,11/14/2016 12:00:00 AM,13:40:02,527.52,55.0,30.43,98.0,156.83,3.37,06:31:00,17:43:00
20619,1479166502,11/14/2016 12:00:00 AM,13:35:02,418.47,55.0,30.43,97.0,112.33,5.62,06:31:00,17:43:00
20620,1479166202,11/14/2016 12:00:00 AM,13:30:02,523.08,55.0,30.44,95.0,53.77,6.75,06:31:00,17:43:00
20621,1479165902,11/14/2016 12:00:00 AM,13:25:02,265.69,56.0,30.44,94.0,46.16,6.75,06:31:00,17:43:00
20622,1479165607,11/14/2016 12:00:00 AM,13:20:07,419.46,57.0,30.44,90.0,101.98,6.75,06:31:00,17:43:00
20623,1479165305,11/14/2016 12:00:00 AM,13:15:05,974.54,56.0,30.44,92.0,89.21,3.37,06:31:00,17:43:00
20624,1479165001,11/14/2016 12:00:00 AM,13:10:01,910.45,55.0,30.44,96.0,104.51,5.62,06:31:00,17:43:00
20625,1479164708,11/14/2016 12:00:00 AM,13:05:08,719.08,55.0,30.44,96.0,98.24,10.12,06:31:00,17:43:00
20626,1479164402,11/14/2016 12:00:00 AM,13:00:02,784.24,54.0,30.44,96.0,108.5,3.37,06:31:00,17:43:00
20627,1479164101,11/14/2016 12:00:00 AM,12:55:01,392.42,55.0,30.44,95.0,51.59,10.12,06:31:00,17:43:00
20628,1479163802,11/14/2016 12:00:00 AM,12:50:02,333.54,56.0,30.44,93.0,51.59,5.62,06:31:00,17:43:00
20629,1479163501,11/14/2016 12:00:00 AM,12:45:01,1009.73,56.0,30.44,93.0,75.23,13.5,06:31:00,17:43:00
20630,1479163202,11/14/2016 12:00:00 AM,12:40:02,474.19,57.0,30.45,93.0,74.42,13.5,06:31:00,17:43:00
20631,1479162902,11/14/2016 12:00:00 AM,12:35:02,1144.62,57.0,30.45,88.0,59.83,9.0,06:31:00,17:43:00
20632,1479162604,11/14/2016 12:00:00 AM,12:30:04,937.33,56.0,30.45,87.0,80.2,4.5,06:31:00,17:43:00
20633,1479162303,11/14/2016 12:00:00 AM,12:25:03,988.87,56.0,30.45,88.0,56.6,5.62,06:31:00,17:43:00
20634,1479162007,11/14/2016 12:00:00 AM,12:20:07,300.97,56.0,30.46,86.0,61.23,9.0,06:31:00,17:43:00
20635,1479161701,11/14/2016 12:00:00 AM,12:15:01,1230.56,56.0,30.46,86.0,91.59,3.37,06:31:00,17:43:00
20636,1479161405,11/14/2016 12:00:00 AM,12:10:05,301.56,55.0,30.46,86.0,57.08,12.37,06:31:00,17:43:00
20637,1479161102,11/14/2016 12:00:00 AM,12:05:02,757.74,54.0,30.46,89.0,149.65,10.12,06:31:00,17:43:00
20638,1479160801,11/14/2016 12:00:00 AM,12:00:01,918.84,53.0,30.47,95.0,324.04,2.25,06:31:00,17:43:00
20639,1479160503,11/14/2016 12:00:00 AM,11:55:03,796.45,53.0,30.47,98.0,100.67,4.5,06:31:00,17:43:00
20640,1479160205,11/14/2016 12:00:00 AM,11:50:05,401.62,53.0,30.47,99.0,51.37,4.5,06:31:00,17:43:00
20641,1479159902,11/14/2016 12:00:00 AM,11:45:02,619.13,53.0,30.47,98.0,353.27,7.87,06:31:00,17:43:00
20642,1479159605,11/14/2016 12:00:00 AM,11:40:05,468.78,54.0,30.47,97.0,77.41,4.5,06:31:00,17:43:00
20643,1479159309,11/14/2016 12:00:00 AM,11:35:09,457.82,55.0,30.47,74.83719267708949,96.28,7.87,06:31:00,17:43:00
20644,1479159004,11/14/2016 12:00:00 AM,11:30:04,445.3,54.0,30.47,96.0,88.15,4.5,06:31:00,17:43:00
20645,1479158704,11/14/2016 12:00:00 AM,11:25:04,1000.66,54.0,30.47,98.0,359.93,4.5,06:31:00,17:43:00
20646,1479158402,11/14/2016 12:00:00 AM,11:20:02,548.04,54.0,30.423028000868246,98.0,16.71,9.0,06:31:00,17:43:00
20647,1479158102,11/14/2016 12:00:00 AM,11:15:02,452.57,54.0,30.47,98.0,71.94,11.25,06:31:00,17:43:00
20648,1479157802,11/14/2016 12:00:00 AM,11:10:02,885.66,54.0,30.47,97.0,57.26,7.87,06:31:00,17:43:00
20649,1479157501,11/14/2016 12:00:00 AM,11:05:01,400.38,55.0,30.48,97.0,263.71,5.62,06:31:00,17:43:00
20650,1479157205,11/14/2016 12:00:00 AM,11:00:05,439.87,55.0,30.48,97.0,52.28,9.0,06:31:00,17:43:00
20651,1479156905,11/14/2016 12:00:00 AM,10:55:05,1098.63,54.0,30.48,96.0,103.06,2.25,06:31:00,17:43:00
20652,1479156607,11/14/2016 12:00:00 AM,10:50:07,477.36,54.0,30.48,98.0,81.54,10.12,06:31:00,17:43:00
20653,1479156304,11/14/2016 12:00:00 AM,10:45:04,794.41,53.0,30.49,98.0,51.27,3.37,06:31:00,17:43:00
20654,1479156006,11/14/2016 12:00:00 AM,10:40:06,795.96,53.0,30.49,98.0,64.06,5.62,06:31:00,17:43:00
20655,1479155701,11/14/2016 12:00:00 AM,10:35:01,562.84,53.0,30.49,97.0,91.76,6.75,06:31:00,17:43:00
20656,1479155405,11/14/2016 12:00:00 AM,10:30:05,794.51,53.0,30.49,97.0,76.84,11.25,06:31:00,17:43:00
20657,1479155102,11/14/2016 12:00:00 AM,10:25:02,461.31,54.0,30.49,97.0,57.34,4.5,06:31:00,17:43:00
20658,1479154804,11/14/2016 12:00:00 AM,10:20:04,530.34,53.0,30.49,98.0,75.05,6.75,06:31:00,17:43:00
20659,1479154502,11/14/2016 12:00:00 AM,10:15:02,316.07,53.0,30.49,98.0,5.15,3.37,06:31:00,17:43:00
20660,1479154201,11/14/2016 12:00:00 AM,10:10:01,347.24,53.0,30.49,98.0,70.23,4.5,06:31:00,17:43:00
20661,1479153903,11/14/2016 12:00:00 AM,10:05:03,433.58,53.0,30.49,99.0,51.74,3.37,06:31:00,17:43:00
20662,1479153602,11/14/2016 12:00:00 AM,10:00:02,542.99,53.0,30.49,99.0,156.79,4.5,06:31:00,17:43:00
20663,1479153302,11/14/2016 12:00:00 AM,09:55:02,525.43,52.0,30.49,99.0,51.01,2.25,06:31:00,17:43:00
20664,1479153004,11/14/2016 12:00:00 AM,09:50:04,314.94,52.0,30.49,99.0,56.75,4.5,06:31:00,17:43:00
20665,1479152706,11/14/2016 12:00:00 AM,09:45:06,443.71,52.0,30.49,99.0,43.52,2.25,06:31:00,17:43:00
20666,1479152401,11/14/2016 12:00:00 AM,09:40:01,391.71,52.0,30.49,99.0,76.3,5.62,06:31:00,17:43:00
20667,1479152102,11/14/2016 12:00:00 AM,09:35:02,421.38,52.0,30.49,98.0,83.88,3.37,06:31:00,17:43:00
20668,1479151801,11/14/2016 12:00:00 AM,09:30:01,273.04,52.0,30.49,98.0,88.13,4.5,06:31:00,17:43:00
20669,1479151505,11/14/2016 12:00:00 AM,09:25:05,315.46,52.0,30.49,97.0,57.07,3.37,06:31:00,17:43:00
20670,1479151208,11/14/2016 12:00:00 AM,09:20:08,279.35,52.0,30.49,97.0,74.36,6.75,06:31:00,17:43:00
20671,1479150901,11/14/2016 12:00:00 AM,09:15:01,309.67,52.0,30.49,96.0,108.96,3.37,06:31:00,17:43:00
20672,1479150603,11/14/2016 12:00:00 AM,09:10:03,276.49,52.0,30.49,95.0,23.52,9.0,06:31:00,17:43:00
20673,1479150314,11/14/2016 12:00:00 AM,09:05:14,282.02,52.0,30.49,93.0,132.87,4.5,06:31:00,17:43:00
20674,1479150004,11/14/2016 12:00:00 AM,09:00:04,302.64,53.0,30.49,92.0,94.59,7.87,06:31:00,17:43:00
20675,1479149702,11/14/2016 12:00:00 AM,08:55:02,315.15,53.0,30.49,90.0,159.98,5.62,06:31:00,17:43:00
20676,1479149404,11/14/2016 12:00:00 AM,08:50:04,280.34,53.0,30.49,87.0,148.77,3.37,06:31:00,17:43:00
20677,1479149102,11/14/2016 12:00:00 AM,08:45:02,288.19,53.0,30.48,85.0,184.36,5.62,06:31:00,17:43:00
20678,1479148801,11/14/2016 12:00:00 AM,08:40:01,325.66,53.0,30.48,84.0,127.15,3.37,06:31:00,17:43:00
20679,1479148502,11/14/2016 12:00:00 AM,08:35:02,246.58,53.0,30.48,81.0,101.0,6.75,06:31:00,17:43:00
20680,1479148202,11/14/2016 12:00:00 AM,08:30:02,248.37,53.0,30.48,80.0,59.62,6.75,06:31:00,17:43:00
20681,1479147903,11/14/2016 12:00:00 AM,08:25:03,239.47,53.0,30.48,79.0,66.04,5.62,06:31:00,17:43:00
20682,1479147602,11/14/2016 12:00:00 AM,08:20:02,297.28,53.0,30.48,77.0,115.31,3.37,06:31:00,17:43:00
20683,1479147302,11/14/2016 12:00:00 AM,08:15:02,453.84,53.0,30.48,74.0,47.59,4.5,06:31:00,17:43:00
20684,1479147003,11/14/2016 12:00:00 AM,08:10:03,377.11,53.0,30.48,74.0,81.71,6.75,06:31:00,17:43:00
20685,1479146702,11/14/2016 12:00:00 AM,08:05:02,365.87,52.0,30.48,73.0,63.55,1.12,06:31:00,17:43:00
20686,1479146404,11/14/2016 12:00:00 AM,08:00:04,339.54,51.0,30.47,75.0,144.82,7.87,06:31:00,17:43:00
20687,1479146101,11/14/2016 12:00:00 AM,07:55:01,253.83,51.0,30.47,73.0,86.65,2.25,06:31:00,17:43:00
20688,1479145802,11/14/2016 12:00:00 AM,07:50:02,245.23,49.0,30.47,63.0,43.17,7.87,06:31:00,17:43:00
20689,1479145503,11/14/2016 12:00:00 AM,07:45:03,269.65,48.0,30.47,64.0,151.73,5.62,06:31:00,17:43:00
20690,1479145202,11/14/2016 12:00:00 AM,07:40:02,25.27,48.0,30.47,66.0,153.78,6.75,06:31:00,17:43:00
20691,1479144904,11/14/2016 12:00:00 AM,07:35:04,22.38,48.0,30.47,63.0,83.88,6.75,06:31:00,17:43:00
20692,1479144602,11/14/2016 12:00:00 AM,07:30:02,21.75,47.0,30.47,65.0,58.79,0.0,06:31:00,17:43:00
20693,1479144302,11/14/2016 12:00:00 AM,07:25:02,21.01,47.0,30.46,68.0,126.48,10.12,06:31:00,17:43:00
20694,1479144003,11/14/2016 12:00:00 AM,07:20:03,20.32,47.0,30.46,69.0,134.09,7.87,06:31:00,17:43:00
20695,1479143702,11/14/2016 12:00:00 AM,07:15:02,19.51,47.0,30.46,65.0,122.08,6.75,06:31:00,17:43:00
20696,1479143404,11/14/2016 12:00:00 AM,07:10:04,18.59,47.0,30.46,61.0,64.83,3.37,06:31:00,17:43:00
20697,1479143104,11/14/2016 12:00:00 AM,07:05:04,17.61,47.0,30.46,55.0,80.59,5.62,06:31:00,17:43:00
20698,1479142802,11/14/2016 12:00:00 AM,07:00:02,16.5,47.0,30.46,48.0,129.19,7.87,06:31:00,17:43:00
20699,1479142502,11/14/2016 12:00:00 AM,06:55:02,15.22,46.0,30.46,50.0,130.93,11.25,06:31:00,17:43:00
20700,1479142202,11/14/2016 12:00:00 AM,06:50:02,13.75,46.0,30.45,52.0,126.43,7.87,06:31:00,17:43:00
20701,1479141904,11/14/2016 12:00:00 AM,06:45:04,12.09,46.0,30.45,74.83719267708949,119.44,10.12,06:31:00,17:43:00
20702,1479141602,11/14/2016 12:00:00 AM,06:40:02,10.17,46.0,30.45,53.0,136.09,11.25,06:31:00,17:43:00
20703,1479141305,11/14/2016 12:00:00 AM,06:35:05,8.25,45.0,30.45,53.0,143.86,4.5,06:31:00,17:43:00
20704,1479141008,11/14/2016 12:00:00 AM,06:30:08,6.05,46.0,30.45,53.0,103.62,9.0,06:31:00,17:43:00
20705,1479140701,11/14/2016 12:00:00 AM,06:25:01,3.93,46.0,30.45,53.0,150.66,7.87,06:31:00,17:43:00
20706,1479140404,11/14/2016 12:00:00 AM,06:20:04,2.26,46.0,30.45,45.0,127.37,6.75,06:31:00,17:43:00
20707,1479140102,11/14/2016 12:00:00 AM,06:15:02,1.27,46.0,30.45,42.0,128.04,5.62,06:31:00,17:43:00
20708,1479139802,11/14/2016 12:00:00 AM,06:10:02,1.19,46.0,30.45,39.0,87.79,3.37,06:31:00,17:43:00
20709,1479139501,11/14/2016 12:00:00 AM,06:05:01,1.18,46.0,30.44,38.0,139.76,7.87,06:31:00,17:43:00
20710,1479139207,11/14/2016 12:00:00 AM,06:00:07,1.19,45.0,30.44,41.0,152.03,7.87,06:31:00,17:43:00
20711,1479138906,11/14/2016 12:00:00 AM,05:55:06,1.17,45.0,30.44,45.0,156.99,5.62,06:31:00,17:43:00
20712,1479138602,11/14/2016 12:00:00 AM,05:50:02,1.18,45.0,30.44,45.0,125.53,5.62,06:31:00,17:43:00
20713,1479138302,11/14/2016 12:00:00 AM,05:45:02,1.18,45.0,30.44,52.0,122.28,9.0,06:31:00,17:43:00
20714,1479138007,11/14/2016 12:00:00 AM,05:40:07,1.21,45.0,30.44,52.0,97.4,6.75,06:31:00,17:43:00
20715,1479137702,11/14/2016 12:00:00 AM,05:35:02,1.24,45.0,30.44,52.0,186.95,3.37,06:31:00,17:43:00
20716,1479137402,11/14/2016 12:00:00 AM,05:30:02,1.18,45.0,30.43,54.0,122.4,9.0,06:31:00,17:43:00
20717,1479137102,11/14/2016 12:00:00 AM,05:25:02,1.22,45.0,30.44,55.0,112.18,9.0,06:31:00,17:43:00
20718,1479136803,11/14/2016 12:00:00 AM,05:20:03,1.23,45.0,30.44,54.0,180.51,4.5,06:31:00,17:43:00
20719,1479136501,11/14/2016 12:00:00 AM,05:15:01,1.2,45.0,30.44,52.0,127.85,6.75,06:31:00,17:43:00
20720,1479136203,11/14/2016 12:00:00 AM,05:10:03,1.19,45.0,30.43,49.0,150.25,6.75,06:31:00,17:43:00
20721,1479135903,11/14/2016 12:00:00 AM,05:05:03,1.22,45.0,30.44,47.0,100.57,5.62,06:31:00,17:43:00
20722,1479135602,11/14/2016 12:00:00 AM,05:00:02,1.23,45.0,30.44,45.0,212.16,2.25,06:31:00,17:43:00
20723,1479135304,11/14/2016 12:00:00 AM,04:55:04,1.19,45.0,30.43,44.0,156.72,5.62,06:31:00,17:43:00
20724,1479135002,11/14/2016 12:00:00 AM,04:50:02,1.17,45.0,30.43,42.0,106.75,3.37,06:31:00,17:43:00
20725,1479134701,11/14/2016 12:00:00 AM,04:45:01,1.2,45.0,30.44,42.0,119.59,5.62,06:31:00,17:43:00
20726,1479134408,11/14/2016 12:00:00 AM,04:40:08,1.22,45.0,30.43,39.0,139.28,9.0,06:31:00,17:43:00
20727,1479134104,11/14/2016 12:00:00 AM,04:35:04,1.19,44.0,30.44,37.0,142.28,1.12,06:31:00,17:43:00
20728,1479133802,11/14/2016 12:00:00 AM,04:30:02,1.2,44.0,30.44,34.0,171.71,6.75,06:31:00,17:43:00
20729,1479133504,11/14/2016 12:00:00 AM,04:25:04,1.21,44.0,30.44,33.0,167.12,9.0,06:31:00,17:43:00
20730,1479133201,11/14/2016 12:00:00 AM,04:20:01,1.17,44.0,30.44,32.0,165.56,5.62,06:31:00,17:43:00
20731,1479132901,11/14/2016 12:00:00 AM,04:15:01,1.19,44.0,30.44,31.0,131.07,4.5,06:31:00,17:43:00
20732,1479132602,11/14/2016 12:00:00 AM,04:10:02,1.24,44.0,30.44,30.0,126.68,5.62,06:31:00,17:43:00
20733,1479132303,11/14/2016 12:00:00 AM,04:05:03,1.21,45.0,30.44,29.0,160.05,7.87,06:31:00,17:43:00
20734,1479132001,11/14/2016 12:00:00 AM,04:00:01,1.2,45.0,30.44,29.0,136.54,7.87,06:31:00,17:43:00
20735,1479131701,11/14/2016 12:00:00 AM,03:55:01,1.21,45.0,30.44,27.0,136.67,6.75,06:31:00,17:43:00
20736,1479131404,11/14/2016 12:00:00 AM,03:50:04,1.23,45.0,30.44,27.0,135.62,6.75,06:31:00,17:43:00
20737,1479131102,11/14/2016 12:00:00 AM,03:45:02,1.21,51.16507236474315,30.44,27.0,144.58,7.87,06:31:00,17:43:00
20738,1479130801,11/14/2016 12:00:00 AM,03:40:01,1.19,45.0,30.44,27.0,158.16,3.37,06:31:00,17:43:00
20739,1479130501,11/14/2016 12:00:00 AM,03:35:01,1.19,45.0,30.44,26.0,162.2,4.5,06:31:00,17:43:00
20740,1479130204,11/14/2016 12:00:00 AM,03:30:04,1.19,45.0,30.44,26.0,153.02,6.75,06:31:00,17:43:00
20741,1479129901,11/14/2016 12:00:00 AM,03:25:01,1.15,45.0,30.44,26.0,155.01,3.37,06:31:00,17:43:00
20742,1479129602,11/14/2016 12:00:00 AM,03:20:02,1.19,45.0,30.44,26.0,186.56,7.87,06:31:00,17:43:00
20743,1479129302,11/14/2016 12:00:00 AM,03:15:02,1.18,45.0,30.44,26.0,166.22,9.0,06:31:00,17:43:00
20744,1479129001,11/14/2016 12:00:00 AM,03:10:01,1.21,45.0,30.44,27.0,132.41,5.62,06:31:00,17:43:00
20745,1479128702,11/14/2016 12:00:00 AM,03:05:02,1.19,45.0,30.44,27.0,184.22,9.0,06:31:00,17:43:00
20746,1479128402,11/14/2016 12:00:00 AM,03:00:02,1.15,45.0,30.44,27.0,131.57,9.0,06:31:00,17:43:00
20747,1479128102,11/14/2016 12:00:00 AM,02:55:02,1.2,45.0,30.44,28.0,168.74,4.5,06:31:00,17:43:00
20748,1479127801,11/14/2016 12:00:00 AM,02:50:01,1.19,45.0,30.44,28.0,132.88,3.37,06:31:00,17:43:00
20749,1479127501,11/14/2016 12:00:00 AM,02:45:01,1.24,45.0,30.45,27.0,163.5,4.5,06:31:00,17:43:00
20750,1479127205,11/14/2016 12:00:00 AM,02:40:05,1.2,45.0,30.45,27.0,144.57,5.62,06:31:00,17:43:00
20751,1479126902,11/14/2016 12:00:00 AM,02:35:02,1.2,45.0,30.44,27.0,113.61,6.75,06:31:00,17:43:00
20752,1479126601,11/14/2016 12:00:00 AM,02:30:01,1.2,45.0,30.45,27.0,182.21,3.37,06:31:00,17:43:00
20753,1479126302,11/14/2016 12:00:00 AM,02:25:02,1.21,45.0,30.45,27.0,145.07,7.87,06:31:00,17:43:00
20754,1479126002,11/14/2016 12:00:00 AM,02:20:02,1.2,45.0,30.44,27.0,181.78,10.12,06:31:00,17:43:00
20755,1479125702,11/14/2016 12:00:00 AM,02:15:02,1.21,45.0,30.45,28.0,124.7,9.0,06:31:00,17:43:00
20756,1479125402,11/14/2016 12:00:00 AM,02:10:02,1.2,45.0,30.45,28.0,168.42,7.87,06:31:00,17:43:00
20757,1479125101,11/14/2016 12:00:00 AM,02:05:01,1.22,51.16507236474315,30.45,28.0,150.42,11.25,06:31:00,17:43:00
20758,1479124801,11/14/2016 12:00:00 AM,02:00:01,1.19,46.0,30.45,29.0,114.12,11.25,06:31:00,17:43:00
20759,1479124502,11/14/2016 12:00:00 AM,01:55:02,1.2,46.0,30.45,29.0,149.48,2.25,06:31:00,17:43:00
20760,1479124201,11/14/2016 12:00:00 AM,01:50:01,1.19,46.0,30.45,29.0,139.15,10.12,06:31:00,17:43:00
20761,1479123902,11/14/2016 12:00:00 AM,01:45:02,1.21,46.0,30.45,29.0,165.14,10.12,06:31:00,17:43:00
20762,1479123602,11/14/2016 12:00:00 AM,01:40:02,1.21,45.0,30.46,29.0,119.14,4.5,06:31:00,17:43:00
20763,1479123302,11/14/2016 12:00:00 AM,01:35:02,1.21,45.0,30.46,28.0,151.09,10.12,06:31:00,17:43:00
20764,1479123002,11/14/2016 12:00:00 AM,01:30:02,1.22,45.0,30.46,28.0,132.57,5.62,06:31:00,17:43:00
20765,1479122701,11/14/2016 12:00:00 AM,01:25:01,1.19,46.0,30.46,27.0,161.31,9.0,06:31:00,17:43:00
20766,1479122402,11/14/2016 12:00:00 AM,01:20:02,1.2,46.0,30.46,26.0,131.93,9.0,06:31:00,17:43:00
20767,1479122101,11/14/2016 12:00:00 AM,01:15:01,1.21,46.0,30.46,26.0,166.11,4.5,06:31:00,17:43:00
20768,1479121807,11/14/2016 12:00:00 AM,01:10:07,1.21,46.0,30.46,25.0,153.84,9.0,06:31:00,17:43:00
20769,1479121502,11/14/2016 12:00:00 AM,01:05:02,1.19,46.0,30.46,25.0,157.5,9.0,06:31:00,17:43:00
20770,1479121201,11/14/2016 12:00:00 AM,01:00:01,1.22,46.0,30.46,25.0,127.56,6.75,06:31:00,17:43:00
20771,1479120902,11/14/2016 12:00:00 AM,00:55:02,1.22,46.0,30.46,25.0,111.38,3.37,06:31:00,17:43:00
20772,1479120601,11/14/2016 12:00:00 AM,00:50:01,1.2,46.0,30.46,25.0,143.54,6.75,06:31:00,17:43:00
20773,1479120301,11/14/2016 12:00:00 AM,00:45:01,1.2,46.0,30.46,26.0,210.86,2.25,06:31:00,17:43:00
20774,1479120002,11/14/2016 12:00:00 AM,00:40:02,1.22,46.0,30.46,26.0,180.16,6.75,06:31:00,17:43:00
20775,1479119702,11/14/2016 12:00:00 AM,00:35:02,1.19,46.0,30.46,27.0,132.81,4.5,06:31:00,17:43:00
20776,1479119402,11/14/2016 12:00:00 AM,00:30:02,1.19,46.0,30.46,28.0,162.99,12.37,06:31:00,17:43:00
20777,1479119102,11/14/2016 12:00:00 AM,00:25:02,1.2,46.0,30.46,27.0,160.75,3.37,06:31:00,17:43:00
20778,1479118802,11/14/2016 12:00:00 AM,00:20:02,1.19,46.0,30.46,29.0,135.47,11.25,06:31:00,17:43:00
20779,1479118501,11/14/2016 12:00:00 AM,00:15:01,1.21,46.0,30.46,31.0,201.21,10.12,06:31:00,17:43:00
20780,1479118204,11/14/2016 12:00:00 AM,00:10:04,1.22,46.0,30.46,33.0,147.91,2.25,06:31:00,17:43:00
20781,1479117903,11/14/2016 12:00:00 AM,00:05:03,1.2,46.0,30.47,32.0,125.97,6.75,06:31:00,17:43:00
20782,1479117602,11/14/2016 12:00:00 AM,00:00:02,1.19,46.0,30.47,34.0,146.3,7.87,06:31:00,17:43:00
20783,1479117304,11/13/2016 12:00:00 AM,23:55:04,1.18,46.0,30.47,39.0,169.73,4.5,06:30:00,17:44:00
20784,1479117002,11/13/2016 12:00:00 AM,23:50:02,1.17,46.0,30.47,44.0,174.26,7.87,06:30:00,17:44:00
20785,1479116702,11/13/2016 12:00:00 AM,23:45:02,1.21,46.0,30.47,48.0,161.19,5.62,06:30:00,17:44:00
20786,1479116401,11/13/2016 12:00:00 AM,23:40:01,1.19,46.0,30.47,53.0,97.4,3.37,06:30:00,17:44:00
20787,1479116104,11/13/2016 12:00:00 AM,23:35:04,1.21,46.0,30.47,57.0,173.67,4.5,06:30:00,17:44:00
20788,1479115803,11/13/2016 12:00:00 AM,23:30:03,1.18,46.0,30.47,64.0,113.91,9.0,06:30:00,17:44:00
20789,1479115504,11/13/2016 12:00:00 AM,23:25:04,1.21,46.0,30.47,68.0,160.03,4.5,06:30:00,17:44:00
20790,1479115202,11/13/2016 12:00:00 AM,23:20:02,1.19,45.0,30.47,72.0,126.99,13.5,06:30:00,17:44:00
20791,1479114902,11/13/2016 12:00:00 AM,23:15:02,1.21,45.0,30.47,76.0,124.76,3.37,06:30:00,17:44:00
20792,1479114602,11/13/2016 12:00:00 AM,23:10:02,1.21,45.0,30.47,79.0,157.09,10.12,06:30:00,17:44:00
20793,1479114305,11/13/2016 12:00:00 AM,23:05:05,1.22,45.0,30.47,81.0,128.71,5.62,06:30:00,17:44:00
20794,1479114001,11/13/2016 12:00:00 AM,23:00:01,1.21,45.0,30.47,82.0,103.63,6.75,06:30:00,17:44:00
20795,1479113702,11/13/2016 12:00:00 AM,22:55:02,1.2,45.0,30.47,83.0,114.39,6.75,06:30:00,17:44:00
20796,1479113402,11/13/2016 12:00:00 AM,22:50:02,1.19,45.0,30.47,84.0,118.14,12.37,06:30:00,17:44:00
20797,1479113106,11/13/2016 12:00:00 AM,22:45:06,1.19,45.0,30.48,84.0,121.55,6.75,06:30:00,17:44:00
20798,1479112801,11/13/2016 12:00:00 AM,22:40:01,1.22,45.0,30.48,84.0,137.35,5.62,06:30:00,17:44:00
20799,1479112502,11/13/2016 12:00:00 AM,22:35:02,1.2,45.0,30.47,84.0,105.94,9.0,06:30:00,17:44:00
20800,1479112205,11/13/2016 12:00:00 AM,22:30:05,1.24,45.0,30.47,84.0,75.91,10.12,06:30:00,17:44:00
20801,1479111902,11/13/2016 12:00:00 AM,22:25:02,1.2,45.0,30.47,84.0,141.97,5.62,06:30:00,17:44:00
20802,1479111602,11/13/2016 12:00:00 AM,22:20:02,1.2,45.0,30.47,84.0,128.48,11.25,06:30:00,17:44:00
20803,1479111302,11/13/2016 12:00:00 AM,22:15:02,1.19,45.0,30.47,74.83719267708949,134.55,9.0,06:30:00,17:44:00
20804,1479111002,11/13/2016 12:00:00 AM,22:10:02,1.18,45.0,30.47,84.0,126.27,11.25,06:30:00,17:44:00
20805,1479110702,11/13/2016 12:00:00 AM,22:05:02,1.19,45.0,30.47,84.0,155.95,10.12,06:30:00,17:44:00
20806,1479110404,11/13/2016 12:00:00 AM,22:00:04,1.17,45.0,30.47,85.0,141.75,7.87,06:30:00,17:44:00
20807,1479110101,11/13/2016 12:00:00 AM,21:55:01,1.21,45.0,30.47,86.0,122.47,11.25,06:30:00,17:44:00
20808,1479109801,11/13/2016 12:00:00 AM,21:50:01,1.19,44.0,30.47,87.0,130.48,11.25,06:30:00,17:44:00
20809,1479109504,11/13/2016 12:00:00 AM,21:45:04,1.17,44.0,30.47,87.0,115.31,10.12,06:30:00,17:44:00
20810,1479109202,11/13/2016 12:00:00 AM,21:40:02,1.16,44.0,30.47,87.0,114.44,13.5,06:30:00,17:44:00
20811,1479108902,11/13/2016 12:00:00 AM,21:35:02,1.21,44.0,30.47,87.0,78.52,5.62,06:30:00,17:44:00
20812,1479108602,11/13/2016 12:00:00 AM,21:30:02,1.18,45.0,30.47,87.0,188.08,3.37,06:30:00,17:44:00
20813,1479108301,11/13/2016 12:00:00 AM,21:25:01,1.19,45.0,30.47,87.0,359.02,1.12,06:30:00,17:44:00
20814,1479108003,11/13/2016 12:00:00 AM,21:20:03,1.21,45.0,30.47,87.0,146.62,4.5,06:30:00,17:44:00
20815,1479107702,11/13/2016 12:00:00 AM,21:15:02,1.21,45.0,30.47,88.0,108.67,3.37,06:30:00,17:44:00
20816,1479107402,11/13/2016 12:00:00 AM,21:10:02,1.21,45.0,30.47,88.0,86.48,3.37,06:30:00,17:44:00
20817,1479107102,11/13/2016 12:00:00 AM,21:05:02,1.21,45.0,30.47,88.0,142.76,2.25,06:30:00,17:44:00
20818,1479106804,11/13/2016 12:00:00 AM,21:00:04,1.22,45.0,30.47,88.0,114.69,11.25,06:30:00,17:44:00
20819,1479106502,11/13/2016 12:00:00 AM,20:55:02,1.2,45.0,30.47,89.0,145.37,5.62,06:30:00,17:44:00
20820,1479106202,11/13/2016 12:00:00 AM,20:50:02,1.25,45.0,30.47,89.0,139.42,4.5,06:30:00,17:44:00
20821,1479105901,11/13/2016 12:00:00 AM,20:45:01,1.2,45.0,30.47,90.0,173.27,3.37,06:30:00,17:44:00
20822,1479105602,11/13/2016 12:00:00 AM,20:40:02,1.19,45.0,30.47,90.0,137.92,3.37,06:30:00,17:44:00
20823,1479105302,11/13/2016 12:00:00 AM,20:35:02,1.24,45.0,30.47,90.0,53.59,3.37,06:30:00,17:44:00
20824,1479105004,11/13/2016 12:00:00 AM,20:30:04,1.21,45.0,30.47,91.0,168.08,3.37,06:30:00,17:44:00
20825,1479104702,11/13/2016 12:00:00 AM,20:25:02,1.21,45.0,30.47,92.0,97.26,5.62,06:30:00,17:44:00
20826,1479104402,11/13/2016 12:00:00 AM,20:20:02,1.22,45.0,30.47,94.0,126.31,13.5,06:30:00,17:44:00
20827,1479104103,11/13/2016 12:00:00 AM,20:15:03,1.19,45.0,30.47,97.0,112.73,3.37,06:30:00,17:44:00
20828,1479103802,11/13/2016 12:00:00 AM,20:10:02,1.21,45.0,30.47,99.0,97.91,6.75,06:30:00,17:44:00
20829,1479103503,11/13/2016 12:00:00 AM,20:05:03,1.19,45.0,30.47,99.0,85.25,3.37,06:30:00,17:44:00
20830,1479103202,11/13/2016 12:00:00 AM,20:00:02,1.17,45.0,30.47,99.0,145.23,1.12,06:30:00,17:44:00
20831,1479102904,11/13/2016 12:00:00 AM,19:55:04,1.22,46.0,30.47,100.0,89.51,9.0,06:30:00,17:44:00
20832,1479102602,11/13/2016 12:00:00 AM,19:50:02,1.22,46.0,30.46,100.0,131.55,5.62,06:30:00,17:44:00
20833,1479102302,11/13/2016 12:00:00 AM,19:45:02,1.21,46.0,30.47,100.0,36.63,1.12,06:30:00,17:44:00
20834,1479102002,11/13/2016 12:00:00 AM,19:40:02,1.23,47.0,30.47,100.0,81.57,3.37,06:30:00,17:44:00
20835,1479101704,11/13/2016 12:00:00 AM,19:35:04,1.23,47.0,30.46,99.0,53.86,4.5,06:30:00,17:44:00
20836,1479101404,11/13/2016 12:00:00 AM,19:30:04,1.21,47.0,30.46,99.0,101.82,4.5,06:30:00,17:44:00
20837,1479101102,11/13/2016 12:00:00 AM,19:25:02,1.21,47.0,30.46,99.0,97.85,3.37,06:30:00,17:44:00
20838,1479100804,11/13/2016 12:00:00 AM,19:20:04,1.22,47.0,30.46,99.0,88.61,5.62,06:30:00,17:44:00
20839,1479100501,11/13/2016 12:00:00 AM,19:15:01,1.19,47.0,30.46,99.0,120.6,6.75,06:30:00,17:44:00
20840,1479100204,11/13/2016 12:00:00 AM,19:10:04,1.2,47.0,30.45,99.0,52.93,3.37,06:30:00,17:44:00
20841,1479099901,11/13/2016 12:00:00 AM,19:05:01,1.2,48.0,30.45,99.0,57.63,5.62,06:30:00,17:44:00
20842,1479099604,11/13/2016 12:00:00 AM,19:00:04,1.23,48.0,30.45,98.0,57.34,5.62,06:30:00,17:44:00
20843,1479099301,11/13/2016 12:00:00 AM,18:55:01,1.21,48.0,30.45,98.0,65.08,5.62,06:30:00,17:44:00
20844,1479099002,11/13/2016 12:00:00 AM,18:50:02,1.2,48.0,30.44,98.0,47.5,4.5,06:30:00,17:44:00
20845,1479098704,11/13/2016 12:00:00 AM,18:45:04,1.23,48.0,30.44,98.0,63.75,2.25,06:30:00,17:44:00
20846,1479098404,11/13/2016 12:00:00 AM,18:40:04,1.19,48.0,30.44,98.0,53.25,4.5,06:30:00,17:44:00
20847,1479098102,11/13/2016 12:00:00 AM,18:35:02,1.2,48.0,30.44,98.0,141.21,7.87,06:30:00,17:44:00
20848,1479097804,11/13/2016 12:00:00 AM,18:30:04,1.23,51.16507236474315,30.44,97.0,39.05,7.87,06:30:00,17:44:00
20849,1479097514,11/13/2016 12:00:00 AM,18:25:14,1.21,48.0,30.44,96.0,127.6,6.75,06:30:00,17:44:00
20850,1479097201,11/13/2016 12:00:00 AM,18:20:01,1.21,48.0,30.44,96.0,97.34,5.62,06:30:00,17:44:00
20851,1479096901,11/13/2016 12:00:00 AM,18:15:01,1.21,48.0,30.44,95.0,251.49,2.25,06:30:00,17:44:00
20852,1479096602,11/13/2016 12:00:00 AM,18:10:02,1.22,48.0,30.43,95.0,7.83,5.62,06:30:00,17:44:00
20853,1479096312,11/13/2016 12:00:00 AM,18:05:12,1.24,48.0,30.43,94.0,79.33,3.37,06:30:00,17:44:00
20854,1479096001,11/13/2016 12:00:00 AM,18:00:01,1.2,48.0,30.43,93.0,139.32,6.75,06:30:00,17:44:00
20855,1479095701,11/13/2016 12:00:00 AM,17:55:01,1.89,48.0,30.43,92.0,97.38,14.62,06:30:00,17:44:00
20856,1479095404,11/13/2016 12:00:00 AM,17:50:04,3.16,49.0,30.43,92.0,118.51,3.37,06:30:00,17:44:00
20857,1479095102,11/13/2016 12:00:00 AM,17:45:02,5.34,49.0,30.43,93.0,34.26,9.0,06:30:00,17:44:00
20858,1479094801,11/13/2016 12:00:00 AM,17:40:01,7.41,49.0,30.43,91.0,122.02,4.5,06:30:00,17:44:00
20859,1479094505,11/13/2016 12:00:00 AM,17:35:05,10.81,49.0,30.43,91.0,104.13,4.5,06:30:00,17:44:00
20860,1479094202,11/13/2016 12:00:00 AM,17:30:02,40.76,49.0,30.43,91.0,23.39,5.62,06:30:00,17:44:00
20861,1479093901,11/13/2016 12:00:00 AM,17:25:01,26.98,50.0,30.42,89.0,87.61,7.87,06:30:00,17:44:00
20862,1479093602,11/13/2016 12:00:00 AM,17:20:02,32.94,50.0,30.42,87.0,114.92,6.75,06:30:00,17:44:00
20863,1479093302,11/13/2016 12:00:00 AM,17:15:02,46.44,51.0,30.42,86.0,121.41,4.5,06:30:00,17:44:00
20864,1479093002,11/13/2016 12:00:00 AM,17:10:02,65.86,51.0,30.42,85.0,244.89,4.5,06:30:00,17:44:00
20865,1479092702,11/13/2016 12:00:00 AM,17:05:02,84.78,51.0,30.42,83.0,100.01,9.0,06:30:00,17:44:00
20866,1479092407,11/13/2016 12:00:00 AM,17:00:07,106.35,52.0,30.42,82.0,85.99,11.25,06:30:00,17:44:00
20867,1479092101,11/13/2016 12:00:00 AM,16:55:01,130.7,52.0,30.42,83.0,158.55,4.5,06:30:00,17:44:00
20868,1479091804,11/13/2016 12:00:00 AM,16:50:04,156.17,52.0,30.42,82.0,46.1,10.12,06:30:00,17:44:00
20869,1479091505,11/13/2016 12:00:00 AM,16:45:05,182.05,52.0,30.42,83.0,62.79,1.12,06:30:00,17:44:00
20870,1479091202,11/13/2016 12:00:00 AM,16:40:02,211.05,53.0,30.42,81.0,39.15,7.87,06:30:00,17:44:00
20871,1479090902,11/13/2016 12:00:00 AM,16:35:02,237.12,53.0,30.42,76.0,79.5,10.12,06:30:00,17:44:00
20872,1479090602,11/13/2016 12:00:00 AM,16:30:02,262.15,53.0,30.42,79.0,21.88,4.5,06:30:00,17:44:00
20873,1479090301,11/13/2016 12:00:00 AM,16:25:01,288.51,53.0,30.42,78.0,54.96,9.0,06:30:00,17:44:00
20874,1479090004,11/13/2016 12:00:00 AM,16:20:04,311.77,54.0,30.42,80.0,10.84,5.62,06:30:00,17:44:00
20875,1479089702,11/13/2016 12:00:00 AM,16:15:02,335.11,54.0,30.41,77.0,41.91,7.87,06:30:00,17:44:00
20876,1479089402,11/13/2016 12:00:00 AM,16:10:02,355.28,54.0,30.41,77.0,37.71,10.12,06:30:00,17:44:00
20877,1479089104,11/13/2016 12:00:00 AM,16:05:04,374.76,54.0,30.41,77.0,84.64,6.75,06:30:00,17:44:00
20878,1479088802,11/13/2016 12:00:00 AM,16:00:02,395.29,55.0,30.41,76.0,7.91,9.0,06:30:00,17:44:00
20879,1479088503,11/13/2016 12:00:00 AM,15:55:03,413.58,55.0,30.41,74.0,89.38,9.0,06:30:00,17:44:00
20880,1479088202,11/13/2016 12:00:00 AM,15:50:02,431.09,55.0,30.41,76.0,110.21,5.62,06:30:00,17:44:00
20881,1479087901,11/13/2016 12:00:00 AM,15:45:01,452.09,55.0,30.42,70.0,81.06,12.37,06:30:00,17:44:00
20882,1479087602,11/13/2016 12:00:00 AM,15:40:02,470.23,55.0,30.41,71.0,114.85,9.0,06:30:00,17:44:00
20883,1479087302,11/13/2016 12:00:00 AM,15:35:02,487.35,56.0,30.41,73.0,0.46,7.87,06:30:00,17:44:00
20884,1479087001,11/13/2016 12:00:00 AM,15:30:01,506.01,56.0,30.42,71.0,337.76,7.87,06:30:00,17:44:00
20885,1479086701,11/13/2016 12:00:00 AM,15:25:01,524.2,56.0,30.41,70.0,73.33,15.75,06:30:00,17:44:00
20886,1479086402,11/13/2016 12:00:00 AM,15:20:02,541.65,56.0,30.42,63.0,61.19,12.37,06:30:00,17:44:00
20887,1479086101,11/13/2016 12:00:00 AM,15:15:01,558.53,56.0,30.42,67.0,356.99,5.62,06:30:00,17:44:00
20888,1479085804,11/13/2016 12:00:00 AM,15:10:04,576.68,56.0,30.42,65.0,33.57,3.37,06:30:00,17:44:00
20889,1479085502,11/13/2016 12:00:00 AM,15:05:02,591.96,57.0,30.42,69.0,1.48,7.87,06:30:00,17:44:00
20890,1479085208,11/13/2016 12:00:00 AM,15:00:08,607.69,57.0,30.42,63.0,40.31,4.5,06:30:00,17:44:00
20891,1479084904,11/13/2016 12:00:00 AM,14:55:04,626.56,57.0,30.42,65.0,19.84,5.62,06:30:00,17:44:00
20892,1479084608,11/13/2016 12:00:00 AM,14:50:08,641.18,57.0,30.42,69.0,356.63,4.5,06:30:00,17:44:00
20893,1479084302,11/13/2016 12:00:00 AM,14:45:02,656.77,57.0,30.42,64.0,47.47,14.62,06:30:00,17:44:00
20894,1479084002,11/13/2016 12:00:00 AM,14:40:02,672.59,58.0,30.42,65.0,72.4,10.12,06:30:00,17:44:00
20895,1479083702,11/13/2016 12:00:00 AM,14:35:02,687.23,58.0,30.42,65.0,28.26,6.75,06:30:00,17:44:00
20896,1479083402,11/13/2016 12:00:00 AM,14:30:02,703.4,58.0,30.42,64.0,51.09,10.12,06:30:00,17:44:00
20897,1479083101,11/13/2016 12:00:00 AM,14:25:01,715.47,58.0,30.41,65.0,54.83,6.75,06:30:00,17:44:00
20898,1479082802,11/13/2016 12:00:00 AM,14:20:02,730.21,58.0,30.42,62.0,4.46,3.37,06:30:00,17:44:00
20899,1479082502,11/13/2016 12:00:00 AM,14:15:02,742.57,58.0,30.42,64.0,0.2,3.37,06:30:00,17:44:00
20900,1479082204,11/13/2016 12:00:00 AM,14:10:04,753.89,58.0,30.42,65.0,85.65,7.87,06:30:00,17:44:00
20901,1479081902,11/13/2016 12:00:00 AM,14:05:02,766.72,58.0,30.42,63.0,312.85,2.25,06:30:00,17:44:00
20902,1479081603,11/13/2016 12:00:00 AM,14:00:03,777.65,58.0,30.42,65.0,71.42,6.75,06:30:00,17:44:00
20903,1479081301,11/13/2016 12:00:00 AM,13:55:01,787.82,58.0,30.42,68.0,72.8,6.75,06:30:00,17:44:00
20904,1479081003,11/13/2016 12:00:00 AM,13:50:03,797.49,57.0,30.42,68.0,31.47,10.12,06:30:00,17:44:00
20905,1479080702,11/13/2016 12:00:00 AM,13:45:02,809.85,57.0,30.42,68.0,0.12,7.87,06:30:00,17:44:00
20906,1479080404,11/13/2016 12:00:00 AM,13:40:04,818.28,58.0,30.43,67.0,32.19,6.75,06:30:00,17:44:00
20907,1479080102,11/13/2016 12:00:00 AM,13:35:02,826.77,58.0,30.43,68.0,15.65,11.25,06:30:00,17:44:00
20908,1479079802,11/13/2016 12:00:00 AM,13:30:02,837.95,57.0,30.43,64.0,9.17,11.25,06:30:00,17:44:00
20909,1479079502,11/13/2016 12:00:00 AM,13:25:02,843.32,58.0,30.43,62.0,28.41,11.25,06:30:00,17:44:00
20910,1479079204,11/13/2016 12:00:00 AM,13:20:04,854.41,58.0,30.43,63.0,32.52,13.5,06:30:00,17:44:00
20911,1479078905,11/13/2016 12:00:00 AM,13:15:05,859.3,58.0,30.43,65.0,20.96,9.0,06:30:00,17:44:00
20912,1479078602,11/13/2016 12:00:00 AM,13:10:02,864.93,58.0,30.44,65.0,15.54,13.5,06:30:00,17:44:00
20913,1479078301,11/13/2016 12:00:00 AM,13:05:01,873.87,58.0,30.43,65.0,50.15,5.62,06:30:00,17:44:00
20914,1479078002,11/13/2016 12:00:00 AM,13:00:02,880.11,58.0,30.44,65.0,60.65,7.87,06:30:00,17:44:00
20915,1479077702,11/13/2016 12:00:00 AM,12:55:02,885.42,58.0,30.44,65.0,7.13,6.75,06:30:00,17:44:00
20916,1479077402,11/13/2016 12:00:00 AM,12:50:02,891.26,59.0,30.44,63.0,26.02,9.0,06:30:00,17:44:00
20917,1479077102,11/13/2016 12:00:00 AM,12:45:02,895.0,59.0,30.44,61.0,44.41,11.25,06:30:00,17:44:00
20918,1479076802,11/13/2016 12:00:00 AM,12:40:02,899.16,59.0,30.45,60.0,52.8,7.87,06:30:00,17:44:00
20919,1479076502,11/13/2016 12:00:00 AM,12:35:02,902.1,59.0,30.45,59.0,13.46,7.87,06:30:00,17:44:00
20920,1479076202,11/13/2016 12:00:00 AM,12:30:02,905.63,59.0,30.45,58.0,110.58,7.87,06:30:00,17:44:00
20921,1479075902,11/13/2016 12:00:00 AM,12:25:02,904.91,59.0,30.46,59.0,3.17,9.0,06:30:00,17:44:00
20922,1479075601,11/13/2016 12:00:00 AM,12:20:01,908.7,59.0,30.45,59.0,43.2,6.75,06:30:00,17:44:00
20923,1479075301,11/13/2016 12:00:00 AM,12:15:01,909.22,59.0,30.46,54.0,30.98,10.12,06:30:00,17:44:00
20924,1479075002,11/13/2016 12:00:00 AM,12:10:02,908.91,59.0,30.46,56.0,324.11,7.87,06:30:00,17:44:00
20925,1479074702,11/13/2016 12:00:00 AM,12:05:02,911.27,59.0,30.46,59.0,79.11,5.62,06:30:00,17:44:00
20926,1479074405,11/13/2016 12:00:00 AM,12:00:05,910.08,59.0,30.46,60.0,79.06,6.75,06:30:00,17:44:00
20927,1479074101,11/13/2016 12:00:00 AM,11:55:01,908.54,59.0,30.46,56.0,111.11,9.0,06:30:00,17:44:00
20928,1479073804,11/13/2016 12:00:00 AM,11:50:04,908.99,59.0,30.46,57.0,60.68,13.5,06:30:00,17:44:00
20929,1479073502,11/13/2016 12:00:00 AM,11:45:02,905.46,59.0,30.46,53.0,114.81,7.87,06:30:00,17:44:00
20930,1479073205,11/13/2016 12:00:00 AM,11:40:05,904.35,59.0,30.46,53.0,57.97,5.62,06:30:00,17:44:00
20931,1479072902,11/13/2016 12:00:00 AM,11:35:02,901.84,59.0,30.47,54.0,66.74,5.62,06:30:00,17:44:00
20932,1479072602,11/13/2016 12:00:00 AM,11:30:02,893.82,59.0,30.47,51.0,331.94,3.37,06:30:00,17:44:00
20933,1479072301,11/13/2016 12:00:00 AM,11:25:01,891.55,58.0,30.47,52.0,8.56,4.5,06:30:00,17:44:00
20934,1479072002,11/13/2016 12:00:00 AM,11:20:02,887.35,58.0,30.47,51.0,91.32,7.87,06:30:00,17:44:00
20935,1479071703,11/13/2016 12:00:00 AM,11:15:03,884.03,58.0,30.47,54.0,336.49,6.75,06:30:00,17:44:00
20936,1479071402,11/13/2016 12:00:00 AM,11:10:02,878.52,58.0,30.47,54.0,38.5,5.62,06:30:00,17:44:00
20937,1479071102,11/13/2016 12:00:00 AM,11:05:02,870.45,58.0,30.47,54.0,325.26,3.37,06:30:00,17:44:00
20938,1479070801,11/13/2016 12:00:00 AM,11:00:01,865.92,58.0,30.47,51.0,41.75,6.75,06:30:00,17:44:00
20939,1479070501,11/13/2016 12:00:00 AM,10:55:01,857.81,58.0,30.47,51.0,168.56,2.25,06:30:00,17:44:00
20940,1479070202,11/13/2016 12:00:00 AM,10:50:02,848.71,58.0,30.48,52.0,159.14,6.75,06:30:00,17:44:00
20941,1479069902,11/13/2016 12:00:00 AM,10:45:02,841.14,58.0,30.48,51.0,100.53,5.62,06:30:00,17:44:00
20942,1479069602,11/13/2016 12:00:00 AM,10:40:02,832.64,58.0,30.48,50.0,80.14,5.62,06:30:00,17:44:00
20943,1479069301,11/13/2016 12:00:00 AM,10:35:01,825.51,58.0,30.48,48.0,20.16,6.75,06:30:00,17:44:00
20944,1479069002,11/13/2016 12:00:00 AM,10:30:02,815.51,57.0,30.48,48.0,71.0,5.62,06:30:00,17:44:00
20945,1479068701,11/13/2016 12:00:00 AM,10:25:01,806.25,57.0,30.48,44.0,117.0,7.87,06:30:00,17:44:00
20946,1479068402,11/13/2016 12:00:00 AM,10:20:02,797.76,57.0,30.48,43.0,333.0,6.75,06:30:00,17:44:00
20947,1479068102,11/13/2016 12:00:00 AM,10:15:02,786.06,57.0,30.48,43.0,42.83,6.75,06:30:00,17:44:00
20948,1479067801,11/13/2016 12:00:00 AM,10:10:01,774.66,57.0,30.48,40.0,40.86,9.0,06:30:00,17:44:00
20949,1479067501,11/13/2016 12:00:00 AM,10:05:01,762.48,57.0,30.48,41.0,0.15,6.75,06:30:00,17:44:00
20950,1479067204,11/13/2016 12:00:00 AM,10:00:04,748.4,57.0,30.48,74.83719267708949,356.39,6.75,06:30:00,17:44:00
20951,1479066905,11/13/2016 12:00:00 AM,09:55:05,737.3,57.0,30.48,41.0,75.33,5.62,06:30:00,17:44:00
20952,1479066602,11/13/2016 12:00:00 AM,09:50:02,725.84,57.0,30.48,40.0,69.67,10.12,06:30:00,17:44:00
20953,1479066305,11/13/2016 12:00:00 AM,09:45:05,710.82,57.0,30.48,41.0,58.36,6.75,06:30:00,17:44:00
20954,1479066004,11/13/2016 12:00:00 AM,09:40:04,696.84,57.0,30.48,40.0,37.85,7.87,06:30:00,17:44:00
20955,1479065702,11/13/2016 12:00:00 AM,09:35:02,682.81,56.0,30.48,39.0,8.39,6.75,06:30:00,17:44:00
20956,1479065406,11/13/2016 12:00:00 AM,09:30:06,668.92,56.0,30.48,40.0,84.62,4.5,06:30:00,17:44:00
20957,1479065102,11/13/2016 12:00:00 AM,09:25:02,652.66,56.0,30.48,39.0,77.2,4.5,06:30:00,17:44:00
20958,1479064802,11/13/2016 12:00:00 AM,09:20:02,637.66,56.0,30.48,40.0,297.97,3.37,06:30:00,17:44:00
20959,1479064501,11/13/2016 12:00:00 AM,09:15:01,621.88,56.0,30.48,40.0,37.15,0.0,06:30:00,17:44:00
20960,1479064205,11/13/2016 12:00:00 AM,09:10:05,606.38,55.0,30.48,41.0,81.34,10.12,06:30:00,17:44:00
20961,1479063902,11/13/2016 12:00:00 AM,09:05:02,589.75,55.0,30.48,42.0,111.8,3.37,06:30:00,17:44:00
20962,1479063601,11/13/2016 12:00:00 AM,09:00:01,572.87,55.0,30.48,45.0,49.05,4.5,06:30:00,17:44:00
20963,1479063301,11/13/2016 12:00:00 AM,08:55:01,556.28,55.0,30.48,47.0,3.0,10.12,06:30:00,17:44:00
20964,1479063002,11/13/2016 12:00:00 AM,08:50:02,537.83,55.0,30.48,51.0,9.47,3.37,06:30:00,17:44:00
20965,1479062704,11/13/2016 12:00:00 AM,08:45:04,521.4,54.0,30.47,50.0,71.37,2.25,06:30:00,17:44:00
20966,1479062401,11/13/2016 12:00:00 AM,08:40:01,502.62,54.0,30.47,53.0,70.55,5.62,06:30:00,17:44:00
20967,1479062102,11/13/2016 12:00:00 AM,08:35:02,483.86,53.0,30.47,54.0,114.84,4.5,06:30:00,17:44:00
20968,1479061802,11/13/2016 12:00:00 AM,08:30:02,465.1,53.0,30.47,55.0,37.04,2.25,06:30:00,17:44:00
20969,1479061505,11/13/2016 12:00:00 AM,08:25:05,446.44,53.0,30.47,57.0,98.23,4.5,06:30:00,17:44:00
20970,1479061204,11/13/2016 12:00:00 AM,08:20:04,427.97,53.0,30.47,59.0,213.51,3.37,06:30:00,17:44:00
20971,1479060902,11/13/2016 12:00:00 AM,08:15:02,408.7,53.0,30.47,58.0,88.86,7.87,06:30:00,17:44:00
20972,1479060602,11/13/2016 12:00:00 AM,08:10:02,389.61,52.0,30.47,58.0,42.26,5.62,06:30:00,17:44:00
20973,1479060302,11/13/2016 12:00:00 AM,08:05:02,369.61,52.0,30.47,60.0,69.24,4.5,06:30:00,17:44:00
20974,1479060001,11/13/2016 12:00:00 AM,08:00:01,348.89,51.0,30.46,61.0,63.24,5.62,06:30:00,17:44:00
20975,1479059701,11/13/2016 12:00:00 AM,07:55:01,326.42,50.0,30.46,63.0,165.39,4.5,06:30:00,17:44:00
20976,1479059404,11/13/2016 12:00:00 AM,07:50:04,301.14,49.0,30.46,63.0,98.67,1.12,06:30:00,17:44:00
20977,1479059102,11/13/2016 12:00:00 AM,07:45:02,274.43,48.0,30.46,64.0,143.49,4.5,06:30:00,17:44:00
20978,1479058804,11/13/2016 12:00:00 AM,07:40:04,24.57,48.0,30.46,64.0,140.11,4.5,06:30:00,17:44:00
20979,1479058501,11/13/2016 12:00:00 AM,07:35:01,21.62,47.0,30.46,62.0,145.91,6.75,06:30:00,17:44:00
20980,1479058204,11/13/2016 12:00:00 AM,07:30:04,21.05,47.0,30.46,57.0,166.81,2.25,06:30:00,17:44:00
20981,1479057902,11/13/2016 12:00:00 AM,07:25:02,20.46,47.0,30.46,44.0,126.84,2.25,06:30:00,17:44:00
20982,1479057611,11/13/2016 12:00:00 AM,07:20:11,19.8,46.0,30.46,43.0,79.87,1.12,06:30:00,17:44:00
20983,1479057302,11/13/2016 12:00:00 AM,07:15:02,19.12,45.0,30.46,46.0,124.05,2.25,06:30:00,17:44:00
20984,1479057004,11/13/2016 12:00:00 AM,07:10:04,18.36,45.0,30.46,47.0,164.57,3.37,06:30:00,17:44:00
20985,1479056702,11/13/2016 12:00:00 AM,07:05:02,17.46,44.0,30.46,47.0,123.41,6.75,06:30:00,17:44:00
20986,1479056404,11/13/2016 12:00:00 AM,07:00:04,16.41,44.0,30.46,52.0,167.89,4.5,06:30:00,17:44:00
20987,1479056101,11/13/2016 12:00:00 AM,06:55:01,15.23,44.0,30.46,63.0,188.4,6.75,06:30:00,17:44:00
20988,1479055802,11/13/2016 12:00:00 AM,06:50:02,13.88,44.0,30.46,55.0,185.68,5.62,06:30:00,17:44:00
20989,1479055502,11/13/2016 12:00:00 AM,06:45:02,12.27,44.0,30.45,74.83719267708949,184.78,7.87,06:30:00,17:44:00
20990,1479055202,11/13/2016 12:00:00 AM,06:40:02,10.43,44.0,30.45,60.0,178.69,7.87,06:30:00,17:44:00
20991,1479054901,11/13/2016 12:00:00 AM,06:35:01,8.4,44.0,30.45,59.0,170.92,5.62,06:30:00,17:44:00
20992,1479054602,11/13/2016 12:00:00 AM,06:30:02,6.4,44.0,30.45,61.0,166.88,9.0,06:30:00,17:44:00
20993,1479054304,11/13/2016 12:00:00 AM,06:25:04,4.3,44.0,30.45,61.0,147.98,5.62,06:30:00,17:44:00
20994,1479054001,11/13/2016 12:00:00 AM,06:20:01,2.44,44.0,30.45,60.0,159.25,6.75,06:30:00,17:44:00
20995,1479053704,11/13/2016 12:00:00 AM,06:15:04,1.38,44.0,30.45,58.0,124.44,5.62,06:30:00,17:44:00
20996,1479053402,11/13/2016 12:00:00 AM,06:10:02,1.18,44.0,30.45,59.0,138.45,7.87,06:30:00,17:44:00
20997,1479053102,11/13/2016 12:00:00 AM,06:05:02,1.24,44.0,30.44,60.0,156.71,5.62,06:30:00,17:44:00
20998,1479052802,11/13/2016 12:00:00 AM,06:00:02,1.22,44.0,30.44,57.0,174.23,9.0,06:30:00,17:44:00
20999,1479052501,11/13/2016 12:00:00 AM,05:55:01,1.2,44.0,30.44,57.0,166.86,6.75,06:30:00,17:44:00
21000,1479052202,11/13/2016 12:00:00 AM,05:50:02,1.21,44.0,30.44,59.0,150.04,3.37,06:30:00,17:44:00
21001,1479051902,11/13/2016 12:00:00 AM,05:45:02,1.18,45.0,30.44,56.0,170.15,6.75,06:30:00,17:44:00
21002,1479051602,11/13/2016 12:00:00 AM,05:40:02,1.19,45.0,30.44,59.0,173.15,2.25,06:30:00,17:44:00
21003,1479051302,11/13/2016 12:00:00 AM,05:35:02,1.17,44.0,30.44,55.0,172.5,4.5,06:30:00,17:44:00
21004,1479051004,11/13/2016 12:00:00 AM,05:30:04,1.19,44.0,30.44,55.0,171.19,4.5,06:30:00,17:44:00
21005,1479050704,11/13/2016 12:00:00 AM,05:25:04,1.19,44.0,30.44,60.0,150.19,6.75,06:30:00,17:44:00
21006,1479050402,11/13/2016 12:00:00 AM,05:20:02,1.18,44.0,30.44,60.0,150.13,6.75,06:30:00,17:44:00
21007,1479050102,11/13/2016 12:00:00 AM,05:15:02,1.21,44.0,30.44,62.0,155.45,7.87,06:30:00,17:44:00
21008,1479049801,11/13/2016 12:00:00 AM,05:10:01,1.17,44.0,30.44,65.0,170.9,6.75,06:30:00,17:44:00
21009,1479049507,11/13/2016 12:00:00 AM,05:05:07,1.21,44.0,30.44,65.0,134.74,9.0,06:30:00,17:44:00
21010,1479049201,11/13/2016 12:00:00 AM,05:00:01,1.2,44.0,30.44,65.0,169.67,7.87,06:30:00,17:44:00
21011,1479048901,11/13/2016 12:00:00 AM,04:55:01,1.19,44.0,30.44,63.0,147.85,6.75,06:30:00,17:44:00
21012,1479048603,11/13/2016 12:00:00 AM,04:50:03,1.18,45.0,30.44,63.0,156.84,5.62,06:30:00,17:44:00
21013,1479048302,11/13/2016 12:00:00 AM,04:45:02,1.2,45.0,30.44,63.0,166.76,4.5,06:30:00,17:44:00
21014,1479048004,11/13/2016 12:00:00 AM,04:40:04,1.2,45.0,30.44,62.0,54.04,9.0,06:30:00,17:44:00
21015,1479047705,11/13/2016 12:00:00 AM,04:35:05,1.19,45.0,30.44,61.0,130.81,3.37,06:30:00,17:44:00
21016,1479047404,11/13/2016 12:00:00 AM,04:30:04,1.21,45.0,30.44,59.0,178.27,2.25,06:30:00,17:44:00
21017,1479047102,11/13/2016 12:00:00 AM,04:25:02,1.25,44.0,30.44,61.0,171.29,2.25,06:30:00,17:44:00
21018,1479046802,11/13/2016 12:00:00 AM,04:20:02,1.21,44.0,30.44,63.0,147.22,9.0,06:30:00,17:44:00
21019,1479046502,11/13/2016 12:00:00 AM,04:15:02,1.2,45.0,30.43,62.0,181.04,7.87,06:30:00,17:44:00
21020,1479046204,11/13/2016 12:00:00 AM,04:10:04,1.19,44.0,30.43,63.0,178.51,4.5,06:30:00,17:44:00
21021,1479045902,11/13/2016 12:00:00 AM,04:05:02,1.21,44.0,30.43,63.0,161.26,6.75,06:30:00,17:44:00
21022,1479045602,11/13/2016 12:00:00 AM,04:00:02,1.22,44.0,30.43,68.0,172.64,10.12,06:30:00,17:44:00
21023,1479045303,11/13/2016 12:00:00 AM,03:55:03,1.22,44.0,30.43,70.0,173.61,10.12,06:30:00,17:44:00
21024,1479045001,11/13/2016 12:00:00 AM,03:50:01,1.2,44.0,30.44,69.0,139.95,5.62,06:30:00,17:44:00
21025,1479044701,11/13/2016 12:00:00 AM,03:45:01,1.19,45.0,30.44,67.0,163.51,5.62,06:30:00,17:44:00
21026,1479044402,11/13/2016 12:00:00 AM,03:40:02,1.2,45.0,30.44,67.0,187.84,7.87,06:30:00,17:44:00
21027,1479044102,11/13/2016 12:00:00 AM,03:35:02,1.24,45.0,30.44,67.0,151.34,5.62,06:30:00,17:44:00
21028,1479043801,11/13/2016 12:00:00 AM,03:30:01,1.22,46.0,30.44,67.0,186.87,3.37,06:30:00,17:44:00
21029,1479043501,11/13/2016 12:00:00 AM,03:25:01,1.23,46.0,30.44,67.0,114.74,9.0,06:30:00,17:44:00
21030,1479043202,11/13/2016 12:00:00 AM,03:20:02,1.2,46.0,30.44,66.0,111.4,5.62,06:30:00,17:44:00
21031,1479042902,11/13/2016 12:00:00 AM,03:15:02,1.2,46.0,30.44,65.0,226.39,4.5,06:30:00,17:44:00
21032,1479042601,11/13/2016 12:00:00 AM,03:10:01,1.24,46.0,30.44,63.0,127.98,6.75,06:30:00,17:44:00
21033,1479042301,11/13/2016 12:00:00 AM,03:05:01,1.2,46.0,30.44,64.0,139.38,2.25,06:30:00,17:44:00
21034,1479042004,11/13/2016 12:00:00 AM,03:00:04,1.22,46.0,30.44,63.0,166.64,4.5,06:30:00,17:44:00
21035,1479041701,11/13/2016 12:00:00 AM,02:55:01,1.22,46.0,30.44,62.0,160.27,3.37,06:30:00,17:44:00
21036,1479041402,11/13/2016 12:00:00 AM,02:50:02,1.23,46.0,30.44,61.0,126.96,5.62,06:30:00,17:44:00
21037,1479041102,11/13/2016 12:00:00 AM,02:45:02,1.21,46.0,30.44,62.0,174.76,5.62,06:30:00,17:44:00
21038,1479040805,11/13/2016 12:00:00 AM,02:40:05,1.16,46.0,30.44,61.0,152.62,3.37,06:30:00,17:44:00
21039,1479040504,11/13/2016 12:00:00 AM,02:35:04,1.19,46.0,30.44,60.0,148.74,2.25,06:30:00,17:44:00
21040,1479040202,11/13/2016 12:00:00 AM,02:30:02,1.23,46.0,30.44,57.0,161.48,4.5,06:30:00,17:44:00
21041,1479039903,11/13/2016 12:00:00 AM,02:25:03,1.19,45.0,30.44,57.0,185.63,2.25,06:30:00,17:44:00
21042,1479039601,11/13/2016 12:00:00 AM,02:20:01,1.24,45.0,30.44,57.0,195.81,2.25,06:30:00,17:44:00
21043,1479039304,11/13/2016 12:00:00 AM,02:15:04,1.19,45.0,30.44,56.0,183.27,3.37,06:30:00,17:44:00
21044,1479039004,11/13/2016 12:00:00 AM,02:10:04,1.23,45.0,30.44,57.0,157.42,4.5,06:30:00,17:44:00
21045,1479038702,11/13/2016 12:00:00 AM,02:05:02,1.19,45.0,30.44,59.0,153.17,1.12,06:30:00,17:44:00
21046,1479038402,11/13/2016 12:00:00 AM,02:00:02,1.2,45.0,30.45,61.0,152.36,5.62,06:30:00,17:44:00
21047,1479038101,11/13/2016 12:00:00 AM,01:55:01,1.21,45.0,30.45,64.0,126.21,9.0,06:30:00,17:44:00
21048,1479037801,11/13/2016 12:00:00 AM,01:50:01,1.18,46.0,30.45,65.0,164.88,3.37,06:30:00,17:44:00
21049,1479037505,11/13/2016 12:00:00 AM,01:45:05,1.25,46.0,30.45,66.0,156.53,4.5,06:30:00,17:44:00
21050,1479037202,11/13/2016 12:00:00 AM,01:40:02,1.19,46.0,30.45,66.0,175.56,3.37,06:30:00,17:44:00
21051,1479036901,11/13/2016 12:00:00 AM,01:35:01,1.2,46.0,30.45,67.0,123.1,7.87,06:30:00,17:44:00
21052,1479036601,11/13/2016 12:00:00 AM,01:30:01,1.2,46.0,30.45,66.0,240.56,3.37,06:30:00,17:44:00
21053,1479036302,11/13/2016 12:00:00 AM,01:25:02,1.21,46.0,30.46,64.0,198.52,4.5,06:30:00,17:44:00
21054,1479036002,11/13/2016 12:00:00 AM,01:20:02,1.19,46.0,30.46,61.0,170.95,6.75,06:30:00,17:44:00
21055,1479035702,11/13/2016 12:00:00 AM,01:15:02,1.21,46.0,30.46,60.0,145.13,9.0,06:30:00,17:44:00
21056,1479035402,11/13/2016 12:00:00 AM,01:10:02,1.22,46.0,30.46,58.0,156.51,5.62,06:30:00,17:44:00
21057,1479035102,11/13/2016 12:00:00 AM,01:05:02,1.21,46.0,30.46,58.0,144.68,6.75,06:30:00,17:44:00
21058,1479034803,11/13/2016 12:00:00 AM,01:00:03,1.2,46.0,30.46,56.0,158.54,4.5,06:30:00,17:44:00
21059,1479034502,11/13/2016 12:00:00 AM,00:55:02,1.21,46.0,30.46,51.0,143.76,5.62,06:30:00,17:44:00
21060,1479034204,11/13/2016 12:00:00 AM,00:50:04,1.21,47.0,30.47,51.0,162.77,3.37,06:30:00,17:44:00
21061,1479033901,11/13/2016 12:00:00 AM,00:45:01,1.16,47.0,30.47,48.0,155.6,3.37,06:30:00,17:44:00
21062,1479033602,11/13/2016 12:00:00 AM,00:40:02,1.23,47.0,30.47,46.0,125.51,3.37,06:30:00,17:44:00
21063,1479033302,11/13/2016 12:00:00 AM,00:35:02,1.19,47.0,30.47,46.0,117.14,2.25,06:30:00,17:44:00
21064,1479033001,11/13/2016 12:00:00 AM,00:30:01,1.19,47.0,30.47,44.0,119.17,3.37,06:30:00,17:44:00
21065,1479032705,11/13/2016 12:00:00 AM,00:25:05,1.24,47.0,30.47,44.0,184.87,4.5,06:30:00,17:44:00
21066,1479032402,11/13/2016 12:00:00 AM,00:20:02,1.21,46.0,30.47,44.0,187.22,5.62,06:30:00,17:44:00
21067,1479032101,11/13/2016 12:00:00 AM,00:15:01,1.2,47.0,30.47,45.0,176.86,7.87,06:30:00,17:44:00
21068,1479031802,11/13/2016 12:00:00 AM,00:10:02,1.2,47.0,30.47,45.0,156.47,7.87,06:30:00,17:44:00
21069,1479031504,11/13/2016 12:00:00 AM,00:05:04,1.23,47.0,30.47,46.0,163.55,7.87,06:30:00,17:44:00
21070,1479031201,11/13/2016 12:00:00 AM,00:00:01,1.23,47.0,30.47,46.0,140.31,5.62,06:30:00,17:44:00
21071,1479030904,11/12/2016 12:00:00 AM,23:55:04,1.2,47.0,30.48,46.0,164.44,5.62,06:30:00,17:44:00
21072,1479030602,11/12/2016 12:00:00 AM,23:50:02,1.24,47.0,30.48,46.0,148.85,6.75,06:30:00,17:44:00
21073,1479030302,11/12/2016 12:00:00 AM,23:45:02,1.19,47.0,30.48,47.0,85.47,3.37,06:30:00,17:44:00
21074,1479030001,11/12/2016 12:00:00 AM,23:40:01,1.2,47.0,30.48,47.0,159.16,6.229096658193317,06:30:00,17:44:00
21075,1479029702,11/12/2016 12:00:00 AM,23:35:02,1.2,47.0,30.48,48.0,173.63,4.5,06:30:00,17:44:00
21076,1479029401,11/12/2016 12:00:00 AM,23:30:01,1.19,47.0,30.48,48.0,141.27,9.0,06:30:00,17:44:00
21077,1479029102,11/12/2016 12:00:00 AM,23:25:02,1.2,47.0,30.48,50.0,144.98,5.62,06:30:00,17:44:00
21078,1479028802,11/12/2016 12:00:00 AM,23:20:02,1.21,47.0,30.48,51.0,167.31,6.75,06:30:00,17:44:00
21079,1479028502,11/12/2016 12:00:00 AM,23:15:02,1.24,47.0,30.48,52.0,149.53,7.87,06:30:00,17:44:00
21080,1479028202,11/12/2016 12:00:00 AM,23:10:02,1.2,47.0,30.48,52.0,182.1,5.62,06:30:00,17:44:00
21081,1479027902,11/12/2016 12:00:00 AM,23:05:02,1.18,47.0,30.48,52.0,183.71,7.87,06:30:00,17:44:00
21082,1479027601,11/12/2016 12:00:00 AM,23:00:01,1.22,47.0,30.48,50.0,159.03,4.5,06:30:00,17:44:00
21083,1479027302,11/12/2016 12:00:00 AM,22:55:02,1.2,47.0,30.48,49.0,137.02,9.0,06:30:00,17:44:00
21084,1479027002,11/12/2016 12:00:00 AM,22:50:02,1.21,47.0,30.48,48.0,169.9,5.62,06:30:00,17:44:00
21085,1479026702,11/12/2016 12:00:00 AM,22:45:02,1.23,47.0,30.49,49.0,164.34,5.62,06:30:00,17:44:00
21086,1479026404,11/12/2016 12:00:00 AM,22:40:04,1.17,47.0,30.49,49.0,161.43,5.62,06:30:00,17:44:00
21087,1479026103,11/12/2016 12:00:00 AM,22:35:03,1.22,47.0,30.49,49.0,145.41,6.75,06:30:00,17:44:00
21088,1479025802,11/12/2016 12:00:00 AM,22:30:02,1.23,47.0,30.49,49.0,127.39,6.75,06:30:00,17:44:00
21089,1479025508,11/12/2016 12:00:00 AM,22:25:08,1.26,47.0,30.49,49.0,157.92,4.5,06:30:00,17:44:00
21090,1479025201,11/12/2016 12:00:00 AM,22:20:01,1.22,47.0,30.49,51.0,179.69,5.62,06:30:00,17:44:00
21091,1479024901,11/12/2016 12:00:00 AM,22:15:01,1.25,47.0,30.49,52.0,180.55,4.5,06:30:00,17:44:00
21092,1479024602,11/12/2016 12:00:00 AM,22:10:02,1.23,47.0,30.49,53.0,171.27,4.5,06:30:00,17:44:00
21093,1479024304,11/12/2016 12:00:00 AM,22:05:04,1.22,47.0,30.49,54.0,148.38,5.62,06:30:00,17:44:00
21094,1479024001,11/12/2016 12:00:00 AM,22:00:01,1.18,48.0,30.49,55.0,165.09,4.5,06:30:00,17:44:00
21095,1479023702,11/12/2016 12:00:00 AM,21:55:02,1.23,48.0,30.49,55.0,175.54,5.62,06:30:00,17:44:00
21096,1479023402,11/12/2016 12:00:00 AM,21:50:02,1.18,48.0,30.49,55.0,164.46,5.62,06:30:00,17:44:00
21097,1479023104,11/12/2016 12:00:00 AM,21:45:04,1.22,48.0,30.49,56.0,173.73,4.5,06:30:00,17:44:00
21098,1479022801,11/12/2016 12:00:00 AM,21:40:01,1.21,48.0,30.49,57.0,171.29,5.62,06:30:00,17:44:00
21099,1479022502,11/12/2016 12:00:00 AM,21:35:02,1.2,48.0,30.49,58.0,170.21,5.62,06:30:00,17:44:00
21100,1479022202,11/12/2016 12:00:00 AM,21:30:02,1.23,48.0,30.49,57.0,147.9,6.75,06:30:00,17:44:00
21101,1479021902,11/12/2016 12:00:00 AM,21:25:02,1.24,48.0,30.49,57.0,146.9,6.75,06:30:00,17:44:00
21102,1479021601,11/12/2016 12:00:00 AM,21:20:01,1.21,48.0,30.49,58.0,157.08,5.62,06:30:00,17:44:00
21103,1479021302,11/12/2016 12:00:00 AM,21:15:02,1.2,48.0,30.49,56.0,158.31,6.75,06:30:00,17:44:00
21104,1479021002,11/12/2016 12:00:00 AM,21:10:02,1.21,48.0,30.49,55.0,153.78,6.229096658193317,06:30:00,17:44:00
21105,1479020703,11/12/2016 12:00:00 AM,21:05:03,1.23,48.0,30.49,56.0,155.08,4.5,06:30:00,17:44:00
21106,1479020401,11/12/2016 12:00:00 AM,21:00:01,1.19,48.0,30.49,58.0,159.85,4.5,06:30:00,17:44:00
21107,1479020101,11/12/2016 12:00:00 AM,20:55:01,1.21,48.0,30.49,58.0,168.56,6.229096658193317,06:30:00,17:44:00
21108,1479019802,11/12/2016 12:00:00 AM,20:50:02,1.25,48.0,30.49,61.0,146.7,4.5,06:30:00,17:44:00
21109,1479019504,11/12/2016 12:00:00 AM,20:45:04,1.21,48.0,30.49,57.0,152.36,5.62,06:30:00,17:44:00
21110,1479019204,11/12/2016 12:00:00 AM,20:40:04,1.22,49.0,30.49,56.0,156.86,6.75,06:30:00,17:44:00
21111,1479018908,11/12/2016 12:00:00 AM,20:35:08,1.2,49.0,30.49,56.0,159.22,4.5,06:30:00,17:44:00
21112,1479018602,11/12/2016 12:00:00 AM,20:30:02,1.21,49.0,30.49,54.0,156.71,4.5,06:30:00,17:44:00
21113,1479018302,11/12/2016 12:00:00 AM,20:25:02,1.22,49.0,30.48,52.0,148.76,2.25,06:30:00,17:44:00
21114,1479018002,11/12/2016 12:00:00 AM,20:20:02,1.22,49.0,30.48,52.0,158.08,4.5,06:30:00,17:44:00
21115,1479017702,11/12/2016 12:00:00 AM,20:15:02,1.21,50.0,30.48,54.0,151.01,4.5,06:30:00,17:44:00
21116,1479017405,11/12/2016 12:00:00 AM,20:10:05,1.26,50.0,30.48,53.0,159.32,4.5,06:30:00,17:44:00
21117,1479017102,11/12/2016 12:00:00 AM,20:05:02,1.23,50.0,30.48,54.0,150.95,4.5,06:30:00,17:44:00
21118,1479016802,11/12/2016 12:00:00 AM,20:00:02,1.23,50.0,30.48,56.0,166.55,4.5,06:30:00,17:44:00
21119,1479016502,11/12/2016 12:00:00 AM,19:55:02,1.25,51.16507236474315,30.48,57.0,137.02,5.62,06:30:00,17:44:00
21120,1479016203,11/12/2016 12:00:00 AM,19:50:03,1.21,50.0,30.48,58.0,152.04,4.5,06:30:00,17:44:00
21121,1479015902,11/12/2016 12:00:00 AM,19:45:02,1.24,51.0,30.48,57.0,157.42,4.5,06:30:00,17:44:00
21122,1479015601,11/12/2016 12:00:00 AM,19:40:01,1.22,51.0,30.48,59.0,137.4,3.37,06:30:00,17:44:00
21123,1479015301,11/12/2016 12:00:00 AM,19:35:01,1.24,51.0,30.47,63.0,119.45,1.12,06:30:00,17:44:00
21124,1479015002,11/12/2016 12:00:00 AM,19:30:02,1.23,51.0,30.47,65.0,116.33,5.62,06:30:00,17:44:00
21125,1479014702,11/12/2016 12:00:00 AM,19:25:02,1.21,51.0,30.47,63.0,124.9,2.25,06:30:00,17:44:00
21126,1479014402,11/12/2016 12:00:00 AM,19:20:02,1.2,51.0,30.47,66.0,119.76,4.5,06:30:00,17:44:00
21127,1479014101,11/12/2016 12:00:00 AM,19:15:01,1.26,50.0,30.47,66.0,132.7,4.5,06:30:00,17:44:00
21128,1479013804,11/12/2016 12:00:00 AM,19:10:04,1.24,51.0,30.47,67.0,151.55,1.12,06:30:00,17:44:00
21129,1479013502,11/12/2016 12:00:00 AM,19:05:02,1.24,51.0,30.47,62.0,152.66,3.37,06:30:00,17:44:00
21130,1479013203,11/12/2016 12:00:00 AM,19:00:03,1.19,51.0,30.46,57.0,149.25,4.5,06:30:00,17:44:00
21131,1479012902,11/12/2016 12:00:00 AM,18:55:02,1.22,51.0,30.46,56.0,147.17,2.25,06:30:00,17:44:00
21132,1479012601,11/12/2016 12:00:00 AM,18:50:01,1.23,52.0,30.46,59.0,125.6,1.12,06:30:00,17:44:00
21133,1479012304,11/12/2016 12:00:00 AM,18:45:04,1.24,52.0,30.46,60.0,121.17,1.12,06:30:00,17:44:00
21134,1479012002,11/12/2016 12:00:00 AM,18:40:02,1.22,52.0,30.46,56.0,120.89,1.12,06:30:00,17:44:00
21135,1479011702,11/12/2016 12:00:00 AM,18:35:02,1.23,53.0,30.46,59.0,121.11,2.25,06:30:00,17:44:00
21136,1479011402,11/12/2016 12:00:00 AM,18:30:02,1.26,53.0,30.46,63.0,117.46,2.25,06:30:00,17:44:00
21137,1479011101,11/12/2016 12:00:00 AM,18:25:01,1.26,53.0,30.46,62.0,93.61,1.12,06:30:00,17:44:00
21138,1479010803,11/12/2016 12:00:00 AM,18:20:03,1.23,54.0,30.46,61.0,93.06,1.12,06:30:00,17:44:00
21139,1479010504,11/12/2016 12:00:00 AM,18:15:04,1.24,54.0,30.46,54.0,97.71,1.12,06:30:00,17:44:00
21140,1479010201,11/12/2016 12:00:00 AM,18:10:01,1.22,54.0,30.45,52.0,78.42,1.12,06:30:00,17:44:00
21141,1479009903,11/12/2016 12:00:00 AM,18:05:03,1.24,54.0,30.45,55.0,62.85,2.25,06:30:00,17:44:00
21142,1479009602,11/12/2016 12:00:00 AM,18:00:02,1.23,54.0,30.45,60.0,70.55,1.12,06:30:00,17:44:00
21143,1479009302,11/12/2016 12:00:00 AM,17:55:02,1.58,54.0,30.45,69.0,63.34,2.25,06:30:00,17:44:00
21144,1479009002,11/12/2016 12:00:00 AM,17:50:02,2.83,54.0,30.45,67.0,55.58,0.0,06:30:00,17:44:00
21145,1479008703,11/12/2016 12:00:00 AM,17:45:03,4.78,54.0,30.45,71.0,60.06,2.25,06:30:00,17:44:00
21146,1479008402,11/12/2016 12:00:00 AM,17:40:02,7.66,55.0,30.45,83.0,62.69,1.12,06:30:00,17:44:00
21147,1479008104,11/12/2016 12:00:00 AM,17:35:04,10.58,55.0,30.45,81.0,37.44,0.0,06:30:00,17:44:00
21148,1479007804,11/12/2016 12:00:00 AM,17:30:04,15.84,55.0,30.45,77.0,53.11,2.25,06:30:00,17:44:00
21149,1479007501,11/12/2016 12:00:00 AM,17:25:01,20.51,55.0,30.44,76.0,44.83,3.37,06:30:00,17:44:00
21150,1479007204,11/12/2016 12:00:00 AM,17:20:04,30.42,55.0,30.44,80.0,93.97,2.25,06:30:00,17:44:00
21151,1479006906,11/12/2016 12:00:00 AM,17:15:06,39.74,55.0,30.44,80.0,88.51,1.12,06:30:00,17:44:00
21152,1479006603,11/12/2016 12:00:00 AM,17:10:03,32.79,55.0,30.44,84.0,96.3,0.0,06:30:00,17:44:00
21153,1479006301,11/12/2016 12:00:00 AM,17:05:01,37.59,55.0,30.44,82.0,51.85,2.25,06:30:00,17:44:00
21154,1479006002,11/12/2016 12:00:00 AM,17:00:02,54.61,55.0,30.44,85.0,62.57,3.37,06:30:00,17:44:00
21155,1479005702,11/12/2016 12:00:00 AM,16:55:02,53.65,56.0,30.44,88.0,54.45,1.12,06:30:00,17:44:00
21156,1479005402,11/12/2016 12:00:00 AM,16:50:02,40.48,56.0,30.44,88.0,24.72,1.12,06:30:00,17:44:00
21157,1479005101,11/12/2016 12:00:00 AM,16:45:01,56.92,56.0,30.44,88.0,36.41,4.5,06:30:00,17:44:00
21158,1479004802,11/12/2016 12:00:00 AM,16:40:02,53.41,56.0,30.44,88.0,47.14,3.37,06:30:00,17:44:00
21159,1479004502,11/12/2016 12:00:00 AM,16:35:02,152.97,56.0,30.44,88.0,18.53,6.75,06:30:00,17:44:00
21160,1479004204,11/12/2016 12:00:00 AM,16:30:04,160.69,57.0,30.44,88.0,55.77,4.5,06:30:00,17:44:00
21161,1479003901,11/12/2016 12:00:00 AM,16:25:01,273.29,57.0,30.44,87.0,13.58,5.62,06:30:00,17:44:00
21162,1479003602,11/12/2016 12:00:00 AM,16:20:02,102.94,57.0,30.44,86.0,50.72,7.87,06:30:00,17:44:00
21163,1479003303,11/12/2016 12:00:00 AM,16:15:03,168.05,58.0,30.43,83.0,26.61,1.12,06:30:00,17:44:00
21164,1479003004,11/12/2016 12:00:00 AM,16:10:04,200.12,58.0,30.43,83.0,20.18,4.5,06:30:00,17:44:00
21165,1479002704,11/12/2016 12:00:00 AM,16:05:04,125.2,58.0,30.43,83.0,1.37,6.75,06:30:00,17:44:00
21166,1479002401,11/12/2016 12:00:00 AM,16:00:01,319.09,58.0,30.43,83.0,26.45,3.37,06:30:00,17:44:00
21167,1479002102,11/12/2016 12:00:00 AM,15:55:02,196.54,58.0,30.43,83.0,17.24,4.5,06:30:00,17:44:00
21168,1479001805,11/12/2016 12:00:00 AM,15:50:05,312.98,58.0,30.43,82.0,0.11,3.37,06:30:00,17:44:00
21169,1479001501,11/12/2016 12:00:00 AM,15:45:01,154.97,58.0,30.43,81.0,33.35,2.25,06:30:00,17:44:00
21170,1479001201,11/12/2016 12:00:00 AM,15:40:01,309.63,59.0,30.43,81.0,56.62,5.62,06:30:00,17:44:00
21171,1479000903,11/12/2016 12:00:00 AM,15:35:03,315.98,59.0,30.43,80.0,23.64,1.12,06:30:00,17:44:00
21172,1479000623,11/12/2016 12:00:00 AM,15:30:23,412.3,59.0,30.43,80.0,32.96,7.87,06:30:00,17:44:00
21173,1479000301,11/12/2016 12:00:00 AM,15:25:01,283.88,59.0,30.43,79.0,43.31,2.25,06:30:00,17:44:00
21174,1479000001,11/12/2016 12:00:00 AM,15:20:01,542.94,60.0,30.43,77.0,356.96,6.229096658193317,06:30:00,17:44:00
21175,1478999701,11/12/2016 12:00:00 AM,15:15:01,386.8,59.0,30.43,75.0,58.03,2.25,06:30:00,17:44:00
21176,1478999402,11/12/2016 12:00:00 AM,15:10:02,606.72,60.0,30.43,74.0,35.38,7.87,06:30:00,17:44:00
21177,1478999101,11/12/2016 12:00:00 AM,15:05:01,149.22,60.0,30.43,74.0,359.92,1.12,06:30:00,17:44:00
21178,1478998804,11/12/2016 12:00:00 AM,15:00:04,404.31,60.0,30.43,73.0,57.97,6.75,06:30:00,17:44:00
21179,1478998502,11/12/2016 12:00:00 AM,14:55:02,638.43,61.0,30.43,71.0,348.23,5.62,06:30:00,17:44:00
21180,1478998201,11/12/2016 12:00:00 AM,14:50:01,641.16,60.0,30.43,69.0,19.49,5.62,06:30:00,17:44:00
21181,1478997902,11/12/2016 12:00:00 AM,14:45:02,653.78,60.0,30.43,68.0,63.99,3.37,06:30:00,17:44:00
21182,1478997601,11/12/2016 12:00:00 AM,14:40:01,614.68,60.0,30.44,68.0,44.52,7.87,06:30:00,17:44:00
21183,1478997302,11/12/2016 12:00:00 AM,14:35:02,667.32,61.0,30.44,67.0,16.49,7.87,06:30:00,17:44:00
21184,1478997002,11/12/2016 12:00:00 AM,14:30:02,691.04,61.0,30.44,64.0,74.72,5.62,06:30:00,17:44:00
21185,1478996704,11/12/2016 12:00:00 AM,14:25:04,708.52,60.0,30.44,64.0,33.54,10.12,06:30:00,17:44:00
21186,1478996401,11/12/2016 12:00:00 AM,14:20:01,716.33,61.0,30.44,63.0,7.49,9.0,06:30:00,17:44:00
21187,1478996101,11/12/2016 12:00:00 AM,14:15:01,733.76,61.0,30.44,60.0,31.68,10.12,06:30:00,17:44:00
21188,1478995804,11/12/2016 12:00:00 AM,14:10:04,745.38,61.0,30.44,60.0,33.6,6.75,06:30:00,17:44:00
21189,1478995502,11/12/2016 12:00:00 AM,14:05:02,757.73,61.0,30.44,59.0,0.74,9.0,06:30:00,17:44:00
21190,1478995203,11/12/2016 12:00:00 AM,14:00:03,768.06,61.0,30.44,57.0,10.56,9.0,06:30:00,17:44:00
21191,1478994904,11/12/2016 12:00:00 AM,13:55:04,782.59,61.0,30.44,57.0,88.37,4.5,06:30:00,17:44:00
21192,1478994604,11/12/2016 12:00:00 AM,13:50:04,790.89,61.0,30.44,57.0,27.4,7.87,06:30:00,17:44:00
21193,1478994305,11/12/2016 12:00:00 AM,13:45:05,804.31,61.0,30.45,55.0,27.02,6.75,06:30:00,17:44:00
21194,1478994005,11/12/2016 12:00:00 AM,13:40:05,810.28,62.0,30.45,55.0,180.0,7.87,06:30:00,17:44:00
21195,1478993701,11/12/2016 12:00:00 AM,13:35:01,825.85,62.0,30.45,55.0,86.02,3.37,06:30:00,17:44:00
21196,1478993401,11/12/2016 12:00:00 AM,13:30:01,828.15,61.0,30.45,55.0,241.25,6.75,06:30:00,17:44:00
21197,1478993102,11/12/2016 12:00:00 AM,13:25:02,839.57,62.0,30.45,52.0,40.39,4.5,06:30:00,17:44:00
21198,1478992802,11/12/2016 12:00:00 AM,13:20:02,844.06,62.0,30.45,55.0,34.0,13.5,06:30:00,17:44:00
21199,1478992501,11/12/2016 12:00:00 AM,13:15:01,855.84,62.0,30.45,52.0,56.31,3.37,06:30:00,17:44:00
21200,1478992201,11/12/2016 12:00:00 AM,13:10:01,861.46,62.0,30.45,50.0,55.98,7.87,06:30:00,17:44:00
21201,1478991903,11/12/2016 12:00:00 AM,13:05:03,868.11,62.0,30.46,53.0,27.09,6.75,06:30:00,17:44:00
21202,1478991604,11/12/2016 12:00:00 AM,13:00:04,871.92,62.0,30.46,51.0,0.11,3.37,06:30:00,17:44:00
21203,1478991307,11/12/2016 12:00:00 AM,12:55:07,881.08,62.0,30.46,50.0,55.02,6.75,06:30:00,17:44:00
21204,1478991005,11/12/2016 12:00:00 AM,12:50:05,884.83,62.0,30.46,51.0,63.48,6.75,06:30:00,17:44:00
21205,1478990702,11/12/2016 12:00:00 AM,12:45:02,890.44,62.0,30.46,51.0,33.97,9.0,06:30:00,17:44:00
21206,1478990401,11/12/2016 12:00:00 AM,12:40:01,889.59,61.0,30.47,52.0,43.47,9.0,06:30:00,17:44:00
21207,1478990104,11/12/2016 12:00:00 AM,12:35:04,895.75,62.0,30.47,52.0,13.93,9.0,06:30:00,17:44:00
21208,1478989801,11/12/2016 12:00:00 AM,12:30:01,895.55,62.0,30.47,52.0,26.64,11.25,06:30:00,17:44:00
21209,1478989502,11/12/2016 12:00:00 AM,12:25:02,898.76,62.0,30.47,51.0,33.64,7.87,06:30:00,17:44:00
21210,1478989202,11/12/2016 12:00:00 AM,12:20:02,903.21,62.0,30.47,49.0,33.09,6.75,06:30:00,17:44:00
21211,1478988904,11/12/2016 12:00:00 AM,12:15:04,903.76,62.0,30.47,51.0,22.63,6.75,06:30:00,17:44:00
21212,1478988601,11/12/2016 12:00:00 AM,12:10:01,902.83,62.0,30.47,49.0,19.95,9.0,06:30:00,17:44:00
21213,1478988302,11/12/2016 12:00:00 AM,12:05:02,902.39,62.0,30.47,48.0,80.78,3.37,06:30:00,17:44:00
21214,1478988004,11/12/2016 12:00:00 AM,12:00:04,903.65,62.0,30.48,48.0,8.07,4.5,06:30:00,17:44:00
21215,1478987704,11/12/2016 12:00:00 AM,11:55:04,901.07,62.0,30.48,46.0,0.94,6.75,06:30:00,17:44:00
21216,1478987404,11/12/2016 12:00:00 AM,11:50:04,899.18,62.0,30.48,47.0,39.04,6.75,06:30:00,17:44:00
21217,1478987102,11/12/2016 12:00:00 AM,11:45:02,899.49,62.0,30.48,47.0,44.33,12.37,06:30:00,17:44:00
21218,1478986802,11/12/2016 12:00:00 AM,11:40:02,894.95,62.0,30.48,47.0,6.31,6.75,06:30:00,17:44:00
21219,1478986504,11/12/2016 12:00:00 AM,11:35:04,893.04,63.0,30.48,46.0,344.66,4.5,06:30:00,17:44:00
21220,1478986204,11/12/2016 12:00:00 AM,11:30:04,888.38,62.0,30.48,47.0,21.93,4.5,06:30:00,17:44:00
21221,1478985901,11/12/2016 12:00:00 AM,11:25:01,883.45,62.0,30.49,47.0,31.54,11.25,06:30:00,17:44:00
21222,1478985602,11/12/2016 12:00:00 AM,11:20:02,880.84,62.0,30.49,48.0,50.89,5.62,06:30:00,17:44:00
21223,1478985302,11/12/2016 12:00:00 AM,11:15:02,874.3,62.0,30.49,47.0,101.41,4.5,06:30:00,17:44:00
21224,1478985001,11/12/2016 12:00:00 AM,11:10:01,869.48,62.0,30.49,47.0,47.3,9.0,06:30:00,17:44:00
21225,1478984702,11/12/2016 12:00:00 AM,11:05:02,862.78,62.0,30.49,47.0,9.29,6.75,06:30:00,17:44:00
21226,1478984404,11/12/2016 12:00:00 AM,11:00:04,855.99,61.0,30.49,47.0,0.17,6.75,06:30:00,17:44:00
21227,1478984104,11/12/2016 12:00:00 AM,10:55:04,847.28,61.0,30.49,48.0,22.4,11.25,06:30:00,17:44:00
21228,1478983802,11/12/2016 12:00:00 AM,10:50:02,841.02,61.0,30.49,48.0,52.84,6.75,06:30:00,17:44:00
21229,1478983502,11/12/2016 12:00:00 AM,10:45:02,832.8,61.0,30.49,49.0,78.21,7.87,06:30:00,17:44:00
21230,1478983201,11/12/2016 12:00:00 AM,10:40:01,824.05,61.0,30.5,49.0,70.78,9.0,06:30:00,17:44:00
21231,1478982901,11/12/2016 12:00:00 AM,10:35:01,816.37,61.0,30.5,50.0,76.3,7.87,06:30:00,17:44:00
21232,1478982602,11/12/2016 12:00:00 AM,10:30:02,807.33,61.0,30.5,50.0,336.49,1.12,06:30:00,17:44:00
21233,1478982305,11/12/2016 12:00:00 AM,10:25:05,795.98,61.0,30.5,50.0,319.64,4.5,06:30:00,17:44:00
21234,1478982002,11/12/2016 12:00:00 AM,10:20:02,787.85,60.0,30.5,49.0,174.86,1.12,06:30:00,17:44:00
21235,1478981701,11/12/2016 12:00:00 AM,10:15:01,775.95,61.0,30.5,50.0,8.25,9.0,06:30:00,17:44:00
21236,1478981402,11/12/2016 12:00:00 AM,10:10:02,766.03,61.0,30.5,49.0,353.02,7.87,06:30:00,17:44:00
21237,1478981102,11/12/2016 12:00:00 AM,10:05:02,753.63,60.0,30.5,49.0,0.44,4.5,06:30:00,17:44:00
21238,1478980802,11/12/2016 12:00:00 AM,10:00:02,740.77,60.0,30.5,50.0,117.33,2.25,06:30:00,17:44:00
21239,1478980501,11/12/2016 12:00:00 AM,09:55:01,728.89,60.0,30.5,48.0,9.71,3.37,06:30:00,17:44:00
21240,1478980202,11/12/2016 12:00:00 AM,09:50:02,713.91,60.0,30.5,48.0,42.53,2.25,06:30:00,17:44:00
21241,1478979903,11/12/2016 12:00:00 AM,09:45:03,701.66,60.0,30.5,51.0,73.43,3.37,06:30:00,17:44:00
21242,1478979602,11/12/2016 12:00:00 AM,09:40:02,686.92,60.0,30.5,50.0,47.86,2.25,06:30:00,17:44:00
21243,1478979303,11/12/2016 12:00:00 AM,09:35:03,672.89,51.16507236474315,30.5,51.0,183.07,5.62,06:30:00,17:44:00
21244,1478979001,11/12/2016 12:00:00 AM,09:30:01,659.43,59.0,30.5,53.0,33.9,5.62,06:30:00,17:44:00
21245,1478978704,11/12/2016 12:00:00 AM,09:25:04,644.69,59.0,30.5,53.0,1.79,2.25,06:30:00,17:44:00
21246,1478978402,11/12/2016 12:00:00 AM,09:20:02,628.88,59.0,30.5,54.0,45.94,1.12,06:30:00,17:44:00
21247,1478978102,11/12/2016 12:00:00 AM,09:15:02,614.01,59.0,30.5,54.0,57.46,5.62,06:30:00,17:44:00
21248,1478977801,11/12/2016 12:00:00 AM,09:10:01,597.74,59.0,30.5,55.0,359.93,4.5,06:30:00,17:44:00
21249,1478977501,11/12/2016 12:00:00 AM,09:05:01,581.85,58.0,30.5,53.0,79.15,5.62,06:30:00,17:44:00
21250,1478977204,11/12/2016 12:00:00 AM,09:00:04,566.4,58.0,30.49,55.0,37.62,10.12,06:30:00,17:44:00
21251,1478976902,11/12/2016 12:00:00 AM,08:55:02,547.62,58.0,30.49,57.0,37.18,2.25,06:30:00,17:44:00
21252,1478976604,11/12/2016 12:00:00 AM,08:50:04,531.38,58.0,30.49,56.0,89.85,4.5,06:30:00,17:44:00
21253,1478976301,11/12/2016 12:00:00 AM,08:45:01,513.7,58.0,30.49,60.0,46.68,3.37,06:30:00,17:44:00
21254,1478976001,11/12/2016 12:00:00 AM,08:40:01,496.19,57.0,30.49,60.0,117.48,4.5,06:30:00,17:44:00
21255,1478975704,11/12/2016 12:00:00 AM,08:35:04,478.13,57.0,30.49,62.0,84.5,4.5,06:30:00,17:44:00
21256,1478975401,11/12/2016 12:00:00 AM,08:30:01,459.68,56.0,30.49,64.0,77.28,5.62,06:30:00,17:44:00
21257,1478975102,11/12/2016 12:00:00 AM,08:25:02,441.23,56.0,30.49,65.0,65.17,2.25,06:30:00,17:44:00
21258,1478974801,11/12/2016 12:00:00 AM,08:20:01,422.75,56.0,30.49,66.0,15.64,4.5,06:30:00,17:44:00
21259,1478974504,11/12/2016 12:00:00 AM,08:15:04,403.81,55.0,30.49,66.0,27.06,5.62,06:30:00,17:44:00
21260,1478974204,11/12/2016 12:00:00 AM,08:10:04,384.38,55.0,30.49,67.0,67.9,3.37,06:30:00,17:44:00
21261,1478973901,11/12/2016 12:00:00 AM,08:05:01,364.87,55.0,30.48,67.0,45.75,3.37,06:30:00,17:44:00
21262,1478973603,11/12/2016 12:00:00 AM,08:00:03,344.47,55.0,30.48,67.0,80.56,6.75,06:30:00,17:44:00
21263,1478973301,11/12/2016 12:00:00 AM,07:55:01,321.9,54.0,30.48,67.0,64.37,2.25,06:30:00,17:44:00
21264,1478973002,11/12/2016 12:00:00 AM,07:50:02,297.94,52.0,30.48,67.0,114.26,2.25,06:30:00,17:44:00
21265,1478972702,11/12/2016 12:00:00 AM,07:45:02,272.68,51.0,30.48,68.0,100.32,7.87,06:30:00,17:44:00
21266,1478972405,11/12/2016 12:00:00 AM,07:40:05,24.87,50.0,30.48,74.83719267708949,134.67,3.37,06:30:00,17:44:00
21267,1478972102,11/12/2016 12:00:00 AM,07:35:02,22.19,49.0,30.48,68.0,161.89,5.62,06:30:00,17:44:00
21268,1478971802,11/12/2016 12:00:00 AM,07:30:02,21.6,48.0,30.48,68.0,150.64,5.62,06:30:00,17:44:00
21269,1478971502,11/12/2016 12:00:00 AM,07:25:02,21.14,48.0,30.48,69.0,169.14,4.5,06:30:00,17:44:00
21270,1478971203,11/12/2016 12:00:00 AM,07:20:03,20.59,47.0,30.48,69.0,170.93,4.5,06:30:00,17:44:00
21271,1478970903,11/12/2016 12:00:00 AM,07:15:03,19.98,47.0,30.47,70.0,149.47,6.75,06:30:00,17:44:00
21272,1478970602,11/12/2016 12:00:00 AM,07:10:02,19.23,47.0,30.47,70.0,165.99,4.5,06:30:00,17:44:00
21273,1478970302,11/12/2016 12:00:00 AM,07:05:02,18.34,46.0,30.47,70.0,163.6,6.75,06:30:00,17:44:00
21274,1478970001,11/12/2016 12:00:00 AM,07:00:01,17.31,46.0,30.47,71.0,166.8,5.62,06:30:00,17:44:00
21275,1478969702,11/12/2016 12:00:00 AM,06:55:02,16.12,46.0,30.47,72.0,166.99,6.75,06:30:00,17:44:00
21276,1478969405,11/12/2016 12:00:00 AM,06:50:05,14.69,46.0,30.47,72.0,195.36,7.87,06:30:00,17:44:00
21277,1478969101,11/12/2016 12:00:00 AM,06:45:01,13.02,45.0,30.47,73.0,155.15,5.62,06:30:00,17:44:00
21278,1478968802,11/12/2016 12:00:00 AM,06:40:02,11.03,45.0,30.47,73.0,165.86,5.62,06:30:00,17:44:00
21279,1478968502,11/12/2016 12:00:00 AM,06:35:02,8.92,45.0,30.47,74.0,175.8,4.5,06:30:00,17:44:00
21280,1478968201,11/12/2016 12:00:00 AM,06:30:01,6.78,45.0,30.47,74.0,175.28,4.5,06:30:00,17:44:00
21281,1478967901,11/12/2016 12:00:00 AM,06:25:01,4.49,45.0,30.47,75.0,175.92,4.5,06:30:00,17:44:00
21282,1478967604,11/12/2016 12:00:00 AM,06:20:04,2.57,44.0,30.46,75.0,186.17,6.75,06:30:00,17:44:00
21283,1478967302,11/12/2016 12:00:00 AM,06:15:02,1.44,44.0,30.47,77.0,177.78,4.5,06:30:00,17:44:00
21284,1478967002,11/12/2016 12:00:00 AM,06:10:02,1.19,44.0,30.46,77.0,180.09,4.5,06:30:00,17:44:00
21285,1478966704,11/12/2016 12:00:00 AM,06:05:04,1.19,44.0,30.46,77.0,174.61,5.62,06:30:00,17:44:00
21286,1478966402,11/12/2016 12:00:00 AM,06:00:02,1.17,44.0,30.46,77.0,178.25,4.5,06:30:00,17:44:00
21287,1478966102,11/12/2016 12:00:00 AM,05:55:02,1.2,44.0,30.46,77.0,143.54770303349548,4.5,06:30:00,17:44:00
21288,1478965802,11/12/2016 12:00:00 AM,05:50:02,1.19,44.0,30.46,77.0,184.81,5.62,06:30:00,17:44:00
21289,1478965502,11/12/2016 12:00:00 AM,05:45:02,1.2,44.0,30.46,78.0,182.88,6.75,06:30:00,17:44:00
21290,1478965216,11/12/2016 12:00:00 AM,05:40:16,1.19,44.0,30.46,78.0,179.54,5.62,06:30:00,17:44:00
21291,1478964904,11/12/2016 12:00:00 AM,05:35:04,1.22,43.0,30.46,79.0,180.61,7.87,06:30:00,17:44:00
21292,1478964620,11/12/2016 12:00:00 AM,05:30:20,1.21,43.0,30.46,79.0,176.45,6.75,06:30:00,17:44:00
21293,1478964302,11/12/2016 12:00:00 AM,05:25:02,1.19,43.0,30.46,80.0,171.83,5.62,06:30:00,17:44:00
21294,1478964002,11/12/2016 12:00:00 AM,05:20:02,1.18,43.0,30.46,80.0,174.4,5.62,06:30:00,17:44:00
21295,1478963702,11/12/2016 12:00:00 AM,05:15:02,1.19,43.0,30.46,81.0,173.45,3.37,06:30:00,17:44:00
21296,1478963401,11/12/2016 12:00:00 AM,05:10:01,1.21,43.0,30.46,82.0,173.64,5.62,06:30:00,17:44:00
21297,1478963102,11/12/2016 12:00:00 AM,05:05:02,1.2,43.0,30.46,82.0,172.84,4.5,06:30:00,17:44:00
21298,1478962802,11/12/2016 12:00:00 AM,05:00:02,1.19,43.0,30.46,83.0,170.74,4.5,06:30:00,17:44:00
21299,1478962502,11/12/2016 12:00:00 AM,04:55:02,1.2,43.0,30.46,83.0,174.06,4.5,06:30:00,17:44:00
21300,1478962202,11/12/2016 12:00:00 AM,04:50:02,1.2,43.0,30.46,83.0,167.49,4.5,06:30:00,17:44:00
21301,1478961902,11/12/2016 12:00:00 AM,04:45:02,1.18,43.0,30.46,83.0,161.92,3.37,06:30:00,17:44:00
21302,1478961602,11/12/2016 12:00:00 AM,04:40:02,1.2,43.0,30.46,83.0,160.52,4.5,06:30:00,17:44:00
21303,1478961302,11/12/2016 12:00:00 AM,04:35:02,1.19,43.0,30.46,83.0,160.36,3.37,06:30:00,17:44:00
21304,1478961001,11/12/2016 12:00:00 AM,04:30:01,1.2,44.0,30.46,83.0,160.37,4.5,06:30:00,17:44:00
21305,1478960701,11/12/2016 12:00:00 AM,04:25:01,1.2,44.0,30.46,83.0,185.86,3.37,06:30:00,17:44:00
21306,1478960402,11/12/2016 12:00:00 AM,04:20:02,1.22,44.0,30.46,82.0,183.75,4.5,06:30:00,17:44:00
21307,1478960102,11/12/2016 12:00:00 AM,04:15:02,1.21,44.0,30.46,82.0,183.59,5.62,06:30:00,17:44:00
21308,1478959802,11/12/2016 12:00:00 AM,04:10:02,1.21,44.0,30.46,82.0,180.45,3.37,06:30:00,17:44:00
21309,1478959502,11/12/2016 12:00:00 AM,04:05:02,1.23,44.0,30.46,82.0,184.64,3.37,06:30:00,17:44:00
21310,1478959202,11/12/2016 12:00:00 AM,04:00:02,1.2,44.0,30.46,81.0,178.14,6.75,06:30:00,17:44:00
21311,1478958901,11/12/2016 12:00:00 AM,03:55:01,1.2,44.0,30.46,81.0,172.39,5.62,06:30:00,17:44:00
21312,1478958602,11/12/2016 12:00:00 AM,03:50:02,1.21,44.0,30.46,81.0,167.24,3.37,06:30:00,17:44:00
21313,1478958305,11/12/2016 12:00:00 AM,03:45:05,1.22,44.0,30.46,82.0,183.41,5.62,06:30:00,17:44:00
21314,1478958002,11/12/2016 12:00:00 AM,03:40:02,1.2,44.0,30.46,82.0,171.84,4.5,06:30:00,17:44:00
21315,1478957702,11/12/2016 12:00:00 AM,03:35:02,1.2,44.0,30.46,82.0,159.86,3.37,06:30:00,17:44:00
21316,1478957404,11/12/2016 12:00:00 AM,03:30:04,1.21,45.0,30.46,81.0,170.19,3.37,06:30:00,17:44:00
21317,1478957102,11/12/2016 12:00:00 AM,03:25:02,1.22,45.0,30.46,81.0,158.46,4.5,06:30:00,17:44:00
21318,1478956801,11/12/2016 12:00:00 AM,03:20:01,1.19,45.0,30.46,81.0,163.25,6.75,06:30:00,17:44:00
21319,1478956504,11/12/2016 12:00:00 AM,03:15:04,1.17,45.0,30.46,82.0,174.44,4.5,06:30:00,17:44:00
21320,1478956201,11/12/2016 12:00:00 AM,03:10:01,1.21,45.0,30.46,82.0,194.46,4.5,06:30:00,17:44:00
21321,1478955904,11/12/2016 12:00:00 AM,03:05:04,1.21,45.0,30.46,82.0,190.93,5.62,06:30:00,17:44:00
21322,1478955601,11/12/2016 12:00:00 AM,03:00:01,1.23,45.0,30.46,82.0,192.22,4.5,06:30:00,17:44:00
21323,1478955302,11/12/2016 12:00:00 AM,02:55:02,1.21,45.0,30.47,80.0,165.73,6.75,06:30:00,17:44:00
21324,1478955001,11/12/2016 12:00:00 AM,02:50:01,1.21,45.0,30.47,79.0,164.4,4.5,06:30:00,17:44:00
21325,1478954705,11/12/2016 12:00:00 AM,02:45:05,1.2,46.0,30.47,78.0,167.73,4.5,06:30:00,17:44:00
21326,1478954402,11/12/2016 12:00:00 AM,02:40:02,1.23,46.0,30.47,77.0,155.03,4.5,06:30:00,17:44:00
21327,1478954104,11/12/2016 12:00:00 AM,02:35:04,1.22,46.0,30.47,79.0,138.07,3.37,06:30:00,17:44:00
21328,1478953804,11/12/2016 12:00:00 AM,02:30:04,1.21,46.0,30.47,81.0,214.69,3.37,06:30:00,17:44:00
21329,1478953502,11/12/2016 12:00:00 AM,02:25:02,1.2,46.0,30.47,77.0,192.72,4.5,06:30:00,17:44:00
21330,1478953204,11/12/2016 12:00:00 AM,02:20:04,1.21,46.0,30.47,73.0,166.38,4.5,06:30:00,17:44:00
21331,1478952902,11/12/2016 12:00:00 AM,02:15:02,1.19,46.0,30.47,73.0,171.01,4.5,06:30:00,17:44:00
21332,1478952604,11/12/2016 12:00:00 AM,02:10:04,1.15,46.0,30.47,75.0,172.9,4.5,06:30:00,17:44:00
21333,1478952303,11/12/2016 12:00:00 AM,02:05:03,1.21,47.0,30.47,76.0,149.34,5.62,06:30:00,17:44:00
21334,1478952001,11/12/2016 12:00:00 AM,02:00:01,1.2,47.0,30.47,76.0,177.16,7.87,06:30:00,17:44:00
21335,1478951701,11/12/2016 12:00:00 AM,01:55:01,1.2,47.0,30.47,77.0,174.01,7.87,06:30:00,17:44:00
21336,1478951402,11/12/2016 12:00:00 AM,01:50:02,1.23,48.0,30.47,77.0,167.15,5.62,06:30:00,17:44:00
21337,1478951102,11/12/2016 12:00:00 AM,01:45:02,1.25,48.0,30.47,78.0,148.41,5.62,06:30:00,17:44:00
21338,1478950804,11/12/2016 12:00:00 AM,01:40:04,1.24,48.0,30.47,78.0,165.88,3.37,06:30:00,17:44:00
21339,1478950501,11/12/2016 12:00:00 AM,01:35:01,1.23,48.0,30.48,78.0,146.83,5.62,06:30:00,17:44:00
21340,1478950204,11/12/2016 12:00:00 AM,01:30:04,1.23,48.0,30.48,79.0,139.0,2.25,06:30:00,17:44:00
21341,1478949901,11/12/2016 12:00:00 AM,01:25:01,1.2,48.0,30.48,79.0,149.7,2.25,06:30:00,17:44:00
21342,1478949603,11/12/2016 12:00:00 AM,01:20:03,1.22,48.0,30.48,79.0,174.55,3.37,06:30:00,17:44:00
21343,1478949302,11/12/2016 12:00:00 AM,01:15:02,1.21,48.0,30.48,78.0,111.38,4.5,06:30:00,17:44:00
21344,1478949004,11/12/2016 12:00:00 AM,01:10:04,1.21,48.0,30.48,78.0,168.49,3.37,06:30:00,17:44:00
21345,1478948701,11/12/2016 12:00:00 AM,01:05:01,1.23,49.0,30.48,78.0,173.89,5.62,06:30:00,17:44:00
21346,1478948401,11/12/2016 12:00:00 AM,01:00:01,1.24,49.0,30.48,78.0,141.9,5.62,06:30:00,17:44:00
21347,1478948102,11/12/2016 12:00:00 AM,00:55:02,1.23,49.0,30.48,78.0,66.02,4.5,06:30:00,17:44:00
21348,1478947802,11/12/2016 12:00:00 AM,00:50:02,1.22,49.0,30.48,78.0,156.09,7.87,06:30:00,17:44:00
21349,1478947502,11/12/2016 12:00:00 AM,00:45:02,1.2,49.0,30.48,78.0,99.82,6.75,06:30:00,17:44:00
21350,1478947207,11/12/2016 12:00:00 AM,00:40:07,1.2,49.0,30.48,78.0,161.06,3.37,06:30:00,17:44:00
21351,1478946903,11/12/2016 12:00:00 AM,00:35:03,1.22,49.0,30.48,78.0,144.2,7.87,06:30:00,17:44:00
21352,1478946602,11/12/2016 12:00:00 AM,00:30:02,1.19,49.0,30.48,78.0,158.01,4.5,06:30:00,17:44:00
21353,1478946301,11/12/2016 12:00:00 AM,00:25:01,1.21,49.0,30.48,78.0,160.12,3.37,06:30:00,17:44:00
21354,1478946003,11/12/2016 12:00:00 AM,00:20:03,1.26,49.0,30.48,78.0,154.46,6.75,06:30:00,17:44:00
21355,1478945702,11/12/2016 12:00:00 AM,00:15:02,1.19,49.0,30.48,78.0,120.1,10.12,06:30:00,17:44:00
21356,1478945402,11/12/2016 12:00:00 AM,00:10:02,1.23,49.0,30.48,77.0,125.96,10.12,06:30:00,17:44:00
21357,1478945104,11/12/2016 12:00:00 AM,00:05:04,1.22,49.0,30.48,77.0,113.86,5.62,06:30:00,17:44:00
21358,1478944801,11/12/2016 12:00:00 AM,00:00:01,1.22,49.0,30.48,77.0,171.11,6.75,06:30:00,17:44:00
21359,1478944501,11/11/2016 12:00:00 AM,23:55:01,1.26,49.0,30.48,77.0,106.89,3.37,06:29:00,17:44:00
21360,1478944201,11/11/2016 12:00:00 AM,23:50:01,1.2,49.0,30.49,76.0,136.53,7.87,06:29:00,17:44:00
21361,1478943902,11/11/2016 12:00:00 AM,23:45:02,1.25,49.0,30.49,76.0,120.42,7.87,06:29:00,17:44:00
21362,1478943605,11/11/2016 12:00:00 AM,23:40:05,1.26,49.0,30.49,76.0,148.58,7.87,06:29:00,17:44:00
21363,1478943301,11/11/2016 12:00:00 AM,23:35:01,1.21,50.0,30.49,75.0,109.45,9.0,06:29:00,17:44:00
21364,1478943001,11/11/2016 12:00:00 AM,23:30:01,1.21,50.0,30.49,75.0,83.14,9.0,06:29:00,17:44:00
21365,1478942702,11/11/2016 12:00:00 AM,23:25:02,1.21,50.0,30.49,75.0,117.35,9.0,06:29:00,17:44:00
21366,1478942404,11/11/2016 12:00:00 AM,23:20:04,1.23,50.0,30.49,74.0,65.26,6.75,06:29:00,17:44:00
21367,1478942101,11/11/2016 12:00:00 AM,23:15:01,1.22,50.0,30.49,74.0,130.46,4.5,06:29:00,17:44:00
21368,1478941802,11/11/2016 12:00:00 AM,23:10:02,1.23,51.16507236474315,30.49,73.0,133.91,10.12,06:29:00,17:44:00
21369,1478941502,11/11/2016 12:00:00 AM,23:05:02,1.23,50.0,30.49,73.0,144.07,7.87,06:29:00,17:44:00
21370,1478941202,11/11/2016 12:00:00 AM,23:00:02,1.24,50.0,30.49,73.0,128.79,7.87,06:29:00,17:44:00
21371,1478940901,11/11/2016 12:00:00 AM,22:55:01,1.23,50.0,30.49,73.0,138.82,7.87,06:29:00,17:44:00
21372,1478940603,11/11/2016 12:00:00 AM,22:50:03,1.22,50.0,30.49,73.0,122.72,12.37,06:29:00,17:44:00
21373,1478940302,11/11/2016 12:00:00 AM,22:45:02,1.25,50.0,30.49,74.0,103.8,7.87,06:29:00,17:44:00
21374,1478940005,11/11/2016 12:00:00 AM,22:40:05,1.25,50.0,30.49,74.0,127.49,3.37,06:29:00,17:44:00
21375,1478939703,11/11/2016 12:00:00 AM,22:35:03,1.22,50.0,30.49,75.0,137.68,7.87,06:29:00,17:44:00
21376,1478939404,11/11/2016 12:00:00 AM,22:30:04,1.2,50.0,30.49,75.0,167.46,9.0,06:29:00,17:44:00
21377,1478939102,11/11/2016 12:00:00 AM,22:25:02,1.22,51.0,30.49,74.0,165.96,4.5,06:29:00,17:44:00
21378,1478938804,11/11/2016 12:00:00 AM,22:20:04,1.23,51.0,30.49,74.0,145.69,5.62,06:29:00,17:44:00
21379,1478938501,11/11/2016 12:00:00 AM,22:15:01,1.24,51.0,30.49,74.0,109.53,2.25,06:29:00,17:44:00
21380,1478938202,11/11/2016 12:00:00 AM,22:10:02,1.22,51.0,30.49,74.0,101.41,4.5,06:29:00,17:44:00
21381,1478937902,11/11/2016 12:00:00 AM,22:05:02,1.19,51.0,30.49,74.0,117.55,4.5,06:29:00,17:44:00
21382,1478937608,11/11/2016 12:00:00 AM,22:00:08,1.24,51.0,30.49,74.0,149.98,1.12,06:29:00,17:44:00
21383,1478937301,11/11/2016 12:00:00 AM,21:55:01,1.22,51.0,30.49,75.0,141.66,10.12,06:29:00,17:44:00
21384,1478937002,11/11/2016 12:00:00 AM,21:50:02,1.22,51.0,30.49,75.0,121.52,6.75,06:29:00,17:44:00
21385,1478936702,11/11/2016 12:00:00 AM,21:45:02,1.21,51.0,30.49,75.0,158.46,5.62,06:29:00,17:44:00
21386,1478936404,11/11/2016 12:00:00 AM,21:40:04,1.21,51.0,30.49,75.0,148.13,7.87,06:29:00,17:44:00
21387,1478936101,11/11/2016 12:00:00 AM,21:35:01,1.23,51.0,30.49,75.0,172.07,7.87,06:29:00,17:44:00
21388,1478935805,11/11/2016 12:00:00 AM,21:30:05,1.24,51.0,30.5,75.0,123.65,5.62,06:29:00,17:44:00
21389,1478935509,11/11/2016 12:00:00 AM,21:25:09,1.23,51.0,30.49,74.0,130.04,7.87,06:29:00,17:44:00
21390,1478935201,11/11/2016 12:00:00 AM,21:20:01,1.2,51.0,30.5,74.0,40.39,2.25,06:29:00,17:44:00
21391,1478934901,11/11/2016 12:00:00 AM,21:15:01,1.2,51.0,30.5,73.0,131.69,4.5,06:29:00,17:44:00
21392,1478934602,11/11/2016 12:00:00 AM,21:10:02,1.2,51.0,30.49,72.0,134.24,6.75,06:29:00,17:44:00
21393,1478934302,11/11/2016 12:00:00 AM,21:05:02,1.23,51.0,30.5,71.0,160.94,5.62,06:29:00,17:44:00
21394,1478934001,11/11/2016 12:00:00 AM,21:00:01,1.22,51.0,30.49,70.0,147.59,4.5,06:29:00,17:44:00
21395,1478933702,11/11/2016 12:00:00 AM,20:55:02,1.27,51.0,30.49,69.0,142.57,4.5,06:29:00,17:44:00
21396,1478933402,11/11/2016 12:00:00 AM,20:50:02,1.26,52.0,30.49,68.0,76.33,11.25,06:29:00,17:44:00
21397,1478933101,11/11/2016 12:00:00 AM,20:45:01,1.23,52.0,30.49,65.0,131.09,5.62,06:29:00,17:44:00
21398,1478932802,11/11/2016 12:00:00 AM,20:40:02,1.21,52.0,30.49,62.0,181.4,7.87,06:29:00,17:44:00
21399,1478932503,11/11/2016 12:00:00 AM,20:35:03,1.21,52.0,30.49,60.0,138.5,6.75,06:29:00,17:44:00
21400,1478932201,11/11/2016 12:00:00 AM,20:30:01,1.25,52.0,30.49,57.0,62.01,3.37,06:29:00,17:44:00
21401,1478931901,11/11/2016 12:00:00 AM,20:25:01,1.26,53.0,30.49,56.0,129.05,3.37,06:29:00,17:44:00
21402,1478931603,11/11/2016 12:00:00 AM,20:20:03,1.24,53.0,30.49,55.0,161.71,4.5,06:29:00,17:44:00
21403,1478931301,11/11/2016 12:00:00 AM,20:15:01,1.25,53.0,30.49,56.0,136.67,6.75,06:29:00,17:44:00
21404,1478931001,11/11/2016 12:00:00 AM,20:10:01,1.22,53.0,30.49,56.0,141.36,3.37,06:29:00,17:44:00
21405,1478930704,11/11/2016 12:00:00 AM,20:05:04,1.22,53.0,30.49,60.0,34.06,4.5,06:29:00,17:44:00
21406,1478930404,11/11/2016 12:00:00 AM,20:00:04,1.23,53.0,30.49,61.0,112.47,6.75,06:29:00,17:44:00
21407,1478930102,11/11/2016 12:00:00 AM,19:55:02,1.24,53.0,30.49,65.0,40.47,2.25,06:29:00,17:44:00
21408,1478929804,11/11/2016 12:00:00 AM,19:50:04,1.24,53.0,30.49,66.0,79.4,2.25,06:29:00,17:44:00
21409,1478929501,11/11/2016 12:00:00 AM,19:45:01,1.24,53.0,30.49,64.0,157.51,1.12,06:29:00,17:44:00
21410,1478929201,11/11/2016 12:00:00 AM,19:40:01,1.24,53.0,30.49,59.0,128.61,6.75,06:29:00,17:44:00
21411,1478928901,11/11/2016 12:00:00 AM,19:35:01,1.22,54.0,30.48,62.0,164.24,5.62,06:29:00,17:44:00
21412,1478928602,11/11/2016 12:00:00 AM,19:30:02,1.23,54.0,30.48,74.83719267708949,156.57,5.62,06:29:00,17:44:00
21413,1478928302,11/11/2016 12:00:00 AM,19:25:02,1.25,54.0,30.48,62.0,108.75,7.87,06:29:00,17:44:00
21414,1478928001,11/11/2016 12:00:00 AM,19:20:01,1.24,54.0,30.48,60.0,108.67,7.87,06:29:00,17:44:00
21415,1478927705,11/11/2016 12:00:00 AM,19:15:05,1.26,54.0,30.48,61.0,124.29,6.75,06:29:00,17:44:00
21416,1478927402,11/11/2016 12:00:00 AM,19:10:02,1.23,54.0,30.48,57.0,148.43,6.75,06:29:00,17:44:00
21417,1478927102,11/11/2016 12:00:00 AM,19:05:02,1.25,54.0,30.48,56.0,133.91,7.87,06:29:00,17:44:00
21418,1478926804,11/11/2016 12:00:00 AM,19:00:04,1.25,54.0,30.48,51.0,163.07,4.5,06:29:00,17:44:00
21419,1478926502,11/11/2016 12:00:00 AM,18:55:02,1.24,54.0,30.48,58.0,153.45,2.25,06:29:00,17:44:00
21420,1478926202,11/11/2016 12:00:00 AM,18:50:02,1.23,54.0,30.48,55.0,130.63,4.5,06:29:00,17:44:00
21421,1478925902,11/11/2016 12:00:00 AM,18:45:02,1.23,54.0,30.47,60.0,176.97,2.25,06:29:00,17:44:00
21422,1478925601,11/11/2016 12:00:00 AM,18:40:01,1.24,54.0,30.47,60.0,133.16,2.25,06:29:00,17:44:00
21423,1478925301,11/11/2016 12:00:00 AM,18:35:01,1.25,54.0,30.47,61.0,58.55,1.12,06:29:00,17:44:00
21424,1478925002,11/11/2016 12:00:00 AM,18:30:02,1.26,54.0,30.47,64.0,126.43,5.62,06:29:00,17:44:00
21425,1478924702,11/11/2016 12:00:00 AM,18:25:02,1.25,54.0,30.47,67.0,148.1,5.62,06:29:00,17:44:00
21426,1478924401,11/11/2016 12:00:00 AM,18:20:01,1.21,55.0,30.47,67.0,159.57,3.37,06:29:00,17:44:00
21427,1478924102,11/11/2016 12:00:00 AM,18:15:02,1.23,55.0,30.47,63.0,97.4,2.25,06:29:00,17:44:00
21428,1478923803,11/11/2016 12:00:00 AM,18:10:03,1.23,55.0,30.46,69.0,79.69,6.75,06:29:00,17:44:00
21429,1478923505,11/11/2016 12:00:00 AM,18:05:05,1.25,56.0,30.46,70.0,35.3,3.37,06:29:00,17:44:00
21430,1478923201,11/11/2016 12:00:00 AM,18:00:01,1.26,56.0,30.46,67.0,68.85,1.12,06:29:00,17:44:00
21431,1478922902,11/11/2016 12:00:00 AM,17:55:02,2.03,56.0,30.46,63.0,122.39,5.62,06:29:00,17:44:00
21432,1478922665,11/11/2016 12:00:00 AM,17:51:05,3.12,56.0,30.46,56.0,65.13,4.5,06:29:00,17:44:00
21433,1478922307,11/11/2016 12:00:00 AM,17:45:07,5.81,56.0,30.46,58.0,132.94,1.12,06:29:00,17:44:00
21434,1478922001,11/11/2016 12:00:00 AM,17:40:01,8.76,57.0,30.46,58.0,66.32,3.37,06:29:00,17:44:00
21435,1478921702,11/11/2016 12:00:00 AM,17:35:02,11.97,57.0,30.46,57.0,88.97,5.62,06:29:00,17:44:00
21436,1478921405,11/11/2016 12:00:00 AM,17:30:05,15.65,57.0,30.46,59.0,88.89,3.37,06:29:00,17:44:00
21437,1478921104,11/11/2016 12:00:00 AM,17:25:04,26.25,57.0,30.46,61.0,29.66,3.37,06:29:00,17:44:00
21438,1478920805,11/11/2016 12:00:00 AM,17:20:05,33.31,58.0,30.46,62.0,24.78,4.5,06:29:00,17:44:00
21439,1478920502,11/11/2016 12:00:00 AM,17:15:02,47.18,58.0,30.46,60.0,66.85,3.37,06:29:00,17:44:00
21440,1478920201,11/11/2016 12:00:00 AM,17:10:01,63.92,58.0,30.46,60.0,58.58,4.5,06:29:00,17:44:00
21441,1478919901,11/11/2016 12:00:00 AM,17:05:01,80.76,59.0,30.46,59.0,110.34,3.37,06:29:00,17:44:00
21442,1478919602,11/11/2016 12:00:00 AM,17:00:02,99.84,59.0,30.45,57.0,41.97,5.62,06:29:00,17:44:00
21443,1478919303,11/11/2016 12:00:00 AM,16:55:03,121.67,59.0,30.45,54.0,0.12,4.5,06:29:00,17:44:00
21444,1478919002,11/11/2016 12:00:00 AM,16:50:02,145.87,60.0,30.45,49.0,60.68,5.62,06:29:00,17:44:00
21445,1478918704,11/11/2016 12:00:00 AM,16:45:04,170.01,60.0,30.45,49.0,39.09,9.0,06:29:00,17:44:00
21446,1478918402,11/11/2016 12:00:00 AM,16:40:02,194.55,60.0,30.45,52.0,14.64,5.62,06:29:00,17:44:00
21447,1478918105,11/11/2016 12:00:00 AM,16:35:05,221.72,60.0,30.45,55.0,13.33,6.75,06:29:00,17:44:00
21448,1478917807,11/11/2016 12:00:00 AM,16:30:07,245.17,60.0,30.45,56.0,16.68,9.0,06:29:00,17:44:00
21449,1478917501,11/11/2016 12:00:00 AM,16:25:01,269.82,61.0,30.45,54.0,23.35,9.0,06:29:00,17:44:00
21450,1478917202,11/11/2016 12:00:00 AM,16:20:02,296.45,61.0,30.45,53.0,359.93,3.37,06:29:00,17:44:00
21451,1478916903,11/11/2016 12:00:00 AM,16:15:03,317.31,61.0,30.45,52.0,75.94,4.5,06:29:00,17:44:00
21452,1478916604,11/11/2016 12:00:00 AM,16:10:04,338.96,62.0,30.45,52.0,56.13,7.87,06:29:00,17:44:00
21453,1478916307,11/11/2016 12:00:00 AM,16:05:07,358.73,61.0,30.45,54.0,23.15,3.37,06:29:00,17:44:00
21454,1478916002,11/11/2016 12:00:00 AM,16:00:02,382.74,61.0,30.45,53.0,60.31,9.0,06:29:00,17:44:00
21455,1478915702,11/11/2016 12:00:00 AM,15:55:02,398.5,61.0,30.45,52.0,44.34,11.25,06:29:00,17:44:00
21456,1478915402,11/11/2016 12:00:00 AM,15:50:02,415.46,61.0,30.45,51.0,0.11,5.62,06:29:00,17:44:00
21457,1478915101,11/11/2016 12:00:00 AM,15:45:01,434.66,61.0,30.45,51.0,9.62,2.25,06:29:00,17:44:00
21458,1478914804,11/11/2016 12:00:00 AM,15:40:04,456.0,62.0,30.45,57.0,25.6,3.37,06:29:00,17:44:00
21459,1478914502,11/11/2016 12:00:00 AM,15:35:02,471.69,62.0,30.45,56.0,27.0,5.62,06:29:00,17:44:00
21460,1478914202,11/11/2016 12:00:00 AM,15:30:02,493.24,62.0,30.45,55.0,18.92,6.75,06:29:00,17:44:00
21461,1478913901,11/11/2016 12:00:00 AM,15:25:01,513.63,62.0,30.45,48.0,31.08,7.87,06:29:00,17:44:00
21462,1478913603,11/11/2016 12:00:00 AM,15:20:03,522.46,62.0,30.45,54.0,0.11,7.87,06:29:00,17:44:00
21463,1478913302,11/11/2016 12:00:00 AM,15:15:02,548.56,62.0,30.45,53.0,48.07,6.75,06:29:00,17:44:00
21464,1478913002,11/11/2016 12:00:00 AM,15:10:02,559.07,62.0,30.45,55.0,43.75,6.75,06:29:00,17:44:00
21465,1478912702,11/11/2016 12:00:00 AM,15:05:02,579.02,63.0,30.45,51.0,36.58,10.12,06:29:00,17:44:00
21466,1478912402,11/11/2016 12:00:00 AM,15:00:02,593.23,62.0,30.45,48.0,30.6,6.75,06:29:00,17:44:00
21467,1478912101,11/11/2016 12:00:00 AM,14:55:01,609.44,62.0,30.45,57.0,32.4,6.75,06:29:00,17:44:00
21468,1478911804,11/11/2016 12:00:00 AM,14:50:04,624.21,63.0,30.45,58.0,24.55,5.62,06:29:00,17:44:00
21469,1478911502,11/11/2016 12:00:00 AM,14:45:02,638.16,63.0,30.45,55.0,9.63,3.37,06:29:00,17:44:00
21470,1478911202,11/11/2016 12:00:00 AM,14:40:02,655.64,63.0,30.45,53.0,35.89,11.25,06:29:00,17:44:00
21471,1478910904,11/11/2016 12:00:00 AM,14:35:04,660.69,63.0,30.45,54.0,23.69,5.62,06:29:00,17:44:00
21472,1478910605,11/11/2016 12:00:00 AM,14:30:05,683.28,63.0,30.45,54.0,70.94,4.5,06:29:00,17:44:00
21473,1478910302,11/11/2016 12:00:00 AM,14:25:02,696.68,63.0,30.45,53.0,16.03,6.75,06:29:00,17:44:00
21474,1478910001,11/11/2016 12:00:00 AM,14:20:01,709.85,63.0,30.45,51.0,353.05,9.0,06:29:00,17:44:00
21475,1478909704,11/11/2016 12:00:00 AM,14:15:04,719.54,63.0,30.46,52.0,11.18,11.25,06:29:00,17:44:00
21476,1478909405,11/11/2016 12:00:00 AM,14:10:05,740.14,63.0,30.45,47.0,13.3,6.75,06:29:00,17:44:00
21477,1478909105,11/11/2016 12:00:00 AM,14:05:05,753.29,64.0,30.46,40.0,21.72,3.37,06:29:00,17:44:00
21478,1478908801,11/11/2016 12:00:00 AM,14:00:01,767.42,64.0,30.46,40.0,15.83,9.0,06:29:00,17:44:00
21479,1478908502,11/11/2016 12:00:00 AM,13:55:02,776.95,64.0,30.46,38.0,43.01,10.12,06:29:00,17:44:00
21480,1478908202,11/11/2016 12:00:00 AM,13:50:02,787.03,64.0,30.46,38.0,38.37,6.75,06:29:00,17:44:00
21481,1478907903,11/11/2016 12:00:00 AM,13:45:03,797.57,64.0,30.46,39.0,30.3,4.5,06:29:00,17:44:00
21482,1478907604,11/11/2016 12:00:00 AM,13:40:04,809.52,64.0,30.46,40.0,359.55,4.5,06:29:00,17:44:00
21483,1478907302,11/11/2016 12:00:00 AM,13:35:02,817.7,64.0,30.46,41.0,35.05,5.62,06:29:00,17:44:00
21484,1478907003,11/11/2016 12:00:00 AM,13:30:03,822.03,64.0,30.47,45.0,350.43,10.12,06:29:00,17:44:00
21485,1478906702,11/11/2016 12:00:00 AM,13:25:02,833.12,63.0,30.46,48.0,30.9,2.25,06:29:00,17:44:00
21486,1478906402,11/11/2016 12:00:00 AM,13:20:02,840.16,63.0,30.47,74.83719267708949,32.89,2.25,06:29:00,17:44:00
21487,1478906101,11/11/2016 12:00:00 AM,13:15:01,849.25,63.0,30.47,46.0,51.03,1.12,06:29:00,17:44:00
21488,1478905801,11/11/2016 12:00:00 AM,13:10:01,846.66,64.0,30.47,46.0,31.35,14.62,06:29:00,17:44:00
21489,1478905502,11/11/2016 12:00:00 AM,13:05:02,859.69,63.0,30.47,44.0,14.84,7.87,06:29:00,17:44:00
21490,1478905202,11/11/2016 12:00:00 AM,13:00:02,864.85,63.0,30.48,45.0,55.0,6.75,06:29:00,17:44:00
21491,1478904904,11/11/2016 12:00:00 AM,12:55:04,867.94,63.0,30.48,48.0,28.19,5.62,06:29:00,17:44:00
21492,1478904604,11/11/2016 12:00:00 AM,12:50:04,870.88,63.0,30.48,49.0,13.55,9.0,06:29:00,17:44:00
21493,1478904302,11/11/2016 12:00:00 AM,12:45:02,874.25,63.0,30.48,51.0,39.57,7.87,06:29:00,17:44:00
21494,1478904002,11/11/2016 12:00:00 AM,12:40:02,875.9,62.0,30.48,50.0,4.46,7.87,06:29:00,17:44:00
21495,1478903702,11/11/2016 12:00:00 AM,12:35:02,882.71,63.0,30.49,51.0,62.33,3.37,06:29:00,17:44:00
21496,1478903402,11/11/2016 12:00:00 AM,12:30:02,891.36,63.0,30.49,45.0,45.87,3.37,06:29:00,17:44:00
21497,1478903107,11/11/2016 12:00:00 AM,12:25:07,888.22,64.0,30.49,45.0,0.12,7.87,06:29:00,17:44:00
21498,1478902802,11/11/2016 12:00:00 AM,12:20:02,898.72,64.0,30.49,42.0,0.11,4.5,06:29:00,17:44:00
21499,1478902514,11/11/2016 12:00:00 AM,12:15:14,892.96,64.0,30.49,40.0,341.31,6.75,06:29:00,17:44:00
21500,1478902204,11/11/2016 12:00:00 AM,12:10:04,895.54,64.0,30.423028000868246,39.0,27.46,6.75,06:29:00,17:44:00
21501,1478901903,11/11/2016 12:00:00 AM,12:05:03,897.64,64.0,30.5,36.0,358.45,7.87,06:29:00,17:44:00
21502,1478901602,11/11/2016 12:00:00 AM,12:00:02,895.59,64.0,30.5,36.0,336.47,4.5,06:29:00,17:44:00
21503,1478901302,11/11/2016 12:00:00 AM,11:55:02,896.89,64.0,30.5,35.0,34.73,9.0,06:29:00,17:44:00
21504,1478901001,11/11/2016 12:00:00 AM,11:50:01,893.86,64.0,30.5,32.0,14.39,3.37,06:29:00,17:44:00
21505,1478900703,11/11/2016 12:00:00 AM,11:45:03,889.81,64.0,30.5,30.0,23.41,4.5,06:29:00,17:44:00
21506,1478900402,11/11/2016 12:00:00 AM,11:40:02,889.87,64.0,30.5,29.0,96.43,5.62,06:29:00,17:44:00
21507,1478900102,11/11/2016 12:00:00 AM,11:35:02,886.7,64.0,30.51,27.0,0.11,7.87,06:29:00,17:44:00
21508,1478899802,11/11/2016 12:00:00 AM,11:30:02,885.6,64.0,30.51,28.0,18.12,4.5,06:29:00,17:44:00
21509,1478899502,11/11/2016 12:00:00 AM,11:25:02,880.39,64.0,30.51,27.0,8.47,3.37,06:29:00,17:44:00
21510,1478899204,11/11/2016 12:00:00 AM,11:20:04,874.13,64.0,30.51,29.0,36.64,5.62,06:29:00,17:44:00
21511,1478898903,11/11/2016 12:00:00 AM,11:15:03,867.61,63.0,30.51,28.0,338.15,5.62,06:29:00,17:44:00
21512,1478898602,11/11/2016 12:00:00 AM,11:10:02,860.8,63.0,30.51,26.0,52.73,2.25,06:29:00,17:44:00
21513,1478898302,11/11/2016 12:00:00 AM,11:05:02,857.95,63.0,30.52,23.0,40.71,3.37,06:29:00,17:44:00
21514,1478898004,11/11/2016 12:00:00 AM,11:00:04,850.78,63.0,30.52,26.0,13.45,7.87,06:29:00,17:44:00
21515,1478897702,11/11/2016 12:00:00 AM,10:55:02,841.69,63.0,30.52,24.0,41.42,4.5,06:29:00,17:44:00
21516,1478897401,11/11/2016 12:00:00 AM,10:50:01,836.11,63.0,30.52,25.0,3.91,1.12,06:29:00,17:44:00
21517,1478897102,11/11/2016 12:00:00 AM,10:45:02,826.05,63.0,30.52,25.0,21.9,5.62,06:29:00,17:44:00
21518,1478896802,11/11/2016 12:00:00 AM,10:40:02,820.6,63.0,30.52,23.0,22.24,9.0,06:29:00,17:44:00
21519,1478896505,11/11/2016 12:00:00 AM,10:35:05,812.31,62.0,30.52,24.0,55.87,3.37,06:29:00,17:44:00
21520,1478896202,11/11/2016 12:00:00 AM,10:30:02,801.32,62.0,30.52,26.0,46.92,7.87,06:29:00,17:44:00
21521,1478895908,11/11/2016 12:00:00 AM,10:25:08,793.37,62.0,30.52,30.0,25.37,9.0,06:29:00,17:44:00
21522,1478895604,11/11/2016 12:00:00 AM,10:20:04,783.11,62.0,30.52,30.0,33.5,7.87,06:29:00,17:44:00
21523,1478895304,11/11/2016 12:00:00 AM,10:15:04,770.52,62.0,30.52,25.0,58.8,5.62,06:29:00,17:44:00
21524,1478895005,11/11/2016 12:00:00 AM,10:10:05,758.98,62.0,30.52,26.0,26.62,9.0,06:29:00,17:44:00
21525,1478894704,11/11/2016 12:00:00 AM,10:05:04,747.61,62.0,30.52,27.0,33.73,5.62,06:29:00,17:44:00
21526,1478894403,11/11/2016 12:00:00 AM,10:00:03,737.16,62.0,30.53,23.0,359.45,3.37,06:29:00,17:44:00
21527,1478894102,11/11/2016 12:00:00 AM,09:55:02,722.73,62.0,30.52,26.0,341.8,1.12,06:29:00,17:44:00
21528,1478893804,11/11/2016 12:00:00 AM,09:50:04,710.72,62.0,30.52,22.0,1.52,3.37,06:29:00,17:44:00
21529,1478893503,11/11/2016 12:00:00 AM,09:45:03,694.59,62.0,30.53,27.0,13.75,6.75,06:29:00,17:44:00
21530,1478893202,11/11/2016 12:00:00 AM,09:40:02,682.04,62.0,30.52,28.0,6.79,6.75,06:29:00,17:44:00
21531,1478892902,11/11/2016 12:00:00 AM,09:35:02,668.88,62.0,30.52,25.0,26.86,4.5,06:29:00,17:44:00
21532,1478892602,11/11/2016 12:00:00 AM,09:30:02,652.87,61.0,30.52,24.0,42.25,4.5,06:29:00,17:44:00
21533,1478892304,11/11/2016 12:00:00 AM,09:25:04,638.58,61.0,30.52,74.83719267708949,13.9,4.5,06:29:00,17:44:00
21534,1478892002,11/11/2016 12:00:00 AM,09:20:02,623.18,61.0,30.52,25.0,15.23,5.62,06:29:00,17:44:00
21535,1478891702,11/11/2016 12:00:00 AM,09:15:02,608.37,61.0,30.52,21.0,83.11,3.37,06:29:00,17:44:00
21536,1478891404,11/11/2016 12:00:00 AM,09:10:04,593.57,61.0,30.52,24.0,41.3,2.25,06:29:00,17:44:00
21537,1478891101,11/11/2016 12:00:00 AM,09:05:01,576.71,60.0,30.52,24.0,10.95,2.25,06:29:00,17:44:00
21538,1478890804,11/11/2016 12:00:00 AM,09:00:04,559.98,60.0,30.52,26.0,54.1,1.12,06:29:00,17:44:00
21539,1478890502,11/11/2016 12:00:00 AM,08:55:02,542.46,60.0,30.52,24.0,33.23,4.5,06:29:00,17:44:00
21540,1478890202,11/11/2016 12:00:00 AM,08:50:02,525.67,60.0,30.52,34.0,73.76,3.37,06:29:00,17:44:00
21541,1478889904,11/11/2016 12:00:00 AM,08:45:04,508.14,60.0,30.52,34.0,343.06,2.25,06:29:00,17:44:00
21542,1478889604,11/11/2016 12:00:00 AM,08:40:04,491.18,59.0,30.51,30.0,37.53,3.37,06:29:00,17:44:00
21543,1478889308,11/11/2016 12:00:00 AM,08:35:08,470.53,59.0,30.51,37.0,66.4,1.12,06:29:00,17:44:00
21544,1478889001,11/11/2016 12:00:00 AM,08:30:01,452.25,59.0,30.51,41.0,43.52,0.0,06:29:00,17:44:00
21545,1478888701,11/11/2016 12:00:00 AM,08:25:01,433.53,59.0,30.51,41.0,18.52,2.25,06:29:00,17:44:00
21546,1478888404,11/11/2016 12:00:00 AM,08:20:04,414.9,59.0,30.51,40.0,53.23,0.0,06:29:00,17:44:00
21547,1478888102,11/11/2016 12:00:00 AM,08:15:02,395.44,58.0,30.51,36.0,59.6,3.37,06:29:00,17:44:00
21548,1478887802,11/11/2016 12:00:00 AM,08:10:02,377.38,58.0,30.51,31.0,91.14,5.62,06:29:00,17:44:00
21549,1478887504,11/11/2016 12:00:00 AM,08:05:04,358.26,58.0,30.51,27.0,51.68,2.25,06:29:00,17:44:00
21550,1478887204,11/11/2016 12:00:00 AM,08:00:04,338.5,56.0,30.5,28.0,61.19,1.12,06:29:00,17:44:00
21551,1478886904,11/11/2016 12:00:00 AM,07:55:04,316.98,55.0,30.5,28.0,119.0,1.12,06:29:00,17:44:00
21552,1478886607,11/11/2016 12:00:00 AM,07:50:07,293.22,53.0,30.5,29.0,71.18,2.25,06:29:00,17:44:00
21553,1478886306,11/11/2016 12:00:00 AM,07:45:06,268.23,51.0,30.5,33.0,150.64,1.12,06:29:00,17:44:00
21554,1478886002,11/11/2016 12:00:00 AM,07:40:02,31.55,50.0,30.49,35.0,168.79,4.5,06:29:00,17:44:00
21555,1478885702,11/11/2016 12:00:00 AM,07:35:02,24.12,49.0,30.49,37.0,175.48,5.62,06:29:00,17:44:00
21556,1478885404,11/11/2016 12:00:00 AM,07:30:04,22.83,49.0,30.49,38.0,182.99,3.37,06:29:00,17:44:00
21557,1478885102,11/11/2016 12:00:00 AM,07:25:02,22.25,49.0,30.49,38.0,187.48,6.75,06:29:00,17:44:00
21558,1478884803,11/11/2016 12:00:00 AM,07:20:03,21.54,48.0,30.49,38.0,191.64,7.87,06:29:00,17:44:00
21559,1478884502,11/11/2016 12:00:00 AM,07:15:02,20.77,48.0,30.49,39.0,188.35,7.87,06:29:00,17:44:00
21560,1478884202,11/11/2016 12:00:00 AM,07:10:02,19.93,48.0,30.49,39.0,178.17,9.0,06:29:00,17:44:00
21561,1478883904,11/11/2016 12:00:00 AM,07:05:04,18.89,47.0,30.49,38.0,182.23,7.87,06:29:00,17:44:00
21562,1478883603,11/11/2016 12:00:00 AM,07:00:03,17.83,47.0,30.48,39.0,188.82,7.87,06:29:00,17:44:00
21563,1478883304,11/11/2016 12:00:00 AM,06:55:04,16.52,46.0,30.48,40.0,180.14,7.87,06:29:00,17:44:00
21564,1478883002,11/11/2016 12:00:00 AM,06:50:02,15.01,46.0,30.48,40.0,180.77,9.0,06:29:00,17:44:00
21565,1478882706,11/11/2016 12:00:00 AM,06:45:06,13.31,46.0,30.48,40.0,176.16,5.62,06:29:00,17:44:00
21566,1478882402,11/11/2016 12:00:00 AM,06:40:02,11.34,47.0,30.48,39.0,176.28,5.62,06:29:00,17:44:00
21567,1478882104,11/11/2016 12:00:00 AM,06:35:04,9.17,47.0,30.48,38.0,173.83,5.62,06:29:00,17:44:00
21568,1478881801,11/11/2016 12:00:00 AM,06:30:01,6.51,47.0,30.48,38.0,171.68,4.5,06:29:00,17:44:00
21569,1478881502,11/11/2016 12:00:00 AM,06:25:02,4.04,47.0,30.48,37.0,150.78,4.5,06:29:00,17:44:00
21570,1478881203,11/11/2016 12:00:00 AM,06:20:03,2.5,47.0,30.48,35.0,151.23,3.37,06:29:00,17:44:00
21571,1478880902,11/11/2016 12:00:00 AM,06:15:02,1.41,47.0,30.47,34.0,173.6,3.37,06:29:00,17:44:00
21572,1478880607,11/11/2016 12:00:00 AM,06:10:07,1.19,47.0,30.47,34.0,174.66,5.62,06:29:00,17:44:00
21573,1478880302,11/11/2016 12:00:00 AM,06:05:02,1.22,47.0,30.47,34.0,180.14,6.75,06:29:00,17:44:00
21574,1478880004,11/11/2016 12:00:00 AM,06:00:04,1.24,47.0,30.47,34.0,180.03,6.75,06:29:00,17:44:00
21575,1478879702,11/11/2016 12:00:00 AM,05:55:02,1.23,46.0,30.47,36.0,180.23,6.75,06:29:00,17:44:00
21576,1478879401,11/11/2016 12:00:00 AM,05:50:01,1.21,46.0,30.46,38.0,176.6,5.62,06:29:00,17:44:00
21577,1478879102,11/11/2016 12:00:00 AM,05:45:02,1.22,46.0,30.46,40.0,179.06,6.75,06:29:00,17:44:00
21578,1478878805,11/11/2016 12:00:00 AM,05:40:05,1.21,46.0,30.46,42.0,177.04,6.75,06:29:00,17:44:00
21579,1478878504,11/11/2016 12:00:00 AM,05:35:04,1.2,46.0,30.46,44.0,175.81,7.87,06:29:00,17:44:00
21580,1478878202,11/11/2016 12:00:00 AM,05:30:02,1.22,46.0,30.46,46.0,177.16,6.75,06:29:00,17:44:00
21581,1478877905,11/11/2016 12:00:00 AM,05:25:05,1.21,46.0,30.46,48.0,181.79,9.0,06:29:00,17:44:00
21582,1478877602,11/11/2016 12:00:00 AM,05:20:02,1.21,46.0,30.45,49.0,177.24,7.87,06:29:00,17:44:00
21583,1478877302,11/11/2016 12:00:00 AM,05:15:02,1.21,46.0,30.46,50.0,178.69,7.87,06:29:00,17:44:00
21584,1478877002,11/11/2016 12:00:00 AM,05:10:02,1.22,46.0,30.46,51.0,176.86,7.87,06:29:00,17:44:00
21585,1478876701,11/11/2016 12:00:00 AM,05:05:01,1.23,46.0,30.46,51.0,176.58,7.87,06:29:00,17:44:00
21586,1478876405,11/11/2016 12:00:00 AM,05:00:05,1.2,47.0,30.46,51.0,180.49,9.0,06:29:00,17:44:00
21587,1478876105,11/11/2016 12:00:00 AM,04:55:05,1.21,47.0,30.46,74.83719267708949,175.67,7.87,06:29:00,17:44:00
21588,1478875804,11/11/2016 12:00:00 AM,04:50:04,1.2,47.0,30.46,51.0,189.81,7.87,06:29:00,17:44:00
21589,1478875503,11/11/2016 12:00:00 AM,04:45:03,1.2,47.0,30.46,52.0,192.43,6.75,06:29:00,17:44:00
21590,1478875202,11/11/2016 12:00:00 AM,04:40:02,1.23,47.0,30.46,53.0,192.89,5.62,06:29:00,17:44:00
21591,1478874902,11/11/2016 12:00:00 AM,04:35:02,1.24,47.0,30.46,52.0,193.62,4.5,06:29:00,17:44:00
21592,1478874604,11/11/2016 12:00:00 AM,04:30:04,1.23,47.0,30.46,53.0,193.39,6.75,06:29:00,17:44:00
21593,1478874305,11/11/2016 12:00:00 AM,04:25:05,1.23,48.0,30.45,53.0,193.53,6.75,06:29:00,17:44:00
21594,1478874002,11/11/2016 12:00:00 AM,04:20:02,1.24,48.0,30.45,53.0,193.63,6.75,06:29:00,17:44:00
21595,1478873702,11/11/2016 12:00:00 AM,04:15:02,1.19,48.0,30.45,55.0,189.8,5.62,06:29:00,17:44:00
21596,1478873404,11/11/2016 12:00:00 AM,04:10:04,1.24,48.0,30.45,57.0,196.31,6.75,06:29:00,17:44:00
21597,1478873107,11/11/2016 12:00:00 AM,04:05:07,1.23,48.0,30.46,58.0,194.3,7.87,06:29:00,17:44:00
21598,1478872801,11/11/2016 12:00:00 AM,04:00:01,1.21,47.0,30.46,60.0,194.6,6.75,06:29:00,17:44:00
21599,1478872505,11/11/2016 12:00:00 AM,03:55:05,1.25,47.0,30.46,61.0,194.06,6.75,06:29:00,17:44:00
21600,1478872202,11/11/2016 12:00:00 AM,03:50:02,1.22,48.0,30.46,62.0,195.43,9.0,06:29:00,17:44:00
21601,1478871904,11/11/2016 12:00:00 AM,03:45:04,1.25,47.0,30.46,62.0,191.71,10.12,06:29:00,17:44:00
21602,1478871604,11/11/2016 12:00:00 AM,03:40:04,1.22,48.0,30.46,63.0,195.0,7.87,06:29:00,17:44:00
21603,1478871305,11/11/2016 12:00:00 AM,03:35:05,1.29,48.0,30.46,62.0,195.78,6.75,06:29:00,17:44:00
21604,1478871003,11/11/2016 12:00:00 AM,03:30:03,1.23,47.0,30.46,62.0,198.05,7.87,06:29:00,17:44:00
21605,1478870701,11/11/2016 12:00:00 AM,03:25:01,1.25,48.0,30.46,62.0,194.34,9.0,06:29:00,17:44:00
21606,1478870404,11/11/2016 12:00:00 AM,03:20:04,1.23,48.0,30.46,61.0,198.39,7.87,06:29:00,17:44:00
21607,1478870108,11/11/2016 12:00:00 AM,03:15:08,1.23,48.0,30.46,60.0,201.65,7.87,06:29:00,17:44:00
21608,1478869802,11/11/2016 12:00:00 AM,03:10:02,1.22,48.0,30.46,59.0,196.92,7.87,06:29:00,17:44:00
21609,1478869503,11/11/2016 12:00:00 AM,03:05:03,1.23,48.0,30.46,59.0,198.68,7.87,06:29:00,17:44:00
21610,1478869206,11/11/2016 12:00:00 AM,03:00:06,1.18,48.0,30.46,59.0,200.8,7.87,06:29:00,17:44:00
21611,1478868902,11/11/2016 12:00:00 AM,02:55:02,1.23,48.0,30.46,59.0,196.22,6.75,06:29:00,17:44:00
21612,1478868604,11/11/2016 12:00:00 AM,02:50:04,1.19,48.0,30.46,59.0,196.46,7.87,06:29:00,17:44:00
21613,1478868303,11/11/2016 12:00:00 AM,02:45:03,1.19,47.0,30.46,59.0,194.47,6.75,06:29:00,17:44:00
21614,1478868002,11/11/2016 12:00:00 AM,02:40:02,1.23,47.0,30.46,59.0,190.27,9.0,06:29:00,17:44:00
21615,1478867707,11/11/2016 12:00:00 AM,02:35:07,1.23,47.0,30.46,61.0,191.08,9.0,06:29:00,17:44:00
21616,1478867404,11/11/2016 12:00:00 AM,02:30:04,1.22,47.0,30.46,62.0,194.61,9.0,06:29:00,17:44:00
21617,1478867102,11/11/2016 12:00:00 AM,02:25:02,1.21,47.0,30.46,62.0,191.49,7.87,06:29:00,17:44:00
21618,1478866804,11/11/2016 12:00:00 AM,02:20:04,1.22,47.0,30.46,62.0,194.86,10.12,06:29:00,17:44:00
21619,1478866502,11/11/2016 12:00:00 AM,02:15:02,1.22,47.0,30.46,62.0,192.9,7.87,06:29:00,17:44:00
21620,1478866205,11/11/2016 12:00:00 AM,02:10:05,1.23,47.0,30.46,62.0,195.26,9.0,06:29:00,17:44:00
21621,1478865906,11/11/2016 12:00:00 AM,02:05:06,1.2,46.0,30.46,61.0,194.9,6.75,06:29:00,17:44:00
21622,1478865604,11/11/2016 12:00:00 AM,02:00:04,1.23,46.0,30.46,59.0,194.09,5.62,06:29:00,17:44:00
21623,1478865305,11/11/2016 12:00:00 AM,01:55:05,1.23,47.0,30.46,57.0,185.94,5.62,06:29:00,17:44:00
21624,1478865005,11/11/2016 12:00:00 AM,01:50:05,1.22,47.0,30.46,53.0,184.01,4.5,06:29:00,17:44:00
21625,1478864705,11/11/2016 12:00:00 AM,01:45:05,1.21,47.0,30.46,50.0,175.33,4.5,06:29:00,17:44:00
21626,1478864401,11/11/2016 12:00:00 AM,01:40:01,1.2,47.0,30.47,52.0,158.61,2.25,06:29:00,17:44:00
21627,1478864104,11/11/2016 12:00:00 AM,01:35:04,1.24,47.0,30.47,45.0,158.62,2.25,06:29:00,17:44:00
21628,1478863802,11/11/2016 12:00:00 AM,01:30:02,1.25,47.0,30.47,45.0,158.61,3.37,06:29:00,17:44:00
21629,1478863502,11/11/2016 12:00:00 AM,01:25:02,1.19,48.0,30.47,42.0,158.61,2.25,06:29:00,17:44:00
21630,1478863202,11/11/2016 12:00:00 AM,01:20:02,1.21,48.0,30.47,43.0,157.94,4.5,06:29:00,17:44:00
21631,1478862904,11/11/2016 12:00:00 AM,01:15:04,1.25,49.0,30.47,43.0,157.93,3.37,06:29:00,17:44:00
21632,1478862602,11/11/2016 12:00:00 AM,01:10:02,1.22,49.0,30.47,38.0,159.88,4.5,06:29:00,17:44:00
21633,1478862306,11/11/2016 12:00:00 AM,01:05:06,1.23,49.0,30.423028000868246,38.0,135.25,2.25,06:29:00,17:44:00
21634,1478862003,11/11/2016 12:00:00 AM,01:00:03,1.22,48.0,30.47,46.0,37.98,1.12,06:29:00,17:44:00
21635,1478861704,11/11/2016 12:00:00 AM,00:55:04,1.24,47.0,30.47,36.0,164.05,4.5,06:29:00,17:44:00
21636,1478861404,11/11/2016 12:00:00 AM,00:50:04,1.23,47.0,30.47,38.0,170.17,3.37,06:29:00,17:44:00
21637,1478861103,11/11/2016 12:00:00 AM,00:45:03,1.25,48.0,30.47,37.0,179.87,4.5,06:29:00,17:44:00
21638,1478860804,11/11/2016 12:00:00 AM,00:40:04,1.23,48.0,30.47,39.0,182.03,6.75,06:29:00,17:44:00
21639,1478860505,11/11/2016 12:00:00 AM,00:35:05,1.23,47.0,30.47,41.0,182.94,7.87,06:29:00,17:44:00
21640,1478860202,11/11/2016 12:00:00 AM,00:30:02,1.21,47.0,30.47,43.0,177.54,6.75,06:29:00,17:44:00
21641,1478859904,11/11/2016 12:00:00 AM,00:25:04,1.2,47.0,30.47,43.0,178.76,6.75,06:29:00,17:44:00
21642,1478859603,11/11/2016 12:00:00 AM,00:20:03,1.22,46.0,30.48,44.0,175.05,6.75,06:29:00,17:44:00
21643,1478859305,11/11/2016 12:00:00 AM,00:15:05,1.2,46.0,30.48,45.0,177.07,4.5,06:29:00,17:44:00
21644,1478859003,11/11/2016 12:00:00 AM,00:10:03,1.21,46.0,30.48,44.0,177.03,6.75,06:29:00,17:44:00
21645,1478858704,11/11/2016 12:00:00 AM,00:05:04,1.23,47.0,30.48,44.0,177.29,5.62,06:29:00,17:44:00
21646,1478858405,11/11/2016 12:00:00 AM,00:00:05,1.21,47.0,30.48,46.0,173.71,5.62,06:29:00,17:44:00
21647,1478858103,11/10/2016 12:00:00 AM,23:55:03,1.24,48.0,30.48,54.0,170.45,4.5,06:28:00,17:45:00
21648,1478857804,11/10/2016 12:00:00 AM,23:50:04,1.23,48.0,30.48,53.0,157.39,4.5,06:28:00,17:45:00
21649,1478857503,11/10/2016 12:00:00 AM,23:45:03,1.22,49.0,30.49,50.0,100.61,2.25,06:28:00,17:45:00
21650,1478857205,11/10/2016 12:00:00 AM,23:40:05,1.24,48.0,30.49,47.0,73.29,1.12,06:28:00,17:45:00
21651,1478856905,11/10/2016 12:00:00 AM,23:35:05,1.23,48.0,30.49,34.0,168.81,2.25,06:28:00,17:45:00
21652,1478856602,11/10/2016 12:00:00 AM,23:30:02,1.2,48.0,30.49,36.0,167.17,4.5,06:28:00,17:45:00
21653,1478856304,11/10/2016 12:00:00 AM,23:25:04,1.19,48.0,30.49,34.0,169.55,3.37,06:28:00,17:45:00
21654,1478856002,11/10/2016 12:00:00 AM,23:20:02,1.26,48.0,30.49,35.0,157.03,4.5,06:28:00,17:45:00
21655,1478855708,11/10/2016 12:00:00 AM,23:15:08,1.24,48.0,30.49,36.0,179.17,5.62,06:28:00,17:45:00
21656,1478855405,11/10/2016 12:00:00 AM,23:10:05,1.23,48.0,30.49,38.0,170.06,3.37,06:28:00,17:45:00
21657,1478855101,11/10/2016 12:00:00 AM,23:05:01,1.24,48.0,30.49,40.0,188.09,4.5,06:28:00,17:45:00
21658,1478854804,11/10/2016 12:00:00 AM,23:00:04,1.21,48.0,30.49,44.0,184.83,6.75,06:28:00,17:45:00
21659,1478854504,11/10/2016 12:00:00 AM,22:55:04,1.2,48.0,30.49,48.0,182.48,7.87,06:28:00,17:45:00
21660,1478854205,11/10/2016 12:00:00 AM,22:50:05,1.2,48.0,30.49,50.0,186.69,7.87,06:28:00,17:45:00
21661,1478853905,11/10/2016 12:00:00 AM,22:45:05,1.25,48.0,30.49,52.0,172.02,7.87,06:28:00,17:45:00
21662,1478853602,11/10/2016 12:00:00 AM,22:40:02,1.2,48.0,30.49,54.0,183.35,7.87,06:28:00,17:45:00
21663,1478853304,11/10/2016 12:00:00 AM,22:35:04,1.22,48.0,30.49,56.0,182.5,6.75,06:28:00,17:45:00
21664,1478853004,11/10/2016 12:00:00 AM,22:30:04,1.23,47.0,30.5,59.0,174.96,6.75,06:28:00,17:45:00
21665,1478852702,11/10/2016 12:00:00 AM,22:25:02,1.27,47.0,30.5,61.0,176.77,5.62,06:28:00,17:45:00
21666,1478852406,11/10/2016 12:00:00 AM,22:20:06,1.2,47.0,30.5,63.0,175.35,5.62,06:28:00,17:45:00
21667,1478852102,11/10/2016 12:00:00 AM,22:15:02,1.21,47.0,30.5,64.0,171.97,5.62,06:28:00,17:45:00
21668,1478851801,11/10/2016 12:00:00 AM,22:10:01,1.25,47.0,30.5,65.0,170.95,5.62,06:28:00,17:45:00
21669,1478851505,11/10/2016 12:00:00 AM,22:05:05,1.23,47.0,30.5,67.0,170.49,3.37,06:28:00,17:45:00
21670,1478851209,11/10/2016 12:00:00 AM,22:00:09,1.2,47.0,30.5,67.0,170.54,3.37,06:28:00,17:45:00
21671,1478850902,11/10/2016 12:00:00 AM,21:55:02,1.22,47.0,30.5,67.0,171.28,3.37,06:28:00,17:45:00
21672,1478850603,11/10/2016 12:00:00 AM,21:50:03,1.21,48.0,30.5,69.0,171.31,3.37,06:28:00,17:45:00
21673,1478850301,11/10/2016 12:00:00 AM,21:45:01,1.21,48.0,30.5,70.0,182.16,2.25,06:28:00,17:45:00
21674,1478850004,11/10/2016 12:00:00 AM,21:40:04,1.25,48.0,30.5,70.0,182.28,4.5,06:28:00,17:45:00
21675,1478849702,11/10/2016 12:00:00 AM,21:35:02,1.24,48.0,30.5,72.0,183.29,4.5,06:28:00,17:45:00
21676,1478849402,11/10/2016 12:00:00 AM,21:30:02,1.21,48.0,30.5,75.0,185.88,3.37,06:28:00,17:45:00
21677,1478849102,11/10/2016 12:00:00 AM,21:25:02,1.19,48.0,30.5,78.0,185.92,3.37,06:28:00,17:45:00
21678,1478848804,11/10/2016 12:00:00 AM,21:20:04,1.29,48.0,30.49,78.0,185.93,3.37,06:28:00,17:45:00
21679,1478848505,11/10/2016 12:00:00 AM,21:15:05,1.24,48.0,30.49,79.0,185.91,4.5,06:28:00,17:45:00
21680,1478848203,11/10/2016 12:00:00 AM,21:10:03,1.2,48.0,30.5,80.0,184.65,4.5,06:28:00,17:45:00
21681,1478847903,11/10/2016 12:00:00 AM,21:05:03,1.22,49.0,30.49,87.0,184.09,3.37,06:28:00,17:45:00
21682,1478847603,11/10/2016 12:00:00 AM,21:00:03,1.23,49.0,30.5,90.0,179.41,4.5,06:28:00,17:45:00
21683,1478847302,11/10/2016 12:00:00 AM,20:55:02,1.23,50.0,30.5,89.0,165.17,3.37,06:28:00,17:45:00
21684,1478847002,11/10/2016 12:00:00 AM,20:50:02,1.23,51.0,30.49,88.0,164.72,2.25,06:28:00,17:45:00
21685,1478846702,11/10/2016 12:00:00 AM,20:45:02,1.24,51.0,30.5,85.0,164.72,0.0,06:28:00,17:45:00
21686,1478846408,11/10/2016 12:00:00 AM,20:40:08,1.25,51.0,30.49,82.0,164.73,1.12,06:28:00,17:45:00
21687,1478846105,11/10/2016 12:00:00 AM,20:35:05,1.25,51.0,30.49,76.0,164.76,0.0,06:28:00,17:45:00
21688,1478845805,11/10/2016 12:00:00 AM,20:30:05,1.22,51.0,30.49,71.0,165.27,2.25,06:28:00,17:45:00
21689,1478845501,11/10/2016 12:00:00 AM,20:25:01,1.24,51.0,30.49,71.0,167.57,3.37,06:28:00,17:45:00
21690,1478845205,11/10/2016 12:00:00 AM,20:20:05,1.23,51.0,30.49,71.0,173.34,4.5,06:28:00,17:45:00
21691,1478844905,11/10/2016 12:00:00 AM,20:15:05,1.23,52.0,30.49,70.0,171.26,3.37,06:28:00,17:45:00
21692,1478844602,11/10/2016 12:00:00 AM,20:10:02,1.21,52.0,30.49,70.0,156.61,3.37,06:28:00,17:45:00
21693,1478844302,11/10/2016 12:00:00 AM,20:05:02,1.23,52.0,30.48,71.0,163.51,5.62,06:28:00,17:45:00
21694,1478844004,11/10/2016 12:00:00 AM,20:00:04,1.28,52.0,30.48,72.0,156.02,5.62,06:28:00,17:45:00
21695,1478843705,11/10/2016 12:00:00 AM,19:55:05,1.22,52.0,30.48,73.0,172.67,5.62,06:28:00,17:45:00
21696,1478843404,11/10/2016 12:00:00 AM,19:50:04,1.23,52.0,30.48,73.0,159.45,3.37,06:28:00,17:45:00
21697,1478843102,11/10/2016 12:00:00 AM,19:45:02,1.26,51.0,30.48,72.0,159.52,2.25,06:28:00,17:45:00
21698,1478842805,11/10/2016 12:00:00 AM,19:40:05,1.24,51.0,30.48,73.0,154.4,2.25,06:28:00,17:45:00
21699,1478842505,11/10/2016 12:00:00 AM,19:35:05,1.24,51.0,30.48,73.0,161.77,5.62,06:28:00,17:45:00
21700,1478842201,11/10/2016 12:00:00 AM,19:30:01,1.19,51.0,30.48,73.0,172.0,3.37,06:28:00,17:45:00
21701,1478841901,11/10/2016 12:00:00 AM,19:25:01,1.23,51.0,30.48,74.0,162.45,3.37,06:28:00,17:45:00
21702,1478841605,11/10/2016 12:00:00 AM,19:20:05,1.24,51.0,30.48,75.0,157.62,3.37,06:28:00,17:45:00
21703,1478841303,11/10/2016 12:00:00 AM,19:15:03,1.23,51.0,30.47,76.0,170.32,5.62,06:28:00,17:45:00
21704,1478841003,11/10/2016 12:00:00 AM,19:10:03,1.25,51.0,30.47,77.0,145.75,3.37,06:28:00,17:45:00
21705,1478840703,11/10/2016 12:00:00 AM,19:05:03,1.24,51.0,30.47,80.0,129.89,3.37,06:28:00,17:45:00
21706,1478840405,11/10/2016 12:00:00 AM,19:00:05,1.23,52.0,30.47,81.0,120.69,1.12,06:28:00,17:45:00
21707,1478840104,11/10/2016 12:00:00 AM,18:55:04,1.25,52.0,30.47,85.0,122.03,1.12,06:28:00,17:45:00
21708,1478839802,11/10/2016 12:00:00 AM,18:50:02,1.23,52.0,30.47,87.0,122.03,1.12,06:28:00,17:45:00
21709,1478839505,11/10/2016 12:00:00 AM,18:45:05,1.22,52.0,30.47,84.0,122.01,2.25,06:28:00,17:45:00
21710,1478839202,11/10/2016 12:00:00 AM,18:40:02,1.24,52.0,30.46,84.0,122.68,1.12,06:28:00,17:45:00
21711,1478838907,11/10/2016 12:00:00 AM,18:35:07,1.26,52.0,30.46,83.0,122.68,2.25,06:28:00,17:45:00
21712,1478838605,11/10/2016 12:00:00 AM,18:30:05,1.2,52.0,30.46,84.0,122.45,3.37,06:28:00,17:45:00
21713,1478838306,11/10/2016 12:00:00 AM,18:25:06,1.21,53.0,30.46,87.0,109.36,2.25,06:28:00,17:45:00
21714,1478838003,11/10/2016 12:00:00 AM,18:20:03,1.23,53.0,30.46,84.0,108.78,1.12,06:28:00,17:45:00
21715,1478837704,11/10/2016 12:00:00 AM,18:15:04,1.25,53.0,30.46,85.0,108.79,2.25,06:28:00,17:45:00
21716,1478837401,11/10/2016 12:00:00 AM,18:10:01,1.23,54.0,30.46,87.0,108.78,2.25,06:28:00,17:45:00
21717,1478837103,11/10/2016 12:00:00 AM,18:05:03,1.26,54.0,30.46,89.0,108.78,1.12,06:28:00,17:45:00
21718,1478836802,11/10/2016 12:00:00 AM,18:00:02,1.22,54.0,30.46,90.0,108.78,1.12,06:28:00,17:45:00
21719,1478836503,11/10/2016 12:00:00 AM,17:55:03,2.03,54.0,30.46,91.0,107.65,2.25,06:28:00,17:45:00
21720,1478836202,11/10/2016 12:00:00 AM,17:50:02,3.56,54.0,30.46,92.0,87.47,2.25,06:28:00,17:45:00
21721,1478835902,11/10/2016 12:00:00 AM,17:45:02,5.71,55.0,30.45,92.0,90.7,1.12,06:28:00,17:45:00
21722,1478835601,11/10/2016 12:00:00 AM,17:40:01,8.98,55.0,30.45,91.0,86.95,2.25,06:28:00,17:45:00
21723,1478835302,11/10/2016 12:00:00 AM,17:35:02,13.91,55.0,30.45,89.0,49.99,3.37,06:28:00,17:45:00
21724,1478835017,11/10/2016 12:00:00 AM,17:30:17,19.38,55.0,30.45,87.0,50.01,4.5,06:28:00,17:45:00
21725,1478834705,11/10/2016 12:00:00 AM,17:25:05,27.75,55.0,30.45,86.0,28.03,2.25,06:28:00,17:45:00
21726,1478834402,11/10/2016 12:00:00 AM,17:20:02,34.23,55.0,30.45,85.0,83.92,1.12,06:28:00,17:45:00
21727,1478834105,11/10/2016 12:00:00 AM,17:15:05,36.56,55.0,30.44,87.0,124.6,3.37,06:28:00,17:45:00
21728,1478833805,11/10/2016 12:00:00 AM,17:10:05,34.05,55.0,30.44,87.0,128.07,3.37,06:28:00,17:45:00
21729,1478833505,11/10/2016 12:00:00 AM,17:05:05,32.3,55.0,30.44,88.0,65.76,1.12,06:28:00,17:45:00
21730,1478833204,11/10/2016 12:00:00 AM,17:00:04,31.96,55.0,30.44,88.0,90.52,4.5,06:28:00,17:45:00
21731,1478832901,11/10/2016 12:00:00 AM,16:55:01,33.55,55.0,30.44,74.83719267708949,111.93,2.25,06:28:00,17:45:00
21732,1478832605,11/10/2016 12:00:00 AM,16:50:05,36.9,56.0,30.44,89.0,79.18,3.37,06:28:00,17:45:00
21733,1478832302,11/10/2016 12:00:00 AM,16:45:02,47.08,56.0,30.44,88.0,351.49,2.25,06:28:00,17:45:00
21734,1478832004,11/10/2016 12:00:00 AM,16:40:04,48.97,56.0,30.44,90.0,42.96,4.5,06:28:00,17:45:00
21735,1478831705,11/10/2016 12:00:00 AM,16:35:05,85.26,56.0,30.44,89.0,25.3,4.5,06:28:00,17:45:00
21736,1478831402,11/10/2016 12:00:00 AM,16:30:02,59.29,56.0,30.44,88.0,25.56,3.37,06:28:00,17:45:00
21737,1478831105,11/10/2016 12:00:00 AM,16:25:05,71.38,56.0,30.44,88.0,13.75,3.37,06:28:00,17:45:00
21738,1478830802,11/10/2016 12:00:00 AM,16:20:02,68.75,57.0,30.44,88.0,28.33,3.37,06:28:00,17:45:00
21739,1478830501,11/10/2016 12:00:00 AM,16:15:01,56.58,57.0,30.44,88.0,9.98,5.62,06:28:00,17:45:00
21740,1478830205,11/10/2016 12:00:00 AM,16:10:05,79.36,57.0,30.44,88.0,358.33,4.5,06:28:00,17:45:00
21741,1478829905,11/10/2016 12:00:00 AM,16:05:05,100.67,57.0,30.44,87.0,25.43,2.25,06:28:00,17:45:00
21742,1478829606,11/10/2016 12:00:00 AM,16:00:06,106.28,57.0,30.44,87.0,24.32,5.62,06:28:00,17:45:00
21743,1478829304,11/10/2016 12:00:00 AM,15:55:04,94.29,57.0,30.44,88.0,16.35,5.62,06:28:00,17:45:00
21744,1478829003,11/10/2016 12:00:00 AM,15:50:03,102.18,57.0,30.43,88.0,358.81,6.75,06:28:00,17:45:00
21745,1478828701,11/10/2016 12:00:00 AM,15:45:01,121.43,57.0,30.43,88.0,38.94,2.25,06:28:00,17:45:00
21746,1478828402,11/10/2016 12:00:00 AM,15:40:02,204.3,57.0,30.43,88.0,38.22,4.5,06:28:00,17:45:00
21747,1478828105,11/10/2016 12:00:00 AM,15:35:05,147.52,57.0,30.43,88.0,20.06,3.37,06:28:00,17:45:00
21748,1478827805,11/10/2016 12:00:00 AM,15:30:05,161.23,57.0,30.43,87.0,24.58,5.62,06:28:00,17:45:00
21749,1478827501,11/10/2016 12:00:00 AM,15:25:01,93.09,57.0,30.43,88.0,0.28,5.62,06:28:00,17:45:00
21750,1478827201,11/10/2016 12:00:00 AM,15:20:01,160.32,58.0,30.43,87.0,0.1,3.37,06:28:00,17:45:00
21751,1478826905,11/10/2016 12:00:00 AM,15:15:05,173.29,58.0,30.43,86.0,55.25,5.62,06:28:00,17:45:00
21752,1478826602,11/10/2016 12:00:00 AM,15:10:02,153.43,58.0,30.423028000868246,85.0,0.11,7.87,06:28:00,17:45:00
21753,1478826313,11/10/2016 12:00:00 AM,15:05:13,131.86,58.0,30.43,83.0,45.03,7.87,06:28:00,17:45:00
21754,1478826005,11/10/2016 12:00:00 AM,15:00:05,123.89,58.0,30.43,82.0,21.06,5.62,06:28:00,17:45:00
21755,1478825702,11/10/2016 12:00:00 AM,14:55:02,129.74,59.0,30.43,82.0,45.84,9.0,06:28:00,17:45:00
21756,1478825401,11/10/2016 12:00:00 AM,14:50:01,217.2,59.0,30.43,80.0,39.4,3.37,06:28:00,17:45:00
21757,1478825101,11/10/2016 12:00:00 AM,14:45:01,205.55,59.0,30.43,81.0,9.5,4.5,06:28:00,17:45:00
21758,1478824805,11/10/2016 12:00:00 AM,14:40:05,239.87,60.0,30.43,74.83719267708949,2.33,4.5,06:28:00,17:45:00
21759,1478824501,11/10/2016 12:00:00 AM,14:35:01,153.53,60.0,30.43,76.0,80.76,5.62,06:28:00,17:45:00
21760,1478824206,11/10/2016 12:00:00 AM,14:30:06,262.08,60.0,30.43,77.0,17.33,4.5,06:28:00,17:45:00
21761,1478823905,11/10/2016 12:00:00 AM,14:25:05,213.7,60.0,30.43,77.0,11.92,9.0,06:28:00,17:45:00
21762,1478823603,11/10/2016 12:00:00 AM,14:20:03,881.41,60.0,30.43,76.0,0.4,2.25,06:28:00,17:45:00
21763,1478823302,11/10/2016 12:00:00 AM,14:15:02,378.08,61.0,30.43,72.0,15.45,5.62,06:28:00,17:45:00
21764,1478823005,11/10/2016 12:00:00 AM,14:10:05,273.53,61.0,30.44,72.0,336.57,13.5,06:28:00,17:45:00
21765,1478822703,11/10/2016 12:00:00 AM,14:05:03,195.54,62.0,30.44,71.0,12.23,6.75,06:28:00,17:45:00
21766,1478822405,11/10/2016 12:00:00 AM,14:00:05,791.81,63.0,30.44,65.0,39.08,7.87,06:28:00,17:45:00
21767,1478822101,11/10/2016 12:00:00 AM,13:55:01,885.68,62.0,30.44,58.0,299.94,6.75,06:28:00,17:45:00
21768,1478821801,11/10/2016 12:00:00 AM,13:50:01,848.47,61.0,30.43,61.0,14.11,9.0,06:28:00,17:45:00
21769,1478821504,11/10/2016 12:00:00 AM,13:45:04,248.7,60.0,30.43,71.0,336.46,4.5,06:28:00,17:45:00
21770,1478821205,11/10/2016 12:00:00 AM,13:40:05,189.69,60.0,30.44,71.0,336.46,5.62,06:28:00,17:45:00
21771,1478820903,11/10/2016 12:00:00 AM,13:35:03,319.13,62.0,30.44,72.0,349.72,10.12,06:28:00,17:45:00
21772,1478820602,11/10/2016 12:00:00 AM,13:30:02,323.69,62.0,30.44,66.0,23.52,3.37,06:28:00,17:45:00
21773,1478820305,11/10/2016 12:00:00 AM,13:25:05,252.39,63.0,30.44,63.0,336.14,7.87,06:28:00,17:45:00
21774,1478820003,11/10/2016 12:00:00 AM,13:20:03,961.94,63.0,30.44,66.0,357.75,4.5,06:28:00,17:45:00
21775,1478819701,11/10/2016 12:00:00 AM,13:15:01,929.85,63.0,30.44,61.0,30.32,4.5,06:28:00,17:45:00
21776,1478819401,11/10/2016 12:00:00 AM,13:10:01,929.56,63.0,30.44,57.0,64.24,4.5,06:28:00,17:45:00
21777,1478819103,11/10/2016 12:00:00 AM,13:05:03,890.22,62.0,30.44,74.83719267708949,104.91,4.5,06:28:00,17:45:00
21778,1478818801,11/10/2016 12:00:00 AM,13:00:01,953.59,62.0,30.45,66.0,143.54770303349548,6.75,06:28:00,17:45:00
21779,1478818502,11/10/2016 12:00:00 AM,12:55:02,710.51,63.0,30.45,66.0,0.17,10.12,06:28:00,17:45:00
21780,1478818206,11/10/2016 12:00:00 AM,12:50:06,575.74,63.0,30.45,58.0,47.25,4.5,06:28:00,17:45:00
21781,1478817901,11/10/2016 12:00:00 AM,12:45:01,912.97,63.0,30.45,65.0,358.3,7.87,06:28:00,17:45:00
21782,1478817602,11/10/2016 12:00:00 AM,12:40:02,938.67,62.0,30.45,64.0,24.47,4.5,06:28:00,17:45:00
21783,1478817301,11/10/2016 12:00:00 AM,12:35:01,946.11,63.0,30.45,65.0,12.78,6.75,06:28:00,17:45:00
21784,1478817005,11/10/2016 12:00:00 AM,12:30:05,898.42,64.0,30.45,64.0,359.93,10.12,06:28:00,17:45:00
21785,1478816701,11/10/2016 12:00:00 AM,12:25:01,899.08,64.0,30.46,58.0,14.92,5.62,06:28:00,17:45:00
21786,1478816401,11/10/2016 12:00:00 AM,12:20:01,899.23,65.0,30.46,58.0,0.11,13.5,06:28:00,17:45:00
21787,1478816107,11/10/2016 12:00:00 AM,12:15:07,893.78,64.0,30.46,39.0,291.84,11.25,06:28:00,17:45:00
21788,1478815804,11/10/2016 12:00:00 AM,12:10:04,895.28,63.0,30.46,44.0,38.68,2.25,06:28:00,17:45:00
21789,1478815502,11/10/2016 12:00:00 AM,12:05:02,892.11,63.0,30.46,44.0,0.11,5.62,06:28:00,17:45:00
21790,1478815202,11/10/2016 12:00:00 AM,12:00:02,895.02,63.0,30.46,38.0,69.67,5.62,06:28:00,17:45:00
21791,1478814901,11/10/2016 12:00:00 AM,11:55:01,895.63,65.0,30.47,43.0,357.58,5.62,06:28:00,17:45:00
21792,1478814602,11/10/2016 12:00:00 AM,11:50:02,902.74,64.0,30.47,21.0,307.83,10.12,06:28:00,17:45:00
21793,1478814302,11/10/2016 12:00:00 AM,11:45:02,897.88,64.0,30.47,21.0,327.17,7.87,06:28:00,17:45:00
21794,1478814001,11/10/2016 12:00:00 AM,11:40:01,898.84,63.0,30.47,19.0,348.11,7.87,06:28:00,17:45:00
21795,1478813703,11/10/2016 12:00:00 AM,11:35:03,893.72,64.0,30.47,19.0,306.83,5.62,06:28:00,17:45:00
21796,1478813402,11/10/2016 12:00:00 AM,11:30:02,890.52,64.0,30.47,17.0,336.69,5.62,06:28:00,17:45:00
21797,1478813103,11/10/2016 12:00:00 AM,11:25:03,885.69,64.0,30.47,17.0,359.91,6.75,06:28:00,17:45:00
21798,1478812801,11/10/2016 12:00:00 AM,11:20:01,882.58,64.0,30.47,17.0,349.39,5.62,06:28:00,17:45:00
21799,1478812502,11/10/2016 12:00:00 AM,11:15:02,875.77,64.0,30.47,16.0,48.74,1.12,06:28:00,17:45:00
21800,1478812201,11/10/2016 12:00:00 AM,11:10:01,873.18,64.0,30.48,16.0,338.0,6.75,06:28:00,17:45:00
21801,1478811903,11/10/2016 12:00:00 AM,11:05:03,865.94,64.0,30.48,17.0,336.83,5.62,06:28:00,17:45:00
21802,1478811603,11/10/2016 12:00:00 AM,11:00:03,857.51,64.0,30.48,16.0,0.11,4.5,06:28:00,17:45:00
21803,1478811302,11/10/2016 12:00:00 AM,10:55:02,851.34,64.0,30.48,16.0,330.36,4.5,06:28:00,17:45:00
21804,1478811004,11/10/2016 12:00:00 AM,10:50:04,842.96,63.0,30.48,16.0,330.44,3.37,06:28:00,17:45:00
21805,1478810702,11/10/2016 12:00:00 AM,10:45:02,834.7,63.0,30.48,14.0,285.04,4.5,06:28:00,17:45:00
21806,1478810403,11/10/2016 12:00:00 AM,10:40:03,826.71,63.0,30.48,15.0,343.69,6.75,06:28:00,17:45:00
21807,1478810102,11/10/2016 12:00:00 AM,10:35:02,817.53,63.0,30.48,15.0,338.93,4.5,06:28:00,17:45:00
21808,1478809803,11/10/2016 12:00:00 AM,10:30:03,807.65,63.0,30.48,15.0,348.26,7.87,06:28:00,17:45:00
21809,1478809501,11/10/2016 12:00:00 AM,10:25:01,798.01,63.0,30.48,14.0,331.15,6.75,06:28:00,17:45:00
21810,1478809205,11/10/2016 12:00:00 AM,10:20:05,787.43,62.0,30.48,14.0,306.98,5.62,06:28:00,17:45:00
21811,1478808902,11/10/2016 12:00:00 AM,10:15:02,776.6,62.0,30.48,13.0,348.87,1.12,06:28:00,17:45:00
21812,1478808601,11/10/2016 12:00:00 AM,10:10:01,767.46,62.0,30.48,13.0,348.28,4.5,06:28:00,17:45:00
21813,1478808304,11/10/2016 12:00:00 AM,10:05:04,754.7,62.0,30.48,13.0,274.75,4.5,06:28:00,17:45:00
21814,1478808005,11/10/2016 12:00:00 AM,10:00:05,741.4,62.0,30.48,13.0,328.5,2.25,06:28:00,17:45:00
21815,1478807705,11/10/2016 12:00:00 AM,09:55:05,729.87,61.0,30.48,13.0,308.23,7.87,06:28:00,17:45:00
21816,1478807401,11/10/2016 12:00:00 AM,09:50:01,715.71,62.0,30.49,13.0,338.27,4.5,06:28:00,17:45:00
21817,1478807103,11/10/2016 12:00:00 AM,09:45:03,702.96,62.0,30.48,12.0,321.41,5.62,06:28:00,17:45:00
21818,1478806801,11/10/2016 12:00:00 AM,09:40:01,688.01,62.0,30.48,12.0,320.55,10.12,06:28:00,17:45:00
21819,1478806501,11/10/2016 12:00:00 AM,09:35:01,674.21,61.0,30.48,12.0,337.16,4.5,06:28:00,17:45:00
21820,1478806201,11/10/2016 12:00:00 AM,09:30:01,659.96,62.0,30.48,12.0,306.02,4.5,06:28:00,17:45:00
21821,1478805903,11/10/2016 12:00:00 AM,09:25:03,645.2,61.0,30.48,12.0,333.03,6.75,06:28:00,17:45:00
21822,1478805602,11/10/2016 12:00:00 AM,09:20:02,629.46,61.0,30.48,13.0,329.65,5.62,06:28:00,17:45:00
21823,1478805302,11/10/2016 12:00:00 AM,09:15:02,612.65,61.0,30.47,14.0,337.26,6.75,06:28:00,17:45:00
21824,1478805001,11/10/2016 12:00:00 AM,09:10:01,596.66,60.0,30.47,13.0,317.83,5.62,06:28:00,17:45:00
21825,1478804702,11/10/2016 12:00:00 AM,09:05:02,580.37,60.0,30.47,13.0,318.41,3.37,06:28:00,17:45:00
21826,1478804402,11/10/2016 12:00:00 AM,09:00:02,563.37,60.0,30.47,13.0,321.89,4.5,06:28:00,17:45:00
21827,1478804104,11/10/2016 12:00:00 AM,08:55:04,547.22,60.0,30.47,14.0,320.62,6.75,06:28:00,17:45:00
21828,1478803802,11/10/2016 12:00:00 AM,08:50:02,529.8,60.0,30.47,12.0,314.82,6.75,06:28:00,17:45:00
21829,1478803502,11/10/2016 12:00:00 AM,08:45:02,512.44,59.0,30.47,12.0,323.1,6.75,06:28:00,17:45:00
21830,1478803207,11/10/2016 12:00:00 AM,08:40:07,494.41,59.0,30.47,13.0,322.01,5.62,06:28:00,17:45:00
21831,1478802902,11/10/2016 12:00:00 AM,08:35:02,475.7,59.0,30.46,13.0,291.23,6.75,06:28:00,17:45:00
21832,1478802605,11/10/2016 12:00:00 AM,08:30:05,457.36,58.0,30.46,13.0,276.89,5.62,06:28:00,17:45:00
21833,1478802301,11/10/2016 12:00:00 AM,08:25:01,438.8,58.0,30.46,14.0,251.62,6.75,06:28:00,17:45:00
21834,1478802002,11/10/2016 12:00:00 AM,08:20:02,420.27,58.0,30.46,14.0,301.97,6.75,06:28:00,17:45:00
21835,1478801701,11/10/2016 12:00:00 AM,08:15:01,401.3,57.0,30.46,15.0,301.08,6.75,06:28:00,17:45:00
21836,1478801405,11/10/2016 12:00:00 AM,08:10:05,382.23,57.0,30.46,15.0,264.27,3.37,06:28:00,17:45:00
21837,1478801104,11/10/2016 12:00:00 AM,08:05:04,362.65,56.0,30.45,15.0,277.86,5.62,06:28:00,17:45:00
21838,1478800803,11/10/2016 12:00:00 AM,08:00:03,342.8,56.0,30.45,17.0,277.48,3.37,06:28:00,17:45:00
21839,1478800502,11/10/2016 12:00:00 AM,07:55:02,321.34,54.0,30.45,18.0,269.33,3.37,06:28:00,17:45:00
21840,1478800203,11/10/2016 12:00:00 AM,07:50:03,297.68,52.0,30.45,22.0,257.58,3.37,06:28:00,17:45:00
21841,1478799902,11/10/2016 12:00:00 AM,07:45:02,272.42,50.0,30.45,25.0,223.61,2.25,06:28:00,17:45:00
21842,1478799606,11/10/2016 12:00:00 AM,07:40:06,35.05,49.0,30.45,25.0,222.27,3.37,06:28:00,17:45:00
21843,1478799302,11/10/2016 12:00:00 AM,07:35:02,23.97,49.0,30.44,26.0,214.41,4.5,06:28:00,17:45:00
21844,1478799002,11/10/2016 12:00:00 AM,07:30:02,22.27,49.0,30.44,25.0,217.86,5.62,06:28:00,17:45:00
21845,1478798702,11/10/2016 12:00:00 AM,07:25:02,21.67,48.0,30.44,25.0,216.11,5.62,06:28:00,17:45:00
21846,1478798405,11/10/2016 12:00:00 AM,07:20:05,21.05,48.0,30.44,27.0,215.26,5.62,06:28:00,17:45:00
21847,1478798104,11/10/2016 12:00:00 AM,07:15:04,20.34,48.0,30.44,27.0,204.12,5.62,06:28:00,17:45:00
21848,1478797805,11/10/2016 12:00:00 AM,07:10:05,19.58,47.0,30.44,27.0,201.61,6.75,06:28:00,17:45:00
21849,1478797502,11/10/2016 12:00:00 AM,07:05:02,18.58,48.0,30.44,27.0,201.63,6.75,06:28:00,17:45:00
21850,1478797203,11/10/2016 12:00:00 AM,07:00:03,17.48,47.0,30.44,26.0,201.28,6.75,06:28:00,17:45:00
21851,1478796905,11/10/2016 12:00:00 AM,06:55:05,16.27,47.0,30.44,26.0,202.85,9.0,06:28:00,17:45:00
21852,1478796602,11/10/2016 12:00:00 AM,06:50:02,14.82,47.0,30.44,26.0,198.48,9.0,06:28:00,17:45:00
21853,1478796305,11/10/2016 12:00:00 AM,06:45:05,13.14,47.0,30.43,27.0,199.13,6.75,06:28:00,17:45:00
21854,1478796001,11/10/2016 12:00:00 AM,06:40:01,11.29,46.0,30.43,27.0,200.44,7.87,06:28:00,17:45:00
21855,1478795701,11/10/2016 12:00:00 AM,06:35:01,9.16,46.0,30.43,27.0,198.74,6.75,06:28:00,17:45:00
21856,1478795403,11/10/2016 12:00:00 AM,06:30:03,7.06,46.0,30.43,27.0,206.21,7.87,06:28:00,17:45:00
21857,1478795102,11/10/2016 12:00:00 AM,06:25:02,4.86,46.0,30.43,28.0,204.32,6.75,06:28:00,17:45:00
21858,1478794802,11/10/2016 12:00:00 AM,06:20:02,2.97,46.0,30.43,28.0,205.05,5.62,06:28:00,17:45:00
21859,1478794501,11/10/2016 12:00:00 AM,06:15:01,1.69,46.0,30.43,28.0,206.31,6.75,06:28:00,17:45:00
21860,1478794205,11/10/2016 12:00:00 AM,06:10:05,1.22,46.0,30.42,28.0,203.04,6.75,06:28:00,17:45:00
21861,1478793905,11/10/2016 12:00:00 AM,06:05:05,1.23,46.0,30.42,27.0,205.95,7.87,06:28:00,17:45:00
21862,1478793601,11/10/2016 12:00:00 AM,06:00:01,1.27,46.0,30.42,28.0,196.04,6.75,06:28:00,17:45:00
21863,1478793301,11/10/2016 12:00:00 AM,05:55:01,1.23,46.0,30.42,27.0,211.2,5.62,06:28:00,17:45:00
21864,1478793002,11/10/2016 12:00:00 AM,05:50:02,1.25,46.0,30.42,28.0,206.25,7.87,06:28:00,17:45:00
21865,1478792703,11/10/2016 12:00:00 AM,05:45:03,1.18,46.0,30.42,27.0,217.6,6.75,06:28:00,17:45:00
21866,1478792404,11/10/2016 12:00:00 AM,05:40:04,1.21,47.0,30.42,27.0,208.71,7.87,06:28:00,17:45:00
21867,1478792101,11/10/2016 12:00:00 AM,05:35:01,1.19,47.0,30.42,26.0,212.85,4.5,06:28:00,17:45:00
21868,1478791802,11/10/2016 12:00:00 AM,05:30:02,1.22,47.0,30.42,26.0,209.42,4.5,06:28:00,17:45:00
21869,1478791502,11/10/2016 12:00:00 AM,05:25:02,1.25,47.0,30.42,24.0,227.11,5.62,06:28:00,17:45:00
21870,1478791202,11/10/2016 12:00:00 AM,05:20:02,1.21,48.0,30.42,25.0,217.49,4.5,06:28:00,17:45:00
21871,1478790901,11/10/2016 12:00:00 AM,05:15:01,1.25,47.0,30.42,25.0,248.28,3.37,06:28:00,17:45:00
21872,1478790602,11/10/2016 12:00:00 AM,05:10:02,1.21,47.0,30.41,27.0,223.12,3.37,06:28:00,17:45:00
21873,1478790303,11/10/2016 12:00:00 AM,05:05:03,1.22,47.0,30.41,27.0,212.45,5.62,06:28:00,17:45:00
21874,1478790004,11/10/2016 12:00:00 AM,05:00:04,1.18,47.0,30.41,27.0,211.61,4.5,06:28:00,17:45:00
21875,1478789705,11/10/2016 12:00:00 AM,04:55:05,1.22,47.0,30.41,74.83719267708949,209.71,6.75,06:28:00,17:45:00
21876,1478789402,11/10/2016 12:00:00 AM,04:50:02,1.22,47.0,30.41,27.0,211.33,6.75,06:28:00,17:45:00
21877,1478789101,11/10/2016 12:00:00 AM,04:45:01,1.25,47.0,30.41,27.0,210.28,5.62,06:28:00,17:45:00
21878,1478788805,11/10/2016 12:00:00 AM,04:40:05,1.17,47.0,30.41,27.0,217.04,5.62,06:28:00,17:45:00
21879,1478788504,11/10/2016 12:00:00 AM,04:35:04,1.22,48.0,30.41,27.0,214.69,5.62,06:28:00,17:45:00
21880,1478788201,11/10/2016 12:00:00 AM,04:30:01,1.21,48.0,30.41,27.0,211.04,6.75,06:28:00,17:45:00
21881,1478787902,11/10/2016 12:00:00 AM,04:25:02,1.23,49.0,30.41,25.0,222.97,6.75,06:28:00,17:45:00
21882,1478787607,11/10/2016 12:00:00 AM,04:20:07,1.21,49.0,30.41,24.0,207.23,6.75,06:28:00,17:45:00
21883,1478787304,11/10/2016 12:00:00 AM,04:15:04,1.21,49.0,30.41,25.0,226.3,5.62,06:28:00,17:45:00
21884,1478787002,11/10/2016 12:00:00 AM,04:10:02,1.22,49.0,30.41,24.0,229.66,5.62,06:28:00,17:45:00
21885,1478786703,11/10/2016 12:00:00 AM,04:05:03,1.23,50.0,30.41,23.0,217.72,5.62,06:28:00,17:45:00
21886,1478786402,11/10/2016 12:00:00 AM,04:00:02,1.27,49.0,30.41,22.0,245.73,7.87,06:28:00,17:45:00
21887,1478786101,11/10/2016 12:00:00 AM,03:55:01,1.25,50.0,30.41,23.0,231.65,5.62,06:28:00,17:45:00
21888,1478785802,11/10/2016 12:00:00 AM,03:50:02,1.23,50.0,30.41,23.0,224.24,5.62,06:28:00,17:45:00
21889,1478785502,11/10/2016 12:00:00 AM,03:45:02,1.24,50.0,30.41,20.0,247.03,6.75,06:28:00,17:45:00
21890,1478785205,11/10/2016 12:00:00 AM,03:40:05,1.21,50.0,30.41,21.0,222.71,6.75,06:28:00,17:45:00
21891,1478784903,11/10/2016 12:00:00 AM,03:35:03,1.24,49.0,30.41,22.0,230.36,5.62,06:28:00,17:45:00
21892,1478784604,11/10/2016 12:00:00 AM,03:30:04,1.23,49.0,30.41,22.0,234.77,10.12,06:28:00,17:45:00
21893,1478784302,11/10/2016 12:00:00 AM,03:25:02,1.24,48.0,30.41,25.0,226.35,6.75,06:28:00,17:45:00
21894,1478784002,11/10/2016 12:00:00 AM,03:20:02,1.2,47.0,30.41,24.0,231.29,7.87,06:28:00,17:45:00
21895,1478783702,11/10/2016 12:00:00 AM,03:15:02,1.23,47.0,30.41,25.0,233.03,6.75,06:28:00,17:45:00
21896,1478783405,11/10/2016 12:00:00 AM,03:10:05,1.21,48.0,30.41,26.0,223.24,5.62,06:28:00,17:45:00
21897,1478783104,11/10/2016 12:00:00 AM,03:05:04,1.22,48.0,30.41,24.0,233.82,4.5,06:28:00,17:45:00
21898,1478782802,11/10/2016 12:00:00 AM,03:00:02,1.23,49.0,30.41,24.0,225.55,5.62,06:28:00,17:45:00
21899,1478782502,11/10/2016 12:00:00 AM,02:55:02,1.2,49.0,30.42,22.0,239.73,6.75,06:28:00,17:45:00
21900,1478782202,11/10/2016 12:00:00 AM,02:50:02,1.22,49.0,30.42,22.0,231.97,6.75,06:28:00,17:45:00
21901,1478781901,11/10/2016 12:00:00 AM,02:45:01,1.25,49.0,30.42,21.0,243.8,7.87,06:28:00,17:45:00
21902,1478781601,11/10/2016 12:00:00 AM,02:40:01,1.2,50.0,30.42,21.0,241.77,5.62,06:28:00,17:45:00
21903,1478781305,11/10/2016 12:00:00 AM,02:35:05,1.21,50.0,30.42,21.0,250.86,6.75,06:28:00,17:45:00
21904,1478781002,11/10/2016 12:00:00 AM,02:30:02,1.25,50.0,30.42,21.0,247.06,6.75,06:28:00,17:45:00
21905,1478780701,11/10/2016 12:00:00 AM,02:25:01,1.21,50.0,30.42,21.0,248.91,6.75,06:28:00,17:45:00
21906,1478780401,11/10/2016 12:00:00 AM,02:20:01,1.23,50.0,30.42,22.0,243.75,4.5,06:28:00,17:45:00
21907,1478780102,11/10/2016 12:00:00 AM,02:15:02,1.22,50.0,30.42,22.0,228.22,6.75,06:28:00,17:45:00
21908,1478779802,11/10/2016 12:00:00 AM,02:10:02,1.24,50.0,30.42,22.0,242.35,7.87,06:28:00,17:45:00
21909,1478779502,11/10/2016 12:00:00 AM,02:05:02,1.24,50.0,30.42,23.0,241.67,9.0,06:28:00,17:45:00
21910,1478779201,11/10/2016 12:00:00 AM,02:00:01,1.25,50.0,30.42,24.0,229.17,5.62,06:28:00,17:45:00
21911,1478778903,11/10/2016 12:00:00 AM,01:55:03,1.21,49.0,30.43,23.0,243.9,5.62,06:28:00,17:45:00
21912,1478778604,11/10/2016 12:00:00 AM,01:50:04,1.21,48.0,30.43,25.0,249.8,5.62,06:28:00,17:45:00
21913,1478778305,11/10/2016 12:00:00 AM,01:45:05,1.2,48.0,30.43,26.0,233.95,3.37,06:28:00,17:45:00
21914,1478778002,11/10/2016 12:00:00 AM,01:40:02,1.22,47.0,30.43,26.0,222.8,5.62,06:28:00,17:45:00
21915,1478777701,11/10/2016 12:00:00 AM,01:35:01,1.21,47.0,30.43,28.0,212.24,4.5,06:28:00,17:45:00
21916,1478777404,11/10/2016 12:00:00 AM,01:30:04,1.21,47.0,30.43,27.0,228.48,4.5,06:28:00,17:45:00
21917,1478777102,11/10/2016 12:00:00 AM,01:25:02,1.22,46.0,30.43,28.0,230.29,2.25,06:28:00,17:45:00
21918,1478776802,11/10/2016 12:00:00 AM,01:20:02,1.24,47.0,30.44,30.0,214.57,0.0,06:28:00,17:45:00
21919,1478776504,11/10/2016 12:00:00 AM,01:15:04,1.22,47.0,30.43,30.0,224.07,1.12,06:28:00,17:45:00
21920,1478776205,11/10/2016 12:00:00 AM,01:10:05,1.24,47.0,30.44,28.0,236.52,4.5,06:28:00,17:45:00
21921,1478775902,11/10/2016 12:00:00 AM,01:05:02,1.19,47.0,30.44,30.0,216.45,4.5,06:28:00,17:45:00
21922,1478775603,11/10/2016 12:00:00 AM,01:00:03,1.24,47.0,30.44,30.0,215.42,4.5,06:28:00,17:45:00
21923,1478775302,11/10/2016 12:00:00 AM,00:55:02,1.21,47.0,30.44,29.0,231.55,3.37,06:28:00,17:45:00
21924,1478775005,11/10/2016 12:00:00 AM,00:50:05,1.24,47.0,30.44,30.0,223.74,3.37,06:28:00,17:45:00
21925,1478774704,11/10/2016 12:00:00 AM,00:45:04,1.15,47.0,30.44,30.0,214.85,3.37,06:28:00,17:45:00
21926,1478774404,11/10/2016 12:00:00 AM,00:40:04,1.23,47.0,30.44,29.0,214.85,3.37,06:28:00,17:45:00
21927,1478774101,11/10/2016 12:00:00 AM,00:35:01,1.19,47.0,30.44,29.0,212.94,4.5,06:28:00,17:45:00
21928,1478773803,11/10/2016 12:00:00 AM,00:30:03,1.21,48.0,30.44,30.0,211.81,4.5,06:28:00,17:45:00
21929,1478773503,11/10/2016 12:00:00 AM,00:25:03,1.19,48.0,30.44,29.0,222.48,4.5,06:28:00,17:45:00
21930,1478773202,11/10/2016 12:00:00 AM,00:20:02,1.21,48.0,30.44,30.0,206.03,4.5,06:28:00,17:45:00
21931,1478772904,11/10/2016 12:00:00 AM,00:15:04,1.27,48.0,30.45,28.0,204.16,4.5,06:28:00,17:45:00
21932,1478772604,11/10/2016 12:00:00 AM,00:10:04,1.22,48.0,30.45,29.0,209.93,4.5,06:28:00,17:45:00
21933,1478772303,11/10/2016 12:00:00 AM,00:05:03,1.2,48.0,30.45,29.0,198.21,5.62,06:28:00,17:45:00
21934,1478772004,11/10/2016 12:00:00 AM,00:00:04,1.25,48.0,30.45,29.0,198.18,3.37,06:28:00,17:45:00
21935,1478771703,11/9/2016 12:00:00 AM,23:55:03,1.25,48.0,30.45,31.0,211.28,2.25,06:28:00,17:45:00
21936,1478771402,11/9/2016 12:00:00 AM,23:50:02,1.26,48.0,30.45,32.0,191.43,4.5,06:28:00,17:45:00
21937,1478771104,11/9/2016 12:00:00 AM,23:45:04,1.24,48.0,30.45,32.0,205.21,4.5,06:28:00,17:45:00
21938,1478770804,11/9/2016 12:00:00 AM,23:40:04,1.23,48.0,30.45,35.0,207.7,4.5,06:28:00,17:45:00
21939,1478770502,11/9/2016 12:00:00 AM,23:35:02,1.21,49.0,30.45,34.0,204.39,5.62,06:28:00,17:45:00
21940,1478770202,11/9/2016 12:00:00 AM,23:30:02,1.23,49.0,30.45,33.0,213.08,4.5,06:28:00,17:45:00
21941,1478769902,11/9/2016 12:00:00 AM,23:25:02,1.2,49.0,30.46,34.0,212.1,2.25,06:28:00,17:45:00
21942,1478769605,11/9/2016 12:00:00 AM,23:20:05,1.21,48.0,30.46,34.0,212.11,4.5,06:28:00,17:45:00
21943,1478769302,11/9/2016 12:00:00 AM,23:15:02,1.21,48.0,30.46,33.0,199.01,6.75,06:28:00,17:45:00
21944,1478769002,11/9/2016 12:00:00 AM,23:10:02,1.26,48.0,30.46,35.0,219.22,1.12,06:28:00,17:45:00
21945,1478768702,11/9/2016 12:00:00 AM,23:05:02,1.21,47.0,30.46,35.0,194.03,6.75,06:28:00,17:45:00
21946,1478768401,11/9/2016 12:00:00 AM,23:00:01,1.22,47.0,30.46,36.0,198.14,6.75,06:28:00,17:45:00
21947,1478768102,11/9/2016 12:00:00 AM,22:55:02,1.22,47.0,30.46,38.0,193.86,5.62,06:28:00,17:45:00
21948,1478767802,11/9/2016 12:00:00 AM,22:50:02,1.22,46.0,30.46,39.0,205.84,5.62,06:28:00,17:45:00
21949,1478767501,11/9/2016 12:00:00 AM,22:45:01,1.23,47.0,30.46,41.0,206.55,4.5,06:28:00,17:45:00
21950,1478767202,11/9/2016 12:00:00 AM,22:40:02,1.22,48.0,30.46,41.0,211.37,6.75,06:28:00,17:45:00
21951,1478766902,11/9/2016 12:00:00 AM,22:35:02,1.21,48.0,30.46,41.0,214.62,4.5,06:28:00,17:45:00
21952,1478766605,11/9/2016 12:00:00 AM,22:30:05,1.24,49.0,30.46,40.0,229.44,3.37,06:28:00,17:45:00
21953,1478766304,11/9/2016 12:00:00 AM,22:25:04,1.22,49.0,30.46,39.0,235.77,3.37,06:28:00,17:45:00
21954,1478766001,11/9/2016 12:00:00 AM,22:20:01,1.2,50.0,30.46,38.0,251.83,4.5,06:28:00,17:45:00
21955,1478765702,11/9/2016 12:00:00 AM,22:15:02,1.2,50.0,30.46,38.0,252.66,3.37,06:28:00,17:45:00
21956,1478765404,11/9/2016 12:00:00 AM,22:10:04,1.23,50.0,30.46,38.0,249.01,3.37,06:28:00,17:45:00
21957,1478765101,11/9/2016 12:00:00 AM,22:05:01,1.25,51.0,30.46,37.0,249.2,3.37,06:28:00,17:45:00
21958,1478764802,11/9/2016 12:00:00 AM,22:00:02,1.22,51.0,30.46,37.0,253.69,5.62,06:28:00,17:45:00
21959,1478764503,11/9/2016 12:00:00 AM,21:55:03,1.25,50.0,30.46,39.0,223.13,6.75,06:28:00,17:45:00
21960,1478764203,11/9/2016 12:00:00 AM,21:50:03,1.24,50.0,30.46,40.0,222.83,6.229096658193317,06:28:00,17:45:00
21961,1478763902,11/9/2016 12:00:00 AM,21:45:02,1.23,50.0,30.47,40.0,208.08,6.75,06:28:00,17:45:00
21962,1478763603,11/9/2016 12:00:00 AM,21:40:03,1.23,51.0,30.47,40.0,214.27,9.0,06:28:00,17:45:00
21963,1478763304,11/9/2016 12:00:00 AM,21:35:04,1.23,51.0,30.47,41.0,217.75,6.75,06:28:00,17:45:00
21964,1478763002,11/9/2016 12:00:00 AM,21:30:02,1.22,51.0,30.47,43.0,222.47,5.62,06:28:00,17:45:00
21965,1478762705,11/9/2016 12:00:00 AM,21:25:05,1.24,51.0,30.47,49.0,239.23,3.37,06:28:00,17:45:00
21966,1478762407,11/9/2016 12:00:00 AM,21:20:07,1.23,51.0,30.47,44.0,283.61,4.5,06:28:00,17:45:00
21967,1478762102,11/9/2016 12:00:00 AM,21:15:02,1.23,51.0,30.46,46.0,212.15,9.0,06:28:00,17:45:00
21968,1478761802,11/9/2016 12:00:00 AM,21:10:02,1.21,51.0,30.46,49.0,230.33,6.75,06:28:00,17:45:00
21969,1478761501,11/9/2016 12:00:00 AM,21:05:01,1.21,51.0,30.46,51.0,252.06,5.62,06:28:00,17:45:00
21970,1478761204,11/9/2016 12:00:00 AM,21:00:04,1.27,52.0,30.46,56.0,266.63,2.25,06:28:00,17:45:00
21971,1478760902,11/9/2016 12:00:00 AM,20:55:02,1.23,52.0,30.47,54.0,273.19,3.37,06:28:00,17:45:00
21972,1478760602,11/9/2016 12:00:00 AM,20:50:02,1.23,53.0,30.46,47.0,237.5,7.87,06:28:00,17:45:00
21973,1478760304,11/9/2016 12:00:00 AM,20:45:04,1.23,52.0,30.46,47.0,228.0,7.87,06:28:00,17:45:00
21974,1478760004,11/9/2016 12:00:00 AM,20:40:04,1.25,52.0,30.46,48.0,235.86,7.87,06:28:00,17:45:00
21975,1478759702,11/9/2016 12:00:00 AM,20:35:02,1.24,52.0,30.46,51.0,224.85,7.87,06:28:00,17:45:00
21976,1478759402,11/9/2016 12:00:00 AM,20:30:02,1.27,52.0,30.46,57.0,218.14,7.87,06:28:00,17:45:00
21977,1478759104,11/9/2016 12:00:00 AM,20:25:04,1.24,51.0,30.46,61.0,226.77,9.0,06:28:00,17:45:00
21978,1478758801,11/9/2016 12:00:00 AM,20:20:01,1.23,50.0,30.46,67.0,208.1,10.12,06:28:00,17:45:00
21979,1478758502,11/9/2016 12:00:00 AM,20:15:02,1.23,50.0,30.46,91.0,240.32,4.5,06:28:00,17:45:00
21980,1478758202,11/9/2016 12:00:00 AM,20:10:02,1.25,49.0,30.46,96.0,244.38,5.62,06:28:00,17:45:00
21981,1478757904,11/9/2016 12:00:00 AM,20:05:04,1.24,50.0,30.46,99.0,245.53,4.5,06:28:00,17:45:00
21982,1478757601,11/9/2016 12:00:00 AM,20:00:01,1.23,50.0,30.46,99.0,257.43,2.25,06:28:00,17:45:00
21983,1478757302,11/9/2016 12:00:00 AM,19:55:02,1.23,50.0,30.46,99.0,261.13,4.5,06:28:00,17:45:00
21984,1478757002,11/9/2016 12:00:00 AM,19:50:02,1.24,50.0,30.46,99.0,286.15,4.5,06:28:00,17:45:00
21985,1478756702,11/9/2016 12:00:00 AM,19:45:02,1.21,50.0,30.46,99.0,307.75,3.37,06:28:00,17:45:00
21986,1478756401,11/9/2016 12:00:00 AM,19:40:01,1.21,51.0,30.45,100.0,286.03,4.5,06:28:00,17:45:00
21987,1478756104,11/9/2016 12:00:00 AM,19:35:04,1.25,51.0,30.45,99.0,300.63,4.5,06:28:00,17:45:00
21988,1478755802,11/9/2016 12:00:00 AM,19:30:02,1.21,51.0,30.46,99.0,286.44,2.25,06:28:00,17:45:00
21989,1478755502,11/9/2016 12:00:00 AM,19:25:02,1.2,51.0,30.46,99.0,284.21,3.37,06:28:00,17:45:00
21990,1478755204,11/9/2016 12:00:00 AM,19:20:04,1.22,51.0,30.46,99.0,302.58,3.37,06:28:00,17:45:00
21991,1478754901,11/9/2016 12:00:00 AM,19:15:01,1.23,51.0,30.45,99.0,309.31,4.5,06:28:00,17:45:00
21992,1478754602,11/9/2016 12:00:00 AM,19:10:02,1.24,51.0,30.45,98.0,314.96,5.62,06:28:00,17:45:00
21993,1478754303,11/9/2016 12:00:00 AM,19:05:03,1.25,51.0,30.45,98.0,306.42,2.25,06:28:00,17:45:00
21994,1478754004,11/9/2016 12:00:00 AM,19:00:04,1.21,51.0,30.45,74.83719267708949,306.35,0.0,06:28:00,17:45:00
21995,1478753705,11/9/2016 12:00:00 AM,18:55:05,1.24,51.0,30.45,97.0,306.46,3.37,06:28:00,17:45:00
21996,1478753403,11/9/2016 12:00:00 AM,18:50:03,1.21,52.0,30.45,97.0,306.13,3.37,06:28:00,17:45:00
21997,1478753102,11/9/2016 12:00:00 AM,18:45:02,1.23,52.0,30.45,96.0,306.28,3.37,06:28:00,17:45:00
21998,1478752804,11/9/2016 12:00:00 AM,18:40:04,1.23,52.0,30.44,96.0,300.84,3.37,06:28:00,17:45:00
21999,1478752504,11/9/2016 12:00:00 AM,18:35:04,1.25,52.0,30.44,95.0,314.97,4.5,06:28:00,17:45:00
22000,1478752202,11/9/2016 12:00:00 AM,18:30:02,1.25,52.0,30.44,94.0,316.78,5.62,06:28:00,17:45:00
22001,1478751903,11/9/2016 12:00:00 AM,18:25:03,1.25,53.0,30.44,93.0,319.82,4.5,06:28:00,17:45:00
22002,1478751601,11/9/2016 12:00:00 AM,18:20:01,1.22,53.0,30.44,92.0,307.24,3.37,06:28:00,17:45:00
22003,1478751301,11/9/2016 12:00:00 AM,18:15:01,1.23,53.0,30.44,91.0,316.3,4.5,06:28:00,17:45:00
22004,1478751005,11/9/2016 12:00:00 AM,18:10:05,1.21,53.0,30.43,90.0,309.34,3.37,06:28:00,17:45:00
22005,1478750703,11/9/2016 12:00:00 AM,18:05:03,1.29,54.0,30.43,89.0,287.11,4.5,06:28:00,17:45:00
22006,1478750405,11/9/2016 12:00:00 AM,18:00:05,1.45,54.0,30.43,87.0,291.81,5.62,06:28:00,17:45:00
22007,1478750104,11/9/2016 12:00:00 AM,17:55:04,2.57,54.0,30.43,87.0,285.7,4.5,06:28:00,17:45:00
22008,1478749801,11/9/2016 12:00:00 AM,17:50:01,5.0,54.0,30.43,86.0,273.65,5.62,06:28:00,17:45:00
22009,1478749502,11/9/2016 12:00:00 AM,17:45:02,7.49,54.0,30.43,86.0,273.01,7.87,06:28:00,17:45:00
22010,1478749202,11/9/2016 12:00:00 AM,17:40:02,10.18,55.0,30.43,85.0,284.72,5.62,06:28:00,17:45:00
22011,1478748904,11/9/2016 12:00:00 AM,17:35:04,15.16,55.0,30.43,82.0,302.81,6.229096658193317,06:28:00,17:45:00
22012,1478748601,11/9/2016 12:00:00 AM,17:30:01,20.86,56.0,30.43,79.0,302.02,9.0,06:28:00,17:45:00
22013,1478748321,11/9/2016 12:00:00 AM,17:25:21,31.41,56.0,30.43,78.0,315.62,5.62,06:28:00,17:45:00
22014,1478748004,11/9/2016 12:00:00 AM,17:20:04,40.64,57.0,30.43,75.0,304.85,6.75,06:28:00,17:45:00
22015,1478747702,11/9/2016 12:00:00 AM,17:15:02,54.4,57.0,30.43,74.0,317.31,6.75,06:28:00,17:45:00
22016,1478747404,11/9/2016 12:00:00 AM,17:10:04,69.49,58.0,30.43,72.0,319.2,10.12,06:28:00,17:45:00
22017,1478747105,11/9/2016 12:00:00 AM,17:05:05,87.17,58.0,30.43,72.0,310.1,6.75,06:28:00,17:45:00
22018,1478746802,11/9/2016 12:00:00 AM,17:00:02,109.66,58.0,30.43,71.0,293.87,11.25,06:28:00,17:45:00
22019,1478746502,11/9/2016 12:00:00 AM,16:55:02,130.98,58.0,30.42,76.0,324.3,6.75,06:28:00,17:45:00
22020,1478746202,11/9/2016 12:00:00 AM,16:50:02,153.97,58.0,30.42,73.0,313.11,5.62,06:28:00,17:45:00
22021,1478745904,11/9/2016 12:00:00 AM,16:45:04,175.65,58.0,30.42,75.0,344.81,5.62,06:28:00,17:45:00
22022,1478745601,11/9/2016 12:00:00 AM,16:40:01,204.43,59.0,30.42,75.0,301.01,6.75,06:28:00,17:45:00
22023,1478745306,11/9/2016 12:00:00 AM,16:35:06,224.69,59.0,30.42,74.0,310.9,10.12,06:28:00,17:45:00
22024,1478745002,11/9/2016 12:00:00 AM,16:30:02,240.97,59.0,30.42,73.0,324.85,9.0,06:28:00,17:45:00
22025,1478744702,11/9/2016 12:00:00 AM,16:25:02,275.32,59.0,30.42,70.0,299.84,7.87,06:28:00,17:45:00
22026,1478744401,11/9/2016 12:00:00 AM,16:20:01,290.22,59.0,30.42,71.0,318.92,13.5,06:28:00,17:45:00
22027,1478744104,11/9/2016 12:00:00 AM,16:15:04,310.16,59.0,30.42,70.0,284.69,7.87,06:28:00,17:45:00
22028,1478743805,11/9/2016 12:00:00 AM,16:10:05,334.69,60.0,30.42,69.0,328.8,9.0,06:28:00,17:45:00
22029,1478743505,11/9/2016 12:00:00 AM,16:05:05,346.96,61.0,30.42,66.0,302.23,12.37,06:28:00,17:45:00
22030,1478743201,11/9/2016 12:00:00 AM,16:00:01,379.42,60.0,30.41,68.0,342.76,6.75,06:28:00,17:45:00
22031,1478742909,11/9/2016 12:00:00 AM,15:55:09,425.48,60.0,30.41,72.0,324.87,6.75,06:28:00,17:45:00
22032,1478742602,11/9/2016 12:00:00 AM,15:50:02,214.8,61.0,30.42,69.0,314.16,10.12,06:28:00,17:45:00
22033,1478742315,11/9/2016 12:00:00 AM,15:45:15,428.68,61.0,30.41,68.0,338.42,11.25,06:28:00,17:45:00
22034,1478742004,11/9/2016 12:00:00 AM,15:40:04,489.22,62.0,30.41,68.0,324.38,13.5,06:28:00,17:45:00
22035,1478741701,11/9/2016 12:00:00 AM,15:35:01,464.05,62.0,30.41,62.0,291.65,6.75,06:28:00,17:45:00
22036,1478741402,11/9/2016 12:00:00 AM,15:30:02,517.09,61.0,30.41,63.0,143.54770303349548,6.75,06:28:00,17:45:00
22037,1478741104,11/9/2016 12:00:00 AM,15:25:04,520.86,61.0,30.41,67.0,328.87,7.87,06:28:00,17:45:00
22038,1478740805,11/9/2016 12:00:00 AM,15:20:05,539.29,62.0,30.41,64.0,343.39,7.87,06:28:00,17:45:00
22039,1478740503,11/9/2016 12:00:00 AM,15:15:03,563.92,62.0,30.41,62.0,330.17,12.37,06:28:00,17:45:00
22040,1478740201,11/9/2016 12:00:00 AM,15:10:01,583.12,62.0,30.41,62.0,349.9,3.37,06:28:00,17:45:00
22041,1478739902,11/9/2016 12:00:00 AM,15:05:02,579.16,63.0,30.41,62.0,288.66,11.25,06:28:00,17:45:00
22042,1478739602,11/9/2016 12:00:00 AM,15:00:02,610.76,63.0,30.41,60.0,299.1,12.37,06:28:00,17:45:00
22043,1478739301,11/9/2016 12:00:00 AM,14:55:01,533.19,63.0,30.41,61.0,322.6,10.12,06:28:00,17:45:00
22044,1478739001,11/9/2016 12:00:00 AM,14:50:01,486.85,64.0,30.41,60.0,331.5,10.12,06:28:00,17:45:00
22045,1478738701,11/9/2016 12:00:00 AM,14:45:01,766.43,63.0,30.41,62.0,328.22,10.12,06:28:00,17:45:00
22046,1478738402,11/9/2016 12:00:00 AM,14:40:02,831.11,63.0,30.42,74.83719267708949,358.3,7.87,06:28:00,17:45:00
22047,1478738114,11/9/2016 12:00:00 AM,14:35:14,788.13,63.0,30.42,72.0,355.55,7.87,06:28:00,17:45:00
22048,1478737801,11/9/2016 12:00:00 AM,14:30:01,783.65,62.0,30.41,65.0,316.26,3.37,06:28:00,17:45:00
22049,1478737516,11/9/2016 12:00:00 AM,14:25:16,761.9,62.0,30.42,59.0,342.31,6.75,06:28:00,17:45:00
22050,1478737202,11/9/2016 12:00:00 AM,14:20:02,856.63,62.0,30.41,67.0,350.26,5.62,06:28:00,17:45:00
22051,1478736904,11/9/2016 12:00:00 AM,14:15:04,823.39,63.0,30.41,71.0,351.38,5.62,06:28:00,17:45:00
22052,1478736602,11/9/2016 12:00:00 AM,14:10:02,378.4,63.0,30.41,70.0,31.24,5.62,06:28:00,17:45:00
22053,1478736302,11/9/2016 12:00:00 AM,14:05:02,851.17,64.0,30.42,67.0,325.1,5.62,06:28:00,17:45:00
22054,1478736001,11/9/2016 12:00:00 AM,14:00:01,811.85,65.0,30.42,49.0,347.27,9.0,06:28:00,17:45:00
22055,1478735704,11/9/2016 12:00:00 AM,13:55:04,829.94,65.0,30.42,50.0,317.7,6.75,06:28:00,17:45:00
22056,1478735401,11/9/2016 12:00:00 AM,13:50:01,833.18,64.0,30.42,50.0,316.9,6.75,06:28:00,17:45:00
22057,1478735104,11/9/2016 12:00:00 AM,13:45:04,829.51,64.0,30.42,48.0,325.18,6.75,06:28:00,17:45:00
22058,1478734802,11/9/2016 12:00:00 AM,13:40:02,842.23,63.0,30.42,50.0,322.76,9.0,06:28:00,17:45:00
22059,1478734502,11/9/2016 12:00:00 AM,13:35:02,842.85,64.0,30.42,46.0,325.72,6.75,06:28:00,17:45:00
22060,1478734202,11/9/2016 12:00:00 AM,13:30:02,835.6,64.0,30.43,48.0,301.32,10.12,06:28:00,17:45:00
22061,1478733901,11/9/2016 12:00:00 AM,13:25:01,843.06,63.0,30.43,44.0,330.62,4.5,06:28:00,17:45:00
22062,1478733612,11/9/2016 12:00:00 AM,13:20:12,844.55,64.0,30.43,44.0,311.45,12.37,06:28:00,17:45:00
22063,1478733302,11/9/2016 12:00:00 AM,13:15:02,849.5,63.0,30.43,45.0,289.69,7.87,06:28:00,17:45:00
22064,1478733002,11/9/2016 12:00:00 AM,13:10:02,855.8,64.0,30.43,44.0,302.84,4.5,06:28:00,17:45:00
22065,1478732701,11/9/2016 12:00:00 AM,13:05:01,862.7,64.0,30.43,45.0,299.34,11.25,06:28:00,17:45:00
22066,1478732401,11/9/2016 12:00:00 AM,13:00:01,847.18,64.0,30.43,45.0,278.02,4.5,06:28:00,17:45:00
22067,1478732102,11/9/2016 12:00:00 AM,12:55:02,854.96,63.0,30.43,45.0,314.9,6.75,06:28:00,17:45:00
22068,1478731802,11/9/2016 12:00:00 AM,12:50:02,867.34,63.0,30.44,45.0,323.24,12.37,06:28:00,17:45:00
22069,1478731505,11/9/2016 12:00:00 AM,12:45:05,874.68,64.0,30.44,44.0,334.8,9.0,06:28:00,17:45:00
22070,1478731205,11/9/2016 12:00:00 AM,12:40:05,880.85,63.0,30.44,43.0,316.24,9.0,06:28:00,17:45:00
22071,1478730905,11/9/2016 12:00:00 AM,12:35:05,878.49,63.0,30.44,42.0,312.61,5.62,06:28:00,17:45:00
22072,1478730602,11/9/2016 12:00:00 AM,12:30:02,880.94,63.0,30.44,42.0,359.75,6.75,06:28:00,17:45:00
22073,1478730304,11/9/2016 12:00:00 AM,12:25:04,881.74,63.0,30.44,42.0,323.19,3.37,06:28:00,17:45:00
22074,1478730001,11/9/2016 12:00:00 AM,12:20:01,887.26,63.0,30.45,41.0,359.93,3.37,06:28:00,17:45:00
22075,1478729702,11/9/2016 12:00:00 AM,12:15:02,884.64,63.0,30.45,40.0,0.12,7.87,06:28:00,17:45:00
22076,1478729402,11/9/2016 12:00:00 AM,12:10:02,885.07,63.0,30.45,41.0,300.84,9.0,06:28:00,17:45:00
22077,1478729102,11/9/2016 12:00:00 AM,12:05:02,891.89,63.0,30.45,39.0,0.13,2.25,06:28:00,17:45:00
22078,1478728801,11/9/2016 12:00:00 AM,12:00:01,892.35,63.0,30.45,39.0,309.37,5.62,06:28:00,17:45:00
22079,1478728502,11/9/2016 12:00:00 AM,11:55:02,884.17,62.0,30.46,39.0,314.19,4.5,06:28:00,17:45:00
22080,1478728202,11/9/2016 12:00:00 AM,11:50:02,880.96,63.0,30.46,38.0,335.89,5.62,06:28:00,17:45:00
22081,1478727904,11/9/2016 12:00:00 AM,11:45:04,883.29,63.0,30.46,38.0,317.01,3.37,06:28:00,17:45:00
22082,1478727601,11/9/2016 12:00:00 AM,11:40:01,877.76,63.0,30.46,37.0,301.44,4.5,06:28:00,17:45:00
22083,1478727301,11/9/2016 12:00:00 AM,11:35:01,883.03,63.0,30.46,37.0,322.77,6.75,06:28:00,17:45:00
22084,1478727002,11/9/2016 12:00:00 AM,11:30:02,881.87,63.0,30.46,37.0,339.16,10.12,06:28:00,17:45:00
22085,1478726703,11/9/2016 12:00:00 AM,11:25:03,882.4,62.0,30.46,38.0,215.53,5.62,06:28:00,17:45:00
22086,1478726404,11/9/2016 12:00:00 AM,11:20:04,873.25,62.0,30.46,37.0,323.52,6.75,06:28:00,17:45:00
22087,1478726104,11/9/2016 12:00:00 AM,11:15:04,864.93,62.0,30.46,37.0,340.82,7.87,06:28:00,17:45:00
22088,1478725801,11/9/2016 12:00:00 AM,11:10:01,863.54,62.0,30.46,37.0,301.2,11.25,06:28:00,17:45:00
22089,1478725503,11/9/2016 12:00:00 AM,11:05:03,858.85,62.0,30.46,37.0,275.36,5.62,06:28:00,17:45:00
22090,1478725203,11/9/2016 12:00:00 AM,11:00:03,849.88,62.0,30.46,37.0,335.79,3.37,06:28:00,17:45:00
22091,1478724901,11/9/2016 12:00:00 AM,10:55:01,839.78,62.0,30.47,36.0,291.95,7.87,06:28:00,17:45:00
22092,1478724601,11/9/2016 12:00:00 AM,10:50:01,831.71,62.0,30.47,37.0,346.03,7.87,06:28:00,17:45:00
22093,1478724302,11/9/2016 12:00:00 AM,10:45:02,824.89,61.0,30.47,38.0,354.98,5.62,06:28:00,17:45:00
22094,1478724002,11/9/2016 12:00:00 AM,10:40:02,821.44,61.0,30.47,38.0,296.73,3.37,06:28:00,17:45:00
22095,1478723704,11/9/2016 12:00:00 AM,10:35:04,811.03,61.0,30.47,38.0,284.91,3.37,06:28:00,17:45:00
22096,1478723401,11/9/2016 12:00:00 AM,10:30:01,798.83,61.0,30.47,39.0,348.0,7.87,06:28:00,17:45:00
22097,1478723101,11/9/2016 12:00:00 AM,10:25:01,792.93,61.0,30.47,74.83719267708949,345.25,3.37,06:28:00,17:45:00
22098,1478722802,11/9/2016 12:00:00 AM,10:20:02,784.88,61.0,30.47,41.0,328.79,5.62,06:28:00,17:45:00
22099,1478722502,11/9/2016 12:00:00 AM,10:15:02,777.55,61.0,30.47,40.0,320.94,10.12,06:28:00,17:45:00
22100,1478722211,11/9/2016 12:00:00 AM,10:10:11,765.7,60.0,30.47,41.0,321.17,12.37,06:28:00,17:45:00
22101,1478721901,11/9/2016 12:00:00 AM,10:05:01,754.09,60.0,30.47,41.0,312.44,7.87,06:28:00,17:45:00
22102,1478721606,11/9/2016 12:00:00 AM,10:00:06,741.78,60.0,30.47,43.0,325.34,4.5,06:28:00,17:45:00
22103,1478721301,11/9/2016 12:00:00 AM,09:55:01,728.64,59.0,30.47,42.0,3.01,4.5,06:28:00,17:45:00
22104,1478721002,11/9/2016 12:00:00 AM,09:50:02,716.28,59.0,30.47,43.0,357.34,1.12,06:28:00,17:45:00
22105,1478720702,11/9/2016 12:00:00 AM,09:45:02,701.61,59.0,30.47,43.0,317.69,5.62,06:28:00,17:45:00
22106,1478720402,11/9/2016 12:00:00 AM,09:40:02,691.2,59.0,30.47,44.0,322.71,7.87,06:28:00,17:45:00
22107,1478720107,11/9/2016 12:00:00 AM,09:35:07,675.86,59.0,30.47,44.0,312.67,3.37,06:28:00,17:45:00
22108,1478719802,11/9/2016 12:00:00 AM,09:30:02,661.08,58.0,30.47,44.0,349.44,4.5,06:28:00,17:45:00
22109,1478719504,11/9/2016 12:00:00 AM,09:25:04,643.58,58.0,30.47,44.0,353.82,3.37,06:28:00,17:45:00
22110,1478719205,11/9/2016 12:00:00 AM,09:20:05,627.32,58.0,30.47,45.0,359.89,2.25,06:28:00,17:45:00
22111,1478718902,11/9/2016 12:00:00 AM,09:15:02,612.0,57.0,30.47,45.0,313.95,4.5,06:28:00,17:45:00
22112,1478718601,11/9/2016 12:00:00 AM,09:10:01,600.94,57.0,30.46,47.0,322.86,2.25,06:28:00,17:45:00
22113,1478718302,11/9/2016 12:00:00 AM,09:05:02,582.27,56.0,30.46,49.0,333.27,3.37,06:28:00,17:45:00
22114,1478718002,11/9/2016 12:00:00 AM,09:00:02,562.64,56.0,30.46,48.0,337.08,1.12,06:28:00,17:45:00
22115,1478717702,11/9/2016 12:00:00 AM,08:55:02,542.45,55.0,30.46,50.0,337.08,3.37,06:28:00,17:45:00
22116,1478717401,11/9/2016 12:00:00 AM,08:50:01,524.18,54.0,30.46,51.0,337.08,0.0,06:28:00,17:45:00
22117,1478717102,11/9/2016 12:00:00 AM,08:45:02,507.33,54.0,30.46,51.0,337.08,2.25,06:28:00,17:45:00
22118,1478716805,11/9/2016 12:00:00 AM,08:40:05,484.33,54.0,30.46,51.0,337.08,2.25,06:28:00,17:45:00
22119,1478716503,11/9/2016 12:00:00 AM,08:35:03,459.4,54.0,30.46,52.0,337.17,3.37,06:28:00,17:45:00
22120,1478716201,11/9/2016 12:00:00 AM,08:30:01,443.8,54.0,30.45,52.0,345.5,3.37,06:28:00,17:45:00
22121,1478715905,11/9/2016 12:00:00 AM,08:25:05,427.93,54.0,30.45,53.0,328.85,3.37,06:28:00,17:45:00
22122,1478715602,11/9/2016 12:00:00 AM,08:20:02,405.37,54.0,30.45,54.0,328.84,0.0,06:28:00,17:45:00
22123,1478715302,11/9/2016 12:00:00 AM,08:15:02,386.37,53.0,30.45,56.0,328.85,2.25,06:28:00,17:45:00
22124,1478715002,11/9/2016 12:00:00 AM,08:10:02,372.66,53.0,30.45,54.0,330.0,0.0,06:28:00,17:45:00
22125,1478714702,11/9/2016 12:00:00 AM,08:05:02,354.01,53.0,30.45,56.0,328.66,2.25,06:28:00,17:45:00
22126,1478714405,11/9/2016 12:00:00 AM,08:00:05,334.14,51.0,30.45,55.0,176.55,1.12,06:28:00,17:45:00
22127,1478714101,11/9/2016 12:00:00 AM,07:55:01,310.96,50.0,30.45,57.0,176.55,2.25,06:28:00,17:45:00
22128,1478713802,11/9/2016 12:00:00 AM,07:50:02,290.22,49.0,30.44,58.0,176.68,2.25,06:28:00,17:45:00
22129,1478713508,11/9/2016 12:00:00 AM,07:45:08,264.29,48.0,30.44,59.0,176.69,2.25,06:28:00,17:45:00
22130,1478713204,11/9/2016 12:00:00 AM,07:40:04,57.33,47.0,30.44,59.0,176.68,3.37,06:28:00,17:45:00
22131,1478712904,11/9/2016 12:00:00 AM,07:35:04,32.0,47.0,30.44,58.0,176.68,5.62,06:28:00,17:45:00
22132,1478712605,11/9/2016 12:00:00 AM,07:30:05,29.31,47.0,30.44,58.0,173.87,4.5,06:28:00,17:45:00
22133,1478712302,11/9/2016 12:00:00 AM,07:25:02,28.27,46.0,30.44,60.0,174.43,4.5,06:28:00,17:45:00
22134,1478712002,11/9/2016 12:00:00 AM,07:20:02,27.16,46.0,30.44,60.0,173.68,3.37,06:28:00,17:45:00
22135,1478711705,11/9/2016 12:00:00 AM,07:15:05,25.93,46.0,30.44,60.0,173.81,4.5,06:28:00,17:45:00
22136,1478711402,11/9/2016 12:00:00 AM,07:10:02,24.41,45.0,30.44,58.0,170.54,5.62,06:28:00,17:45:00
22137,1478711102,11/9/2016 12:00:00 AM,07:05:02,22.95,45.0,30.43,57.0,179.66,5.62,06:28:00,17:45:00
22138,1478710802,11/9/2016 12:00:00 AM,07:00:02,21.22,45.0,30.43,56.0,177.59,6.75,06:28:00,17:45:00
22139,1478710504,11/9/2016 12:00:00 AM,06:55:04,19.19,45.0,30.43,57.0,181.05,6.75,06:28:00,17:45:00
22140,1478710204,11/9/2016 12:00:00 AM,06:50:04,17.0,45.0,30.43,64.0,181.07,6.75,06:28:00,17:45:00
22141,1478709908,11/9/2016 12:00:00 AM,06:45:08,14.65,45.0,30.43,63.0,187.07,7.87,06:28:00,17:45:00
22142,1478709602,11/9/2016 12:00:00 AM,06:40:02,12.12,44.0,30.43,63.0,188.87,7.87,06:28:00,17:45:00
22143,1478709301,11/9/2016 12:00:00 AM,06:35:01,9.26,44.0,30.43,65.0,203.46,5.62,06:28:00,17:45:00
22144,1478709008,11/9/2016 12:00:00 AM,06:30:08,6.19,45.0,30.43,61.0,204.88,4.5,06:28:00,17:45:00
22145,1478708702,11/9/2016 12:00:00 AM,06:25:02,4.56,45.0,30.43,58.0,204.54,5.62,06:28:00,17:45:00
22146,1478708401,11/9/2016 12:00:00 AM,06:20:01,3.91,45.0,30.43,57.0,240.99,2.25,06:28:00,17:45:00
22147,1478708101,11/9/2016 12:00:00 AM,06:15:01,2.18,45.0,30.42,59.0,188.8,6.75,06:28:00,17:45:00
22148,1478707804,11/9/2016 12:00:00 AM,06:10:04,1.23,45.0,30.42,61.0,191.28,5.62,06:28:00,17:45:00
22149,1478707505,11/9/2016 12:00:00 AM,06:05:05,1.18,45.0,30.42,60.0,187.47,7.87,06:28:00,17:45:00
22150,1478707201,11/9/2016 12:00:00 AM,06:00:01,1.2,44.0,30.42,58.0,192.14,6.75,06:28:00,17:45:00
22151,1478706904,11/9/2016 12:00:00 AM,05:55:04,1.19,44.0,30.42,59.0,183.75,7.87,06:28:00,17:45:00
22152,1478706601,11/9/2016 12:00:00 AM,05:50:01,1.22,44.0,30.41,62.0,177.53,7.87,06:28:00,17:45:00
22153,1478706304,11/9/2016 12:00:00 AM,05:45:04,1.24,44.0,30.41,67.0,187.6,6.75,06:28:00,17:45:00
22154,1478706002,11/9/2016 12:00:00 AM,05:40:02,1.22,44.0,30.41,69.0,189.65,6.75,06:28:00,17:45:00
22155,1478705702,11/9/2016 12:00:00 AM,05:35:02,1.2,44.0,30.41,68.0,184.18,6.75,06:28:00,17:45:00
22156,1478705402,11/9/2016 12:00:00 AM,05:30:02,1.21,44.0,30.41,69.0,181.07,5.62,06:28:00,17:45:00
22157,1478705102,11/9/2016 12:00:00 AM,05:25:02,1.2,44.0,30.41,68.0,177.76,6.75,06:28:00,17:45:00
22158,1478704802,11/9/2016 12:00:00 AM,05:20:02,1.2,44.0,30.4,68.0,178.59,6.75,06:28:00,17:45:00
22159,1478704502,11/9/2016 12:00:00 AM,05:15:02,1.21,44.0,30.4,66.0,178.55,4.5,06:28:00,17:45:00
22160,1478704201,11/9/2016 12:00:00 AM,05:10:01,1.23,44.0,30.4,65.0,178.49,4.5,06:28:00,17:45:00
22161,1478703902,11/9/2016 12:00:00 AM,05:05:02,1.23,44.0,30.4,64.0,178.5,4.5,06:28:00,17:45:00
22162,1478703602,11/9/2016 12:00:00 AM,05:00:02,1.21,44.0,30.4,64.0,178.57,6.75,06:28:00,17:45:00
22163,1478703302,11/9/2016 12:00:00 AM,04:55:02,1.2,44.0,30.4,63.0,176.89,7.87,06:28:00,17:45:00
22164,1478703005,11/9/2016 12:00:00 AM,04:50:05,1.23,44.0,30.4,65.0,176.37,6.75,06:28:00,17:45:00
22165,1478702701,11/9/2016 12:00:00 AM,04:45:01,1.21,45.0,30.4,66.0,186.26,5.62,06:28:00,17:45:00
22166,1478702402,11/9/2016 12:00:00 AM,04:40:02,1.19,45.0,30.4,70.0,181.18,7.87,06:28:00,17:45:00
22167,1478702105,11/9/2016 12:00:00 AM,04:35:05,1.19,44.0,30.4,70.0,181.24,7.87,06:28:00,17:45:00
22168,1478701801,11/9/2016 12:00:00 AM,04:30:01,1.23,44.0,30.4,70.0,179.31,10.12,06:28:00,17:45:00
22169,1478701502,11/9/2016 12:00:00 AM,04:25:02,1.2,44.0,30.4,70.0,184.98,7.87,06:28:00,17:45:00
22170,1478701202,11/9/2016 12:00:00 AM,04:20:02,1.18,45.0,30.4,70.0,183.44,7.87,06:28:00,17:45:00
22171,1478700902,11/9/2016 12:00:00 AM,04:15:02,1.19,45.0,30.4,71.0,192.22,5.62,06:28:00,17:45:00
22172,1478700601,11/9/2016 12:00:00 AM,04:10:01,1.26,45.0,30.4,69.0,191.17,6.75,06:28:00,17:45:00
22173,1478700307,11/9/2016 12:00:00 AM,04:05:07,1.22,45.0,30.4,71.0,191.64,5.62,06:28:00,17:45:00
22174,1478700005,11/9/2016 12:00:00 AM,04:00:05,1.23,44.0,30.4,70.0,190.94,6.75,06:28:00,17:45:00
22175,1478699704,11/9/2016 12:00:00 AM,03:55:04,1.23,44.0,30.4,69.0,191.49,6.75,06:28:00,17:45:00
22176,1478699411,11/9/2016 12:00:00 AM,03:50:11,1.2,44.0,30.4,68.0,188.72,6.75,06:28:00,17:45:00
22177,1478699102,11/9/2016 12:00:00 AM,03:45:02,1.22,44.0,30.4,69.0,184.06,7.87,06:28:00,17:45:00
22178,1478698801,11/9/2016 12:00:00 AM,03:40:01,1.19,44.0,30.4,71.0,181.06,6.75,06:28:00,17:45:00
22179,1478698501,11/9/2016 12:00:00 AM,03:35:01,1.21,44.0,30.4,71.0,189.05,5.62,06:28:00,17:45:00
22180,1478698203,11/9/2016 12:00:00 AM,03:30:03,1.22,44.0,30.4,73.0,188.48,6.75,06:28:00,17:45:00
22181,1478697902,11/9/2016 12:00:00 AM,03:25:02,1.21,44.0,30.4,76.0,190.65,7.87,06:28:00,17:45:00
22182,1478697603,11/9/2016 12:00:00 AM,03:20:03,1.19,44.0,30.4,78.0,188.54,5.62,06:28:00,17:45:00
22183,1478697305,11/9/2016 12:00:00 AM,03:15:05,1.2,44.0,30.4,78.0,189.06,6.75,06:28:00,17:45:00
22184,1478697002,11/9/2016 12:00:00 AM,03:10:02,1.22,44.0,30.4,77.0,189.15,4.5,06:28:00,17:45:00
22185,1478696702,11/9/2016 12:00:00 AM,03:05:02,1.18,44.0,30.4,76.0,189.68,4.5,06:28:00,17:45:00
22186,1478696404,11/9/2016 12:00:00 AM,03:00:04,1.22,45.0,30.4,74.0,189.58,5.62,06:28:00,17:45:00
22187,1478696104,11/9/2016 12:00:00 AM,02:55:04,1.18,45.0,30.4,73.0,189.6,5.62,06:28:00,17:45:00
22188,1478695802,11/9/2016 12:00:00 AM,02:50:02,1.24,45.0,30.4,75.0,190.32,6.75,06:28:00,17:45:00
22189,1478695502,11/9/2016 12:00:00 AM,02:45:02,1.21,45.0,30.4,74.0,185.05,6.75,06:28:00,17:45:00
22190,1478695204,11/9/2016 12:00:00 AM,02:40:04,1.23,45.0,30.4,77.0,182.82,7.87,06:28:00,17:45:00
22191,1478694904,11/9/2016 12:00:00 AM,02:35:04,1.23,45.0,30.41,77.0,185.04,6.75,06:28:00,17:45:00
22192,1478694601,11/9/2016 12:00:00 AM,02:30:01,1.25,45.0,30.41,78.0,180.43,6.75,06:28:00,17:45:00
22193,1478694302,11/9/2016 12:00:00 AM,02:25:02,1.21,45.0,30.41,77.0,189.22,9.0,06:28:00,17:45:00
22194,1478694004,11/9/2016 12:00:00 AM,02:20:04,1.23,45.0,30.41,78.0,187.55,6.75,06:28:00,17:45:00
22195,1478693702,11/9/2016 12:00:00 AM,02:15:02,1.24,45.0,30.41,80.0,194.26,6.75,06:28:00,17:45:00
22196,1478693402,11/9/2016 12:00:00 AM,02:10:02,1.22,45.0,30.41,82.0,184.21,4.5,06:28:00,17:45:00
22197,1478693102,11/9/2016 12:00:00 AM,02:05:02,1.21,45.0,30.41,80.0,178.96,4.5,06:28:00,17:45:00
22198,1478692802,11/9/2016 12:00:00 AM,02:00:02,1.22,45.0,30.41,81.0,181.77,2.25,06:28:00,17:45:00
22199,1478692505,11/9/2016 12:00:00 AM,01:55:05,1.22,45.0,30.42,80.0,184.7,5.62,06:28:00,17:45:00
22200,1478692204,11/9/2016 12:00:00 AM,01:50:04,1.23,45.0,30.41,81.0,184.66,5.62,06:28:00,17:45:00
22201,1478691902,11/9/2016 12:00:00 AM,01:45:02,1.22,45.0,30.42,81.0,181.45,5.62,06:28:00,17:45:00
22202,1478691606,11/9/2016 12:00:00 AM,01:40:06,1.22,45.0,30.42,81.0,177.31,6.75,06:28:00,17:45:00
22203,1478691304,11/9/2016 12:00:00 AM,01:35:04,1.22,51.16507236474315,30.42,81.0,185.43,6.75,06:28:00,17:45:00
22204,1478691005,11/9/2016 12:00:00 AM,01:30:05,1.18,45.0,30.42,81.0,184.77,7.87,06:28:00,17:45:00
22205,1478690702,11/9/2016 12:00:00 AM,01:25:02,1.23,45.0,30.42,82.0,183.46,7.87,06:28:00,17:45:00
22206,1478690402,11/9/2016 12:00:00 AM,01:20:02,1.19,45.0,30.42,84.0,190.26,6.75,06:28:00,17:45:00
22207,1478690105,11/9/2016 12:00:00 AM,01:15:05,1.23,45.0,30.42,84.0,183.02,6.75,06:28:00,17:45:00
22208,1478689801,11/9/2016 12:00:00 AM,01:10:01,1.22,45.0,30.42,85.0,190.77,7.87,06:28:00,17:45:00
22209,1478689501,11/9/2016 12:00:00 AM,01:05:01,1.19,45.0,30.43,87.0,187.03,6.75,06:28:00,17:45:00
22210,1478689202,11/9/2016 12:00:00 AM,01:00:02,1.21,45.0,30.43,87.0,186.85,5.62,06:28:00,17:45:00
22211,1478688902,11/9/2016 12:00:00 AM,00:55:02,1.24,46.0,30.43,87.0,184.82,4.5,06:28:00,17:45:00
22212,1478688602,11/9/2016 12:00:00 AM,00:50:02,1.23,46.0,30.43,87.0,186.81,4.5,06:28:00,17:45:00
22213,1478688302,11/9/2016 12:00:00 AM,00:45:02,1.21,46.0,30.43,88.0,196.86,5.62,06:28:00,17:45:00
22214,1478688001,11/9/2016 12:00:00 AM,00:40:01,1.2,46.0,30.43,88.0,196.7,5.62,06:28:00,17:45:00
22215,1478687702,11/9/2016 12:00:00 AM,00:35:02,1.24,46.0,30.43,88.0,195.09,6.75,06:28:00,17:45:00
22216,1478687402,11/9/2016 12:00:00 AM,00:30:02,1.23,46.0,30.43,89.0,194.51,6.75,06:28:00,17:45:00
22217,1478687104,11/9/2016 12:00:00 AM,00:25:04,1.2,46.0,30.43,89.0,195.65,6.75,06:28:00,17:45:00
22218,1478686805,11/9/2016 12:00:00 AM,00:20:05,1.24,46.0,30.44,90.0,195.34,6.75,06:28:00,17:45:00
22219,1478686504,11/9/2016 12:00:00 AM,00:15:04,1.22,46.0,30.44,90.0,194.66,6.75,06:28:00,17:45:00
22220,1478686202,11/9/2016 12:00:00 AM,00:10:02,1.21,46.0,30.44,90.0,202.19,4.5,06:28:00,17:45:00
22221,1478685902,11/9/2016 12:00:00 AM,00:05:02,1.22,46.0,30.44,89.0,201.65,5.62,06:28:00,17:45:00
22222,1478685605,11/9/2016 12:00:00 AM,00:00:05,1.22,46.0,30.44,87.0,198.48,5.62,06:28:00,17:45:00
22223,1478685301,11/8/2016 12:00:00 AM,23:55:01,1.22,46.0,30.44,87.0,197.72,4.5,06:27:00,17:45:00
22224,1478685002,11/8/2016 12:00:00 AM,23:50:02,1.22,47.0,30.44,88.0,197.71,4.5,06:27:00,17:45:00
22225,1478684701,11/8/2016 12:00:00 AM,23:45:01,1.23,47.0,30.44,87.0,197.71,4.5,06:27:00,17:45:00
22226,1478684402,11/8/2016 12:00:00 AM,23:40:02,1.23,47.0,30.44,88.0,197.71,3.37,06:27:00,17:45:00
22227,1478684104,11/8/2016 12:00:00 AM,23:35:04,1.21,47.0,30.44,89.0,197.72,4.5,06:27:00,17:45:00
22228,1478683801,11/8/2016 12:00:00 AM,23:30:01,1.24,47.0,30.44,90.0,197.48,5.62,06:27:00,17:45:00
22229,1478683502,11/8/2016 12:00:00 AM,23:25:02,1.2,47.0,30.44,91.0,201.91,4.5,06:27:00,17:45:00
22230,1478683205,11/8/2016 12:00:00 AM,23:20:05,1.22,47.0,30.44,92.0,197.44,5.62,06:27:00,17:45:00
22231,1478682901,11/8/2016 12:00:00 AM,23:15:01,1.23,47.0,30.44,92.0,197.58,6.75,06:27:00,17:45:00
22232,1478682605,11/8/2016 12:00:00 AM,23:10:05,1.23,47.0,30.44,92.0,191.09,4.5,06:27:00,17:45:00
22233,1478682314,11/8/2016 12:00:00 AM,23:05:14,1.26,47.0,30.45,92.0,195.43,6.75,06:27:00,17:45:00
22234,1478682004,11/8/2016 12:00:00 AM,23:00:04,1.23,47.0,30.45,93.0,194.5,5.62,06:27:00,17:45:00
22235,1478681704,11/8/2016 12:00:00 AM,22:55:04,1.23,47.0,30.45,94.0,183.55,6.75,06:27:00,17:45:00
22236,1478681402,11/8/2016 12:00:00 AM,22:50:02,1.25,47.0,30.45,96.0,191.68,5.62,06:27:00,17:45:00
22237,1478681102,11/8/2016 12:00:00 AM,22:45:02,1.22,47.0,30.45,97.0,186.64,5.62,06:27:00,17:45:00
22238,1478680804,11/8/2016 12:00:00 AM,22:40:04,1.16,47.0,30.45,97.0,190.38,6.75,06:27:00,17:45:00
22239,1478680504,11/8/2016 12:00:00 AM,22:35:04,1.21,47.0,30.45,97.0,190.06,7.87,06:27:00,17:45:00
22240,1478680202,11/8/2016 12:00:00 AM,22:30:02,1.19,47.0,30.45,97.0,192.15,6.75,06:27:00,17:45:00
22241,1478679905,11/8/2016 12:00:00 AM,22:25:05,1.24,47.0,30.45,97.0,189.75,6.75,06:27:00,17:45:00
22242,1478679604,11/8/2016 12:00:00 AM,22:20:04,1.28,47.0,30.46,97.0,192.0,5.62,06:27:00,17:45:00
22243,1478679301,11/8/2016 12:00:00 AM,22:15:01,1.21,47.0,30.46,97.0,183.74,4.5,06:27:00,17:45:00
22244,1478679006,11/8/2016 12:00:00 AM,22:10:06,1.22,47.0,30.46,98.0,181.54,4.5,06:27:00,17:45:00
22245,1478678702,11/8/2016 12:00:00 AM,22:05:02,1.23,48.0,30.46,98.0,181.55,5.62,06:27:00,17:45:00
22246,1478678401,11/8/2016 12:00:00 AM,22:00:01,1.24,48.0,30.46,99.0,191.13,3.37,06:27:00,17:45:00
22247,1478678101,11/8/2016 12:00:00 AM,21:55:01,1.22,48.0,30.46,99.0,191.13,2.25,06:27:00,17:45:00
22248,1478677802,11/8/2016 12:00:00 AM,21:50:02,1.22,48.0,30.46,99.0,191.14,2.25,06:27:00,17:45:00
22249,1478677501,11/8/2016 12:00:00 AM,21:45:01,1.2,48.0,30.46,99.0,191.13,3.37,06:27:00,17:45:00
22250,1478677205,11/8/2016 12:00:00 AM,21:40:05,1.23,48.0,30.46,99.0,191.13,1.12,06:27:00,17:45:00
22251,1478676902,11/8/2016 12:00:00 AM,21:35:02,1.21,48.0,30.46,99.0,191.13,1.12,06:27:00,17:45:00
22252,1478676602,11/8/2016 12:00:00 AM,21:30:02,1.22,48.0,30.46,98.0,191.13,0.0,06:27:00,17:45:00
22253,1478676301,11/8/2016 12:00:00 AM,21:25:01,1.22,47.0,30.46,97.0,191.13,0.0,06:27:00,17:45:00
22254,1478676002,11/8/2016 12:00:00 AM,21:20:02,1.2,48.0,30.46,97.0,191.13,1.12,06:27:00,17:45:00
22255,1478675701,11/8/2016 12:00:00 AM,21:15:01,1.22,48.0,30.46,97.0,191.13,2.25,06:27:00,17:45:00
22256,1478675401,11/8/2016 12:00:00 AM,21:10:01,1.21,48.0,30.46,98.0,191.13,3.37,06:27:00,17:45:00
22257,1478675108,11/8/2016 12:00:00 AM,21:05:08,1.22,48.0,30.46,98.0,191.13,3.37,06:27:00,17:45:00
22258,1478674802,11/8/2016 12:00:00 AM,21:00:02,1.21,51.16507236474315,30.46,99.0,191.13,3.37,06:27:00,17:45:00
22259,1478674503,11/8/2016 12:00:00 AM,20:55:03,1.24,49.0,30.46,99.0,191.18,3.37,06:27:00,17:45:00
22260,1478674207,11/8/2016 12:00:00 AM,20:50:07,1.25,49.0,30.46,100.0,188.42,4.5,06:27:00,17:45:00
22261,1478673902,11/8/2016 12:00:00 AM,20:45:02,1.21,49.0,30.46,100.0,195.19,6.75,06:27:00,17:45:00
22262,1478673602,11/8/2016 12:00:00 AM,20:40:02,1.23,49.0,30.46,100.0,192.26,6.75,06:27:00,17:45:00
22263,1478673304,11/8/2016 12:00:00 AM,20:35:04,1.25,49.0,30.46,100.0,198.4,4.5,06:27:00,17:45:00
22264,1478673002,11/8/2016 12:00:00 AM,20:30:02,1.2,49.0,30.46,99.0,200.35,3.37,06:27:00,17:45:00
22265,1478672702,11/8/2016 12:00:00 AM,20:25:02,1.23,48.0,30.46,99.0,205.16,2.25,06:27:00,17:45:00
22266,1478672401,11/8/2016 12:00:00 AM,20:20:01,1.25,48.0,30.46,99.0,220.98,1.12,06:27:00,17:45:00
22267,1478672105,11/8/2016 12:00:00 AM,20:15:05,1.22,48.0,30.46,98.0,220.98,3.37,06:27:00,17:45:00
22268,1478671802,11/8/2016 12:00:00 AM,20:10:02,1.22,48.0,30.46,98.0,221.02,2.25,06:27:00,17:45:00
22269,1478671501,11/8/2016 12:00:00 AM,20:05:01,1.23,48.0,30.46,97.0,250.58,2.25,06:27:00,17:45:00
22270,1478671203,11/8/2016 12:00:00 AM,20:00:03,1.22,48.0,30.45,96.0,3.18,1.12,06:27:00,17:45:00
22271,1478670901,11/8/2016 12:00:00 AM,19:55:01,1.22,48.0,30.45,94.0,3.2,0.0,06:27:00,17:45:00
22272,1478670602,11/8/2016 12:00:00 AM,19:50:02,1.22,48.0,30.45,86.0,134.16,1.12,06:27:00,17:45:00
22273,1478670302,11/8/2016 12:00:00 AM,19:45:02,1.25,48.0,30.45,86.0,132.73,1.12,06:27:00,17:45:00
22274,1478670006,11/8/2016 12:00:00 AM,19:40:06,1.2,48.0,30.45,86.0,132.35,2.25,06:27:00,17:45:00
22275,1478669701,11/8/2016 12:00:00 AM,19:35:01,1.23,48.0,30.44,86.0,122.19,2.25,06:27:00,17:45:00
22276,1478669401,11/8/2016 12:00:00 AM,19:30:01,1.24,49.0,30.44,88.0,116.96,1.12,06:27:00,17:45:00
22277,1478669102,11/8/2016 12:00:00 AM,19:25:02,1.22,48.0,30.44,89.0,116.93,0.0,06:27:00,17:45:00
22278,1478668802,11/8/2016 12:00:00 AM,19:20:02,1.24,48.0,30.44,89.0,116.74,1.12,06:27:00,17:45:00
22279,1478668504,11/8/2016 12:00:00 AM,19:15:04,1.21,48.0,30.44,89.0,157.69,3.37,06:27:00,17:45:00
22280,1478668201,11/8/2016 12:00:00 AM,19:10:01,1.21,48.0,30.44,87.0,159.32,2.25,06:27:00,17:45:00
22281,1478667903,11/8/2016 12:00:00 AM,19:05:03,1.26,49.0,30.44,86.0,159.33,2.25,06:27:00,17:45:00
22282,1478667604,11/8/2016 12:00:00 AM,19:00:04,1.24,49.0,30.43,86.0,159.33,3.37,06:27:00,17:45:00
22283,1478667303,11/8/2016 12:00:00 AM,18:55:03,1.22,49.0,30.43,87.0,133.87,3.37,06:27:00,17:45:00
22284,1478667005,11/8/2016 12:00:00 AM,18:50:05,1.24,49.0,30.43,88.0,128.72,2.25,06:27:00,17:45:00
22285,1478666704,11/8/2016 12:00:00 AM,18:45:04,1.2,49.0,30.43,90.0,163.27,2.25,06:27:00,17:45:00
22286,1478666408,11/8/2016 12:00:00 AM,18:40:08,1.22,49.0,30.43,91.0,79.14,3.37,06:27:00,17:45:00
22287,1478666101,11/8/2016 12:00:00 AM,18:35:01,1.21,49.0,30.43,93.0,52.66,2.25,06:27:00,17:45:00
22288,1478665801,11/8/2016 12:00:00 AM,18:30:01,1.21,50.0,30.43,94.0,52.66,1.12,06:27:00,17:45:00
22289,1478665502,11/8/2016 12:00:00 AM,18:25:02,1.2,50.0,30.42,96.0,52.66,2.25,06:27:00,17:45:00
22290,1478665202,11/8/2016 12:00:00 AM,18:20:02,1.24,51.0,30.42,96.0,18.76,2.25,06:27:00,17:45:00
22291,1478664904,11/8/2016 12:00:00 AM,18:15:04,1.24,51.0,30.42,97.0,18.74,2.25,06:27:00,17:45:00
22292,1478664602,11/8/2016 12:00:00 AM,18:10:02,1.23,52.0,30.42,98.0,18.74,1.12,06:27:00,17:45:00
22293,1478664302,11/8/2016 12:00:00 AM,18:05:02,1.21,52.0,30.42,98.0,18.74,0.0,06:27:00,17:45:00
22294,1478664002,11/8/2016 12:00:00 AM,18:00:02,1.2,52.0,30.41,98.0,18.74,0.0,06:27:00,17:45:00
22295,1478663707,11/8/2016 12:00:00 AM,17:55:07,1.53,52.0,30.41,98.0,18.74,0.0,06:27:00,17:45:00
22296,1478663402,11/8/2016 12:00:00 AM,17:50:02,3.19,52.0,30.41,98.0,18.74,0.0,06:27:00,17:45:00
22297,1478663102,11/8/2016 12:00:00 AM,17:45:02,5.65,53.0,30.41,99.0,18.74,0.0,06:27:00,17:45:00
22298,1478662802,11/8/2016 12:00:00 AM,17:40:02,8.46,53.0,30.41,99.0,18.75,0.0,06:27:00,17:45:00
22299,1478662505,11/8/2016 12:00:00 AM,17:35:05,12.85,53.0,30.41,99.0,18.48,1.12,06:27:00,17:45:00
22300,1478662202,11/8/2016 12:00:00 AM,17:30:02,18.1,53.0,30.41,99.0,18.48,0.0,06:27:00,17:45:00
22301,1478661902,11/8/2016 12:00:00 AM,17:25:02,23.27,53.0,30.41,99.0,18.45,1.12,06:27:00,17:45:00
22302,1478661604,11/8/2016 12:00:00 AM,17:20:04,27.84,53.0,30.41,74.83719267708949,18.44,0.0,06:27:00,17:45:00
22303,1478661304,11/8/2016 12:00:00 AM,17:15:04,33.39,53.0,30.41,99.0,18.45,0.0,06:27:00,17:45:00
22304,1478661002,11/8/2016 12:00:00 AM,17:10:02,36.77,53.0,30.41,99.0,18.47,2.25,06:27:00,17:45:00
22305,1478660702,11/8/2016 12:00:00 AM,17:05:02,37.0,53.0,30.41,99.0,16.93,3.37,06:27:00,17:45:00
22306,1478660402,11/8/2016 12:00:00 AM,17:00:02,33.34,53.0,30.41,99.0,24.29,2.25,06:27:00,17:45:00
22307,1478660102,11/8/2016 12:00:00 AM,16:55:02,30.62,53.0,30.4,99.0,52.52,2.25,06:27:00,17:45:00
22308,1478659805,11/8/2016 12:00:00 AM,16:50:05,38.96,53.0,30.4,99.0,2.83,3.37,06:27:00,17:45:00
22309,1478659502,11/8/2016 12:00:00 AM,16:45:02,44.09,53.0,30.4,99.0,18.45,2.25,06:27:00,17:45:00
22310,1478659201,11/8/2016 12:00:00 AM,16:40:01,35.83,53.0,30.4,99.0,34.03,2.25,06:27:00,17:45:00
22311,1478658904,11/8/2016 12:00:00 AM,16:35:04,25.57,54.0,30.4,98.0,27.16,2.25,06:27:00,17:45:00
22312,1478658605,11/8/2016 12:00:00 AM,16:30:05,30.3,54.0,30.4,98.0,24.52,4.5,06:27:00,17:45:00
22313,1478658304,11/8/2016 12:00:00 AM,16:25:04,48.89,54.0,30.4,97.0,37.41,4.5,06:27:00,17:45:00
22314,1478658001,11/8/2016 12:00:00 AM,16:20:01,22.71,54.0,30.4,97.0,143.54770303349548,5.62,06:27:00,17:45:00
22315,1478657706,11/8/2016 12:00:00 AM,16:15:06,27.92,54.0,30.4,96.0,30.53,2.25,06:27:00,17:45:00
22316,1478657404,11/8/2016 12:00:00 AM,16:10:04,43.33,54.0,30.4,95.0,37.09,3.37,06:27:00,17:45:00
22317,1478657101,11/8/2016 12:00:00 AM,16:05:01,34.77,54.0,30.39,96.0,52.33,2.25,06:27:00,17:45:00
22318,1478656802,11/8/2016 12:00:00 AM,16:00:02,37.67,54.0,30.39,95.0,71.05,3.37,06:27:00,17:45:00
22319,1478656501,11/8/2016 12:00:00 AM,15:55:01,38.19,54.0,30.39,95.0,35.87,3.37,06:27:00,17:45:00
22320,1478656207,11/8/2016 12:00:00 AM,15:50:07,35.59,55.0,30.39,94.0,4.07,5.62,06:27:00,17:45:00
22321,1478655905,11/8/2016 12:00:00 AM,15:45:05,43.71,55.0,30.39,93.0,40.7,5.62,06:27:00,17:45:00
22322,1478655602,11/8/2016 12:00:00 AM,15:40:02,39.76,55.0,30.39,92.0,2.66,4.5,06:27:00,17:45:00
22323,1478655302,11/8/2016 12:00:00 AM,15:35:02,59.47,56.0,30.39,91.0,21.07,6.75,06:27:00,17:45:00
22324,1478655002,11/8/2016 12:00:00 AM,15:30:02,88.39,56.0,30.39,90.0,29.48,6.75,06:27:00,17:45:00
22325,1478654704,11/8/2016 12:00:00 AM,15:25:04,116.7,56.0,30.39,90.0,25.53,3.37,06:27:00,17:45:00
22326,1478654402,11/8/2016 12:00:00 AM,15:20:02,100.29,56.0,30.39,90.0,359.91,6.75,06:27:00,17:45:00
22327,1478654106,11/8/2016 12:00:00 AM,15:15:06,102.25,56.0,30.39,88.0,7.2,2.25,06:27:00,17:45:00
22328,1478653801,11/8/2016 12:00:00 AM,15:10:01,143.19,56.0,30.39,88.0,0.1,5.62,06:27:00,17:45:00
22329,1478653501,11/8/2016 12:00:00 AM,15:05:01,188.38,56.0,30.39,88.0,56.03,3.37,06:27:00,17:45:00
22330,1478653202,11/8/2016 12:00:00 AM,15:00:02,218.02,56.0,30.39,88.0,15.67,4.5,06:27:00,17:45:00
22331,1478652906,11/8/2016 12:00:00 AM,14:55:06,198.68,57.0,30.39,87.0,32.26,5.62,06:27:00,17:45:00
22332,1478652604,11/8/2016 12:00:00 AM,14:50:04,234.38,57.0,30.39,88.0,336.49,3.37,06:27:00,17:45:00
22333,1478652305,11/8/2016 12:00:00 AM,14:45:05,203.28,56.0,30.39,87.0,63.08,3.37,06:27:00,17:45:00
22334,1478652002,11/8/2016 12:00:00 AM,14:40:02,159.88,57.0,30.39,87.0,26.05,4.5,06:27:00,17:45:00
22335,1478651701,11/8/2016 12:00:00 AM,14:35:01,123.7,57.0,30.39,86.0,52.45,1.12,06:27:00,17:45:00
22336,1478651405,11/8/2016 12:00:00 AM,14:30:05,128.61,57.0,30.39,85.0,15.28,4.5,06:27:00,17:45:00
22337,1478651114,11/8/2016 12:00:00 AM,14:25:14,148.92,57.0,30.39,87.0,43.74,5.62,06:27:00,17:45:00
22338,1478650801,11/8/2016 12:00:00 AM,14:20:01,176.56,57.0,30.39,85.0,21.79,2.25,06:27:00,17:45:00
22339,1478650505,11/8/2016 12:00:00 AM,14:15:05,145.57,57.0,30.39,86.0,17.96,3.37,06:27:00,17:45:00
22340,1478650202,11/8/2016 12:00:00 AM,14:10:02,164.42,57.0,30.39,86.0,23.15,4.5,06:27:00,17:45:00
22341,1478649902,11/8/2016 12:00:00 AM,14:05:02,284.83,58.0,30.39,86.0,37.44,4.5,06:27:00,17:45:00
22342,1478649604,11/8/2016 12:00:00 AM,14:00:04,275.46,57.0,30.39,87.0,53.94,3.37,06:27:00,17:45:00
22343,1478649304,11/8/2016 12:00:00 AM,13:55:04,221.22,57.0,30.39,86.0,0.14,4.5,06:27:00,17:45:00
22344,1478649002,11/8/2016 12:00:00 AM,13:50:02,184.43,57.0,30.39,86.0,38.78,4.5,06:27:00,17:45:00
22345,1478648705,11/8/2016 12:00:00 AM,13:45:05,231.15,58.0,30.39,85.0,39.08,2.25,06:27:00,17:45:00
22346,1478648402,11/8/2016 12:00:00 AM,13:40:02,171.99,58.0,30.39,85.0,59.79,7.87,06:27:00,17:45:00
22347,1478648102,11/8/2016 12:00:00 AM,13:35:02,155.55,59.0,30.4,83.0,37.68,4.5,06:27:00,17:45:00
22348,1478647804,11/8/2016 12:00:00 AM,13:30:04,229.61,59.0,30.4,83.0,22.34,7.87,06:27:00,17:45:00
22349,1478647502,11/8/2016 12:00:00 AM,13:25:02,332.57,59.0,30.4,82.0,5.43,5.62,06:27:00,17:45:00
22350,1478647202,11/8/2016 12:00:00 AM,13:20:02,488.45,59.0,30.4,82.0,359.91,2.25,06:27:00,17:45:00
22351,1478646901,11/8/2016 12:00:00 AM,13:15:01,469.07,59.0,30.4,81.0,0.1,5.62,06:27:00,17:45:00
22352,1478646604,11/8/2016 12:00:00 AM,13:10:04,1058.99,59.0,30.4,81.0,27.19,6.75,06:27:00,17:45:00
22353,1478646304,11/8/2016 12:00:00 AM,13:05:04,271.45,60.0,30.41,82.0,19.9,10.12,06:27:00,17:45:00
22354,1478646003,11/8/2016 12:00:00 AM,13:00:03,1008.43,59.0,30.41,81.0,41.88,4.5,06:27:00,17:45:00
22355,1478645702,11/8/2016 12:00:00 AM,12:55:02,309.53,59.0,30.41,78.0,345.38,7.87,06:27:00,17:45:00
22356,1478645402,11/8/2016 12:00:00 AM,12:50:02,279.96,59.0,30.41,80.0,359.93,4.5,06:27:00,17:45:00
22357,1478645101,11/8/2016 12:00:00 AM,12:45:01,311.98,60.0,30.41,78.0,0.12,9.0,06:27:00,17:45:00
22358,1478644804,11/8/2016 12:00:00 AM,12:40:04,304.63,60.0,30.41,75.0,0.1,7.87,06:27:00,17:45:00
22359,1478644505,11/8/2016 12:00:00 AM,12:35:05,303.5,62.0,30.41,72.0,32.39,7.87,06:27:00,17:45:00
22360,1478644202,11/8/2016 12:00:00 AM,12:30:02,254.99,63.0,30.41,64.0,13.46,11.25,06:27:00,17:45:00
22361,1478643902,11/8/2016 12:00:00 AM,12:25:02,901.69,62.0,30.41,63.0,319.23,6.75,06:27:00,17:45:00
22362,1478643602,11/8/2016 12:00:00 AM,12:20:02,921.88,62.0,30.42,60.0,6.47,1.12,06:27:00,17:45:00
22363,1478643304,11/8/2016 12:00:00 AM,12:15:04,882.77,63.0,30.42,63.0,16.0,7.87,06:27:00,17:45:00
22364,1478643002,11/8/2016 12:00:00 AM,12:10:02,881.36,62.0,30.42,57.0,359.93,1.12,06:27:00,17:45:00
22365,1478642702,11/8/2016 12:00:00 AM,12:05:02,890.51,63.0,30.42,62.0,359.93,4.5,06:27:00,17:45:00
22366,1478642401,11/8/2016 12:00:00 AM,12:00:01,898.74,62.0,30.42,59.0,51.41,4.5,06:27:00,17:45:00
22367,1478642102,11/8/2016 12:00:00 AM,11:55:02,892.33,62.0,30.42,59.0,348.15,3.37,06:27:00,17:45:00
22368,1478641801,11/8/2016 12:00:00 AM,11:50:01,881.2,63.0,30.43,58.0,20.84,7.87,06:27:00,17:45:00
22369,1478641501,11/8/2016 12:00:00 AM,11:45:01,875.68,63.0,30.42,54.0,318.27,5.62,06:27:00,17:45:00
22370,1478641202,11/8/2016 12:00:00 AM,11:40:02,894.66,62.0,30.43,58.0,352.69,7.87,06:27:00,17:45:00
22371,1478640902,11/8/2016 12:00:00 AM,11:35:02,865.53,62.0,30.43,56.0,359.92,4.5,06:27:00,17:45:00
22372,1478640601,11/8/2016 12:00:00 AM,11:30:01,879.57,61.0,30.43,56.0,327.43,6.75,06:27:00,17:45:00
22373,1478640305,11/8/2016 12:00:00 AM,11:25:05,872.46,60.0,30.43,58.0,336.47,2.25,06:27:00,17:45:00
22374,1478640002,11/8/2016 12:00:00 AM,11:20:02,877.06,60.0,30.43,59.0,337.29,6.75,06:27:00,17:45:00
22375,1478639702,11/8/2016 12:00:00 AM,11:15:02,878.11,60.0,30.43,59.0,309.17,4.5,06:27:00,17:45:00
22376,1478639401,11/8/2016 12:00:00 AM,11:10:01,864.44,60.0,30.43,62.0,359.93,5.62,06:27:00,17:45:00
22377,1478639101,11/8/2016 12:00:00 AM,11:05:01,858.47,60.0,30.44,60.0,0.13,2.25,06:27:00,17:45:00
22378,1478638802,11/8/2016 12:00:00 AM,11:00:02,847.64,60.0,30.44,60.0,339.03,4.5,06:27:00,17:45:00
22379,1478638505,11/8/2016 12:00:00 AM,10:55:05,833.46,60.0,30.44,61.0,76.15,3.37,06:27:00,17:45:00
22380,1478638201,11/8/2016 12:00:00 AM,10:50:01,803.12,59.0,30.44,63.0,18.86,9.0,06:27:00,17:45:00
22381,1478637903,11/8/2016 12:00:00 AM,10:45:03,762.26,59.0,30.44,62.0,9.8,3.37,06:27:00,17:45:00
22382,1478637603,11/8/2016 12:00:00 AM,10:40:03,803.14,59.0,30.44,60.0,336.47,6.75,06:27:00,17:45:00
22383,1478637307,11/8/2016 12:00:00 AM,10:35:07,784.52,59.0,30.44,61.0,102.92,5.62,06:27:00,17:45:00
22384,1478637001,11/8/2016 12:00:00 AM,10:30:01,783.63,59.0,30.44,61.0,17.51,2.25,06:27:00,17:45:00
22385,1478636702,11/8/2016 12:00:00 AM,10:25:02,787.87,51.16507236474315,30.45,58.0,8.71,5.62,06:27:00,17:45:00
22386,1478636404,11/8/2016 12:00:00 AM,10:20:04,799.48,59.0,30.44,55.0,23.33,2.25,06:27:00,17:45:00
22387,1478636102,11/8/2016 12:00:00 AM,10:15:02,780.53,59.0,30.44,54.0,0.19,3.37,06:27:00,17:45:00
22388,1478635802,11/8/2016 12:00:00 AM,10:10:02,752.33,59.0,30.45,54.0,359.93,2.25,06:27:00,17:45:00
22389,1478635501,11/8/2016 12:00:00 AM,10:05:01,747.62,58.0,30.45,50.0,12.56,1.12,06:27:00,17:45:00
22390,1478635201,11/8/2016 12:00:00 AM,10:00:01,744.41,58.0,30.45,52.0,17.76,5.62,06:27:00,17:45:00
22391,1478634902,11/8/2016 12:00:00 AM,09:55:02,744.17,58.0,30.45,54.0,0.1,3.37,06:27:00,17:45:00
22392,1478634602,11/8/2016 12:00:00 AM,09:50:02,724.35,57.0,30.45,59.0,359.93,5.62,06:27:00,17:45:00
22393,1478634301,11/8/2016 12:00:00 AM,09:45:01,711.79,57.0,30.45,63.0,5.57,4.5,06:27:00,17:45:00
22394,1478634001,11/8/2016 12:00:00 AM,09:40:01,696.62,57.0,30.45,65.0,0.1,4.5,06:27:00,17:45:00
22395,1478633703,11/8/2016 12:00:00 AM,09:35:03,680.46,57.0,30.45,65.0,336.49,4.5,06:27:00,17:45:00
22396,1478633402,11/8/2016 12:00:00 AM,09:30:02,668.9,57.0,30.45,71.0,40.73,4.5,06:27:00,17:45:00
22397,1478633101,11/8/2016 12:00:00 AM,09:25:01,650.09,57.0,30.45,72.0,44.4,5.62,06:27:00,17:45:00
22398,1478632802,11/8/2016 12:00:00 AM,09:20:02,590.36,57.0,30.45,64.0,24.34,2.25,06:27:00,17:45:00
22399,1478632504,11/8/2016 12:00:00 AM,09:15:04,622.4,58.0,30.45,60.0,22.49,3.37,06:27:00,17:45:00
22400,1478632202,11/8/2016 12:00:00 AM,09:10:02,588.73,57.0,30.45,47.0,357.58,1.12,06:27:00,17:45:00
22401,1478631902,11/8/2016 12:00:00 AM,09:05:02,581.21,57.0,30.45,53.0,8.44,2.25,06:27:00,17:45:00
22402,1478631602,11/8/2016 12:00:00 AM,09:00:02,565.37,58.0,30.44,51.0,0.15,2.25,06:27:00,17:45:00
22403,1478631302,11/8/2016 12:00:00 AM,08:55:02,552.81,58.0,30.44,61.0,2.02,2.25,06:27:00,17:45:00
22404,1478631001,11/8/2016 12:00:00 AM,08:50:01,533.46,58.0,30.44,54.0,21.2,2.25,06:27:00,17:45:00
22405,1478630701,11/8/2016 12:00:00 AM,08:45:01,519.03,58.0,30.44,50.0,11.42,2.25,06:27:00,17:45:00
22406,1478630404,11/8/2016 12:00:00 AM,08:40:04,504.36,58.0,30.44,42.0,34.07,3.37,06:27:00,17:45:00
22407,1478630102,11/8/2016 12:00:00 AM,08:35:02,480.47,57.0,30.44,31.0,334.27,3.37,06:27:00,17:45:00
22408,1478629801,11/8/2016 12:00:00 AM,08:30:01,465.83,57.0,30.44,29.0,247.97,1.12,06:27:00,17:45:00
22409,1478629502,11/8/2016 12:00:00 AM,08:25:02,452.38,57.0,30.44,30.0,244.78,1.12,06:27:00,17:45:00
22410,1478629202,11/8/2016 12:00:00 AM,08:20:02,429.72,56.0,30.44,31.0,177.92,1.12,06:27:00,17:45:00
22411,1478628904,11/8/2016 12:00:00 AM,08:15:04,406.74,55.0,30.44,32.0,177.92,1.12,06:27:00,17:45:00
22412,1478628604,11/8/2016 12:00:00 AM,08:10:04,368.96,53.0,30.43,33.0,177.93,1.12,06:27:00,17:45:00
22413,1478628302,11/8/2016 12:00:00 AM,08:05:02,354.88,52.0,30.43,35.0,177.93,6.229096658193317,06:27:00,17:45:00
22414,1478628002,11/8/2016 12:00:00 AM,08:00:02,334.9,51.0,30.43,34.0,177.93,0.0,06:27:00,17:45:00
22415,1478627702,11/8/2016 12:00:00 AM,07:55:02,314.0,50.0,30.43,34.0,177.93,0.0,06:27:00,17:45:00
22416,1478627404,11/8/2016 12:00:00 AM,07:50:04,286.68,49.0,30.44,33.0,177.92,1.12,06:27:00,17:45:00
22417,1478627101,11/8/2016 12:00:00 AM,07:45:01,271.72,48.0,30.43,32.0,177.92,2.25,06:27:00,17:45:00
22418,1478626805,11/8/2016 12:00:00 AM,07:40:05,153.7,48.0,30.43,34.0,177.9,3.37,06:27:00,17:45:00
22419,1478626502,11/8/2016 12:00:00 AM,07:35:02,47.8,47.0,30.43,35.0,177.88,3.37,06:27:00,17:45:00
22420,1478626201,11/8/2016 12:00:00 AM,07:30:01,42.67,47.0,30.43,36.0,177.87,3.37,06:27:00,17:45:00
22421,1478625901,11/8/2016 12:00:00 AM,07:25:01,40.69,47.0,30.43,35.0,177.87,3.37,06:27:00,17:45:00
22422,1478625602,11/8/2016 12:00:00 AM,07:20:02,38.56,47.0,30.42,36.0,173.58,3.37,06:27:00,17:45:00
22423,1478625302,11/8/2016 12:00:00 AM,07:15:02,35.97,46.0,30.42,35.0,173.58,2.25,06:27:00,17:45:00
22424,1478625001,11/8/2016 12:00:00 AM,07:10:01,33.64,46.0,30.42,34.0,173.58,2.25,06:27:00,17:45:00
22425,1478624701,11/8/2016 12:00:00 AM,07:05:01,31.48,45.0,30.42,34.0,171.31,3.37,06:27:00,17:45:00
22426,1478624402,11/8/2016 12:00:00 AM,07:00:02,29.04,45.0,30.42,36.0,180.75,4.5,06:27:00,17:45:00
22427,1478624102,11/8/2016 12:00:00 AM,06:55:02,26.34,45.0,30.42,37.0,186.45,5.62,06:27:00,17:45:00
22428,1478623801,11/8/2016 12:00:00 AM,06:50:01,23.39,45.0,30.42,38.0,184.87,5.62,06:27:00,17:45:00
22429,1478623501,11/8/2016 12:00:00 AM,06:45:01,20.24,44.0,30.42,38.0,183.18,6.75,06:27:00,17:45:00
22430,1478623202,11/8/2016 12:00:00 AM,06:40:02,16.95,44.0,30.42,40.0,182.65,6.75,06:27:00,17:45:00
22431,1478622903,11/8/2016 12:00:00 AM,06:35:03,12.95,44.0,30.41,41.0,177.15,6.75,06:27:00,17:45:00
22432,1478622601,11/8/2016 12:00:00 AM,06:30:01,8.41,44.0,30.41,40.0,176.83,6.75,06:27:00,17:45:00
22433,1478622301,11/8/2016 12:00:00 AM,06:25:01,5.07,44.0,30.41,40.0,178.3,7.87,06:27:00,17:45:00
22434,1478622001,11/8/2016 12:00:00 AM,06:20:01,3.22,44.0,30.41,39.0,178.61,6.75,06:27:00,17:45:00
22435,1478621701,11/8/2016 12:00:00 AM,06:15:01,1.67,45.0,30.41,39.0,180.23,6.75,06:27:00,17:45:00
22436,1478621402,11/8/2016 12:00:00 AM,06:10:02,1.22,45.0,30.41,39.0,180.71,5.62,06:27:00,17:45:00
22437,1478621102,11/8/2016 12:00:00 AM,06:05:02,1.23,45.0,30.41,39.0,175.2,4.5,06:27:00,17:45:00
22438,1478620804,11/8/2016 12:00:00 AM,06:00:04,1.22,44.0,30.41,40.0,181.02,4.5,06:27:00,17:45:00
22439,1478620503,11/8/2016 12:00:00 AM,05:55:03,1.19,44.0,30.41,41.0,179.35,5.62,06:27:00,17:45:00
22440,1478620202,11/8/2016 12:00:00 AM,05:50:02,1.22,44.0,30.41,41.0,179.49,4.5,06:27:00,17:45:00
22441,1478619902,11/8/2016 12:00:00 AM,05:45:02,1.2,44.0,30.4,41.0,176.54,7.87,06:27:00,17:45:00
22442,1478619601,11/8/2016 12:00:00 AM,05:40:01,1.19,44.0,30.4,41.0,176.11,7.87,06:27:00,17:45:00
22443,1478619301,11/8/2016 12:00:00 AM,05:35:01,1.25,44.0,30.4,41.0,179.11,7.87,06:27:00,17:45:00
22444,1478619001,11/8/2016 12:00:00 AM,05:30:01,1.24,44.0,30.4,43.0,178.63,9.0,06:27:00,17:45:00
22445,1478618703,11/8/2016 12:00:00 AM,05:25:03,1.18,44.0,30.4,45.0,176.08,7.87,06:27:00,17:45:00
22446,1478618405,11/8/2016 12:00:00 AM,05:20:05,1.23,44.0,30.4,46.0,180.18,7.87,06:27:00,17:45:00
22447,1478618101,11/8/2016 12:00:00 AM,05:15:01,1.2,44.0,30.4,46.0,179.73,9.0,06:27:00,17:45:00
22448,1478617802,11/8/2016 12:00:00 AM,05:10:02,1.22,43.0,30.4,47.0,179.46,7.87,06:27:00,17:45:00
22449,1478617502,11/8/2016 12:00:00 AM,05:05:02,1.23,43.0,30.4,45.0,178.86,7.87,06:27:00,17:45:00
22450,1478617202,11/8/2016 12:00:00 AM,05:00:02,1.22,44.0,30.423028000868246,44.0,185.11,5.62,06:27:00,17:45:00
22451,1478616904,11/8/2016 12:00:00 AM,04:55:04,1.19,44.0,30.4,43.0,179.9,3.37,06:27:00,17:45:00
22452,1478616607,11/8/2016 12:00:00 AM,04:50:07,1.2,44.0,30.4,43.0,168.8,4.5,06:27:00,17:45:00
22453,1478616301,11/8/2016 12:00:00 AM,04:45:01,1.2,44.0,30.39,42.0,176.84,5.62,06:27:00,17:45:00
22454,1478616002,11/8/2016 12:00:00 AM,04:40:02,1.22,44.0,30.39,42.0,178.53,5.62,06:27:00,17:45:00
22455,1478615701,11/8/2016 12:00:00 AM,04:35:01,1.19,44.0,30.39,42.0,176.89,5.62,06:27:00,17:45:00
22456,1478615401,11/8/2016 12:00:00 AM,04:30:01,1.2,44.0,30.39,42.0,179.52,6.75,06:27:00,17:45:00
22457,1478615101,11/8/2016 12:00:00 AM,04:25:01,1.21,44.0,30.39,42.0,179.08,5.62,06:27:00,17:45:00
22458,1478614802,11/8/2016 12:00:00 AM,04:20:02,1.23,44.0,30.39,42.0,172.71,2.25,06:27:00,17:45:00
22459,1478614502,11/8/2016 12:00:00 AM,04:15:02,1.24,44.0,30.39,42.0,181.02,4.5,06:27:00,17:45:00
22460,1478614202,11/8/2016 12:00:00 AM,04:10:02,1.2,44.0,30.39,42.0,179.55,3.37,06:27:00,17:45:00
22461,1478613901,11/8/2016 12:00:00 AM,04:05:01,1.2,44.0,30.39,43.0,179.77,5.62,06:27:00,17:45:00
22462,1478613602,11/8/2016 12:00:00 AM,04:00:02,1.23,44.0,30.39,42.0,174.0,5.62,06:27:00,17:45:00
22463,1478613305,11/8/2016 12:00:00 AM,03:55:05,1.21,44.0,30.39,43.0,174.49,4.5,06:27:00,17:45:00
22464,1478613001,11/8/2016 12:00:00 AM,03:50:01,1.21,44.0,30.39,42.0,177.36,5.62,06:27:00,17:45:00
22465,1478612701,11/8/2016 12:00:00 AM,03:45:01,1.21,44.0,30.4,42.0,192.09,5.62,06:27:00,17:45:00
22466,1478612402,11/8/2016 12:00:00 AM,03:40:02,1.21,43.0,30.39,45.0,185.11,6.75,06:27:00,17:45:00
22467,1478612108,11/8/2016 12:00:00 AM,03:35:08,1.19,44.0,30.39,46.0,169.26,6.75,06:27:00,17:45:00
22468,1478611802,11/8/2016 12:00:00 AM,03:30:02,1.2,44.0,30.4,52.0,171.21,6.75,06:27:00,17:45:00
22469,1478611501,11/8/2016 12:00:00 AM,03:25:01,1.25,45.0,30.4,53.0,176.82,5.62,06:27:00,17:45:00
22470,1478611203,11/8/2016 12:00:00 AM,03:20:03,1.23,45.0,30.4,58.0,142.17,4.5,06:27:00,17:45:00
22471,1478610902,11/8/2016 12:00:00 AM,03:15:02,1.22,45.0,30.4,51.0,167.51,5.62,06:27:00,17:45:00
22472,1478610602,11/8/2016 12:00:00 AM,03:10:02,1.18,45.0,30.39,45.0,155.89,3.37,06:27:00,17:45:00
22473,1478610302,11/8/2016 12:00:00 AM,03:05:02,1.2,44.0,30.39,45.0,85.44,5.62,06:27:00,17:45:00
22474,1478610006,11/8/2016 12:00:00 AM,03:00:06,1.18,44.0,30.39,46.0,138.63,4.5,06:27:00,17:45:00
22475,1478609703,11/8/2016 12:00:00 AM,02:55:03,1.22,44.0,30.39,49.0,165.55,5.62,06:27:00,17:45:00
22476,1478609401,11/8/2016 12:00:00 AM,02:50:01,1.22,45.0,30.39,54.0,154.92,5.62,06:27:00,17:45:00
22477,1478609101,11/8/2016 12:00:00 AM,02:45:01,1.18,45.0,30.4,49.0,162.72,5.62,06:27:00,17:45:00
22478,1478608802,11/8/2016 12:00:00 AM,02:40:02,1.26,45.0,30.4,49.0,162.47,6.75,06:27:00,17:45:00
22479,1478608502,11/8/2016 12:00:00 AM,02:35:02,1.19,45.0,30.4,49.0,163.98,5.62,06:27:00,17:45:00
22480,1478608202,11/8/2016 12:00:00 AM,02:30:02,1.21,45.0,30.4,50.0,178.64,3.37,06:27:00,17:45:00
22481,1478607901,11/8/2016 12:00:00 AM,02:25:01,1.24,45.0,30.4,49.0,165.08,6.75,06:27:00,17:45:00
22482,1478607604,11/8/2016 12:00:00 AM,02:20:04,1.21,45.0,30.41,46.0,163.08,5.62,06:27:00,17:45:00
22483,1478607302,11/8/2016 12:00:00 AM,02:15:02,1.25,45.0,30.41,43.0,158.0,4.5,06:27:00,17:45:00
22484,1478607002,11/8/2016 12:00:00 AM,02:10:02,1.19,46.0,30.41,42.0,165.4,4.5,06:27:00,17:45:00
22485,1478606702,11/8/2016 12:00:00 AM,02:05:02,1.21,45.0,30.41,40.0,109.97,4.5,06:27:00,17:45:00
22486,1478606404,11/8/2016 12:00:00 AM,02:00:04,1.23,45.0,30.41,40.0,182.85,3.37,06:27:00,17:45:00
22487,1478606102,11/8/2016 12:00:00 AM,01:55:02,1.22,45.0,30.41,40.0,182.88,3.37,06:27:00,17:45:00
22488,1478605802,11/8/2016 12:00:00 AM,01:50:02,1.2,45.0,30.41,41.0,177.03,4.5,06:27:00,17:45:00
22489,1478605504,11/8/2016 12:00:00 AM,01:45:04,1.22,45.0,30.42,40.0,170.95,5.62,06:27:00,17:45:00
22490,1478605203,11/8/2016 12:00:00 AM,01:40:03,1.24,45.0,30.42,40.0,170.82,4.5,06:27:00,17:45:00
22491,1478604902,11/8/2016 12:00:00 AM,01:35:02,1.25,45.0,30.42,40.0,161.25,4.5,06:27:00,17:45:00
22492,1478604601,11/8/2016 12:00:00 AM,01:30:01,1.23,45.0,30.42,40.0,175.9,4.5,06:27:00,17:45:00
22493,1478604302,11/8/2016 12:00:00 AM,01:25:02,1.24,45.0,30.42,39.0,179.41,2.25,06:27:00,17:45:00
22494,1478604004,11/8/2016 12:00:00 AM,01:20:04,1.22,45.0,30.42,40.0,182.79,6.75,06:27:00,17:45:00
22495,1478603702,11/8/2016 12:00:00 AM,01:15:02,1.22,45.0,30.42,40.0,182.09,7.87,06:27:00,17:45:00
22496,1478603401,11/8/2016 12:00:00 AM,01:10:01,1.23,45.0,30.42,41.0,176.28,3.37,06:27:00,17:45:00
22497,1478603104,11/8/2016 12:00:00 AM,01:05:04,1.21,45.0,30.42,41.0,174.84,4.5,06:27:00,17:45:00
22498,1478602802,11/8/2016 12:00:00 AM,01:00:02,1.21,45.0,30.42,41.0,175.3,4.5,06:27:00,17:45:00
22499,1478602502,11/8/2016 12:00:00 AM,00:55:02,1.18,45.0,30.42,40.0,185.67,9.0,06:27:00,17:45:00
22500,1478602208,11/8/2016 12:00:00 AM,00:50:08,1.23,45.0,30.43,41.0,173.92,7.87,06:27:00,17:45:00
22501,1478601902,11/8/2016 12:00:00 AM,00:45:02,1.19,45.0,30.43,41.0,181.71,9.0,06:27:00,17:45:00
22502,1478601601,11/8/2016 12:00:00 AM,00:40:01,1.22,45.0,30.423028000868246,42.0,175.36,6.75,06:27:00,17:45:00
22503,1478601302,11/8/2016 12:00:00 AM,00:35:02,1.22,44.0,30.43,43.0,179.09,6.75,06:27:00,17:45:00
22504,1478601003,11/8/2016 12:00:00 AM,00:30:03,1.26,44.0,30.43,44.0,171.55,5.62,06:27:00,17:45:00
22505,1478600707,11/8/2016 12:00:00 AM,00:25:07,1.25,45.0,30.44,45.0,165.19,4.5,06:27:00,17:45:00
22506,1478600405,11/8/2016 12:00:00 AM,00:20:05,1.18,45.0,30.44,44.0,170.8,4.5,06:27:00,17:45:00
22507,1478600102,11/8/2016 12:00:00 AM,00:15:02,1.22,45.0,30.44,45.0,176.19,3.37,06:27:00,17:45:00
22508,1478599804,11/8/2016 12:00:00 AM,00:10:04,1.22,45.0,30.44,46.0,177.06,6.75,06:27:00,17:45:00
22509,1478599504,11/8/2016 12:00:00 AM,00:05:04,1.19,45.0,30.44,46.0,173.62,5.62,06:27:00,17:45:00
22510,1478599202,11/8/2016 12:00:00 AM,00:00:02,1.2,45.0,30.44,46.0,172.36,4.5,06:27:00,17:45:00
22511,1478598902,11/7/2016 12:00:00 AM,23:55:02,1.22,45.0,30.44,45.0,159.62,3.37,06:27:00,17:46:00
22512,1478598601,11/7/2016 12:00:00 AM,23:50:01,1.19,46.0,30.44,46.0,178.52,5.62,06:27:00,17:46:00
22513,1478598301,11/7/2016 12:00:00 AM,23:45:01,1.21,46.0,30.44,47.0,163.1,3.37,06:27:00,17:46:00
22514,1478598001,11/7/2016 12:00:00 AM,23:40:01,1.2,46.0,30.45,40.0,194.26,0.0,06:27:00,17:46:00
22515,1478597702,11/7/2016 12:00:00 AM,23:35:02,1.19,46.0,30.45,44.0,194.2,3.37,06:27:00,17:46:00
22516,1478597402,11/7/2016 12:00:00 AM,23:30:02,1.19,46.0,30.45,45.0,193.92,3.37,06:27:00,17:46:00
22517,1478597101,11/7/2016 12:00:00 AM,23:25:01,1.24,46.0,30.45,45.0,195.17,3.37,06:27:00,17:46:00
22518,1478596802,11/7/2016 12:00:00 AM,23:20:02,1.2,46.0,30.44,47.0,162.82,3.37,06:27:00,17:46:00
22519,1478596502,11/7/2016 12:00:00 AM,23:15:02,1.23,47.0,30.44,45.0,152.51,4.5,06:27:00,17:46:00
22520,1478596204,11/7/2016 12:00:00 AM,23:10:04,1.22,47.0,30.45,42.0,126.06,1.12,06:27:00,17:46:00
22521,1478595901,11/7/2016 12:00:00 AM,23:05:01,1.25,46.0,30.45,46.0,99.51,2.25,06:27:00,17:46:00
22522,1478595604,11/7/2016 12:00:00 AM,23:00:04,1.24,45.0,30.45,49.0,120.14,4.5,06:27:00,17:46:00
22523,1478595301,11/7/2016 12:00:00 AM,22:55:01,1.24,45.0,30.45,49.0,155.96,7.87,06:27:00,17:46:00
22524,1478595004,11/7/2016 12:00:00 AM,22:50:04,1.22,45.0,30.45,54.0,170.2,5.62,06:27:00,17:46:00
22525,1478594708,11/7/2016 12:00:00 AM,22:45:08,1.23,45.0,30.45,54.0,168.83,5.62,06:27:00,17:46:00
22526,1478594402,11/7/2016 12:00:00 AM,22:40:02,1.21,45.0,30.45,53.0,154.1,5.62,06:27:00,17:46:00
22527,1478594102,11/7/2016 12:00:00 AM,22:35:02,1.19,46.0,30.45,51.0,169.9,6.75,06:27:00,17:46:00
22528,1478593803,11/7/2016 12:00:00 AM,22:30:03,1.22,46.0,30.45,51.0,178.34,5.62,06:27:00,17:46:00
22529,1478593504,11/7/2016 12:00:00 AM,22:25:04,1.22,46.0,30.45,49.0,168.17,5.62,06:27:00,17:46:00
22530,1478593201,11/7/2016 12:00:00 AM,22:20:01,1.22,47.0,30.45,51.0,156.24,3.37,06:27:00,17:46:00
22531,1478592901,11/7/2016 12:00:00 AM,22:15:01,1.2,47.0,30.45,53.0,168.01,5.62,06:27:00,17:46:00
22532,1478592603,11/7/2016 12:00:00 AM,22:10:03,1.21,47.0,30.46,52.0,119.92,1.12,06:27:00,17:46:00
22533,1478592302,11/7/2016 12:00:00 AM,22:05:02,1.22,47.0,30.45,51.0,119.5,3.37,06:27:00,17:46:00
22534,1478592002,11/7/2016 12:00:00 AM,22:00:02,1.22,47.0,30.45,50.0,181.92,3.37,06:27:00,17:46:00
22535,1478591701,11/7/2016 12:00:00 AM,21:55:01,1.21,47.0,30.44,50.0,158.23,2.25,06:27:00,17:46:00
22536,1478591404,11/7/2016 12:00:00 AM,21:50:04,1.23,47.0,30.44,52.0,157.49,3.37,06:27:00,17:46:00
22537,1478591102,11/7/2016 12:00:00 AM,21:45:02,1.21,46.0,30.45,48.0,207.93,1.12,06:27:00,17:46:00
22538,1478590802,11/7/2016 12:00:00 AM,21:40:02,1.24,46.0,30.45,53.0,179.76,2.25,06:27:00,17:46:00
22539,1478590505,11/7/2016 12:00:00 AM,21:35:05,1.22,46.0,30.44,50.0,177.92,7.87,06:27:00,17:46:00
22540,1478590202,11/7/2016 12:00:00 AM,21:30:02,1.25,46.0,30.45,57.0,192.27,7.87,06:27:00,17:46:00
22541,1478589904,11/7/2016 12:00:00 AM,21:25:04,1.19,45.0,30.45,62.0,187.7,7.87,06:27:00,17:46:00
22542,1478589601,11/7/2016 12:00:00 AM,21:20:01,1.23,46.0,30.45,61.0,182.51,4.5,06:27:00,17:46:00
22543,1478589301,11/7/2016 12:00:00 AM,21:15:01,1.26,45.0,30.45,58.0,137.09,5.62,06:27:00,17:46:00
22544,1478589002,11/7/2016 12:00:00 AM,21:10:02,1.22,45.0,30.45,53.0,165.05,4.5,06:27:00,17:46:00
22545,1478588703,11/7/2016 12:00:00 AM,21:05:03,1.19,45.0,30.45,52.0,163.12,5.62,06:27:00,17:46:00
22546,1478588404,11/7/2016 12:00:00 AM,21:00:04,1.21,46.0,30.45,52.0,172.79,7.87,06:27:00,17:46:00
22547,1478588102,11/7/2016 12:00:00 AM,20:55:02,1.22,46.0,30.46,51.0,172.31,5.62,06:27:00,17:46:00
22548,1478587802,11/7/2016 12:00:00 AM,20:50:02,1.22,46.0,30.46,51.0,158.51,4.5,06:27:00,17:46:00
22549,1478587502,11/7/2016 12:00:00 AM,20:45:02,1.2,46.0,30.46,51.0,122.72,5.62,06:27:00,17:46:00
22550,1478587202,11/7/2016 12:00:00 AM,20:40:02,1.26,46.0,30.45,51.0,163.44,3.37,06:27:00,17:46:00
22551,1478586902,11/7/2016 12:00:00 AM,20:35:02,1.22,51.16507236474315,30.45,51.0,154.1,4.5,06:27:00,17:46:00
22552,1478586604,11/7/2016 12:00:00 AM,20:30:04,1.23,47.0,30.45,53.0,172.93,6.75,06:27:00,17:46:00
22553,1478586302,11/7/2016 12:00:00 AM,20:25:02,1.25,47.0,30.45,53.0,167.26,6.75,06:27:00,17:46:00
22554,1478586005,11/7/2016 12:00:00 AM,20:20:05,1.21,48.0,30.45,53.0,124.14,5.62,06:27:00,17:46:00
22555,1478585704,11/7/2016 12:00:00 AM,20:15:04,1.22,48.0,30.45,52.0,106.97,2.25,06:27:00,17:46:00
22556,1478585401,11/7/2016 12:00:00 AM,20:10:01,1.22,51.16507236474315,30.44,53.0,82.36,4.5,06:27:00,17:46:00
22557,1478585104,11/7/2016 12:00:00 AM,20:05:04,1.19,50.0,30.44,56.0,91.97,4.5,06:27:00,17:46:00
22558,1478584806,11/7/2016 12:00:00 AM,20:00:06,1.22,50.0,30.43,74.0,92.75,4.5,06:27:00,17:46:00
22559,1478584502,11/7/2016 12:00:00 AM,19:55:02,1.21,49.0,30.43,68.0,166.98,0.0,06:27:00,17:46:00
22560,1478584202,11/7/2016 12:00:00 AM,19:50:02,1.22,50.0,30.43,71.0,166.98,2.25,06:27:00,17:46:00
22561,1478583901,11/7/2016 12:00:00 AM,19:45:01,1.21,50.0,30.43,72.0,166.98,3.37,06:27:00,17:46:00
22562,1478583605,11/7/2016 12:00:00 AM,19:40:05,1.24,49.0,30.42,73.0,166.98,2.25,06:27:00,17:46:00
22563,1478583302,11/7/2016 12:00:00 AM,19:35:02,1.24,48.0,30.42,73.0,166.99,1.12,06:27:00,17:46:00
22564,1478583004,11/7/2016 12:00:00 AM,19:30:04,1.21,48.0,30.423028000868246,75.0,173.57,2.25,06:27:00,17:46:00
22565,1478582701,11/7/2016 12:00:00 AM,19:25:01,1.23,48.0,30.42,75.0,167.65,4.5,06:27:00,17:46:00
22566,1478582405,11/7/2016 12:00:00 AM,19:20:05,1.23,48.0,30.42,74.0,174.51,5.62,06:27:00,17:46:00
22567,1478582102,11/7/2016 12:00:00 AM,19:15:02,1.22,48.0,30.42,71.0,190.75,5.62,06:27:00,17:46:00
22568,1478581803,11/7/2016 12:00:00 AM,19:10:03,1.25,48.0,30.42,75.0,217.66,2.25,06:27:00,17:46:00
22569,1478581501,11/7/2016 12:00:00 AM,19:05:01,1.24,49.0,30.42,85.0,129.69,2.25,06:27:00,17:46:00
22570,1478581202,11/7/2016 12:00:00 AM,19:00:02,1.24,50.0,30.42,84.0,41.9,2.25,06:27:00,17:46:00
22571,1478580905,11/7/2016 12:00:00 AM,18:55:05,1.24,50.0,30.43,74.83719267708949,41.89,2.25,06:27:00,17:46:00
22572,1478580603,11/7/2016 12:00:00 AM,18:50:03,1.26,50.0,30.43,85.0,41.88,0.0,06:27:00,17:46:00
22573,1478580303,11/7/2016 12:00:00 AM,18:45:03,1.18,50.0,30.43,86.0,41.89,1.12,06:27:00,17:46:00
22574,1478580001,11/7/2016 12:00:00 AM,18:40:01,1.2,51.0,30.43,86.0,41.89,0.0,06:27:00,17:46:00
22575,1478579703,11/7/2016 12:00:00 AM,18:35:03,1.2,51.0,30.42,87.0,41.1,1.12,06:27:00,17:46:00
22576,1478579402,11/7/2016 12:00:00 AM,18:30:02,1.24,51.0,30.42,88.0,41.3,1.12,06:27:00,17:46:00
22577,1478579101,11/7/2016 12:00:00 AM,18:25:01,1.23,51.0,30.42,89.0,48.96,2.25,06:27:00,17:46:00
22578,1478578802,11/7/2016 12:00:00 AM,18:20:02,1.2,51.0,30.42,88.0,49.53,0.0,06:27:00,17:46:00
22579,1478578502,11/7/2016 12:00:00 AM,18:15:02,1.26,51.0,30.42,88.0,51.05,1.12,06:27:00,17:46:00
22580,1478578202,11/7/2016 12:00:00 AM,18:10:02,1.24,52.0,30.42,88.0,51.05,0.0,06:27:00,17:46:00
22581,1478577902,11/7/2016 12:00:00 AM,18:05:02,1.26,52.0,30.42,88.0,51.05,0.0,06:27:00,17:46:00
22582,1478577602,11/7/2016 12:00:00 AM,18:00:02,1.25,52.0,30.41,87.0,51.06,0.0,06:27:00,17:46:00
22583,1478577303,11/7/2016 12:00:00 AM,17:55:03,1.66,52.0,30.42,87.0,51.06,1.12,06:27:00,17:46:00
22584,1478577004,11/7/2016 12:00:00 AM,17:50:04,2.35,52.0,30.42,87.0,49.64,3.37,06:27:00,17:46:00
22585,1478576702,11/7/2016 12:00:00 AM,17:45:02,3.64,52.0,30.42,86.0,82.02,2.25,06:27:00,17:46:00
22586,1478576408,11/7/2016 12:00:00 AM,17:40:08,7.01,53.0,30.41,86.0,85.8,2.25,06:27:00,17:46:00
22587,1478576101,11/7/2016 12:00:00 AM,17:35:01,12.14,53.0,30.41,86.0,48.77,4.5,06:27:00,17:46:00
22588,1478575802,11/7/2016 12:00:00 AM,17:30:02,19.5,53.0,30.41,84.0,65.74,0.0,06:27:00,17:46:00
22589,1478575502,11/7/2016 12:00:00 AM,17:25:02,31.65,54.0,30.41,82.0,51.33,0.0,06:27:00,17:46:00
22590,1478575203,11/7/2016 12:00:00 AM,17:20:03,44.11,55.0,30.42,78.0,10.7,3.37,06:27:00,17:46:00
22591,1478574905,11/7/2016 12:00:00 AM,17:15:05,50.32,56.0,30.41,73.0,16.37,4.5,06:27:00,17:46:00
22592,1478574605,11/7/2016 12:00:00 AM,17:10:05,58.19,57.0,30.4,69.0,32.03,3.37,06:27:00,17:46:00
22593,1478574302,11/7/2016 12:00:00 AM,17:05:02,64.92,57.0,30.4,68.0,3.66,5.62,06:27:00,17:46:00
22594,1478574002,11/7/2016 12:00:00 AM,17:00:02,66.9,58.0,30.4,65.0,17.78,5.62,06:27:00,17:46:00
22595,1478573704,11/7/2016 12:00:00 AM,16:55:04,78.68,58.0,30.4,63.0,34.74,2.25,06:27:00,17:46:00
22596,1478573404,11/7/2016 12:00:00 AM,16:50:04,147.3,58.0,30.4,64.0,0.1,2.25,06:27:00,17:46:00
22597,1478573106,11/7/2016 12:00:00 AM,16:45:06,128.49,58.0,30.4,74.83719267708949,25.81,5.62,06:27:00,17:46:00
22598,1478572802,11/7/2016 12:00:00 AM,16:40:02,87.64,59.0,30.4,62.0,26.28,2.25,06:27:00,17:46:00
22599,1478572502,11/7/2016 12:00:00 AM,16:35:02,171.34,59.0,30.4,62.0,50.82,2.25,06:27:00,17:46:00
22600,1478572201,11/7/2016 12:00:00 AM,16:30:01,206.78,59.0,30.41,62.0,8.9,3.37,06:27:00,17:46:00
22601,1478571901,11/7/2016 12:00:00 AM,16:25:01,267.04,60.0,30.41,63.0,9.06,3.37,06:27:00,17:46:00
22602,1478571601,11/7/2016 12:00:00 AM,16:20:01,272.01,61.0,30.41,61.0,34.95,10.12,06:27:00,17:46:00
22603,1478571302,11/7/2016 12:00:00 AM,16:15:02,324.95,61.0,30.41,46.0,344.83,6.75,06:27:00,17:46:00
22604,1478571004,11/7/2016 12:00:00 AM,16:10:04,365.38,61.0,30.41,53.0,24.93,2.25,06:27:00,17:46:00
22605,1478570702,11/7/2016 12:00:00 AM,16:05:02,418.7,61.0,30.41,57.0,6.25,3.37,06:27:00,17:46:00
22606,1478570401,11/7/2016 12:00:00 AM,16:00:01,422.06,61.0,30.4,56.0,29.97,2.25,06:27:00,17:46:00
22607,1478570104,11/7/2016 12:00:00 AM,15:55:04,461.92,61.0,30.4,58.0,13.46,3.37,06:27:00,17:46:00
22608,1478569802,11/7/2016 12:00:00 AM,15:50:02,456.12,61.0,30.4,58.0,2.7,7.87,06:27:00,17:46:00
22609,1478569502,11/7/2016 12:00:00 AM,15:45:02,201.58,61.0,30.4,55.0,336.41,10.12,06:27:00,17:46:00
22610,1478569203,11/7/2016 12:00:00 AM,15:40:03,257.41,62.0,30.4,54.0,78.46,0.0,06:27:00,17:46:00
22611,1478568902,11/7/2016 12:00:00 AM,15:35:02,513.17,61.0,30.4,57.0,62.72,4.5,06:27:00,17:46:00
22612,1478568602,11/7/2016 12:00:00 AM,15:30:02,557.28,61.0,30.4,57.0,29.46,6.75,06:27:00,17:46:00
22613,1478568302,11/7/2016 12:00:00 AM,15:25:02,520.74,62.0,30.41,55.0,8.43,4.5,06:27:00,17:46:00
22614,1478568002,11/7/2016 12:00:00 AM,15:20:02,564.73,62.0,30.41,53.0,0.11,1.12,06:27:00,17:46:00
22615,1478567701,11/7/2016 12:00:00 AM,15:15:01,469.28,62.0,30.41,53.0,11.71,6.75,06:27:00,17:46:00
22616,1478567401,11/7/2016 12:00:00 AM,15:10:01,595.32,62.0,30.41,53.0,114.83,3.37,06:27:00,17:46:00
22617,1478567102,11/7/2016 12:00:00 AM,15:05:02,617.53,62.0,30.41,53.0,36.22,3.37,06:27:00,17:46:00
22618,1478566801,11/7/2016 12:00:00 AM,15:00:01,617.0,62.0,30.41,47.0,277.29,1.12,06:27:00,17:46:00
22619,1478566508,11/7/2016 12:00:00 AM,14:55:08,640.27,62.0,30.41,74.83719267708949,356.59,6.75,06:27:00,17:46:00
22620,1478566202,11/7/2016 12:00:00 AM,14:50:02,664.83,63.0,30.41,51.0,36.13,4.5,06:27:00,17:46:00
22621,1478565902,11/7/2016 12:00:00 AM,14:45:02,691.94,63.0,30.41,74.83719267708949,334.84,9.0,06:27:00,17:46:00
22622,1478565602,11/7/2016 12:00:00 AM,14:40:02,639.26,62.0,30.41,40.0,316.97,9.0,06:27:00,17:46:00
22623,1478565302,11/7/2016 12:00:00 AM,14:35:02,719.01,63.0,30.41,50.0,350.32,6.75,06:27:00,17:46:00
22624,1478565003,11/7/2016 12:00:00 AM,14:30:03,727.78,63.0,30.41,39.0,358.87,5.62,06:27:00,17:46:00
22625,1478564704,11/7/2016 12:00:00 AM,14:25:04,745.11,62.0,30.41,41.0,336.47,9.0,06:27:00,17:46:00
22626,1478564401,11/7/2016 12:00:00 AM,14:20:01,748.87,51.16507236474315,30.41,50.0,328.18,4.5,06:27:00,17:46:00
22627,1478564105,11/7/2016 12:00:00 AM,14:15:05,760.16,60.0,30.41,47.0,103.21,1.12,06:27:00,17:46:00
22628,1478563802,11/7/2016 12:00:00 AM,14:10:02,765.09,61.0,30.41,47.0,325.14,5.62,06:27:00,17:46:00
22629,1478563503,11/7/2016 12:00:00 AM,14:05:03,791.27,61.0,30.41,48.0,2.64,7.87,06:27:00,17:46:00
22630,1478563201,11/7/2016 12:00:00 AM,14:00:01,525.7,61.0,30.42,49.0,0.11,10.12,06:27:00,17:46:00
22631,1478562908,11/7/2016 12:00:00 AM,13:55:08,766.03,62.0,30.42,51.0,5.65,10.12,06:27:00,17:46:00
22632,1478562601,11/7/2016 12:00:00 AM,13:50:01,820.06,62.0,30.42,49.0,7.99,9.0,06:27:00,17:46:00
22633,1478562302,11/7/2016 12:00:00 AM,13:45:02,828.37,63.0,30.42,46.0,22.23,9.0,06:27:00,17:46:00
22634,1478562001,11/7/2016 12:00:00 AM,13:40:01,843.1,64.0,30.42,44.0,359.14,11.25,06:27:00,17:46:00
22635,1478561701,11/7/2016 12:00:00 AM,13:35:01,865.56,64.0,30.42,42.0,0.11,9.0,06:27:00,17:46:00
22636,1478561405,11/7/2016 12:00:00 AM,13:30:05,861.88,63.0,30.42,41.0,330.35,7.87,06:27:00,17:46:00
22637,1478561101,11/7/2016 12:00:00 AM,13:25:01,867.74,63.0,30.42,44.0,7.24,10.12,06:27:00,17:46:00
22638,1478560801,11/7/2016 12:00:00 AM,13:20:01,725.55,63.0,30.42,38.0,1.4,7.87,06:27:00,17:46:00
22639,1478560504,11/7/2016 12:00:00 AM,13:15:04,552.82,64.0,30.42,37.0,352.99,6.75,06:27:00,17:46:00
22640,1478560202,11/7/2016 12:00:00 AM,13:10:02,451.19,64.0,30.43,37.0,0.12,6.75,06:27:00,17:46:00
22641,1478559901,11/7/2016 12:00:00 AM,13:05:01,623.44,64.0,30.43,38.0,2.13,11.25,06:27:00,17:46:00
22642,1478559607,11/7/2016 12:00:00 AM,13:00:07,800.86,63.0,30.43,36.0,297.61,1.12,06:27:00,17:46:00
22643,1478559303,11/7/2016 12:00:00 AM,12:55:03,959.62,63.0,30.43,37.0,341.58,5.62,06:27:00,17:46:00
22644,1478559002,11/7/2016 12:00:00 AM,12:50:02,858.21,63.0,30.43,37.0,261.15,2.25,06:27:00,17:46:00
22645,1478558702,11/7/2016 12:00:00 AM,12:45:02,914.22,64.0,30.44,38.0,0.11,7.87,06:27:00,17:46:00
22646,1478558402,11/7/2016 12:00:00 AM,12:40:02,921.0,64.0,30.44,38.0,346.47,6.75,06:27:00,17:46:00
22647,1478558101,11/7/2016 12:00:00 AM,12:35:01,921.53,63.0,30.44,38.0,14.02,11.25,06:27:00,17:46:00
22648,1478557801,11/7/2016 12:00:00 AM,12:30:01,916.63,64.0,30.44,32.0,66.73,4.5,06:27:00,17:46:00
22649,1478557502,11/7/2016 12:00:00 AM,12:25:02,923.16,63.0,30.423028000868246,35.0,50.64,9.0,06:27:00,17:46:00
22650,1478557203,11/7/2016 12:00:00 AM,12:20:03,927.79,63.0,30.44,35.0,336.46,0.0,06:27:00,17:46:00
22651,1478556901,11/7/2016 12:00:00 AM,12:15:01,931.81,63.0,30.44,33.0,336.48,9.0,06:27:00,17:46:00
22652,1478556602,11/7/2016 12:00:00 AM,12:10:02,934.39,64.0,30.44,34.0,359.93,10.12,06:27:00,17:46:00
22653,1478556302,11/7/2016 12:00:00 AM,12:05:02,932.38,64.0,30.44,30.0,359.92,1.12,06:27:00,17:46:00
22654,1478556001,11/7/2016 12:00:00 AM,12:00:01,928.33,64.0,30.44,33.0,359.93,3.37,06:27:00,17:46:00
22655,1478555704,11/7/2016 12:00:00 AM,11:55:04,921.61,64.0,30.45,33.0,359.93,2.25,06:27:00,17:46:00
22656,1478555402,11/7/2016 12:00:00 AM,11:50:02,919.28,64.0,30.45,33.0,347.97,4.5,06:27:00,17:46:00
22657,1478555102,11/7/2016 12:00:00 AM,11:45:02,930.74,64.0,30.45,29.0,354.48,5.62,06:27:00,17:46:00
22658,1478554801,11/7/2016 12:00:00 AM,11:40:01,928.36,64.0,30.45,16.0,313.15,5.62,06:27:00,17:46:00
22659,1478554502,11/7/2016 12:00:00 AM,11:35:02,928.36,64.0,30.46,21.0,321.53,5.62,06:27:00,17:46:00
22660,1478554202,11/7/2016 12:00:00 AM,11:30:02,924.82,64.0,30.46,14.0,342.57,2.25,06:27:00,17:46:00
22661,1478553901,11/7/2016 12:00:00 AM,11:25:01,912.99,64.0,30.47,15.0,346.1,9.0,06:27:00,17:46:00
22662,1478553604,11/7/2016 12:00:00 AM,11:20:04,897.2,64.0,30.47,16.0,327.36,6.75,06:27:00,17:46:00
22663,1478553303,11/7/2016 12:00:00 AM,11:15:03,903.43,65.0,30.47,15.0,353.88,4.5,06:27:00,17:46:00
22664,1478553005,11/7/2016 12:00:00 AM,11:10:05,908.95,64.0,30.47,16.0,349.33,12.37,06:27:00,17:46:00
22665,1478552705,11/7/2016 12:00:00 AM,11:05:05,901.32,64.0,30.47,16.0,334.86,5.62,06:27:00,17:46:00
22666,1478552407,11/7/2016 12:00:00 AM,11:00:07,896.77,64.0,30.47,17.0,359.93,10.12,06:27:00,17:46:00
22667,1478552105,11/7/2016 12:00:00 AM,10:55:05,881.22,64.0,30.47,15.0,314.81,9.0,06:27:00,17:46:00
22668,1478551803,11/7/2016 12:00:00 AM,10:50:03,876.11,64.0,30.47,16.0,343.19,6.75,06:27:00,17:46:00
22669,1478551502,11/7/2016 12:00:00 AM,10:45:02,868.35,64.0,30.47,14.0,330.2,5.62,06:27:00,17:46:00
22670,1478551207,11/7/2016 12:00:00 AM,10:40:07,866.58,63.0,30.47,15.0,338.47,4.5,06:27:00,17:46:00
22671,1478550902,11/7/2016 12:00:00 AM,10:35:02,843.22,62.0,30.47,15.0,341.03,4.5,06:27:00,17:46:00
22672,1478550601,11/7/2016 12:00:00 AM,10:30:01,841.21,63.0,30.47,14.0,303.09,4.5,06:27:00,17:46:00
22673,1478550302,11/7/2016 12:00:00 AM,10:25:02,834.72,63.0,30.48,13.0,330.54,9.0,06:27:00,17:46:00
22674,1478550001,11/7/2016 12:00:00 AM,10:20:01,822.53,63.0,30.47,13.0,283.82,4.5,06:27:00,17:46:00
22675,1478549708,11/7/2016 12:00:00 AM,10:15:08,794.17,64.0,30.48,14.0,330.38,4.5,06:27:00,17:46:00
22676,1478549402,11/7/2016 12:00:00 AM,10:10:02,809.06,63.0,30.48,13.0,296.9,7.87,06:27:00,17:46:00
22677,1478549102,11/7/2016 12:00:00 AM,10:05:02,786.19,63.0,30.48,13.0,302.87,6.75,06:27:00,17:46:00
22678,1478548807,11/7/2016 12:00:00 AM,10:00:07,770.67,63.0,30.48,13.0,327.04,6.75,06:27:00,17:46:00
22679,1478548501,11/7/2016 12:00:00 AM,09:55:01,752.47,62.0,30.48,13.0,343.26,5.62,06:27:00,17:46:00
22680,1478548201,11/7/2016 12:00:00 AM,09:50:01,745.64,62.0,30.48,14.0,342.2,5.62,06:27:00,17:46:00
22681,1478547902,11/7/2016 12:00:00 AM,09:45:02,730.6,62.0,30.48,13.0,313.05,6.75,06:27:00,17:46:00
22682,1478547602,11/7/2016 12:00:00 AM,09:40:02,714.93,62.0,30.47,14.0,307.83,5.62,06:27:00,17:46:00
22683,1478547301,11/7/2016 12:00:00 AM,09:35:01,696.33,62.0,30.47,13.0,329.72,4.5,06:27:00,17:46:00
22684,1478547002,11/7/2016 12:00:00 AM,09:30:02,679.36,62.0,30.47,12.0,329.29,6.75,06:27:00,17:46:00
22685,1478546702,11/7/2016 12:00:00 AM,09:25:02,669.42,62.0,30.47,12.0,298.99,7.87,06:27:00,17:46:00
22686,1478546402,11/7/2016 12:00:00 AM,09:20:02,655.15,62.0,30.47,12.0,309.32,10.12,06:27:00,17:46:00
22687,1478546102,11/7/2016 12:00:00 AM,09:15:02,642.76,62.0,30.47,12.0,300.98,6.75,06:27:00,17:46:00
22688,1478545801,11/7/2016 12:00:00 AM,09:10:01,624.85,62.0,30.47,13.0,314.09,10.12,06:27:00,17:46:00
22689,1478545504,11/7/2016 12:00:00 AM,09:05:04,608.83,61.0,30.47,14.0,309.55,5.62,06:27:00,17:46:00
22690,1478545202,11/7/2016 12:00:00 AM,09:00:02,589.93,61.0,30.47,14.0,312.2,7.87,06:27:00,17:46:00
22691,1478544905,11/7/2016 12:00:00 AM,08:55:05,573.48,61.0,30.46,14.0,286.37,6.75,06:27:00,17:46:00
22692,1478544601,11/7/2016 12:00:00 AM,08:50:01,554.97,61.0,30.46,14.0,306.16,9.0,06:27:00,17:46:00
22693,1478544301,11/7/2016 12:00:00 AM,08:45:01,542.07,62.0,30.46,13.0,295.67,7.87,06:27:00,17:46:00
22694,1478544001,11/7/2016 12:00:00 AM,08:40:01,528.67,61.0,30.46,11.0,246.91,9.0,06:27:00,17:46:00
22695,1478543703,11/7/2016 12:00:00 AM,08:35:03,505.64,61.0,30.46,13.0,231.9,11.25,06:27:00,17:46:00
22696,1478543401,11/7/2016 12:00:00 AM,08:30:01,493.1,60.0,30.46,14.0,236.93,6.75,06:27:00,17:46:00
22697,1478543104,11/7/2016 12:00:00 AM,08:25:04,472.63,59.0,30.46,14.0,235.49,6.75,06:27:00,17:46:00
22698,1478542802,11/7/2016 12:00:00 AM,08:20:02,453.68,58.0,30.46,15.0,240.92,6.75,06:27:00,17:46:00
22699,1478542505,11/7/2016 12:00:00 AM,08:15:05,431.3,58.0,30.46,15.0,248.1,7.87,06:27:00,17:46:00
22700,1478542202,11/7/2016 12:00:00 AM,08:10:02,407.91,57.0,30.46,15.0,252.37,6.75,06:27:00,17:46:00
22701,1478541908,11/7/2016 12:00:00 AM,08:05:08,351.05,57.0,30.46,15.0,251.5,6.75,06:27:00,17:46:00
22702,1478541601,11/7/2016 12:00:00 AM,08:00:01,354.12,56.0,30.46,16.0,254.61,6.75,06:27:00,17:46:00
22703,1478541303,11/7/2016 12:00:00 AM,07:55:03,330.8,55.0,30.46,16.0,275.37,4.5,06:27:00,17:46:00
22704,1478541002,11/7/2016 12:00:00 AM,07:50:02,304.23,53.0,30.46,17.0,266.72,5.62,06:27:00,17:46:00
22705,1478540701,11/7/2016 12:00:00 AM,07:45:01,275.06,49.0,30.45,19.0,236.33,4.5,06:27:00,17:46:00
22706,1478540401,11/7/2016 12:00:00 AM,07:40:01,243.99,48.0,30.45,21.0,215.98,4.5,06:27:00,17:46:00
22707,1478540103,11/7/2016 12:00:00 AM,07:35:03,40.1,48.0,30.45,21.0,201.39,10.12,06:27:00,17:46:00
22708,1478539802,11/7/2016 12:00:00 AM,07:30:02,36.59,48.0,30.45,21.0,206.54,6.75,06:27:00,17:46:00
22709,1478539501,11/7/2016 12:00:00 AM,07:25:01,35.9,47.0,30.45,21.0,208.51,5.62,06:27:00,17:46:00
22710,1478539204,11/7/2016 12:00:00 AM,07:20:04,35.48,47.0,30.45,23.0,208.46,9.0,06:27:00,17:46:00
22711,1478538902,11/7/2016 12:00:00 AM,07:15:02,34.66,47.0,30.45,23.0,204.46,9.0,06:27:00,17:46:00
22712,1478538602,11/7/2016 12:00:00 AM,07:10:02,33.55,47.0,30.45,24.0,202.52,10.12,06:27:00,17:46:00
22713,1478538303,11/7/2016 12:00:00 AM,07:05:03,32.13,46.0,30.45,24.0,203.27,7.87,06:27:00,17:46:00
22714,1478538002,11/7/2016 12:00:00 AM,07:00:02,30.95,46.0,30.45,25.0,206.93,9.0,06:27:00,17:46:00
22715,1478537701,11/7/2016 12:00:00 AM,06:55:01,29.52,46.0,30.45,25.0,211.09,6.75,06:27:00,17:46:00
22716,1478537402,11/7/2016 12:00:00 AM,06:50:02,27.64,46.0,30.45,26.0,206.09,10.12,06:27:00,17:46:00
22717,1478537101,11/7/2016 12:00:00 AM,06:45:01,24.6,46.0,30.45,26.0,199.31,10.12,06:27:00,17:46:00
22718,1478536801,11/7/2016 12:00:00 AM,06:40:01,20.49,46.0,30.44,25.0,202.88,13.5,06:27:00,17:46:00
22719,1478536502,11/7/2016 12:00:00 AM,06:35:02,14.57,46.0,30.44,25.0,200.85,7.87,06:27:00,17:46:00
22720,1478536202,11/7/2016 12:00:00 AM,06:30:02,8.67,47.0,30.45,24.0,216.32,9.0,06:27:00,17:46:00
22721,1478535902,11/7/2016 12:00:00 AM,06:25:02,5.59,48.0,30.45,23.0,216.05,5.62,06:27:00,17:46:00
22722,1478535601,11/7/2016 12:00:00 AM,06:20:01,2.38,48.0,30.44,23.0,222.01,6.75,06:27:00,17:46:00
22723,1478535302,11/7/2016 12:00:00 AM,06:15:02,2.0,48.0,30.45,22.0,217.77,5.62,06:27:00,17:46:00
22724,1478535001,11/7/2016 12:00:00 AM,06:10:01,1.24,48.0,30.44,23.0,221.08,6.75,06:27:00,17:46:00
22725,1478534704,11/7/2016 12:00:00 AM,06:05:04,1.23,47.0,30.44,23.0,226.09,5.62,06:27:00,17:46:00
22726,1478534402,11/7/2016 12:00:00 AM,06:00:02,1.25,46.0,30.44,25.0,205.66,9.0,06:27:00,17:46:00
22727,1478534105,11/7/2016 12:00:00 AM,05:55:05,1.23,47.0,30.44,25.0,198.6,10.12,06:27:00,17:46:00
22728,1478533805,11/7/2016 12:00:00 AM,05:50:05,1.22,47.0,30.44,25.0,206.78,11.25,06:27:00,17:46:00
22729,1478533501,11/7/2016 12:00:00 AM,05:45:01,1.25,47.0,30.44,24.0,221.13,9.0,06:27:00,17:46:00
22730,1478533202,11/7/2016 12:00:00 AM,05:40:02,1.18,47.0,30.43,24.0,213.79,9.0,06:27:00,17:46:00
22731,1478532901,11/7/2016 12:00:00 AM,05:35:01,1.25,47.0,30.43,24.0,203.53,11.25,06:27:00,17:46:00
22732,1478532605,11/7/2016 12:00:00 AM,05:30:05,1.24,48.0,30.43,24.0,202.59,10.12,06:27:00,17:46:00
22733,1478532302,11/7/2016 12:00:00 AM,05:25:02,1.22,48.0,30.43,24.0,199.43,9.0,06:27:00,17:46:00
22734,1478532002,11/7/2016 12:00:00 AM,05:20:02,1.21,48.0,30.43,24.0,230.72,10.12,06:27:00,17:46:00
22735,1478531701,11/7/2016 12:00:00 AM,05:15:01,1.21,48.0,30.43,24.0,230.4,6.75,06:27:00,17:46:00
22736,1478531402,11/7/2016 12:00:00 AM,05:10:02,1.23,48.0,30.43,24.0,230.05,9.0,06:27:00,17:46:00
22737,1478531101,11/7/2016 12:00:00 AM,05:05:01,1.23,48.0,30.43,24.0,212.02,7.87,06:27:00,17:46:00
22738,1478530805,11/7/2016 12:00:00 AM,05:00:05,1.23,48.0,30.42,24.0,228.72,9.0,06:27:00,17:46:00
22739,1478530506,11/7/2016 12:00:00 AM,04:55:06,1.25,47.0,30.42,25.0,213.49,7.87,06:27:00,17:46:00
22740,1478530202,11/7/2016 12:00:00 AM,04:50:02,1.23,46.0,30.42,25.0,204.03,11.25,06:27:00,17:46:00
22741,1478529902,11/7/2016 12:00:00 AM,04:45:02,1.24,46.0,30.42,25.0,202.67,13.5,06:27:00,17:46:00
22742,1478529601,11/7/2016 12:00:00 AM,04:40:01,1.19,46.0,30.42,26.0,205.08,10.12,06:27:00,17:46:00
22743,1478529302,11/7/2016 12:00:00 AM,04:35:02,1.24,47.0,30.42,25.0,209.6,11.25,06:27:00,17:46:00
22744,1478529001,11/7/2016 12:00:00 AM,04:30:01,1.21,47.0,30.42,25.0,207.74,11.25,06:27:00,17:46:00
22745,1478528704,11/7/2016 12:00:00 AM,04:25:04,1.25,49.0,30.43,25.0,206.99,9.0,06:27:00,17:46:00
22746,1478528405,11/7/2016 12:00:00 AM,04:20:05,1.22,50.0,30.43,23.0,209.07,5.62,06:27:00,17:46:00
22747,1478528103,11/7/2016 12:00:00 AM,04:15:03,1.27,50.0,30.43,22.0,226.06,5.62,06:27:00,17:46:00
22748,1478527801,11/7/2016 12:00:00 AM,04:10:01,1.22,50.0,30.43,22.0,266.58,7.87,06:27:00,17:46:00
22749,1478527502,11/7/2016 12:00:00 AM,04:05:02,1.24,48.0,30.43,24.0,233.79,3.37,06:27:00,17:46:00
22750,1478527202,11/7/2016 12:00:00 AM,04:00:02,1.24,48.0,30.43,25.0,211.39,7.87,06:27:00,17:46:00
22751,1478526905,11/7/2016 12:00:00 AM,03:55:05,1.23,49.0,30.42,25.0,194.17,11.25,06:27:00,17:46:00
22752,1478526602,11/7/2016 12:00:00 AM,03:50:02,1.23,50.0,30.42,24.0,224.14,6.75,06:27:00,17:46:00
22753,1478526302,11/7/2016 12:00:00 AM,03:45:02,1.21,50.0,30.42,24.0,223.11,5.62,06:27:00,17:46:00
22754,1478526002,11/7/2016 12:00:00 AM,03:40:02,1.24,49.0,30.42,25.0,230.89,6.75,06:27:00,17:46:00
22755,1478525701,11/7/2016 12:00:00 AM,03:35:01,1.24,48.0,30.42,26.0,217.39,7.87,06:27:00,17:46:00
22756,1478525407,11/7/2016 12:00:00 AM,03:30:07,1.24,47.0,30.42,27.0,209.17,7.87,06:27:00,17:46:00
22757,1478525102,11/7/2016 12:00:00 AM,03:25:02,1.26,47.0,30.41,27.0,209.68,10.12,06:27:00,17:46:00
22758,1478524801,11/7/2016 12:00:00 AM,03:20:01,1.23,47.0,30.41,27.0,196.91,9.0,06:27:00,17:46:00
22759,1478524501,11/7/2016 12:00:00 AM,03:15:01,1.21,47.0,30.42,28.0,205.47,12.37,06:27:00,17:46:00
22760,1478524202,11/7/2016 12:00:00 AM,03:10:02,1.2,47.0,30.42,28.0,198.58,10.12,06:27:00,17:46:00
22761,1478523902,11/7/2016 12:00:00 AM,03:05:02,1.24,47.0,30.43,29.0,199.41,11.25,06:27:00,17:46:00
22762,1478523601,11/7/2016 12:00:00 AM,03:00:01,1.22,47.0,30.43,29.0,203.82,11.25,06:27:00,17:46:00
22763,1478523304,11/7/2016 12:00:00 AM,02:55:04,1.23,47.0,30.43,29.0,206.34,9.0,06:27:00,17:46:00
22764,1478523002,11/7/2016 12:00:00 AM,02:50:02,1.21,47.0,30.43,29.0,207.58,9.0,06:27:00,17:46:00
22765,1478522702,11/7/2016 12:00:00 AM,02:45:02,1.23,47.0,30.43,28.0,206.44,11.25,06:27:00,17:46:00
22766,1478522402,11/7/2016 12:00:00 AM,02:40:02,1.28,48.0,30.43,28.0,195.24,11.25,06:27:00,17:46:00
22767,1478522101,11/7/2016 12:00:00 AM,02:35:01,1.24,47.0,30.43,27.0,214.84,6.75,06:27:00,17:46:00
22768,1478521804,11/7/2016 12:00:00 AM,02:30:04,1.19,47.0,30.43,28.0,313.2,0.0,06:27:00,17:46:00
22769,1478521502,11/7/2016 12:00:00 AM,02:25:02,1.22,47.0,30.43,28.0,203.71,7.87,06:27:00,17:46:00
22770,1478521202,11/7/2016 12:00:00 AM,02:20:02,1.23,48.0,30.43,28.0,212.4,5.62,06:27:00,17:46:00
22771,1478520901,11/7/2016 12:00:00 AM,02:15:01,1.2,48.0,30.43,29.0,204.95,6.75,06:27:00,17:46:00
22772,1478520601,11/7/2016 12:00:00 AM,02:10:01,1.25,48.0,30.43,28.0,200.37,7.87,06:27:00,17:46:00
22773,1478520302,11/7/2016 12:00:00 AM,02:05:02,1.27,48.0,30.43,28.0,196.84,10.12,06:27:00,17:46:00
22774,1478520004,11/7/2016 12:00:00 AM,02:00:04,1.24,48.0,30.43,29.0,191.04,10.12,06:27:00,17:46:00
22775,1478519701,11/7/2016 12:00:00 AM,01:55:01,1.24,48.0,30.43,30.0,193.83,11.25,06:27:00,17:46:00
22776,1478519402,11/7/2016 12:00:00 AM,01:50:02,1.21,48.0,30.44,31.0,192.95,12.37,06:27:00,17:46:00
22777,1478519101,11/7/2016 12:00:00 AM,01:45:01,1.24,48.0,30.44,30.0,188.76,9.0,06:27:00,17:46:00
22778,1478518802,11/7/2016 12:00:00 AM,01:40:02,1.22,48.0,30.44,31.0,193.93,12.37,06:27:00,17:46:00
22779,1478518502,11/7/2016 12:00:00 AM,01:35:02,1.24,48.0,30.44,32.0,185.18,11.25,06:27:00,17:46:00
22780,1478518202,11/7/2016 12:00:00 AM,01:30:02,1.25,48.0,30.44,32.0,194.57,10.12,06:27:00,17:46:00
22781,1478517902,11/7/2016 12:00:00 AM,01:25:02,1.25,48.0,30.44,32.0,195.09,4.5,06:27:00,17:46:00
22782,1478517604,11/7/2016 12:00:00 AM,01:20:04,1.25,48.0,30.44,31.0,196.89,11.25,06:27:00,17:46:00
22783,1478517306,11/7/2016 12:00:00 AM,01:15:06,1.24,48.0,30.44,31.0,197.66,11.25,06:27:00,17:46:00
22784,1478517004,11/7/2016 12:00:00 AM,01:10:04,1.23,48.0,30.44,30.0,194.76,12.37,06:27:00,17:46:00
22785,1478516704,11/7/2016 12:00:00 AM,01:05:04,1.24,48.0,30.44,30.0,194.5,9.0,06:27:00,17:46:00
22786,1478516402,11/7/2016 12:00:00 AM,01:00:02,1.24,48.0,30.44,30.0,199.87,10.12,06:27:00,17:46:00
22787,1478516104,11/7/2016 12:00:00 AM,00:55:04,1.23,48.0,30.44,29.0,189.81,7.87,06:27:00,17:46:00
22788,1478515807,11/7/2016 12:00:00 AM,00:50:07,1.23,48.0,30.45,30.0,197.32,7.87,06:27:00,17:46:00
22789,1478515502,11/7/2016 12:00:00 AM,00:45:02,1.25,48.0,30.45,29.0,204.2,11.25,06:27:00,17:46:00
22790,1478515202,11/7/2016 12:00:00 AM,00:40:02,1.25,49.0,30.45,28.0,198.76,9.0,06:27:00,17:46:00
22791,1478514902,11/7/2016 12:00:00 AM,00:35:02,1.24,49.0,30.46,28.0,191.61,7.87,06:27:00,17:46:00
22792,1478514601,11/7/2016 12:00:00 AM,00:30:01,1.23,49.0,30.46,26.0,209.5,3.37,06:27:00,17:46:00
22793,1478514302,11/7/2016 12:00:00 AM,00:25:02,1.23,50.0,30.46,28.0,221.73,4.5,06:27:00,17:46:00
22794,1478514001,11/7/2016 12:00:00 AM,00:20:01,1.22,50.0,30.46,27.0,228.59,2.25,06:27:00,17:46:00
22795,1478513704,11/7/2016 12:00:00 AM,00:15:04,1.24,49.0,30.46,27.0,228.55,1.12,06:27:00,17:46:00
22796,1478513401,11/7/2016 12:00:00 AM,00:10:01,1.21,49.0,30.46,28.0,228.55,0.0,06:27:00,17:46:00
22797,1478513109,11/7/2016 12:00:00 AM,00:05:09,1.25,49.0,30.46,28.0,212.23,1.12,06:27:00,17:46:00
22798,1478512804,11/7/2016 12:00:00 AM,00:00:04,1.22,50.0,30.46,28.0,204.8,4.5,06:27:00,17:46:00
22799,1478512502,11/6/2016 12:00:00 AM,23:55:02,1.23,50.0,30.47,28.0,205.39,4.5,06:26:00,17:46:00
22800,1478512201,11/6/2016 12:00:00 AM,23:50:01,1.23,50.0,30.47,27.0,236.18,5.62,06:26:00,17:46:00
22801,1478511901,11/6/2016 12:00:00 AM,23:45:01,1.23,51.0,30.47,27.0,254.75,3.37,06:26:00,17:46:00
22802,1478511602,11/6/2016 12:00:00 AM,23:40:02,1.24,51.0,30.47,26.0,236.82,3.37,06:26:00,17:46:00
22803,1478511302,11/6/2016 12:00:00 AM,23:35:02,1.25,51.0,30.47,26.0,241.32,3.37,06:26:00,17:46:00
22804,1478511002,11/6/2016 12:00:00 AM,23:30:02,1.26,51.0,30.47,25.0,233.11,2.25,06:26:00,17:46:00
22805,1478510701,11/6/2016 12:00:00 AM,23:25:01,1.24,50.0,30.47,25.0,247.81,3.37,06:26:00,17:46:00
22806,1478510402,11/6/2016 12:00:00 AM,23:20:02,1.21,50.0,30.47,29.0,212.64,6.75,06:26:00,17:46:00
22807,1478510103,11/6/2016 12:00:00 AM,23:15:03,1.23,50.0,30.47,28.0,221.05,4.5,06:26:00,17:46:00
22808,1478509801,11/6/2016 12:00:00 AM,23:10:01,1.26,50.0,30.47,27.0,209.85,6.75,06:26:00,17:46:00
22809,1478509501,11/6/2016 12:00:00 AM,23:05:01,1.25,51.0,30.47,27.0,206.3,6.75,06:26:00,17:46:00
22810,1478509202,11/6/2016 12:00:00 AM,23:00:02,1.24,51.0,30.47,26.0,222.18,6.75,06:26:00,17:46:00
22811,1478508908,11/6/2016 12:00:00 AM,22:55:08,1.26,51.0,30.47,27.0,200.11,6.75,06:26:00,17:46:00
22812,1478508602,11/6/2016 12:00:00 AM,22:50:02,1.23,51.0,30.47,25.0,208.56,6.75,06:26:00,17:46:00
22813,1478508303,11/6/2016 12:00:00 AM,22:45:03,1.21,51.0,30.47,24.0,217.99,6.75,06:26:00,17:46:00
22814,1478508002,11/6/2016 12:00:00 AM,22:40:02,1.27,52.0,30.47,25.0,216.76,9.0,06:26:00,17:46:00
22815,1478507704,11/6/2016 12:00:00 AM,22:35:04,1.25,52.0,30.47,24.0,211.28,10.12,06:26:00,17:46:00
22816,1478507401,11/6/2016 12:00:00 AM,22:30:01,1.24,53.0,30.48,23.0,198.6,9.0,06:26:00,17:46:00
22817,1478507103,11/6/2016 12:00:00 AM,22:25:03,1.21,53.0,30.48,23.0,211.78,6.75,06:26:00,17:46:00
22818,1478506805,11/6/2016 12:00:00 AM,22:20:05,1.25,53.0,30.48,22.0,215.52,6.75,06:26:00,17:46:00
22819,1478506508,11/6/2016 12:00:00 AM,22:15:08,1.21,52.0,30.48,25.0,208.07,7.87,06:26:00,17:46:00
22820,1478506202,11/6/2016 12:00:00 AM,22:10:02,1.25,52.0,30.48,25.0,217.82,7.87,06:26:00,17:46:00
22821,1478505901,11/6/2016 12:00:00 AM,22:05:01,1.22,52.0,30.48,25.0,213.07,10.12,06:26:00,17:46:00
22822,1478505607,11/6/2016 12:00:00 AM,22:00:07,1.26,52.0,30.48,25.0,219.67,7.87,06:26:00,17:46:00
22823,1478505305,11/6/2016 12:00:00 AM,21:55:05,1.29,52.0,30.48,25.0,213.6,7.87,06:26:00,17:46:00
22824,1478505002,11/6/2016 12:00:00 AM,21:50:02,1.24,52.0,30.48,26.0,219.09,6.75,06:26:00,17:46:00
22825,1478504701,11/6/2016 12:00:00 AM,21:45:01,1.25,52.0,30.48,26.0,221.97,6.75,06:26:00,17:46:00
22826,1478504404,11/6/2016 12:00:00 AM,21:40:04,1.24,52.0,30.48,26.0,208.0,9.0,06:26:00,17:46:00
22827,1478504104,11/6/2016 12:00:00 AM,21:35:04,1.24,53.0,30.48,26.0,206.82,10.12,06:26:00,17:46:00
22828,1478503802,11/6/2016 12:00:00 AM,21:30:02,1.26,53.0,30.48,25.0,203.67,7.87,06:26:00,17:46:00
22829,1478503502,11/6/2016 12:00:00 AM,21:25:02,1.25,54.0,30.49,25.0,211.19,9.0,06:26:00,17:46:00
22830,1478503204,11/6/2016 12:00:00 AM,21:20:04,1.24,54.0,30.49,23.0,224.06,7.87,06:26:00,17:46:00
22831,1478502904,11/6/2016 12:00:00 AM,21:15:04,1.25,54.0,30.48,23.0,227.87,7.87,06:26:00,17:46:00
22832,1478502601,11/6/2016 12:00:00 AM,21:10:01,1.26,54.0,30.48,23.0,222.06,5.62,06:26:00,17:46:00
22833,1478502302,11/6/2016 12:00:00 AM,21:05:02,1.27,55.0,30.49,23.0,210.26,6.75,06:26:00,17:46:00
22834,1478502001,11/6/2016 12:00:00 AM,21:00:01,1.25,55.0,30.49,23.0,219.09,5.62,06:26:00,17:46:00
22835,1478501704,11/6/2016 12:00:00 AM,20:55:04,1.24,55.0,30.48,24.0,250.62,6.75,06:26:00,17:46:00
22836,1478501402,11/6/2016 12:00:00 AM,20:50:02,1.22,55.0,30.48,23.0,246.66,5.62,06:26:00,17:46:00
22837,1478501109,11/6/2016 12:00:00 AM,20:45:09,1.27,55.0,30.48,24.0,243.67,7.87,06:26:00,17:46:00
22838,1478500801,11/6/2016 12:00:00 AM,20:40:01,1.28,55.0,30.48,25.0,241.51,4.5,06:26:00,17:46:00
22839,1478500502,11/6/2016 12:00:00 AM,20:35:02,1.25,54.0,30.48,27.0,223.01,6.75,06:26:00,17:46:00
22840,1478500208,11/6/2016 12:00:00 AM,20:30:08,1.24,54.0,30.48,28.0,229.65,9.0,06:26:00,17:46:00
22841,1478499903,11/6/2016 12:00:00 AM,20:25:03,1.29,53.0,30.48,27.0,218.98,7.87,06:26:00,17:46:00
22842,1478499602,11/6/2016 12:00:00 AM,20:20:02,1.24,53.0,30.48,29.0,217.12,7.87,06:26:00,17:46:00
22843,1478499303,11/6/2016 12:00:00 AM,20:15:03,1.24,53.0,30.48,30.0,204.12,9.0,06:26:00,17:46:00
22844,1478499001,11/6/2016 12:00:00 AM,20:10:01,1.23,54.0,30.48,28.0,214.52,5.62,06:26:00,17:46:00
22845,1478498701,11/6/2016 12:00:00 AM,20:05:01,1.29,54.0,30.48,29.0,220.53,7.87,06:26:00,17:46:00
22846,1478498403,11/6/2016 12:00:00 AM,20:00:03,1.27,55.0,30.48,27.0,219.71,6.75,06:26:00,17:46:00
22847,1478498101,11/6/2016 12:00:00 AM,19:55:01,1.24,55.0,30.48,27.0,218.17,6.75,06:26:00,17:46:00
22848,1478497804,11/6/2016 12:00:00 AM,19:50:04,1.26,55.0,30.48,27.0,225.65,6.75,06:26:00,17:46:00
22849,1478497502,11/6/2016 12:00:00 AM,19:45:02,1.25,55.0,30.48,30.0,232.15,5.62,06:26:00,17:46:00
22850,1478497202,11/6/2016 12:00:00 AM,19:40:02,1.28,55.0,30.48,31.0,229.1,7.87,06:26:00,17:46:00
22851,1478496902,11/6/2016 12:00:00 AM,19:35:02,1.27,56.0,30.48,33.0,238.21,5.62,06:26:00,17:46:00
22852,1478496604,11/6/2016 12:00:00 AM,19:30:04,1.25,56.0,30.47,36.0,245.67,6.75,06:26:00,17:46:00
22853,1478496302,11/6/2016 12:00:00 AM,19:25:02,1.25,56.0,30.47,39.0,239.0,6.75,06:26:00,17:46:00
22854,1478496005,11/6/2016 12:00:00 AM,19:20:05,1.27,56.0,30.47,42.0,229.11,7.87,06:26:00,17:46:00
22855,1478495704,11/6/2016 12:00:00 AM,19:15:04,1.22,55.0,30.47,51.0,236.6,9.0,06:26:00,17:46:00
22856,1478495404,11/6/2016 12:00:00 AM,19:10:04,1.25,55.0,30.47,62.0,232.4,7.87,06:26:00,17:46:00
22857,1478495103,11/6/2016 12:00:00 AM,19:05:03,1.28,54.0,30.47,69.0,217.32,10.12,06:26:00,17:46:00
22858,1478494802,11/6/2016 12:00:00 AM,19:00:02,1.25,54.0,30.47,84.0,212.07,9.0,06:26:00,17:46:00
22859,1478494501,11/6/2016 12:00:00 AM,18:55:01,1.24,54.0,30.46,86.0,227.19,11.25,06:26:00,17:46:00
22860,1478494201,11/6/2016 12:00:00 AM,18:50:01,1.24,54.0,30.46,81.0,251.33,10.12,06:26:00,17:46:00
22861,1478493902,11/6/2016 12:00:00 AM,18:45:02,1.27,54.0,30.47,83.0,278.15,11.25,06:26:00,17:46:00
22862,1478493602,11/6/2016 12:00:00 AM,18:40:02,1.26,55.0,30.47,85.0,293.23,7.87,06:26:00,17:46:00
22863,1478493301,11/6/2016 12:00:00 AM,18:35:01,1.26,55.0,30.47,88.0,309.45,9.0,06:26:00,17:46:00
22864,1478493004,11/6/2016 12:00:00 AM,18:30:04,1.25,56.0,30.46,86.0,299.04,7.87,06:26:00,17:46:00
22865,1478492702,11/6/2016 12:00:00 AM,18:25:02,1.29,57.0,30.46,81.0,300.49,6.75,06:26:00,17:46:00
22866,1478492402,11/6/2016 12:00:00 AM,18:20:02,1.29,57.0,30.45,51.0,301.88,6.75,06:26:00,17:46:00
22867,1478492101,11/6/2016 12:00:00 AM,18:15:01,1.26,57.0,30.45,65.0,277.06,6.75,06:26:00,17:46:00
22868,1478491804,11/6/2016 12:00:00 AM,18:10:04,1.26,57.0,30.45,77.0,283.05,6.75,06:26:00,17:46:00
22869,1478491502,11/6/2016 12:00:00 AM,18:05:02,1.25,57.0,30.45,79.0,321.73,6.75,06:26:00,17:46:00
22870,1478491205,11/6/2016 12:00:00 AM,18:00:05,2.3,57.0,30.45,58.0,292.94,7.87,06:26:00,17:46:00
22871,1478490902,11/6/2016 12:00:00 AM,17:55:02,4.01,57.0,30.45,64.0,271.71,7.87,06:26:00,17:46:00
22872,1478490603,11/6/2016 12:00:00 AM,17:50:03,5.08,57.0,30.45,79.0,293.0,5.62,06:26:00,17:46:00
22873,1478490305,11/6/2016 12:00:00 AM,17:45:05,7.02,57.0,30.45,80.0,302.56,6.75,06:26:00,17:46:00
22874,1478490004,11/6/2016 12:00:00 AM,17:40:04,10.25,57.0,30.45,81.0,295.98,3.37,06:26:00,17:46:00
22875,1478489701,11/6/2016 12:00:00 AM,17:35:01,13.93,57.0,30.45,82.0,303.84,3.37,06:26:00,17:46:00
22876,1478489408,11/6/2016 12:00:00 AM,17:30:08,18.94,57.0,30.45,81.0,303.66,5.62,06:26:00,17:46:00
22877,1478489102,11/6/2016 12:00:00 AM,17:25:02,28.09,58.0,30.45,79.0,308.93,5.62,06:26:00,17:46:00
22878,1478488802,11/6/2016 12:00:00 AM,17:20:02,27.87,58.0,30.45,77.0,322.63,7.87,06:26:00,17:46:00
22879,1478488501,11/6/2016 12:00:00 AM,17:15:01,23.52,59.0,30.45,77.0,318.6,9.0,06:26:00,17:46:00
22880,1478488201,11/6/2016 12:00:00 AM,17:10:01,30.58,59.0,30.45,77.0,315.89,6.75,06:26:00,17:46:00
22881,1478487902,11/6/2016 12:00:00 AM,17:05:02,42.37,60.0,30.44,76.0,325.4,4.5,06:26:00,17:46:00
22882,1478487602,11/6/2016 12:00:00 AM,17:00:02,66.77,60.0,30.44,76.0,345.88,2.25,06:26:00,17:46:00
22883,1478487302,11/6/2016 12:00:00 AM,16:55:02,98.07,60.0,30.44,75.0,314.29,5.62,06:26:00,17:46:00
22884,1478487001,11/6/2016 12:00:00 AM,16:50:01,91.19,60.0,30.44,74.0,306.49,7.87,06:26:00,17:46:00
22885,1478486701,11/6/2016 12:00:00 AM,16:45:01,70.77,60.0,30.44,73.0,329.14,5.62,06:26:00,17:46:00
22886,1478486402,11/6/2016 12:00:00 AM,16:40:02,76.21,60.0,30.44,74.0,323.32,6.75,06:26:00,17:46:00
22887,1478486101,11/6/2016 12:00:00 AM,16:35:01,84.48,60.0,30.44,75.0,343.77,5.62,06:26:00,17:46:00
22888,1478485804,11/6/2016 12:00:00 AM,16:30:04,89.0,60.0,30.44,74.0,31.72,4.5,06:26:00,17:46:00
22889,1478485504,11/6/2016 12:00:00 AM,16:25:04,78.97,60.0,30.44,72.0,24.09,6.75,06:26:00,17:46:00
22890,1478485202,11/6/2016 12:00:00 AM,16:20:02,109.57,60.0,30.44,69.0,44.23,4.5,06:26:00,17:46:00
22891,1478484903,11/6/2016 12:00:00 AM,16:15:03,57.47,61.0,30.44,69.0,30.53,2.25,06:26:00,17:46:00
22892,1478484601,11/6/2016 12:00:00 AM,16:10:01,57.43,61.0,30.44,69.0,30.71,5.62,06:26:00,17:46:00
22893,1478484305,11/6/2016 12:00:00 AM,16:05:05,57.03,61.0,30.44,70.0,0.11,5.62,06:26:00,17:46:00
22894,1478484002,11/6/2016 12:00:00 AM,16:00:02,73.33,61.0,30.44,67.0,3.52,7.87,06:26:00,17:46:00
22895,1478483702,11/6/2016 12:00:00 AM,15:55:02,84.6,62.0,30.43,70.0,336.21,6.75,06:26:00,17:46:00
22896,1478483401,11/6/2016 12:00:00 AM,15:50:01,70.42,62.0,30.44,69.0,0.14,7.87,06:26:00,17:46:00
22897,1478483104,11/6/2016 12:00:00 AM,15:45:04,75.17,63.0,30.44,67.0,12.92,2.25,06:26:00,17:46:00
22898,1478482803,11/6/2016 12:00:00 AM,15:40:03,200.59,64.0,30.44,67.0,17.29,6.75,06:26:00,17:46:00
22899,1478482505,11/6/2016 12:00:00 AM,15:35:05,478.47,64.0,30.43,67.0,48.42,4.5,06:26:00,17:46:00
22900,1478482205,11/6/2016 12:00:00 AM,15:30:05,505.55,65.0,30.44,65.0,28.54,4.5,06:26:00,17:46:00
22901,1478481901,11/6/2016 12:00:00 AM,15:25:01,524.18,64.0,30.43,63.0,57.43,6.75,06:26:00,17:46:00
22902,1478481604,11/6/2016 12:00:00 AM,15:20:04,536.83,65.0,30.44,65.0,24.92,10.12,06:26:00,17:46:00
22903,1478481302,11/6/2016 12:00:00 AM,15:15:02,553.39,65.0,30.43,61.0,0.44,1.12,06:26:00,17:46:00
22904,1478481001,11/6/2016 12:00:00 AM,15:10:01,564.25,64.0,30.43,61.0,33.6,2.25,06:26:00,17:46:00
22905,1478480702,11/6/2016 12:00:00 AM,15:05:02,585.11,64.0,30.44,61.0,42.62,6.75,06:26:00,17:46:00
22906,1478480402,11/6/2016 12:00:00 AM,15:00:02,598.43,64.0,30.44,62.0,90.8,3.37,06:26:00,17:46:00
22907,1478480105,11/6/2016 12:00:00 AM,14:55:05,613.13,65.0,30.44,61.0,80.59,6.75,06:26:00,17:46:00
22908,1478479803,11/6/2016 12:00:00 AM,14:50:03,634.56,64.0,30.44,59.0,85.07,4.5,06:26:00,17:46:00
22909,1478479501,11/6/2016 12:00:00 AM,14:45:01,644.03,65.0,30.44,58.0,32.56,6.75,06:26:00,17:46:00
22910,1478479202,11/6/2016 12:00:00 AM,14:40:02,661.28,65.0,30.44,58.0,9.52,7.87,06:26:00,17:46:00
22911,1478478901,11/6/2016 12:00:00 AM,14:35:01,675.84,65.0,30.44,59.0,33.46,3.37,06:26:00,17:46:00
22912,1478478602,11/6/2016 12:00:00 AM,14:30:02,693.26,65.0,30.44,59.0,4.63,5.62,06:26:00,17:46:00
22913,1478478303,11/6/2016 12:00:00 AM,14:25:03,708.09,64.0,30.44,56.0,15.62,6.75,06:26:00,17:46:00
22914,1478478003,11/6/2016 12:00:00 AM,14:20:03,718.84,64.0,30.44,60.0,358.19,6.75,06:26:00,17:46:00
22915,1478477704,11/6/2016 12:00:00 AM,14:15:04,728.08,64.0,30.44,56.0,42.13,3.37,06:26:00,17:46:00
22916,1478477404,11/6/2016 12:00:00 AM,14:10:04,743.61,65.0,30.44,58.0,336.46,6.75,06:26:00,17:46:00
22917,1478477103,11/6/2016 12:00:00 AM,14:05:03,759.52,65.0,30.44,56.0,148.87,6.75,06:26:00,17:46:00
22918,1478476802,11/6/2016 12:00:00 AM,14:00:02,769.15,65.0,30.45,52.0,2.81,2.25,06:26:00,17:46:00
22919,1478476501,11/6/2016 12:00:00 AM,13:55:01,778.88,66.0,30.45,50.0,349.1,7.87,06:26:00,17:46:00
22920,1478476204,11/6/2016 12:00:00 AM,13:50:04,794.18,66.0,30.45,52.0,358.67,11.25,06:26:00,17:46:00
22921,1478475902,11/6/2016 12:00:00 AM,13:45:02,803.85,66.0,30.45,51.0,23.26,5.62,06:26:00,17:46:00
22922,1478475602,11/6/2016 12:00:00 AM,13:40:02,820.77,66.0,30.45,43.0,336.44,7.87,06:26:00,17:46:00
22923,1478475308,11/6/2016 12:00:00 AM,13:35:08,829.56,66.0,30.45,46.0,285.08,7.87,06:26:00,17:46:00
22924,1478475004,11/6/2016 12:00:00 AM,13:30:04,843.63,66.0,30.45,48.0,37.97,4.5,06:26:00,17:46:00
22925,1478474704,11/6/2016 12:00:00 AM,13:25:04,857.34,66.0,30.45,44.0,23.89,2.25,06:26:00,17:46:00
22926,1478474403,11/6/2016 12:00:00 AM,13:20:03,863.91,66.0,30.45,45.0,25.9,11.25,06:26:00,17:46:00
22927,1478474101,11/6/2016 12:00:00 AM,13:15:01,876.28,66.0,30.45,43.0,343.63,2.25,06:26:00,17:46:00
22928,1478473802,11/6/2016 12:00:00 AM,13:10:02,885.63,66.0,30.45,42.0,31.61,10.12,06:26:00,17:46:00
22929,1478473502,11/6/2016 12:00:00 AM,13:05:02,891.28,66.0,30.46,40.0,334.69,4.5,06:26:00,17:46:00
22930,1478473201,11/6/2016 12:00:00 AM,13:00:01,899.09,66.0,30.46,37.0,20.74,9.0,06:26:00,17:46:00
22931,1478472902,11/6/2016 12:00:00 AM,12:55:02,907.9,67.0,30.46,36.0,14.75,5.62,06:26:00,17:46:00
22932,1478472603,11/6/2016 12:00:00 AM,12:50:03,916.01,67.0,30.46,31.0,32.22,9.0,06:26:00,17:46:00
22933,1478472302,11/6/2016 12:00:00 AM,12:45:02,920.97,67.0,30.46,30.0,34.0,7.87,06:26:00,17:46:00
22934,1478472005,11/6/2016 12:00:00 AM,12:40:05,924.6,67.0,30.46,28.0,7.82,5.62,06:26:00,17:46:00
22935,1478471702,11/6/2016 12:00:00 AM,12:35:02,930.2,67.0,30.47,28.0,19.29,9.0,06:26:00,17:46:00
22936,1478471402,11/6/2016 12:00:00 AM,12:30:02,935.95,67.0,30.47,27.0,15.46,10.12,06:26:00,17:46:00
22937,1478471102,11/6/2016 12:00:00 AM,12:25:02,936.9,66.0,30.47,26.0,356.41,10.12,06:26:00,17:46:00
22938,1478470803,11/6/2016 12:00:00 AM,12:20:03,939.17,66.0,30.47,25.0,50.42,4.5,06:26:00,17:46:00
22939,1478470502,11/6/2016 12:00:00 AM,12:15:02,940.12,67.0,30.47,25.0,336.44,6.75,06:26:00,17:46:00
22940,1478470201,11/6/2016 12:00:00 AM,12:10:01,943.21,67.0,30.48,23.0,359.74,6.75,06:26:00,17:46:00
22941,1478469901,11/6/2016 12:00:00 AM,12:05:01,942.36,66.0,30.48,22.0,39.22,6.75,06:26:00,17:46:00
22942,1478469606,11/6/2016 12:00:00 AM,12:00:06,941.19,66.0,30.48,24.0,96.75,2.25,06:26:00,17:46:00
22943,1478469301,11/6/2016 12:00:00 AM,11:55:01,939.47,66.0,30.48,25.0,36.52,7.87,06:26:00,17:46:00
22944,1478469004,11/6/2016 12:00:00 AM,11:50:04,936.49,66.0,30.48,24.0,22.79,4.5,06:26:00,17:46:00
22945,1478468702,11/6/2016 12:00:00 AM,11:45:02,935.39,66.0,30.48,24.0,21.09,3.37,06:26:00,17:46:00
22946,1478468401,11/6/2016 12:00:00 AM,11:40:01,934.95,65.0,30.48,25.0,342.63,9.0,06:26:00,17:46:00
22947,1478468102,11/6/2016 12:00:00 AM,11:35:02,930.1,65.0,30.48,25.0,17.18,3.37,06:26:00,17:46:00
22948,1478467803,11/6/2016 12:00:00 AM,11:30:03,927.34,65.0,30.49,26.0,50.64,0.0,06:26:00,17:46:00
22949,1478467502,11/6/2016 12:00:00 AM,11:25:02,923.64,65.0,30.49,26.0,59.01,4.5,06:26:00,17:46:00
22950,1478467202,11/6/2016 12:00:00 AM,11:20:02,920.23,65.0,30.49,25.0,17.19,4.5,06:26:00,17:46:00
22951,1478466901,11/6/2016 12:00:00 AM,11:15:01,912.36,65.0,30.49,26.0,14.24,6.75,06:26:00,17:46:00
22952,1478466602,11/6/2016 12:00:00 AM,11:10:02,906.0,64.0,30.49,25.0,28.77,5.62,06:26:00,17:46:00
22953,1478466302,11/6/2016 12:00:00 AM,11:05:02,900.68,64.0,30.49,24.0,55.4,7.87,06:26:00,17:46:00
22954,1478466007,11/6/2016 12:00:00 AM,11:00:07,892.65,65.0,30.49,24.0,22.11,7.87,06:26:00,17:46:00
22955,1478465702,11/6/2016 12:00:00 AM,10:55:02,886.36,65.0,30.49,23.0,358.23,5.62,06:26:00,17:46:00
22956,1478465401,11/6/2016 12:00:00 AM,10:50:01,879.38,65.0,30.49,22.0,35.99,4.5,06:26:00,17:46:00
22957,1478465108,11/6/2016 12:00:00 AM,10:45:08,871.74,65.0,30.49,21.0,27.67,5.62,06:26:00,17:46:00
22958,1478464801,11/6/2016 12:00:00 AM,10:40:01,863.93,65.0,30.5,21.0,27.71,10.12,06:26:00,17:46:00
22959,1478464504,11/6/2016 12:00:00 AM,10:35:04,854.62,65.0,30.49,21.0,17.53,5.62,06:26:00,17:46:00
22960,1478464201,11/6/2016 12:00:00 AM,10:30:01,846.02,65.0,30.5,20.0,22.87,11.25,06:26:00,17:46:00
22961,1478463901,11/6/2016 12:00:00 AM,10:25:01,836.06,65.0,30.49,20.0,27.14,6.75,06:26:00,17:46:00
22962,1478463602,11/6/2016 12:00:00 AM,10:20:02,826.35,65.0,30.49,20.0,11.88,5.62,06:26:00,17:46:00
22963,1478463302,11/6/2016 12:00:00 AM,10:15:02,816.33,64.0,30.5,20.0,29.48,7.87,06:26:00,17:46:00
22964,1478463002,11/6/2016 12:00:00 AM,10:10:02,804.76,64.0,30.5,19.0,168.19,4.5,06:26:00,17:46:00
22965,1478462705,11/6/2016 12:00:00 AM,10:05:05,791.61,64.0,30.5,19.0,28.65,6.75,06:26:00,17:46:00
22966,1478462401,11/6/2016 12:00:00 AM,10:00:01,780.17,64.0,30.5,19.0,13.91,7.87,06:26:00,17:46:00
22967,1478462102,11/6/2016 12:00:00 AM,09:55:02,766.78,64.0,30.5,18.0,14.12,7.87,06:26:00,17:46:00
22968,1478461801,11/6/2016 12:00:00 AM,09:50:01,755.1,63.0,30.5,18.0,13.77,4.5,06:26:00,17:46:00
22969,1478461502,11/6/2016 12:00:00 AM,09:45:02,741.22,63.0,30.5,18.0,8.1,4.5,06:26:00,17:46:00
22970,1478461203,11/6/2016 12:00:00 AM,09:40:03,726.78,63.0,30.5,19.0,0.97,5.62,06:26:00,17:46:00
22971,1478460901,11/6/2016 12:00:00 AM,09:35:01,713.3,63.0,30.5,19.0,0.96,6.75,06:26:00,17:46:00
22972,1478460604,11/6/2016 12:00:00 AM,09:30:04,698.69,63.0,30.5,18.0,14.07,6.75,06:26:00,17:46:00
22973,1478460304,11/6/2016 12:00:00 AM,09:25:04,682.92,63.0,30.5,19.0,0.1,6.75,06:26:00,17:46:00
22974,1478460001,11/6/2016 12:00:00 AM,09:20:01,666.78,63.0,30.5,18.0,0.11,5.62,06:26:00,17:46:00
22975,1478459702,11/6/2016 12:00:00 AM,09:15:02,652.3,62.0,30.5,18.0,2.22,6.75,06:26:00,17:46:00
22976,1478459401,11/6/2016 12:00:00 AM,09:10:01,636.45,63.0,30.49,17.0,17.24,3.37,06:26:00,17:46:00
22977,1478459101,11/6/2016 12:00:00 AM,09:05:01,619.11,63.0,30.5,17.0,1.76,4.5,06:26:00,17:46:00
22978,1478458801,11/6/2016 12:00:00 AM,09:00:01,602.23,62.0,30.49,18.0,42.1,1.12,06:26:00,17:46:00
22979,1478458502,11/6/2016 12:00:00 AM,08:55:02,585.09,62.0,30.49,17.0,48.68,6.75,06:26:00,17:46:00
22980,1478458201,11/6/2016 12:00:00 AM,08:50:01,567.64,62.0,30.49,17.0,78.35,6.75,06:26:00,17:46:00
22981,1478457902,11/6/2016 12:00:00 AM,08:45:02,549.17,61.0,30.48,17.0,57.33,4.5,06:26:00,17:46:00
22982,1478457602,11/6/2016 12:00:00 AM,08:40:02,531.08,61.0,30.48,17.0,65.67,7.87,06:26:00,17:46:00
22983,1478457301,11/6/2016 12:00:00 AM,08:35:01,512.11,61.0,30.48,74.83719267708949,107.36,5.62,06:26:00,17:46:00
22984,1478457002,11/6/2016 12:00:00 AM,08:30:02,493.8,60.0,30.48,17.0,84.99,7.87,06:26:00,17:46:00
22985,1478456701,11/6/2016 12:00:00 AM,08:25:01,474.67,60.0,30.48,17.0,15.1,5.62,06:26:00,17:46:00
22986,1478456402,11/6/2016 12:00:00 AM,08:20:02,455.53,60.0,30.48,18.0,35.8,9.0,06:26:00,17:46:00
22987,1478456116,11/6/2016 12:00:00 AM,08:15:16,436.96,59.0,30.48,19.0,67.71,4.5,06:26:00,17:46:00
22988,1478455804,11/6/2016 12:00:00 AM,08:10:04,416.46,59.0,30.48,19.0,67.52,1.12,06:26:00,17:46:00
22989,1478455501,11/6/2016 12:00:00 AM,08:05:01,396.03,58.0,30.48,20.0,55.29,2.25,06:26:00,17:46:00
22990,1478455201,11/6/2016 12:00:00 AM,08:00:01,375.91,57.0,30.48,20.0,81.0,2.25,06:26:00,17:46:00
22991,1478454901,11/6/2016 12:00:00 AM,07:55:01,353.74,56.0,30.48,22.0,96.95,1.12,06:26:00,17:46:00
22992,1478454602,11/6/2016 12:00:00 AM,07:50:02,331.69,55.0,30.48,22.0,129.44,4.5,06:26:00,17:46:00
22993,1478454302,11/6/2016 12:00:00 AM,07:45:02,306.58,53.0,30.48,23.0,114.32,5.62,06:26:00,17:46:00
22994,1478454001,11/6/2016 12:00:00 AM,07:40:01,279.17,52.0,30.47,24.0,142.69,9.0,06:26:00,17:46:00
22995,1478453702,11/6/2016 12:00:00 AM,07:35:02,24.65,51.0,30.47,25.0,160.11,4.5,06:26:00,17:46:00
22996,1478453402,11/6/2016 12:00:00 AM,07:30:02,21.85,51.0,30.47,25.0,167.52,4.5,06:26:00,17:46:00
22997,1478453102,11/6/2016 12:00:00 AM,07:25:02,21.34,50.0,30.47,24.0,125.58,3.37,06:26:00,17:46:00
22998,1478452804,11/6/2016 12:00:00 AM,07:20:04,20.7,49.0,30.47,25.0,108.13,4.5,06:26:00,17:46:00
22999,1478452502,11/6/2016 12:00:00 AM,07:15:02,20.14,48.0,30.47,27.0,178.05,4.5,06:26:00,17:46:00
23000,1478452202,11/6/2016 12:00:00 AM,07:10:02,19.29,48.0,30.47,28.0,190.06,7.87,06:26:00,17:46:00
23001,1478451904,11/6/2016 12:00:00 AM,07:05:04,18.56,47.0,30.47,28.0,193.93,9.0,06:26:00,17:46:00
23002,1478451601,11/6/2016 12:00:00 AM,07:00:01,17.62,48.0,30.46,28.0,190.33,9.0,06:26:00,17:46:00
23003,1478451305,11/6/2016 12:00:00 AM,06:55:05,16.49,48.0,30.46,27.0,187.96,10.12,06:26:00,17:46:00
23004,1478451005,11/6/2016 12:00:00 AM,06:50:05,15.25,48.0,30.46,26.0,186.69,12.37,06:26:00,17:46:00
23005,1478450705,11/6/2016 12:00:00 AM,06:45:05,13.8,48.0,30.46,26.0,173.38,12.37,06:26:00,17:46:00
23006,1478450404,11/6/2016 12:00:00 AM,06:40:04,12.08,47.0,30.46,26.0,187.61,13.5,06:26:00,17:46:00
23007,1478450102,11/6/2016 12:00:00 AM,06:35:02,10.14,47.0,30.46,26.0,182.96,12.37,06:26:00,17:46:00
23008,1478449802,11/6/2016 12:00:00 AM,06:30:02,8.1,47.0,30.46,28.0,162.74,7.87,06:26:00,17:46:00
23009,1478449503,11/6/2016 12:00:00 AM,06:25:03,6.03,47.0,30.46,28.0,184.88,7.87,06:26:00,17:46:00
23010,1478449202,11/6/2016 12:00:00 AM,06:20:02,3.89,47.0,30.46,28.0,185.77,7.87,06:26:00,17:46:00
23011,1478448902,11/6/2016 12:00:00 AM,06:15:02,2.2,47.0,30.46,28.0,174.74,3.37,06:26:00,17:46:00
23012,1478448603,11/6/2016 12:00:00 AM,06:10:03,1.27,47.0,30.45,28.0,178.14,9.0,06:26:00,17:46:00
23013,1478448304,11/6/2016 12:00:00 AM,06:05:04,1.23,47.0,30.45,28.0,194.06,7.87,06:26:00,17:46:00
23014,1478448002,11/6/2016 12:00:00 AM,06:00:02,1.19,47.0,30.45,28.0,187.98,12.37,06:26:00,17:46:00
23015,1478447706,11/6/2016 12:00:00 AM,05:55:06,1.22,47.0,30.45,28.0,189.48,10.12,06:26:00,17:46:00
23016,1478447402,11/6/2016 12:00:00 AM,05:50:02,1.22,47.0,30.45,28.0,196.19,11.25,06:26:00,17:46:00
23017,1478447102,11/6/2016 12:00:00 AM,05:45:02,1.24,47.0,30.45,28.0,185.49,11.25,06:26:00,17:46:00
23018,1478446804,11/6/2016 12:00:00 AM,05:40:04,1.23,47.0,30.45,28.0,190.38,11.25,06:26:00,17:46:00
23019,1478446502,11/6/2016 12:00:00 AM,05:35:02,1.22,47.0,30.44,28.0,191.92,14.62,06:26:00,17:46:00
23020,1478446202,11/6/2016 12:00:00 AM,05:30:02,1.23,47.0,30.44,28.0,187.61,11.25,06:26:00,17:46:00
23021,1478445902,11/6/2016 12:00:00 AM,05:25:02,1.22,46.0,30.44,29.0,189.55,13.5,06:26:00,17:46:00
23022,1478445602,11/6/2016 12:00:00 AM,05:20:02,1.24,46.0,30.44,29.0,187.38,12.37,06:26:00,17:46:00
23023,1478445301,11/6/2016 12:00:00 AM,05:15:01,1.22,46.0,30.44,28.0,190.17,10.12,06:26:00,17:46:00
23024,1478445001,11/6/2016 12:00:00 AM,05:10:01,1.23,46.0,30.45,27.0,154.58,5.62,06:26:00,17:46:00
23025,1478444701,11/6/2016 12:00:00 AM,05:05:01,1.21,46.0,30.45,28.0,149.69,9.0,06:26:00,17:46:00
23026,1478444401,11/6/2016 12:00:00 AM,05:00:01,1.22,46.0,30.45,26.0,172.27,11.25,06:26:00,17:46:00
23027,1478444102,11/6/2016 12:00:00 AM,04:55:02,1.19,46.0,30.45,28.0,184.91,5.62,06:26:00,17:46:00
23028,1478443802,11/6/2016 12:00:00 AM,04:50:02,1.19,45.0,30.45,28.0,186.3,9.0,06:26:00,17:46:00
23029,1478443502,11/6/2016 12:00:00 AM,04:45:02,1.21,45.0,30.45,27.0,189.33,7.87,06:26:00,17:46:00
23030,1478443202,11/6/2016 12:00:00 AM,04:40:02,1.21,45.0,30.45,27.0,181.71,5.62,06:26:00,17:46:00
23031,1478442902,11/6/2016 12:00:00 AM,04:35:02,1.21,45.0,30.45,27.0,175.05,5.62,06:26:00,17:46:00
23032,1478442613,11/6/2016 12:00:00 AM,04:30:13,1.18,45.0,30.45,27.0,180.58,9.0,06:26:00,17:46:00
23033,1478442302,11/6/2016 12:00:00 AM,04:25:02,1.21,45.0,30.45,27.0,187.67,6.75,06:26:00,17:46:00
23034,1478442002,11/6/2016 12:00:00 AM,04:20:02,1.21,45.0,30.45,27.0,179.68,9.0,06:26:00,17:46:00
23035,1478441713,11/6/2016 12:00:00 AM,04:15:13,1.22,46.0,30.45,27.0,171.96,6.75,06:26:00,17:46:00
23036,1478441407,11/6/2016 12:00:00 AM,04:10:07,1.2,46.0,30.45,27.0,190.56,7.87,06:26:00,17:46:00
23037,1478441101,11/6/2016 12:00:00 AM,04:05:01,1.21,46.0,30.45,27.0,188.16,6.75,06:26:00,17:46:00
23038,1478440801,11/6/2016 12:00:00 AM,04:00:01,1.21,46.0,30.45,27.0,199.62,6.75,06:26:00,17:46:00
23039,1478440502,11/6/2016 12:00:00 AM,03:55:02,1.23,46.0,30.45,26.0,169.3,6.75,06:26:00,17:46:00
23040,1478440204,11/6/2016 12:00:00 AM,03:50:04,1.21,46.0,30.45,26.0,156.89,6.75,06:26:00,17:46:00
23041,1478439902,11/6/2016 12:00:00 AM,03:45:02,1.19,46.0,30.45,27.0,192.19,6.75,06:26:00,17:46:00
23042,1478439601,11/6/2016 12:00:00 AM,03:40:01,1.23,46.0,30.45,28.0,181.37,4.5,06:26:00,17:46:00
23043,1478439305,11/6/2016 12:00:00 AM,03:35:05,1.22,46.0,30.45,27.0,180.68,3.37,06:26:00,17:46:00
23044,1478439001,11/6/2016 12:00:00 AM,03:30:01,1.21,46.0,30.45,27.0,157.88,10.12,06:26:00,17:46:00
23045,1478438703,11/6/2016 12:00:00 AM,03:25:03,1.23,46.0,30.45,27.0,173.94,5.62,06:26:00,17:46:00
23046,1478438402,11/6/2016 12:00:00 AM,03:20:02,1.21,47.0,30.45,26.0,159.96,7.87,06:26:00,17:46:00
23047,1478438102,11/6/2016 12:00:00 AM,03:15:02,1.19,46.0,30.45,25.0,192.83,6.75,06:26:00,17:46:00
23048,1478437805,11/6/2016 12:00:00 AM,03:10:05,1.25,46.0,30.46,26.0,177.49,5.62,06:26:00,17:46:00
23049,1478437502,11/6/2016 12:00:00 AM,03:05:02,1.23,46.0,30.46,26.0,170.61,7.87,06:26:00,17:46:00
23050,1478437202,11/6/2016 12:00:00 AM,03:00:02,1.23,46.0,30.46,27.0,182.3,10.12,06:26:00,17:46:00
23051,1478436901,11/6/2016 12:00:00 AM,02:55:01,1.2,46.0,30.46,27.0,172.25,5.62,06:26:00,17:46:00
23052,1478436601,11/6/2016 12:00:00 AM,02:50:01,1.21,46.0,30.46,27.0,170.37,4.5,06:26:00,17:46:00
23053,1478436302,11/6/2016 12:00:00 AM,02:45:02,1.22,46.0,30.46,27.0,183.9,5.62,06:26:00,17:46:00
23054,1478436001,11/6/2016 12:00:00 AM,02:40:01,1.21,46.0,30.46,27.0,169.16,6.75,06:26:00,17:46:00
23055,1478435702,11/6/2016 12:00:00 AM,02:35:02,1.2,46.0,30.46,27.0,180.0,6.75,06:26:00,17:46:00
23056,1478435401,11/6/2016 12:00:00 AM,02:30:01,1.21,46.0,30.46,27.0,167.16,6.75,06:26:00,17:46:00
23057,1478435106,11/6/2016 12:00:00 AM,02:25:06,1.19,46.0,30.46,27.0,182.77,6.75,06:26:00,17:46:00
23058,1478434803,11/6/2016 12:00:00 AM,02:20:03,1.2,46.0,30.46,27.0,185.91,6.75,06:26:00,17:46:00
23059,1478434501,11/6/2016 12:00:00 AM,02:15:01,1.23,46.0,30.46,27.0,173.95,5.62,06:26:00,17:46:00
23060,1478434203,11/6/2016 12:00:00 AM,02:10:03,1.22,47.0,30.47,27.0,144.96,7.87,06:26:00,17:46:00
23061,1478433902,11/6/2016 12:00:00 AM,02:05:02,1.23,47.0,30.47,28.0,179.11,7.87,06:26:00,17:46:00
23062,1478433604,11/6/2016 12:00:00 AM,02:00:04,1.21,47.0,30.47,27.0,175.42,6.75,06:26:00,17:46:00
23063,1478433302,11/6/2016 12:00:00 AM,01:55:02,1.2,47.0,30.47,27.0,179.72,6.75,06:26:00,17:46:00
23064,1478433004,11/6/2016 12:00:00 AM,01:50:04,1.25,47.0,30.47,26.0,170.81,5.62,06:26:00,17:46:00
23065,1478432703,11/6/2016 12:00:00 AM,01:45:03,1.24,47.0,30.47,26.0,160.22,6.75,06:26:00,17:46:00
23066,1478432402,11/6/2016 12:00:00 AM,01:40:02,1.21,47.0,30.47,26.0,193.29,7.87,06:26:00,17:46:00
23067,1478432102,11/6/2016 12:00:00 AM,01:35:02,1.24,47.0,30.47,27.0,194.37,10.12,06:26:00,17:46:00
23068,1478431802,11/6/2016 12:00:00 AM,01:30:02,1.21,47.0,30.48,26.0,172.76,9.0,06:26:00,17:46:00
23069,1478431501,11/6/2016 12:00:00 AM,01:25:01,1.26,47.0,30.48,26.0,183.65,6.75,06:26:00,17:46:00
23070,1478431203,11/6/2016 12:00:00 AM,01:20:03,1.23,47.0,30.48,27.0,171.24,7.87,06:26:00,17:46:00
23071,1478430901,11/6/2016 12:00:00 AM,01:15:01,1.24,51.16507236474315,30.48,27.0,164.17,6.75,06:26:00,17:46:00
23072,1478430601,11/6/2016 12:00:00 AM,01:10:01,1.18,48.0,30.48,27.0,178.91,6.75,06:26:00,17:46:00
23073,1478430302,11/6/2016 12:00:00 AM,01:05:02,1.18,48.0,30.48,26.0,162.38,7.87,06:26:00,17:46:00
23074,1478430002,11/6/2016 12:00:00 AM,01:00:02,1.22,48.0,30.48,27.0,181.03,9.0,06:26:00,17:46:00
23075,1478429709,11/6/2016 12:00:00 AM,00:55:09,1.22,48.0,30.48,27.0,187.68,6.75,06:26:00,17:46:00
23076,1478429403,11/6/2016 12:00:00 AM,00:50:03,1.21,48.0,30.48,27.0,169.87,6.75,06:26:00,17:46:00
23077,1478429102,11/6/2016 12:00:00 AM,00:45:02,1.23,48.0,30.48,27.0,187.89,7.87,06:26:00,17:46:00
23078,1478428802,11/6/2016 12:00:00 AM,00:40:02,1.24,47.0,30.48,27.0,148.34,6.75,06:26:00,17:46:00
23079,1478428501,11/6/2016 12:00:00 AM,00:35:01,1.2,47.0,30.48,27.0,162.44,7.87,06:26:00,17:46:00
23080,1478428203,11/6/2016 12:00:00 AM,00:30:03,1.21,47.0,30.49,27.0,181.29,9.0,06:26:00,17:46:00
23081,1478427904,11/6/2016 12:00:00 AM,00:25:04,1.2,47.0,30.49,27.0,172.71,9.0,06:26:00,17:46:00
23082,1478427606,11/6/2016 12:00:00 AM,00:20:06,1.24,47.0,30.49,28.0,173.36,10.12,06:26:00,17:46:00
23083,1478427302,11/6/2016 12:00:00 AM,00:15:02,1.24,48.0,30.49,27.0,191.82,7.87,06:26:00,17:46:00
23084,1478427002,11/6/2016 12:00:00 AM,00:10:02,1.21,48.0,30.49,27.0,191.14,7.87,06:26:00,17:46:00
23085,1478426703,11/6/2016 12:00:00 AM,00:05:03,1.21,48.0,30.49,27.0,183.2,9.0,06:26:00,17:46:00
23086,1478426402,11/6/2016 12:00:00 AM,00:00:02,1.28,48.0,30.49,26.0,195.8,6.75,06:26:00,17:46:00
23087,1478426101,11/5/2016 12:00:00 AM,23:55:01,1.25,48.0,30.49,27.0,181.52,7.87,06:26:00,17:46:00
23088,1478425801,11/5/2016 12:00:00 AM,23:50:01,1.22,48.0,30.49,27.0,187.27,7.87,06:26:00,17:46:00
23089,1478425501,11/5/2016 12:00:00 AM,23:45:01,1.23,48.0,30.5,27.0,196.92,10.12,06:26:00,17:46:00
23090,1478425205,11/5/2016 12:00:00 AM,23:40:05,1.24,48.0,30.5,26.0,176.79,9.0,06:26:00,17:46:00
23091,1478424901,11/5/2016 12:00:00 AM,23:35:01,1.26,48.0,30.5,26.0,183.38,9.0,06:26:00,17:46:00
23092,1478424602,11/5/2016 12:00:00 AM,23:30:02,1.26,48.0,30.5,27.0,191.81,10.12,06:26:00,17:46:00
23093,1478424302,11/5/2016 12:00:00 AM,23:25:02,1.19,48.0,30.5,27.0,182.84,7.87,06:26:00,17:46:00
23094,1478424004,11/5/2016 12:00:00 AM,23:20:04,1.19,48.0,30.5,27.0,188.49,6.75,06:26:00,17:46:00
23095,1478423702,11/5/2016 12:00:00 AM,23:15:02,1.19,48.0,30.5,27.0,192.5,10.12,06:26:00,17:46:00
23096,1478423401,11/5/2016 12:00:00 AM,23:10:01,1.24,48.0,30.5,27.0,181.66,7.87,06:26:00,17:46:00
23097,1478423104,11/5/2016 12:00:00 AM,23:05:04,1.22,48.0,30.5,27.0,170.52,5.62,06:26:00,17:46:00
23098,1478422801,11/5/2016 12:00:00 AM,23:00:01,1.21,48.0,30.5,28.0,157.72,6.75,06:26:00,17:46:00
23099,1478422501,11/5/2016 12:00:00 AM,22:55:01,1.24,48.0,30.5,28.0,166.22,6.75,06:26:00,17:46:00
23100,1478422207,11/5/2016 12:00:00 AM,22:50:07,1.22,48.0,30.5,28.0,189.35,7.87,06:26:00,17:46:00
23101,1478421902,11/5/2016 12:00:00 AM,22:45:02,1.21,49.0,30.5,29.0,183.68,7.87,06:26:00,17:46:00
23102,1478421602,11/5/2016 12:00:00 AM,22:40:02,1.22,49.0,30.5,29.0,175.48,7.87,06:26:00,17:46:00
23103,1478421302,11/5/2016 12:00:00 AM,22:35:02,1.21,49.0,30.5,29.0,176.77,6.75,06:26:00,17:46:00
23104,1478421002,11/5/2016 12:00:00 AM,22:30:02,1.22,49.0,30.5,30.0,180.32,5.62,06:26:00,17:46:00
23105,1478420702,11/5/2016 12:00:00 AM,22:25:02,1.22,49.0,30.5,30.0,195.53,6.75,06:26:00,17:46:00
23106,1478420404,11/5/2016 12:00:00 AM,22:20:04,1.22,49.0,30.5,30.0,187.68,10.12,06:26:00,17:46:00
23107,1478420102,11/5/2016 12:00:00 AM,22:15:02,1.23,49.0,30.5,30.0,191.12,10.12,06:26:00,17:46:00
23108,1478419801,11/5/2016 12:00:00 AM,22:10:01,1.2,49.0,30.5,30.0,192.23,7.87,06:26:00,17:46:00
23109,1478419501,11/5/2016 12:00:00 AM,22:05:01,1.24,49.0,30.5,31.0,190.74,6.75,06:26:00,17:46:00
23110,1478419201,11/5/2016 12:00:00 AM,22:00:01,1.21,49.0,30.5,31.0,181.42,6.75,06:26:00,17:46:00
23111,1478418903,11/5/2016 12:00:00 AM,21:55:03,1.22,49.0,30.5,31.0,193.59,7.87,06:26:00,17:46:00
23112,1478418602,11/5/2016 12:00:00 AM,21:50:02,1.24,49.0,30.5,30.0,135.09,7.87,06:26:00,17:46:00
23113,1478418302,11/5/2016 12:00:00 AM,21:45:02,1.24,50.0,30.5,30.0,178.6,11.25,06:26:00,17:46:00
23114,1478418004,11/5/2016 12:00:00 AM,21:40:04,1.19,50.0,30.5,30.0,193.88,9.0,06:26:00,17:46:00
23115,1478417702,11/5/2016 12:00:00 AM,21:35:02,1.21,50.0,30.5,30.0,187.26,6.75,06:26:00,17:46:00
23116,1478417405,11/5/2016 12:00:00 AM,21:30:05,1.22,50.0,30.5,30.0,151.49,9.0,06:26:00,17:46:00
23117,1478417102,11/5/2016 12:00:00 AM,21:25:02,1.24,50.0,30.5,30.0,152.14,7.87,06:26:00,17:46:00
23118,1478416801,11/5/2016 12:00:00 AM,21:20:01,1.26,50.0,30.5,30.0,165.92,9.0,06:26:00,17:46:00
23119,1478416502,11/5/2016 12:00:00 AM,21:15:02,1.21,50.0,30.5,30.0,149.13,7.87,06:26:00,17:46:00
23120,1478416202,11/5/2016 12:00:00 AM,21:10:02,1.18,50.0,30.5,31.0,175.54,9.0,06:26:00,17:46:00
23121,1478415902,11/5/2016 12:00:00 AM,21:05:02,1.24,50.0,30.5,31.0,184.35,6.75,06:26:00,17:46:00
23122,1478415602,11/5/2016 12:00:00 AM,21:00:02,1.21,51.16507236474315,30.5,30.0,174.12,10.12,06:26:00,17:46:00
23123,1478415301,11/5/2016 12:00:00 AM,20:55:01,1.22,50.0,30.5,30.0,167.61,7.87,06:26:00,17:46:00
23124,1478415002,11/5/2016 12:00:00 AM,20:50:02,1.22,50.0,30.5,30.0,166.15,4.5,06:26:00,17:46:00
23125,1478414701,11/5/2016 12:00:00 AM,20:45:01,1.27,50.0,30.5,30.0,177.87,7.87,06:26:00,17:46:00
23126,1478414402,11/5/2016 12:00:00 AM,20:40:02,1.23,51.0,30.5,29.0,168.45,7.87,06:26:00,17:46:00
23127,1478414102,11/5/2016 12:00:00 AM,20:35:02,1.24,51.0,30.5,29.0,192.27,7.87,06:26:00,17:46:00
23128,1478413802,11/5/2016 12:00:00 AM,20:30:02,1.23,51.0,30.5,29.0,147.86,7.87,06:26:00,17:46:00
23129,1478413504,11/5/2016 12:00:00 AM,20:25:04,1.22,51.0,30.5,29.0,146.61,9.0,06:26:00,17:46:00
23130,1478413202,11/5/2016 12:00:00 AM,20:20:02,1.25,51.0,30.49,29.0,157.02,9.0,06:26:00,17:46:00
23131,1478412901,11/5/2016 12:00:00 AM,20:15:01,1.23,52.0,30.49,28.0,176.9,11.25,06:26:00,17:46:00
23132,1478412605,11/5/2016 12:00:00 AM,20:10:05,1.25,52.0,30.49,28.0,150.8,9.0,06:26:00,17:46:00
23133,1478412304,11/5/2016 12:00:00 AM,20:05:04,1.25,52.0,30.49,28.0,139.61,9.0,06:26:00,17:46:00
23134,1478412005,11/5/2016 12:00:00 AM,20:00:05,1.25,52.0,30.49,28.0,170.6,6.75,06:26:00,17:46:00
23135,1478411701,11/5/2016 12:00:00 AM,19:55:01,1.23,52.0,30.49,28.0,164.01,9.0,06:26:00,17:46:00
23136,1478411402,11/5/2016 12:00:00 AM,19:50:02,1.21,52.0,30.48,28.0,172.32,13.5,06:26:00,17:46:00
23137,1478411102,11/5/2016 12:00:00 AM,19:45:02,1.26,52.0,30.48,29.0,181.82,7.87,06:26:00,17:46:00
23138,1478410802,11/5/2016 12:00:00 AM,19:40:02,1.26,52.0,30.48,29.0,183.73,7.87,06:26:00,17:46:00
23139,1478410502,11/5/2016 12:00:00 AM,19:35:02,1.19,52.0,30.48,27.0,157.01,7.87,06:26:00,17:46:00
23140,1478410205,11/5/2016 12:00:00 AM,19:30:05,1.2,52.0,30.48,27.0,137.59,5.62,06:26:00,17:46:00
23141,1478409903,11/5/2016 12:00:00 AM,19:25:03,1.22,53.0,30.48,27.0,150.95,6.75,06:26:00,17:46:00
23142,1478409606,11/5/2016 12:00:00 AM,19:20:06,1.26,53.0,30.48,27.0,164.94,6.75,06:26:00,17:46:00
23143,1478409302,11/5/2016 12:00:00 AM,19:15:02,1.24,53.0,30.48,27.0,153.71,5.62,06:26:00,17:46:00
23144,1478409002,11/5/2016 12:00:00 AM,19:10:02,1.27,53.0,30.47,27.0,144.01,6.75,06:26:00,17:46:00
23145,1478408704,11/5/2016 12:00:00 AM,19:05:04,1.24,53.0,30.47,74.83719267708949,163.52,9.0,06:26:00,17:46:00
23146,1478408402,11/5/2016 12:00:00 AM,19:00:02,1.22,53.0,30.47,27.0,146.49,9.0,06:26:00,17:46:00
23147,1478408101,11/5/2016 12:00:00 AM,18:55:01,1.24,53.0,30.47,26.0,142.19,7.87,06:26:00,17:46:00
23148,1478407804,11/5/2016 12:00:00 AM,18:50:04,1.24,53.0,30.47,27.0,138.83,9.0,06:26:00,17:46:00
23149,1478407502,11/5/2016 12:00:00 AM,18:45:02,1.23,53.0,30.47,26.0,121.75,11.25,06:26:00,17:46:00
23150,1478407202,11/5/2016 12:00:00 AM,18:40:02,1.23,53.0,30.47,26.0,139.44,11.25,06:26:00,17:46:00
23151,1478406902,11/5/2016 12:00:00 AM,18:35:02,1.25,53.0,30.46,27.0,159.08,10.12,06:26:00,17:46:00
23152,1478406602,11/5/2016 12:00:00 AM,18:30:02,1.23,53.0,30.46,27.0,141.55,9.0,06:26:00,17:46:00
23153,1478406301,11/5/2016 12:00:00 AM,18:25:01,1.27,54.0,30.46,26.0,138.52,11.25,06:26:00,17:46:00
23154,1478406004,11/5/2016 12:00:00 AM,18:20:04,1.24,54.0,30.46,26.0,175.12,11.25,06:26:00,17:46:00
23155,1478405702,11/5/2016 12:00:00 AM,18:15:02,1.28,54.0,30.46,26.0,146.67,9.0,06:26:00,17:46:00
23156,1478405401,11/5/2016 12:00:00 AM,18:10:01,1.25,54.0,30.46,26.0,170.36,4.5,06:26:00,17:46:00
23157,1478405101,11/5/2016 12:00:00 AM,18:05:01,1.23,55.0,30.46,26.0,152.31,4.5,06:26:00,17:46:00
23158,1478404805,11/5/2016 12:00:00 AM,18:00:05,1.51,55.0,30.46,25.0,169.68,4.5,06:26:00,17:46:00
23159,1478404502,11/5/2016 12:00:00 AM,17:55:02,2.69,55.0,30.46,24.0,153.31,6.75,06:26:00,17:46:00
23160,1478404202,11/5/2016 12:00:00 AM,17:50:02,4.6,56.0,30.46,24.0,171.31,6.75,06:26:00,17:46:00
23161,1478403902,11/5/2016 12:00:00 AM,17:45:02,6.64,56.0,30.46,26.0,108.45,5.62,06:26:00,17:46:00
23162,1478403605,11/5/2016 12:00:00 AM,17:40:05,8.78,56.0,30.45,29.0,123.44,3.37,06:26:00,17:46:00
23163,1478403305,11/5/2016 12:00:00 AM,17:35:05,11.0,57.0,30.45,32.0,135.01,4.5,06:26:00,17:46:00
23164,1478403002,11/5/2016 12:00:00 AM,17:30:02,21.86,57.0,30.45,34.0,119.3,4.5,06:26:00,17:46:00
23165,1478402701,11/5/2016 12:00:00 AM,17:25:01,27.92,57.0,30.45,34.0,98.98,3.37,06:26:00,17:46:00
23166,1478402405,11/5/2016 12:00:00 AM,17:20:05,39.55,57.0,30.45,34.0,117.45,3.37,06:26:00,17:46:00
23167,1478402101,11/5/2016 12:00:00 AM,17:15:01,57.61,58.0,30.45,35.0,104.61,7.87,06:26:00,17:46:00
23168,1478401801,11/5/2016 12:00:00 AM,17:10:01,77.66,58.0,30.45,36.0,72.11,2.25,06:26:00,17:46:00
23169,1478401501,11/5/2016 12:00:00 AM,17:05:01,99.75,58.0,30.45,36.0,22.31,7.87,06:26:00,17:46:00
23170,1478401202,11/5/2016 12:00:00 AM,17:00:02,123.7,59.0,30.44,37.0,336.49,7.87,06:26:00,17:46:00
23171,1478400901,11/5/2016 12:00:00 AM,16:55:01,149.57,59.0,30.44,37.0,24.61,6.75,06:26:00,17:46:00
23172,1478400602,11/5/2016 12:00:00 AM,16:50:02,176.51,59.0,30.44,36.0,54.82,9.0,06:26:00,17:46:00
23173,1478400301,11/5/2016 12:00:00 AM,16:45:01,204.52,59.0,30.44,38.0,35.52,16.87,06:26:00,17:46:00
23174,1478400001,11/5/2016 12:00:00 AM,16:40:01,231.95,60.0,30.44,37.0,167.32,3.37,06:26:00,17:46:00
23175,1478399702,11/5/2016 12:00:00 AM,16:35:02,259.83,60.0,30.44,38.0,15.28,7.87,06:26:00,17:46:00
23176,1478399402,11/5/2016 12:00:00 AM,16:30:02,285.99,60.0,30.43,39.0,38.01,5.62,06:26:00,17:46:00
23177,1478399104,11/5/2016 12:00:00 AM,16:25:04,313.05,60.0,30.43,36.0,317.31,6.75,06:26:00,17:46:00
23178,1478398804,11/5/2016 12:00:00 AM,16:20:04,335.6,61.0,30.44,37.0,35.68,4.5,06:26:00,17:46:00
23179,1478398507,11/5/2016 12:00:00 AM,16:15:07,355.23,61.0,30.43,37.0,73.96,9.0,06:26:00,17:46:00
23180,1478398204,11/5/2016 12:00:00 AM,16:10:04,376.98,61.0,30.43,39.0,87.66,11.25,06:26:00,17:46:00
23181,1478397909,11/5/2016 12:00:00 AM,16:05:09,396.2,61.0,30.43,40.0,8.38,3.37,06:26:00,17:46:00
23182,1478397601,11/5/2016 12:00:00 AM,16:00:01,416.25,61.0,30.43,43.0,46.73,9.0,06:26:00,17:46:00
23183,1478397302,11/5/2016 12:00:00 AM,15:55:02,435.05,61.0,30.43,47.0,54.05,3.37,06:26:00,17:46:00
23184,1478397001,11/5/2016 12:00:00 AM,15:50:01,453.03,61.0,30.43,54.0,343.48,6.75,06:26:00,17:46:00
23185,1478396702,11/5/2016 12:00:00 AM,15:45:02,470.82,61.0,30.43,59.0,71.49,10.12,06:26:00,17:46:00
23186,1478396403,11/5/2016 12:00:00 AM,15:40:03,489.09,61.0,30.43,61.0,53.83,11.25,06:26:00,17:46:00
23187,1478396101,11/5/2016 12:00:00 AM,15:35:01,508.41,61.0,30.43,59.0,36.47,7.87,06:26:00,17:46:00
23188,1478395804,11/5/2016 12:00:00 AM,15:30:04,530.76,62.0,30.43,53.0,36.62,9.0,06:26:00,17:46:00
23189,1478395502,11/5/2016 12:00:00 AM,15:25:02,547.96,63.0,30.44,51.0,33.15,15.75,06:26:00,17:46:00
23190,1478395202,11/5/2016 12:00:00 AM,15:20:02,566.56,64.0,30.43,48.0,347.05,6.75,06:26:00,17:46:00
23191,1478394902,11/5/2016 12:00:00 AM,15:15:02,583.99,64.0,30.43,48.0,3.56,7.87,06:26:00,17:46:00
23192,1478394601,11/5/2016 12:00:00 AM,15:10:01,603.05,64.0,30.43,42.0,128.96,12.37,06:26:00,17:46:00
23193,1478394302,11/5/2016 12:00:00 AM,15:05:02,619.29,64.0,30.43,45.0,45.1,9.0,06:26:00,17:46:00
23194,1478394004,11/5/2016 12:00:00 AM,15:00:04,637.51,65.0,30.43,42.0,82.54,10.12,06:26:00,17:46:00
23195,1478393701,11/5/2016 12:00:00 AM,14:55:01,652.16,65.0,30.44,40.0,16.77,6.75,06:26:00,17:46:00
23196,1478393401,11/5/2016 12:00:00 AM,14:50:01,667.7,65.0,30.44,35.0,69.81,7.87,06:26:00,17:46:00
23197,1478393101,11/5/2016 12:00:00 AM,14:45:01,682.8,65.0,30.44,32.0,21.97,6.75,06:26:00,17:46:00
23198,1478392802,11/5/2016 12:00:00 AM,14:40:02,698.02,65.0,30.44,27.0,18.32,7.87,06:26:00,17:46:00
23199,1478392502,11/5/2016 12:00:00 AM,14:35:02,712.47,66.0,30.44,26.0,9.86,6.75,06:26:00,17:46:00
23200,1478392204,11/5/2016 12:00:00 AM,14:30:04,728.75,66.0,30.43,26.0,65.29,13.5,06:26:00,17:46:00
23201,1478391904,11/5/2016 12:00:00 AM,14:25:04,739.49,65.0,30.43,26.0,0.2,7.87,06:26:00,17:46:00
23202,1478391601,11/5/2016 12:00:00 AM,14:20:01,754.74,65.0,30.44,25.0,226.14,2.25,06:26:00,17:46:00
23203,1478391302,11/5/2016 12:00:00 AM,14:15:02,770.17,65.0,30.44,25.0,273.52,4.5,06:26:00,17:46:00
23204,1478391003,11/5/2016 12:00:00 AM,14:10:03,783.09,65.0,30.44,26.0,42.83,7.87,06:26:00,17:46:00
23205,1478390702,11/5/2016 12:00:00 AM,14:05:02,794.39,65.0,30.44,26.0,94.43,6.75,06:26:00,17:46:00
23206,1478390401,11/5/2016 12:00:00 AM,14:00:01,802.28,65.0,30.44,27.0,357.77,5.62,06:26:00,17:46:00
23207,1478390101,11/5/2016 12:00:00 AM,13:55:01,815.45,64.0,30.45,26.0,11.14,4.5,06:26:00,17:46:00
23208,1478389802,11/5/2016 12:00:00 AM,13:50:02,825.12,64.0,30.45,29.0,69.55,7.87,06:26:00,17:46:00
23209,1478389503,11/5/2016 12:00:00 AM,13:45:03,834.92,64.0,30.45,27.0,122.11,7.87,06:26:00,17:46:00
23210,1478389201,11/5/2016 12:00:00 AM,13:40:01,845.1,63.0,30.45,30.0,40.05,12.37,06:26:00,17:46:00
23211,1478388902,11/5/2016 12:00:00 AM,13:35:02,856.78,63.0,30.45,31.0,336.41,10.12,06:26:00,17:46:00
23212,1478388602,11/5/2016 12:00:00 AM,13:30:02,861.26,63.0,30.46,35.0,40.54,12.37,06:26:00,17:46:00
23213,1478388301,11/5/2016 12:00:00 AM,13:25:01,873.74,63.0,30.45,37.0,53.43,11.25,06:26:00,17:46:00
23214,1478388002,11/5/2016 12:00:00 AM,13:20:02,878.69,63.0,30.46,35.0,8.49,11.25,06:26:00,17:46:00
23215,1478387702,11/5/2016 12:00:00 AM,13:15:02,887.75,64.0,30.46,33.0,20.05,6.75,06:26:00,17:46:00
23216,1478387402,11/5/2016 12:00:00 AM,13:10:02,895.78,64.0,30.46,32.0,27.23,5.62,06:26:00,17:46:00
23217,1478387103,11/5/2016 12:00:00 AM,13:05:03,903.64,64.0,30.46,32.0,43.1,5.62,06:26:00,17:46:00
23218,1478386801,11/5/2016 12:00:00 AM,13:00:01,909.16,64.0,30.46,30.0,23.66,6.229096658193317,06:26:00,17:46:00
23219,1478386501,11/5/2016 12:00:00 AM,12:55:01,917.47,65.0,30.46,28.0,32.67,4.5,06:26:00,17:46:00
23220,1478386201,11/5/2016 12:00:00 AM,12:50:01,921.64,66.0,30.46,25.0,43.93,7.87,06:26:00,17:46:00
23221,1478385905,11/5/2016 12:00:00 AM,12:45:05,925.95,65.0,30.46,24.0,8.74,13.5,06:26:00,17:46:00
23222,1478385602,11/5/2016 12:00:00 AM,12:40:02,930.89,66.0,30.47,23.0,28.13,5.62,06:26:00,17:46:00
23223,1478385301,11/5/2016 12:00:00 AM,12:35:01,934.5,65.0,30.47,24.0,31.76,13.5,06:26:00,17:46:00
23224,1478385002,11/5/2016 12:00:00 AM,12:30:02,939.25,65.0,30.47,25.0,39.61,13.5,06:26:00,17:46:00
23225,1478384702,11/5/2016 12:00:00 AM,12:25:02,938.14,64.0,30.47,27.0,47.02,10.12,06:26:00,17:46:00
23226,1478384402,11/5/2016 12:00:00 AM,12:20:02,939.18,64.0,30.47,30.0,37.87,5.62,06:26:00,17:46:00
23227,1478384105,11/5/2016 12:00:00 AM,12:15:05,939.72,64.0,30.47,32.0,93.21,9.0,06:26:00,17:46:00
23228,1478383802,11/5/2016 12:00:00 AM,12:10:02,942.27,65.0,30.48,23.0,4.64,6.229096658193317,06:26:00,17:46:00
23229,1478383504,11/5/2016 12:00:00 AM,12:05:04,942.71,65.0,30.48,22.0,10.56,5.62,06:26:00,17:46:00
23230,1478383202,11/5/2016 12:00:00 AM,12:00:02,941.25,64.0,30.48,22.0,59.62,3.37,06:26:00,17:46:00
23231,1478382905,11/5/2016 12:00:00 AM,11:55:05,939.42,64.0,30.48,22.0,8.26,5.62,06:26:00,17:46:00
23232,1478382601,11/5/2016 12:00:00 AM,11:50:01,937.32,64.0,30.48,22.0,32.06,13.5,06:26:00,17:46:00
23233,1478382305,11/5/2016 12:00:00 AM,11:45:05,936.39,64.0,30.49,23.0,34.21,12.37,06:26:00,17:46:00
23234,1478382004,11/5/2016 12:00:00 AM,11:40:04,931.42,64.0,30.49,24.0,90.6,7.87,06:26:00,17:46:00
23235,1478381703,11/5/2016 12:00:00 AM,11:35:03,929.62,64.0,30.49,24.0,22.51,9.0,06:26:00,17:46:00
23236,1478381402,11/5/2016 12:00:00 AM,11:30:02,925.24,64.0,30.49,25.0,26.04,11.25,06:26:00,17:46:00
23237,1478381102,11/5/2016 12:00:00 AM,11:25:02,922.4,64.0,30.49,24.0,42.31,2.25,06:26:00,17:46:00
23238,1478380801,11/5/2016 12:00:00 AM,11:20:01,918.29,64.0,30.49,74.83719267708949,0.58,4.5,06:26:00,17:46:00
23239,1478380505,11/5/2016 12:00:00 AM,11:15:05,911.36,63.0,30.49,27.0,33.3,15.75,06:26:00,17:46:00
23240,1478380201,11/5/2016 12:00:00 AM,11:10:01,907.12,63.0,30.49,28.0,68.01,9.0,06:26:00,17:46:00
23241,1478379905,11/5/2016 12:00:00 AM,11:05:05,899.36,63.0,30.5,28.0,26.11,7.87,06:26:00,17:46:00
23242,1478379604,11/5/2016 12:00:00 AM,11:00:04,894.01,62.0,30.5,28.0,72.78,6.75,06:26:00,17:46:00
23243,1478379304,11/5/2016 12:00:00 AM,10:55:04,885.31,63.0,30.5,27.0,12.66,4.5,06:26:00,17:46:00
23244,1478379001,11/5/2016 12:00:00 AM,10:50:01,876.65,62.0,30.5,29.0,39.45,10.12,06:26:00,17:46:00
23245,1478378707,11/5/2016 12:00:00 AM,10:45:07,870.86,62.0,30.5,29.0,36.34,10.12,06:26:00,17:46:00
23246,1478378406,11/5/2016 12:00:00 AM,10:40:06,862.06,62.0,30.5,30.0,143.54770303349548,10.12,06:26:00,17:46:00
23247,1478378105,11/5/2016 12:00:00 AM,10:35:05,852.27,62.0,30.5,29.0,15.19,5.62,06:26:00,17:46:00
23248,1478377802,11/5/2016 12:00:00 AM,10:30:02,843.23,62.0,30.5,27.0,26.23,10.12,06:26:00,17:46:00
23249,1478377504,11/5/2016 12:00:00 AM,10:25:04,832.11,62.0,30.5,26.0,42.98,5.62,06:26:00,17:46:00
23250,1478377201,11/5/2016 12:00:00 AM,10:20:01,823.88,62.0,30.5,24.0,12.21,10.12,06:26:00,17:46:00
23251,1478376902,11/5/2016 12:00:00 AM,10:15:02,813.85,62.0,30.5,25.0,42.85,6.75,06:26:00,17:46:00
23252,1478376601,11/5/2016 12:00:00 AM,10:10:01,801.85,62.0,30.51,26.0,62.32,10.12,06:26:00,17:46:00
23253,1478376301,11/5/2016 12:00:00 AM,10:05:01,789.71,62.0,30.5,29.0,73.19,6.75,06:26:00,17:46:00
23254,1478376002,11/5/2016 12:00:00 AM,10:00:02,776.09,61.0,30.5,30.0,24.56,9.0,06:26:00,17:46:00
23255,1478375702,11/5/2016 12:00:00 AM,09:55:02,763.62,61.0,30.51,30.0,7.31,6.75,06:26:00,17:46:00
23256,1478375401,11/5/2016 12:00:00 AM,09:50:01,750.51,61.0,30.51,31.0,59.93,7.87,06:26:00,17:46:00
23257,1478375102,11/5/2016 12:00:00 AM,09:45:02,737.97,60.0,30.51,31.0,67.04,4.5,06:26:00,17:46:00
23258,1478374802,11/5/2016 12:00:00 AM,09:40:02,721.52,60.0,30.51,31.0,58.31,7.87,06:26:00,17:46:00
23259,1478374518,11/5/2016 12:00:00 AM,09:35:18,709.06,60.0,30.51,35.0,11.03,3.37,06:26:00,17:46:00
23260,1478374217,11/5/2016 12:00:00 AM,09:30:17,694.3,60.0,30.51,32.0,0.11,7.87,06:26:00,17:46:00
23261,1478373918,11/5/2016 12:00:00 AM,09:25:18,678.74,59.0,30.51,34.0,12.51,7.87,06:26:00,17:46:00
23262,1478373618,11/5/2016 12:00:00 AM,09:20:18,663.45,59.0,30.51,37.0,38.76,5.62,06:26:00,17:46:00
23263,1478373319,11/5/2016 12:00:00 AM,09:15:19,646.95,59.0,30.51,38.0,41.48,9.0,06:26:00,17:46:00
23264,1478373020,11/5/2016 12:00:00 AM,09:10:20,632.48,60.0,30.51,30.0,0.67,6.75,06:26:00,17:46:00
23265,1478372718,11/5/2016 12:00:00 AM,09:05:18,613.6,60.0,30.51,30.0,23.37,3.37,06:26:00,17:46:00
23266,1478372417,11/5/2016 12:00:00 AM,09:00:17,598.77,60.0,30.5,21.0,124.9,6.75,06:26:00,17:46:00
23267,1478372117,11/5/2016 12:00:00 AM,08:55:17,582.16,61.0,30.5,21.0,41.91,4.5,06:26:00,17:46:00
23268,1478371818,11/5/2016 12:00:00 AM,08:50:18,564.66,60.0,30.5,21.0,189.6,2.25,06:26:00,17:46:00
23269,1478371517,11/5/2016 12:00:00 AM,08:45:17,546.54,60.0,30.5,23.0,94.67,3.37,06:26:00,17:46:00
23270,1478371220,11/5/2016 12:00:00 AM,08:40:20,528.08,60.0,30.5,23.0,123.21,7.87,06:26:00,17:46:00
23271,1478370917,11/5/2016 12:00:00 AM,08:35:17,509.84,59.0,30.5,23.0,120.36,1.12,06:26:00,17:46:00
23272,1478370620,11/5/2016 12:00:00 AM,08:30:20,490.84,59.0,30.5,23.0,102.45,2.25,06:26:00,17:46:00
23273,1478370317,11/5/2016 12:00:00 AM,08:25:17,471.76,59.0,30.5,23.0,70.84,4.5,06:26:00,17:46:00
23274,1478370024,11/5/2016 12:00:00 AM,08:20:24,453.01,58.0,30.5,23.0,118.38,3.37,06:26:00,17:46:00
23275,1478369717,11/5/2016 12:00:00 AM,08:15:17,432.62,58.0,30.5,23.0,47.58,4.5,06:26:00,17:46:00
23276,1478369417,11/5/2016 12:00:00 AM,08:10:17,412.85,57.0,30.5,24.0,113.56,3.37,06:26:00,17:46:00
23277,1478369120,11/5/2016 12:00:00 AM,08:05:20,393.15,56.0,30.5,24.0,135.21,7.87,06:26:00,17:46:00
23278,1478368820,11/5/2016 12:00:00 AM,08:00:20,373.26,55.0,30.5,25.0,140.53,9.0,06:26:00,17:46:00
23279,1478368518,11/5/2016 12:00:00 AM,07:55:18,353.2,54.0,30.5,27.0,106.15,7.87,06:26:00,17:46:00
23280,1478368218,11/5/2016 12:00:00 AM,07:50:18,330.48,53.0,30.49,28.0,109.71,3.37,06:26:00,17:46:00
23281,1478367917,11/5/2016 12:00:00 AM,07:45:17,305.91,51.0,30.49,31.0,163.3,6.75,06:26:00,17:46:00
23282,1478367618,11/5/2016 12:00:00 AM,07:40:18,278.98,50.0,30.49,32.0,159.38,5.62,06:26:00,17:46:00
23283,1478367317,11/5/2016 12:00:00 AM,07:35:17,25.48,50.0,30.49,33.0,161.36,6.75,06:26:00,17:46:00
23284,1478367021,11/5/2016 12:00:00 AM,07:30:21,23.1,49.0,30.49,33.0,166.66,6.75,06:26:00,17:46:00
23285,1478366720,11/5/2016 12:00:00 AM,07:25:20,22.11,49.0,30.49,33.0,175.42,7.87,06:26:00,17:46:00
23286,1478366418,11/5/2016 12:00:00 AM,07:20:18,21.47,49.0,30.49,33.0,157.48,9.0,06:26:00,17:46:00
23287,1478366118,11/5/2016 12:00:00 AM,07:15:18,20.67,48.0,30.49,33.0,163.12,7.87,06:26:00,17:46:00
23288,1478365818,11/5/2016 12:00:00 AM,07:10:18,19.96,48.0,30.49,34.0,175.56,9.0,06:26:00,17:46:00
23289,1478365520,11/5/2016 12:00:00 AM,07:05:20,19.07,48.0,30.49,35.0,135.03,7.87,06:26:00,17:46:00
23290,1478365218,11/5/2016 12:00:00 AM,07:00:18,18.09,47.0,30.48,35.0,163.92,9.0,06:26:00,17:46:00
23291,1478364920,11/5/2016 12:00:00 AM,06:55:20,16.99,47.0,30.48,36.0,173.2,10.12,06:26:00,17:46:00
23292,1478364618,11/5/2016 12:00:00 AM,06:50:18,15.69,47.0,30.48,36.0,153.75,10.12,06:26:00,17:46:00
23293,1478364318,11/5/2016 12:00:00 AM,06:45:18,14.22,46.0,30.48,37.0,172.87,7.87,06:26:00,17:46:00
23294,1478364020,11/5/2016 12:00:00 AM,06:40:20,12.47,46.0,30.48,37.0,175.84,6.229096658193317,06:26:00,17:46:00
23295,1478363717,11/5/2016 12:00:00 AM,06:35:17,10.54,47.0,30.48,37.0,173.15,6.75,06:26:00,17:46:00
23296,1478363420,11/5/2016 12:00:00 AM,06:30:20,8.45,47.0,30.48,36.0,140.46,9.0,06:26:00,17:46:00
23297,1478363118,11/5/2016 12:00:00 AM,06:25:18,6.35,47.0,30.48,35.0,151.82,12.37,06:26:00,17:46:00
23298,1478362818,11/5/2016 12:00:00 AM,06:20:18,4.14,47.0,30.48,35.0,186.46,10.12,06:26:00,17:46:00
23299,1478362518,11/5/2016 12:00:00 AM,06:15:18,2.38,47.0,30.48,35.0,189.83,10.12,06:26:00,17:46:00
23300,1478362218,11/5/2016 12:00:00 AM,06:10:18,1.35,47.0,30.48,35.0,163.77,7.87,06:26:00,17:46:00
23301,1478361919,11/5/2016 12:00:00 AM,06:05:19,1.22,47.0,30.48,35.0,152.87,10.12,06:26:00,17:46:00
23302,1478361619,11/5/2016 12:00:00 AM,06:00:19,1.21,47.0,30.47,35.0,146.48,7.87,06:26:00,17:46:00
23303,1478361318,11/5/2016 12:00:00 AM,05:55:18,1.23,47.0,30.47,35.0,131.7,10.12,06:26:00,17:46:00
23304,1478361018,11/5/2016 12:00:00 AM,05:50:18,1.21,47.0,30.47,35.0,163.15,7.87,06:26:00,17:46:00
23305,1478360717,11/5/2016 12:00:00 AM,05:45:17,1.23,47.0,30.47,35.0,179.23,4.5,06:26:00,17:46:00
23306,1478360417,11/5/2016 12:00:00 AM,05:40:17,1.24,51.16507236474315,30.47,35.0,176.91,4.5,06:26:00,17:46:00
23307,1478360118,11/5/2016 12:00:00 AM,05:35:18,1.22,47.0,30.47,35.0,143.25,9.0,06:26:00,17:46:00
23308,1478359820,11/5/2016 12:00:00 AM,05:30:20,1.25,47.0,30.47,35.0,159.43,10.12,06:26:00,17:46:00
23309,1478359519,11/5/2016 12:00:00 AM,05:25:19,1.24,47.0,30.47,35.0,166.33,5.62,06:26:00,17:46:00
23310,1478359218,11/5/2016 12:00:00 AM,05:20:18,1.24,51.16507236474315,30.47,36.0,148.43,4.5,06:26:00,17:46:00
23311,1478358918,11/5/2016 12:00:00 AM,05:15:18,1.21,46.0,30.47,36.0,176.84,5.62,06:26:00,17:46:00
23312,1478358618,11/5/2016 12:00:00 AM,05:10:18,1.24,47.0,30.47,38.0,134.93,5.62,06:26:00,17:46:00
23313,1478358317,11/5/2016 12:00:00 AM,05:05:17,1.22,47.0,30.46,37.0,179.2,6.75,06:26:00,17:46:00
23314,1478358018,11/5/2016 12:00:00 AM,05:00:18,1.23,47.0,30.46,74.83719267708949,143.67,11.25,06:26:00,17:46:00
23315,1478357718,11/5/2016 12:00:00 AM,04:55:18,1.21,47.0,30.46,36.0,149.06,12.37,06:26:00,17:46:00
23316,1478357418,11/5/2016 12:00:00 AM,04:50:18,1.2,47.0,30.46,36.0,172.92,18.0,06:26:00,17:46:00
23317,1478357118,11/5/2016 12:00:00 AM,04:45:18,1.17,47.0,30.46,37.0,168.84,11.25,06:26:00,17:46:00
23318,1478356818,11/5/2016 12:00:00 AM,04:40:18,1.25,47.0,30.46,37.0,198.87,10.12,06:26:00,17:46:00
23319,1478356518,11/5/2016 12:00:00 AM,04:35:18,1.16,47.0,30.46,37.0,140.33,7.87,06:26:00,17:46:00
23320,1478356218,11/5/2016 12:00:00 AM,04:30:18,1.2,47.0,30.46,37.0,133.15,12.37,06:26:00,17:46:00
23321,1478355918,11/5/2016 12:00:00 AM,04:25:18,1.23,46.0,30.46,37.0,160.57,10.12,06:26:00,17:46:00
23322,1478355623,11/5/2016 12:00:00 AM,04:20:23,1.2,47.0,30.46,38.0,163.01,14.62,06:26:00,17:46:00
23323,1478355318,11/5/2016 12:00:00 AM,04:15:18,1.19,47.0,30.46,37.0,141.5,10.12,06:26:00,17:46:00
23324,1478355017,11/5/2016 12:00:00 AM,04:10:17,1.19,47.0,30.46,37.0,178.12,7.87,06:26:00,17:46:00
23325,1478354717,11/5/2016 12:00:00 AM,04:05:17,1.22,47.0,30.46,37.0,181.28,5.62,06:26:00,17:46:00
23326,1478354417,11/5/2016 12:00:00 AM,04:00:17,1.2,47.0,30.46,36.0,179.02,9.0,06:26:00,17:46:00
23327,1478354121,11/5/2016 12:00:00 AM,03:55:21,1.22,47.0,30.45,36.0,170.57,10.12,06:26:00,17:46:00
23328,1478353817,11/5/2016 12:00:00 AM,03:50:17,1.22,48.0,30.45,35.0,139.55,10.12,06:26:00,17:46:00
23329,1478353517,11/5/2016 12:00:00 AM,03:45:17,1.24,48.0,30.45,34.0,168.94,10.12,06:26:00,17:46:00
23330,1478353221,11/5/2016 12:00:00 AM,03:40:21,1.24,47.0,30.45,34.0,139.46,13.5,06:26:00,17:46:00
23331,1478352920,11/5/2016 12:00:00 AM,03:35:20,1.22,47.0,30.45,34.0,133.56,11.25,06:26:00,17:46:00
23332,1478352621,11/5/2016 12:00:00 AM,03:30:21,1.24,47.0,30.45,34.0,161.74,13.5,06:26:00,17:46:00
23333,1478352317,11/5/2016 12:00:00 AM,03:25:17,1.18,47.0,30.46,34.0,179.48,11.25,06:26:00,17:46:00
23334,1478352018,11/5/2016 12:00:00 AM,03:20:18,1.19,51.16507236474315,30.45,34.0,191.68,5.62,06:26:00,17:46:00
23335,1478351718,11/5/2016 12:00:00 AM,03:15:18,1.21,47.0,30.45,34.0,146.84,10.12,06:26:00,17:46:00
23336,1478351418,11/5/2016 12:00:00 AM,03:10:18,1.25,47.0,30.45,33.0,171.98,14.62,06:26:00,17:46:00
23337,1478351118,11/5/2016 12:00:00 AM,03:05:18,1.24,47.0,30.45,33.0,159.56,12.37,06:26:00,17:46:00
23338,1478350818,11/5/2016 12:00:00 AM,03:00:18,1.22,47.0,30.45,33.0,144.44,13.5,06:26:00,17:46:00
23339,1478350518,11/5/2016 12:00:00 AM,02:55:18,1.19,47.0,30.45,33.0,166.76,11.25,06:26:00,17:46:00
23340,1478350218,11/5/2016 12:00:00 AM,02:50:18,1.2,47.0,30.45,33.0,143.48,10.12,06:26:00,17:46:00
23341,1478349917,11/5/2016 12:00:00 AM,02:45:17,1.2,47.0,30.45,33.0,144.78,13.5,06:26:00,17:46:00
23342,1478349618,11/5/2016 12:00:00 AM,02:40:18,1.2,47.0,30.45,34.0,176.72,9.0,06:26:00,17:46:00
23343,1478349317,11/5/2016 12:00:00 AM,02:35:17,1.21,47.0,30.45,35.0,176.91,6.229096658193317,06:26:00,17:46:00
23344,1478349020,11/5/2016 12:00:00 AM,02:30:20,1.21,47.0,30.45,34.0,184.91,9.0,06:26:00,17:46:00
23345,1478348725,11/5/2016 12:00:00 AM,02:25:25,1.21,47.0,30.46,34.0,125.65,7.87,06:26:00,17:46:00
23346,1478348418,11/5/2016 12:00:00 AM,02:20:18,1.21,47.0,30.46,33.0,125.28,11.25,06:26:00,17:46:00
23347,1478348118,11/5/2016 12:00:00 AM,02:15:18,1.22,47.0,30.46,34.0,154.62,12.37,06:26:00,17:46:00
23348,1478347818,11/5/2016 12:00:00 AM,02:10:18,1.21,47.0,30.46,34.0,158.32,11.25,06:26:00,17:46:00
23349,1478347517,11/5/2016 12:00:00 AM,02:05:17,1.21,47.0,30.46,33.0,155.3,10.12,06:26:00,17:46:00
23350,1478347220,11/5/2016 12:00:00 AM,02:00:20,1.22,47.0,30.46,34.0,162.96,9.0,06:26:00,17:46:00
23351,1478346917,11/5/2016 12:00:00 AM,01:55:17,1.24,47.0,30.46,34.0,160.93,7.87,06:26:00,17:46:00
23352,1478346619,11/5/2016 12:00:00 AM,01:50:19,1.22,47.0,30.46,33.0,157.26,10.12,06:26:00,17:46:00
23353,1478346318,11/5/2016 12:00:00 AM,01:45:18,1.19,47.0,30.46,33.0,139.44,7.87,06:26:00,17:46:00
23354,1478346017,11/5/2016 12:00:00 AM,01:40:17,1.25,47.0,30.47,33.0,142.25,9.0,06:26:00,17:46:00
23355,1478345717,11/5/2016 12:00:00 AM,01:35:17,1.25,47.0,30.47,33.0,172.58,6.75,06:26:00,17:46:00
23356,1478345418,11/5/2016 12:00:00 AM,01:30:18,1.15,47.0,30.47,32.0,161.98,13.5,06:26:00,17:46:00
23357,1478345121,11/5/2016 12:00:00 AM,01:25:21,1.23,48.0,30.47,32.0,184.23,9.0,06:26:00,17:46:00
23358,1478344819,11/5/2016 12:00:00 AM,01:20:19,1.19,48.0,30.47,32.0,120.56,9.0,06:26:00,17:46:00
23359,1478344518,11/5/2016 12:00:00 AM,01:15:18,1.24,48.0,30.47,32.0,160.52,11.25,06:26:00,17:46:00
23360,1478344221,11/5/2016 12:00:00 AM,01:10:21,1.17,48.0,30.47,32.0,169.08,9.0,06:26:00,17:46:00
23361,1478343918,11/5/2016 12:00:00 AM,01:05:18,1.21,48.0,30.47,32.0,151.32,10.12,06:26:00,17:46:00
23362,1478343618,11/5/2016 12:00:00 AM,01:00:18,1.19,47.0,30.47,32.0,167.18,10.12,06:26:00,17:46:00
23363,1478343320,11/5/2016 12:00:00 AM,00:55:20,1.2,47.0,30.47,32.0,200.43,9.0,06:26:00,17:46:00
23364,1478343018,11/5/2016 12:00:00 AM,00:50:18,1.23,47.0,30.47,33.0,143.54770303349548,9.0,06:26:00,17:46:00
23365,1478342718,11/5/2016 12:00:00 AM,00:45:18,1.25,47.0,30.48,33.0,139.47,11.25,06:26:00,17:46:00
23366,1478342420,11/5/2016 12:00:00 AM,00:40:20,1.21,47.0,30.48,33.0,150.85,9.0,06:26:00,17:46:00
23367,1478342118,11/5/2016 12:00:00 AM,00:35:18,1.22,47.0,30.48,33.0,158.5,10.12,06:26:00,17:46:00
23368,1478341818,11/5/2016 12:00:00 AM,00:30:18,1.24,47.0,30.48,33.0,174.91,7.87,06:26:00,17:46:00
23369,1478341518,11/5/2016 12:00:00 AM,00:25:18,1.24,47.0,30.48,32.0,182.34,6.75,06:26:00,17:46:00
23370,1478341219,11/5/2016 12:00:00 AM,00:20:19,1.22,47.0,30.48,32.0,165.44,7.87,06:26:00,17:46:00
23371,1478340920,11/5/2016 12:00:00 AM,00:15:20,1.24,47.0,30.49,32.0,138.49,5.62,06:26:00,17:46:00
23372,1478340618,11/5/2016 12:00:00 AM,00:10:18,1.2,47.0,30.49,33.0,155.89,9.0,06:26:00,17:46:00
23373,1478340018,11/5/2016 12:00:00 AM,00:00:18,1.22,47.0,30.49,33.0,160.9,9.0,06:26:00,17:46:00
23374,1478339718,11/4/2016 12:00:00 AM,23:55:18,1.2,47.0,30.49,33.0,140.1,9.0,06:25:00,17:47:00
23375,1478339417,11/4/2016 12:00:00 AM,23:50:17,1.21,47.0,30.49,33.0,168.2,5.62,06:25:00,17:47:00
23376,1478339117,11/4/2016 12:00:00 AM,23:45:17,1.16,47.0,30.49,33.0,181.68,9.0,06:25:00,17:47:00
23377,1478338817,11/4/2016 12:00:00 AM,23:40:17,1.24,47.0,30.49,34.0,132.66,10.12,06:25:00,17:47:00
23378,1478338517,11/4/2016 12:00:00 AM,23:35:17,1.23,47.0,30.49,35.0,176.8,5.62,06:25:00,17:47:00
23379,1478338217,11/4/2016 12:00:00 AM,23:30:17,1.18,47.0,30.5,34.0,162.31,5.62,06:25:00,17:47:00
23380,1478337917,11/4/2016 12:00:00 AM,23:25:17,1.19,48.0,30.5,35.0,143.54770303349548,7.87,06:25:00,17:47:00
23381,1478337619,11/4/2016 12:00:00 AM,23:20:19,1.22,48.0,30.5,35.0,147.44,9.0,06:25:00,17:47:00
23382,1478337321,11/4/2016 12:00:00 AM,23:15:21,1.22,48.0,30.5,35.0,146.22,7.87,06:25:00,17:47:00
23383,1478337017,11/4/2016 12:00:00 AM,23:10:17,1.21,48.0,30.5,36.0,150.76,6.75,06:25:00,17:47:00
23384,1478336718,11/4/2016 12:00:00 AM,23:05:18,1.22,48.0,30.5,36.0,182.65,9.0,06:25:00,17:47:00
23385,1478336418,11/4/2016 12:00:00 AM,23:00:18,1.22,48.0,30.5,37.0,162.09,10.12,06:25:00,17:47:00
23386,1478336118,11/4/2016 12:00:00 AM,22:55:18,1.23,48.0,30.5,38.0,141.38,7.87,06:25:00,17:47:00
23387,1478335818,11/4/2016 12:00:00 AM,22:50:18,1.22,48.0,30.5,39.0,180.52,6.75,06:25:00,17:47:00
23388,1478335518,11/4/2016 12:00:00 AM,22:45:18,1.21,48.0,30.5,38.0,179.09,7.87,06:25:00,17:47:00
23389,1478335218,11/4/2016 12:00:00 AM,22:40:18,1.22,48.0,30.5,39.0,158.59,7.87,06:25:00,17:47:00
23390,1478334918,11/4/2016 12:00:00 AM,22:35:18,1.21,48.0,30.5,39.0,158.81,10.12,06:25:00,17:47:00
23391,1478334621,11/4/2016 12:00:00 AM,22:30:21,1.24,48.0,30.5,39.0,154.09,10.12,06:25:00,17:47:00
23392,1478334320,11/4/2016 12:00:00 AM,22:25:20,1.23,48.0,30.49,39.0,125.4,7.87,06:25:00,17:47:00
23393,1478334020,11/4/2016 12:00:00 AM,22:20:20,1.22,48.0,30.49,39.0,159.94,10.12,06:25:00,17:47:00
23394,1478333720,11/4/2016 12:00:00 AM,22:15:20,1.22,48.0,30.49,38.0,162.1,7.87,06:25:00,17:47:00
23395,1478333417,11/4/2016 12:00:00 AM,22:10:17,1.2,48.0,30.49,38.0,158.18,11.25,06:25:00,17:47:00
23396,1478333118,11/4/2016 12:00:00 AM,22:05:18,1.23,48.0,30.49,38.0,163.09,7.87,06:25:00,17:47:00
23397,1478332817,11/4/2016 12:00:00 AM,22:00:17,1.26,49.0,30.49,38.0,153.27,10.12,06:25:00,17:47:00
23398,1478332519,11/4/2016 12:00:00 AM,21:55:19,1.2,49.0,30.49,37.0,139.23,7.87,06:25:00,17:47:00
23399,1478332220,11/4/2016 12:00:00 AM,21:50:20,1.21,49.0,30.49,37.0,173.51,9.0,06:25:00,17:47:00
23400,1478331918,11/4/2016 12:00:00 AM,21:45:18,1.21,49.0,30.49,37.0,170.63,10.12,06:25:00,17:47:00
23401,1478331617,11/4/2016 12:00:00 AM,21:40:17,1.2,49.0,30.49,36.0,160.02,9.0,06:25:00,17:47:00
23402,1478331317,11/4/2016 12:00:00 AM,21:35:17,1.24,49.0,30.5,35.0,155.15,6.75,06:25:00,17:47:00
23403,1478331020,11/4/2016 12:00:00 AM,21:30:20,1.23,49.0,30.5,35.0,152.88,7.87,06:25:00,17:47:00
23404,1478330718,11/4/2016 12:00:00 AM,21:25:18,1.22,49.0,30.49,34.0,170.75,7.87,06:25:00,17:47:00
23405,1478330417,11/4/2016 12:00:00 AM,21:20:17,1.25,49.0,30.49,34.0,159.01,7.87,06:25:00,17:47:00
23406,1478330118,11/4/2016 12:00:00 AM,21:15:18,1.18,49.0,30.5,34.0,146.23,9.0,06:25:00,17:47:00
23407,1478329817,11/4/2016 12:00:00 AM,21:10:17,1.23,49.0,30.5,33.0,165.36,5.62,06:25:00,17:47:00
23408,1478329524,11/4/2016 12:00:00 AM,21:05:24,1.21,49.0,30.5,33.0,147.16,4.5,06:25:00,17:47:00
23409,1478329218,11/4/2016 12:00:00 AM,21:00:18,1.2,49.0,30.5,34.0,158.19,3.37,06:25:00,17:47:00
23410,1478328920,11/4/2016 12:00:00 AM,20:55:20,1.19,49.0,30.5,34.0,141.09,3.37,06:25:00,17:47:00
23411,1478328617,11/4/2016 12:00:00 AM,20:50:17,1.24,49.0,30.49,33.0,170.97,4.5,06:25:00,17:47:00
23412,1478328320,11/4/2016 12:00:00 AM,20:45:20,1.24,49.0,30.49,34.0,137.46,5.62,06:25:00,17:47:00
23413,1478328020,11/4/2016 12:00:00 AM,20:40:20,1.22,50.0,30.49,34.0,161.96,5.62,06:25:00,17:47:00
23414,1478327717,11/4/2016 12:00:00 AM,20:35:17,1.21,50.0,30.49,34.0,95.81,3.37,06:25:00,17:47:00
23415,1478327417,11/4/2016 12:00:00 AM,20:30:17,1.23,50.0,30.49,34.0,200.59,5.62,06:25:00,17:47:00
23416,1478327118,11/4/2016 12:00:00 AM,20:25:18,1.2,49.0,30.49,35.0,116.34,3.37,06:25:00,17:47:00
23417,1478326823,11/4/2016 12:00:00 AM,20:20:23,1.22,49.0,30.48,38.0,143.54770303349548,4.5,06:25:00,17:47:00
23418,1478326519,11/4/2016 12:00:00 AM,20:15:19,1.22,50.0,30.48,74.83719267708949,127.0,6.75,06:25:00,17:47:00
23419,1478326218,11/4/2016 12:00:00 AM,20:10:18,1.18,50.0,30.48,39.0,123.86,5.62,06:25:00,17:47:00
23420,1478325918,11/4/2016 12:00:00 AM,20:05:18,1.24,50.0,30.48,37.0,148.76,1.12,06:25:00,17:47:00
23421,1478325620,11/4/2016 12:00:00 AM,20:00:20,1.24,51.0,30.48,39.0,152.53,4.5,06:25:00,17:47:00
23422,1478325317,11/4/2016 12:00:00 AM,19:55:17,1.21,51.0,30.48,39.0,137.25,3.37,06:25:00,17:47:00
23423,1478325017,11/4/2016 12:00:00 AM,19:50:17,1.22,51.0,30.48,39.0,116.39,9.0,06:25:00,17:47:00
23424,1478324718,11/4/2016 12:00:00 AM,19:45:18,1.21,51.0,30.48,39.0,134.43,4.5,06:25:00,17:47:00
23425,1478324418,11/4/2016 12:00:00 AM,19:40:18,1.21,51.0,30.47,38.0,32.09,1.12,06:25:00,17:47:00
23426,1478324117,11/4/2016 12:00:00 AM,19:35:17,1.22,51.0,30.47,38.0,118.11,4.5,06:25:00,17:47:00
23427,1478323818,11/4/2016 12:00:00 AM,19:30:18,1.19,51.0,30.47,39.0,180.72,2.25,06:25:00,17:47:00
23428,1478323518,11/4/2016 12:00:00 AM,19:25:18,1.2,51.0,30.47,39.0,170.65,3.37,06:25:00,17:47:00
23429,1478323218,11/4/2016 12:00:00 AM,19:20:18,1.21,52.0,30.47,39.0,179.31,3.37,06:25:00,17:47:00
23430,1478322917,11/4/2016 12:00:00 AM,19:15:17,1.22,52.0,30.47,38.0,100.36,4.5,06:25:00,17:47:00
23431,1478322617,11/4/2016 12:00:00 AM,19:10:17,1.19,52.0,30.47,37.0,133.34,5.62,06:25:00,17:47:00
23432,1478322318,11/4/2016 12:00:00 AM,19:05:18,1.18,53.0,30.47,35.0,171.32,5.62,06:25:00,17:47:00
23433,1478322018,11/4/2016 12:00:00 AM,19:00:18,1.25,53.0,30.46,33.0,136.59,2.25,06:25:00,17:47:00
23434,1478321717,11/4/2016 12:00:00 AM,18:55:17,1.24,53.0,30.46,32.0,172.66,2.25,06:25:00,17:47:00
23435,1478321417,11/4/2016 12:00:00 AM,18:50:17,1.23,53.0,30.46,39.0,140.56,5.62,06:25:00,17:47:00
23436,1478321118,11/4/2016 12:00:00 AM,18:45:18,1.2,53.0,30.46,39.0,150.21,6.75,06:25:00,17:47:00
23437,1478320817,11/4/2016 12:00:00 AM,18:40:17,1.22,53.0,30.45,40.0,177.01,6.75,06:25:00,17:47:00
23438,1478320518,11/4/2016 12:00:00 AM,18:35:18,1.21,53.0,30.46,40.0,175.72,4.5,06:25:00,17:47:00
23439,1478320221,11/4/2016 12:00:00 AM,18:30:21,1.2,53.0,30.45,40.0,168.65,5.62,06:25:00,17:47:00
23440,1478319917,11/4/2016 12:00:00 AM,18:25:17,1.25,54.0,30.45,37.0,154.77,7.87,06:25:00,17:47:00
23441,1478319618,11/4/2016 12:00:00 AM,18:20:18,1.23,54.0,30.45,34.0,81.89,4.5,06:25:00,17:47:00
23442,1478319320,11/4/2016 12:00:00 AM,18:15:20,1.22,55.0,30.45,33.0,149.22,4.5,06:25:00,17:47:00
23443,1478319022,11/4/2016 12:00:00 AM,18:10:22,1.23,56.0,30.45,36.0,76.59,3.37,06:25:00,17:47:00
23444,1478318718,11/4/2016 12:00:00 AM,18:05:18,1.26,56.0,30.45,36.0,130.26,4.5,06:25:00,17:47:00
23445,1478318417,11/4/2016 12:00:00 AM,18:00:17,1.54,57.0,30.45,35.0,169.65,6.75,06:25:00,17:47:00
23446,1478318118,11/4/2016 12:00:00 AM,17:55:18,2.73,57.0,30.44,36.0,154.79,7.87,06:25:00,17:47:00
23447,1478317821,11/4/2016 12:00:00 AM,17:50:21,4.56,58.0,30.44,36.0,128.18,5.62,06:25:00,17:47:00
23448,1478317518,11/4/2016 12:00:00 AM,17:45:18,6.74,58.0,30.44,37.0,160.17,9.0,06:25:00,17:47:00
23449,1478317218,11/4/2016 12:00:00 AM,17:40:18,8.92,59.0,30.44,35.0,163.58,5.62,06:25:00,17:47:00
23450,1478316923,11/4/2016 12:00:00 AM,17:35:23,11.01,59.0,30.44,36.0,139.58,6.75,06:25:00,17:47:00
23451,1478316617,11/4/2016 12:00:00 AM,17:30:17,24.42,59.0,30.44,35.0,179.53,7.87,06:25:00,17:47:00
23452,1478316323,11/4/2016 12:00:00 AM,17:25:23,28.84,59.0,30.43,38.0,150.51,9.0,06:25:00,17:47:00
23453,1478316018,11/4/2016 12:00:00 AM,17:20:18,41.48,59.0,30.43,43.0,151.75,9.0,06:25:00,17:47:00
23454,1478315721,11/4/2016 12:00:00 AM,17:15:21,59.22,59.0,30.43,44.0,114.05,9.0,06:25:00,17:47:00
23455,1478315417,11/4/2016 12:00:00 AM,17:10:17,79.41,59.0,30.43,45.0,136.51,10.12,06:25:00,17:47:00
23456,1478315117,11/4/2016 12:00:00 AM,17:05:17,101.07,58.0,30.43,45.0,137.77,6.75,06:25:00,17:47:00
23457,1478314820,11/4/2016 12:00:00 AM,17:00:20,124.59,58.0,30.43,57.0,128.76,6.75,06:25:00,17:47:00
23458,1478314517,11/4/2016 12:00:00 AM,16:55:17,150.59,59.0,30.43,71.0,95.27,5.62,06:25:00,17:47:00
23459,1478314218,11/4/2016 12:00:00 AM,16:50:18,177.52,61.0,30.43,66.0,62.18,6.75,06:25:00,17:47:00
23460,1478313918,11/4/2016 12:00:00 AM,16:45:18,206.07,62.0,30.43,50.0,83.73,9.0,06:25:00,17:47:00
23461,1478313617,11/4/2016 12:00:00 AM,16:40:17,234.62,61.0,30.42,38.0,94.43,2.25,06:25:00,17:47:00
23462,1478313318,11/4/2016 12:00:00 AM,16:35:18,261.65,60.0,30.42,51.0,75.72,3.37,06:25:00,17:47:00
23463,1478313018,11/4/2016 12:00:00 AM,16:30:18,288.04,61.0,30.42,66.0,15.21,5.62,06:25:00,17:47:00
23464,1478312719,11/4/2016 12:00:00 AM,16:25:19,314.11,62.0,30.42,63.0,100.32,1.12,06:25:00,17:47:00
23465,1478312418,11/4/2016 12:00:00 AM,16:20:18,337.85,62.0,30.42,48.0,95.24,5.62,06:25:00,17:47:00
23466,1478312117,11/4/2016 12:00:00 AM,16:15:17,359.32,61.0,30.42,49.0,96.23,9.0,06:25:00,17:47:00
23467,1478311818,11/4/2016 12:00:00 AM,16:10:18,378.48,61.0,30.42,60.0,41.74,5.62,06:25:00,17:47:00
23468,1478311518,11/4/2016 12:00:00 AM,16:05:18,400.27,61.0,30.42,59.0,36.07,13.5,06:25:00,17:47:00
23469,1478311218,11/4/2016 12:00:00 AM,16:00:18,418.81,61.0,30.41,58.0,72.18,7.87,06:25:00,17:47:00
23470,1478310918,11/4/2016 12:00:00 AM,15:55:18,438.55,62.0,30.42,63.0,29.56,7.87,06:25:00,17:47:00
23471,1478310617,11/4/2016 12:00:00 AM,15:50:17,458.27,63.0,30.42,46.0,75.13,9.0,06:25:00,17:47:00
23472,1478310318,11/4/2016 12:00:00 AM,15:45:18,479.44,62.0,30.41,42.0,127.54,5.62,06:25:00,17:47:00
23473,1478310017,11/4/2016 12:00:00 AM,15:40:17,497.82,62.0,30.41,51.0,98.57,10.12,06:25:00,17:47:00
23474,1478309724,11/4/2016 12:00:00 AM,15:35:24,516.64,61.0,30.41,54.0,65.84,5.62,06:25:00,17:47:00
23475,1478309417,11/4/2016 12:00:00 AM,15:30:17,536.05,60.0,30.41,64.0,51.03,4.5,06:25:00,17:47:00
23476,1478309118,11/4/2016 12:00:00 AM,15:25:18,552.28,59.0,30.41,71.0,47.44,3.37,06:25:00,17:47:00
23477,1478308817,11/4/2016 12:00:00 AM,15:20:17,570.28,59.0,30.41,70.0,72.46,3.37,06:25:00,17:47:00
23478,1478308517,11/4/2016 12:00:00 AM,15:15:17,587.86,60.0,30.42,69.0,59.27,7.87,06:25:00,17:47:00
23479,1478308220,11/4/2016 12:00:00 AM,15:10:20,603.95,60.0,30.42,67.0,0.18,6.75,06:25:00,17:47:00
23480,1478307922,11/4/2016 12:00:00 AM,15:05:22,621.07,61.0,30.42,65.0,14.76,10.12,06:25:00,17:47:00
23481,1478307618,11/4/2016 12:00:00 AM,15:00:18,637.45,62.0,30.42,62.0,42.67,9.0,06:25:00,17:47:00
23482,1478307318,11/4/2016 12:00:00 AM,14:55:18,652.93,51.16507236474315,30.42,58.0,38.81,11.25,06:25:00,17:47:00
23483,1478307018,11/4/2016 12:00:00 AM,14:50:18,670.64,64.0,30.42,50.0,8.02,10.12,06:25:00,17:47:00
23484,1478306718,11/4/2016 12:00:00 AM,14:45:18,686.26,65.0,30.42,43.0,1.45,4.5,06:25:00,17:47:00
23485,1478306420,11/4/2016 12:00:00 AM,14:40:20,704.01,65.0,30.42,36.0,74.38,5.62,06:25:00,17:47:00
23486,1478306117,11/4/2016 12:00:00 AM,14:35:17,718.59,65.0,30.42,36.0,30.89,6.75,06:25:00,17:47:00
23487,1478305817,11/4/2016 12:00:00 AM,14:30:17,732.78,65.0,30.42,37.0,52.03,2.25,06:25:00,17:47:00
23488,1478305517,11/4/2016 12:00:00 AM,14:25:17,744.7,65.0,30.42,40.0,47.33,4.5,06:25:00,17:47:00
23489,1478305220,11/4/2016 12:00:00 AM,14:20:20,758.03,65.0,30.42,37.0,40.7,5.62,06:25:00,17:47:00
23490,1478304918,11/4/2016 12:00:00 AM,14:15:18,773.92,65.0,30.42,39.0,59.62,6.75,06:25:00,17:47:00
23491,1478304620,11/4/2016 12:00:00 AM,14:10:20,780.45,64.0,30.42,37.0,31.8,3.37,06:25:00,17:47:00
23492,1478304319,11/4/2016 12:00:00 AM,14:05:19,798.7,64.0,30.43,37.0,62.4,5.62,06:25:00,17:47:00
23493,1478304017,11/4/2016 12:00:00 AM,14:00:17,809.85,64.0,30.42,44.0,7.54,5.62,06:25:00,17:47:00
23494,1478303722,11/4/2016 12:00:00 AM,13:55:22,820.87,63.0,30.43,43.0,62.31,3.37,06:25:00,17:47:00
23495,1478303418,11/4/2016 12:00:00 AM,13:50:18,831.52,63.0,30.43,46.0,51.19,7.87,06:25:00,17:47:00
23496,1478303118,11/4/2016 12:00:00 AM,13:45:18,839.7,63.0,30.43,47.0,341.64,2.25,06:25:00,17:47:00
23497,1478302818,11/4/2016 12:00:00 AM,13:40:18,849.35,64.0,30.43,46.0,58.19,10.12,06:25:00,17:47:00
23498,1478302518,11/4/2016 12:00:00 AM,13:35:18,858.45,65.0,30.43,41.0,62.16,12.37,06:25:00,17:47:00
23499,1478302220,11/4/2016 12:00:00 AM,13:30:20,868.71,65.0,30.43,35.0,106.72,3.37,06:25:00,17:47:00
23500,1478301918,11/4/2016 12:00:00 AM,13:25:18,878.69,65.0,30.43,35.0,26.5,7.87,06:25:00,17:47:00
23501,1478301622,11/4/2016 12:00:00 AM,13:20:22,887.32,65.0,30.43,32.0,52.23,5.62,06:25:00,17:47:00
23502,1478301318,11/4/2016 12:00:00 AM,13:15:18,892.56,65.0,30.43,32.0,54.07,7.87,06:25:00,17:47:00
23503,1478301018,11/4/2016 12:00:00 AM,13:10:18,900.92,65.0,30.43,34.0,32.01,4.5,06:25:00,17:47:00
23504,1478300718,11/4/2016 12:00:00 AM,13:05:18,905.5,64.0,30.44,35.0,124.94,1.12,06:25:00,17:47:00
23505,1478300418,11/4/2016 12:00:00 AM,13:00:18,911.19,64.0,30.44,36.0,16.4,6.75,06:25:00,17:47:00
23506,1478300119,11/4/2016 12:00:00 AM,12:55:19,917.45,64.0,30.44,32.0,60.01,11.25,06:25:00,17:47:00
23507,1478299817,11/4/2016 12:00:00 AM,12:50:17,923.69,64.0,30.44,32.0,89.63,6.75,06:25:00,17:47:00
23508,1478299518,11/4/2016 12:00:00 AM,12:45:18,926.48,64.0,30.45,37.0,351.91,9.0,06:25:00,17:47:00
23509,1478299221,11/4/2016 12:00:00 AM,12:40:21,929.45,64.0,30.45,41.0,359.93,7.87,06:25:00,17:47:00
23510,1478298918,11/4/2016 12:00:00 AM,12:35:18,933.24,64.0,30.44,45.0,90.67,5.62,06:25:00,17:47:00
23511,1478298618,11/4/2016 12:00:00 AM,12:30:18,937.23,64.0,30.45,45.0,17.62,11.25,06:25:00,17:47:00
23512,1478298318,11/4/2016 12:00:00 AM,12:25:18,940.37,64.0,30.44,39.0,73.07,11.25,06:25:00,17:47:00
23513,1478298018,11/4/2016 12:00:00 AM,12:20:18,939.21,64.0,30.45,38.0,4.13,6.75,06:25:00,17:47:00
23514,1478297719,11/4/2016 12:00:00 AM,12:15:19,940.92,64.0,30.45,38.0,61.08,5.62,06:25:00,17:47:00
23515,1478297419,11/4/2016 12:00:00 AM,12:10:19,941.88,64.0,30.45,40.0,6.14,9.0,06:25:00,17:47:00
23516,1478297119,11/4/2016 12:00:00 AM,12:05:19,942.42,64.0,30.45,40.0,79.17,5.62,06:25:00,17:47:00
23517,1478296818,11/4/2016 12:00:00 AM,12:00:18,943.99,65.0,30.45,42.0,71.67,10.12,06:25:00,17:47:00
23518,1478296521,11/4/2016 12:00:00 AM,11:55:21,940.78,65.0,30.45,34.0,8.38,7.87,06:25:00,17:47:00
23519,1478296219,11/4/2016 12:00:00 AM,11:50:19,939.15,64.0,30.45,28.0,35.52,5.62,06:25:00,17:47:00
23520,1478295918,11/4/2016 12:00:00 AM,11:45:18,935.83,64.0,30.46,32.0,68.86,3.37,06:25:00,17:47:00
23521,1478295620,11/4/2016 12:00:00 AM,11:40:20,934.34,64.0,30.46,34.0,183.4,4.5,06:25:00,17:47:00
23522,1478295321,11/4/2016 12:00:00 AM,11:35:21,930.17,64.0,30.46,38.0,344.78,2.25,06:25:00,17:47:00
23523,1478295021,11/4/2016 12:00:00 AM,11:30:21,927.67,64.0,30.46,36.0,346.59,4.5,06:25:00,17:47:00
23524,1478294719,11/4/2016 12:00:00 AM,11:25:19,922.57,65.0,30.47,36.0,30.15,10.12,06:25:00,17:47:00
23525,1478294420,11/4/2016 12:00:00 AM,11:20:20,920.48,65.0,30.46,26.0,105.09,4.5,06:25:00,17:47:00
23526,1478294119,11/4/2016 12:00:00 AM,11:15:19,913.1,65.0,30.46,31.0,349.93,5.62,06:25:00,17:47:00
23527,1478293817,11/4/2016 12:00:00 AM,11:10:17,908.28,65.0,30.46,28.0,359.93,4.5,06:25:00,17:47:00
23528,1478293518,11/4/2016 12:00:00 AM,11:05:18,901.41,64.0,30.46,29.0,126.11,2.25,06:25:00,17:47:00
23529,1478293217,11/4/2016 12:00:00 AM,11:00:17,895.08,64.0,30.47,37.0,90.42,9.0,06:25:00,17:47:00
23530,1478292919,11/4/2016 12:00:00 AM,10:55:19,888.02,64.0,30.47,34.0,74.92,3.37,06:25:00,17:47:00
23531,1478292623,11/4/2016 12:00:00 AM,10:50:23,880.09,64.0,30.46,28.0,321.56,4.5,06:25:00,17:47:00
23532,1478292322,11/4/2016 12:00:00 AM,10:45:22,872.81,64.0,30.423028000868246,31.0,55.21,5.62,06:25:00,17:47:00
23533,1478292017,11/4/2016 12:00:00 AM,10:40:17,863.25,64.0,30.47,34.0,106.34,6.75,06:25:00,17:47:00
23534,1478291719,11/4/2016 12:00:00 AM,10:35:19,853.57,64.0,30.47,30.0,349.74,3.37,06:25:00,17:47:00
23535,1478291417,11/4/2016 12:00:00 AM,10:30:17,844.33,63.0,30.47,36.0,33.8,6.75,06:25:00,17:47:00
23536,1478291120,11/4/2016 12:00:00 AM,10:25:20,833.32,63.0,30.47,35.0,58.24,7.87,06:25:00,17:47:00
23537,1478290819,11/4/2016 12:00:00 AM,10:20:19,825.05,63.0,30.47,33.0,67.72,6.75,06:25:00,17:47:00
23538,1478290518,11/4/2016 12:00:00 AM,10:15:18,812.58,64.0,30.47,35.0,336.47,3.37,06:25:00,17:47:00
23539,1478290220,11/4/2016 12:00:00 AM,10:10:20,802.7,64.0,30.47,32.0,28.13,6.75,06:25:00,17:47:00
23540,1478289919,11/4/2016 12:00:00 AM,10:05:19,789.64,65.0,30.47,26.0,34.01,9.0,06:25:00,17:47:00
23541,1478289618,11/4/2016 12:00:00 AM,10:00:18,778.25,65.0,30.47,22.0,83.33,5.62,06:25:00,17:47:00
23542,1478289319,11/4/2016 12:00:00 AM,09:55:19,766.56,65.0,30.47,23.0,4.32,3.37,06:25:00,17:47:00
23543,1478289020,11/4/2016 12:00:00 AM,09:50:20,754.0,65.0,30.47,22.0,124.27,7.87,06:25:00,17:47:00
23544,1478288718,11/4/2016 12:00:00 AM,09:45:18,738.77,65.0,30.47,22.0,31.49,5.62,06:25:00,17:47:00
23545,1478288418,11/4/2016 12:00:00 AM,09:40:18,725.96,65.0,30.47,22.0,137.85,6.75,06:25:00,17:47:00
23546,1478288118,11/4/2016 12:00:00 AM,09:35:18,710.31,64.0,30.47,23.0,25.89,2.25,06:25:00,17:47:00
23547,1478287819,11/4/2016 12:00:00 AM,09:30:19,696.05,63.0,30.47,25.0,131.94,4.5,06:25:00,17:47:00
23548,1478287521,11/4/2016 12:00:00 AM,09:25:21,680.31,61.0,30.47,29.0,151.75,9.0,06:25:00,17:47:00
23549,1478287218,11/4/2016 12:00:00 AM,09:20:18,664.19,60.0,30.47,32.0,174.89,4.5,06:25:00,17:47:00
23550,1478286918,11/4/2016 12:00:00 AM,09:15:18,647.21,60.0,30.47,30.0,86.06,2.25,06:25:00,17:47:00
23551,1478286621,11/4/2016 12:00:00 AM,09:10:21,633.02,59.0,30.47,30.0,142.49,5.62,06:25:00,17:47:00
23552,1478286318,11/4/2016 12:00:00 AM,09:05:18,615.65,59.0,30.47,32.0,83.43,3.37,06:25:00,17:47:00
23553,1478286018,11/4/2016 12:00:00 AM,09:00:18,599.44,60.0,30.47,31.0,66.63,3.37,06:25:00,17:47:00
23554,1478285718,11/4/2016 12:00:00 AM,08:55:18,581.9,61.0,30.47,28.0,3.18,3.37,06:25:00,17:47:00
23555,1478285417,11/4/2016 12:00:00 AM,08:50:17,564.54,62.0,30.47,22.0,64.32,5.62,06:25:00,17:47:00
23556,1478285120,11/4/2016 12:00:00 AM,08:45:20,546.51,61.0,30.47,24.0,59.42,1.12,06:25:00,17:47:00
23557,1478284818,11/4/2016 12:00:00 AM,08:40:18,528.27,60.0,30.47,29.0,138.5,7.87,06:25:00,17:47:00
23558,1478284518,11/4/2016 12:00:00 AM,08:35:18,510.41,59.0,30.46,31.0,105.9,7.87,06:25:00,17:47:00
23559,1478284218,11/4/2016 12:00:00 AM,08:30:18,492.35,59.0,30.46,29.0,168.27,5.62,06:25:00,17:47:00
23560,1478283920,11/4/2016 12:00:00 AM,08:25:20,472.51,60.0,30.47,30.0,95.73,5.62,06:25:00,17:47:00
23561,1478283618,11/4/2016 12:00:00 AM,08:20:18,453.47,60.0,30.47,20.0,93.44,1.12,06:25:00,17:47:00
23562,1478283317,11/4/2016 12:00:00 AM,08:15:17,434.19,59.0,30.47,22.0,116.47,3.37,06:25:00,17:47:00
23563,1478283018,11/4/2016 12:00:00 AM,08:10:18,414.61,57.0,30.423028000868246,23.0,161.82,4.5,06:25:00,17:47:00
23564,1478282718,11/4/2016 12:00:00 AM,08:05:18,393.73,56.0,30.47,25.0,138.86,4.5,06:25:00,17:47:00
23565,1478282418,11/4/2016 12:00:00 AM,08:00:18,373.91,55.0,30.47,25.0,179.16,4.5,06:25:00,17:47:00
23566,1478282117,11/4/2016 12:00:00 AM,07:55:17,353.37,54.0,30.46,25.0,190.56,5.62,06:25:00,17:47:00
23567,1478281818,11/4/2016 12:00:00 AM,07:50:18,331.77,54.0,30.46,25.0,158.61,5.62,06:25:00,17:47:00
23568,1478281520,11/4/2016 12:00:00 AM,07:45:20,307.89,53.0,30.46,26.0,125.6,6.75,06:25:00,17:47:00
23569,1478281218,11/4/2016 12:00:00 AM,07:40:18,280.69,51.0,30.46,26.0,131.21,5.62,06:25:00,17:47:00
23570,1478280917,11/4/2016 12:00:00 AM,07:35:17,25.57,51.0,30.46,29.0,109.6,3.37,06:25:00,17:47:00
23571,1478280618,11/4/2016 12:00:00 AM,07:30:18,23.51,50.0,30.46,29.0,161.94,2.25,06:25:00,17:47:00
23572,1478280318,11/4/2016 12:00:00 AM,07:25:18,22.01,50.0,30.45,31.0,176.86,4.5,06:25:00,17:47:00
23573,1478280034,11/4/2016 12:00:00 AM,07:20:34,21.5,50.0,30.45,32.0,176.83,3.37,06:25:00,17:47:00
23574,1478279717,11/4/2016 12:00:00 AM,07:15:17,20.81,49.0,30.45,32.0,132.89,4.5,06:25:00,17:47:00
23575,1478279421,11/4/2016 12:00:00 AM,07:10:21,20.11,49.0,30.45,33.0,139.7,4.5,06:25:00,17:47:00
23576,1478279118,11/4/2016 12:00:00 AM,07:05:18,19.2,49.0,30.45,31.0,155.45,4.5,06:25:00,17:47:00
23577,1478278818,11/4/2016 12:00:00 AM,07:00:18,18.26,49.0,30.45,31.0,162.58,3.37,06:25:00,17:47:00
23578,1478278517,11/4/2016 12:00:00 AM,06:55:17,17.09,48.0,30.45,33.0,102.44,6.75,06:25:00,17:47:00
23579,1478278220,11/4/2016 12:00:00 AM,06:50:20,15.85,48.0,30.44,34.0,153.69,6.75,06:25:00,17:47:00
23580,1478277917,11/4/2016 12:00:00 AM,06:45:17,14.36,48.0,30.44,36.0,161.94,5.62,06:25:00,17:47:00
23581,1478277620,11/4/2016 12:00:00 AM,06:40:20,12.65,47.0,30.44,36.0,186.54,7.87,06:25:00,17:47:00
23582,1478277320,11/4/2016 12:00:00 AM,06:35:20,10.73,47.0,30.43,37.0,180.38,5.62,06:25:00,17:47:00
23583,1478277017,11/4/2016 12:00:00 AM,06:30:17,8.6,47.0,30.43,37.0,160.91,6.75,06:25:00,17:47:00
23584,1478276717,11/4/2016 12:00:00 AM,06:25:17,6.49,46.0,30.43,36.0,142.39,9.0,06:25:00,17:47:00
23585,1478276417,11/4/2016 12:00:00 AM,06:20:17,4.23,46.0,30.43,37.0,172.63,7.87,06:25:00,17:47:00
23586,1478276120,11/4/2016 12:00:00 AM,06:15:20,2.46,46.0,30.44,38.0,160.41,7.87,06:25:00,17:47:00
23587,1478275820,11/4/2016 12:00:00 AM,06:10:20,1.36,46.0,30.43,37.0,196.9,7.87,06:25:00,17:47:00
23588,1478275520,11/4/2016 12:00:00 AM,06:05:20,1.19,51.16507236474315,30.43,35.0,189.97,6.75,06:25:00,17:47:00
23589,1478275218,11/4/2016 12:00:00 AM,06:00:18,1.24,46.0,30.44,34.0,169.1,7.87,06:25:00,17:47:00
23590,1478274920,11/4/2016 12:00:00 AM,05:55:20,1.23,45.0,30.43,34.0,167.63,7.87,06:25:00,17:47:00
23591,1478274618,11/4/2016 12:00:00 AM,05:50:18,1.19,45.0,30.43,37.0,186.53,7.87,06:25:00,17:47:00
23592,1478274317,11/4/2016 12:00:00 AM,05:45:17,1.23,45.0,30.44,37.0,191.42,5.62,06:25:00,17:47:00
23593,1478274018,11/4/2016 12:00:00 AM,05:40:18,1.23,46.0,30.43,37.0,169.12,6.75,06:25:00,17:47:00
23594,1478273717,11/4/2016 12:00:00 AM,05:35:17,1.19,46.0,30.43,37.0,171.14,6.75,06:25:00,17:47:00
23595,1478273424,11/4/2016 12:00:00 AM,05:30:24,1.2,46.0,30.43,36.0,182.65,7.87,06:25:00,17:47:00
23596,1478273119,11/4/2016 12:00:00 AM,05:25:19,1.23,46.0,30.43,36.0,163.43,7.87,06:25:00,17:47:00
23597,1478272817,11/4/2016 12:00:00 AM,05:20:17,1.19,46.0,30.43,35.0,158.61,9.0,06:25:00,17:47:00
23598,1478272520,11/4/2016 12:00:00 AM,05:15:20,1.24,46.0,30.43,35.0,198.92,6.75,06:25:00,17:47:00
23599,1478272223,11/4/2016 12:00:00 AM,05:10:23,1.21,46.0,30.43,35.0,190.61,5.62,06:25:00,17:47:00
23600,1478271918,11/4/2016 12:00:00 AM,05:05:18,1.17,45.0,30.43,34.0,165.7,5.62,06:25:00,17:47:00
23601,1478271618,11/4/2016 12:00:00 AM,05:00:18,1.2,45.0,30.42,33.0,186.55,6.75,06:25:00,17:47:00
23602,1478271319,11/4/2016 12:00:00 AM,04:55:19,1.2,45.0,30.42,33.0,182.6,6.75,06:25:00,17:47:00
23603,1478271020,11/4/2016 12:00:00 AM,04:50:20,1.22,45.0,30.42,30.0,182.34,10.12,06:25:00,17:47:00
23604,1478270717,11/4/2016 12:00:00 AM,04:45:17,1.19,45.0,30.42,29.0,180.52,9.0,06:25:00,17:47:00
23605,1478270418,11/4/2016 12:00:00 AM,04:40:18,1.2,51.16507236474315,30.42,29.0,185.52,9.0,06:25:00,17:47:00
23606,1478270119,11/4/2016 12:00:00 AM,04:35:19,1.21,44.0,30.43,30.0,179.45,7.87,06:25:00,17:47:00
23607,1478269818,11/4/2016 12:00:00 AM,04:30:18,1.23,44.0,30.43,30.0,182.19,6.75,06:25:00,17:47:00
23608,1478269521,11/4/2016 12:00:00 AM,04:25:21,1.21,44.0,30.43,31.0,182.15,7.87,06:25:00,17:47:00
23609,1478269217,11/4/2016 12:00:00 AM,04:20:17,1.18,44.0,30.43,32.0,184.21,7.87,06:25:00,17:47:00
23610,1478268917,11/4/2016 12:00:00 AM,04:15:17,1.22,44.0,30.43,33.0,189.68,7.87,06:25:00,17:47:00
23611,1478268617,11/4/2016 12:00:00 AM,04:10:17,1.22,44.0,30.43,34.0,175.52,6.75,06:25:00,17:47:00
23612,1478268317,11/4/2016 12:00:00 AM,04:05:17,1.19,44.0,30.42,35.0,179.85,7.87,06:25:00,17:47:00
23613,1478268017,11/4/2016 12:00:00 AM,04:00:17,1.19,44.0,30.42,36.0,188.94,9.0,06:25:00,17:47:00
23614,1478267717,11/4/2016 12:00:00 AM,03:55:17,1.22,44.0,30.42,37.0,178.41,5.62,06:25:00,17:47:00
23615,1478267417,11/4/2016 12:00:00 AM,03:50:17,1.18,44.0,30.42,38.0,176.34,7.87,06:25:00,17:47:00
23616,1478267118,11/4/2016 12:00:00 AM,03:45:18,1.23,44.0,30.43,38.0,174.83,7.87,06:25:00,17:47:00
23617,1478266820,11/4/2016 12:00:00 AM,03:40:20,1.19,43.0,30.43,40.0,166.0,6.75,06:25:00,17:47:00
23618,1478266520,11/4/2016 12:00:00 AM,03:35:20,1.19,43.0,30.43,40.0,173.09,5.62,06:25:00,17:47:00
23619,1478266221,11/4/2016 12:00:00 AM,03:30:21,1.2,43.0,30.43,43.0,190.74,9.0,06:25:00,17:47:00
23620,1478265920,11/4/2016 12:00:00 AM,03:25:20,1.19,44.0,30.43,43.0,177.69,4.5,06:25:00,17:47:00
23621,1478265618,11/4/2016 12:00:00 AM,03:20:18,1.23,44.0,30.43,43.0,165.0,7.87,06:25:00,17:47:00
23622,1478265320,11/4/2016 12:00:00 AM,03:15:20,1.22,44.0,30.43,42.0,160.8,6.75,06:25:00,17:47:00
23623,1478265020,11/4/2016 12:00:00 AM,03:10:20,1.23,44.0,30.43,41.0,170.2,6.75,06:25:00,17:47:00
23624,1478264717,11/4/2016 12:00:00 AM,03:05:17,1.2,44.0,30.43,41.0,176.2,5.62,06:25:00,17:47:00
23625,1478264420,11/4/2016 12:00:00 AM,03:00:20,1.21,44.0,30.43,40.0,172.84,5.62,06:25:00,17:47:00
23626,1478264117,11/4/2016 12:00:00 AM,02:55:17,1.22,44.0,30.43,40.0,192.31,7.87,06:25:00,17:47:00
23627,1478263824,11/4/2016 12:00:00 AM,02:50:24,1.23,44.0,30.43,41.0,179.44,9.0,06:25:00,17:47:00
23628,1478263518,11/4/2016 12:00:00 AM,02:45:18,1.23,44.0,30.43,42.0,194.64,9.0,06:25:00,17:47:00
23629,1478263217,11/4/2016 12:00:00 AM,02:40:17,1.19,43.0,30.44,44.0,189.1,9.0,06:25:00,17:47:00
23630,1478262917,11/4/2016 12:00:00 AM,02:35:17,1.21,43.0,30.44,46.0,188.3,9.0,06:25:00,17:47:00
23631,1478262620,11/4/2016 12:00:00 AM,02:30:20,1.2,43.0,30.44,47.0,186.18,10.12,06:25:00,17:47:00
23632,1478262317,11/4/2016 12:00:00 AM,02:25:17,1.23,43.0,30.44,49.0,185.32,7.87,06:25:00,17:47:00
23633,1478262018,11/4/2016 12:00:00 AM,02:20:18,1.19,44.0,30.44,53.0,187.33,6.75,06:25:00,17:47:00
23634,1478261718,11/4/2016 12:00:00 AM,02:15:18,1.21,51.16507236474315,30.44,53.0,169.73,6.75,06:25:00,17:47:00
23635,1478261417,11/4/2016 12:00:00 AM,02:10:17,1.2,44.0,30.44,54.0,169.25,6.75,06:25:00,17:47:00
23636,1478261121,11/4/2016 12:00:00 AM,02:05:21,1.18,44.0,30.44,53.0,175.27,5.62,06:25:00,17:47:00
23637,1478260817,11/4/2016 12:00:00 AM,02:00:17,1.22,44.0,30.44,49.0,182.63,5.62,06:25:00,17:47:00
23638,1478260518,11/4/2016 12:00:00 AM,01:55:18,1.19,44.0,30.44,45.0,170.37,4.5,06:25:00,17:47:00
23639,1478260217,11/4/2016 12:00:00 AM,01:50:17,1.24,43.0,30.44,43.0,161.69,5.62,06:25:00,17:47:00
23640,1478259918,11/4/2016 12:00:00 AM,01:45:18,1.2,43.0,30.44,47.0,175.91,6.75,06:25:00,17:47:00
23641,1478259618,11/4/2016 12:00:00 AM,01:40:18,1.21,43.0,30.44,58.0,180.14,4.5,06:25:00,17:47:00
23642,1478259323,11/4/2016 12:00:00 AM,01:35:23,1.21,43.0,30.44,75.0,134.13,6.75,06:25:00,17:47:00
23643,1478259020,11/4/2016 12:00:00 AM,01:30:20,1.19,44.0,30.44,84.0,177.99,5.62,06:25:00,17:47:00
23644,1478258718,11/4/2016 12:00:00 AM,01:25:18,1.24,44.0,30.44,83.0,154.9,3.37,06:25:00,17:47:00
23645,1478258417,11/4/2016 12:00:00 AM,01:20:17,1.18,44.0,30.44,68.0,113.29,2.25,06:25:00,17:47:00
23646,1478258118,11/4/2016 12:00:00 AM,01:15:18,1.2,43.0,30.44,49.0,119.34,3.37,06:25:00,17:47:00
23647,1478257818,11/4/2016 12:00:00 AM,01:10:18,1.18,51.16507236474315,30.44,53.0,175.92,9.0,06:25:00,17:47:00
23648,1478257517,11/4/2016 12:00:00 AM,01:05:17,1.23,43.0,30.44,63.0,141.93,9.0,06:25:00,17:47:00
23649,1478257217,11/4/2016 12:00:00 AM,01:00:17,1.23,43.0,30.44,74.0,151.5,6.75,06:25:00,17:47:00
23650,1478256919,11/4/2016 12:00:00 AM,00:55:19,1.2,44.0,30.45,68.0,165.15,5.62,06:25:00,17:47:00
23651,1478256617,11/4/2016 12:00:00 AM,00:50:17,1.22,44.0,30.45,60.0,116.64,7.87,06:25:00,17:47:00
23652,1478256317,11/4/2016 12:00:00 AM,00:45:17,1.2,44.0,30.45,60.0,166.76,3.37,06:25:00,17:47:00
23653,1478256020,11/4/2016 12:00:00 AM,00:40:20,1.2,44.0,30.45,59.0,178.68,4.5,06:25:00,17:47:00
23654,1478255721,11/4/2016 12:00:00 AM,00:35:21,1.18,45.0,30.45,56.0,136.11,5.62,06:25:00,17:47:00
23655,1478255421,11/4/2016 12:00:00 AM,00:30:21,1.21,45.0,30.45,52.0,144.06,5.62,06:25:00,17:47:00
23656,1478255121,11/4/2016 12:00:00 AM,00:25:21,1.21,46.0,30.45,40.0,61.29,3.37,06:25:00,17:47:00
23657,1478254818,11/4/2016 12:00:00 AM,00:20:18,1.22,46.0,30.45,35.0,112.2,2.25,06:25:00,17:47:00
23658,1478254520,11/4/2016 12:00:00 AM,00:15:20,1.19,46.0,30.45,35.0,154.87,6.75,06:25:00,17:47:00
23659,1478254217,11/4/2016 12:00:00 AM,00:10:17,1.23,46.0,30.45,36.0,166.73,5.62,06:25:00,17:47:00
23660,1478253618,11/4/2016 12:00:00 AM,00:00:18,1.23,46.0,30.45,36.0,183.2,6.75,06:25:00,17:47:00
23661,1478253318,11/3/2016 12:00:00 AM,23:55:18,1.2,46.0,30.46,35.0,159.31,6.75,06:25:00,17:47:00
23662,1478253018,11/3/2016 12:00:00 AM,23:50:18,1.19,46.0,30.46,36.0,170.17,6.75,06:25:00,17:47:00
23663,1478252718,11/3/2016 12:00:00 AM,23:45:18,1.2,45.0,30.46,35.0,190.27,5.62,06:25:00,17:47:00
23664,1478252421,11/3/2016 12:00:00 AM,23:40:21,1.19,45.0,30.46,36.0,177.93,5.62,06:25:00,17:47:00
23665,1478252119,11/3/2016 12:00:00 AM,23:35:19,1.19,45.0,30.46,37.0,183.25,7.87,06:25:00,17:47:00
23666,1478251821,11/3/2016 12:00:00 AM,23:30:21,1.2,45.0,30.46,38.0,186.62,6.229096658193317,06:25:00,17:47:00
23667,1478251520,11/3/2016 12:00:00 AM,23:25:20,1.2,45.0,30.46,38.0,174.92,6.75,06:25:00,17:47:00
23668,1478251217,11/3/2016 12:00:00 AM,23:20:17,1.22,45.0,30.46,38.0,168.84,6.75,06:25:00,17:47:00
23669,1478250918,11/3/2016 12:00:00 AM,23:15:18,1.19,45.0,30.46,39.0,181.59,4.5,06:25:00,17:47:00
23670,1478250618,11/3/2016 12:00:00 AM,23:10:18,1.22,46.0,30.46,39.0,180.05,6.75,06:25:00,17:47:00
23671,1478250318,11/3/2016 12:00:00 AM,23:05:18,1.23,46.0,30.47,39.0,176.8,5.62,06:25:00,17:47:00
23672,1478250017,11/3/2016 12:00:00 AM,23:00:17,1.23,47.0,30.47,38.0,174.14,6.229096658193317,06:25:00,17:47:00
23673,1478249718,11/3/2016 12:00:00 AM,22:55:18,1.21,47.0,30.47,38.0,158.89,3.37,06:25:00,17:47:00
23674,1478249420,11/3/2016 12:00:00 AM,22:50:20,1.18,47.0,30.47,37.0,168.96,3.37,06:25:00,17:47:00
23675,1478249117,11/3/2016 12:00:00 AM,22:45:17,1.24,47.0,30.47,37.0,166.92,3.37,06:25:00,17:47:00
23676,1478248817,11/3/2016 12:00:00 AM,22:40:17,1.24,48.0,30.47,37.0,165.02,2.25,06:25:00,17:47:00
23677,1478248518,11/3/2016 12:00:00 AM,22:35:18,1.21,48.0,30.47,37.0,173.61,2.25,06:25:00,17:47:00
23678,1478248218,11/3/2016 12:00:00 AM,22:30:18,1.29,48.0,30.47,38.0,162.32,3.37,06:25:00,17:47:00
23679,1478247917,11/3/2016 12:00:00 AM,22:25:17,1.2,48.0,30.46,37.0,146.5,3.37,06:25:00,17:47:00
23680,1478247618,11/3/2016 12:00:00 AM,22:20:18,1.21,48.0,30.46,36.0,143.54770303349548,2.25,06:25:00,17:47:00
23681,1478247320,11/3/2016 12:00:00 AM,22:15:20,1.21,48.0,30.46,38.0,155.99,2.25,06:25:00,17:47:00
23682,1478247018,11/3/2016 12:00:00 AM,22:10:18,1.21,49.0,30.46,38.0,157.61,4.5,06:25:00,17:47:00
23683,1478246721,11/3/2016 12:00:00 AM,22:05:21,1.21,49.0,30.46,37.0,170.57,4.5,06:25:00,17:47:00
23684,1478246418,11/3/2016 12:00:00 AM,22:00:18,1.21,49.0,30.46,37.0,154.93,3.37,06:25:00,17:47:00
23685,1478246118,11/3/2016 12:00:00 AM,21:55:18,1.23,49.0,30.46,37.0,142.26,2.25,06:25:00,17:47:00
23686,1478245817,11/3/2016 12:00:00 AM,21:50:17,1.19,49.0,30.46,37.0,138.95,6.75,06:25:00,17:47:00
23687,1478245517,11/3/2016 12:00:00 AM,21:45:17,1.23,49.0,30.46,37.0,188.12,10.12,06:25:00,17:47:00
23688,1478245218,11/3/2016 12:00:00 AM,21:40:18,1.2,49.0,30.46,37.0,137.04,5.62,06:25:00,17:47:00
23689,1478244918,11/3/2016 12:00:00 AM,21:35:18,1.19,49.0,30.46,38.0,143.72,5.62,06:25:00,17:47:00
23690,1478244620,11/3/2016 12:00:00 AM,21:30:20,1.2,49.0,30.46,37.0,126.24,9.0,06:25:00,17:47:00
23691,1478244320,11/3/2016 12:00:00 AM,21:25:20,1.21,50.0,30.46,36.0,178.89,2.25,06:25:00,17:47:00
23692,1478244017,11/3/2016 12:00:00 AM,21:20:17,1.23,50.0,30.46,36.0,150.07,5.62,06:25:00,17:47:00
23693,1478243717,11/3/2016 12:00:00 AM,21:15:17,1.22,50.0,30.46,35.0,127.78,6.75,06:25:00,17:47:00
23694,1478243420,11/3/2016 12:00:00 AM,21:10:20,1.2,50.0,30.46,34.0,167.36,4.5,06:25:00,17:47:00
23695,1478243120,11/3/2016 12:00:00 AM,21:05:20,1.22,50.0,30.46,35.0,147.41,2.25,06:25:00,17:47:00
23696,1478242818,11/3/2016 12:00:00 AM,21:00:18,1.25,49.0,30.46,36.0,202.77,2.25,06:25:00,17:47:00
23697,1478242520,11/3/2016 12:00:00 AM,20:55:20,1.2,49.0,30.46,36.0,163.18,4.5,06:25:00,17:47:00
23698,1478242217,11/3/2016 12:00:00 AM,20:50:17,1.21,49.0,30.46,36.0,109.58,7.87,06:25:00,17:47:00
23699,1478241917,11/3/2016 12:00:00 AM,20:45:17,1.22,50.0,30.46,34.0,88.54,6.75,06:25:00,17:47:00
23700,1478241618,11/3/2016 12:00:00 AM,20:40:18,1.21,51.16507236474315,30.46,36.0,143.54770303349548,2.25,06:25:00,17:47:00
23701,1478241320,11/3/2016 12:00:00 AM,20:35:20,1.24,50.0,30.46,37.0,132.57,3.37,06:25:00,17:47:00
23702,1478241017,11/3/2016 12:00:00 AM,20:30:17,1.24,50.0,30.45,36.0,126.89,4.5,06:25:00,17:47:00
23703,1478240717,11/3/2016 12:00:00 AM,20:25:17,1.25,50.0,30.45,37.0,124.95,6.75,06:25:00,17:47:00
23704,1478240419,11/3/2016 12:00:00 AM,20:20:19,1.21,50.0,30.45,36.0,137.68,6.75,06:25:00,17:47:00
23705,1478240121,11/3/2016 12:00:00 AM,20:15:21,1.25,50.0,30.45,41.0,113.3,5.62,06:25:00,17:47:00
23706,1478239820,11/3/2016 12:00:00 AM,20:10:20,1.29,50.0,30.45,40.0,165.82,3.37,06:25:00,17:47:00
23707,1478239518,11/3/2016 12:00:00 AM,20:05:18,1.19,50.0,30.45,39.0,121.95,5.62,06:25:00,17:47:00
23708,1478239219,11/3/2016 12:00:00 AM,20:00:19,1.22,50.0,30.45,38.0,129.43,7.87,06:25:00,17:47:00
23709,1478238918,11/3/2016 12:00:00 AM,19:55:18,1.23,50.0,30.44,39.0,163.07,1.12,06:25:00,17:47:00
23710,1478238618,11/3/2016 12:00:00 AM,19:50:18,1.23,51.0,30.44,38.0,138.63,5.62,06:25:00,17:47:00
23711,1478238318,11/3/2016 12:00:00 AM,19:45:18,1.2,51.0,30.44,35.0,167.27,5.62,06:25:00,17:47:00
23712,1478238018,11/3/2016 12:00:00 AM,19:40:18,1.21,51.0,30.44,32.0,156.0,4.5,06:25:00,17:47:00
23713,1478237720,11/3/2016 12:00:00 AM,19:35:20,1.24,51.0,30.44,31.0,172.33,2.25,06:25:00,17:47:00
23714,1478237421,11/3/2016 12:00:00 AM,19:30:21,1.23,52.0,30.44,31.0,156.06,6.75,06:25:00,17:47:00
23715,1478237118,11/3/2016 12:00:00 AM,19:25:18,1.2,52.0,30.44,31.0,136.75,4.5,06:25:00,17:47:00
23716,1478236818,11/3/2016 12:00:00 AM,19:20:18,1.24,52.0,30.44,30.0,141.57,5.62,06:25:00,17:47:00
23717,1478236517,11/3/2016 12:00:00 AM,19:15:17,1.21,52.0,30.44,35.0,108.69,1.12,06:25:00,17:47:00
23718,1478236220,11/3/2016 12:00:00 AM,19:10:20,1.26,53.0,30.43,36.0,139.83,4.5,06:25:00,17:47:00
23719,1478235920,11/3/2016 12:00:00 AM,19:05:20,1.25,53.0,30.43,35.0,143.99,6.75,06:25:00,17:47:00
23720,1478235622,11/3/2016 12:00:00 AM,19:00:22,1.21,53.0,30.43,35.0,151.16,4.5,06:25:00,17:47:00
23721,1478235321,11/3/2016 12:00:00 AM,18:55:21,1.22,53.0,30.43,36.0,138.4,4.5,06:25:00,17:47:00
23722,1478235017,11/3/2016 12:00:00 AM,18:50:17,1.25,54.0,30.43,34.0,77.48,2.25,06:25:00,17:47:00
23723,1478234718,11/3/2016 12:00:00 AM,18:45:18,1.21,54.0,30.43,34.0,107.99,1.12,06:25:00,17:47:00
23724,1478234418,11/3/2016 12:00:00 AM,18:40:18,1.24,54.0,30.43,34.0,160.78,5.62,06:25:00,17:47:00
23725,1478234118,11/3/2016 12:00:00 AM,18:35:18,1.23,54.0,30.43,33.0,97.27,3.37,06:25:00,17:47:00
23726,1478233821,11/3/2016 12:00:00 AM,18:30:21,1.25,54.0,30.43,33.0,148.34,2.25,06:25:00,17:47:00
23727,1478233518,11/3/2016 12:00:00 AM,18:25:18,1.24,54.0,30.42,33.0,143.8,2.25,06:25:00,17:47:00
23728,1478233218,11/3/2016 12:00:00 AM,18:20:18,1.27,54.0,30.42,32.0,157.95,3.37,06:25:00,17:47:00
23729,1478232917,11/3/2016 12:00:00 AM,18:15:17,1.25,54.0,30.42,33.0,154.97,3.37,06:25:00,17:47:00
23730,1478232618,11/3/2016 12:00:00 AM,18:10:18,1.23,54.0,30.42,37.0,159.2,3.37,06:25:00,17:47:00
23731,1478232318,11/3/2016 12:00:00 AM,18:05:18,1.23,54.0,30.42,44.0,156.07,3.37,06:25:00,17:47:00
23732,1478232037,11/3/2016 12:00:00 AM,18:00:37,1.51,54.0,30.42,46.0,162.1,3.37,06:25:00,17:47:00
23733,1478231718,11/3/2016 12:00:00 AM,17:55:18,2.81,55.0,30.42,43.0,154.99,5.62,06:25:00,17:47:00
23734,1478231426,11/3/2016 12:00:00 AM,17:50:26,4.67,55.0,30.42,38.0,161.9,3.37,06:25:00,17:47:00
23735,1478231118,11/3/2016 12:00:00 AM,17:45:18,6.92,56.0,30.42,35.0,101.58,3.37,06:25:00,17:47:00
23736,1478230817,11/3/2016 12:00:00 AM,17:40:17,9.14,56.0,30.42,40.0,70.41,3.37,06:25:00,17:47:00
23737,1478230517,11/3/2016 12:00:00 AM,17:35:17,11.36,57.0,30.42,46.0,49.28,1.12,06:25:00,17:47:00
23738,1478230220,11/3/2016 12:00:00 AM,17:30:20,24.85,58.0,30.42,53.0,43.89,1.12,06:25:00,17:47:00
23739,1478229920,11/3/2016 12:00:00 AM,17:25:20,29.63,58.0,30.42,46.0,56.8,4.5,06:25:00,17:47:00
23740,1478229621,11/3/2016 12:00:00 AM,17:20:21,41.94,59.0,30.42,55.0,24.17,4.5,06:25:00,17:47:00
23741,1478229318,11/3/2016 12:00:00 AM,17:15:18,60.14,60.0,30.42,59.0,41.32,4.5,06:25:00,17:47:00
23742,1478229024,11/3/2016 12:00:00 AM,17:10:24,79.95,61.0,30.42,50.0,27.24,6.75,06:25:00,17:47:00
23743,1478228720,11/3/2016 12:00:00 AM,17:05:20,101.99,63.0,30.42,51.0,35.45,4.5,06:25:00,17:47:00
23744,1478228422,11/3/2016 12:00:00 AM,17:00:22,126.42,63.0,30.41,32.0,30.05,3.37,06:25:00,17:47:00
23745,1478228230,11/3/2016 12:00:00 AM,16:57:10,142.18,63.0,30.41,34.0,101.47,2.25,06:25:00,17:47:00
23746,1478227817,11/3/2016 12:00:00 AM,16:50:17,180.06,62.0,30.41,39.0,74.7,4.5,06:25:00,17:47:00
23747,1478227519,11/3/2016 12:00:00 AM,16:45:19,206.99,62.0,30.41,33.0,104.59,2.25,06:25:00,17:47:00
23748,1478227218,11/3/2016 12:00:00 AM,16:40:18,235.19,62.0,30.41,42.0,103.1,4.5,06:25:00,17:47:00
23749,1478226918,11/3/2016 12:00:00 AM,16:35:18,262.6,62.0,30.41,42.0,102.31,4.5,06:25:00,17:47:00
23750,1478226619,11/3/2016 12:00:00 AM,16:30:19,289.12,62.0,30.41,42.0,86.11,7.87,06:25:00,17:47:00
23751,1478226318,11/3/2016 12:00:00 AM,16:25:18,314.87,62.0,30.41,42.0,76.07,3.37,06:25:00,17:47:00
23752,1478226018,11/3/2016 12:00:00 AM,16:20:18,338.19,63.0,30.41,41.0,62.99,6.75,06:25:00,17:47:00
23753,1478225717,11/3/2016 12:00:00 AM,16:15:17,358.22,63.0,30.41,41.0,50.99,4.5,06:25:00,17:47:00
23754,1478225419,11/3/2016 12:00:00 AM,16:10:19,378.22,63.0,30.4,38.0,64.24,4.5,06:25:00,17:47:00
23755,1478225118,11/3/2016 12:00:00 AM,16:05:18,399.35,63.0,30.4,42.0,92.52,7.87,06:25:00,17:47:00
23756,1478224819,11/3/2016 12:00:00 AM,16:00:19,418.55,63.0,30.41,42.0,104.28,3.37,06:25:00,17:47:00
23757,1478224518,11/3/2016 12:00:00 AM,15:55:18,438.39,62.0,30.41,39.0,10.34,6.229096658193317,06:25:00,17:47:00
23758,1478224218,11/3/2016 12:00:00 AM,15:50:18,459.26,62.0,30.4,43.0,62.31,1.12,06:25:00,17:47:00
23759,1478223920,11/3/2016 12:00:00 AM,15:45:20,476.69,62.0,30.4,44.0,337.02,2.25,06:25:00,17:47:00
23760,1478223618,11/3/2016 12:00:00 AM,15:40:18,496.42,62.0,30.4,45.0,2.56,4.5,06:25:00,17:47:00
23761,1478223320,11/3/2016 12:00:00 AM,15:35:20,514.2,62.0,30.4,74.83719267708949,5.99,3.37,06:25:00,17:47:00
23762,1478223017,11/3/2016 12:00:00 AM,15:30:17,533.94,62.0,30.41,47.0,43.65,2.25,06:25:00,17:47:00
23763,1478222727,11/3/2016 12:00:00 AM,15:25:27,551.73,62.0,30.41,48.0,336.47,2.25,06:25:00,17:47:00
23764,1478222423,11/3/2016 12:00:00 AM,15:20:23,568.55,62.0,30.41,49.0,50.85,7.87,06:25:00,17:47:00
23765,1478222118,11/3/2016 12:00:00 AM,15:15:18,586.9,62.0,30.4,50.0,45.4,7.87,06:25:00,17:47:00
23766,1478221820,11/3/2016 12:00:00 AM,15:10:20,604.18,61.0,30.41,45.0,26.87,6.75,06:25:00,17:47:00
23767,1478221521,11/3/2016 12:00:00 AM,15:05:21,622.08,61.0,30.41,43.0,6.0,5.62,06:25:00,17:47:00
23768,1478221218,11/3/2016 12:00:00 AM,15:00:18,638.8,61.0,30.41,42.0,47.98,6.75,06:25:00,17:47:00
23769,1478220917,11/3/2016 12:00:00 AM,14:55:17,656.59,62.0,30.41,41.0,10.98,7.87,06:25:00,17:47:00
23770,1478220619,11/3/2016 12:00:00 AM,14:50:19,672.09,62.0,30.41,43.0,19.5,9.0,06:25:00,17:47:00
23771,1478220317,11/3/2016 12:00:00 AM,14:45:17,687.26,62.0,30.4,40.0,22.35,9.0,06:25:00,17:47:00
23772,1478220018,11/3/2016 12:00:00 AM,14:40:18,701.82,62.0,30.41,39.0,0.11,12.37,06:25:00,17:47:00
23773,1478219718,11/3/2016 12:00:00 AM,14:35:18,718.5,62.0,30.41,43.0,66.04,7.87,06:25:00,17:47:00
23774,1478219421,11/3/2016 12:00:00 AM,14:30:21,730.92,63.0,30.4,44.0,359.81,1.12,06:25:00,17:47:00
23775,1478219117,11/3/2016 12:00:00 AM,14:25:17,746.13,63.0,30.41,42.0,16.95,9.0,06:25:00,17:47:00
23776,1478218821,11/3/2016 12:00:00 AM,14:20:21,760.2,63.0,30.4,41.0,346.54,5.62,06:25:00,17:47:00
23777,1478218518,11/3/2016 12:00:00 AM,14:15:18,771.79,63.0,30.4,42.0,359.93,2.25,06:25:00,17:47:00
23778,1478218218,11/3/2016 12:00:00 AM,14:10:18,785.71,63.0,30.4,41.0,77.99,9.0,06:25:00,17:47:00
23779,1478217919,11/3/2016 12:00:00 AM,14:05:19,796.66,63.0,30.41,44.0,20.72,4.5,06:25:00,17:47:00
23780,1478217618,11/3/2016 12:00:00 AM,14:00:18,807.32,63.0,30.41,47.0,71.83,4.5,06:25:00,17:47:00
23781,1478217320,11/3/2016 12:00:00 AM,13:55:20,819.15,63.0,30.41,48.0,18.34,12.37,06:25:00,17:47:00
23782,1478217020,11/3/2016 12:00:00 AM,13:50:20,828.96,63.0,30.41,44.0,19.18,5.62,06:25:00,17:47:00
23783,1478216718,11/3/2016 12:00:00 AM,13:45:18,840.29,63.0,30.41,45.0,0.1,7.87,06:25:00,17:47:00
23784,1478216420,11/3/2016 12:00:00 AM,13:40:20,850.33,63.0,30.41,43.0,13.09,4.5,06:25:00,17:47:00
23785,1478216117,11/3/2016 12:00:00 AM,13:35:17,860.66,64.0,30.41,43.0,56.61,5.62,06:25:00,17:47:00
23786,1478215820,11/3/2016 12:00:00 AM,13:30:20,868.3,64.0,30.41,41.0,11.56,4.5,06:25:00,17:47:00
23787,1478215519,11/3/2016 12:00:00 AM,13:25:19,878.18,64.0,30.41,38.0,20.85,7.87,06:25:00,17:47:00
23788,1478215218,11/3/2016 12:00:00 AM,13:20:18,886.43,64.0,30.41,35.0,348.92,9.0,06:25:00,17:47:00
23789,1478214917,11/3/2016 12:00:00 AM,13:15:17,893.57,64.0,30.41,40.0,68.94,5.62,06:25:00,17:47:00
23790,1478214618,11/3/2016 12:00:00 AM,13:10:18,900.99,63.0,30.42,37.0,28.1,4.5,06:25:00,17:47:00
23791,1478214318,11/3/2016 12:00:00 AM,13:05:18,907.04,63.0,30.42,42.0,97.0,4.5,06:25:00,17:47:00
23792,1478214021,11/3/2016 12:00:00 AM,13:00:21,912.86,63.0,30.42,42.0,63.89,6.75,06:25:00,17:47:00
23793,1478213718,11/3/2016 12:00:00 AM,12:55:18,916.56,63.0,30.42,44.0,0.69,6.75,06:25:00,17:47:00
23794,1478213417,11/3/2016 12:00:00 AM,12:50:17,922.01,63.0,30.42,41.0,51.28,11.25,06:25:00,17:47:00
23795,1478213119,11/3/2016 12:00:00 AM,12:45:19,925.78,63.0,30.42,42.0,41.42,10.12,06:25:00,17:47:00
23796,1478212821,11/3/2016 12:00:00 AM,12:40:21,930.89,64.0,30.43,39.0,20.96,9.0,06:25:00,17:47:00
23797,1478212520,11/3/2016 12:00:00 AM,12:35:20,935.12,64.0,30.43,39.0,14.23,6.75,06:25:00,17:47:00
23798,1478212224,11/3/2016 12:00:00 AM,12:30:24,936.46,65.0,30.43,40.0,1.21,11.25,06:25:00,17:47:00
23799,1478211918,11/3/2016 12:00:00 AM,12:25:18,941.79,65.0,30.43,35.0,56.31,9.0,06:25:00,17:47:00
23800,1478211620,11/3/2016 12:00:00 AM,12:20:20,942.45,65.0,30.43,35.0,14.79,10.12,06:25:00,17:47:00
23801,1478211318,11/3/2016 12:00:00 AM,12:15:18,942.6,65.0,30.43,35.0,26.76,5.62,06:25:00,17:47:00
23802,1478211019,11/3/2016 12:00:00 AM,12:10:19,944.71,65.0,30.43,34.0,35.15,11.25,06:25:00,17:47:00
23803,1478210717,11/3/2016 12:00:00 AM,12:05:17,943.29,65.0,30.43,36.0,227.77,3.37,06:25:00,17:47:00
23804,1478210418,11/3/2016 12:00:00 AM,12:00:18,943.06,65.0,30.43,37.0,86.22,11.25,06:25:00,17:47:00
23805,1478210121,11/3/2016 12:00:00 AM,11:55:21,942.16,65.0,30.44,41.0,48.6,6.75,06:25:00,17:47:00
23806,1478209821,11/3/2016 12:00:00 AM,11:50:21,940.31,65.0,30.44,37.0,63.25,7.87,06:25:00,17:47:00
23807,1478209519,11/3/2016 12:00:00 AM,11:45:19,937.19,65.0,30.44,40.0,80.23,3.37,06:25:00,17:47:00
23808,1478209217,11/3/2016 12:00:00 AM,11:40:17,936.1,65.0,30.44,31.0,133.91,4.5,06:25:00,17:47:00
23809,1478208918,11/3/2016 12:00:00 AM,11:35:18,934.42,65.0,30.44,32.0,98.0,5.62,06:25:00,17:47:00
23810,1478208620,11/3/2016 12:00:00 AM,11:30:20,930.61,65.0,30.44,30.0,69.41,6.75,06:25:00,17:47:00
23811,1478208320,11/3/2016 12:00:00 AM,11:25:20,925.74,65.0,30.45,30.0,96.55,2.25,06:25:00,17:47:00
23812,1478208020,11/3/2016 12:00:00 AM,11:20:20,921.58,65.0,30.45,27.0,88.32,5.62,06:25:00,17:47:00
23813,1478207720,11/3/2016 12:00:00 AM,11:15:20,925.56,65.0,30.45,30.0,64.16,7.87,06:25:00,17:47:00
23814,1478207422,11/3/2016 12:00:00 AM,11:10:22,911.26,65.0,30.45,28.0,126.87,9.0,06:25:00,17:47:00
23815,1478207120,11/3/2016 12:00:00 AM,11:05:20,905.02,64.0,30.45,32.0,0.19,1.12,06:25:00,17:47:00
23816,1478206820,11/3/2016 12:00:00 AM,11:00:20,895.21,64.0,30.45,34.0,26.73,4.5,06:25:00,17:47:00
23817,1478206520,11/3/2016 12:00:00 AM,10:55:20,890.34,63.0,30.45,34.0,44.26,2.25,06:25:00,17:47:00
23818,1478206218,11/3/2016 12:00:00 AM,10:50:18,880.81,64.0,30.45,34.0,50.09,9.0,06:25:00,17:47:00
23819,1478205918,11/3/2016 12:00:00 AM,10:45:18,874.87,64.0,30.45,32.0,17.55,7.87,06:25:00,17:47:00
23820,1478205623,11/3/2016 12:00:00 AM,10:40:23,864.74,65.0,30.46,31.0,55.32,12.37,06:25:00,17:47:00
23821,1478205318,11/3/2016 12:00:00 AM,10:35:18,856.69,65.0,30.46,27.0,56.55,11.25,06:25:00,17:47:00
23822,1478205018,11/3/2016 12:00:00 AM,10:30:18,847.36,65.0,30.46,23.0,358.31,0.0,06:25:00,17:47:00
23823,1478204719,11/3/2016 12:00:00 AM,10:25:19,838.56,64.0,30.46,22.0,37.35,5.62,06:25:00,17:47:00
23824,1478204421,11/3/2016 12:00:00 AM,10:20:21,827.64,64.0,30.46,24.0,99.93,7.87,06:25:00,17:47:00
23825,1478204118,11/3/2016 12:00:00 AM,10:15:18,816.66,64.0,30.46,25.0,95.34,4.5,06:25:00,17:47:00
23826,1478203818,11/3/2016 12:00:00 AM,10:10:18,806.13,64.0,30.46,27.0,83.17,4.5,06:25:00,17:47:00
23827,1478203517,11/3/2016 12:00:00 AM,10:05:17,792.23,63.0,30.46,30.0,52.73,5.62,06:25:00,17:47:00
23828,1478203218,11/3/2016 12:00:00 AM,10:00:18,780.72,63.0,30.46,30.0,358.64,3.37,06:25:00,17:47:00
23829,1478202919,11/3/2016 12:00:00 AM,09:55:19,767.7,63.0,30.46,27.0,55.01,5.62,06:25:00,17:47:00
23830,1478202620,11/3/2016 12:00:00 AM,09:50:20,753.63,63.0,30.46,27.0,55.45,6.75,06:25:00,17:47:00
23831,1478202318,11/3/2016 12:00:00 AM,09:45:18,740.18,63.0,30.46,28.0,101.07,3.37,06:25:00,17:47:00
23832,1478202018,11/3/2016 12:00:00 AM,09:40:18,725.33,63.0,30.46,28.0,7.71,5.62,06:25:00,17:47:00
23833,1478201718,11/3/2016 12:00:00 AM,09:35:18,711.45,63.0,30.46,27.0,79.63,6.75,06:25:00,17:47:00
23834,1478201417,11/3/2016 12:00:00 AM,09:30:17,698.67,62.0,30.46,27.0,76.58,7.87,06:25:00,17:47:00
23835,1478201118,11/3/2016 12:00:00 AM,09:25:18,683.01,63.0,30.47,28.0,359.87,12.37,06:25:00,17:47:00
23836,1478200818,11/3/2016 12:00:00 AM,09:20:18,666.57,63.0,30.46,30.0,143.54770303349548,11.25,06:25:00,17:47:00
23837,1478200518,11/3/2016 12:00:00 AM,09:15:18,651.12,63.0,30.46,23.0,96.85,7.87,06:25:00,17:47:00
23838,1478200217,11/3/2016 12:00:00 AM,09:10:17,635.07,63.0,30.46,25.0,60.51,2.25,06:25:00,17:47:00
23839,1478199920,11/3/2016 12:00:00 AM,09:05:20,618.89,62.0,30.46,23.0,45.79,5.62,06:25:00,17:47:00
23840,1478199618,11/3/2016 12:00:00 AM,09:00:18,601.96,51.16507236474315,30.46,23.0,106.62,10.12,06:25:00,17:47:00
23841,1478199323,11/3/2016 12:00:00 AM,08:55:23,584.53,63.0,30.46,22.0,82.86,5.62,06:25:00,17:47:00
23842,1478199018,11/3/2016 12:00:00 AM,08:50:18,567.38,63.0,30.46,21.0,98.0,6.229096658193317,06:25:00,17:47:00
23843,1478198717,11/3/2016 12:00:00 AM,08:45:17,549.1,63.0,30.46,21.0,50.38,4.5,06:25:00,17:47:00
23844,1478198417,11/3/2016 12:00:00 AM,08:40:17,531.24,63.0,30.46,20.0,133.64,6.75,06:25:00,17:47:00
23845,1478198117,11/3/2016 12:00:00 AM,08:35:17,512.92,63.0,30.46,21.0,141.88,7.87,06:25:00,17:47:00
23846,1478197818,11/3/2016 12:00:00 AM,08:30:18,494.05,63.0,30.46,22.0,129.72,5.62,06:25:00,17:47:00
23847,1478197521,11/3/2016 12:00:00 AM,08:25:21,474.92,62.0,30.45,21.0,140.27,5.62,06:25:00,17:47:00
23848,1478197218,11/3/2016 12:00:00 AM,08:20:18,455.79,61.0,30.45,22.0,164.87,5.62,06:25:00,17:47:00
23849,1478196917,11/3/2016 12:00:00 AM,08:15:17,436.17,60.0,30.45,22.0,158.92,3.37,06:25:00,17:47:00
23850,1478196618,11/3/2016 12:00:00 AM,08:10:18,416.56,59.0,30.45,26.0,170.14,4.5,06:25:00,17:47:00
23851,1478196317,11/3/2016 12:00:00 AM,08:05:17,396.63,58.0,30.45,26.0,130.5,2.25,06:25:00,17:47:00
23852,1478196018,11/3/2016 12:00:00 AM,08:00:18,376.74,57.0,30.45,74.83719267708949,119.58,5.62,06:25:00,17:47:00
23853,1478195721,11/3/2016 12:00:00 AM,07:55:21,356.31,56.0,30.45,28.0,133.55,3.37,06:25:00,17:47:00
23854,1478195417,11/3/2016 12:00:00 AM,07:50:17,334.15,55.0,30.45,29.0,172.79,4.5,06:25:00,17:47:00
23855,1478195119,11/3/2016 12:00:00 AM,07:45:19,310.68,54.0,30.44,31.0,179.64,5.62,06:25:00,17:47:00
23856,1478194820,11/3/2016 12:00:00 AM,07:40:20,284.54,52.0,30.44,32.0,173.37,7.87,06:25:00,17:47:00
23857,1478194520,11/3/2016 12:00:00 AM,07:35:20,61.13,52.0,30.44,33.0,163.8,7.87,06:25:00,17:47:00
23858,1478194223,11/3/2016 12:00:00 AM,07:30:23,24.28,51.0,30.44,34.0,198.85,7.87,06:25:00,17:47:00
23859,1478193917,11/3/2016 12:00:00 AM,07:25:17,22.21,50.0,30.44,35.0,172.22,7.87,06:25:00,17:47:00
23860,1478193618,11/3/2016 12:00:00 AM,07:20:18,21.55,50.0,30.44,35.0,184.38,7.87,06:25:00,17:47:00
23861,1478193320,11/3/2016 12:00:00 AM,07:15:20,20.83,50.0,30.43,36.0,145.74,9.0,06:25:00,17:47:00
23862,1478193021,11/3/2016 12:00:00 AM,07:10:21,20.08,49.0,30.43,35.0,169.8,9.0,06:25:00,17:47:00
23863,1478192720,11/3/2016 12:00:00 AM,07:05:20,19.28,49.0,30.44,36.0,152.99,6.75,06:25:00,17:47:00
23864,1478192417,11/3/2016 12:00:00 AM,07:00:17,18.3,49.0,30.43,36.0,172.06,7.87,06:25:00,17:47:00
23865,1478192120,11/3/2016 12:00:00 AM,06:55:20,17.23,48.0,30.43,37.0,174.01,9.0,06:25:00,17:47:00
23866,1478191820,11/3/2016 12:00:00 AM,06:50:20,15.91,48.0,30.43,37.0,181.78,10.12,06:25:00,17:47:00
23867,1478191518,11/3/2016 12:00:00 AM,06:45:18,14.47,48.0,30.43,38.0,134.0,9.0,06:25:00,17:47:00
23868,1478191218,11/3/2016 12:00:00 AM,06:40:18,12.82,47.0,30.43,37.0,164.65,7.87,06:25:00,17:47:00
23869,1478190921,11/3/2016 12:00:00 AM,06:35:21,10.93,47.0,30.43,38.0,173.24,9.0,06:25:00,17:47:00
23870,1478190618,11/3/2016 12:00:00 AM,06:30:18,8.8,47.0,30.43,37.0,177.79,6.75,06:25:00,17:47:00
23871,1478190319,11/3/2016 12:00:00 AM,06:25:19,6.64,46.0,30.42,37.0,186.88,7.87,06:25:00,17:47:00
23872,1478190018,11/3/2016 12:00:00 AM,06:20:18,4.38,46.0,30.42,37.0,190.55,7.87,06:25:00,17:47:00
23873,1478189725,11/3/2016 12:00:00 AM,06:15:25,2.6,46.0,30.42,38.0,184.06,6.75,06:25:00,17:47:00
23874,1478189419,11/3/2016 12:00:00 AM,06:10:19,1.42,45.0,30.42,38.0,170.16,11.25,06:25:00,17:47:00
23875,1478189121,11/3/2016 12:00:00 AM,06:05:21,1.21,46.0,30.42,38.0,164.33,11.25,06:25:00,17:47:00
23876,1478188818,11/3/2016 12:00:00 AM,06:00:18,1.2,46.0,30.42,37.0,169.33,9.0,06:25:00,17:47:00
23877,1478188518,11/3/2016 12:00:00 AM,05:55:18,1.22,46.0,30.42,36.0,160.11,7.87,06:25:00,17:47:00
23878,1478188218,11/3/2016 12:00:00 AM,05:50:18,1.21,46.0,30.42,36.0,176.9,5.62,06:25:00,17:47:00
23879,1478187917,11/3/2016 12:00:00 AM,05:45:17,1.22,46.0,30.42,36.0,177.95,6.75,06:25:00,17:47:00
23880,1478187618,11/3/2016 12:00:00 AM,05:40:18,1.22,46.0,30.42,36.0,187.64,6.75,06:25:00,17:47:00
23881,1478187318,11/3/2016 12:00:00 AM,05:35:18,1.19,45.0,30.42,37.0,184.45,6.75,06:25:00,17:47:00
23882,1478187020,11/3/2016 12:00:00 AM,05:30:20,1.19,45.0,30.42,37.0,192.18,7.87,06:25:00,17:47:00
23883,1478186718,11/3/2016 12:00:00 AM,05:25:18,1.21,45.0,30.42,38.0,182.81,7.87,06:25:00,17:47:00
23884,1478186418,11/3/2016 12:00:00 AM,05:20:18,1.22,45.0,30.41,38.0,180.53,7.87,06:25:00,17:47:00
23885,1478186118,11/3/2016 12:00:00 AM,05:15:18,1.19,45.0,30.42,37.0,141.68,6.75,06:25:00,17:47:00
23886,1478185820,11/3/2016 12:00:00 AM,05:10:20,1.2,45.0,30.42,37.0,170.61,6.75,06:25:00,17:47:00
23887,1478185517,11/3/2016 12:00:00 AM,05:05:17,1.2,46.0,30.42,37.0,193.39,9.0,06:25:00,17:47:00
23888,1478185221,11/3/2016 12:00:00 AM,05:00:21,1.19,46.0,30.41,37.0,164.6,10.12,06:25:00,17:47:00
23889,1478184918,11/3/2016 12:00:00 AM,04:55:18,1.23,45.0,30.41,37.0,171.28,7.87,06:25:00,17:47:00
23890,1478184618,11/3/2016 12:00:00 AM,04:50:18,1.2,45.0,30.41,37.0,168.54,7.87,06:25:00,17:47:00
23891,1478184318,11/3/2016 12:00:00 AM,04:45:18,1.19,45.0,30.41,38.0,184.77,9.0,06:25:00,17:47:00
23892,1478184020,11/3/2016 12:00:00 AM,04:40:20,1.2,45.0,30.41,38.0,163.87,9.0,06:25:00,17:47:00
23893,1478183720,11/3/2016 12:00:00 AM,04:35:20,1.2,45.0,30.41,38.0,170.34,7.87,06:25:00,17:47:00
23894,1478183423,11/3/2016 12:00:00 AM,04:30:23,1.2,45.0,30.41,37.0,190.87,7.87,06:25:00,17:47:00
23895,1478183118,11/3/2016 12:00:00 AM,04:25:18,1.21,45.0,30.41,38.0,185.78,6.75,06:25:00,17:47:00
23896,1478182820,11/3/2016 12:00:00 AM,04:20:20,1.19,45.0,30.41,37.0,183.63,6.75,06:25:00,17:47:00
23897,1478182521,11/3/2016 12:00:00 AM,04:15:21,1.22,45.0,30.41,38.0,176.14,7.87,06:25:00,17:47:00
23898,1478182218,11/3/2016 12:00:00 AM,04:10:18,1.2,45.0,30.41,37.0,159.66,7.87,06:25:00,17:47:00
23899,1478181919,11/3/2016 12:00:00 AM,04:05:19,1.18,46.0,30.41,37.0,171.46,9.0,06:25:00,17:47:00
23900,1478181622,11/3/2016 12:00:00 AM,04:00:22,1.17,46.0,30.42,37.0,173.2,5.62,06:25:00,17:47:00
23901,1478181318,11/3/2016 12:00:00 AM,03:55:18,1.17,45.0,30.42,37.0,178.91,6.75,06:25:00,17:47:00
23902,1478181018,11/3/2016 12:00:00 AM,03:50:18,1.19,45.0,30.41,37.0,174.12,9.0,06:25:00,17:47:00
23903,1478180718,11/3/2016 12:00:00 AM,03:45:18,1.23,44.0,30.42,37.0,166.9,9.0,06:25:00,17:47:00
23904,1478180421,11/3/2016 12:00:00 AM,03:40:21,1.2,44.0,30.42,38.0,159.72,10.12,06:25:00,17:47:00
23905,1478180118,11/3/2016 12:00:00 AM,03:35:18,1.17,45.0,30.42,74.83719267708949,171.83,7.87,06:25:00,17:47:00
23906,1478179818,11/3/2016 12:00:00 AM,03:30:18,1.21,45.0,30.42,37.0,162.22,7.87,06:25:00,17:47:00
23907,1478179518,11/3/2016 12:00:00 AM,03:25:18,1.23,45.0,30.42,36.0,173.33,5.62,06:25:00,17:47:00
23908,1478179221,11/3/2016 12:00:00 AM,03:20:21,1.18,44.0,30.42,37.0,151.13,7.87,06:25:00,17:47:00
23909,1478178917,11/3/2016 12:00:00 AM,03:15:17,1.23,43.0,30.42,38.0,157.54,6.75,06:25:00,17:47:00
23910,1478178621,11/3/2016 12:00:00 AM,03:10:21,1.18,43.0,30.42,38.0,180.27,5.62,06:25:00,17:47:00
23911,1478178318,11/3/2016 12:00:00 AM,03:05:18,1.21,43.0,30.42,38.0,171.28,6.75,06:25:00,17:47:00
23912,1478178018,11/3/2016 12:00:00 AM,03:00:18,1.18,44.0,30.42,39.0,165.47,6.75,06:25:00,17:47:00
23913,1478177718,11/3/2016 12:00:00 AM,02:55:18,1.18,44.0,30.42,38.0,182.8,7.87,06:25:00,17:47:00
23914,1478177418,11/3/2016 12:00:00 AM,02:50:18,1.18,44.0,30.42,38.0,169.66,6.75,06:25:00,17:47:00
23915,1478177120,11/3/2016 12:00:00 AM,02:45:20,1.21,44.0,30.43,37.0,157.0,7.87,06:25:00,17:47:00
23916,1478176821,11/3/2016 12:00:00 AM,02:40:21,1.21,44.0,30.43,38.0,182.7,7.87,06:25:00,17:47:00
23917,1478176518,11/3/2016 12:00:00 AM,02:35:18,1.18,44.0,30.43,37.0,177.37,7.87,06:25:00,17:47:00
23918,1478176222,11/3/2016 12:00:00 AM,02:30:22,1.18,44.0,30.43,37.0,188.99,6.75,06:25:00,17:47:00
23919,1478175918,11/3/2016 12:00:00 AM,02:25:18,1.19,44.0,30.43,37.0,169.8,5.62,06:25:00,17:47:00
23920,1478175621,11/3/2016 12:00:00 AM,02:20:21,1.2,44.0,30.43,38.0,180.16,5.62,06:25:00,17:47:00
23921,1478175321,11/3/2016 12:00:00 AM,02:15:21,1.21,44.0,30.43,38.0,188.49,6.75,06:25:00,17:47:00
23922,1478175018,11/3/2016 12:00:00 AM,02:10:18,1.16,44.0,30.43,38.0,172.51,6.75,06:25:00,17:47:00
23923,1478174718,11/3/2016 12:00:00 AM,02:05:18,1.2,45.0,30.43,37.0,130.0,10.12,06:25:00,17:47:00
23924,1478174417,11/3/2016 12:00:00 AM,02:00:17,1.2,44.0,30.43,37.0,165.16,6.75,06:25:00,17:47:00
23925,1478174121,11/3/2016 12:00:00 AM,01:55:21,1.22,45.0,30.44,37.0,159.4,6.75,06:25:00,17:47:00
23926,1478173818,11/3/2016 12:00:00 AM,01:50:18,1.19,45.0,30.44,37.0,190.49,6.75,06:25:00,17:47:00
23927,1478173520,11/3/2016 12:00:00 AM,01:45:20,1.18,45.0,30.44,37.0,172.14,6.75,06:25:00,17:47:00
23928,1478173224,11/3/2016 12:00:00 AM,01:40:24,1.19,45.0,30.44,38.0,163.18,7.87,06:25:00,17:47:00
23929,1478172918,11/3/2016 12:00:00 AM,01:35:18,1.23,45.0,30.44,39.0,192.3,6.75,06:25:00,17:47:00
23930,1478172621,11/3/2016 12:00:00 AM,01:30:21,1.22,45.0,30.44,38.0,190.25,6.75,06:25:00,17:47:00
23931,1478172320,11/3/2016 12:00:00 AM,01:25:20,1.18,45.0,30.44,39.0,178.65,7.87,06:25:00,17:47:00
23932,1478172018,11/3/2016 12:00:00 AM,01:20:18,1.17,45.0,30.44,38.0,173.1,6.75,06:25:00,17:47:00
23933,1478171718,11/3/2016 12:00:00 AM,01:15:18,1.2,45.0,30.44,39.0,185.63,5.62,06:25:00,17:47:00
23934,1478171418,11/3/2016 12:00:00 AM,01:10:18,1.2,45.0,30.44,38.0,177.74,5.62,06:25:00,17:47:00
23935,1478171118,11/3/2016 12:00:00 AM,01:05:18,1.2,45.0,30.44,38.0,174.13,7.87,06:25:00,17:47:00
23936,1478170821,11/3/2016 12:00:00 AM,01:00:21,1.22,45.0,30.45,37.0,165.65,6.75,06:25:00,17:47:00
23937,1478170519,11/3/2016 12:00:00 AM,00:55:19,1.19,46.0,30.45,37.0,169.7,7.87,06:25:00,17:47:00
23938,1478170221,11/3/2016 12:00:00 AM,00:50:21,1.21,46.0,30.45,37.0,173.56,5.62,06:25:00,17:47:00
23939,1478169920,11/3/2016 12:00:00 AM,00:45:20,1.22,46.0,30.45,36.0,193.37,7.87,06:25:00,17:47:00
23940,1478169619,11/3/2016 12:00:00 AM,00:40:19,1.2,46.0,30.45,36.0,168.9,7.87,06:25:00,17:47:00
23941,1478169321,11/3/2016 12:00:00 AM,00:35:21,1.19,46.0,30.45,36.0,172.05,6.75,06:25:00,17:47:00
23942,1478169017,11/3/2016 12:00:00 AM,00:30:17,1.23,46.0,30.45,36.0,180.43,7.87,06:25:00,17:47:00
23943,1478168720,11/3/2016 12:00:00 AM,00:25:20,1.19,46.0,30.45,35.0,188.42,4.5,06:25:00,17:47:00
23944,1478168422,11/3/2016 12:00:00 AM,00:20:22,1.2,46.0,30.45,36.0,144.93,6.75,06:25:00,17:47:00
23945,1478168118,11/3/2016 12:00:00 AM,00:15:18,1.22,46.0,30.45,36.0,132.22,5.62,06:25:00,17:47:00
23946,1478167819,11/3/2016 12:00:00 AM,00:10:19,1.22,46.0,30.45,36.0,173.24,11.25,06:25:00,17:47:00
23947,1478167218,11/3/2016 12:00:00 AM,00:00:18,1.22,46.0,30.45,36.0,166.08,6.75,06:25:00,17:47:00
23948,1478166918,11/2/2016 12:00:00 AM,23:55:18,1.19,46.0,30.45,37.0,163.75,9.0,06:24:00,17:48:00
23949,1478166621,11/2/2016 12:00:00 AM,23:50:21,1.2,46.0,30.46,36.0,181.39,7.87,06:24:00,17:48:00
23950,1478166318,11/2/2016 12:00:00 AM,23:45:18,1.2,46.0,30.46,37.0,166.48,5.62,06:24:00,17:48:00
23951,1478166019,11/2/2016 12:00:00 AM,23:40:19,1.21,46.0,30.46,35.0,160.72,7.87,06:24:00,17:48:00
23952,1478165724,11/2/2016 12:00:00 AM,23:35:24,1.2,46.0,30.46,35.0,172.52,5.62,06:24:00,17:48:00
23953,1478165422,11/2/2016 12:00:00 AM,23:30:22,1.18,46.0,30.46,36.0,154.3,7.87,06:24:00,17:48:00
23954,1478165120,11/2/2016 12:00:00 AM,23:25:20,1.22,46.0,30.46,36.0,163.71,5.62,06:24:00,17:48:00
23955,1478164819,11/2/2016 12:00:00 AM,23:20:19,1.2,46.0,30.46,38.0,178.37,6.75,06:24:00,17:48:00
23956,1478164520,11/2/2016 12:00:00 AM,23:15:20,1.21,46.0,30.46,36.0,165.83,5.62,06:24:00,17:48:00
23957,1478164220,11/2/2016 12:00:00 AM,23:10:20,1.19,46.0,30.46,37.0,162.13,7.87,06:24:00,17:48:00
23958,1478163922,11/2/2016 12:00:00 AM,23:05:22,1.21,46.0,30.46,36.0,173.8,4.5,06:24:00,17:48:00
23959,1478163621,11/2/2016 12:00:00 AM,23:00:21,1.22,46.0,30.46,37.0,190.28,4.5,06:24:00,17:48:00
23960,1478163321,11/2/2016 12:00:00 AM,22:55:21,1.22,46.0,30.46,37.0,162.94,9.0,06:24:00,17:48:00
23961,1478163018,11/2/2016 12:00:00 AM,22:50:18,1.22,46.0,30.46,37.0,149.69,7.87,06:24:00,17:48:00
23962,1478162718,11/2/2016 12:00:00 AM,22:45:18,1.22,46.0,30.46,37.0,163.29,6.75,06:24:00,17:48:00
23963,1478162421,11/2/2016 12:00:00 AM,22:40:21,1.23,46.0,30.46,37.0,164.43,4.5,06:24:00,17:48:00
23964,1478162118,11/2/2016 12:00:00 AM,22:35:18,1.22,46.0,30.46,38.0,162.77,6.75,06:24:00,17:48:00
23965,1478161818,11/2/2016 12:00:00 AM,22:30:18,1.17,46.0,30.46,38.0,193.03,7.87,06:24:00,17:48:00
23966,1478161518,11/2/2016 12:00:00 AM,22:25:18,1.23,46.0,30.46,38.0,176.09,9.0,06:24:00,17:48:00
23967,1478161218,11/2/2016 12:00:00 AM,22:20:18,1.21,46.0,30.46,38.0,195.92,7.87,06:24:00,17:48:00
23968,1478160920,11/2/2016 12:00:00 AM,22:15:20,1.2,46.0,30.46,37.0,177.24,10.12,06:24:00,17:48:00
23969,1478160621,11/2/2016 12:00:00 AM,22:10:21,1.22,46.0,30.46,37.0,181.34,5.62,06:24:00,17:48:00
23970,1478160320,11/2/2016 12:00:00 AM,22:05:20,1.21,46.0,30.47,38.0,172.34,6.75,06:24:00,17:48:00
23971,1478160018,11/2/2016 12:00:00 AM,22:00:18,1.22,46.0,30.47,36.0,177.01,6.75,06:24:00,17:48:00
23972,1478159718,11/2/2016 12:00:00 AM,21:55:18,1.23,46.0,30.47,37.0,178.35,6.75,06:24:00,17:48:00
23973,1478159420,11/2/2016 12:00:00 AM,21:50:20,1.19,46.0,30.47,37.0,167.56,5.62,06:24:00,17:48:00
23974,1478159119,11/2/2016 12:00:00 AM,21:45:19,1.21,46.0,30.47,37.0,178.66,5.62,06:24:00,17:48:00
23975,1478158820,11/2/2016 12:00:00 AM,21:40:20,1.2,46.0,30.47,36.0,169.64,4.5,06:24:00,17:48:00
23976,1478158519,11/2/2016 12:00:00 AM,21:35:19,1.24,47.0,30.46,37.0,155.82,9.0,06:24:00,17:48:00
23977,1478158220,11/2/2016 12:00:00 AM,21:30:20,1.24,47.0,30.46,36.0,177.4,6.75,06:24:00,17:48:00
23978,1478157918,11/2/2016 12:00:00 AM,21:25:18,1.18,47.0,30.46,74.83719267708949,153.82,6.75,06:24:00,17:48:00
23979,1478157618,11/2/2016 12:00:00 AM,21:20:18,1.24,47.0,30.46,36.0,147.32,7.87,06:24:00,17:48:00
23980,1478157321,11/2/2016 12:00:00 AM,21:15:21,1.22,47.0,30.46,36.0,178.42,5.62,06:24:00,17:48:00
23981,1478157018,11/2/2016 12:00:00 AM,21:10:18,1.23,48.0,30.46,35.0,165.37,6.75,06:24:00,17:48:00
23982,1478156720,11/2/2016 12:00:00 AM,21:05:20,1.24,47.0,30.46,35.0,157.69,9.0,06:24:00,17:48:00
23983,1478156422,11/2/2016 12:00:00 AM,21:00:22,1.23,48.0,30.46,36.0,174.37,6.75,06:24:00,17:48:00
23984,1478156122,11/2/2016 12:00:00 AM,20:55:22,1.24,48.0,30.47,35.0,166.65,9.0,06:24:00,17:48:00
23985,1478155818,11/2/2016 12:00:00 AM,20:50:18,1.21,47.0,30.46,35.0,164.82,7.87,06:24:00,17:48:00
23986,1478155522,11/2/2016 12:00:00 AM,20:45:22,1.23,48.0,30.46,35.0,168.41,7.87,06:24:00,17:48:00
23987,1478155218,11/2/2016 12:00:00 AM,20:40:18,1.16,48.0,30.46,34.0,182.53,7.87,06:24:00,17:48:00
23988,1478154919,11/2/2016 12:00:00 AM,20:35:19,1.19,47.0,30.46,34.0,171.73,9.0,06:24:00,17:48:00
23989,1478154618,11/2/2016 12:00:00 AM,20:30:18,1.22,47.0,30.46,35.0,184.8,9.0,06:24:00,17:48:00
23990,1478154320,11/2/2016 12:00:00 AM,20:25:20,1.25,47.0,30.46,34.0,171.4,5.62,06:24:00,17:48:00
23991,1478154021,11/2/2016 12:00:00 AM,20:20:21,1.23,47.0,30.46,34.0,187.21,6.75,06:24:00,17:48:00
23992,1478153717,11/2/2016 12:00:00 AM,20:15:17,1.2,48.0,30.46,33.0,169.86,9.0,06:24:00,17:48:00
23993,1478153418,11/2/2016 12:00:00 AM,20:10:18,1.22,48.0,30.46,33.0,175.98,6.75,06:24:00,17:48:00
23994,1478153118,11/2/2016 12:00:00 AM,20:05:18,1.22,48.0,30.46,31.0,177.21,5.62,06:24:00,17:48:00
23995,1478152818,11/2/2016 12:00:00 AM,20:00:18,1.21,48.0,30.46,31.0,164.42,7.87,06:24:00,17:48:00
23996,1478152519,11/2/2016 12:00:00 AM,19:55:19,1.19,48.0,30.46,31.0,179.71,10.12,06:24:00,17:48:00
23997,1478152217,11/2/2016 12:00:00 AM,19:50:17,1.21,48.0,30.46,30.0,153.21,6.75,06:24:00,17:48:00
23998,1478151921,11/2/2016 12:00:00 AM,19:45:21,1.2,49.0,30.46,30.0,151.12,6.75,06:24:00,17:48:00
23999,1478151620,11/2/2016 12:00:00 AM,19:40:20,1.22,49.0,30.45,30.0,148.4,6.75,06:24:00,17:48:00
24000,1478151318,11/2/2016 12:00:00 AM,19:35:18,1.22,49.0,30.45,29.0,173.62,7.87,06:24:00,17:48:00
24001,1478151041,11/2/2016 12:00:00 AM,19:30:41,1.22,49.0,30.45,30.0,140.61,9.0,06:24:00,17:48:00
24002,1478150719,11/2/2016 12:00:00 AM,19:25:19,1.22,49.0,30.45,30.0,158.05,6.75,06:24:00,17:48:00
24003,1478150420,11/2/2016 12:00:00 AM,19:20:20,1.21,49.0,30.45,28.0,159.0,7.87,06:24:00,17:48:00
24004,1478150118,11/2/2016 12:00:00 AM,19:15:18,1.21,49.0,30.45,30.0,123.95,4.5,06:24:00,17:48:00
24005,1478149824,11/2/2016 12:00:00 AM,19:10:24,1.25,50.0,30.45,30.0,121.72,4.5,06:24:00,17:48:00
24006,1478149520,11/2/2016 12:00:00 AM,19:05:20,1.25,50.0,30.44,29.0,156.1,6.75,06:24:00,17:48:00
24007,1478149236,11/2/2016 12:00:00 AM,19:00:36,1.24,50.0,30.44,29.0,183.05,5.62,06:24:00,17:48:00
24008,1478148918,11/2/2016 12:00:00 AM,18:55:18,1.24,50.0,30.44,30.0,172.12,4.5,06:24:00,17:48:00
24009,1478148618,11/2/2016 12:00:00 AM,18:50:18,1.28,50.0,30.44,30.0,139.0,10.12,06:24:00,17:48:00
24010,1478148318,11/2/2016 12:00:00 AM,18:45:18,1.18,50.0,30.44,29.0,144.82,9.0,06:24:00,17:48:00
24011,1478148017,11/2/2016 12:00:00 AM,18:40:17,1.19,50.0,30.44,30.0,127.68,6.75,06:24:00,17:48:00
24012,1478147720,11/2/2016 12:00:00 AM,18:35:20,1.22,51.0,30.44,29.0,167.81,7.87,06:24:00,17:48:00
24013,1478147424,11/2/2016 12:00:00 AM,18:30:24,1.21,51.0,30.44,27.0,164.72,5.62,06:24:00,17:48:00
24014,1478147118,11/2/2016 12:00:00 AM,18:25:18,1.21,52.0,30.44,27.0,146.27,4.5,06:24:00,17:48:00
24015,1478146819,11/2/2016 12:00:00 AM,18:20:19,1.16,52.0,30.44,27.0,141.37,7.87,06:24:00,17:48:00
24016,1478146518,11/2/2016 12:00:00 AM,18:15:18,1.23,52.0,30.44,26.0,113.28,4.5,06:24:00,17:48:00
24017,1478146218,11/2/2016 12:00:00 AM,18:10:18,1.22,53.0,30.44,26.0,119.04,7.87,06:24:00,17:48:00
24018,1478145921,11/2/2016 12:00:00 AM,18:05:21,1.22,53.0,30.44,25.0,139.82,5.62,06:24:00,17:48:00
24019,1478145620,11/2/2016 12:00:00 AM,18:00:20,1.61,53.0,30.43,26.0,137.42,4.5,06:24:00,17:48:00
24020,1478145321,11/2/2016 12:00:00 AM,17:55:21,2.94,54.0,30.43,25.0,132.33,6.75,06:24:00,17:48:00
24021,1478145020,11/2/2016 12:00:00 AM,17:50:20,4.86,54.0,30.43,23.0,160.49,5.62,06:24:00,17:48:00
24022,1478144719,11/2/2016 12:00:00 AM,17:45:19,7.05,55.0,30.43,24.0,110.07,4.5,06:24:00,17:48:00
24023,1478144418,11/2/2016 12:00:00 AM,17:40:18,9.35,55.0,30.43,24.0,149.87,5.62,06:24:00,17:48:00
24024,1478144122,11/2/2016 12:00:00 AM,17:35:22,11.5,56.0,30.43,24.0,123.4,10.12,06:24:00,17:48:00
24025,1478143822,11/2/2016 12:00:00 AM,17:30:22,25.31,56.0,30.43,23.0,126.99,5.62,06:24:00,17:48:00
24026,1478143518,11/2/2016 12:00:00 AM,17:25:18,30.93,57.0,30.43,22.0,123.96,9.0,06:24:00,17:48:00
24027,1478143217,11/2/2016 12:00:00 AM,17:20:17,44.31,57.0,30.43,21.0,40.04,3.37,06:24:00,17:48:00
24028,1478142921,11/2/2016 12:00:00 AM,17:15:21,62.81,58.0,30.43,22.0,143.54770303349548,4.5,06:24:00,17:48:00
24029,1478142619,11/2/2016 12:00:00 AM,17:10:19,83.39,58.0,30.43,24.0,102.64,4.5,06:24:00,17:48:00
24030,1478142321,11/2/2016 12:00:00 AM,17:05:21,105.58,58.0,30.43,24.0,66.33,4.5,06:24:00,17:48:00
24031,1478142018,11/2/2016 12:00:00 AM,17:00:18,130.59,58.0,30.43,27.0,82.27,5.62,06:24:00,17:48:00
24032,1478141717,11/2/2016 12:00:00 AM,16:55:17,155.9,58.0,30.43,33.0,96.67,4.5,06:24:00,17:48:00
24033,1478141419,11/2/2016 12:00:00 AM,16:50:19,182.88,59.0,30.43,40.0,72.13,3.37,06:24:00,17:48:00
24034,1478141120,11/2/2016 12:00:00 AM,16:45:20,210.92,59.0,30.43,35.0,42.12,7.87,06:24:00,17:48:00
24035,1478140819,11/2/2016 12:00:00 AM,16:40:19,239.18,60.0,30.43,28.0,359.93,4.5,06:24:00,17:48:00
24036,1478140519,11/2/2016 12:00:00 AM,16:35:19,267.32,60.0,30.42,24.0,64.8,4.5,06:24:00,17:48:00
24037,1478140221,11/2/2016 12:00:00 AM,16:30:21,294.38,60.0,30.42,23.0,105.89,2.25,06:24:00,17:48:00
24038,1478139918,11/2/2016 12:00:00 AM,16:25:18,320.58,60.0,30.42,23.0,35.69,6.75,06:24:00,17:48:00
24039,1478139618,11/2/2016 12:00:00 AM,16:20:18,343.75,61.0,30.42,22.0,77.9,9.0,06:24:00,17:48:00
24040,1478139321,11/2/2016 12:00:00 AM,16:15:21,364.1,60.0,30.42,21.0,97.7,6.75,06:24:00,17:48:00
24041,1478139018,11/2/2016 12:00:00 AM,16:10:18,385.5,61.0,30.42,20.0,28.89,6.75,06:24:00,17:48:00
24042,1478138719,11/2/2016 12:00:00 AM,16:05:19,405.83,61.0,30.42,22.0,52.17,6.75,06:24:00,17:48:00
24043,1478138419,11/2/2016 12:00:00 AM,16:00:19,425.32,61.0,30.42,24.0,25.64,6.75,06:24:00,17:48:00
24044,1478138121,11/2/2016 12:00:00 AM,15:55:21,445.3,61.0,30.41,20.0,51.77,9.0,06:24:00,17:48:00
24045,1478137821,11/2/2016 12:00:00 AM,15:50:21,465.91,61.0,30.42,21.0,161.86,3.37,06:24:00,17:48:00
24046,1478137518,11/2/2016 12:00:00 AM,15:45:18,485.42,61.0,30.42,22.0,51.64,5.62,06:24:00,17:48:00
24047,1478137220,11/2/2016 12:00:00 AM,15:40:20,504.54,61.0,30.42,20.0,89.16,6.75,06:24:00,17:48:00
24048,1478136921,11/2/2016 12:00:00 AM,15:35:21,523.48,61.0,30.42,23.0,50.59,4.5,06:24:00,17:48:00
24049,1478136618,11/2/2016 12:00:00 AM,15:30:18,541.17,60.0,30.42,24.0,126.09,3.37,06:24:00,17:48:00
24050,1478136318,11/2/2016 12:00:00 AM,15:25:18,560.35,61.0,30.42,21.0,12.28,6.229096658193317,06:24:00,17:48:00
24051,1478136018,11/2/2016 12:00:00 AM,15:20:18,578.93,61.0,30.42,22.0,21.92,7.87,06:24:00,17:48:00
24052,1478135724,11/2/2016 12:00:00 AM,15:15:24,597.39,61.0,30.42,18.0,0.11,4.5,06:24:00,17:48:00
24053,1478135421,11/2/2016 12:00:00 AM,15:10:21,614.69,61.0,30.42,22.0,67.67,6.75,06:24:00,17:48:00
24054,1478135120,11/2/2016 12:00:00 AM,15:05:20,631.67,62.0,30.42,19.0,3.18,5.62,06:24:00,17:48:00
24055,1478134818,11/2/2016 12:00:00 AM,15:00:18,649.36,62.0,30.42,22.0,108.92,6.75,06:24:00,17:48:00
24056,1478134518,11/2/2016 12:00:00 AM,14:55:18,667.18,62.0,30.42,22.0,56.02,4.5,06:24:00,17:48:00
24057,1478134221,11/2/2016 12:00:00 AM,14:50:21,683.01,61.0,30.42,24.0,56.58,10.12,06:24:00,17:48:00
24058,1478133920,11/2/2016 12:00:00 AM,14:45:20,700.47,62.0,30.42,23.0,50.12,4.5,06:24:00,17:48:00
24059,1478133618,11/2/2016 12:00:00 AM,14:40:18,713.16,62.0,30.42,27.0,354.35,2.25,06:24:00,17:48:00
24060,1478133318,11/2/2016 12:00:00 AM,14:35:18,729.74,62.0,30.42,23.0,17.15,2.25,06:24:00,17:48:00
24061,1478133020,11/2/2016 12:00:00 AM,14:30:20,743.74,62.0,30.42,23.0,10.91,11.25,06:24:00,17:48:00
24062,1478132723,11/2/2016 12:00:00 AM,14:25:23,758.09,62.0,30.42,23.0,87.57,9.0,06:24:00,17:48:00
24063,1478132421,11/2/2016 12:00:00 AM,14:20:21,770.65,62.0,30.42,21.0,73.34,4.5,06:24:00,17:48:00
24064,1478132119,11/2/2016 12:00:00 AM,14:15:19,786.6,62.0,30.42,25.0,22.26,6.75,06:24:00,17:48:00
24065,1478131819,11/2/2016 12:00:00 AM,14:10:19,798.72,63.0,30.41,24.0,359.92,5.62,06:24:00,17:48:00
24066,1478131521,11/2/2016 12:00:00 AM,14:05:21,811.47,63.0,30.41,25.0,336.46,3.37,06:24:00,17:48:00
24067,1478131221,11/2/2016 12:00:00 AM,14:00:21,821.37,63.0,30.42,24.0,27.05,6.75,06:24:00,17:48:00
24068,1478130918,11/2/2016 12:00:00 AM,13:55:18,833.47,63.0,30.42,25.0,161.82,4.5,06:24:00,17:48:00
24069,1478130617,11/2/2016 12:00:00 AM,13:50:17,843.42,63.0,30.42,25.0,32.96,3.37,06:24:00,17:48:00
24070,1478130317,11/2/2016 12:00:00 AM,13:45:17,854.85,63.0,30.42,27.0,53.7,10.12,06:24:00,17:48:00
24071,1478130023,11/2/2016 12:00:00 AM,13:40:23,866.94,63.0,30.42,25.0,46.49,11.25,06:24:00,17:48:00
24072,1478129718,11/2/2016 12:00:00 AM,13:35:18,878.05,63.0,30.42,22.0,31.55,5.62,06:24:00,17:48:00
24073,1478129417,11/2/2016 12:00:00 AM,13:30:17,885.73,63.0,30.42,24.0,105.32,9.0,06:24:00,17:48:00
24074,1478129120,11/2/2016 12:00:00 AM,13:25:20,891.52,63.0,30.42,27.0,0.14,1.12,06:24:00,17:48:00
24075,1478128819,11/2/2016 12:00:00 AM,13:20:19,899.95,63.0,30.43,24.0,0.11,6.75,06:24:00,17:48:00
24076,1478128518,11/2/2016 12:00:00 AM,13:15:18,909.76,63.0,30.43,21.0,55.69,5.62,06:24:00,17:48:00
24077,1478128220,11/2/2016 12:00:00 AM,13:10:20,916.3,63.0,30.43,21.0,2.92,5.62,06:24:00,17:48:00
24078,1478127920,11/2/2016 12:00:00 AM,13:05:20,923.37,63.0,30.43,21.0,30.75,11.25,06:24:00,17:48:00
24079,1478127619,11/2/2016 12:00:00 AM,13:00:19,930.04,63.0,30.43,21.0,276.16,7.87,06:24:00,17:48:00
24080,1478127322,11/2/2016 12:00:00 AM,12:55:22,935.21,63.0,30.43,23.0,37.98,7.87,06:24:00,17:48:00
24081,1478127020,11/2/2016 12:00:00 AM,12:50:20,937.09,63.0,30.43,22.0,24.7,4.5,06:24:00,17:48:00
24082,1478126719,11/2/2016 12:00:00 AM,12:45:19,944.23,63.0,30.43,20.0,51.48,6.75,06:24:00,17:48:00
24083,1478126417,11/2/2016 12:00:00 AM,12:40:17,948.13,63.0,30.43,19.0,155.73,3.37,06:24:00,17:48:00
24084,1478126117,11/2/2016 12:00:00 AM,12:35:17,951.54,62.0,30.44,22.0,62.89,2.25,06:24:00,17:48:00
24085,1478125818,11/2/2016 12:00:00 AM,12:30:18,952.67,62.0,30.44,22.0,19.88,5.62,06:24:00,17:48:00
24086,1478125524,11/2/2016 12:00:00 AM,12:25:24,956.14,63.0,30.44,24.0,31.08,7.87,06:24:00,17:48:00
24087,1478125217,11/2/2016 12:00:00 AM,12:20:17,958.31,63.0,30.44,22.0,19.21,1.12,06:24:00,17:48:00
24088,1478124918,11/2/2016 12:00:00 AM,12:15:18,960.25,63.0,30.45,23.0,72.97,11.25,06:24:00,17:48:00
24089,1478124618,11/2/2016 12:00:00 AM,12:10:18,958.13,63.0,30.45,23.0,336.45,2.25,06:24:00,17:48:00
24090,1478124318,11/2/2016 12:00:00 AM,12:05:18,961.79,63.0,30.45,17.0,62.35,6.75,06:24:00,17:48:00
24091,1478124020,11/2/2016 12:00:00 AM,12:00:20,959.86,63.0,30.45,23.0,17.48,9.0,06:24:00,17:48:00
24092,1478123717,11/2/2016 12:00:00 AM,11:55:17,960.04,63.0,30.45,20.0,55.64,3.37,06:24:00,17:48:00
24093,1478123420,11/2/2016 12:00:00 AM,11:50:20,958.03,63.0,30.45,19.0,68.74,2.25,06:24:00,17:48:00
24094,1478123118,11/2/2016 12:00:00 AM,11:45:18,954.58,63.0,30.45,20.0,88.02,5.62,06:24:00,17:48:00
24095,1478122819,11/2/2016 12:00:00 AM,11:40:19,953.34,63.0,30.46,19.0,87.95,5.62,06:24:00,17:48:00
24096,1478122517,11/2/2016 12:00:00 AM,11:35:17,950.64,64.0,30.46,21.0,59.75,10.12,06:24:00,17:48:00
24097,1478122221,11/2/2016 12:00:00 AM,11:30:21,944.46,64.0,30.46,20.0,78.23,5.62,06:24:00,17:48:00
24098,1478121920,11/2/2016 12:00:00 AM,11:25:20,942.51,63.0,30.46,18.0,65.78,6.75,06:24:00,17:48:00
24099,1478121620,11/2/2016 12:00:00 AM,11:20:20,937.36,63.0,30.46,19.0,6.06,6.75,06:24:00,17:48:00
24100,1478121322,11/2/2016 12:00:00 AM,11:15:22,933.34,63.0,30.47,19.0,45.03,2.25,06:24:00,17:48:00
24101,1478121017,11/2/2016 12:00:00 AM,11:10:17,927.68,63.0,30.47,18.0,90.9,7.87,06:24:00,17:48:00
24102,1478120719,11/2/2016 12:00:00 AM,11:05:19,921.38,63.0,30.47,18.0,69.0,0.0,06:24:00,17:48:00
24103,1478120419,11/2/2016 12:00:00 AM,11:00:19,914.0,63.0,30.47,16.0,11.95,3.37,06:24:00,17:48:00
24104,1478120117,11/2/2016 12:00:00 AM,10:55:17,906.1,63.0,30.47,16.0,44.63,5.62,06:24:00,17:48:00
24105,1478119821,11/2/2016 12:00:00 AM,10:50:21,898.56,63.0,30.48,17.0,168.48,6.75,06:24:00,17:48:00
24106,1478119521,11/2/2016 12:00:00 AM,10:45:21,889.6,63.0,30.48,17.0,78.27,9.0,06:24:00,17:48:00
24107,1478119222,11/2/2016 12:00:00 AM,10:40:22,881.14,63.0,30.48,17.0,22.89,5.62,06:24:00,17:48:00
24108,1478118917,11/2/2016 12:00:00 AM,10:35:17,873.16,63.0,30.48,15.0,36.08,7.87,06:24:00,17:48:00
24109,1478118639,11/2/2016 12:00:00 AM,10:30:39,863.11,63.0,30.48,15.0,50.45,5.62,06:24:00,17:48:00
24110,1478118317,11/2/2016 12:00:00 AM,10:25:17,853.42,63.0,30.48,14.0,43.72,3.37,06:24:00,17:48:00
24111,1478118017,11/2/2016 12:00:00 AM,10:20:17,843.41,63.0,30.48,14.0,52.68,6.75,06:24:00,17:48:00
24112,1478117717,11/2/2016 12:00:00 AM,10:15:17,831.24,62.0,30.48,18.0,56.2,4.5,06:24:00,17:48:00
24113,1478117418,11/2/2016 12:00:00 AM,10:10:18,818.35,62.0,30.48,18.0,53.98,4.5,06:24:00,17:48:00
24114,1478117119,11/2/2016 12:00:00 AM,10:05:19,808.35,63.0,30.48,14.0,43.03,4.5,06:24:00,17:48:00
24115,1478116819,11/2/2016 12:00:00 AM,10:00:19,795.54,63.0,30.48,16.0,29.31,4.5,06:24:00,17:48:00
24116,1478116520,11/2/2016 12:00:00 AM,09:55:20,782.77,63.0,30.48,15.0,37.21,4.5,06:24:00,17:48:00
24117,1478116221,11/2/2016 12:00:00 AM,09:50:21,770.03,62.0,30.48,14.0,57.38,6.75,06:24:00,17:48:00
24118,1478115920,11/2/2016 12:00:00 AM,09:45:20,755.83,62.0,30.48,15.0,15.41,5.62,06:24:00,17:48:00
24119,1478115619,11/2/2016 12:00:00 AM,09:40:19,742.83,62.0,30.48,12.0,61.59,9.0,06:24:00,17:48:00
24120,1478115321,11/2/2016 12:00:00 AM,09:35:21,727.97,62.0,30.48,13.0,58.94,6.75,06:24:00,17:48:00
24121,1478115019,11/2/2016 12:00:00 AM,09:30:19,712.82,63.0,30.48,15.0,12.62,3.37,06:24:00,17:48:00
24122,1478114719,11/2/2016 12:00:00 AM,09:25:19,696.85,63.0,30.48,15.0,336.63,1.12,06:24:00,17:48:00
24123,1478114421,11/2/2016 12:00:00 AM,09:20:21,681.69,63.0,30.48,14.0,112.27,4.5,06:24:00,17:48:00
24124,1478114120,11/2/2016 12:00:00 AM,09:15:20,665.95,63.0,30.48,14.0,58.67,2.25,06:24:00,17:48:00
24125,1478113818,11/2/2016 12:00:00 AM,09:10:18,649.75,63.0,30.48,13.0,115.41,3.37,06:24:00,17:48:00
24126,1478113518,11/2/2016 12:00:00 AM,09:05:18,633.09,51.16507236474315,30.48,15.0,68.66,3.37,06:24:00,17:48:00
24127,1478113217,11/2/2016 12:00:00 AM,09:00:17,615.95,63.0,30.48,15.0,136.65,6.75,06:24:00,17:48:00
24128,1478112917,11/2/2016 12:00:00 AM,08:55:17,597.11,63.0,30.48,16.0,111.08,2.25,06:24:00,17:48:00
24129,1478112620,11/2/2016 12:00:00 AM,08:50:20,580.8,62.0,30.47,18.0,158.87,6.75,06:24:00,17:48:00
24130,1478112319,11/2/2016 12:00:00 AM,08:45:19,562.82,62.0,30.47,18.0,151.0,6.75,06:24:00,17:48:00
24131,1478112019,11/2/2016 12:00:00 AM,08:40:19,543.49,61.0,30.47,18.0,139.62,9.0,06:24:00,17:48:00
24132,1478111717,11/2/2016 12:00:00 AM,08:35:17,525.47,60.0,30.47,19.0,151.29,5.62,06:24:00,17:48:00
24133,1478111421,11/2/2016 12:00:00 AM,08:30:21,506.24,59.0,30.47,21.0,152.54,2.25,06:24:00,17:48:00
24134,1478111117,11/2/2016 12:00:00 AM,08:25:17,487.25,58.0,30.47,22.0,122.92,5.62,06:24:00,17:48:00
24135,1478110819,11/2/2016 12:00:00 AM,08:20:19,467.64,57.0,30.47,23.0,114.42,5.62,06:24:00,17:48:00
24136,1478110519,11/2/2016 12:00:00 AM,08:15:19,447.36,55.0,30.47,23.0,182.84,2.25,06:24:00,17:48:00
24137,1478110220,11/2/2016 12:00:00 AM,08:10:20,427.69,53.0,30.47,26.0,159.08,5.62,06:24:00,17:48:00
24138,1478109917,11/2/2016 12:00:00 AM,08:05:17,407.26,52.0,30.47,29.0,163.35,6.75,06:24:00,17:48:00
24139,1478109617,11/2/2016 12:00:00 AM,08:00:17,386.68,51.0,30.47,31.0,163.42,5.62,06:24:00,17:48:00
24140,1478109320,11/2/2016 12:00:00 AM,07:55:20,366.13,49.0,30.47,34.0,161.43,5.62,06:24:00,17:48:00
24141,1478109017,11/2/2016 12:00:00 AM,07:50:17,343.87,48.0,30.47,36.0,158.59,6.75,06:24:00,17:48:00
24142,1478108720,11/2/2016 12:00:00 AM,07:45:20,319.67,47.0,30.47,38.0,166.14,6.75,06:24:00,17:48:00
24143,1478108420,11/2/2016 12:00:00 AM,07:40:20,292.95,46.0,30.47,40.0,181.62,5.62,06:24:00,17:48:00
24144,1478108118,11/2/2016 12:00:00 AM,07:35:18,130.18,45.0,30.47,40.0,159.78,6.75,06:24:00,17:48:00
24145,1478107818,11/2/2016 12:00:00 AM,07:30:18,25.01,45.0,30.46,41.0,176.86,7.87,06:24:00,17:48:00
24146,1478107520,11/2/2016 12:00:00 AM,07:25:20,22.56,45.0,30.46,41.0,164.64,7.87,06:24:00,17:48:00
24147,1478107221,11/2/2016 12:00:00 AM,07:20:21,21.99,44.0,30.46,40.0,162.07,6.75,06:24:00,17:48:00
24148,1478106918,11/2/2016 12:00:00 AM,07:15:18,21.44,44.0,30.46,41.0,152.65,5.62,06:24:00,17:48:00
24149,1478106619,11/2/2016 12:00:00 AM,07:10:19,20.7,44.0,30.46,40.0,163.93,6.75,06:24:00,17:48:00
24150,1478106320,11/2/2016 12:00:00 AM,07:05:20,19.91,44.0,30.46,39.0,168.81,4.5,06:24:00,17:48:00
24151,1478106017,11/2/2016 12:00:00 AM,07:00:17,18.95,43.0,30.46,39.0,158.79,6.75,06:24:00,17:48:00
24152,1478105718,11/2/2016 12:00:00 AM,06:55:18,17.86,51.16507236474315,30.46,40.0,191.69,6.75,06:24:00,17:48:00
24153,1478105420,11/2/2016 12:00:00 AM,06:50:20,16.54,42.0,30.45,43.0,173.99,9.0,06:24:00,17:48:00
24154,1478105118,11/2/2016 12:00:00 AM,06:45:18,15.04,42.0,30.45,44.0,188.81,3.37,06:24:00,17:48:00
24155,1478104821,11/2/2016 12:00:00 AM,06:40:21,13.4,42.0,30.45,45.0,156.78,7.87,06:24:00,17:48:00
24156,1478104519,11/2/2016 12:00:00 AM,06:35:19,11.4,42.0,30.45,46.0,177.8,10.12,06:24:00,17:48:00
24157,1478104218,11/2/2016 12:00:00 AM,06:30:18,9.21,42.0,30.45,46.0,167.51,10.12,06:24:00,17:48:00
24158,1478103917,11/2/2016 12:00:00 AM,06:25:17,6.8,42.0,30.45,46.0,182.24,9.0,06:24:00,17:48:00
24159,1478103618,11/2/2016 12:00:00 AM,06:20:18,3.73,42.0,30.45,47.0,163.03,9.0,06:24:00,17:48:00
24160,1478103319,11/2/2016 12:00:00 AM,06:15:19,1.94,43.0,30.45,46.0,152.37,9.0,06:24:00,17:48:00
24161,1478103020,11/2/2016 12:00:00 AM,06:10:20,1.25,43.0,30.44,44.0,160.5,7.87,06:24:00,17:48:00
24162,1478102717,11/2/2016 12:00:00 AM,06:05:17,1.24,43.0,30.44,44.0,171.8,7.87,06:24:00,17:48:00
24163,1478102418,11/2/2016 12:00:00 AM,06:00:18,1.22,43.0,30.44,44.0,167.93,11.25,06:24:00,17:48:00
24164,1478102118,11/2/2016 12:00:00 AM,05:55:18,1.26,43.0,30.44,44.0,133.14,9.0,06:24:00,17:48:00
24165,1478101817,11/2/2016 12:00:00 AM,05:50:17,1.24,42.0,30.43,47.0,174.79,6.75,06:24:00,17:48:00
24166,1478101518,11/2/2016 12:00:00 AM,05:45:18,1.22,42.0,30.43,48.0,185.59,7.87,06:24:00,17:48:00
24167,1478101217,11/2/2016 12:00:00 AM,05:40:17,1.25,42.0,30.43,49.0,167.83,10.12,06:24:00,17:48:00
24168,1478100919,11/2/2016 12:00:00 AM,05:35:19,1.21,42.0,30.43,51.0,167.49,9.0,06:24:00,17:48:00
24169,1478100618,11/2/2016 12:00:00 AM,05:30:18,1.23,41.0,30.43,53.0,186.02,9.0,06:24:00,17:48:00
24170,1478100318,11/2/2016 12:00:00 AM,05:25:18,1.25,41.0,30.43,58.0,177.67,9.0,06:24:00,17:48:00
24171,1478100019,11/2/2016 12:00:00 AM,05:20:19,1.22,41.0,30.43,62.0,184.5,7.87,06:24:00,17:48:00
24172,1478099718,11/2/2016 12:00:00 AM,05:15:18,1.21,41.0,30.43,65.0,195.35,7.87,06:24:00,17:48:00
24173,1478099421,11/2/2016 12:00:00 AM,05:10:21,1.25,40.0,30.43,71.0,176.25,9.0,06:24:00,17:48:00
24174,1478099120,11/2/2016 12:00:00 AM,05:05:20,1.21,40.0,30.43,84.0,170.65,6.75,06:24:00,17:48:00
24175,1478098817,11/2/2016 12:00:00 AM,05:00:17,1.23,40.0,30.43,97.0,151.4,9.0,06:24:00,17:48:00
24176,1478098518,11/2/2016 12:00:00 AM,04:55:18,1.25,41.0,30.44,98.0,152.09,12.37,06:24:00,17:48:00
24177,1478098217,11/2/2016 12:00:00 AM,04:50:17,1.26,41.0,30.43,98.0,171.28,10.12,06:24:00,17:48:00
24178,1478097917,11/2/2016 12:00:00 AM,04:45:17,1.24,41.0,30.44,98.0,153.54,10.12,06:24:00,17:48:00
24179,1478097620,11/2/2016 12:00:00 AM,04:40:20,1.2,41.0,30.44,98.0,167.39,5.62,06:24:00,17:48:00
24180,1478097317,11/2/2016 12:00:00 AM,04:35:17,1.27,41.0,30.44,98.0,140.03,2.25,06:24:00,17:48:00
24181,1478097017,11/2/2016 12:00:00 AM,04:30:17,1.22,41.0,30.44,97.0,149.99,6.75,06:24:00,17:48:00
24182,1478096720,11/2/2016 12:00:00 AM,04:25:20,1.22,41.0,30.44,97.0,124.06,9.0,06:24:00,17:48:00
24183,1478096420,11/2/2016 12:00:00 AM,04:20:20,1.22,41.0,30.44,96.0,150.56,13.5,06:24:00,17:48:00
24184,1478096118,11/2/2016 12:00:00 AM,04:15:18,1.23,41.0,30.44,95.0,141.81,9.0,06:24:00,17:48:00
24185,1478095819,11/2/2016 12:00:00 AM,04:10:19,1.24,41.0,30.44,94.0,171.07,9.0,06:24:00,17:48:00
24186,1478095523,11/2/2016 12:00:00 AM,04:05:23,1.23,41.0,30.44,92.0,162.59,10.12,06:24:00,17:48:00
24187,1478095220,11/2/2016 12:00:00 AM,04:00:20,1.23,41.0,30.43,85.0,175.0,10.12,06:24:00,17:48:00
24188,1478094921,11/2/2016 12:00:00 AM,03:55:21,1.22,41.0,30.44,80.0,127.49,4.5,06:24:00,17:48:00
24189,1478094619,11/2/2016 12:00:00 AM,03:50:19,1.21,41.0,30.44,73.0,173.94,5.62,06:24:00,17:48:00
24190,1478094320,11/2/2016 12:00:00 AM,03:45:20,1.23,42.0,30.44,63.0,155.55,14.62,06:24:00,17:48:00
24191,1478094020,11/2/2016 12:00:00 AM,03:40:20,1.23,42.0,30.44,60.0,140.25,11.25,06:24:00,17:48:00
24192,1478093719,11/2/2016 12:00:00 AM,03:35:19,1.22,42.0,30.44,49.0,165.81,10.12,06:24:00,17:48:00
24193,1478093417,11/2/2016 12:00:00 AM,03:30:17,1.27,42.0,30.44,45.0,131.72,6.75,06:24:00,17:48:00
24194,1478093117,11/2/2016 12:00:00 AM,03:25:17,1.23,42.0,30.44,43.0,154.1,11.25,06:24:00,17:48:00
24195,1478092820,11/2/2016 12:00:00 AM,03:20:20,1.23,42.0,30.44,42.0,175.51,7.87,06:24:00,17:48:00
24196,1478092524,11/2/2016 12:00:00 AM,03:15:24,1.24,42.0,30.44,42.0,159.12,9.0,06:24:00,17:48:00
24197,1478092217,11/2/2016 12:00:00 AM,03:10:17,1.24,42.0,30.44,42.0,178.61,7.87,06:24:00,17:48:00
24198,1478091918,11/2/2016 12:00:00 AM,03:05:18,1.26,42.0,30.44,41.0,168.38,5.62,06:24:00,17:48:00
24199,1478091618,11/2/2016 12:00:00 AM,03:00:18,1.18,42.0,30.44,42.0,187.81,6.75,06:24:00,17:48:00
24200,1478091320,11/2/2016 12:00:00 AM,02:55:20,1.18,42.0,30.44,41.0,166.78,9.0,06:24:00,17:48:00
24201,1478091018,11/2/2016 12:00:00 AM,02:50:18,1.21,43.0,30.44,42.0,158.86,6.75,06:24:00,17:48:00
24202,1478090720,11/2/2016 12:00:00 AM,02:45:20,1.29,43.0,30.44,41.0,156.49,9.0,06:24:00,17:48:00
24203,1478090424,11/2/2016 12:00:00 AM,02:40:24,1.28,42.0,30.44,41.0,178.06,10.12,06:24:00,17:48:00
24204,1478090119,11/2/2016 12:00:00 AM,02:35:19,1.24,42.0,30.44,41.0,176.34,6.75,06:24:00,17:48:00
24205,1478089820,11/2/2016 12:00:00 AM,02:30:20,1.23,43.0,30.44,43.0,169.23,5.62,06:24:00,17:48:00
24206,1478089517,11/2/2016 12:00:00 AM,02:25:17,1.18,42.0,30.44,42.0,154.07,9.0,06:24:00,17:48:00
24207,1478089217,11/2/2016 12:00:00 AM,02:20:17,1.2,42.0,30.44,42.0,185.14,9.0,06:24:00,17:48:00
24208,1478088918,11/2/2016 12:00:00 AM,02:15:18,1.28,43.0,30.44,42.0,176.96,7.87,06:24:00,17:48:00
24209,1478088619,11/2/2016 12:00:00 AM,02:10:19,1.2,43.0,30.45,42.0,169.18,7.87,06:24:00,17:48:00
24210,1478088317,11/2/2016 12:00:00 AM,02:05:17,1.21,43.0,30.45,42.0,162.23,9.0,06:24:00,17:48:00
24211,1478088020,11/2/2016 12:00:00 AM,02:00:20,1.25,43.0,30.45,42.0,152.81,7.87,06:24:00,17:48:00
24212,1478087717,11/2/2016 12:00:00 AM,01:55:17,1.22,43.0,30.45,42.0,181.85,7.87,06:24:00,17:48:00
24213,1478087418,11/2/2016 12:00:00 AM,01:50:18,1.23,43.0,30.45,43.0,170.58,6.75,06:24:00,17:48:00
24214,1478087117,11/2/2016 12:00:00 AM,01:45:17,1.25,43.0,30.45,42.0,182.13,6.75,06:24:00,17:48:00
24215,1478086817,11/2/2016 12:00:00 AM,01:40:17,1.21,43.0,30.45,42.0,171.79,7.87,06:24:00,17:48:00
24216,1478086520,11/2/2016 12:00:00 AM,01:35:20,1.25,43.0,30.45,41.0,141.39,9.0,06:24:00,17:48:00
24217,1478086217,11/2/2016 12:00:00 AM,01:30:17,1.22,43.0,30.45,42.0,150.06,9.0,06:24:00,17:48:00
24218,1478085918,11/2/2016 12:00:00 AM,01:25:18,1.21,43.0,30.46,43.0,189.46,7.87,06:24:00,17:48:00
24219,1478085620,11/2/2016 12:00:00 AM,01:20:20,1.24,43.0,30.46,43.0,186.9,6.75,06:24:00,17:48:00
24220,1478085318,11/2/2016 12:00:00 AM,01:15:18,1.25,43.0,30.46,42.0,169.94,10.12,06:24:00,17:48:00
24221,1478085017,11/2/2016 12:00:00 AM,01:10:17,1.23,43.0,30.46,43.0,192.16,7.87,06:24:00,17:48:00
24222,1478084717,11/2/2016 12:00:00 AM,01:05:17,1.25,43.0,30.46,42.0,165.93,9.0,06:24:00,17:48:00
24223,1478084419,11/2/2016 12:00:00 AM,01:00:19,1.23,43.0,30.47,44.0,181.41,7.87,06:24:00,17:48:00
24224,1478084118,11/2/2016 12:00:00 AM,00:55:18,1.23,43.0,30.47,43.0,170.69,11.25,06:24:00,17:48:00
24225,1478083817,11/2/2016 12:00:00 AM,00:50:17,1.25,43.0,30.47,43.0,158.85,7.87,06:24:00,17:48:00
24226,1478083517,11/2/2016 12:00:00 AM,00:45:17,1.22,43.0,30.47,42.0,163.0,5.62,06:24:00,17:48:00
24227,1478083218,11/2/2016 12:00:00 AM,00:40:18,1.25,43.0,30.47,43.0,182.1,9.0,06:24:00,17:48:00
24228,1478082917,11/2/2016 12:00:00 AM,00:35:17,1.23,43.0,30.47,44.0,160.68,5.62,06:24:00,17:48:00
24229,1478082617,11/2/2016 12:00:00 AM,00:30:17,1.24,43.0,30.47,44.0,170.96,9.0,06:24:00,17:48:00
24230,1478082320,11/2/2016 12:00:00 AM,00:25:20,1.23,44.0,30.47,43.0,181.12,9.0,06:24:00,17:48:00
24231,1478082021,11/2/2016 12:00:00 AM,00:20:21,1.25,44.0,30.47,42.0,168.99,5.62,06:24:00,17:48:00
24232,1478081718,11/2/2016 12:00:00 AM,00:15:18,1.26,44.0,30.48,42.0,164.15,7.87,06:24:00,17:48:00
24233,1478081419,11/2/2016 12:00:00 AM,00:10:19,1.23,44.0,30.48,41.0,158.96,7.87,06:24:00,17:48:00
24234,1478080818,11/2/2016 12:00:00 AM,00:00:18,1.25,44.0,30.48,42.0,178.22,5.62,06:24:00,17:48:00
24235,1478080518,11/1/2016 12:00:00 AM,23:55:18,1.27,44.0,30.48,43.0,164.71,6.75,06:24:00,17:48:00
24236,1478080220,11/1/2016 12:00:00 AM,23:50:20,1.24,44.0,30.48,43.0,185.34,7.87,06:24:00,17:48:00
24237,1478079917,11/1/2016 12:00:00 AM,23:45:17,1.25,44.0,30.48,43.0,179.61,5.62,06:24:00,17:48:00
24238,1478079619,11/1/2016 12:00:00 AM,23:40:19,1.24,45.0,30.48,43.0,191.29,7.87,06:24:00,17:48:00
24239,1478079318,11/1/2016 12:00:00 AM,23:35:18,1.25,45.0,30.49,42.0,174.42,7.87,06:24:00,17:48:00
24240,1478079017,11/1/2016 12:00:00 AM,23:30:17,1.2,45.0,30.49,42.0,182.45,6.75,06:24:00,17:48:00
24241,1478078717,11/1/2016 12:00:00 AM,23:25:17,1.25,45.0,30.49,41.0,159.69,5.62,06:24:00,17:48:00
24242,1478078418,11/1/2016 12:00:00 AM,23:20:18,1.23,45.0,30.49,42.0,151.9,9.0,06:24:00,17:48:00
24243,1478078118,11/1/2016 12:00:00 AM,23:15:18,1.24,45.0,30.49,41.0,171.81,6.75,06:24:00,17:48:00
24244,1478077818,11/1/2016 12:00:00 AM,23:10:18,1.23,44.0,30.49,43.0,170.21,4.5,06:24:00,17:48:00
24245,1478077521,11/1/2016 12:00:00 AM,23:05:21,1.19,44.0,30.49,43.0,148.82,7.87,06:24:00,17:48:00
24246,1478077218,11/1/2016 12:00:00 AM,23:00:18,1.26,44.0,30.49,44.0,156.64,7.87,06:24:00,17:48:00
24247,1478076922,11/1/2016 12:00:00 AM,22:55:22,1.21,44.0,30.49,44.0,184.2,6.75,06:24:00,17:48:00
24248,1478076617,11/1/2016 12:00:00 AM,22:50:17,1.24,44.0,30.49,45.0,187.32,6.75,06:24:00,17:48:00
24249,1478076325,11/1/2016 12:00:00 AM,22:45:25,1.25,44.0,30.49,47.0,187.62,6.75,06:24:00,17:48:00
24250,1478076021,11/1/2016 12:00:00 AM,22:40:21,1.24,44.0,30.49,47.0,166.45,7.87,06:24:00,17:48:00
24251,1478075718,11/1/2016 12:00:00 AM,22:35:18,1.26,44.0,30.49,49.0,187.36,9.0,06:24:00,17:48:00
24252,1478075418,11/1/2016 12:00:00 AM,22:30:18,1.24,44.0,30.49,48.0,188.43,7.87,06:24:00,17:48:00
24253,1478075117,11/1/2016 12:00:00 AM,22:25:17,1.24,44.0,30.49,48.0,178.08,7.87,06:24:00,17:48:00
24254,1478074819,11/1/2016 12:00:00 AM,22:20:19,1.23,44.0,30.49,49.0,145.21,9.0,06:24:00,17:48:00
24255,1478074521,11/1/2016 12:00:00 AM,22:15:21,1.24,44.0,30.49,49.0,177.93,7.87,06:24:00,17:48:00
24256,1478074218,11/1/2016 12:00:00 AM,22:10:18,1.27,44.0,30.49,51.0,160.68,9.0,06:24:00,17:48:00
24257,1478073918,11/1/2016 12:00:00 AM,22:05:18,1.24,44.0,30.49,53.0,185.38,10.12,06:24:00,17:48:00
24258,1478073617,11/1/2016 12:00:00 AM,22:00:17,1.27,44.0,30.49,53.0,162.22,10.12,06:24:00,17:48:00
24259,1478073317,11/1/2016 12:00:00 AM,21:55:17,1.23,44.0,30.49,54.0,151.28,6.75,06:24:00,17:48:00
24260,1478073019,11/1/2016 12:00:00 AM,21:50:19,1.28,44.0,30.49,53.0,171.8,3.37,06:24:00,17:48:00
24261,1478072718,11/1/2016 12:00:00 AM,21:45:18,1.23,44.0,30.49,54.0,164.02,5.62,06:24:00,17:48:00
24262,1478072418,11/1/2016 12:00:00 AM,21:40:18,1.21,44.0,30.49,56.0,151.68,6.75,06:24:00,17:48:00
24263,1478072117,11/1/2016 12:00:00 AM,21:35:17,1.25,44.0,30.49,57.0,162.07,7.87,06:24:00,17:48:00
24264,1478071817,11/1/2016 12:00:00 AM,21:30:17,1.2,44.0,30.49,57.0,155.69,10.12,06:24:00,17:48:00
24265,1478071518,11/1/2016 12:00:00 AM,21:25:18,1.25,44.0,30.49,56.0,149.67,6.75,06:24:00,17:48:00
24266,1478071220,11/1/2016 12:00:00 AM,21:20:20,1.24,44.0,30.49,57.0,157.35,7.87,06:24:00,17:48:00
24267,1478070920,11/1/2016 12:00:00 AM,21:15:20,1.23,45.0,30.49,53.0,144.29,6.75,06:24:00,17:48:00
24268,1478070617,11/1/2016 12:00:00 AM,21:10:17,1.25,45.0,30.49,49.0,187.17,7.87,06:24:00,17:48:00
24269,1478070318,11/1/2016 12:00:00 AM,21:05:18,1.2,45.0,30.49,47.0,134.88,5.62,06:24:00,17:48:00
24270,1478070021,11/1/2016 12:00:00 AM,21:00:21,1.28,45.0,30.49,48.0,168.15,4.5,06:24:00,17:48:00
24271,1478069719,11/1/2016 12:00:00 AM,20:55:19,1.24,45.0,30.49,47.0,164.42,7.87,06:24:00,17:48:00
24272,1478069420,11/1/2016 12:00:00 AM,20:50:20,1.22,45.0,30.49,49.0,149.0,6.75,06:24:00,17:48:00
24273,1478069117,11/1/2016 12:00:00 AM,20:45:17,1.25,45.0,30.49,50.0,151.73,5.62,06:24:00,17:48:00
24274,1478068819,11/1/2016 12:00:00 AM,20:40:19,1.24,45.0,30.48,49.0,128.91,10.12,06:24:00,17:48:00
24275,1478068518,11/1/2016 12:00:00 AM,20:35:18,1.25,51.16507236474315,30.48,47.0,149.32,7.87,06:24:00,17:48:00
24276,1478068218,11/1/2016 12:00:00 AM,20:30:18,1.25,45.0,30.48,48.0,161.12,6.75,06:24:00,17:48:00
24277,1478067920,11/1/2016 12:00:00 AM,20:25:20,1.25,45.0,30.48,49.0,173.46,9.0,06:24:00,17:48:00
24278,1478067617,11/1/2016 12:00:00 AM,20:20:17,1.26,45.0,30.48,49.0,138.07,11.25,06:24:00,17:48:00
24279,1478067318,11/1/2016 12:00:00 AM,20:15:18,1.25,45.0,30.48,49.0,158.55,7.87,06:24:00,17:48:00
24280,1478067018,11/1/2016 12:00:00 AM,20:10:18,1.25,45.0,30.48,49.0,157.98,4.5,06:24:00,17:48:00
24281,1478066717,11/1/2016 12:00:00 AM,20:05:17,1.23,45.0,30.48,50.0,166.67,7.87,06:24:00,17:48:00
24282,1478066426,11/1/2016 12:00:00 AM,20:00:26,1.23,46.0,30.48,50.0,162.47,5.62,06:24:00,17:48:00
24283,1478066118,11/1/2016 12:00:00 AM,19:55:18,1.25,46.0,30.48,49.0,138.52,6.75,06:24:00,17:48:00
24284,1478065822,11/1/2016 12:00:00 AM,19:50:22,1.22,47.0,30.48,47.0,166.12,4.5,06:24:00,17:48:00
24285,1478065520,11/1/2016 12:00:00 AM,19:45:20,1.23,47.0,30.48,46.0,188.05,2.25,06:24:00,17:48:00
24286,1478065218,11/1/2016 12:00:00 AM,19:40:18,1.29,47.0,30.48,44.0,181.36,3.37,06:24:00,17:48:00
24287,1478064920,11/1/2016 12:00:00 AM,19:35:20,1.22,47.0,30.48,43.0,127.55,9.0,06:24:00,17:48:00
24288,1478064620,11/1/2016 12:00:00 AM,19:30:20,1.25,47.0,30.47,43.0,160.52,4.5,06:24:00,17:48:00
24289,1478064318,11/1/2016 12:00:00 AM,19:25:18,1.24,47.0,30.47,44.0,163.61,3.37,06:24:00,17:48:00
24290,1478064019,11/1/2016 12:00:00 AM,19:20:19,1.22,47.0,30.47,45.0,151.13,7.87,06:24:00,17:48:00
24291,1478063717,11/1/2016 12:00:00 AM,19:15:17,1.26,48.0,30.47,47.0,155.15,7.87,06:24:00,17:48:00
24292,1478063418,11/1/2016 12:00:00 AM,19:10:18,1.25,48.0,30.46,45.0,148.44,5.62,06:24:00,17:48:00
24293,1478063119,11/1/2016 12:00:00 AM,19:05:19,1.25,48.0,30.46,44.0,126.08,5.62,06:24:00,17:48:00
24294,1478062817,11/1/2016 12:00:00 AM,19:00:17,1.22,49.0,30.46,45.0,147.7,5.62,06:24:00,17:48:00
24295,1478062517,11/1/2016 12:00:00 AM,18:55:17,1.25,49.0,30.46,44.0,155.66,3.37,06:24:00,17:48:00
24296,1478062218,11/1/2016 12:00:00 AM,18:50:18,1.25,49.0,30.46,42.0,164.63,6.75,06:24:00,17:48:00
24297,1478061917,11/1/2016 12:00:00 AM,18:45:17,1.27,49.0,30.46,40.0,119.56,9.0,06:24:00,17:48:00
24298,1478061618,11/1/2016 12:00:00 AM,18:40:18,1.28,50.0,30.46,39.0,120.66,5.62,06:24:00,17:48:00
24299,1478061317,11/1/2016 12:00:00 AM,18:35:17,1.25,50.0,30.46,39.0,165.44,5.62,06:24:00,17:48:00
24300,1478061017,11/1/2016 12:00:00 AM,18:30:17,1.28,49.0,30.46,41.0,162.55,10.12,06:24:00,17:48:00
24301,1478060718,11/1/2016 12:00:00 AM,18:25:18,1.24,50.0,30.46,42.0,158.86,5.62,06:24:00,17:48:00
24302,1478060419,11/1/2016 12:00:00 AM,18:20:19,1.22,50.0,30.46,41.0,160.6,6.75,06:24:00,17:48:00
24303,1478060117,11/1/2016 12:00:00 AM,18:15:17,1.23,50.0,30.46,42.0,167.99,7.87,06:24:00,17:48:00
24304,1478059823,11/1/2016 12:00:00 AM,18:10:23,1.27,50.0,30.46,41.0,155.06,4.5,06:24:00,17:48:00
24305,1478059518,11/1/2016 12:00:00 AM,18:05:18,1.27,51.0,30.46,42.0,122.72,4.5,06:24:00,17:48:00
24306,1478059218,11/1/2016 12:00:00 AM,18:00:18,1.77,51.0,30.45,42.0,158.93,4.5,06:24:00,17:48:00
24307,1478058917,11/1/2016 12:00:00 AM,17:55:17,4.82,52.0,30.45,40.0,158.45,4.5,06:24:00,17:48:00
24308,1478058617,11/1/2016 12:00:00 AM,17:50:17,8.03,52.0,30.45,39.0,172.25,3.37,06:24:00,17:48:00
24309,1478058318,11/1/2016 12:00:00 AM,17:45:18,10.1,53.0,30.45,38.0,136.73,2.25,06:24:00,17:48:00
24310,1478058018,11/1/2016 12:00:00 AM,17:40:18,13.17,53.0,30.46,38.0,118.24,4.5,06:24:00,17:48:00
24311,1478057718,11/1/2016 12:00:00 AM,17:35:18,18.27,54.0,30.46,39.0,116.67,4.5,06:24:00,17:48:00
24312,1478057420,11/1/2016 12:00:00 AM,17:30:20,35.18,54.0,30.46,39.0,97.94,0.0,06:24:00,17:48:00
24313,1478057117,11/1/2016 12:00:00 AM,17:25:17,49.65,55.0,30.45,38.0,131.45,4.5,06:24:00,17:48:00
24314,1478056821,11/1/2016 12:00:00 AM,17:20:21,84.55,55.0,30.45,38.0,128.87,3.37,06:24:00,17:48:00
24315,1478056521,11/1/2016 12:00:00 AM,17:15:21,86.76,54.0,30.45,37.0,159.16,5.62,06:24:00,17:48:00
24316,1478056217,11/1/2016 12:00:00 AM,17:10:17,124.48,54.0,30.45,37.0,95.64,2.25,06:24:00,17:48:00
24317,1478055917,11/1/2016 12:00:00 AM,17:05:17,159.66,53.0,30.45,45.0,150.55,4.5,06:24:00,17:48:00
24318,1478055617,11/1/2016 12:00:00 AM,17:00:17,168.94,53.0,30.45,68.0,77.02,5.62,06:24:00,17:48:00
24319,1478055318,11/1/2016 12:00:00 AM,16:55:18,76.84,53.0,30.45,68.0,95.16,5.62,06:24:00,17:48:00
24320,1478055018,11/1/2016 12:00:00 AM,16:50:18,100.99,54.0,30.45,60.0,58.5,3.37,06:24:00,17:48:00
24321,1478054717,11/1/2016 12:00:00 AM,16:45:17,118.2,54.0,30.44,61.0,72.46,5.62,06:24:00,17:48:00
24322,1478054420,11/1/2016 12:00:00 AM,16:40:20,148.48,54.0,30.44,62.0,78.83,3.37,06:24:00,17:48:00
24323,1478054118,11/1/2016 12:00:00 AM,16:35:18,423.74,54.0,30.423028000868246,58.0,84.36,3.37,06:24:00,17:48:00
24324,1478053819,11/1/2016 12:00:00 AM,16:30:19,206.75,55.0,30.44,61.0,87.05,2.25,06:24:00,17:48:00
24325,1478053520,11/1/2016 12:00:00 AM,16:25:20,151.81,55.0,30.44,57.0,8.85,2.25,06:24:00,17:48:00
24326,1478053218,11/1/2016 12:00:00 AM,16:20:18,155.78,56.0,30.44,51.0,31.96,2.25,06:24:00,17:48:00
24327,1478052918,11/1/2016 12:00:00 AM,16:15:18,133.57,56.0,30.44,50.0,148.86,7.87,06:24:00,17:48:00
24328,1478052617,11/1/2016 12:00:00 AM,16:10:17,131.41,56.0,30.44,47.0,135.67,4.5,06:24:00,17:48:00
24329,1478052317,11/1/2016 12:00:00 AM,16:05:17,142.56,57.0,30.44,54.0,89.49,5.62,06:24:00,17:48:00
24330,1478052020,11/1/2016 12:00:00 AM,16:00:20,467.34,57.0,30.44,51.0,17.65,4.5,06:24:00,17:48:00
24331,1478051718,11/1/2016 12:00:00 AM,15:55:18,484.87,57.0,30.44,48.0,89.92,4.5,06:24:00,17:48:00
24332,1478051419,11/1/2016 12:00:00 AM,15:50:19,539.66,57.0,30.44,41.0,103.72,7.87,06:24:00,17:48:00
24333,1478051117,11/1/2016 12:00:00 AM,15:45:17,380.04,57.0,30.44,43.0,143.88,3.37,06:24:00,17:48:00
24334,1478050818,11/1/2016 12:00:00 AM,15:40:18,480.6,57.0,30.44,43.0,3.04,0.0,06:24:00,17:48:00
24335,1478050518,11/1/2016 12:00:00 AM,15:35:18,587.05,57.0,30.44,49.0,176.09,2.25,06:24:00,17:48:00
24336,1478050218,11/1/2016 12:00:00 AM,15:30:18,402.35,58.0,30.44,51.0,39.62,3.37,06:24:00,17:48:00
24337,1478049917,11/1/2016 12:00:00 AM,15:25:17,591.04,58.0,30.44,42.0,14.26,6.75,06:24:00,17:48:00
24338,1478049617,11/1/2016 12:00:00 AM,15:20:17,584.49,58.0,30.44,39.0,53.05,3.37,06:24:00,17:48:00
24339,1478049318,11/1/2016 12:00:00 AM,15:15:18,600.28,58.0,30.44,38.0,30.34,5.62,06:24:00,17:48:00
24340,1478049019,11/1/2016 12:00:00 AM,15:10:19,620.35,58.0,30.44,38.0,55.8,12.37,06:24:00,17:48:00
24341,1478048717,11/1/2016 12:00:00 AM,15:05:17,638.61,58.0,30.44,41.0,14.12,4.5,06:24:00,17:48:00
24342,1478048418,11/1/2016 12:00:00 AM,15:00:18,676.95,58.0,30.44,39.0,98.33,7.87,06:24:00,17:48:00
24343,1478048118,11/1/2016 12:00:00 AM,14:55:18,717.29,58.0,30.44,45.0,83.12,2.25,06:24:00,17:48:00
24344,1478047817,11/1/2016 12:00:00 AM,14:50:17,785.8,57.0,30.44,44.0,348.09,2.25,06:24:00,17:48:00
24345,1478047517,11/1/2016 12:00:00 AM,14:45:17,235.77,57.0,30.44,44.0,40.39,4.5,06:24:00,17:48:00
24346,1478047218,11/1/2016 12:00:00 AM,14:40:18,590.16,57.0,30.44,45.0,93.3,6.75,06:24:00,17:48:00
24347,1478046920,11/1/2016 12:00:00 AM,14:35:20,311.43,57.0,30.44,41.0,54.71,9.0,06:24:00,17:48:00
24348,1478046620,11/1/2016 12:00:00 AM,14:30:20,228.02,58.0,30.45,43.0,113.24,4.5,06:24:00,17:48:00
24349,1478046318,11/1/2016 12:00:00 AM,14:25:18,824.28,58.0,30.45,39.0,85.87,6.75,06:24:00,17:48:00
24350,1478046020,11/1/2016 12:00:00 AM,14:20:20,847.57,58.0,30.45,39.0,53.57,5.62,06:24:00,17:48:00
24351,1478045720,11/1/2016 12:00:00 AM,14:15:20,953.29,57.0,30.44,36.0,71.48,9.0,06:24:00,17:48:00
24352,1478045418,11/1/2016 12:00:00 AM,14:10:18,451.73,57.0,30.44,39.0,15.74,9.0,06:24:00,17:48:00
24353,1478045121,11/1/2016 12:00:00 AM,14:05:21,618.3,57.0,30.44,37.0,72.68,12.37,06:24:00,17:48:00
24354,1478044818,11/1/2016 12:00:00 AM,14:00:18,324.53,58.0,30.44,41.0,55.48,10.12,06:24:00,17:48:00
24355,1478044521,11/1/2016 12:00:00 AM,13:55:21,348.04,58.0,30.44,40.0,68.31,7.87,06:24:00,17:48:00
24356,1478044218,11/1/2016 12:00:00 AM,13:50:18,378.76,58.0,30.44,36.0,60.64,3.37,06:24:00,17:48:00
24357,1478043921,11/1/2016 12:00:00 AM,13:45:21,368.1,59.0,30.45,38.0,115.6,12.37,06:24:00,17:48:00
24358,1478043620,11/1/2016 12:00:00 AM,13:40:20,317.2,59.0,30.45,38.0,88.4,3.37,06:24:00,17:48:00
24359,1478043318,11/1/2016 12:00:00 AM,13:35:18,795.55,59.0,30.45,36.0,100.15,11.25,06:24:00,17:48:00
24360,1478043017,11/1/2016 12:00:00 AM,13:30:17,405.86,59.0,30.45,38.0,171.42,7.87,06:24:00,17:48:00
24361,1478042721,11/1/2016 12:00:00 AM,13:25:21,333.21,58.0,30.46,36.0,139.26,7.87,06:24:00,17:48:00
24362,1478042418,11/1/2016 12:00:00 AM,13:20:18,458.26,58.0,30.45,43.0,74.7,5.62,06:24:00,17:48:00
24363,1478042118,11/1/2016 12:00:00 AM,13:15:18,1127.96,57.0,30.45,45.0,120.89,6.75,06:24:00,17:48:00
24364,1478041818,11/1/2016 12:00:00 AM,13:10:18,434.2,57.0,30.46,44.0,50.18,3.37,06:24:00,17:48:00
24365,1478041523,11/1/2016 12:00:00 AM,13:05:23,485.56,58.0,30.46,42.0,77.79,5.62,06:24:00,17:48:00
24366,1478041220,11/1/2016 12:00:00 AM,13:00:20,357.36,59.0,30.46,38.0,22.97,6.75,06:24:00,17:48:00
24367,1478040918,11/1/2016 12:00:00 AM,12:55:18,366.9,59.0,30.47,39.0,80.13,2.25,06:24:00,17:48:00
24368,1478040621,11/1/2016 12:00:00 AM,12:50:21,422.8,59.0,30.47,40.0,147.86,5.62,06:24:00,17:48:00
24369,1478040318,11/1/2016 12:00:00 AM,12:45:18,1038.7,59.0,30.47,38.0,144.7,4.5,06:24:00,17:48:00
24370,1478040018,11/1/2016 12:00:00 AM,12:40:18,1063.98,59.0,30.47,38.0,105.92,6.75,06:24:00,17:48:00
24371,1478039718,11/1/2016 12:00:00 AM,12:35:18,1052.08,59.0,30.47,41.0,133.18,1.12,06:24:00,17:48:00
24372,1478039423,11/1/2016 12:00:00 AM,12:30:23,624.13,58.0,30.47,44.0,74.13,3.37,06:24:00,17:48:00
24373,1478039117,11/1/2016 12:00:00 AM,12:25:17,475.6,58.0,30.47,46.0,45.36,3.37,06:24:00,17:48:00
24374,1478038818,11/1/2016 12:00:00 AM,12:20:18,1179.95,57.0,30.47,44.0,102.46,4.5,06:24:00,17:48:00
24375,1478038517,11/1/2016 12:00:00 AM,12:15:17,731.83,57.0,30.48,45.0,33.72,7.87,06:24:00,17:48:00
24376,1478038217,11/1/2016 12:00:00 AM,12:10:17,840.19,57.0,30.47,47.0,60.9,7.87,06:24:00,17:48:00
24377,1478037918,11/1/2016 12:00:00 AM,12:05:18,930.48,57.0,30.47,50.0,84.77,5.62,06:24:00,17:48:00
24378,1478037617,11/1/2016 12:00:00 AM,12:00:17,475.63,57.0,30.48,48.0,0.79,4.5,06:24:00,17:48:00
24379,1478037317,11/1/2016 12:00:00 AM,11:55:17,747.42,57.0,30.48,47.0,88.23,5.62,06:24:00,17:48:00
24380,1478037017,11/1/2016 12:00:00 AM,11:50:17,405.15,57.0,30.48,49.0,16.79,1.12,06:24:00,17:48:00
24381,1478036718,11/1/2016 12:00:00 AM,11:45:18,636.29,58.0,30.48,45.0,41.24,5.62,06:24:00,17:48:00
24382,1478036421,11/1/2016 12:00:00 AM,11:40:21,610.59,58.0,30.48,44.0,147.75,2.25,06:24:00,17:48:00
24383,1478036117,11/1/2016 12:00:00 AM,11:35:17,581.09,58.0,30.49,40.0,4.31,1.12,06:24:00,17:48:00
24384,1478035821,11/1/2016 12:00:00 AM,11:30:21,831.49,58.0,30.48,38.0,51.14,6.75,06:24:00,17:48:00
24385,1478035521,11/1/2016 12:00:00 AM,11:25:21,1069.03,58.0,30.48,40.0,78.32,5.62,06:24:00,17:48:00
24386,1478035220,11/1/2016 12:00:00 AM,11:20:20,515.37,57.0,30.48,41.0,44.95,5.62,06:24:00,17:48:00
24387,1478034918,11/1/2016 12:00:00 AM,11:15:18,431.56,57.0,30.48,41.0,81.6,10.12,06:24:00,17:48:00
24388,1478034618,11/1/2016 12:00:00 AM,11:10:18,662.2,57.0,30.49,38.0,103.58,2.25,06:24:00,17:48:00
24389,1478034320,11/1/2016 12:00:00 AM,11:05:20,607.96,57.0,30.49,39.0,100.97,3.37,06:24:00,17:48:00
24390,1478034017,11/1/2016 12:00:00 AM,11:00:17,501.28,58.0,30.49,40.0,29.72,4.5,06:24:00,17:48:00
24391,1478033718,11/1/2016 12:00:00 AM,10:55:18,378.91,59.0,30.49,34.0,68.8,7.87,06:24:00,17:48:00
24392,1478033419,11/1/2016 12:00:00 AM,10:50:19,618.34,59.0,30.5,32.0,72.5,2.25,06:24:00,17:48:00
24393,1478033120,11/1/2016 12:00:00 AM,10:45:20,1031.52,59.0,30.5,38.0,94.33,6.75,06:24:00,17:48:00
24394,1478032817,11/1/2016 12:00:00 AM,10:40:17,685.21,58.0,30.5,36.0,126.94,10.12,06:24:00,17:48:00
24395,1478032518,11/1/2016 12:00:00 AM,10:35:18,640.66,58.0,30.5,33.0,122.34,7.87,06:24:00,17:48:00
24396,1478032218,11/1/2016 12:00:00 AM,10:30:18,846.4,58.0,30.5,33.0,145.09,3.37,06:24:00,17:48:00
24397,1478031917,11/1/2016 12:00:00 AM,10:25:17,970.81,58.0,30.5,31.0,73.18,6.75,06:24:00,17:48:00
24398,1478031621,11/1/2016 12:00:00 AM,10:20:21,648.48,58.0,30.5,32.0,41.01,1.12,06:24:00,17:48:00
24399,1478031318,11/1/2016 12:00:00 AM,10:15:18,279.67,58.0,30.5,74.83719267708949,119.88,7.87,06:24:00,17:48:00
24400,1478031018,11/1/2016 12:00:00 AM,10:10:18,927.38,57.0,30.5,33.0,113.32,4.5,06:24:00,17:48:00
24401,1478030720,11/1/2016 12:00:00 AM,10:05:20,416.43,57.0,30.5,34.0,152.18,5.62,06:24:00,17:48:00
24402,1478030420,11/1/2016 12:00:00 AM,10:00:20,616.69,57.0,30.5,35.0,67.41,7.87,06:24:00,17:48:00
24403,1478030118,11/1/2016 12:00:00 AM,09:55:18,420.23,57.0,30.5,32.0,90.07,3.37,06:24:00,17:48:00
24404,1478029818,11/1/2016 12:00:00 AM,09:50:18,510.29,57.0,30.5,35.0,143.54770303349548,4.5,06:24:00,17:48:00
24405,1478029517,11/1/2016 12:00:00 AM,09:45:17,603.87,57.0,30.5,35.0,133.85,3.37,06:24:00,17:48:00
24406,1478029217,11/1/2016 12:00:00 AM,09:40:17,556.07,57.0,30.51,33.0,35.25,14.62,06:24:00,17:48:00
24407,1478028933,11/1/2016 12:00:00 AM,09:35:33,621.5,56.0,30.51,33.0,46.24,1.12,06:24:00,17:48:00
24408,1478028619,11/1/2016 12:00:00 AM,09:30:19,678.15,56.0,30.5,32.0,81.78,4.5,06:24:00,17:48:00
24409,1478028320,11/1/2016 12:00:00 AM,09:25:20,324.77,56.0,30.5,34.0,135.18,3.37,06:24:00,17:48:00
24410,1478028017,11/1/2016 12:00:00 AM,09:20:17,284.89,56.0,30.5,35.0,53.18,0.0,06:24:00,17:48:00
24411,1478027718,11/1/2016 12:00:00 AM,09:15:18,243.45,57.0,30.5,34.0,41.53,2.25,06:24:00,17:48:00
24412,1478027419,11/1/2016 12:00:00 AM,09:10:19,328.76,57.0,30.5,33.0,67.07,2.25,06:24:00,17:48:00
24413,1478027117,11/1/2016 12:00:00 AM,09:05:17,328.19,58.0,30.5,32.0,105.59,9.0,06:24:00,17:48:00
24414,1478026820,11/1/2016 12:00:00 AM,09:00:20,435.71,58.0,30.5,33.0,129.78,10.12,06:24:00,17:48:00
24415,1478026517,11/1/2016 12:00:00 AM,08:55:17,379.59,57.0,30.5,33.0,147.6,5.62,06:24:00,17:48:00
24416,1478026221,11/1/2016 12:00:00 AM,08:50:21,828.53,56.0,30.5,35.0,121.8,4.5,06:24:00,17:48:00
24417,1478025918,11/1/2016 12:00:00 AM,08:45:18,663.83,55.0,30.49,34.0,124.82,6.75,06:24:00,17:48:00
24418,1478025617,11/1/2016 12:00:00 AM,08:40:17,439.01,53.0,30.49,40.0,133.48,2.25,06:24:00,17:48:00
24419,1478025318,11/1/2016 12:00:00 AM,08:35:18,639.34,51.0,30.49,42.0,127.1,7.87,06:24:00,17:48:00
24420,1478025018,11/1/2016 12:00:00 AM,08:30:18,480.22,50.0,30.49,48.0,128.46,3.37,06:24:00,17:48:00
24421,1478024718,11/1/2016 12:00:00 AM,08:25:18,401.66,49.0,30.49,52.0,168.63,4.5,06:24:00,17:48:00
24422,1478024420,11/1/2016 12:00:00 AM,08:20:20,179.71,48.0,30.49,51.0,136.62,4.5,06:24:00,17:48:00
24423,1478024118,11/1/2016 12:00:00 AM,08:15:18,370.75,48.0,30.49,74.83719267708949,171.14,5.62,06:24:00,17:48:00
24424,1478023818,11/1/2016 12:00:00 AM,08:10:18,117.64,48.0,30.49,52.0,173.9,6.75,06:24:00,17:48:00
24425,1478023520,11/1/2016 12:00:00 AM,08:05:20,107.57,47.0,30.49,53.0,152.73,4.5,06:24:00,17:48:00
24426,1478023218,11/1/2016 12:00:00 AM,08:00:18,93.98,47.0,30.48,54.0,180.44,5.62,06:24:00,17:48:00
24427,1478022918,11/1/2016 12:00:00 AM,07:55:18,86.82,47.0,30.48,55.0,159.94,6.75,06:24:00,17:48:00
24428,1478022618,11/1/2016 12:00:00 AM,07:50:18,110.32,47.0,30.48,53.0,177.6,5.62,06:24:00,17:48:00
24429,1478022320,11/1/2016 12:00:00 AM,07:45:20,124.21,46.0,30.48,54.0,187.79,7.87,06:24:00,17:48:00
24430,1478022020,11/1/2016 12:00:00 AM,07:40:20,113.03,46.0,30.48,56.0,157.03,9.0,06:24:00,17:48:00
24431,1478021718,11/1/2016 12:00:00 AM,07:35:18,126.49,46.0,30.48,57.0,175.36,5.62,06:24:00,17:48:00
24432,1478021421,11/1/2016 12:00:00 AM,07:30:21,98.34,45.0,30.48,57.0,179.41,6.75,06:24:00,17:48:00
24433,1478021117,11/1/2016 12:00:00 AM,07:25:17,78.92,45.0,30.48,59.0,143.83,10.12,06:24:00,17:48:00
24434,1478020817,11/1/2016 12:00:00 AM,07:20:17,75.4,45.0,30.48,59.0,174.42,6.75,06:24:00,17:48:00
24435,1478020520,11/1/2016 12:00:00 AM,07:15:20,66.53,45.0,30.48,60.0,176.59,5.62,06:24:00,17:48:00
24436,1478020218,11/1/2016 12:00:00 AM,07:10:18,47.94,45.0,30.48,59.0,173.36,5.62,06:24:00,17:48:00
24437,1478019918,11/1/2016 12:00:00 AM,07:05:18,37.09,45.0,30.47,60.0,143.54770303349548,4.5,06:24:00,17:48:00
24438,1478019617,11/1/2016 12:00:00 AM,07:00:17,31.09,46.0,30.47,59.0,145.19,9.0,06:24:00,17:48:00
24439,1478019320,11/1/2016 12:00:00 AM,06:55:20,28.41,46.0,30.47,58.0,154.58,7.87,06:24:00,17:48:00
24440,1478019021,11/1/2016 12:00:00 AM,06:50:21,19.93,46.0,30.47,57.0,150.76,7.87,06:24:00,17:48:00
24441,1478018718,11/1/2016 12:00:00 AM,06:45:18,16.98,46.0,30.47,57.0,149.25,10.12,06:24:00,17:48:00
24442,1478018420,11/1/2016 12:00:00 AM,06:40:20,11.16,46.0,30.47,57.0,170.21,10.12,06:24:00,17:48:00
24443,1478018117,11/1/2016 12:00:00 AM,06:35:17,6.98,45.0,30.47,56.0,166.25,3.37,06:24:00,17:48:00
24444,1478017818,11/1/2016 12:00:00 AM,06:30:18,5.05,45.0,30.47,58.0,186.97,4.5,06:24:00,17:48:00
24445,1478017518,11/1/2016 12:00:00 AM,06:25:18,3.06,45.0,30.46,60.0,162.88,6.75,06:24:00,17:48:00
24446,1478017217,11/1/2016 12:00:00 AM,06:20:17,2.19,44.0,30.46,62.0,176.86,10.12,06:24:00,17:48:00
24447,1478016920,11/1/2016 12:00:00 AM,06:15:20,1.5,44.0,30.46,62.0,154.68,9.0,06:24:00,17:48:00
24448,1478016620,11/1/2016 12:00:00 AM,06:10:20,1.25,44.0,30.46,64.0,164.33,7.87,06:24:00,17:48:00
24449,1478016318,11/1/2016 12:00:00 AM,06:05:18,1.26,44.0,30.46,62.0,176.11,4.5,06:24:00,17:48:00
24450,1478016017,11/1/2016 12:00:00 AM,06:00:17,1.26,44.0,30.46,61.0,169.21,7.87,06:24:00,17:48:00
24451,1478015717,11/1/2016 12:00:00 AM,05:55:17,1.24,45.0,30.423028000868246,61.0,158.34,5.62,06:24:00,17:48:00
24452,1478015420,11/1/2016 12:00:00 AM,05:50:20,1.24,45.0,30.45,59.0,163.29,5.62,06:24:00,17:48:00
24453,1478015118,11/1/2016 12:00:00 AM,05:45:18,1.22,44.0,30.45,60.0,164.28,5.62,06:24:00,17:48:00
24454,1478014818,11/1/2016 12:00:00 AM,05:40:18,1.25,44.0,30.45,62.0,158.4,4.5,06:24:00,17:48:00
24455,1478014521,11/1/2016 12:00:00 AM,05:35:21,1.26,44.0,30.45,64.0,188.43,6.75,06:24:00,17:48:00
24456,1478014218,11/1/2016 12:00:00 AM,05:30:18,1.26,44.0,30.45,64.0,185.09,4.5,06:24:00,17:48:00
24457,1478013919,11/1/2016 12:00:00 AM,05:25:19,1.21,44.0,30.45,66.0,160.35,5.62,06:24:00,17:48:00
24458,1478013617,11/1/2016 12:00:00 AM,05:20:17,1.24,44.0,30.45,66.0,184.58,6.75,06:24:00,17:48:00
24459,1478013320,11/1/2016 12:00:00 AM,05:15:20,1.28,45.0,30.46,65.0,141.19,6.75,06:24:00,17:48:00
24460,1478013018,11/1/2016 12:00:00 AM,05:10:18,1.28,45.0,30.46,64.0,148.84,9.0,06:24:00,17:48:00
24461,1478012718,11/1/2016 12:00:00 AM,05:05:18,1.25,45.0,30.46,62.0,160.04,6.75,06:24:00,17:48:00
24462,1478012418,11/1/2016 12:00:00 AM,05:00:18,1.26,45.0,30.46,62.0,167.99,4.5,06:24:00,17:48:00
24463,1478012117,11/1/2016 12:00:00 AM,04:55:17,1.27,45.0,30.46,62.0,157.42,6.75,06:24:00,17:48:00
24464,1478011817,11/1/2016 12:00:00 AM,04:50:17,1.26,45.0,30.45,64.0,177.56,6.75,06:24:00,17:48:00
24465,1478011520,11/1/2016 12:00:00 AM,04:45:20,1.26,45.0,30.45,64.0,166.97,9.0,06:24:00,17:48:00
24466,1478011220,11/1/2016 12:00:00 AM,04:40:20,1.3,45.0,30.45,65.0,172.55,6.75,06:24:00,17:48:00
24467,1478010920,11/1/2016 12:00:00 AM,04:35:20,1.27,45.0,30.45,69.0,149.82,6.75,06:24:00,17:48:00
24468,1478010620,11/1/2016 12:00:00 AM,04:30:20,1.24,45.0,30.45,72.0,183.89,6.75,06:24:00,17:48:00
24469,1478010318,11/1/2016 12:00:00 AM,04:25:18,1.27,45.0,30.45,73.0,171.63,3.37,06:24:00,17:48:00
24470,1478010017,11/1/2016 12:00:00 AM,04:20:17,1.26,46.0,30.45,75.0,175.58,7.87,06:24:00,17:48:00
24471,1478009720,11/1/2016 12:00:00 AM,04:15:20,1.25,46.0,30.45,74.0,159.76,9.0,06:24:00,17:48:00
24472,1478009420,11/1/2016 12:00:00 AM,04:10:20,1.27,46.0,30.45,75.0,153.36,6.75,06:24:00,17:48:00
24473,1478009118,11/1/2016 12:00:00 AM,04:05:18,1.26,46.0,30.45,80.0,145.59,4.5,06:24:00,17:48:00
24474,1478008818,11/1/2016 12:00:00 AM,04:00:18,1.26,45.0,30.45,83.0,153.62,1.12,06:24:00,17:48:00
24475,1478008520,11/1/2016 12:00:00 AM,03:55:20,1.26,45.0,30.45,87.0,149.07,2.25,06:24:00,17:48:00
24476,1478008220,11/1/2016 12:00:00 AM,03:50:20,1.21,45.0,30.45,88.0,152.89,5.62,06:24:00,17:48:00
24477,1478007917,11/1/2016 12:00:00 AM,03:45:17,1.28,45.0,30.45,88.0,173.0,6.75,06:24:00,17:48:00
24478,1478007618,11/1/2016 12:00:00 AM,03:40:18,1.25,45.0,30.44,90.0,162.2,10.12,06:24:00,17:48:00
24479,1478007320,11/1/2016 12:00:00 AM,03:35:20,1.26,45.0,30.44,94.0,164.54,5.62,06:24:00,17:48:00
24480,1478007017,11/1/2016 12:00:00 AM,03:30:17,1.29,44.0,30.44,94.0,170.71,9.0,06:24:00,17:48:00
24481,1478006718,11/1/2016 12:00:00 AM,03:25:18,1.22,44.0,30.44,95.0,157.78,9.0,06:24:00,17:48:00
24482,1478006417,11/1/2016 12:00:00 AM,03:20:17,1.23,44.0,30.45,91.0,141.42,12.37,06:24:00,17:48:00
24483,1478006124,11/1/2016 12:00:00 AM,03:15:24,1.25,44.0,30.45,86.0,175.4,9.0,06:24:00,17:48:00
24484,1478005818,11/1/2016 12:00:00 AM,03:10:18,1.23,44.0,30.45,90.0,82.25,2.25,06:24:00,17:48:00
24485,1478005517,11/1/2016 12:00:00 AM,03:05:17,1.23,44.0,30.45,92.0,164.45,5.62,06:24:00,17:48:00
24486,1478005217,11/1/2016 12:00:00 AM,03:00:17,1.28,44.0,30.45,91.0,144.13,5.62,06:24:00,17:48:00
24487,1478004918,11/1/2016 12:00:00 AM,02:55:18,1.24,44.0,30.45,85.0,184.86,5.62,06:24:00,17:48:00
24488,1478004620,11/1/2016 12:00:00 AM,02:50:20,1.28,44.0,30.45,81.0,142.98,5.62,06:24:00,17:48:00
24489,1478004318,11/1/2016 12:00:00 AM,02:45:18,1.26,44.0,30.45,82.0,160.0,6.75,06:24:00,17:48:00
24490,1478004017,11/1/2016 12:00:00 AM,02:40:17,1.26,44.0,30.45,77.0,133.68,2.25,06:24:00,17:48:00
24491,1478003717,11/1/2016 12:00:00 AM,02:35:17,1.24,44.0,30.45,76.0,140.15,9.0,06:24:00,17:48:00
24492,1478003418,11/1/2016 12:00:00 AM,02:30:18,1.25,44.0,30.45,69.0,143.12,7.87,06:24:00,17:48:00
24493,1478003120,11/1/2016 12:00:00 AM,02:25:20,1.24,44.0,30.45,67.0,174.76,7.87,06:24:00,17:48:00
24494,1478002817,11/1/2016 12:00:00 AM,02:20:17,1.24,44.0,30.45,67.0,150.2,6.75,06:24:00,17:48:00
24495,1478002517,11/1/2016 12:00:00 AM,02:15:17,1.25,45.0,30.45,66.0,166.22,6.75,06:24:00,17:48:00
24496,1478002218,11/1/2016 12:00:00 AM,02:10:18,1.24,45.0,30.46,64.0,145.44,9.0,06:24:00,17:48:00
24497,1478001919,11/1/2016 12:00:00 AM,02:05:19,1.24,45.0,30.46,61.0,155.52,5.62,06:24:00,17:48:00
24498,1478001620,11/1/2016 12:00:00 AM,02:00:20,1.27,45.0,30.46,58.0,145.51,1.12,06:24:00,17:48:00
24499,1478001323,11/1/2016 12:00:00 AM,01:55:23,1.28,45.0,30.46,57.0,152.09,2.25,06:24:00,17:48:00
24500,1478001018,11/1/2016 12:00:00 AM,01:50:18,1.27,45.0,30.45,59.0,157.0,7.87,06:24:00,17:48:00
24501,1478000718,11/1/2016 12:00:00 AM,01:45:18,1.28,46.0,30.45,59.0,156.96,4.5,06:24:00,17:48:00
24502,1478000420,11/1/2016 12:00:00 AM,01:40:20,1.25,46.0,30.45,58.0,147.9,5.62,06:24:00,17:48:00
24503,1478000117,11/1/2016 12:00:00 AM,01:35:17,1.26,46.0,30.45,58.0,85.42,7.87,06:24:00,17:48:00
24504,1477999819,11/1/2016 12:00:00 AM,01:30:19,1.26,46.0,30.46,57.0,162.1,3.37,06:24:00,17:48:00
24505,1477999518,11/1/2016 12:00:00 AM,01:25:18,1.22,47.0,30.46,56.0,157.72,3.37,06:24:00,17:48:00
24506,1477999223,11/1/2016 12:00:00 AM,01:20:23,1.26,47.0,30.46,52.0,128.16,7.87,06:24:00,17:48:00
24507,1477998918,11/1/2016 12:00:00 AM,01:15:18,1.27,48.0,30.46,49.0,91.62,5.62,06:24:00,17:48:00
24508,1477998618,11/1/2016 12:00:00 AM,01:10:18,1.28,48.0,30.46,49.0,177.68,9.0,06:24:00,17:48:00
24509,1477998317,11/1/2016 12:00:00 AM,01:05:17,1.27,47.0,30.46,47.0,128.81,5.62,06:24:00,17:48:00
24510,1477998020,11/1/2016 12:00:00 AM,01:00:20,1.28,46.0,30.47,53.0,113.18,4.5,06:24:00,17:48:00
24511,1477997718,11/1/2016 12:00:00 AM,00:55:18,1.23,46.0,30.47,54.0,186.38,5.62,06:24:00,17:48:00
24512,1477997422,11/1/2016 12:00:00 AM,00:50:22,1.26,46.0,30.47,56.0,188.55,6.75,06:24:00,17:48:00
24513,1477997117,11/1/2016 12:00:00 AM,00:45:17,1.25,46.0,30.47,50.0,108.52,5.62,06:24:00,17:48:00
24514,1477996817,11/1/2016 12:00:00 AM,00:40:17,1.23,46.0,30.47,57.0,172.21,6.75,06:24:00,17:48:00
24515,1477996517,11/1/2016 12:00:00 AM,00:35:17,1.29,46.0,30.47,60.0,171.84,7.87,06:24:00,17:48:00
24516,1477996217,11/1/2016 12:00:00 AM,00:30:17,1.29,47.0,30.47,58.0,171.69,6.75,06:24:00,17:48:00
24517,1477995918,11/1/2016 12:00:00 AM,00:25:18,1.26,47.0,30.47,52.0,154.28,5.62,06:24:00,17:48:00
24518,1477995619,11/1/2016 12:00:00 AM,00:20:19,1.31,47.0,30.48,56.0,151.32,4.5,06:24:00,17:48:00
24519,1477995320,11/1/2016 12:00:00 AM,00:15:20,1.3,47.0,30.48,54.0,161.9,3.37,06:24:00,17:48:00
24520,1477995018,11/1/2016 12:00:00 AM,00:10:18,1.31,47.0,30.48,55.0,140.94,5.62,06:24:00,17:48:00
24521,1477994419,11/1/2016 12:00:00 AM,00:00:19,1.26,47.0,30.48,55.0,120.18,3.37,06:24:00,17:48:00
24522,1483264501,12/31/2016 12:00:00 AM,23:55:01,1.21,41.0,30.34,81.0,215.56,9.0,06:57:00,17:54:00
24523,1483264203,12/31/2016 12:00:00 AM,23:50:03,1.19,41.0,30.34,80.0,215.23,7.87,06:57:00,17:54:00
24524,1483263904,12/31/2016 12:00:00 AM,23:45:04,1.21,42.0,30.34,81.0,218.28,7.87,06:57:00,17:54:00
24525,1483263601,12/31/2016 12:00:00 AM,23:40:01,1.21,41.0,30.34,82.0,236.79,5.62,06:57:00,17:54:00
24526,1483263302,12/31/2016 12:00:00 AM,23:35:02,1.22,41.0,30.34,83.0,238.94,6.75,06:57:00,17:54:00
24527,1483263002,12/31/2016 12:00:00 AM,23:30:02,1.2,40.0,30.34,83.0,236.93,5.62,06:57:00,17:54:00
24528,1483262701,12/31/2016 12:00:00 AM,23:25:01,1.19,40.0,30.34,83.0,234.75,6.75,06:57:00,17:54:00
24529,1483262404,12/31/2016 12:00:00 AM,23:20:04,1.22,40.0,30.34,83.0,229.37,7.87,06:57:00,17:54:00
24530,1483262102,12/31/2016 12:00:00 AM,23:15:02,1.18,40.0,30.34,82.0,228.08,6.75,06:57:00,17:54:00
24531,1483261802,12/31/2016 12:00:00 AM,23:10:02,1.2,41.0,30.34,82.0,224.45,5.62,06:57:00,17:54:00
24532,1483261502,12/31/2016 12:00:00 AM,23:05:02,1.22,41.0,30.34,82.0,236.19,5.62,06:57:00,17:54:00
24533,1483261202,12/31/2016 12:00:00 AM,23:00:02,1.2,40.0,30.34,82.0,225.89,5.62,06:57:00,17:54:00
24534,1483260901,12/31/2016 12:00:00 AM,22:55:01,1.22,40.0,30.34,74.83719267708949,223.57,6.75,06:57:00,17:54:00
24535,1483260602,12/31/2016 12:00:00 AM,22:50:02,1.22,40.0,30.34,82.0,226.35,7.87,06:57:00,17:54:00
24536,1483260302,12/31/2016 12:00:00 AM,22:45:02,1.2,41.0,30.34,81.0,218.78,6.75,06:57:00,17:54:00
24537,1483260001,12/31/2016 12:00:00 AM,22:40:01,1.2,41.0,30.34,80.0,219.9,7.87,06:57:00,17:54:00
24538,1483259701,12/31/2016 12:00:00 AM,22:35:01,1.2,41.0,30.35,79.0,218.09,6.75,06:57:00,17:54:00
24539,1483259405,12/31/2016 12:00:00 AM,22:30:05,1.23,41.0,30.35,79.0,214.12,7.87,06:57:00,17:54:00
24540,1483259101,12/31/2016 12:00:00 AM,22:25:01,1.21,41.0,30.35,79.0,208.06,6.229096658193317,06:57:00,17:54:00
24541,1483258802,12/31/2016 12:00:00 AM,22:20:02,1.18,41.0,30.35,79.0,206.32,9.0,06:57:00,17:54:00
24542,1483258502,12/31/2016 12:00:00 AM,22:15:02,1.2,41.0,30.35,79.0,208.06,9.0,06:57:00,17:54:00
24543,1483258202,12/31/2016 12:00:00 AM,22:10:02,1.21,41.0,30.35,80.0,206.51,9.0,06:57:00,17:54:00
24544,1483257904,12/31/2016 12:00:00 AM,22:05:04,1.2,41.0,30.34,81.0,207.94,9.0,06:57:00,17:54:00
24545,1483257604,12/31/2016 12:00:00 AM,22:00:04,1.22,41.0,30.34,81.0,208.34,10.12,06:57:00,17:54:00
24546,1483257301,12/31/2016 12:00:00 AM,21:55:01,1.24,41.0,30.34,82.0,214.54,9.0,06:57:00,17:54:00
24547,1483257002,12/31/2016 12:00:00 AM,21:50:02,1.25,41.0,30.34,84.0,215.27,6.75,06:57:00,17:54:00
24548,1483256702,12/31/2016 12:00:00 AM,21:45:02,1.22,41.0,30.34,83.0,218.79,7.87,06:57:00,17:54:00
24549,1483256401,12/31/2016 12:00:00 AM,21:40:01,1.2,41.0,30.34,82.0,220.11,5.62,06:57:00,17:54:00
24550,1483256103,12/31/2016 12:00:00 AM,21:35:03,1.23,42.0,30.34,82.0,217.21,6.75,06:57:00,17:54:00
24551,1483255802,12/31/2016 12:00:00 AM,21:30:02,1.21,42.0,30.35,81.0,224.93,5.62,06:57:00,17:54:00
24552,1483255501,12/31/2016 12:00:00 AM,21:25:01,1.22,42.0,30.35,81.0,215.15,5.62,06:57:00,17:54:00
24553,1483255207,12/31/2016 12:00:00 AM,21:20:07,1.25,42.0,30.34,81.0,210.2,6.75,06:57:00,17:54:00
24554,1483254906,12/31/2016 12:00:00 AM,21:15:06,1.22,42.0,30.35,83.0,210.68,9.0,06:57:00,17:54:00
24555,1483254601,12/31/2016 12:00:00 AM,21:10:01,1.21,42.0,30.35,86.0,205.48,9.0,06:57:00,17:54:00
24556,1483254301,12/31/2016 12:00:00 AM,21:05:01,1.23,43.0,30.34,87.0,205.77,9.0,06:57:00,17:54:00
24557,1483254002,12/31/2016 12:00:00 AM,21:00:02,1.23,43.0,30.34,88.0,209.02,7.87,06:57:00,17:54:00
24558,1483253702,12/31/2016 12:00:00 AM,20:55:02,1.21,43.0,30.34,88.0,209.95,9.0,06:57:00,17:54:00
24559,1483253405,12/31/2016 12:00:00 AM,20:50:05,1.23,43.0,30.34,88.0,207.73,6.75,06:57:00,17:54:00
24560,1483253102,12/31/2016 12:00:00 AM,20:45:02,1.18,43.0,30.34,88.0,208.55,7.87,06:57:00,17:54:00
24561,1483252803,12/31/2016 12:00:00 AM,20:40:03,1.2,43.0,30.34,88.0,208.21,6.75,06:57:00,17:54:00
24562,1483252501,12/31/2016 12:00:00 AM,20:35:01,1.23,43.0,30.34,88.0,209.85,5.62,06:57:00,17:54:00
24563,1483252201,12/31/2016 12:00:00 AM,20:30:01,1.23,44.0,30.34,87.0,212.7,7.87,06:57:00,17:54:00
24564,1483251905,12/31/2016 12:00:00 AM,20:25:05,1.2,44.0,30.34,86.0,225.12,6.75,06:57:00,17:54:00
24565,1483251601,12/31/2016 12:00:00 AM,20:20:01,1.23,45.0,30.34,86.0,240.65,3.37,06:57:00,17:54:00
24566,1483251302,12/31/2016 12:00:00 AM,20:15:02,1.24,45.0,30.34,86.0,248.66,3.37,06:57:00,17:54:00
24567,1483251002,12/31/2016 12:00:00 AM,20:10:02,1.22,45.0,30.33,86.0,269.97,2.25,06:57:00,17:54:00
24568,1483250702,12/31/2016 12:00:00 AM,20:05:02,1.21,46.0,30.33,87.0,270.0,2.25,06:57:00,17:54:00
24569,1483250406,12/31/2016 12:00:00 AM,20:00:06,1.22,46.0,30.33,87.0,261.6,3.37,06:57:00,17:54:00
24570,1483250102,12/31/2016 12:00:00 AM,19:55:02,1.21,46.0,30.33,87.0,286.53,5.62,06:57:00,17:54:00
24571,1483249802,12/31/2016 12:00:00 AM,19:50:02,1.2,46.0,30.33,88.0,273.44,4.5,06:57:00,17:54:00
24572,1483249502,12/31/2016 12:00:00 AM,19:45:02,1.22,46.0,30.33,89.0,282.75,6.75,06:57:00,17:54:00
24573,1483249201,12/31/2016 12:00:00 AM,19:40:01,1.22,46.0,30.33,90.0,299.28,5.62,06:57:00,17:54:00
24574,1483248902,12/31/2016 12:00:00 AM,19:35:02,1.2,46.0,30.33,91.0,296.6,7.87,06:57:00,17:54:00
24575,1483248602,12/31/2016 12:00:00 AM,19:30:02,1.23,46.0,30.33,94.0,288.56,7.87,06:57:00,17:54:00
24576,1483248305,12/31/2016 12:00:00 AM,19:25:05,1.25,46.0,30.33,95.0,297.57,4.5,06:57:00,17:54:00
24577,1483248007,12/31/2016 12:00:00 AM,19:20:07,1.22,46.0,30.33,96.0,289.3,6.75,06:57:00,17:54:00
24578,1483247701,12/31/2016 12:00:00 AM,19:15:01,1.18,46.0,30.32,97.0,279.34,5.62,06:57:00,17:54:00
24579,1483247401,12/31/2016 12:00:00 AM,19:10:01,1.23,46.0,30.33,99.0,271.35,6.75,06:57:00,17:54:00
24580,1483247102,12/31/2016 12:00:00 AM,19:05:02,1.26,47.0,30.32,99.0,276.29,4.5,06:57:00,17:54:00
24581,1483246802,12/31/2016 12:00:00 AM,19:00:02,1.24,47.0,30.32,99.0,284.13,5.62,06:57:00,17:54:00
24582,1483246502,12/31/2016 12:00:00 AM,18:55:02,1.19,47.0,30.32,99.0,280.47,5.62,06:57:00,17:54:00
24583,1483246201,12/31/2016 12:00:00 AM,18:50:01,1.24,47.0,30.32,99.0,290.96,6.75,06:57:00,17:54:00
24584,1483245902,12/31/2016 12:00:00 AM,18:45:02,1.2,47.0,30.32,98.0,320.95,6.75,06:57:00,17:54:00
24585,1483245601,12/31/2016 12:00:00 AM,18:40:01,1.16,47.0,30.32,98.0,320.47,5.62,06:57:00,17:54:00
24586,1483245301,12/31/2016 12:00:00 AM,18:35:01,1.22,47.0,30.32,97.0,320.52,5.62,06:57:00,17:54:00
24587,1483245005,12/31/2016 12:00:00 AM,18:30:05,1.22,47.0,30.32,97.0,320.19,5.62,06:57:00,17:54:00
24588,1483244701,12/31/2016 12:00:00 AM,18:25:01,1.22,48.0,30.31,96.0,322.75,5.62,06:57:00,17:54:00
24589,1483244402,12/31/2016 12:00:00 AM,18:20:02,1.22,48.0,30.31,96.0,314.62,6.75,06:57:00,17:54:00
24590,1483244104,12/31/2016 12:00:00 AM,18:15:04,1.22,48.0,30.31,96.0,334.78,7.87,06:57:00,17:54:00
24591,1483243801,12/31/2016 12:00:00 AM,18:10:01,1.24,48.0,30.31,96.0,337.34,6.75,06:57:00,17:54:00
24592,1483243501,12/31/2016 12:00:00 AM,18:05:01,1.38,48.0,30.31,95.0,322.1,6.75,06:57:00,17:54:00
24593,1483243202,12/31/2016 12:00:00 AM,18:00:02,3.2,48.0,30.31,95.0,328.44,6.75,06:57:00,17:54:00
24594,1483242902,12/31/2016 12:00:00 AM,17:55:02,5.84,48.0,30.31,94.0,328.91,4.5,06:57:00,17:54:00
24595,1483242601,12/31/2016 12:00:00 AM,17:50:01,8.49,49.0,30.31,93.0,318.28,7.87,06:57:00,17:54:00
24596,1483242302,12/31/2016 12:00:00 AM,17:45:02,9.33,49.0,30.31,92.0,291.63,5.62,06:57:00,17:54:00
24597,1483242006,12/31/2016 12:00:00 AM,17:40:06,11.98,49.0,30.31,91.0,299.23,4.5,06:57:00,17:54:00
24598,1483241701,12/31/2016 12:00:00 AM,17:35:01,15.96,49.0,30.3,92.0,284.04,5.62,06:57:00,17:54:00
24599,1483241402,12/31/2016 12:00:00 AM,17:30:02,18.98,49.0,30.3,91.0,300.56,6.75,06:57:00,17:54:00
24600,1483241103,12/31/2016 12:00:00 AM,17:25:03,26.11,49.0,30.423028000868246,92.0,315.23,7.87,06:57:00,17:54:00
24601,1483240801,12/31/2016 12:00:00 AM,17:20:01,32.99,49.0,30.31,91.0,312.58,6.75,06:57:00,17:54:00
24602,1483240502,12/31/2016 12:00:00 AM,17:15:02,49.94,49.0,30.31,90.0,314.27,5.62,06:57:00,17:54:00
24603,1483240201,12/31/2016 12:00:00 AM,17:10:01,47.14,50.0,30.3,90.0,328.75,7.87,06:57:00,17:54:00
24604,1483239905,12/31/2016 12:00:00 AM,17:05:05,107.36,50.0,30.3,89.0,327.67,7.87,06:57:00,17:54:00
24605,1483239601,12/31/2016 12:00:00 AM,17:00:01,65.73,50.0,30.3,88.0,321.08,7.87,06:57:00,17:54:00
24606,1483239301,12/31/2016 12:00:00 AM,16:55:01,137.37,50.0,30.3,88.0,309.7,5.62,06:57:00,17:54:00
24607,1483239001,12/31/2016 12:00:00 AM,16:50:01,110.18,50.0,30.3,88.0,312.42,9.0,06:57:00,17:54:00
24608,1483238702,12/31/2016 12:00:00 AM,16:45:02,134.44,50.0,30.3,88.0,325.93,9.0,06:57:00,17:54:00
24609,1483238404,12/31/2016 12:00:00 AM,16:40:04,66.41,50.0,30.3,87.0,311.55,7.87,06:57:00,17:54:00
24610,1483238101,12/31/2016 12:00:00 AM,16:35:01,76.3,51.0,30.3,86.0,339.17,9.0,06:57:00,17:54:00
24611,1483237808,12/31/2016 12:00:00 AM,16:30:08,84.62,51.0,30.3,84.0,321.22,5.62,06:57:00,17:54:00
24612,1483237502,12/31/2016 12:00:00 AM,16:25:02,89.46,51.0,30.29,84.0,321.85,7.87,06:57:00,17:54:00
24613,1483237208,12/31/2016 12:00:00 AM,16:20:08,65.77,52.0,30.29,82.0,317.26,10.12,06:57:00,17:54:00
24614,1483236904,12/31/2016 12:00:00 AM,16:15:04,82.4,52.0,30.29,79.0,313.42,10.12,06:57:00,17:54:00
24615,1483236601,12/31/2016 12:00:00 AM,16:10:01,105.17,53.0,30.29,78.0,323.85,12.37,06:57:00,17:54:00
24616,1483236302,12/31/2016 12:00:00 AM,16:05:02,167.44,53.0,30.29,75.0,328.3,9.0,06:57:00,17:54:00
24617,1483236002,12/31/2016 12:00:00 AM,16:00:02,552.33,54.0,30.28,77.0,328.53,9.0,06:57:00,17:54:00
24618,1483235701,12/31/2016 12:00:00 AM,15:55:01,485.05,54.0,30.28,72.0,327.03,12.37,06:57:00,17:54:00
24619,1483235401,12/31/2016 12:00:00 AM,15:50:01,594.78,54.0,30.28,73.0,320.86,13.5,06:57:00,17:54:00
24620,1483235102,12/31/2016 12:00:00 AM,15:45:02,392.78,53.0,30.28,80.0,308.14,10.12,06:57:00,17:54:00
24621,1483234802,12/31/2016 12:00:00 AM,15:40:02,479.13,53.0,30.28,82.0,322.83,10.12,06:57:00,17:54:00
24622,1483234502,12/31/2016 12:00:00 AM,15:35:02,257.2,53.0,30.28,81.0,301.19,13.5,06:57:00,17:54:00
24623,1483234201,12/31/2016 12:00:00 AM,15:30:01,215.98,53.0,30.28,82.0,307.34,14.62,06:57:00,17:54:00
24624,1483233902,12/31/2016 12:00:00 AM,15:25:02,778.69,53.0,30.29,83.0,332.81,12.37,06:57:00,17:54:00
24625,1483233603,12/31/2016 12:00:00 AM,15:20:03,378.48,53.0,30.28,83.0,317.73,12.37,06:57:00,17:54:00
24626,1483233305,12/31/2016 12:00:00 AM,15:15:05,246.8,52.0,30.28,84.0,297.87,16.87,06:57:00,17:54:00
24627,1483233002,12/31/2016 12:00:00 AM,15:10:02,165.61,53.0,30.29,85.0,323.54,13.5,06:57:00,17:54:00
24628,1483232702,12/31/2016 12:00:00 AM,15:05:02,586.51,52.0,30.28,87.0,326.32,11.25,06:57:00,17:54:00
24629,1483232401,12/31/2016 12:00:00 AM,15:00:01,280.55,52.0,30.28,85.0,318.62,14.62,06:57:00,17:54:00
24630,1483232101,12/31/2016 12:00:00 AM,14:55:01,350.54,52.0,30.28,83.0,332.39,12.37,06:57:00,17:54:00
24631,1483231808,12/31/2016 12:00:00 AM,14:50:08,305.02,52.0,30.28,86.0,306.32,11.25,06:57:00,17:54:00
24632,1483231501,12/31/2016 12:00:00 AM,14:45:01,637.19,52.0,30.28,86.0,316.74,15.75,06:57:00,17:54:00
24633,1483231201,12/31/2016 12:00:00 AM,14:40:01,692.0,52.0,30.28,84.0,305.76,15.75,06:57:00,17:54:00
24634,1483230904,12/31/2016 12:00:00 AM,14:35:04,356.92,52.0,30.28,85.0,327.51,15.75,06:57:00,17:54:00
24635,1483230609,12/31/2016 12:00:00 AM,14:30:09,261.18,53.0,30.28,83.0,318.76,12.37,06:57:00,17:54:00
24636,1483230301,12/31/2016 12:00:00 AM,14:25:01,230.91,53.0,30.29,82.0,327.17,15.75,06:57:00,17:54:00
24637,1483230001,12/31/2016 12:00:00 AM,14:20:01,920.09,53.0,30.29,82.0,309.67,14.62,06:57:00,17:54:00
24638,1483229702,12/31/2016 12:00:00 AM,14:15:02,325.07,53.0,30.29,81.0,332.56,13.5,06:57:00,17:54:00
24639,1483229401,12/31/2016 12:00:00 AM,14:10:01,339.47,53.0,30.29,77.0,317.83,12.37,06:57:00,17:54:00
24640,1483229102,12/31/2016 12:00:00 AM,14:05:02,216.06,53.0,30.29,78.0,301.89,12.37,06:57:00,17:54:00
24641,1483228801,12/31/2016 12:00:00 AM,14:00:01,448.57,53.0,30.29,79.0,337.33,18.0,06:57:00,17:54:00
24642,1483228501,12/31/2016 12:00:00 AM,13:55:01,239.03,53.0,30.29,77.0,336.87,14.62,06:57:00,17:54:00
24643,1483228202,12/31/2016 12:00:00 AM,13:50:02,234.85,53.0,30.29,76.0,303.03,10.12,06:57:00,17:54:00
24644,1483227902,12/31/2016 12:00:00 AM,13:45:02,279.42,53.0,30.29,75.0,345.68,9.0,06:57:00,17:54:00
24645,1483227601,12/31/2016 12:00:00 AM,13:40:01,204.89,53.0,30.29,75.0,331.09,5.62,06:57:00,17:54:00
24646,1483227304,12/31/2016 12:00:00 AM,13:35:04,247.32,53.0,30.3,75.0,308.94,14.62,06:57:00,17:54:00
24647,1483227002,12/31/2016 12:00:00 AM,13:30:02,199.27,53.0,30.29,74.0,317.29,10.12,06:57:00,17:54:00
24648,1483226702,12/31/2016 12:00:00 AM,13:25:02,256.52,53.0,30.3,75.0,335.7,6.75,06:57:00,17:54:00
24649,1483226402,12/31/2016 12:00:00 AM,13:20:02,239.91,53.0,30.3,74.0,337.38,7.87,06:57:00,17:54:00
24650,1483226101,12/31/2016 12:00:00 AM,13:15:01,229.02,53.0,30.3,74.0,328.55,6.75,06:57:00,17:54:00
24651,1483225802,12/31/2016 12:00:00 AM,13:10:02,228.76,53.0,30.3,75.0,330.99,12.37,06:57:00,17:54:00
24652,1483225502,12/31/2016 12:00:00 AM,13:05:02,422.04,53.0,30.3,74.0,350.1,11.25,06:57:00,17:54:00
24653,1483225201,12/31/2016 12:00:00 AM,13:00:01,827.4,53.0,30.3,75.0,309.47,9.0,06:57:00,17:54:00
24654,1483224901,12/31/2016 12:00:00 AM,12:55:01,386.77,53.0,30.31,74.0,315.23,13.5,06:57:00,17:54:00
24655,1483224606,12/31/2016 12:00:00 AM,12:50:06,242.35,54.0,30.31,73.0,330.89,10.12,06:57:00,17:54:00
24656,1483224302,12/31/2016 12:00:00 AM,12:45:02,532.51,53.0,30.31,73.0,333.86,11.25,06:57:00,17:54:00
24657,1483224004,12/31/2016 12:00:00 AM,12:40:04,819.68,53.0,30.31,72.0,318.99,11.25,06:57:00,17:54:00
24658,1483223701,12/31/2016 12:00:00 AM,12:35:01,722.33,53.0,30.31,70.0,310.27,12.37,06:57:00,17:54:00
24659,1483223402,12/31/2016 12:00:00 AM,12:30:02,461.31,53.0,30.31,70.0,336.34,19.12,06:57:00,17:54:00
24660,1483223101,12/31/2016 12:00:00 AM,12:25:01,542.66,53.0,30.31,69.0,326.63,10.12,06:57:00,17:54:00
24661,1483222801,12/31/2016 12:00:00 AM,12:20:01,575.4,53.0,30.31,69.0,311.6,10.12,06:57:00,17:54:00
24662,1483222502,12/31/2016 12:00:00 AM,12:15:02,595.61,53.0,30.32,68.0,326.66,16.87,06:57:00,17:54:00
24663,1483222202,12/31/2016 12:00:00 AM,12:10:02,521.11,53.0,30.33,68.0,299.7,11.25,06:57:00,17:54:00
24664,1483221902,12/31/2016 12:00:00 AM,12:05:02,378.41,53.0,30.33,68.0,321.95,10.12,06:57:00,17:54:00
24665,1483221601,12/31/2016 12:00:00 AM,12:00:01,364.1,53.0,30.33,67.0,301.76,12.37,06:57:00,17:54:00
24666,1483221302,12/31/2016 12:00:00 AM,11:55:02,493.27,53.0,30.32,67.0,318.75,16.87,06:57:00,17:54:00
24667,1483221001,12/31/2016 12:00:00 AM,11:50:01,744.91,53.0,30.32,67.0,313.45,16.87,06:57:00,17:54:00
24668,1483220701,12/31/2016 12:00:00 AM,11:45:01,615.75,52.0,30.33,68.0,343.71,16.87,06:57:00,17:54:00
24669,1483220402,12/31/2016 12:00:00 AM,11:40:02,363.67,53.0,30.33,68.0,317.65,14.62,06:57:00,17:54:00
24670,1483220102,12/31/2016 12:00:00 AM,11:35:02,1026.34,52.0,30.33,68.0,308.04,11.25,06:57:00,17:54:00
24671,1483219804,12/31/2016 12:00:00 AM,11:30:04,365.6,52.0,30.33,69.0,322.88,13.5,06:57:00,17:54:00
24672,1483219502,12/31/2016 12:00:00 AM,11:25:02,600.11,52.0,30.33,71.0,314.86,11.25,06:57:00,17:54:00
24673,1483219202,12/31/2016 12:00:00 AM,11:20:02,349.41,52.0,30.33,74.0,325.76,11.25,06:57:00,17:54:00
24674,1483218902,12/31/2016 12:00:00 AM,11:15:02,392.47,52.0,30.33,74.0,309.71,15.75,06:57:00,17:54:00
24675,1483218602,12/31/2016 12:00:00 AM,11:10:02,333.66,51.16507236474315,30.33,77.0,333.24,7.87,06:57:00,17:54:00
24676,1483218302,12/31/2016 12:00:00 AM,11:05:02,763.69,51.0,30.34,77.0,322.53,9.0,06:57:00,17:54:00
24677,1483218004,12/31/2016 12:00:00 AM,11:00:04,540.71,51.0,30.34,78.0,294.86,10.12,06:57:00,17:54:00
24678,1483217701,12/31/2016 12:00:00 AM,10:55:01,423.32,51.0,30.34,79.0,305.93,11.25,06:57:00,17:54:00
24679,1483217402,12/31/2016 12:00:00 AM,10:50:02,372.75,51.0,30.34,80.0,314.35,13.5,06:57:00,17:54:00
24680,1483217103,12/31/2016 12:00:00 AM,10:45:03,258.96,51.0,30.34,80.0,331.54,7.87,06:57:00,17:54:00
24681,1483216802,12/31/2016 12:00:00 AM,10:40:02,473.09,50.0,30.34,79.0,322.31,6.75,06:57:00,17:54:00
24682,1483216505,12/31/2016 12:00:00 AM,10:35:05,402.17,50.0,30.34,81.0,329.19,9.0,06:57:00,17:54:00
24683,1483216201,12/31/2016 12:00:00 AM,10:30:01,614.07,50.0,30.35,80.0,318.59,7.87,06:57:00,17:54:00
24684,1483215902,12/31/2016 12:00:00 AM,10:25:02,299.46,50.0,30.35,81.0,320.1,11.25,06:57:00,17:54:00
24685,1483215602,12/31/2016 12:00:00 AM,10:20:02,443.82,50.0,30.34,81.0,307.5,7.87,06:57:00,17:54:00
24686,1483215302,12/31/2016 12:00:00 AM,10:15:02,340.05,50.0,30.35,82.0,299.08,11.25,06:57:00,17:54:00
24687,1483215002,12/31/2016 12:00:00 AM,10:10:02,455.93,50.0,30.34,83.0,310.35,7.87,06:57:00,17:54:00
24688,1483214701,12/31/2016 12:00:00 AM,10:05:01,708.54,49.0,30.35,83.0,295.19,11.25,06:57:00,17:54:00
24689,1483214406,12/31/2016 12:00:00 AM,10:00:06,368.6,50.0,30.34,83.0,281.24,9.0,06:57:00,17:54:00
24690,1483214102,12/31/2016 12:00:00 AM,09:55:02,413.89,49.0,30.34,83.0,280.87,11.25,06:57:00,17:54:00
24691,1483213802,12/31/2016 12:00:00 AM,09:50:02,377.6,49.0,30.34,84.0,288.42,13.5,06:57:00,17:54:00
24692,1483213501,12/31/2016 12:00:00 AM,09:45:01,411.52,50.0,30.34,84.0,293.26,12.37,06:57:00,17:54:00
24693,1483213202,12/31/2016 12:00:00 AM,09:40:02,425.14,49.0,30.34,86.0,294.87,9.0,06:57:00,17:54:00
24694,1483212902,12/31/2016 12:00:00 AM,09:35:02,626.78,49.0,30.34,87.0,287.03,11.25,06:57:00,17:54:00
24695,1483212602,12/31/2016 12:00:00 AM,09:30:02,621.48,48.0,30.34,87.0,280.1,9.0,06:57:00,17:54:00
24696,1483212301,12/31/2016 12:00:00 AM,09:25:01,502.69,48.0,30.34,88.0,312.09,10.12,06:57:00,17:54:00
24697,1483212003,12/31/2016 12:00:00 AM,09:20:03,300.77,48.0,30.34,88.0,286.25,11.25,06:57:00,17:54:00
24698,1483211702,12/31/2016 12:00:00 AM,09:15:02,562.05,48.0,30.33,86.0,299.83,9.0,06:57:00,17:54:00
24699,1483211401,12/31/2016 12:00:00 AM,09:10:01,481.72,47.0,30.34,85.0,282.24,11.25,06:57:00,17:54:00
24700,1483211104,12/31/2016 12:00:00 AM,09:05:04,271.4,47.0,30.33,84.0,247.5,6.75,06:57:00,17:54:00
24701,1483210803,12/31/2016 12:00:00 AM,09:00:03,466.49,46.0,30.34,84.0,259.61,6.75,06:57:00,17:54:00
24702,1483210510,12/31/2016 12:00:00 AM,08:55:10,195.6,46.0,30.34,84.0,143.54770303349548,7.87,06:57:00,17:54:00
24703,1483210202,12/31/2016 12:00:00 AM,08:50:02,311.72,45.0,30.33,84.0,284.02,9.0,06:57:00,17:54:00
24704,1483209902,12/31/2016 12:00:00 AM,08:45:02,132.99,45.0,30.33,84.0,292.08,6.75,06:57:00,17:54:00
24705,1483209602,12/31/2016 12:00:00 AM,08:40:02,252.41,45.0,30.33,84.0,278.9,7.87,06:57:00,17:54:00
24706,1483209301,12/31/2016 12:00:00 AM,08:35:01,218.23,45.0,30.33,84.0,276.46,6.75,06:57:00,17:54:00
24707,1483209001,12/31/2016 12:00:00 AM,08:30:01,181.73,45.0,30.33,84.0,282.56,4.5,06:57:00,17:54:00
24708,1483208702,12/31/2016 12:00:00 AM,08:25:02,123.67,45.0,30.32,83.0,279.15,5.62,06:57:00,17:54:00
24709,1483208403,12/31/2016 12:00:00 AM,08:20:03,224.35,45.0,30.32,84.0,278.3,6.75,06:57:00,17:54:00
24710,1483208104,12/31/2016 12:00:00 AM,08:15:04,163.52,44.0,30.32,86.0,274.08,10.12,06:57:00,17:54:00
24711,1483207802,12/31/2016 12:00:00 AM,08:10:02,116.14,43.0,30.32,87.0,275.28,7.87,06:57:00,17:54:00
24712,1483207503,12/31/2016 12:00:00 AM,08:05:03,111.12,43.0,30.31,86.0,262.75,9.0,06:57:00,17:54:00
24713,1483207203,12/31/2016 12:00:00 AM,08:00:03,44.3,43.0,30.31,86.0,258.85,6.75,06:57:00,17:54:00
24714,1483206901,12/31/2016 12:00:00 AM,07:55:01,39.3,43.0,30.31,86.0,262.51,5.62,06:57:00,17:54:00
24715,1483206602,12/31/2016 12:00:00 AM,07:50:02,39.51,42.0,30.31,85.0,265.53,7.87,06:57:00,17:54:00
24716,1483206302,12/31/2016 12:00:00 AM,07:45:02,52.87,42.0,30.31,84.0,240.48,4.5,06:57:00,17:54:00
24717,1483206001,12/31/2016 12:00:00 AM,07:40:01,32.09,43.0,30.31,83.0,245.51,5.62,06:57:00,17:54:00
24718,1483205701,12/31/2016 12:00:00 AM,07:35:01,30.12,43.0,30.3,81.0,255.93,5.62,06:57:00,17:54:00
24719,1483205406,12/31/2016 12:00:00 AM,07:30:06,25.24,43.0,30.3,80.0,279.69,6.75,06:57:00,17:54:00
24720,1483205102,12/31/2016 12:00:00 AM,07:25:02,28.98,43.0,30.3,80.0,270.17,6.75,06:57:00,17:54:00
24721,1483204801,12/31/2016 12:00:00 AM,07:20:01,21.28,43.0,30.3,79.0,265.53,6.75,06:57:00,17:54:00
24722,1483204501,12/31/2016 12:00:00 AM,07:15:01,18.32,42.0,30.3,78.0,276.02,7.87,06:57:00,17:54:00
24723,1483204201,12/31/2016 12:00:00 AM,07:10:01,9.84,42.0,30.3,79.0,265.73,5.62,06:57:00,17:54:00
24724,1483203902,12/31/2016 12:00:00 AM,07:05:02,5.94,41.0,30.3,80.0,247.22,3.37,06:57:00,17:54:00
24725,1483203602,12/31/2016 12:00:00 AM,07:00:02,3.55,42.0,30.31,80.0,219.97,5.62,06:57:00,17:54:00
24726,1483203302,12/31/2016 12:00:00 AM,06:55:02,2.93,42.0,30.3,79.0,237.41,4.5,06:57:00,17:54:00
24727,1483203001,12/31/2016 12:00:00 AM,06:50:01,1.66,51.16507236474315,30.3,78.0,223.93,3.37,06:57:00,17:54:00
24728,1483202701,12/31/2016 12:00:00 AM,06:45:01,1.21,42.0,30.3,79.0,222.51,6.75,06:57:00,17:54:00
24729,1483202401,12/31/2016 12:00:00 AM,06:40:01,1.2,42.0,30.29,74.83719267708949,214.83,4.5,06:57:00,17:54:00
24730,1483202104,12/31/2016 12:00:00 AM,06:35:04,1.19,42.0,30.29,78.0,215.75,6.75,06:57:00,17:54:00
24731,1483201802,12/31/2016 12:00:00 AM,06:30:02,1.21,43.0,30.29,78.0,215.86,5.62,06:57:00,17:54:00
24732,1483201505,12/31/2016 12:00:00 AM,06:25:05,1.2,43.0,30.29,77.0,226.91,4.5,06:57:00,17:54:00
24733,1483201202,12/31/2016 12:00:00 AM,06:20:02,1.21,43.0,30.29,77.0,217.34,4.5,06:57:00,17:54:00
24734,1483200901,12/31/2016 12:00:00 AM,06:15:01,1.18,43.0,30.29,77.0,222.55,7.87,06:57:00,17:54:00
24735,1483200601,12/31/2016 12:00:00 AM,06:10:01,1.21,43.0,30.29,77.0,216.03,7.87,06:57:00,17:54:00
24736,1483200301,12/31/2016 12:00:00 AM,06:05:01,1.22,44.0,30.29,77.0,222.04,7.87,06:57:00,17:54:00
24737,1483200003,12/31/2016 12:00:00 AM,06:00:03,1.21,44.0,30.29,77.0,222.33,3.37,06:57:00,17:54:00
24738,1483199702,12/31/2016 12:00:00 AM,05:55:02,1.19,45.0,30.29,75.0,259.37,5.62,06:57:00,17:54:00
24739,1483199401,12/31/2016 12:00:00 AM,05:50:01,1.19,44.0,30.29,77.0,252.46,3.37,06:57:00,17:54:00
24740,1483199102,12/31/2016 12:00:00 AM,05:45:02,1.2,43.0,30.29,74.83719267708949,278.56,7.87,06:57:00,17:54:00
24741,1483198805,12/31/2016 12:00:00 AM,05:40:05,1.22,43.0,30.29,79.0,179.14,2.25,06:57:00,17:54:00
24742,1483198504,12/31/2016 12:00:00 AM,05:35:04,1.15,43.0,30.28,79.0,179.2,0.0,06:57:00,17:54:00
24743,1483198204,12/31/2016 12:00:00 AM,05:30:04,1.23,43.0,30.29,82.0,193.12,0.0,06:57:00,17:54:00
24744,1483197906,12/31/2016 12:00:00 AM,05:25:06,1.22,43.0,30.28,80.0,222.5,1.12,06:57:00,17:54:00
24745,1483197602,12/31/2016 12:00:00 AM,05:20:02,1.25,43.0,30.29,79.0,253.66,2.25,06:57:00,17:54:00
24746,1483197301,12/31/2016 12:00:00 AM,05:15:01,1.24,42.0,30.29,76.0,256.76,6.75,06:57:00,17:54:00
24747,1483197001,12/31/2016 12:00:00 AM,05:10:01,1.21,42.0,30.29,81.0,210.47,4.5,06:57:00,17:54:00
24748,1483196705,12/31/2016 12:00:00 AM,05:05:05,1.21,42.0,30.28,84.0,206.22,5.62,06:57:00,17:54:00
24749,1483196403,12/31/2016 12:00:00 AM,05:00:03,1.21,42.0,30.28,84.0,224.43,5.62,06:57:00,17:54:00
24750,1483196101,12/31/2016 12:00:00 AM,04:55:01,1.23,43.0,30.28,83.0,236.37,6.229096658193317,06:57:00,17:54:00
24751,1483195802,12/31/2016 12:00:00 AM,04:50:02,1.18,43.0,30.28,82.0,244.73,5.62,06:57:00,17:54:00
24752,1483195504,12/31/2016 12:00:00 AM,04:45:04,1.19,43.0,30.28,83.0,255.42,6.75,06:57:00,17:54:00
24753,1483195201,12/31/2016 12:00:00 AM,04:40:01,1.21,42.0,30.28,84.0,245.18,6.75,06:57:00,17:54:00
24754,1483194901,12/31/2016 12:00:00 AM,04:35:01,1.2,42.0,30.28,86.0,232.43,3.37,06:57:00,17:54:00
24755,1483194602,12/31/2016 12:00:00 AM,04:30:02,1.19,42.0,30.28,87.0,218.3,2.25,06:57:00,17:54:00
24756,1483194301,12/31/2016 12:00:00 AM,04:25:01,1.19,41.0,30.423028000868246,87.0,212.26,3.37,06:57:00,17:54:00
24757,1483194001,12/31/2016 12:00:00 AM,04:20:01,1.22,41.0,30.28,88.0,211.22,1.12,06:57:00,17:54:00
24758,1483193702,12/31/2016 12:00:00 AM,04:15:02,1.2,41.0,30.28,88.0,211.19,3.37,06:57:00,17:54:00
24759,1483193404,12/31/2016 12:00:00 AM,04:10:04,1.16,41.0,30.29,87.0,211.1,4.5,06:57:00,17:54:00
24760,1483193113,12/31/2016 12:00:00 AM,04:05:13,1.21,42.0,30.28,87.0,210.31,5.62,06:57:00,17:54:00
24761,1483192801,12/31/2016 12:00:00 AM,04:00:01,1.21,42.0,30.28,86.0,203.45,3.37,06:57:00,17:54:00
24762,1483192501,12/31/2016 12:00:00 AM,03:55:01,1.2,42.0,30.28,85.0,203.45,3.37,06:57:00,17:54:00
24763,1483192201,12/31/2016 12:00:00 AM,03:50:01,1.2,43.0,30.28,85.0,203.08,2.25,06:57:00,17:54:00
24764,1483191903,12/31/2016 12:00:00 AM,03:45:03,1.2,43.0,30.28,84.0,203.06,1.12,06:57:00,17:54:00
24765,1483191602,12/31/2016 12:00:00 AM,03:40:02,1.19,42.0,30.29,85.0,202.53,1.12,06:57:00,17:54:00
24766,1483191301,12/31/2016 12:00:00 AM,03:35:01,1.17,42.0,30.28,87.0,202.55,1.12,06:57:00,17:54:00
24767,1483191005,12/31/2016 12:00:00 AM,03:30:05,1.2,42.0,30.28,88.0,202.44,5.62,06:57:00,17:54:00
24768,1483190702,12/31/2016 12:00:00 AM,03:25:02,1.21,42.0,30.28,89.0,201.4,7.87,06:57:00,17:54:00
24769,1483190402,12/31/2016 12:00:00 AM,03:20:02,1.21,41.0,30.29,89.0,201.38,6.75,06:57:00,17:54:00
24770,1483190102,12/31/2016 12:00:00 AM,03:15:02,1.22,41.0,30.29,90.0,204.42,7.87,06:57:00,17:54:00
24771,1483189801,12/31/2016 12:00:00 AM,03:10:01,1.23,41.0,30.29,90.0,198.43,5.62,06:57:00,17:54:00
24772,1483189502,12/31/2016 12:00:00 AM,03:05:02,1.23,41.0,30.29,90.0,197.68,4.5,06:57:00,17:54:00
24773,1483189202,12/31/2016 12:00:00 AM,03:00:02,1.21,41.0,30.29,90.0,197.35,3.37,06:57:00,17:54:00
24774,1483188902,12/31/2016 12:00:00 AM,02:55:02,1.2,41.0,30.29,90.0,194.31,5.62,06:57:00,17:54:00
24775,1483188601,12/31/2016 12:00:00 AM,02:50:01,1.24,42.0,30.3,89.0,194.21,4.5,06:57:00,17:54:00
24776,1483188301,12/31/2016 12:00:00 AM,02:45:01,1.21,42.0,30.29,89.0,192.87,4.5,06:57:00,17:54:00
24777,1483188003,12/31/2016 12:00:00 AM,02:40:03,1.21,51.16507236474315,30.29,89.0,192.43,4.5,06:57:00,17:54:00
24778,1483187702,12/31/2016 12:00:00 AM,02:35:02,1.23,42.0,30.3,89.0,192.41,4.5,06:57:00,17:54:00
24779,1483187402,12/31/2016 12:00:00 AM,02:30:02,1.22,42.0,30.3,89.0,192.38,2.25,06:57:00,17:54:00
24780,1483187102,12/31/2016 12:00:00 AM,02:25:02,1.16,42.0,30.3,89.0,192.39,3.37,06:57:00,17:54:00
24781,1483186804,12/31/2016 12:00:00 AM,02:20:04,1.23,42.0,30.31,89.0,192.43,2.25,06:57:00,17:54:00
24782,1483186506,12/31/2016 12:00:00 AM,02:15:06,1.23,43.0,30.3,89.0,192.41,4.5,06:57:00,17:54:00
24783,1483186214,12/31/2016 12:00:00 AM,02:10:14,1.21,43.0,30.3,88.0,192.38,3.37,06:57:00,17:54:00
24784,1483185904,12/31/2016 12:00:00 AM,02:05:04,1.21,43.0,30.31,88.0,192.39,4.5,06:57:00,17:54:00
24785,1483185601,12/31/2016 12:00:00 AM,02:00:01,1.21,43.0,30.31,74.83719267708949,192.45,3.37,06:57:00,17:54:00
24786,1483185302,12/31/2016 12:00:00 AM,01:55:02,1.22,44.0,30.31,86.0,190.25,4.5,06:57:00,17:54:00
24787,1483185005,12/31/2016 12:00:00 AM,01:50:05,1.23,45.0,30.31,84.0,149.97,2.25,06:57:00,17:54:00
24788,1483184702,12/31/2016 12:00:00 AM,01:45:02,1.22,45.0,30.31,83.0,144.27,1.12,06:57:00,17:54:00
24789,1483184401,12/31/2016 12:00:00 AM,01:40:01,1.23,45.0,30.31,81.0,156.61,1.12,06:57:00,17:54:00
24790,1483184101,12/31/2016 12:00:00 AM,01:35:01,1.19,45.0,30.31,79.0,157.3,1.12,06:57:00,17:54:00
24791,1483183802,12/31/2016 12:00:00 AM,01:30:02,1.21,45.0,30.31,78.0,159.5,1.12,06:57:00,17:54:00
24792,1483183502,12/31/2016 12:00:00 AM,01:25:02,1.22,45.0,30.423028000868246,78.0,159.9,0.0,06:57:00,17:54:00
24793,1483183204,12/31/2016 12:00:00 AM,01:20:04,1.24,45.0,30.31,76.0,185.8,4.5,06:57:00,17:54:00
24794,1483182904,12/31/2016 12:00:00 AM,01:15:04,1.21,44.0,30.31,77.0,233.18,0.0,06:57:00,17:54:00
24795,1483182604,12/31/2016 12:00:00 AM,01:10:04,1.23,44.0,30.31,81.0,233.11,1.12,06:57:00,17:54:00
24796,1483182301,12/31/2016 12:00:00 AM,01:05:01,1.22,44.0,30.32,81.0,233.07,1.12,06:57:00,17:54:00
24797,1483182001,12/31/2016 12:00:00 AM,01:00:01,1.22,44.0,30.32,83.0,233.05,4.5,06:57:00,17:54:00
24798,1483181701,12/31/2016 12:00:00 AM,00:55:01,1.19,43.0,30.31,84.0,257.4,2.25,06:57:00,17:54:00
24799,1483181402,12/31/2016 12:00:00 AM,00:50:02,1.23,43.0,30.32,87.0,257.53,6.75,06:57:00,17:54:00
24800,1483181101,12/31/2016 12:00:00 AM,00:45:01,1.22,42.0,30.31,90.0,238.59,2.25,06:57:00,17:54:00
24801,1483180804,12/31/2016 12:00:00 AM,00:40:04,1.2,42.0,30.32,91.0,237.28,2.25,06:57:00,17:54:00
24802,1483180504,12/31/2016 12:00:00 AM,00:35:04,1.19,42.0,30.31,91.0,236.64,3.37,06:57:00,17:54:00
24803,1483180202,12/31/2016 12:00:00 AM,00:30:02,1.21,43.0,30.32,90.0,247.94,3.37,06:57:00,17:54:00
24804,1483179905,12/31/2016 12:00:00 AM,00:25:05,1.23,43.0,30.32,90.0,255.16,2.25,06:57:00,17:54:00
24805,1483179602,12/31/2016 12:00:00 AM,00:20:02,1.23,44.0,30.32,89.0,255.43,4.5,06:57:00,17:54:00
24806,1483179302,12/31/2016 12:00:00 AM,00:15:02,1.22,44.0,30.32,89.0,267.82,4.5,06:57:00,17:54:00
24807,1483179001,12/31/2016 12:00:00 AM,00:10:01,1.22,44.0,30.32,91.0,249.65,4.5,06:57:00,17:54:00
24808,1483178702,12/31/2016 12:00:00 AM,00:05:02,1.23,44.0,30.33,92.0,272.38,3.37,06:57:00,17:54:00
24809,1483178408,12/31/2016 12:00:00 AM,00:00:08,1.21,44.0,30.33,92.0,278.07,5.62,06:57:00,17:54:00
24810,1483178107,12/30/2016 12:00:00 AM,23:55:07,1.2,44.0,30.33,93.0,258.95,3.37,06:57:00,17:54:00
24811,1483177801,12/30/2016 12:00:00 AM,23:50:01,1.21,44.0,30.33,93.0,265.89,6.75,06:57:00,17:54:00
24812,1483177502,12/30/2016 12:00:00 AM,23:45:02,1.22,45.0,30.33,95.0,250.28,5.62,06:57:00,17:54:00
24813,1483177203,12/30/2016 12:00:00 AM,23:40:03,1.22,45.0,30.33,95.0,256.24,6.229096658193317,06:57:00,17:54:00
24814,1483176905,12/30/2016 12:00:00 AM,23:35:05,1.22,45.0,30.33,96.0,291.39,2.25,06:57:00,17:54:00
24815,1483176602,12/30/2016 12:00:00 AM,23:30:02,1.22,45.0,30.33,97.0,292.6,2.25,06:57:00,17:54:00
24816,1483176301,12/30/2016 12:00:00 AM,23:25:01,1.23,45.0,30.33,98.0,288.44,2.25,06:57:00,17:54:00
24817,1483176004,12/30/2016 12:00:00 AM,23:20:04,1.21,45.0,30.34,99.0,304.0,1.12,06:57:00,17:54:00
24818,1483175705,12/30/2016 12:00:00 AM,23:15:05,1.23,44.0,30.33,100.0,239.21,2.25,06:57:00,17:54:00
24819,1483175403,12/30/2016 12:00:00 AM,23:10:03,1.2,44.0,30.33,100.0,231.86,1.12,06:57:00,17:54:00
24820,1483175101,12/30/2016 12:00:00 AM,23:05:01,1.21,44.0,30.34,101.0,232.08,2.25,06:57:00,17:54:00
24821,1483174803,12/30/2016 12:00:00 AM,23:00:03,1.21,44.0,30.34,101.0,224.35,1.12,06:57:00,17:54:00
24822,1483174503,12/30/2016 12:00:00 AM,22:55:03,1.2,44.0,30.34,101.0,203.52,2.25,06:57:00,17:54:00
24823,1483174201,12/30/2016 12:00:00 AM,22:50:01,1.2,44.0,30.34,101.0,203.54,2.25,06:57:00,17:54:00
24824,1483173904,12/30/2016 12:00:00 AM,22:45:04,1.21,44.0,30.34,101.0,203.38,3.37,06:57:00,17:54:00
24825,1483173603,12/30/2016 12:00:00 AM,22:40:03,1.21,44.0,30.34,101.0,203.26,2.25,06:57:00,17:54:00
24826,1483173302,12/30/2016 12:00:00 AM,22:35:02,1.19,44.0,30.34,101.0,201.65,1.12,06:57:00,17:54:00
24827,1483173005,12/30/2016 12:00:00 AM,22:30:05,1.22,44.0,30.34,101.0,201.63,2.25,06:57:00,17:54:00
24828,1483172702,12/30/2016 12:00:00 AM,22:25:02,1.22,44.0,30.34,101.0,201.59,3.37,06:57:00,17:54:00
24829,1483172404,12/30/2016 12:00:00 AM,22:20:04,1.24,44.0,30.34,101.0,201.42,2.25,06:57:00,17:54:00
24830,1483172102,12/30/2016 12:00:00 AM,22:15:02,1.19,44.0,30.34,101.0,208.59,4.5,06:57:00,17:54:00
24831,1483171802,12/30/2016 12:00:00 AM,22:10:02,1.21,44.0,30.34,101.0,222.86,3.37,06:57:00,17:54:00
24832,1483171502,12/30/2016 12:00:00 AM,22:05:02,1.2,44.0,30.35,74.83719267708949,233.75,4.5,06:57:00,17:54:00
24833,1483171201,12/30/2016 12:00:00 AM,22:00:01,1.2,44.0,30.35,101.0,238.82,4.5,06:57:00,17:54:00
24834,1483170908,12/30/2016 12:00:00 AM,21:55:08,1.21,44.0,30.35,102.0,238.92,2.25,06:57:00,17:54:00
24835,1483170602,12/30/2016 12:00:00 AM,21:50:02,1.24,45.0,30.35,102.0,238.9,3.37,06:57:00,17:54:00
24836,1483170302,12/30/2016 12:00:00 AM,21:45:02,1.19,45.0,30.35,101.0,247.73,3.37,06:57:00,17:54:00
24837,1483170001,12/30/2016 12:00:00 AM,21:40:01,1.24,45.0,30.35,101.0,263.1,4.5,06:57:00,17:54:00
24838,1483169705,12/30/2016 12:00:00 AM,21:35:05,1.18,45.0,30.35,101.0,248.12,4.5,06:57:00,17:54:00
24839,1483169402,12/30/2016 12:00:00 AM,21:30:02,1.21,45.0,30.34,101.0,251.58,2.25,06:57:00,17:54:00
24840,1483169103,12/30/2016 12:00:00 AM,21:25:03,1.23,45.0,30.34,101.0,276.52,3.37,06:57:00,17:54:00
24841,1483168805,12/30/2016 12:00:00 AM,21:20:05,1.23,45.0,30.34,101.0,252.58,3.37,06:57:00,17:54:00
24842,1483168501,12/30/2016 12:00:00 AM,21:15:01,1.23,45.0,30.34,101.0,290.44,2.25,06:57:00,17:54:00
24843,1483168202,12/30/2016 12:00:00 AM,21:10:02,1.18,45.0,30.34,101.0,311.88,0.0,06:57:00,17:54:00
24844,1483167903,12/30/2016 12:00:00 AM,21:05:03,1.24,45.0,30.34,101.0,310.5,4.5,06:57:00,17:54:00
24845,1483167602,12/30/2016 12:00:00 AM,21:00:02,1.2,45.0,30.34,101.0,309.37,1.12,06:57:00,17:54:00
24846,1483167301,12/30/2016 12:00:00 AM,20:55:01,1.21,45.0,30.34,101.0,307.31,2.25,06:57:00,17:54:00
24847,1483167003,12/30/2016 12:00:00 AM,20:50:03,1.22,45.0,30.34,101.0,307.3,1.12,06:57:00,17:54:00
24848,1483166702,12/30/2016 12:00:00 AM,20:45:02,1.2,45.0,30.34,101.0,308.01,1.12,06:57:00,17:54:00
24849,1483166403,12/30/2016 12:00:00 AM,20:40:03,1.21,45.0,30.34,101.0,306.19,3.37,06:57:00,17:54:00
24850,1483166102,12/30/2016 12:00:00 AM,20:35:02,1.22,45.0,30.34,101.0,271.78,4.5,06:57:00,17:54:00
24851,1483165806,12/30/2016 12:00:00 AM,20:30:06,1.2,45.0,30.34,101.0,314.17,2.25,06:57:00,17:54:00
24852,1483165501,12/30/2016 12:00:00 AM,20:25:01,1.21,45.0,30.34,101.0,314.32,0.0,06:57:00,17:54:00
24853,1483165205,12/30/2016 12:00:00 AM,20:20:05,1.21,45.0,30.34,101.0,315.72,5.62,06:57:00,17:54:00
24854,1483164902,12/30/2016 12:00:00 AM,20:15:02,1.22,45.0,30.34,101.0,319.97,4.5,06:57:00,17:54:00
24855,1483164602,12/30/2016 12:00:00 AM,20:10:02,1.23,45.0,30.34,100.0,310.19,5.62,06:57:00,17:54:00
24856,1483164301,12/30/2016 12:00:00 AM,20:05:01,1.22,45.0,30.33,100.0,308.32,7.87,06:57:00,17:54:00
24857,1483164001,12/30/2016 12:00:00 AM,20:00:01,1.22,45.0,30.33,74.83719267708949,319.68,4.5,06:57:00,17:54:00
24858,1483163704,12/30/2016 12:00:00 AM,19:55:04,1.21,45.0,30.33,100.0,303.09,11.25,06:57:00,17:54:00
24859,1483163402,12/30/2016 12:00:00 AM,19:50:02,1.22,45.0,30.33,99.0,331.93,6.75,06:57:00,17:54:00
24860,1483163105,12/30/2016 12:00:00 AM,19:45:05,1.22,45.0,30.32,99.0,297.81,10.12,06:57:00,17:54:00
24861,1483162801,12/30/2016 12:00:00 AM,19:40:01,1.19,45.0,30.32,98.0,282.89,7.87,06:57:00,17:54:00
24862,1483162502,12/30/2016 12:00:00 AM,19:35:02,1.2,45.0,30.32,97.0,289.4,9.0,06:57:00,17:54:00
24863,1483162202,12/30/2016 12:00:00 AM,19:30:02,1.17,46.0,30.32,95.0,281.29,7.87,06:57:00,17:54:00
24864,1483161902,12/30/2016 12:00:00 AM,19:25:02,1.22,47.0,30.32,87.0,297.5,9.0,06:57:00,17:54:00
24865,1483161603,12/30/2016 12:00:00 AM,19:20:03,1.2,47.0,30.31,79.0,219.92,9.0,06:57:00,17:54:00
24866,1483161303,12/30/2016 12:00:00 AM,19:15:03,1.23,46.0,30.31,81.0,215.06,9.0,06:57:00,17:54:00
24867,1483161001,12/30/2016 12:00:00 AM,19:10:01,1.2,46.0,30.31,84.0,206.75,12.37,06:57:00,17:54:00
24868,1483160702,12/30/2016 12:00:00 AM,19:05:02,1.22,45.0,30.3,87.0,202.18,13.5,06:57:00,17:54:00
24869,1483160403,12/30/2016 12:00:00 AM,19:00:03,1.2,45.0,30.31,90.0,214.31,12.37,06:57:00,17:54:00
24870,1483160102,12/30/2016 12:00:00 AM,18:55:02,1.18,44.0,30.31,90.0,210.27,11.25,06:57:00,17:54:00
24871,1483159805,12/30/2016 12:00:00 AM,18:50:05,1.23,44.0,30.31,90.0,216.28,11.25,06:57:00,17:54:00
24872,1483159503,12/30/2016 12:00:00 AM,18:45:03,1.25,44.0,30.31,90.0,208.94,14.62,06:57:00,17:54:00
24873,1483159204,12/30/2016 12:00:00 AM,18:40:04,1.2,44.0,30.31,89.0,210.2,9.0,06:57:00,17:54:00
24874,1483158903,12/30/2016 12:00:00 AM,18:35:03,1.23,44.0,30.32,87.0,236.45,5.62,06:57:00,17:54:00
24875,1483158605,12/30/2016 12:00:00 AM,18:30:05,1.18,44.0,30.33,87.0,286.67,9.0,06:57:00,17:54:00
24876,1483158302,12/30/2016 12:00:00 AM,18:25:02,1.23,45.0,30.33,86.0,292.79,5.62,06:57:00,17:54:00
24877,1483158003,12/30/2016 12:00:00 AM,18:20:03,1.21,45.0,30.33,86.0,278.82,12.37,06:57:00,17:54:00
24878,1483157702,12/30/2016 12:00:00 AM,18:15:02,1.25,46.0,30.33,83.0,271.51,21.37,06:57:00,17:54:00
24879,1483157402,12/30/2016 12:00:00 AM,18:10:02,1.27,48.0,30.33,83.0,250.17,14.62,06:57:00,17:54:00
24880,1483157104,12/30/2016 12:00:00 AM,18:05:04,1.23,48.0,30.32,95.0,309.58,7.87,06:57:00,17:54:00
24881,1483156802,12/30/2016 12:00:00 AM,18:00:02,1.22,48.0,30.31,96.0,245.67,3.37,06:57:00,17:54:00
24882,1483156502,12/30/2016 12:00:00 AM,17:55:02,1.63,48.0,30.31,97.0,348.46,2.25,06:57:00,17:54:00
24883,1483156205,12/30/2016 12:00:00 AM,17:50:05,2.78,48.0,30.31,97.0,348.46,3.37,06:57:00,17:54:00
24884,1483155904,12/30/2016 12:00:00 AM,17:45:04,5.76,48.0,30.31,97.0,14.39,1.12,06:57:00,17:54:00
24885,1483155602,12/30/2016 12:00:00 AM,17:40:02,8.8,48.0,30.31,97.0,352.02,3.37,06:57:00,17:54:00
24886,1483155302,12/30/2016 12:00:00 AM,17:35:02,13.8,48.0,30.31,97.0,352.02,1.12,06:57:00,17:54:00
24887,1483155004,12/30/2016 12:00:00 AM,17:30:04,22.92,48.0,30.31,97.0,352.01,0.0,06:57:00,17:54:00
24888,1483154702,12/30/2016 12:00:00 AM,17:25:02,13.19,48.0,30.31,97.0,352.01,0.0,06:57:00,17:54:00
24889,1483154405,12/30/2016 12:00:00 AM,17:20:05,8.48,48.0,30.3,97.0,351.49,1.12,06:57:00,17:54:00
24890,1483154102,12/30/2016 12:00:00 AM,17:15:02,21.2,48.0,30.3,97.0,351.79,2.25,06:57:00,17:54:00
24891,1483153801,12/30/2016 12:00:00 AM,17:10:01,26.42,48.0,30.3,97.0,339.79,4.5,06:57:00,17:54:00
24892,1483153504,12/30/2016 12:00:00 AM,17:05:04,27.2,48.0,30.3,97.0,16.24,3.37,06:57:00,17:54:00
24893,1483153202,12/30/2016 12:00:00 AM,17:00:02,32.27,49.0,30.3,97.0,17.75,2.25,06:57:00,17:54:00
24894,1483152901,12/30/2016 12:00:00 AM,16:55:01,25.43,49.0,30.3,97.0,17.3,2.25,06:57:00,17:54:00
24895,1483152604,12/30/2016 12:00:00 AM,16:50:04,33.49,49.0,30.3,96.0,16.76,3.37,06:57:00,17:54:00
24896,1483152304,12/30/2016 12:00:00 AM,16:45:04,37.42,49.0,30.3,96.0,16.76,2.25,06:57:00,17:54:00
24897,1483152001,12/30/2016 12:00:00 AM,16:40:01,31.83,49.0,30.29,95.0,16.71,1.12,06:57:00,17:54:00
24898,1483151704,12/30/2016 12:00:00 AM,16:35:04,66.59,49.0,30.3,94.0,27.65,3.37,06:57:00,17:54:00
24899,1483151402,12/30/2016 12:00:00 AM,16:30:02,32.44,49.0,30.3,95.0,359.82,3.37,06:57:00,17:54:00
24900,1483151104,12/30/2016 12:00:00 AM,16:25:04,38.35,49.0,30.3,94.0,336.45,2.25,06:57:00,17:54:00
24901,1483150808,12/30/2016 12:00:00 AM,16:20:08,53.84,49.0,30.29,94.0,336.7,4.5,06:57:00,17:54:00
24902,1483150501,12/30/2016 12:00:00 AM,16:15:01,40.73,50.0,30.29,90.0,336.22,3.37,06:57:00,17:54:00
24903,1483150201,12/30/2016 12:00:00 AM,16:10:01,26.36,49.0,30.3,86.0,306.98,1.12,06:57:00,17:54:00
24904,1483149901,12/30/2016 12:00:00 AM,16:05:01,62.69,49.0,30.29,86.0,306.98,1.12,06:57:00,17:54:00
24905,1483149602,12/30/2016 12:00:00 AM,16:00:02,88.63,49.0,30.29,87.0,305.86,1.12,06:57:00,17:54:00
24906,1483149303,12/30/2016 12:00:00 AM,15:55:03,61.64,49.0,30.29,87.0,306.15,3.37,06:57:00,17:54:00
24907,1483149004,12/30/2016 12:00:00 AM,15:50:04,66.36,50.0,30.29,85.0,307.95,0.0,06:57:00,17:54:00
24908,1483148704,12/30/2016 12:00:00 AM,15:45:04,42.97,50.0,30.29,84.0,359.77,0.0,06:57:00,17:54:00
24909,1483148402,12/30/2016 12:00:00 AM,15:40:02,73.72,50.0,30.29,84.0,359.82,3.37,06:57:00,17:54:00
24910,1483148102,12/30/2016 12:00:00 AM,15:35:02,48.2,50.0,30.29,82.0,359.81,2.25,06:57:00,17:54:00
24911,1483147808,12/30/2016 12:00:00 AM,15:30:08,75.46,50.0,30.29,80.0,356.17,1.12,06:57:00,17:54:00
24912,1483147201,12/30/2016 12:00:00 AM,15:20:01,149.98,50.0,30.29,82.0,355.55,2.25,06:57:00,17:54:00
24913,1483146902,12/30/2016 12:00:00 AM,15:15:02,90.35,50.0,30.28,81.0,275.59,0.0,06:57:00,17:54:00
24914,1483146304,12/30/2016 12:00:00 AM,15:05:04,107.26,50.0,30.29,80.0,345.91,4.5,06:57:00,17:54:00
24915,1483146003,12/30/2016 12:00:00 AM,15:00:03,121.19,50.0,30.28,80.0,359.82,4.5,06:57:00,17:54:00
24916,1483145701,12/30/2016 12:00:00 AM,14:55:01,97.2,50.0,30.28,79.0,359.81,0.0,06:57:00,17:54:00
24917,1483145401,12/30/2016 12:00:00 AM,14:50:01,92.92,50.0,30.28,78.0,359.82,2.25,06:57:00,17:54:00
24918,1483145102,12/30/2016 12:00:00 AM,14:45:02,113.99,50.0,30.29,77.0,287.03,1.12,06:57:00,17:54:00
24919,1483144803,12/30/2016 12:00:00 AM,14:40:03,167.49,50.0,30.28,77.0,143.54770303349548,2.25,06:57:00,17:54:00
24920,1483144504,12/30/2016 12:00:00 AM,14:35:04,97.21,50.0,30.29,78.0,343.96,1.12,06:57:00,17:54:00
24921,1483144201,12/30/2016 12:00:00 AM,14:30:01,187.33,50.0,30.29,76.0,332.76,1.12,06:57:00,17:54:00
24922,1483143905,12/30/2016 12:00:00 AM,14:25:05,157.83,50.0,30.29,75.0,8.53,1.12,06:57:00,17:54:00
24923,1483143601,12/30/2016 12:00:00 AM,14:20:01,166.26,51.0,30.28,75.0,8.53,4.5,06:57:00,17:54:00
24924,1483143302,12/30/2016 12:00:00 AM,14:15:02,225.81,51.0,30.28,75.0,351.63,3.37,06:57:00,17:54:00
24925,1483143002,12/30/2016 12:00:00 AM,14:10:02,315.93,51.0,30.28,76.0,354.4,6.75,06:57:00,17:54:00
24926,1483142702,12/30/2016 12:00:00 AM,14:05:02,301.35,51.0,30.29,76.0,8.53,6.75,06:57:00,17:54:00
24927,1483142402,12/30/2016 12:00:00 AM,14:00:02,301.3,51.0,30.29,77.0,333.74,4.5,06:57:00,17:54:00
24928,1483142103,12/30/2016 12:00:00 AM,13:55:03,392.38,51.0,30.29,78.0,341.43,6.75,06:57:00,17:54:00
24929,1483141801,12/30/2016 12:00:00 AM,13:50:01,321.86,51.0,30.29,78.0,349.82,5.62,06:57:00,17:54:00
24930,1483141502,12/30/2016 12:00:00 AM,13:45:02,382.86,51.0,30.29,76.0,347.02,4.5,06:57:00,17:54:00
24931,1483141201,12/30/2016 12:00:00 AM,13:40:01,303.48,51.0,30.29,75.0,345.39,3.37,06:57:00,17:54:00
24932,1483140904,12/30/2016 12:00:00 AM,13:35:04,386.49,50.0,30.29,76.0,296.07,3.37,06:57:00,17:54:00
24933,1483140603,12/30/2016 12:00:00 AM,13:30:03,320.75,50.0,30.29,75.0,347.65,3.37,06:57:00,17:54:00
24934,1483140304,12/30/2016 12:00:00 AM,13:25:04,405.0,50.0,30.29,76.0,349.91,6.75,06:57:00,17:54:00
24935,1483140001,12/30/2016 12:00:00 AM,13:20:01,439.43,50.0,30.29,74.0,336.44,0.0,06:57:00,17:54:00
24936,1483139701,12/30/2016 12:00:00 AM,13:15:01,397.79,50.0,30.29,75.0,336.45,2.25,06:57:00,17:54:00
24937,1483139402,12/30/2016 12:00:00 AM,13:10:02,407.04,50.0,30.3,74.0,359.81,5.62,06:57:00,17:54:00
24938,1483139103,12/30/2016 12:00:00 AM,13:05:03,427.74,50.0,30.3,74.0,359.8,4.5,06:57:00,17:54:00
24939,1483138802,12/30/2016 12:00:00 AM,13:00:02,382.06,50.0,30.3,73.0,8.54,2.25,06:57:00,17:54:00
24940,1483138202,12/30/2016 12:00:00 AM,12:50:02,336.41,50.0,30.3,74.0,359.3,2.25,06:57:00,17:54:00
24941,1483137901,12/30/2016 12:00:00 AM,12:45:01,320.16,50.0,30.31,74.0,346.03,5.62,06:57:00,17:54:00
24942,1483137605,12/30/2016 12:00:00 AM,12:40:05,313.87,50.0,30.31,71.0,20.86,3.37,06:57:00,17:54:00
24943,1483137301,12/30/2016 12:00:00 AM,12:35:01,344.07,50.0,30.31,71.0,8.52,3.37,06:57:00,17:54:00
24944,1483137005,12/30/2016 12:00:00 AM,12:30:05,344.56,50.0,30.31,71.0,359.81,4.5,06:57:00,17:54:00
24945,1483136702,12/30/2016 12:00:00 AM,12:25:02,376.16,50.0,30.32,70.0,357.37,5.62,06:57:00,17:54:00
24946,1483136402,12/30/2016 12:00:00 AM,12:20:02,378.1,50.0,30.32,68.0,8.52,5.62,06:57:00,17:54:00
24947,1483136103,12/30/2016 12:00:00 AM,12:15:03,365.03,50.0,30.32,71.0,10.71,6.75,06:57:00,17:54:00
24948,1483135803,12/30/2016 12:00:00 AM,12:10:03,350.45,50.0,30.32,70.0,308.72,7.87,06:57:00,17:54:00
24949,1483135505,12/30/2016 12:00:00 AM,12:05:05,361.77,50.0,30.32,69.0,326.08,6.75,06:57:00,17:54:00
24950,1483135206,12/30/2016 12:00:00 AM,12:00:06,380.01,50.0,30.32,69.0,313.56,5.62,06:57:00,17:54:00
24951,1483134904,12/30/2016 12:00:00 AM,11:55:04,352.16,50.0,30.33,68.0,332.97,3.37,06:57:00,17:54:00
24952,1483134608,12/30/2016 12:00:00 AM,11:50:08,342.86,50.0,30.33,68.0,329.99,4.5,06:57:00,17:54:00
24953,1483134302,12/30/2016 12:00:00 AM,11:45:02,317.92,50.0,30.33,70.0,330.15,4.5,06:57:00,17:54:00
24954,1483134003,12/30/2016 12:00:00 AM,11:40:03,313.99,50.0,30.33,70.0,345.86,5.62,06:57:00,17:54:00
24955,1483133706,12/30/2016 12:00:00 AM,11:35:06,317.38,50.0,30.33,69.0,303.56,4.5,06:57:00,17:54:00
24956,1483133405,12/30/2016 12:00:00 AM,11:30:05,325.35,50.0,30.33,69.0,342.86,3.37,06:57:00,17:54:00
24957,1483133105,12/30/2016 12:00:00 AM,11:25:05,329.33,50.0,30.33,70.0,355.4,3.37,06:57:00,17:54:00
24958,1483132805,12/30/2016 12:00:00 AM,11:20:05,335.0,50.0,30.33,66.0,336.61,0.0,06:57:00,17:54:00
24959,1483132505,12/30/2016 12:00:00 AM,11:15:05,323.33,50.0,30.33,68.0,338.27,1.12,06:57:00,17:54:00
24960,1483132205,12/30/2016 12:00:00 AM,11:10:05,326.84,50.0,30.33,66.0,344.78,2.25,06:57:00,17:54:00
24961,1483131903,12/30/2016 12:00:00 AM,11:05:03,323.84,49.0,30.33,67.0,302.07,5.62,06:57:00,17:54:00
24962,1483131604,12/30/2016 12:00:00 AM,11:00:04,334.32,49.0,30.34,67.0,21.93,1.12,06:57:00,17:54:00
24963,1483131302,12/30/2016 12:00:00 AM,10:55:02,347.96,49.0,30.34,66.0,21.93,0.0,06:57:00,17:54:00
24964,1483131005,12/30/2016 12:00:00 AM,10:50:05,362.46,49.0,30.34,68.0,21.93,3.37,06:57:00,17:54:00
24965,1483130717,12/30/2016 12:00:00 AM,10:45:17,298.35,49.0,30.34,63.0,21.96,0.0,06:57:00,17:54:00
24966,1483130402,12/30/2016 12:00:00 AM,10:40:02,347.59,49.0,30.34,74.0,21.95,2.25,06:57:00,17:54:00
24967,1483130118,12/30/2016 12:00:00 AM,10:35:18,316.62,49.0,30.34,67.0,21.97,2.25,06:57:00,17:54:00
24968,1483129821,12/30/2016 12:00:00 AM,10:30:21,355.18,49.0,30.34,72.0,21.97,2.25,06:57:00,17:54:00
24969,1483129518,12/30/2016 12:00:00 AM,10:25:18,321.69,50.0,30.34,72.0,22.74,3.37,06:57:00,17:54:00
24970,1483129217,12/30/2016 12:00:00 AM,10:20:17,338.46,50.0,30.34,69.0,24.91,2.25,06:57:00,17:54:00
24971,1483128902,12/30/2016 12:00:00 AM,10:15:02,372.22,50.0,30.34,70.0,24.96,1.12,06:57:00,17:54:00
24972,1483128602,12/30/2016 12:00:00 AM,10:10:02,370.33,50.0,30.34,57.0,54.66,3.37,06:57:00,17:54:00
24973,1483128302,12/30/2016 12:00:00 AM,10:05:02,330.66,50.0,30.34,49.0,76.86,0.0,06:57:00,17:54:00
24974,1483128002,12/30/2016 12:00:00 AM,10:00:02,300.25,50.0,30.34,50.0,76.85,1.12,06:57:00,17:54:00
24975,1483127703,12/30/2016 12:00:00 AM,09:55:03,303.28,50.0,30.34,45.0,81.47,1.12,06:57:00,17:54:00
24976,1483127403,12/30/2016 12:00:00 AM,09:50:03,315.15,49.0,30.34,53.0,81.47,1.12,06:57:00,17:54:00
24977,1483127102,12/30/2016 12:00:00 AM,09:45:02,300.89,49.0,30.34,51.0,83.06,2.25,06:57:00,17:54:00
24978,1483126802,12/30/2016 12:00:00 AM,09:40:02,278.13,49.0,30.34,56.0,78.63,3.37,06:57:00,17:54:00
24979,1483126502,12/30/2016 12:00:00 AM,09:35:02,278.58,49.0,30.34,52.0,193.67,0.0,06:57:00,17:54:00
24980,1483126209,12/30/2016 12:00:00 AM,09:30:09,271.85,48.0,30.33,52.0,193.69,2.25,06:57:00,17:54:00
24981,1483125901,12/30/2016 12:00:00 AM,09:25:01,264.27,48.0,30.34,51.0,194.33,1.12,06:57:00,17:54:00
24982,1483125602,12/30/2016 12:00:00 AM,09:20:02,263.29,47.0,30.33,52.0,194.33,1.12,06:57:00,17:54:00
24983,1483125304,12/30/2016 12:00:00 AM,09:15:04,261.7,47.0,30.33,54.0,194.33,0.0,06:57:00,17:54:00
24984,1483125003,12/30/2016 12:00:00 AM,09:10:03,216.69,46.0,30.33,52.0,194.33,1.12,06:57:00,17:54:00
24985,1483124703,12/30/2016 12:00:00 AM,09:05:03,200.7,46.0,30.33,52.0,194.33,1.12,06:57:00,17:54:00
24986,1483124403,12/30/2016 12:00:00 AM,09:00:03,172.14,45.0,30.33,52.0,194.32,1.12,06:57:00,17:54:00
24987,1483124105,12/30/2016 12:00:00 AM,08:55:05,175.1,45.0,30.33,55.0,194.32,0.0,06:57:00,17:54:00
24988,1483123802,12/30/2016 12:00:00 AM,08:50:02,172.39,45.0,30.33,58.0,194.33,1.12,06:57:00,17:54:00
24989,1483123502,12/30/2016 12:00:00 AM,08:45:02,156.54,44.0,30.33,56.0,192.67,7.87,06:57:00,17:54:00
24990,1483123202,12/30/2016 12:00:00 AM,08:40:02,121.65,44.0,30.32,62.0,192.13,7.87,06:57:00,17:54:00
24991,1483122902,12/30/2016 12:00:00 AM,08:35:02,100.13,44.0,30.32,61.0,192.11,7.87,06:57:00,17:54:00
24992,1483122601,12/30/2016 12:00:00 AM,08:30:01,99.44,43.0,30.32,62.0,199.82,5.62,06:57:00,17:54:00
24993,1483122302,12/30/2016 12:00:00 AM,08:25:02,106.34,43.0,30.32,63.0,198.1,5.62,06:57:00,17:54:00
24994,1483122002,12/30/2016 12:00:00 AM,08:20:02,101.36,42.0,30.32,64.0,197.55,6.75,06:57:00,17:54:00
24995,1483121706,12/30/2016 12:00:00 AM,08:15:06,84.65,41.0,30.32,70.0,194.05,5.62,06:57:00,17:54:00
24996,1483121402,12/30/2016 12:00:00 AM,08:10:02,74.85,41.0,30.32,78.0,170.6,4.5,06:57:00,17:54:00
24997,1483121108,12/30/2016 12:00:00 AM,08:05:08,68.04,41.0,30.31,75.0,170.4,3.37,06:57:00,17:54:00
24998,1483120805,12/30/2016 12:00:00 AM,08:00:05,70.46,41.0,30.32,75.0,170.05,1.12,06:57:00,17:54:00
24999,1483120503,12/30/2016 12:00:00 AM,07:55:03,58.53,51.16507236474315,30.32,74.0,170.01,3.37,06:57:00,17:54:00
25000,1483120202,12/30/2016 12:00:00 AM,07:50:02,47.73,41.0,30.32,74.0,169.84,2.25,06:57:00,17:54:00
25001,1483119908,12/30/2016 12:00:00 AM,07:45:08,45.16,41.0,30.31,71.0,169.84,3.37,06:57:00,17:54:00
25002,1483119603,12/30/2016 12:00:00 AM,07:40:03,38.49,41.0,30.31,68.0,175.3,4.5,06:57:00,17:54:00
25003,1483119305,12/30/2016 12:00:00 AM,07:35:05,34.65,40.0,30.31,70.0,179.0,4.5,06:57:00,17:54:00
25004,1483119002,12/30/2016 12:00:00 AM,07:30:02,25.74,40.0,30.31,71.0,179.0,4.5,06:57:00,17:54:00
25005,1483118703,12/30/2016 12:00:00 AM,07:25:03,19.06,40.0,30.3,69.0,178.96,3.37,06:57:00,17:54:00
25006,1483118402,12/30/2016 12:00:00 AM,07:20:02,15.72,40.0,30.31,71.0,179.41,3.37,06:57:00,17:54:00
25007,1483118102,12/30/2016 12:00:00 AM,07:15:02,10.96,40.0,30.31,69.0,179.7,5.62,06:57:00,17:54:00
25008,1483117802,12/30/2016 12:00:00 AM,07:10:02,7.24,40.0,30.31,69.0,180.49,3.37,06:57:00,17:54:00
25009,1483117502,12/30/2016 12:00:00 AM,07:05:02,5.85,40.0,30.31,70.0,175.88,3.37,06:57:00,17:54:00
25010,1483117202,12/30/2016 12:00:00 AM,07:00:02,2.98,40.0,30.3,70.0,175.77,4.5,06:57:00,17:54:00
25011,1483116903,12/30/2016 12:00:00 AM,06:55:03,1.88,40.0,30.3,70.0,178.78,4.5,06:57:00,17:54:00
25012,1483116605,12/30/2016 12:00:00 AM,06:50:05,1.35,40.0,30.3,70.0,173.05,5.62,06:57:00,17:54:00
25013,1483116305,12/30/2016 12:00:00 AM,06:45:05,1.18,40.0,30.31,72.0,174.23,5.62,06:57:00,17:54:00
25014,1483116005,12/30/2016 12:00:00 AM,06:40:05,1.2,40.0,30.3,72.0,190.64,5.62,06:57:00,17:54:00
25015,1483115705,12/30/2016 12:00:00 AM,06:35:05,1.18,40.0,30.3,73.0,190.98,6.75,06:57:00,17:54:00
25016,1483115406,12/30/2016 12:00:00 AM,06:30:06,1.19,40.0,30.3,74.0,190.6,6.75,06:57:00,17:54:00
25017,1483115102,12/30/2016 12:00:00 AM,06:25:02,1.19,40.0,30.3,75.0,190.82,6.75,06:57:00,17:54:00
25018,1483114806,12/30/2016 12:00:00 AM,06:20:06,1.19,40.0,30.3,76.0,188.52,6.75,06:57:00,17:54:00
25019,1483114502,12/30/2016 12:00:00 AM,06:15:02,1.2,40.0,30.3,76.0,187.32,6.75,06:57:00,17:54:00
25020,1483114205,12/30/2016 12:00:00 AM,06:10:05,1.19,40.0,30.3,77.0,185.54,5.62,06:57:00,17:54:00
25021,1483113904,12/30/2016 12:00:00 AM,06:05:04,1.2,40.0,30.3,76.0,185.11,6.75,06:57:00,17:54:00
25022,1483113602,12/30/2016 12:00:00 AM,06:00:02,1.21,41.0,30.3,77.0,181.97,6.75,06:57:00,17:54:00
25023,1483113302,12/30/2016 12:00:00 AM,05:55:02,1.18,41.0,30.3,76.0,181.59,5.62,06:57:00,17:54:00
25024,1483113002,12/30/2016 12:00:00 AM,05:50:02,1.22,41.0,30.3,76.0,181.93,5.62,06:57:00,17:54:00
25025,1483112705,12/30/2016 12:00:00 AM,05:45:05,1.22,41.0,30.3,74.83719267708949,181.97,3.37,06:57:00,17:54:00
25026,1483112402,12/30/2016 12:00:00 AM,05:40:02,1.21,41.0,30.3,75.0,184.21,5.62,06:57:00,17:54:00
25027,1483112103,12/30/2016 12:00:00 AM,05:35:03,1.18,41.0,30.3,75.0,183.66,5.62,06:57:00,17:54:00
25028,1483111804,12/30/2016 12:00:00 AM,05:30:04,1.22,41.0,30.3,74.0,199.43,3.37,06:57:00,17:54:00
25029,1483111501,12/30/2016 12:00:00 AM,05:25:01,1.2,41.0,30.3,73.0,199.7,5.62,06:57:00,17:54:00
25030,1483111204,12/30/2016 12:00:00 AM,05:20:04,1.19,41.0,30.29,74.0,198.78,5.62,06:57:00,17:54:00
25031,1483110905,12/30/2016 12:00:00 AM,05:15:05,1.18,41.0,30.29,74.0,197.91,6.75,06:57:00,17:54:00
25032,1483110605,12/30/2016 12:00:00 AM,05:10:05,1.2,41.0,30.29,75.0,196.81,7.87,06:57:00,17:54:00
25033,1483110304,12/30/2016 12:00:00 AM,05:05:04,1.17,41.0,30.29,73.0,197.11,6.75,06:57:00,17:54:00
25034,1483110003,12/30/2016 12:00:00 AM,05:00:03,1.21,41.0,30.29,72.0,196.95,7.87,06:57:00,17:54:00
25035,1483109702,12/30/2016 12:00:00 AM,04:55:02,1.19,41.0,30.29,70.0,196.18,10.12,06:57:00,17:54:00
25036,1483109402,12/30/2016 12:00:00 AM,04:50:02,1.2,41.0,30.29,72.0,196.9,6.229096658193317,06:57:00,17:54:00
25037,1483109105,12/30/2016 12:00:00 AM,04:45:05,1.19,41.0,30.29,74.0,195.06,7.87,06:57:00,17:54:00
25038,1483108805,12/30/2016 12:00:00 AM,04:40:05,1.21,41.0,30.29,76.0,196.45,7.87,06:57:00,17:54:00
25039,1483108503,12/30/2016 12:00:00 AM,04:35:03,1.19,40.0,30.29,77.0,198.58,6.75,06:57:00,17:54:00
25040,1483108203,12/30/2016 12:00:00 AM,04:30:03,1.22,40.0,30.29,80.0,189.83,6.75,06:57:00,17:54:00
25041,1483107902,12/30/2016 12:00:00 AM,04:25:02,1.2,40.0,30.29,82.0,181.64,4.5,06:57:00,17:54:00
25042,1483107602,12/30/2016 12:00:00 AM,04:20:02,1.2,41.0,30.29,81.0,181.59,3.37,06:57:00,17:54:00
25043,1483107305,12/30/2016 12:00:00 AM,04:15:05,1.2,41.0,30.29,80.0,181.59,4.5,06:57:00,17:54:00
25044,1483107002,12/30/2016 12:00:00 AM,04:10:02,1.17,41.0,30.29,80.0,181.59,4.5,06:57:00,17:54:00
25045,1483106702,12/30/2016 12:00:00 AM,04:05:02,1.18,41.0,30.28,81.0,181.59,4.5,06:57:00,17:54:00
25046,1483106404,12/30/2016 12:00:00 AM,04:00:04,1.21,41.0,30.28,82.0,180.75,3.37,06:57:00,17:54:00
25047,1483106105,12/30/2016 12:00:00 AM,03:55:05,1.23,41.0,30.28,84.0,180.76,4.5,06:57:00,17:54:00
25048,1483105805,12/30/2016 12:00:00 AM,03:50:05,1.24,41.0,30.28,84.0,180.71,5.62,06:57:00,17:54:00
25049,1483105502,12/30/2016 12:00:00 AM,03:45:02,1.22,41.0,30.28,83.0,180.69,4.5,06:57:00,17:54:00
25050,1483105205,12/30/2016 12:00:00 AM,03:40:05,1.23,41.0,30.28,85.0,179.84,7.87,06:57:00,17:54:00
25051,1483104902,12/30/2016 12:00:00 AM,03:35:02,1.17,41.0,30.27,85.0,195.74,4.5,06:57:00,17:54:00
25052,1483104605,12/30/2016 12:00:00 AM,03:30:05,1.22,41.0,30.27,85.0,195.74,5.62,06:57:00,17:54:00
25053,1483104302,12/30/2016 12:00:00 AM,03:25:02,1.22,41.0,30.28,85.0,195.78,5.62,06:57:00,17:54:00
25054,1483104002,12/30/2016 12:00:00 AM,03:20:02,1.23,41.0,30.27,87.0,195.82,6.75,06:57:00,17:54:00
25055,1483103702,12/30/2016 12:00:00 AM,03:15:02,1.2,41.0,30.27,88.0,196.59,9.0,06:57:00,17:54:00
25056,1483103402,12/30/2016 12:00:00 AM,03:10:02,1.15,41.0,30.27,88.0,195.66,7.87,06:57:00,17:54:00
25057,1483103104,12/30/2016 12:00:00 AM,03:05:04,1.23,41.0,30.28,88.0,195.64,9.0,06:57:00,17:54:00
25058,1483102805,12/30/2016 12:00:00 AM,03:00:05,1.24,41.0,30.28,87.0,194.31,7.87,06:57:00,17:54:00
25059,1483102502,12/30/2016 12:00:00 AM,02:55:02,1.24,41.0,30.28,87.0,199.04,7.87,06:57:00,17:54:00
25060,1483102204,12/30/2016 12:00:00 AM,02:50:04,1.19,41.0,30.29,87.0,199.56,7.87,06:57:00,17:54:00
25061,1483101901,12/30/2016 12:00:00 AM,02:45:01,1.23,41.0,30.29,88.0,202.87,6.75,06:57:00,17:54:00
25062,1483101603,12/30/2016 12:00:00 AM,02:40:03,1.26,41.0,30.29,87.0,201.42,6.75,06:57:00,17:54:00
25063,1483101303,12/30/2016 12:00:00 AM,02:35:03,1.17,41.0,30.29,87.0,202.5,7.87,06:57:00,17:54:00
25064,1483101002,12/30/2016 12:00:00 AM,02:30:02,1.23,41.0,30.29,87.0,201.15,6.75,06:57:00,17:54:00
25065,1483100702,12/30/2016 12:00:00 AM,02:25:02,1.22,41.0,30.29,88.0,199.56,6.75,06:57:00,17:54:00
25066,1483100405,12/30/2016 12:00:00 AM,02:20:05,1.21,41.0,30.29,88.0,196.88,6.75,06:57:00,17:54:00
25067,1483100104,12/30/2016 12:00:00 AM,02:15:04,1.2,41.0,30.29,88.0,195.65,6.75,06:57:00,17:54:00
25068,1483099803,12/30/2016 12:00:00 AM,02:10:03,1.23,41.0,30.3,88.0,195.92,7.87,06:57:00,17:54:00
25069,1483099502,12/30/2016 12:00:00 AM,02:05:02,1.23,41.0,30.29,88.0,194.54,6.75,06:57:00,17:54:00
25070,1483099202,12/30/2016 12:00:00 AM,02:00:02,1.21,41.0,30.3,88.0,194.75,6.75,06:57:00,17:54:00
25071,1483098902,12/30/2016 12:00:00 AM,01:55:02,1.22,41.0,30.3,87.0,183.74,5.62,06:57:00,17:54:00
25072,1483098604,12/30/2016 12:00:00 AM,01:50:04,1.21,41.0,30.3,87.0,181.96,5.62,06:57:00,17:54:00
25073,1483098301,12/30/2016 12:00:00 AM,01:45:01,1.2,41.0,30.3,88.0,181.77,5.62,06:57:00,17:54:00
25074,1483098002,12/30/2016 12:00:00 AM,01:40:02,1.21,41.0,30.31,88.0,180.85,5.62,06:57:00,17:54:00
25075,1483097703,12/30/2016 12:00:00 AM,01:35:03,1.18,41.0,30.31,88.0,180.51,4.5,06:57:00,17:54:00
25076,1483097404,12/30/2016 12:00:00 AM,01:30:04,1.22,41.0,30.31,87.0,183.48,5.62,06:57:00,17:54:00
25077,1483097104,12/30/2016 12:00:00 AM,01:25:04,1.22,41.0,30.31,87.0,183.44,2.25,06:57:00,17:54:00
25078,1483096801,12/30/2016 12:00:00 AM,01:20:01,1.2,41.0,30.31,88.0,182.98,4.5,06:57:00,17:54:00
25079,1483096503,12/30/2016 12:00:00 AM,01:15:03,1.16,41.0,30.3,88.0,183.04,4.5,06:57:00,17:54:00
25080,1483096205,12/30/2016 12:00:00 AM,01:10:05,1.22,41.0,30.31,74.83719267708949,182.62,6.75,06:57:00,17:54:00
25081,1483095902,12/30/2016 12:00:00 AM,01:05:02,1.23,41.0,30.31,89.0,182.34,6.75,06:57:00,17:54:00
25082,1483095604,12/30/2016 12:00:00 AM,01:00:04,1.21,41.0,30.31,91.0,186.25,4.5,06:57:00,17:54:00
25083,1483095302,12/30/2016 12:00:00 AM,00:55:02,1.22,42.0,30.31,91.0,186.59,6.75,06:57:00,17:54:00
25084,1483095002,12/30/2016 12:00:00 AM,00:50:02,1.19,42.0,30.31,74.83719267708949,188.21,5.62,06:57:00,17:54:00
25085,1483094702,12/30/2016 12:00:00 AM,00:45:02,1.16,42.0,30.31,92.0,192.61,6.75,06:57:00,17:54:00
25086,1483094402,12/30/2016 12:00:00 AM,00:40:02,1.23,42.0,30.31,92.0,195.65,6.75,06:57:00,17:54:00
25087,1483094102,12/30/2016 12:00:00 AM,00:35:02,1.22,41.0,30.31,92.0,195.95,6.75,06:57:00,17:54:00
25088,1483093803,12/30/2016 12:00:00 AM,00:30:03,1.21,41.0,30.31,93.0,194.18,7.87,06:57:00,17:54:00
25089,1483093501,12/30/2016 12:00:00 AM,00:25:01,1.21,41.0,30.32,93.0,193.34,7.87,06:57:00,17:54:00
25090,1483093205,12/30/2016 12:00:00 AM,00:20:05,1.2,41.0,30.32,93.0,186.84,5.62,06:57:00,17:54:00
25091,1483092903,12/30/2016 12:00:00 AM,00:15:03,1.22,41.0,30.32,93.0,184.7,5.62,06:57:00,17:54:00
25092,1483092601,12/30/2016 12:00:00 AM,00:10:01,1.22,40.0,30.32,92.0,183.21,6.75,06:57:00,17:54:00
25093,1483092302,12/30/2016 12:00:00 AM,00:05:02,1.24,40.0,30.32,91.0,188.4,4.5,06:57:00,17:54:00
25094,1483092004,12/30/2016 12:00:00 AM,00:00:04,1.22,40.0,30.32,90.0,184.84,4.5,06:57:00,17:54:00
25095,1483091704,12/29/2016 12:00:00 AM,23:55:04,1.2,40.0,30.32,89.0,185.28,2.25,06:56:00,17:53:00
25096,1483091403,12/29/2016 12:00:00 AM,23:50:03,1.2,40.0,30.32,90.0,185.29,2.25,06:56:00,17:53:00
25097,1483091102,12/29/2016 12:00:00 AM,23:45:02,1.23,40.0,30.32,90.0,187.2,3.37,06:56:00,17:53:00
25098,1483090802,12/29/2016 12:00:00 AM,23:40:02,1.16,40.0,30.32,90.0,180.34,4.5,06:56:00,17:53:00
25099,1483090505,12/29/2016 12:00:00 AM,23:35:05,1.23,40.0,30.32,90.0,182.58,6.75,06:56:00,17:53:00
25100,1483090205,12/29/2016 12:00:00 AM,23:30:05,1.22,40.0,30.32,89.0,185.08,6.75,06:56:00,17:53:00
25101,1483089902,12/29/2016 12:00:00 AM,23:25:02,1.19,40.0,30.32,88.0,182.73,5.62,06:56:00,17:53:00
25102,1483089603,12/29/2016 12:00:00 AM,23:20:03,1.24,41.0,30.32,88.0,176.36,3.37,06:56:00,17:53:00
25103,1483089302,12/29/2016 12:00:00 AM,23:15:02,1.2,41.0,30.32,87.0,185.11,3.37,06:56:00,17:53:00
25104,1483089003,12/29/2016 12:00:00 AM,23:10:03,1.21,41.0,30.32,88.0,185.71,4.5,06:56:00,17:53:00
25105,1483088705,12/29/2016 12:00:00 AM,23:05:05,1.2,41.0,30.32,88.0,185.4,5.62,06:56:00,17:53:00
25106,1483088402,12/29/2016 12:00:00 AM,23:00:02,1.2,41.0,30.32,89.0,188.07,4.5,06:56:00,17:53:00
25107,1483088102,12/29/2016 12:00:00 AM,22:55:02,1.21,41.0,30.32,89.0,188.96,5.62,06:56:00,17:53:00
25108,1483087817,12/29/2016 12:00:00 AM,22:50:17,1.22,41.0,30.32,89.0,188.91,3.37,06:56:00,17:53:00
25109,1483087504,12/29/2016 12:00:00 AM,22:45:04,1.21,41.0,30.32,89.0,188.96,5.62,06:56:00,17:53:00
25110,1483087202,12/29/2016 12:00:00 AM,22:40:02,1.21,41.0,30.32,89.0,188.96,5.62,06:56:00,17:53:00
25111,1483086902,12/29/2016 12:00:00 AM,22:35:02,1.21,41.0,30.32,88.0,188.97,3.37,06:56:00,17:53:00
25112,1483086602,12/29/2016 12:00:00 AM,22:30:02,1.18,41.0,30.32,88.0,188.91,3.37,06:56:00,17:53:00
25113,1483086308,12/29/2016 12:00:00 AM,22:25:08,1.22,41.0,30.32,88.0,188.34,6.75,06:56:00,17:53:00
25114,1483086002,12/29/2016 12:00:00 AM,22:20:02,1.2,41.0,30.32,85.0,187.67,5.62,06:56:00,17:53:00
25115,1483085702,12/29/2016 12:00:00 AM,22:15:02,1.21,41.0,30.32,86.0,182.57,4.5,06:56:00,17:53:00
25116,1483085404,12/29/2016 12:00:00 AM,22:10:04,1.22,41.0,30.33,89.0,170.99,4.5,06:56:00,17:53:00
25117,1483085102,12/29/2016 12:00:00 AM,22:05:02,1.22,42.0,30.33,86.0,192.25,6.75,06:56:00,17:53:00
25118,1483084805,12/29/2016 12:00:00 AM,22:00:05,1.22,42.0,30.33,88.0,188.29,6.75,06:56:00,17:53:00
25119,1483084502,12/29/2016 12:00:00 AM,21:55:02,1.2,42.0,30.33,87.0,174.42,4.5,06:56:00,17:53:00
25120,1483084205,12/29/2016 12:00:00 AM,21:50:05,1.18,42.0,30.33,88.0,158.99,4.5,06:56:00,17:53:00
25121,1483083903,12/29/2016 12:00:00 AM,21:45:03,1.21,43.0,30.33,92.0,168.68,3.37,06:56:00,17:53:00
25122,1483083603,12/29/2016 12:00:00 AM,21:40:03,1.21,43.0,30.33,95.0,162.17,5.62,06:56:00,17:53:00
25123,1483083306,12/29/2016 12:00:00 AM,21:35:06,1.2,43.0,30.32,98.0,174.37,5.62,06:56:00,17:53:00
25124,1483083002,12/29/2016 12:00:00 AM,21:30:02,1.19,43.0,30.32,99.0,141.18,4.5,06:56:00,17:53:00
25125,1483082702,12/29/2016 12:00:00 AM,21:25:02,1.2,43.0,30.32,99.0,172.85,5.62,06:56:00,17:53:00
25126,1483082405,12/29/2016 12:00:00 AM,21:20:05,1.21,43.0,30.32,100.0,152.07,5.62,06:56:00,17:53:00
25127,1483082103,12/29/2016 12:00:00 AM,21:15:03,1.23,43.0,30.32,100.0,170.07,4.5,06:56:00,17:53:00
25128,1483081802,12/29/2016 12:00:00 AM,21:10:02,1.22,43.0,30.32,101.0,161.32,4.5,06:56:00,17:53:00
25129,1483081504,12/29/2016 12:00:00 AM,21:05:04,1.2,43.0,30.32,101.0,160.41,5.62,06:56:00,17:53:00
25130,1483081202,12/29/2016 12:00:00 AM,21:00:02,1.21,43.0,30.31,101.0,169.97,5.62,06:56:00,17:53:00
25131,1483080902,12/29/2016 12:00:00 AM,20:55:02,1.21,43.0,30.31,101.0,166.69,4.5,06:56:00,17:53:00
25132,1483080605,12/29/2016 12:00:00 AM,20:50:05,1.22,43.0,30.31,101.0,168.03,5.62,06:56:00,17:53:00
25133,1483080302,12/29/2016 12:00:00 AM,20:45:02,1.23,43.0,30.31,101.0,177.74,5.62,06:56:00,17:53:00
25134,1483080003,12/29/2016 12:00:00 AM,20:40:03,1.21,43.0,30.31,101.0,166.49,4.5,06:56:00,17:53:00
25135,1483079702,12/29/2016 12:00:00 AM,20:35:02,1.19,43.0,30.31,101.0,170.57,3.37,06:56:00,17:53:00
25136,1483079405,12/29/2016 12:00:00 AM,20:30:05,1.19,43.0,30.31,101.0,171.04,3.37,06:56:00,17:53:00
25137,1483079102,12/29/2016 12:00:00 AM,20:25:02,1.19,43.0,30.31,101.0,172.18,4.5,06:56:00,17:53:00
25138,1483078805,12/29/2016 12:00:00 AM,20:20:05,1.2,44.0,30.31,101.0,162.88,3.37,06:56:00,17:53:00
25139,1483078502,12/29/2016 12:00:00 AM,20:15:02,1.2,44.0,30.32,101.0,162.88,4.5,06:56:00,17:53:00
25140,1483078210,12/29/2016 12:00:00 AM,20:10:10,1.19,44.0,30.31,102.0,162.88,3.37,06:56:00,17:53:00
25141,1483077905,12/29/2016 12:00:00 AM,20:05:05,1.23,44.0,30.31,102.0,162.87,2.25,06:56:00,17:53:00
25142,1483077605,12/29/2016 12:00:00 AM,20:00:05,1.22,44.0,30.31,102.0,162.87,3.37,06:56:00,17:53:00
25143,1483077302,12/29/2016 12:00:00 AM,19:55:02,1.23,45.0,30.31,102.0,162.87,2.25,06:56:00,17:53:00
25144,1483077005,12/29/2016 12:00:00 AM,19:50:05,1.23,45.0,30.31,102.0,162.87,2.25,06:56:00,17:53:00
25145,1483076705,12/29/2016 12:00:00 AM,19:45:05,1.21,45.0,30.31,102.0,162.92,3.37,06:56:00,17:53:00
25146,1483076403,12/29/2016 12:00:00 AM,19:40:03,1.22,45.0,30.31,102.0,161.05,5.62,06:56:00,17:53:00
25147,1483076105,12/29/2016 12:00:00 AM,19:35:05,1.2,45.0,30.31,102.0,159.89,2.25,06:56:00,17:53:00
25148,1483075802,12/29/2016 12:00:00 AM,19:30:02,1.24,44.0,30.31,102.0,164.14,4.5,06:56:00,17:53:00
25149,1483075503,12/29/2016 12:00:00 AM,19:25:03,1.22,44.0,30.31,101.0,154.58,3.37,06:56:00,17:53:00
25150,1483075202,12/29/2016 12:00:00 AM,19:20:02,1.19,44.0,30.31,101.0,165.65,3.37,06:56:00,17:53:00
25151,1483074904,12/29/2016 12:00:00 AM,19:15:04,1.2,45.0,30.3,101.0,158.5,4.5,06:56:00,17:53:00
25152,1483074602,12/29/2016 12:00:00 AM,19:10:02,1.17,45.0,30.31,101.0,161.34,2.25,06:56:00,17:53:00
25153,1483074305,12/29/2016 12:00:00 AM,19:05:05,1.21,45.0,30.31,101.0,128.42,3.37,06:56:00,17:53:00
25154,1483074002,12/29/2016 12:00:00 AM,19:00:02,1.2,45.0,30.31,101.0,94.99,1.12,06:56:00,17:53:00
25155,1483073705,12/29/2016 12:00:00 AM,18:55:05,1.2,45.0,30.3,101.0,111.61,1.12,06:56:00,17:53:00
25156,1483073402,12/29/2016 12:00:00 AM,18:50:02,1.2,45.0,30.31,101.0,119.91,1.12,06:56:00,17:53:00
25157,1483073102,12/29/2016 12:00:00 AM,18:45:02,1.21,45.0,30.3,101.0,119.92,2.25,06:56:00,17:53:00
25158,1483072802,12/29/2016 12:00:00 AM,18:40:02,1.24,45.0,30.3,101.0,121.13,0.0,06:56:00,17:53:00
25159,1483072502,12/29/2016 12:00:00 AM,18:35:02,1.22,45.0,30.3,101.0,120.56,2.25,06:56:00,17:53:00
25160,1483072207,12/29/2016 12:00:00 AM,18:30:07,1.24,46.0,30.3,101.0,120.45,1.12,06:56:00,17:53:00
25161,1483071903,12/29/2016 12:00:00 AM,18:25:03,1.23,46.0,30.3,101.0,123.63,1.12,06:56:00,17:53:00
25162,1483071605,12/29/2016 12:00:00 AM,18:20:05,1.23,46.0,30.3,101.0,128.62,2.25,06:56:00,17:53:00
25163,1483071302,12/29/2016 12:00:00 AM,18:15:02,1.22,46.0,30.3,101.0,128.2,0.0,06:56:00,17:53:00
25164,1483071004,12/29/2016 12:00:00 AM,18:10:04,1.25,46.0,30.29,101.0,130.35,0.0,06:56:00,17:53:00
25165,1483070702,12/29/2016 12:00:00 AM,18:05:02,1.2,46.0,30.29,101.0,130.38,2.25,06:56:00,17:53:00
25166,1483070408,12/29/2016 12:00:00 AM,18:00:08,1.2,46.0,30.29,102.0,130.38,2.25,06:56:00,17:53:00
25167,1483070102,12/29/2016 12:00:00 AM,17:55:02,1.72,46.0,30.29,102.0,120.56,0.0,06:56:00,17:53:00
25168,1483069802,12/29/2016 12:00:00 AM,17:50:02,2.45,46.0,30.29,102.0,120.44,2.25,06:56:00,17:53:00
25169,1483069503,12/29/2016 12:00:00 AM,17:45:03,5.56,46.0,30.29,102.0,120.43,2.25,06:56:00,17:53:00
25170,1483069203,12/29/2016 12:00:00 AM,17:40:03,9.21,46.0,30.29,102.0,119.39,3.37,06:56:00,17:53:00
25171,1483068904,12/29/2016 12:00:00 AM,17:35:04,12.38,46.0,30.29,102.0,143.54770303349548,5.62,06:56:00,17:53:00
25172,1483068605,12/29/2016 12:00:00 AM,17:30:05,16.49,46.0,30.29,102.0,92.54,0.0,06:56:00,17:53:00
25173,1483068305,12/29/2016 12:00:00 AM,17:25:05,21.47,47.0,30.29,102.0,78.34,2.25,06:56:00,17:53:00
25174,1483068020,12/29/2016 12:00:00 AM,17:20:20,26.86,47.0,30.29,102.0,114.71,1.12,06:56:00,17:53:00
25175,1483067703,12/29/2016 12:00:00 AM,17:15:03,34.45,47.0,30.29,102.0,108.44,1.12,06:56:00,17:53:00
25176,1483067404,12/29/2016 12:00:00 AM,17:10:04,44.47,47.0,30.29,102.0,113.83,3.37,06:56:00,17:53:00
25177,1483067103,12/29/2016 12:00:00 AM,17:05:03,53.98,47.0,30.29,102.0,125.27,1.12,06:56:00,17:53:00
25178,1483066806,12/29/2016 12:00:00 AM,17:00:06,61.44,47.0,30.29,102.0,98.41,1.12,06:56:00,17:53:00
25179,1483066504,12/29/2016 12:00:00 AM,16:55:04,65.07,47.0,30.29,102.0,83.07,2.25,06:56:00,17:53:00
25180,1483066202,12/29/2016 12:00:00 AM,16:50:02,78.79,47.0,30.28,102.0,108.65,2.25,06:56:00,17:53:00
25181,1483065905,12/29/2016 12:00:00 AM,16:45:05,96.05,47.0,30.28,102.0,99.48,6.229096658193317,06:56:00,17:53:00
25182,1483065605,12/29/2016 12:00:00 AM,16:40:05,89.24,47.0,30.28,74.83719267708949,100.41,1.12,06:56:00,17:53:00
25183,1483065304,12/29/2016 12:00:00 AM,16:35:04,93.17,47.0,30.28,102.0,97.79,0.0,06:56:00,17:53:00
25184,1483065002,12/29/2016 12:00:00 AM,16:30:02,98.19,47.0,30.29,102.0,71.43,3.37,06:56:00,17:53:00
25185,1483064702,12/29/2016 12:00:00 AM,16:25:02,93.88,48.0,30.28,102.0,77.3,3.37,06:56:00,17:53:00
25186,1483064402,12/29/2016 12:00:00 AM,16:20:02,105.3,48.0,30.28,102.0,55.61,2.25,06:56:00,17:53:00
25187,1483064102,12/29/2016 12:00:00 AM,16:15:02,104.86,48.0,30.28,102.0,12.07,2.25,06:56:00,17:53:00
25188,1483063803,12/29/2016 12:00:00 AM,16:10:03,131.91,48.0,30.28,102.0,83.66,2.25,06:56:00,17:53:00
25189,1483063504,12/29/2016 12:00:00 AM,16:05:04,155.5,48.0,30.28,102.0,22.12,3.37,06:56:00,17:53:00
25190,1483063204,12/29/2016 12:00:00 AM,16:00:04,127.28,48.0,30.28,102.0,28.83,3.37,06:56:00,17:53:00
25191,1483062904,12/29/2016 12:00:00 AM,15:55:04,183.06,48.0,30.28,102.0,40.43,3.37,06:56:00,17:53:00
25192,1483062604,12/29/2016 12:00:00 AM,15:50:04,218.88,48.0,30.28,102.0,38.07,1.12,06:56:00,17:53:00
25193,1483062304,12/29/2016 12:00:00 AM,15:45:04,208.75,48.0,30.28,102.0,32.14,1.12,06:56:00,17:53:00
25194,1483062003,12/29/2016 12:00:00 AM,15:40:03,182.81,49.0,30.28,102.0,8.43,1.12,06:56:00,17:53:00
25195,1483061706,12/29/2016 12:00:00 AM,15:35:06,249.49,48.0,30.28,102.0,52.73,3.37,06:56:00,17:53:00
25196,1483061404,12/29/2016 12:00:00 AM,15:30:04,198.5,49.0,30.28,102.0,17.44,1.12,06:56:00,17:53:00
25197,1483061103,12/29/2016 12:00:00 AM,15:25:03,292.01,49.0,30.28,102.0,21.02,3.37,06:56:00,17:53:00
25198,1483060804,12/29/2016 12:00:00 AM,15:20:04,311.18,48.0,30.28,102.0,95.6,1.12,06:56:00,17:53:00
25199,1483060504,12/29/2016 12:00:00 AM,15:15:04,257.05,48.0,30.28,102.0,49.52,1.12,06:56:00,17:53:00
25200,1483060205,12/29/2016 12:00:00 AM,15:10:05,241.55,48.0,30.28,102.0,8.42,2.25,06:56:00,17:53:00
25201,1483059904,12/29/2016 12:00:00 AM,15:05:04,252.02,48.0,30.28,102.0,36.32,2.25,06:56:00,17:53:00
25202,1483059603,12/29/2016 12:00:00 AM,15:00:03,293.18,48.0,30.28,102.0,39.26,3.37,06:56:00,17:53:00
25203,1483059306,12/29/2016 12:00:00 AM,14:55:06,277.06,49.0,30.28,102.0,57.35,5.62,06:56:00,17:53:00
25204,1483059005,12/29/2016 12:00:00 AM,14:50:05,280.08,48.0,30.28,102.0,34.78,2.25,06:56:00,17:53:00
25205,1483058709,12/29/2016 12:00:00 AM,14:45:09,330.03,48.0,30.28,102.0,25.56,3.37,06:56:00,17:53:00
25206,1483058404,12/29/2016 12:00:00 AM,14:40:04,282.29,48.0,30.29,102.0,41.12,4.5,06:56:00,17:53:00
25207,1483058102,12/29/2016 12:00:00 AM,14:35:02,248.29,49.0,30.29,102.0,27.86,1.12,06:56:00,17:53:00
25208,1483057805,12/29/2016 12:00:00 AM,14:30:05,330.24,48.0,30.29,102.0,24.22,2.25,06:56:00,17:53:00
25209,1483057502,12/29/2016 12:00:00 AM,14:25:02,377.95,48.0,30.29,102.0,45.24,6.75,06:56:00,17:53:00
25210,1483057205,12/29/2016 12:00:00 AM,14:20:05,332.68,49.0,30.29,102.0,337.07,1.12,06:56:00,17:53:00
25211,1483056903,12/29/2016 12:00:00 AM,14:15:03,284.63,49.0,30.29,102.0,42.2,5.62,06:56:00,17:53:00
25212,1483056604,12/29/2016 12:00:00 AM,14:10:04,279.06,49.0,30.29,102.0,27.87,6.75,06:56:00,17:53:00
25213,1483056302,12/29/2016 12:00:00 AM,14:05:02,244.82,49.0,30.423028000868246,102.0,55.39,4.5,06:56:00,17:53:00
25214,1483056002,12/29/2016 12:00:00 AM,14:00:02,321.91,49.0,30.3,102.0,39.47,3.37,06:56:00,17:53:00
25215,1483055706,12/29/2016 12:00:00 AM,13:55:06,279.13,49.0,30.29,102.0,18.14,4.5,06:56:00,17:53:00
25216,1483055402,12/29/2016 12:00:00 AM,13:50:02,389.06,49.0,30.3,102.0,24.92,2.25,06:56:00,17:53:00
25217,1483055103,12/29/2016 12:00:00 AM,13:45:03,397.0,49.0,30.3,102.0,19.89,2.25,06:56:00,17:53:00
25218,1483054802,12/29/2016 12:00:00 AM,13:40:02,360.45,48.0,30.3,102.0,29.39,2.25,06:56:00,17:53:00
25219,1483054502,12/29/2016 12:00:00 AM,13:35:02,433.43,48.0,30.3,102.0,56.33,4.5,06:56:00,17:53:00
25220,1483054204,12/29/2016 12:00:00 AM,13:30:04,261.13,48.0,30.3,102.0,16.59,4.5,06:56:00,17:53:00
25221,1483053902,12/29/2016 12:00:00 AM,13:25:02,389.88,48.0,30.3,102.0,48.31,4.5,06:56:00,17:53:00
25222,1483053608,12/29/2016 12:00:00 AM,13:20:08,337.29,49.0,30.3,102.0,47.42,9.0,06:56:00,17:53:00
25223,1483053303,12/29/2016 12:00:00 AM,13:15:03,311.55,49.0,30.31,102.0,20.85,3.37,06:56:00,17:53:00
25224,1483053004,12/29/2016 12:00:00 AM,13:10:04,428.82,49.0,30.31,102.0,22.87,4.5,06:56:00,17:53:00
25225,1483052704,12/29/2016 12:00:00 AM,13:05:04,513.93,49.0,30.31,102.0,15.95,3.37,06:56:00,17:53:00
25226,1483052402,12/29/2016 12:00:00 AM,13:00:02,495.37,49.0,30.31,102.0,45.57,3.37,06:56:00,17:53:00
25227,1483052102,12/29/2016 12:00:00 AM,12:55:02,598.76,49.0,30.31,102.0,35.52,2.25,06:56:00,17:53:00
25228,1483051805,12/29/2016 12:00:00 AM,12:50:05,510.71,49.0,30.32,102.0,20.77,4.5,06:56:00,17:53:00
25229,1483051502,12/29/2016 12:00:00 AM,12:45:02,431.67,49.0,30.32,102.0,52.99,2.25,06:56:00,17:53:00
25230,1483051204,12/29/2016 12:00:00 AM,12:40:04,417.73,49.0,30.32,102.0,11.89,4.5,06:56:00,17:53:00
25231,1483050903,12/29/2016 12:00:00 AM,12:35:03,450.88,49.0,30.33,102.0,45.38,5.62,06:56:00,17:53:00
25232,1483050602,12/29/2016 12:00:00 AM,12:30:02,506.53,48.0,30.33,102.0,8.4,4.5,06:56:00,17:53:00
25233,1483050302,12/29/2016 12:00:00 AM,12:25:02,446.56,48.0,30.33,102.0,29.48,5.62,06:56:00,17:53:00
25234,1483050001,12/29/2016 12:00:00 AM,12:20:01,498.51,48.0,30.33,102.0,61.81,4.5,06:56:00,17:53:00
25235,1483049703,12/29/2016 12:00:00 AM,12:15:03,448.85,48.0,30.33,102.0,41.92,4.5,06:56:00,17:53:00
25236,1483049404,12/29/2016 12:00:00 AM,12:10:04,398.16,49.0,30.34,102.0,62.71,4.5,06:56:00,17:53:00
25237,1483049105,12/29/2016 12:00:00 AM,12:05:05,696.3,48.0,30.34,102.0,72.67,6.75,06:56:00,17:53:00
25238,1483048804,12/29/2016 12:00:00 AM,12:00:04,508.27,48.0,30.34,102.0,15.54,3.37,06:56:00,17:53:00
25239,1483048505,12/29/2016 12:00:00 AM,11:55:05,367.2,49.0,30.34,102.0,10.34,3.37,06:56:00,17:53:00
25240,1483048202,12/29/2016 12:00:00 AM,11:50:02,469.94,48.0,30.34,102.0,38.03,7.87,06:56:00,17:53:00
25241,1483047901,12/29/2016 12:00:00 AM,11:45:01,554.59,48.0,30.34,101.0,66.3,6.75,06:56:00,17:53:00
25242,1483047605,12/29/2016 12:00:00 AM,11:40:05,504.81,48.0,30.35,101.0,30.89,4.5,06:56:00,17:53:00
25243,1483047301,12/29/2016 12:00:00 AM,11:35:01,535.46,48.0,30.35,101.0,359.81,4.5,06:56:00,17:53:00
25244,1483047001,12/29/2016 12:00:00 AM,11:30:01,426.45,48.0,30.35,101.0,34.95,5.62,06:56:00,17:53:00
25245,1483046703,12/29/2016 12:00:00 AM,11:25:03,386.18,48.0,30.35,101.0,47.12,3.37,06:56:00,17:53:00
25246,1483046403,12/29/2016 12:00:00 AM,11:20:03,363.05,48.0,30.35,101.0,25.82,6.75,06:56:00,17:53:00
25247,1483046105,12/29/2016 12:00:00 AM,11:15:05,393.38,48.0,30.36,101.0,49.71,6.229096658193317,06:56:00,17:53:00
25248,1483045804,12/29/2016 12:00:00 AM,11:10:04,496.58,48.0,30.36,101.0,84.02,2.25,06:56:00,17:53:00
25249,1483045502,12/29/2016 12:00:00 AM,11:05:02,482.05,48.0,30.36,101.0,60.55,9.0,06:56:00,17:53:00
25250,1483045205,12/29/2016 12:00:00 AM,11:00:05,457.4,48.0,30.36,101.0,357.91,2.25,06:56:00,17:53:00
25251,1483044903,12/29/2016 12:00:00 AM,10:55:03,638.36,48.0,30.36,101.0,107.9,4.5,06:56:00,17:53:00
25252,1483044607,12/29/2016 12:00:00 AM,10:50:07,473.65,48.0,30.36,101.0,78.7,11.25,06:56:00,17:53:00
25253,1483044302,12/29/2016 12:00:00 AM,10:45:02,508.97,48.0,30.36,100.0,37.47,10.12,06:56:00,17:53:00
25254,1483044004,12/29/2016 12:00:00 AM,10:40:04,430.6,48.0,30.37,100.0,33.38,4.5,06:56:00,17:53:00
25255,1483043704,12/29/2016 12:00:00 AM,10:35:04,221.77,49.0,30.37,100.0,45.0,7.87,06:56:00,17:53:00
25256,1483043403,12/29/2016 12:00:00 AM,10:30:03,278.02,49.0,30.37,100.0,42.83,7.87,06:56:00,17:53:00
25257,1483043104,12/29/2016 12:00:00 AM,10:25:04,284.79,49.0,30.37,100.0,46.31,5.62,06:56:00,17:53:00
25258,1483042802,12/29/2016 12:00:00 AM,10:20:02,287.1,49.0,30.36,100.0,8.37,3.37,06:56:00,17:53:00
25259,1483042503,12/29/2016 12:00:00 AM,10:15:03,336.66,49.0,30.37,99.0,39.35,5.62,06:56:00,17:53:00
25260,1483042205,12/29/2016 12:00:00 AM,10:10:05,463.43,49.0,30.37,99.0,56.24,6.75,06:56:00,17:53:00
25261,1483041907,12/29/2016 12:00:00 AM,10:05:07,439.55,50.0,30.37,98.0,65.01,7.87,06:56:00,17:53:00
25262,1483041604,12/29/2016 12:00:00 AM,10:00:04,349.75,50.0,30.37,98.0,88.38,2.25,06:56:00,17:53:00
25263,1483041301,12/29/2016 12:00:00 AM,09:55:01,382.21,50.0,30.37,99.0,79.13,4.5,06:56:00,17:53:00
25264,1483041001,12/29/2016 12:00:00 AM,09:50:01,577.1,50.0,30.37,99.0,136.84,4.5,06:56:00,17:53:00
25265,1483040705,12/29/2016 12:00:00 AM,09:45:05,345.24,49.0,30.37,99.0,154.83,2.25,06:56:00,17:53:00
25266,1483040401,12/29/2016 12:00:00 AM,09:40:01,541.78,50.0,30.37,100.0,92.87,6.75,06:56:00,17:53:00
25267,1483040102,12/29/2016 12:00:00 AM,09:35:02,395.43,49.0,30.37,101.0,65.72,5.62,06:56:00,17:53:00
25268,1483039804,12/29/2016 12:00:00 AM,09:30:04,333.3,49.0,30.37,101.0,132.79,9.0,06:56:00,17:53:00
25269,1483039502,12/29/2016 12:00:00 AM,09:25:02,307.74,49.0,30.37,101.0,98.23,5.62,06:56:00,17:53:00
25270,1483039202,12/29/2016 12:00:00 AM,09:20:02,380.04,49.0,30.37,102.0,115.67,7.87,06:56:00,17:53:00
25271,1483038902,12/29/2016 12:00:00 AM,09:15:02,347.43,49.0,30.37,102.0,98.33,3.37,06:56:00,17:53:00
25272,1483038602,12/29/2016 12:00:00 AM,09:10:02,356.06,49.0,30.37,102.0,166.86,6.229096658193317,06:56:00,17:53:00
25273,1483038301,12/29/2016 12:00:00 AM,09:05:01,409.92,48.0,30.37,102.0,180.52,3.37,06:56:00,17:53:00
25274,1483038036,12/29/2016 12:00:00 AM,09:00:36,443.4,48.0,30.37,102.0,143.54770303349548,4.5,06:56:00,17:53:00
25275,1483037766,12/29/2016 12:00:00 AM,08:56:06,260.6,47.0,30.37,102.0,119.31,9.0,06:56:00,17:53:00
25276,1483037450,12/29/2016 12:00:00 AM,08:50:50,204.42,47.0,30.37,102.0,135.45,3.37,06:56:00,17:53:00
25277,1483036851,12/29/2016 12:00:00 AM,08:40:51,158.24,47.0,30.37,102.0,152.0,4.5,06:56:00,17:53:00
25278,1483036540,12/29/2016 12:00:00 AM,08:35:40,216.78,47.0,30.36,102.0,152.71,4.5,06:56:00,17:53:00
25279,1483036249,12/29/2016 12:00:00 AM,08:30:49,156.65,46.0,30.36,102.0,146.36,2.25,06:56:00,17:53:00
25280,1483035953,12/29/2016 12:00:00 AM,08:25:53,115.47,46.0,30.36,102.0,150.82,5.62,06:56:00,17:53:00
25281,1483035639,12/29/2016 12:00:00 AM,08:20:39,141.48,46.0,30.36,102.0,153.15,5.62,06:56:00,17:53:00
25282,1483035352,12/29/2016 12:00:00 AM,08:15:52,144.98,46.0,30.36,102.0,153.57,2.25,06:56:00,17:53:00
25283,1483035049,12/29/2016 12:00:00 AM,08:10:49,121.81,46.0,30.36,102.0,153.37,5.62,06:56:00,17:53:00
25284,1483034740,12/29/2016 12:00:00 AM,08:05:40,119.71,45.0,30.36,102.0,152.91,3.37,06:56:00,17:53:00
25285,1483034449,12/29/2016 12:00:00 AM,08:00:49,117.75,45.0,30.36,102.0,152.5,3.37,06:56:00,17:53:00
25286,1483034150,12/29/2016 12:00:00 AM,07:55:50,79.24,45.0,30.36,101.0,151.5,1.12,06:56:00,17:53:00
25287,1483033840,12/29/2016 12:00:00 AM,07:50:40,88.46,44.0,30.36,101.0,151.47,3.37,06:56:00,17:53:00
25288,1483033552,12/29/2016 12:00:00 AM,07:45:52,68.69,44.0,30.36,101.0,150.89,4.5,06:56:00,17:53:00
25289,1483033249,12/29/2016 12:00:00 AM,07:40:49,42.44,44.0,30.36,101.0,150.88,3.37,06:56:00,17:53:00
25290,1483032943,12/29/2016 12:00:00 AM,07:35:43,39.47,44.0,30.35,101.0,150.86,3.37,06:56:00,17:53:00
25291,1483032649,12/29/2016 12:00:00 AM,07:30:49,30.68,44.0,30.35,101.0,160.39,0.0,06:56:00,17:53:00
25292,1483032340,12/29/2016 12:00:00 AM,07:25:40,27.86,44.0,30.35,101.0,160.39,3.37,06:56:00,17:53:00
25293,1483032053,12/29/2016 12:00:00 AM,07:20:53,21.88,44.0,30.35,101.0,160.35,3.37,06:56:00,17:53:00
25294,1483031749,12/29/2016 12:00:00 AM,07:15:49,15.5,43.0,30.35,101.0,163.04,3.37,06:56:00,17:53:00
25295,1483031439,12/29/2016 12:00:00 AM,07:10:39,12.98,43.0,30.35,101.0,163.49,3.37,06:56:00,17:53:00
25296,1483031149,12/29/2016 12:00:00 AM,07:05:49,8.57,43.0,30.35,101.0,111.39,1.12,06:56:00,17:53:00
25297,1483030843,12/29/2016 12:00:00 AM,07:00:43,5.52,43.0,30.35,101.0,116.93,4.5,06:56:00,17:53:00
25298,1483030550,12/29/2016 12:00:00 AM,06:55:50,3.66,42.0,30.34,100.0,180.42,4.5,06:56:00,17:53:00
25299,1483030249,12/29/2016 12:00:00 AM,06:50:49,3.52,42.0,30.34,100.0,165.96,4.5,06:56:00,17:53:00
25300,1483029940,12/29/2016 12:00:00 AM,06:45:40,4.09,42.0,30.34,100.0,188.08,4.5,06:56:00,17:53:00
25301,1483029652,12/29/2016 12:00:00 AM,06:40:52,1.2,41.0,30.34,100.0,171.18,5.62,06:56:00,17:53:00
25302,1483029349,12/29/2016 12:00:00 AM,06:35:49,1.23,41.0,30.34,99.0,192.64,5.62,06:56:00,17:53:00
25303,1483029040,12/29/2016 12:00:00 AM,06:30:40,1.22,41.0,30.34,99.0,191.67,4.5,06:56:00,17:53:00
25304,1483028749,12/29/2016 12:00:00 AM,06:25:49,1.2,41.0,30.34,99.0,189.66,6.75,06:56:00,17:53:00
25305,1483028450,12/29/2016 12:00:00 AM,06:20:50,1.17,41.0,30.34,99.0,195.7,7.87,06:56:00,17:53:00
25306,1483028150,12/29/2016 12:00:00 AM,06:15:50,1.19,40.0,30.34,98.0,199.44,9.0,06:56:00,17:53:00
25307,1483027862,12/29/2016 12:00:00 AM,06:11:02,1.15,40.0,30.34,98.0,184.34,6.75,06:56:00,17:53:00
25308,1483027550,12/29/2016 12:00:00 AM,06:05:50,1.19,40.0,30.34,97.0,180.16,6.75,06:56:00,17:53:00
25309,1483027253,12/29/2016 12:00:00 AM,06:00:53,1.22,40.0,30.34,97.0,203.55,5.62,06:56:00,17:53:00
25310,1483026939,12/29/2016 12:00:00 AM,05:55:39,1.18,39.0,30.34,96.0,177.85,6.75,06:56:00,17:53:00
25311,1483026649,12/29/2016 12:00:00 AM,05:50:49,1.19,39.0,30.34,95.0,183.2,6.75,06:56:00,17:53:00
25312,1483026350,12/29/2016 12:00:00 AM,05:45:50,1.21,39.0,30.34,95.0,172.35,7.87,06:56:00,17:53:00
25313,1483026040,12/29/2016 12:00:00 AM,05:40:40,1.19,38.0,30.34,92.0,198.57,5.62,06:56:00,17:53:00
25314,1483025750,12/29/2016 12:00:00 AM,05:35:50,1.2,38.0,30.34,90.0,169.45,10.12,06:56:00,17:53:00
25315,1483025450,12/29/2016 12:00:00 AM,05:30:50,1.2,38.0,30.34,84.0,176.17,6.75,06:56:00,17:53:00
25316,1483025141,12/29/2016 12:00:00 AM,05:25:41,1.19,38.0,30.34,82.0,175.06,7.87,06:56:00,17:53:00
25317,1483024851,12/29/2016 12:00:00 AM,05:20:51,1.22,38.0,30.34,77.0,161.68,6.229096658193317,06:56:00,17:53:00
25318,1483024552,12/29/2016 12:00:00 AM,05:15:52,1.17,37.0,30.34,71.0,154.05,5.62,06:56:00,17:53:00
25319,1483024250,12/29/2016 12:00:00 AM,05:10:50,1.18,37.0,30.34,67.0,175.35,5.62,06:56:00,17:53:00
25320,1483023952,12/29/2016 12:00:00 AM,05:05:52,1.19,37.0,30.34,61.0,165.49,5.62,06:56:00,17:53:00
25321,1483023640,12/29/2016 12:00:00 AM,05:00:40,1.19,37.0,30.34,56.0,172.86,5.62,06:56:00,17:53:00
25322,1483023352,12/29/2016 12:00:00 AM,04:55:52,1.19,36.0,30.34,51.0,171.26,5.62,06:56:00,17:53:00
25323,1483023049,12/29/2016 12:00:00 AM,04:50:49,1.21,36.0,30.34,48.0,191.92,6.75,06:56:00,17:53:00
25324,1483022749,12/29/2016 12:00:00 AM,04:45:49,1.18,36.0,30.34,48.0,167.51,7.87,06:56:00,17:53:00
25325,1483022449,12/29/2016 12:00:00 AM,04:40:49,1.18,36.0,30.34,45.0,178.55,9.0,06:56:00,17:53:00
25326,1483022143,12/29/2016 12:00:00 AM,04:35:43,1.15,36.0,30.34,45.0,157.82,7.87,06:56:00,17:53:00
25327,1483021850,12/29/2016 12:00:00 AM,04:30:50,1.15,36.0,30.34,45.0,179.83,5.62,06:56:00,17:53:00
25328,1483021549,12/29/2016 12:00:00 AM,04:25:49,1.15,36.0,30.34,45.0,185.4,5.62,06:56:00,17:53:00
25329,1483021242,12/29/2016 12:00:00 AM,04:20:42,1.18,36.0,30.34,46.0,172.47,5.62,06:56:00,17:53:00
25330,1483020950,12/29/2016 12:00:00 AM,04:15:50,1.2,37.0,30.34,44.0,162.15,5.62,06:56:00,17:53:00
25331,1483020639,12/29/2016 12:00:00 AM,04:10:39,1.18,36.0,30.34,43.0,167.83,6.75,06:56:00,17:53:00
25332,1483020349,12/29/2016 12:00:00 AM,04:05:49,1.19,51.16507236474315,30.34,47.0,177.01,5.62,06:56:00,17:53:00
25333,1483020049,12/29/2016 12:00:00 AM,04:00:49,1.17,36.0,30.34,48.0,173.4,7.87,06:56:00,17:53:00
25334,1483019780,12/29/2016 12:00:00 AM,03:56:20,1.18,36.0,30.34,47.0,185.51,6.75,06:56:00,17:53:00
25335,1483019449,12/29/2016 12:00:00 AM,03:50:49,1.18,36.0,30.34,50.0,178.17,7.87,06:56:00,17:53:00
25336,1483019150,12/29/2016 12:00:00 AM,03:45:50,1.17,36.0,30.34,50.0,173.53,4.5,06:56:00,17:53:00
25337,1483018849,12/29/2016 12:00:00 AM,03:40:49,1.19,36.0,30.34,50.0,192.49,6.75,06:56:00,17:53:00
25338,1483018549,12/29/2016 12:00:00 AM,03:35:49,1.16,37.0,30.34,50.0,165.98,9.0,06:56:00,17:53:00
25339,1483018249,12/29/2016 12:00:00 AM,03:30:49,1.19,37.0,30.34,50.0,158.83,9.0,06:56:00,17:53:00
25340,1483017950,12/29/2016 12:00:00 AM,03:25:50,1.22,37.0,30.34,49.0,188.98,4.5,06:56:00,17:53:00
25341,1483017639,12/29/2016 12:00:00 AM,03:20:39,1.18,37.0,30.34,51.0,148.79,7.87,06:56:00,17:53:00
25342,1483017349,12/29/2016 12:00:00 AM,03:15:49,1.21,37.0,30.34,49.0,166.53,6.75,06:56:00,17:53:00
25343,1483017039,12/29/2016 12:00:00 AM,03:10:39,1.18,37.0,30.34,48.0,140.72,5.62,06:56:00,17:53:00
25344,1483016749,12/29/2016 12:00:00 AM,03:05:49,1.17,37.0,30.34,48.0,150.23,4.5,06:56:00,17:53:00
25345,1483016450,12/29/2016 12:00:00 AM,03:00:50,1.15,37.0,30.34,53.0,171.89,6.75,06:56:00,17:53:00
25346,1483016143,12/29/2016 12:00:00 AM,02:55:43,1.19,37.0,30.35,53.0,154.78,6.75,06:56:00,17:53:00
25347,1483015849,12/29/2016 12:00:00 AM,02:50:49,1.11,37.0,30.35,54.0,192.35,6.75,06:56:00,17:53:00
25348,1483015543,12/29/2016 12:00:00 AM,02:45:43,1.15,37.0,30.35,54.0,177.0,6.75,06:56:00,17:53:00
25349,1483015249,12/29/2016 12:00:00 AM,02:40:49,1.2,37.0,30.35,55.0,176.53,4.5,06:56:00,17:53:00
25350,1483014949,12/29/2016 12:00:00 AM,02:35:49,1.21,37.0,30.35,57.0,178.64,6.75,06:56:00,17:53:00
25351,1483014639,12/29/2016 12:00:00 AM,02:30:39,1.21,37.0,30.35,57.0,185.35,9.0,06:56:00,17:53:00
25352,1483014350,12/29/2016 12:00:00 AM,02:25:50,1.2,37.0,30.35,56.0,186.16,7.87,06:56:00,17:53:00
25353,1483014039,12/29/2016 12:00:00 AM,02:20:39,1.19,37.0,30.35,56.0,161.43,5.62,06:56:00,17:53:00
25354,1483013750,12/29/2016 12:00:00 AM,02:15:50,1.18,37.0,30.35,56.0,157.03,6.75,06:56:00,17:53:00
25355,1483013452,12/29/2016 12:00:00 AM,02:10:52,1.19,37.0,30.35,58.0,194.05,7.87,06:56:00,17:53:00
25356,1483013140,12/29/2016 12:00:00 AM,02:05:40,1.2,37.0,30.35,54.0,176.52,7.87,06:56:00,17:53:00
25357,1483012853,12/29/2016 12:00:00 AM,02:00:53,1.18,37.0,30.36,55.0,186.36,6.75,06:56:00,17:53:00
25358,1483012539,12/29/2016 12:00:00 AM,01:55:39,1.19,37.0,30.36,53.0,177.83,6.75,06:56:00,17:53:00
25359,1483012251,12/29/2016 12:00:00 AM,01:50:51,1.2,37.0,30.36,53.0,177.12,6.75,06:56:00,17:53:00
25360,1483011949,12/29/2016 12:00:00 AM,01:45:49,1.2,37.0,30.36,55.0,192.57,7.87,06:56:00,17:53:00
25361,1483011642,12/29/2016 12:00:00 AM,01:40:42,1.17,37.0,30.36,54.0,183.05,7.87,06:56:00,17:53:00
25362,1483011353,12/29/2016 12:00:00 AM,01:35:53,1.17,37.0,30.36,53.0,178.26,5.62,06:56:00,17:53:00
25363,1483011040,12/29/2016 12:00:00 AM,01:30:40,1.13,37.0,30.36,54.0,189.43,6.75,06:56:00,17:53:00
25364,1483010749,12/29/2016 12:00:00 AM,01:25:49,1.18,37.0,30.36,55.0,168.5,7.87,06:56:00,17:53:00
25365,1483010450,12/29/2016 12:00:00 AM,01:20:50,1.15,38.0,30.36,56.0,189.54,6.75,06:56:00,17:53:00
25366,1483010152,12/29/2016 12:00:00 AM,01:15:52,1.19,38.0,30.36,56.0,189.03,5.62,06:56:00,17:53:00
25367,1483009850,12/29/2016 12:00:00 AM,01:10:50,1.19,38.0,30.36,57.0,159.52,4.5,06:56:00,17:53:00
25368,1483009549,12/29/2016 12:00:00 AM,01:05:49,1.2,38.0,30.36,60.0,172.09,6.75,06:56:00,17:53:00
25369,1483009252,12/29/2016 12:00:00 AM,01:00:52,1.19,38.0,30.36,60.0,188.9,6.75,06:56:00,17:53:00
25370,1483008939,12/29/2016 12:00:00 AM,00:55:39,1.22,38.0,30.36,60.0,173.0,5.62,06:56:00,17:53:00
25371,1483008649,12/29/2016 12:00:00 AM,00:50:49,1.17,38.0,30.36,60.0,185.77,7.87,06:56:00,17:53:00
25372,1483008349,12/29/2016 12:00:00 AM,00:45:49,1.2,38.0,30.35,60.0,151.24,4.5,06:56:00,17:53:00
25373,1483008039,12/29/2016 12:00:00 AM,00:40:39,1.17,38.0,30.35,61.0,168.09,6.75,06:56:00,17:53:00
25374,1483007750,12/29/2016 12:00:00 AM,00:35:50,1.19,37.0,30.35,62.0,184.49,7.87,06:56:00,17:53:00
25375,1483007449,12/29/2016 12:00:00 AM,00:30:49,1.17,37.0,30.35,64.0,183.44,9.0,06:56:00,17:53:00
25376,1483007157,12/29/2016 12:00:00 AM,00:25:57,1.16,37.0,30.35,65.0,186.72,5.62,06:56:00,17:53:00
25377,1483006849,12/29/2016 12:00:00 AM,00:20:49,1.16,38.0,30.36,64.0,180.33,6.75,06:56:00,17:53:00
25378,1483006539,12/29/2016 12:00:00 AM,00:15:39,1.21,51.16507236474315,30.36,64.0,191.36,7.87,06:56:00,17:53:00
25379,1483006249,12/29/2016 12:00:00 AM,00:10:49,1.21,38.0,30.36,66.0,196.37,9.0,06:56:00,17:53:00
25380,1483005949,12/29/2016 12:00:00 AM,00:05:49,1.2,38.0,30.36,68.0,197.04,7.87,06:56:00,17:53:00
25381,1483005639,12/29/2016 12:00:00 AM,00:00:39,1.2,39.0,30.36,69.0,188.6,5.62,06:56:00,17:53:00
25382,1483005349,12/28/2016 12:00:00 AM,23:55:49,1.18,39.0,30.36,71.0,165.71,7.87,06:56:00,17:52:00
25383,1483005051,12/28/2016 12:00:00 AM,23:50:51,1.18,40.0,30.36,76.0,206.83,7.87,06:56:00,17:52:00
25384,1483004750,12/28/2016 12:00:00 AM,23:45:50,1.17,40.0,30.36,81.0,167.32,4.5,06:56:00,17:52:00
25385,1483004449,12/28/2016 12:00:00 AM,23:40:49,1.18,40.0,30.36,86.0,168.55,9.0,06:56:00,17:52:00
25386,1483004139,12/28/2016 12:00:00 AM,23:35:39,1.19,40.0,30.36,91.0,195.92,5.62,06:56:00,17:52:00
25387,1483003853,12/28/2016 12:00:00 AM,23:30:53,1.18,40.0,30.36,97.0,171.06,9.0,06:56:00,17:52:00
25388,1483003550,12/28/2016 12:00:00 AM,23:25:50,1.18,40.0,30.37,98.0,154.96,5.62,06:56:00,17:52:00
25389,1483003250,12/28/2016 12:00:00 AM,23:20:50,1.18,41.0,30.36,99.0,159.66,5.62,06:56:00,17:52:00
25390,1483002952,12/28/2016 12:00:00 AM,23:15:52,1.21,41.0,30.36,100.0,162.65,6.75,06:56:00,17:52:00
25391,1483002640,12/28/2016 12:00:00 AM,23:10:40,1.19,41.0,30.37,100.0,145.26,6.75,06:56:00,17:52:00
25392,1483002349,12/28/2016 12:00:00 AM,23:05:49,1.16,51.16507236474315,30.37,100.0,158.93,6.75,06:56:00,17:52:00
25393,1483002049,12/28/2016 12:00:00 AM,23:00:49,1.22,42.0,30.37,100.0,169.61,6.75,06:56:00,17:52:00
25394,1483001750,12/28/2016 12:00:00 AM,22:55:50,1.18,42.0,30.37,100.0,160.31,7.87,06:56:00,17:52:00
25395,1483001450,12/28/2016 12:00:00 AM,22:50:50,1.23,42.0,30.37,100.0,138.13,6.75,06:56:00,17:52:00
25396,1483001142,12/28/2016 12:00:00 AM,22:45:42,1.14,41.0,30.37,100.0,167.33,10.12,06:56:00,17:52:00
25397,1483000849,12/28/2016 12:00:00 AM,22:40:49,1.2,41.0,30.423028000868246,100.0,178.78,9.0,06:56:00,17:52:00
25398,1483000540,12/28/2016 12:00:00 AM,22:35:40,1.2,41.0,30.37,99.0,155.8,6.75,06:56:00,17:52:00
25399,1483000252,12/28/2016 12:00:00 AM,22:30:52,1.2,41.0,30.38,99.0,192.53,5.62,06:56:00,17:52:00
25400,1482999949,12/28/2016 12:00:00 AM,22:25:49,1.22,41.0,30.37,99.0,169.21,9.0,06:56:00,17:52:00
25401,1482999650,12/28/2016 12:00:00 AM,22:20:50,1.2,41.0,30.37,99.0,169.39,10.12,06:56:00,17:52:00
25402,1482999349,12/28/2016 12:00:00 AM,22:15:49,1.18,41.0,30.37,98.0,174.66,6.75,06:56:00,17:52:00
25403,1482999039,12/28/2016 12:00:00 AM,22:10:39,1.18,41.0,30.38,98.0,160.77,6.75,06:56:00,17:52:00
25404,1482998765,12/28/2016 12:00:00 AM,22:06:05,1.21,40.0,30.38,96.0,151.73,7.87,06:56:00,17:52:00
25405,1482998442,12/28/2016 12:00:00 AM,22:00:42,1.17,40.0,30.38,96.0,154.71,5.62,06:56:00,17:52:00
25406,1482998149,12/28/2016 12:00:00 AM,21:55:49,1.19,40.0,30.37,95.0,152.31,7.87,06:56:00,17:52:00
25407,1482997839,12/28/2016 12:00:00 AM,21:50:39,1.21,40.0,30.38,93.0,154.67,6.75,06:56:00,17:52:00
25408,1482997550,12/28/2016 12:00:00 AM,21:45:50,1.16,40.0,30.38,91.0,162.56,4.5,06:56:00,17:52:00
25409,1482997250,12/28/2016 12:00:00 AM,21:40:50,1.16,40.0,30.38,89.0,197.7,3.37,06:56:00,17:52:00
25410,1482996951,12/28/2016 12:00:00 AM,21:35:51,1.22,40.0,30.38,85.0,150.44,6.75,06:56:00,17:52:00
25411,1482996650,12/28/2016 12:00:00 AM,21:30:50,1.19,40.0,30.38,81.0,171.7,3.37,06:56:00,17:52:00
25412,1482996339,12/28/2016 12:00:00 AM,21:25:39,1.19,40.0,30.38,75.0,174.59,4.5,06:56:00,17:52:00
25413,1482996049,12/28/2016 12:00:00 AM,21:20:49,1.2,40.0,30.38,68.0,143.54770303349548,9.0,06:56:00,17:52:00
25414,1482995749,12/28/2016 12:00:00 AM,21:15:49,1.16,39.0,30.38,71.0,146.4,6.75,06:56:00,17:52:00
25415,1482995441,12/28/2016 12:00:00 AM,21:10:41,1.19,40.0,30.38,76.0,140.45,7.87,06:56:00,17:52:00
25416,1482995150,12/28/2016 12:00:00 AM,21:05:50,1.18,40.0,30.38,73.0,184.1,10.12,06:56:00,17:52:00
25417,1482994839,12/28/2016 12:00:00 AM,21:00:39,1.19,40.0,30.38,76.0,132.63,6.75,06:56:00,17:52:00
25418,1482994550,12/28/2016 12:00:00 AM,20:55:50,1.19,40.0,30.38,77.0,123.85,6.75,06:56:00,17:52:00
25419,1482994250,12/28/2016 12:00:00 AM,20:50:50,1.17,40.0,30.38,75.0,170.26,6.75,06:56:00,17:52:00
25420,1482993950,12/28/2016 12:00:00 AM,20:45:50,1.19,40.0,30.38,74.0,157.89,9.0,06:56:00,17:52:00
25421,1482993650,12/28/2016 12:00:00 AM,20:40:50,1.23,40.0,30.38,79.0,158.24,7.87,06:56:00,17:52:00
25422,1482993351,12/28/2016 12:00:00 AM,20:35:51,1.22,40.0,30.38,83.0,191.84,7.87,06:56:00,17:52:00
25423,1482993050,12/28/2016 12:00:00 AM,20:30:50,1.19,41.0,30.38,87.0,188.53,9.0,06:56:00,17:52:00
25424,1482992740,12/28/2016 12:00:00 AM,20:25:40,1.18,41.0,30.38,88.0,176.91,3.37,06:56:00,17:52:00
25425,1482992450,12/28/2016 12:00:00 AM,20:20:50,1.19,41.0,30.38,89.0,152.86,4.5,06:56:00,17:52:00
25426,1482992139,12/28/2016 12:00:00 AM,20:15:39,1.19,41.0,30.37,91.0,124.1,2.25,06:56:00,17:52:00
25427,1482991849,12/28/2016 12:00:00 AM,20:10:49,1.2,41.0,30.37,96.0,166.43,3.37,06:56:00,17:52:00
25428,1482991550,12/28/2016 12:00:00 AM,20:05:50,1.2,41.0,30.37,101.0,143.73,5.62,06:56:00,17:52:00
25429,1482991240,12/28/2016 12:00:00 AM,20:00:40,1.16,41.0,30.37,101.0,167.65,6.75,06:56:00,17:52:00
25430,1482990951,12/28/2016 12:00:00 AM,19:55:51,1.2,42.0,30.37,101.0,173.81,7.87,06:56:00,17:52:00
25431,1482990639,12/28/2016 12:00:00 AM,19:50:39,1.19,42.0,30.37,102.0,145.52,10.12,06:56:00,17:52:00
25432,1482990343,12/28/2016 12:00:00 AM,19:45:43,1.2,43.0,30.37,102.0,153.44,10.12,06:56:00,17:52:00
25433,1482990050,12/28/2016 12:00:00 AM,19:40:50,1.18,43.0,30.37,102.0,157.71,6.75,06:56:00,17:52:00
25434,1482989740,12/28/2016 12:00:00 AM,19:35:40,1.18,43.0,30.37,102.0,137.15,9.0,06:56:00,17:52:00
25435,1482989449,12/28/2016 12:00:00 AM,19:30:49,1.2,43.0,30.37,102.0,71.96,3.37,06:56:00,17:52:00
25436,1482989149,12/28/2016 12:00:00 AM,19:25:49,1.22,43.0,30.37,102.0,105.92,5.62,06:56:00,17:52:00
25437,1482988840,12/28/2016 12:00:00 AM,19:20:40,1.2,42.0,30.36,101.0,141.52,3.37,06:56:00,17:52:00
25438,1482988549,12/28/2016 12:00:00 AM,19:15:49,1.19,42.0,30.36,101.0,179.04,5.62,06:56:00,17:52:00
25439,1482988239,12/28/2016 12:00:00 AM,19:10:39,1.18,43.0,30.36,101.0,140.05,4.5,06:56:00,17:52:00
25440,1482987940,12/28/2016 12:00:00 AM,19:05:40,1.19,43.0,30.36,101.0,136.54,2.25,06:56:00,17:52:00
25441,1482987650,12/28/2016 12:00:00 AM,19:00:50,1.19,43.0,30.36,101.0,119.44,9.0,06:56:00,17:52:00
25442,1482987350,12/28/2016 12:00:00 AM,18:55:50,1.19,43.0,30.36,101.0,127.03,4.5,06:56:00,17:52:00
25443,1482987040,12/28/2016 12:00:00 AM,18:50:40,1.17,43.0,30.36,101.0,47.35,4.5,06:56:00,17:52:00
25444,1482986750,12/28/2016 12:00:00 AM,18:45:50,1.23,44.0,30.36,101.0,68.13,3.37,06:56:00,17:52:00
25445,1482986449,12/28/2016 12:00:00 AM,18:40:49,1.21,44.0,30.36,101.0,119.43,6.229096658193317,06:56:00,17:52:00
25446,1482986140,12/28/2016 12:00:00 AM,18:35:40,1.2,44.0,30.36,101.0,106.93,4.5,06:56:00,17:52:00
25447,1482985849,12/28/2016 12:00:00 AM,18:30:49,1.19,44.0,30.36,101.0,125.88,4.5,06:56:00,17:52:00
25448,1482985552,12/28/2016 12:00:00 AM,18:25:52,1.21,44.0,30.36,101.0,35.21,3.37,06:56:00,17:52:00
25449,1482985250,12/28/2016 12:00:00 AM,18:20:50,1.21,44.0,30.35,101.0,146.59,6.75,06:56:00,17:52:00
25450,1482984949,12/28/2016 12:00:00 AM,18:15:49,1.2,45.0,30.35,101.0,106.9,3.37,06:56:00,17:52:00
25451,1482984641,12/28/2016 12:00:00 AM,18:10:41,1.21,45.0,30.35,101.0,142.96,5.62,06:56:00,17:52:00
25452,1482984349,12/28/2016 12:00:00 AM,18:05:49,1.61,45.0,30.36,101.0,123.26,6.75,06:56:00,17:52:00
25453,1482984040,12/28/2016 12:00:00 AM,18:00:40,2.61,45.0,30.36,101.0,80.09,4.5,06:56:00,17:52:00
25454,1482983752,12/28/2016 12:00:00 AM,17:55:52,3.73,45.0,30.35,101.0,34.87,6.75,06:56:00,17:52:00
25455,1482983456,12/28/2016 12:00:00 AM,17:50:56,5.73,45.0,30.35,101.0,72.21,5.62,06:56:00,17:52:00
25456,1482983143,12/28/2016 12:00:00 AM,17:45:43,7.94,46.0,30.35,101.0,98.77,3.37,06:56:00,17:52:00
25457,1482982849,12/28/2016 12:00:00 AM,17:40:49,11.06,46.0,30.35,100.0,119.76,9.0,06:56:00,17:52:00
25458,1482982540,12/28/2016 12:00:00 AM,17:35:40,16.54,46.0,30.35,100.0,69.17,5.62,06:56:00,17:52:00
25459,1482982250,12/28/2016 12:00:00 AM,17:30:50,25.26,46.0,30.35,100.0,126.4,7.87,06:56:00,17:52:00
25460,1482981949,12/28/2016 12:00:00 AM,17:25:49,31.29,47.0,30.35,100.0,41.4,5.62,06:56:00,17:52:00
25461,1482981649,12/28/2016 12:00:00 AM,17:20:49,43.77,47.0,30.34,100.0,84.62,5.62,06:56:00,17:52:00
25462,1482981350,12/28/2016 12:00:00 AM,17:15:50,46.08,47.0,30.34,100.0,72.36,6.75,06:56:00,17:52:00
25463,1482981079,12/28/2016 12:00:00 AM,17:11:19,66.71,47.0,30.34,100.0,58.76,5.62,06:56:00,17:52:00
25464,1482980749,12/28/2016 12:00:00 AM,17:05:49,90.33,47.0,30.34,99.0,104.08,1.12,06:56:00,17:52:00
25465,1482980439,12/28/2016 12:00:00 AM,17:00:39,90.52,48.0,30.34,99.0,54.46,7.87,06:56:00,17:52:00
25466,1482980155,12/28/2016 12:00:00 AM,16:55:55,87.21,48.0,30.34,98.0,83.25,4.5,06:56:00,17:52:00
25467,1482979850,12/28/2016 12:00:00 AM,16:50:50,84.23,48.0,30.34,98.0,89.03,5.62,06:56:00,17:52:00
25468,1482979549,12/28/2016 12:00:00 AM,16:45:49,115.38,48.0,30.34,97.0,130.53,5.62,06:56:00,17:52:00
25469,1482979249,12/28/2016 12:00:00 AM,16:40:49,142.14,49.0,30.34,96.0,97.12,4.5,06:56:00,17:52:00
25470,1482978952,12/28/2016 12:00:00 AM,16:35:52,169.86,49.0,30.34,94.0,130.59,7.87,06:56:00,17:52:00
25471,1482978640,12/28/2016 12:00:00 AM,16:30:40,203.63,48.0,30.34,96.0,157.01,6.75,06:56:00,17:52:00
25472,1482978350,12/28/2016 12:00:00 AM,16:25:50,248.71,48.0,30.34,95.0,133.15,7.87,06:56:00,17:52:00
25473,1482978042,12/28/2016 12:00:00 AM,16:20:42,267.15,48.0,30.34,96.0,75.34,4.5,06:56:00,17:52:00
25474,1482977750,12/28/2016 12:00:00 AM,16:15:50,243.14,47.0,30.34,99.0,145.04,2.25,06:56:00,17:52:00
25475,1482977440,12/28/2016 12:00:00 AM,16:10:40,338.89,47.0,30.35,101.0,83.27,3.37,06:56:00,17:52:00
25476,1482977153,12/28/2016 12:00:00 AM,16:05:53,406.29,47.0,30.35,100.0,130.65,5.62,06:56:00,17:52:00
25477,1482976842,12/28/2016 12:00:00 AM,16:00:42,277.99,47.0,30.35,100.0,116.51,5.62,06:56:00,17:52:00
25478,1482976549,12/28/2016 12:00:00 AM,15:55:49,267.59,47.0,30.35,100.0,57.37,6.229096658193317,06:56:00,17:52:00
25479,1482976250,12/28/2016 12:00:00 AM,15:50:50,267.6,47.0,30.35,100.0,11.07,5.62,06:56:00,17:52:00
25480,1482975943,12/28/2016 12:00:00 AM,15:45:43,141.25,48.0,30.35,100.0,61.19,11.25,06:56:00,17:52:00
25481,1482975649,12/28/2016 12:00:00 AM,15:40:49,287.88,48.0,30.35,100.0,49.54,9.0,06:56:00,17:52:00
25482,1482975349,12/28/2016 12:00:00 AM,15:35:49,363.51,48.0,30.35,99.0,73.04,9.0,06:56:00,17:52:00
25483,1482975040,12/28/2016 12:00:00 AM,15:30:40,248.81,49.0,30.35,100.0,41.43,11.25,06:56:00,17:52:00
25484,1482974750,12/28/2016 12:00:00 AM,15:25:50,230.32,49.0,30.35,74.83719267708949,349.78,4.5,06:56:00,17:52:00
25485,1482974449,12/28/2016 12:00:00 AM,15:20:49,194.64,49.0,30.35,99.0,351.82,6.75,06:56:00,17:52:00
25486,1482974151,12/28/2016 12:00:00 AM,15:15:51,266.4,50.0,30.35,99.0,70.5,11.25,06:56:00,17:52:00
25487,1482973839,12/28/2016 12:00:00 AM,15:10:39,368.24,50.0,30.35,98.0,66.53,12.37,06:56:00,17:52:00
25488,1482973549,12/28/2016 12:00:00 AM,15:05:49,369.07,50.0,30.35,98.0,91.01,5.62,06:56:00,17:52:00
25489,1482973249,12/28/2016 12:00:00 AM,15:00:49,397.05,50.0,30.35,98.0,26.24,7.87,06:56:00,17:52:00
25490,1482972939,12/28/2016 12:00:00 AM,14:55:39,736.56,51.0,30.35,98.0,96.6,7.87,06:56:00,17:52:00
25491,1482972653,12/28/2016 12:00:00 AM,14:50:53,387.79,51.0,30.34,98.0,28.18,6.75,06:56:00,17:52:00
25492,1482972339,12/28/2016 12:00:00 AM,14:45:39,657.28,50.0,30.34,98.0,336.62,5.62,06:56:00,17:52:00
25493,1482972052,12/28/2016 12:00:00 AM,14:40:52,628.36,50.0,30.34,98.0,84.59,5.62,06:56:00,17:52:00
25494,1482971749,12/28/2016 12:00:00 AM,14:35:49,379.6,50.0,30.34,98.0,11.11,6.75,06:56:00,17:52:00
25495,1482971439,12/28/2016 12:00:00 AM,14:30:39,416.83,51.0,30.34,97.0,21.79,4.5,06:56:00,17:52:00
25496,1482971150,12/28/2016 12:00:00 AM,14:25:50,293.76,51.0,30.35,96.0,45.18,10.12,06:56:00,17:52:00
25497,1482970851,12/28/2016 12:00:00 AM,14:20:51,477.94,51.0,30.35,96.0,40.3,5.62,06:56:00,17:52:00
25498,1482970549,12/28/2016 12:00:00 AM,14:15:49,313.71,51.0,30.35,95.0,88.02,7.87,06:56:00,17:52:00
25499,1482970262,12/28/2016 12:00:00 AM,14:11:02,653.32,51.0,30.35,94.0,43.58,4.5,06:56:00,17:52:00
25500,1482969940,12/28/2016 12:00:00 AM,14:05:40,318.03,51.0,30.35,97.0,24.72,7.87,06:56:00,17:52:00
25501,1482969652,12/28/2016 12:00:00 AM,14:00:52,579.66,51.0,30.35,98.0,341.03,4.5,06:56:00,17:52:00
25502,1482969340,12/28/2016 12:00:00 AM,13:55:40,401.46,51.0,30.35,96.0,359.78,7.87,06:56:00,17:52:00
25503,1482969049,12/28/2016 12:00:00 AM,13:50:49,501.5,51.0,30.35,95.0,29.46,5.62,06:56:00,17:52:00
25504,1482968762,12/28/2016 12:00:00 AM,13:46:02,433.53,51.0,30.35,94.0,59.81,5.62,06:56:00,17:52:00
25505,1482968451,12/28/2016 12:00:00 AM,13:40:51,610.04,51.0,30.36,96.0,60.07,2.25,06:56:00,17:52:00
25506,1482968149,12/28/2016 12:00:00 AM,13:35:49,472.19,51.0,30.36,96.0,60.49,11.25,06:56:00,17:52:00
25507,1482967850,12/28/2016 12:00:00 AM,13:30:50,358.92,52.0,30.36,95.0,183.88,12.37,06:56:00,17:52:00
25508,1482967551,12/28/2016 12:00:00 AM,13:25:51,470.89,52.0,30.36,95.0,93.97,6.75,06:56:00,17:52:00
25509,1482967240,12/28/2016 12:00:00 AM,13:20:40,1079.18,51.0,30.36,92.0,95.29,7.87,06:56:00,17:52:00
25510,1482966949,12/28/2016 12:00:00 AM,13:15:49,585.42,51.0,30.36,92.0,91.92,7.87,06:56:00,17:52:00
25511,1482966651,12/28/2016 12:00:00 AM,13:10:51,750.05,52.0,30.37,93.0,8.81,9.0,06:56:00,17:52:00
25512,1482966350,12/28/2016 12:00:00 AM,13:05:50,1157.27,52.0,30.37,93.0,359.81,4.5,06:56:00,17:52:00
25513,1482966050,12/28/2016 12:00:00 AM,13:00:50,466.04,52.0,30.37,90.0,31.55,4.5,06:56:00,17:52:00
25514,1482965740,12/28/2016 12:00:00 AM,12:55:40,593.25,52.0,30.37,88.0,52.26,10.12,06:56:00,17:52:00
25515,1482965449,12/28/2016 12:00:00 AM,12:50:49,604.99,52.0,30.37,90.0,36.14,3.37,06:56:00,17:52:00
25516,1482965149,12/28/2016 12:00:00 AM,12:45:49,621.32,52.0,30.38,89.0,107.97,5.62,06:56:00,17:52:00
25517,1482964849,12/28/2016 12:00:00 AM,12:40:49,482.24,52.0,30.38,89.0,122.32,7.87,06:56:00,17:52:00
25518,1482964557,12/28/2016 12:00:00 AM,12:35:57,1045.66,52.0,30.38,89.0,55.33,9.0,06:56:00,17:52:00
25519,1482964251,12/28/2016 12:00:00 AM,12:30:51,525.89,52.0,30.38,92.0,35.13,3.37,06:56:00,17:52:00
25520,1482963939,12/28/2016 12:00:00 AM,12:25:39,965.94,51.0,30.39,91.0,108.55,10.12,06:56:00,17:52:00
25521,1482963649,12/28/2016 12:00:00 AM,12:20:49,1050.63,51.0,30.39,90.0,23.93,2.25,06:56:00,17:52:00
25522,1482963350,12/28/2016 12:00:00 AM,12:15:50,958.83,50.0,30.39,94.0,21.29,3.37,06:56:00,17:52:00
25523,1482963040,12/28/2016 12:00:00 AM,12:10:40,637.62,50.0,30.39,97.0,76.39,4.5,06:56:00,17:52:00
25524,1482962750,12/28/2016 12:00:00 AM,12:05:50,626.94,50.0,30.39,98.0,83.74,6.75,06:56:00,17:52:00
25525,1482962453,12/28/2016 12:00:00 AM,12:00:53,626.45,50.0,30.39,97.0,56.78,7.87,06:56:00,17:52:00
25526,1482962142,12/28/2016 12:00:00 AM,11:55:42,575.39,51.0,30.4,96.0,59.02,2.25,06:56:00,17:52:00
25527,1482961850,12/28/2016 12:00:00 AM,11:50:50,422.33,51.0,30.4,96.0,359.49,7.87,06:56:00,17:52:00
25528,1482961551,12/28/2016 12:00:00 AM,11:45:51,873.65,52.0,30.4,95.0,55.67,6.75,06:56:00,17:52:00
25529,1482961250,12/28/2016 12:00:00 AM,11:40:50,597.6,52.0,30.4,93.0,150.23,9.0,06:56:00,17:52:00
25530,1482960949,12/28/2016 12:00:00 AM,11:35:49,809.52,51.0,30.41,92.0,148.51,6.75,06:56:00,17:52:00
25531,1482960649,12/28/2016 12:00:00 AM,11:30:49,636.19,51.0,30.41,91.0,163.84,2.25,06:56:00,17:52:00
25532,1482960341,12/28/2016 12:00:00 AM,11:25:41,638.58,50.0,30.41,92.0,73.37,5.62,06:56:00,17:52:00
25533,1482960051,12/28/2016 12:00:00 AM,11:20:51,879.92,49.0,30.41,98.0,124.69,4.5,06:56:00,17:52:00
25534,1482959749,12/28/2016 12:00:00 AM,11:15:49,544.39,49.0,30.41,98.0,30.96,1.12,06:56:00,17:52:00
25535,1482959439,12/28/2016 12:00:00 AM,11:10:39,651.16,48.0,30.41,99.0,69.52,5.62,06:56:00,17:52:00
25536,1482959157,12/28/2016 12:00:00 AM,11:05:57,242.21,48.0,30.41,99.0,76.51,5.62,06:56:00,17:52:00
25537,1482958850,12/28/2016 12:00:00 AM,11:00:50,450.88,49.0,30.41,99.0,79.94,5.62,06:56:00,17:52:00
25538,1482958549,12/28/2016 12:00:00 AM,10:55:49,280.56,50.0,30.41,99.0,74.16,3.37,06:56:00,17:52:00
25539,1482958254,12/28/2016 12:00:00 AM,10:50:54,876.37,50.0,30.41,100.0,92.27,6.75,06:56:00,17:52:00
25540,1482957939,12/28/2016 12:00:00 AM,10:45:39,708.04,50.0,30.41,99.0,41.97,4.5,06:56:00,17:52:00
25541,1482957650,12/28/2016 12:00:00 AM,10:40:50,852.62,50.0,30.41,99.0,60.84,6.75,06:56:00,17:52:00
25542,1482957340,12/28/2016 12:00:00 AM,10:35:40,454.16,50.0,30.41,99.0,44.22,7.87,06:56:00,17:52:00
25543,1482957050,12/28/2016 12:00:00 AM,10:30:50,641.69,50.0,30.42,98.0,121.66,7.87,06:56:00,17:52:00
25544,1482956740,12/28/2016 12:00:00 AM,10:25:40,599.33,50.0,30.42,98.0,101.36,5.62,06:56:00,17:52:00
25545,1482956449,12/28/2016 12:00:00 AM,10:20:49,512.76,50.0,30.42,98.0,29.52,11.25,06:56:00,17:52:00
25546,1482956151,12/28/2016 12:00:00 AM,10:15:51,526.68,50.0,30.42,97.0,334.9,2.25,06:56:00,17:52:00
25547,1482955840,12/28/2016 12:00:00 AM,10:10:40,383.52,50.0,30.42,97.0,10.74,3.37,06:56:00,17:52:00
25548,1482955550,12/28/2016 12:00:00 AM,10:05:50,550.96,50.0,30.42,96.0,105.21,4.5,06:56:00,17:52:00
25549,1482955240,12/28/2016 12:00:00 AM,10:00:40,553.69,50.0,30.42,96.0,72.5,2.25,06:56:00,17:52:00
25550,1482954939,12/28/2016 12:00:00 AM,09:55:39,364.53,50.0,30.42,95.0,152.37,11.25,06:56:00,17:52:00
25551,1482954649,12/28/2016 12:00:00 AM,09:50:49,545.3,50.0,30.42,96.0,55.05,6.75,06:56:00,17:52:00
25552,1482954340,12/28/2016 12:00:00 AM,09:45:40,552.31,49.0,30.42,96.0,136.41,6.75,06:56:00,17:52:00
25553,1482954050,12/28/2016 12:00:00 AM,09:40:50,545.2,49.0,30.42,96.0,109.85,4.5,06:56:00,17:52:00
25554,1482953750,12/28/2016 12:00:00 AM,09:35:50,309.46,49.0,30.42,96.0,113.33,4.5,06:56:00,17:52:00
25555,1482953451,12/28/2016 12:00:00 AM,09:30:51,276.53,49.0,30.42,95.0,47.69,4.5,06:56:00,17:52:00
25556,1482953161,12/28/2016 12:00:00 AM,09:26:01,201.64,49.0,30.43,94.0,151.72,5.62,06:56:00,17:52:00
25557,1482952840,12/28/2016 12:00:00 AM,09:20:40,293.96,49.0,30.43,94.0,57.27,10.12,06:56:00,17:52:00
25558,1482952550,12/28/2016 12:00:00 AM,09:15:50,322.97,49.0,30.42,95.0,155.28,11.25,06:56:00,17:52:00
25559,1482952251,12/28/2016 12:00:00 AM,09:10:51,414.06,49.0,30.42,96.0,111.97,7.87,06:56:00,17:52:00
25560,1482951939,12/28/2016 12:00:00 AM,09:05:39,617.89,48.0,30.42,97.0,147.73,7.87,06:56:00,17:52:00
25561,1482951649,12/28/2016 12:00:00 AM,09:00:49,254.03,48.0,30.42,96.0,151.08,3.37,06:56:00,17:52:00
25562,1482951349,12/28/2016 12:00:00 AM,08:55:49,196.12,48.0,30.42,95.0,85.07,7.87,06:56:00,17:52:00
25563,1482951049,12/28/2016 12:00:00 AM,08:50:49,242.69,47.0,30.42,94.0,124.03,6.75,06:56:00,17:52:00
25564,1482950749,12/28/2016 12:00:00 AM,08:45:49,180.73,48.0,30.42,93.0,131.65,7.87,06:56:00,17:52:00
25565,1482950440,12/28/2016 12:00:00 AM,08:40:40,257.53,48.0,30.42,91.0,90.3,5.62,06:56:00,17:52:00
25566,1482950149,12/28/2016 12:00:00 AM,08:35:49,253.41,48.0,30.42,96.0,174.81,4.5,06:56:00,17:52:00
25567,1482949842,12/28/2016 12:00:00 AM,08:30:42,354.0,47.0,30.42,99.0,158.08,7.87,06:56:00,17:52:00
25568,1482949550,12/28/2016 12:00:00 AM,08:25:50,297.68,46.0,30.42,100.0,130.31,4.5,06:56:00,17:52:00
25569,1482949250,12/28/2016 12:00:00 AM,08:20:50,238.6,46.0,30.42,100.0,142.07,5.62,06:56:00,17:52:00
25570,1482948941,12/28/2016 12:00:00 AM,08:15:41,166.02,45.0,30.42,100.0,166.35,6.75,06:56:00,17:52:00
25571,1482948649,12/28/2016 12:00:00 AM,08:10:49,177.78,45.0,30.42,100.0,166.21,9.0,06:56:00,17:52:00
25572,1482948339,12/28/2016 12:00:00 AM,08:05:39,83.9,45.0,30.42,99.0,163.08,9.0,06:56:00,17:52:00
25573,1482948053,12/28/2016 12:00:00 AM,08:00:53,72.06,45.0,30.41,99.0,125.59,3.37,06:56:00,17:52:00
25574,1482947754,12/28/2016 12:00:00 AM,07:55:54,74.78,45.0,30.41,99.0,129.05,7.87,06:56:00,17:52:00
25575,1482947449,12/28/2016 12:00:00 AM,07:50:49,49.51,44.0,30.41,99.0,166.0,4.5,06:56:00,17:52:00
25576,1482947150,12/28/2016 12:00:00 AM,07:45:50,51.46,44.0,30.41,98.0,165.04,4.5,06:56:00,17:52:00
25577,1482946841,12/28/2016 12:00:00 AM,07:40:41,42.02,44.0,30.41,98.0,135.94,9.0,06:56:00,17:52:00
25578,1482946539,12/28/2016 12:00:00 AM,07:35:39,38.58,44.0,30.41,97.0,166.09,10.12,06:56:00,17:52:00
25579,1482946250,12/28/2016 12:00:00 AM,07:30:50,39.54,44.0,30.41,96.0,161.66,6.75,06:56:00,17:52:00
25580,1482945950,12/28/2016 12:00:00 AM,07:25:50,28.77,44.0,30.41,95.0,156.5,9.0,06:56:00,17:52:00
25581,1482945661,12/28/2016 12:00:00 AM,07:21:01,23.7,43.0,30.4,93.0,170.59,6.75,06:56:00,17:52:00
25582,1482945350,12/28/2016 12:00:00 AM,07:15:50,20.24,43.0,30.4,91.0,117.25,9.0,06:56:00,17:52:00
25583,1482945039,12/28/2016 12:00:00 AM,07:10:39,17.9,43.0,30.4,88.0,161.79,13.5,06:56:00,17:52:00
25584,1482944750,12/28/2016 12:00:00 AM,07:05:50,9.86,43.0,30.4,86.0,165.95,6.75,06:56:00,17:52:00
25585,1482944449,12/28/2016 12:00:00 AM,07:00:49,7.47,43.0,30.4,82.0,147.16,7.87,06:56:00,17:52:00
25586,1482944149,12/28/2016 12:00:00 AM,06:55:49,4.96,42.0,30.4,79.0,169.14,9.0,06:56:00,17:52:00
25587,1482943850,12/28/2016 12:00:00 AM,06:50:50,3.04,42.0,30.4,75.0,184.64,9.0,06:56:00,17:52:00
25588,1482943555,12/28/2016 12:00:00 AM,06:45:55,1.88,42.0,30.4,73.0,156.2,5.62,06:56:00,17:52:00
25589,1482943265,12/28/2016 12:00:00 AM,06:41:05,1.2,41.0,30.4,70.0,162.58,11.25,06:56:00,17:52:00
25590,1482942956,12/28/2016 12:00:00 AM,06:35:56,1.17,41.0,30.4,69.0,150.4,10.12,06:56:00,17:52:00
25591,1482942666,12/28/2016 12:00:00 AM,06:31:06,1.24,41.0,30.4,70.0,173.17,10.12,06:56:00,17:52:00
25592,1482942368,12/28/2016 12:00:00 AM,06:26:08,1.2,41.0,30.39,69.0,147.97,7.87,06:56:00,17:52:00
25593,1482942056,12/28/2016 12:00:00 AM,06:20:56,1.19,41.0,30.39,66.0,167.71,5.62,06:56:00,17:52:00
25594,1482941766,12/28/2016 12:00:00 AM,06:16:06,1.19,41.0,30.39,67.0,169.82,11.25,06:56:00,17:52:00
25595,1482941466,12/28/2016 12:00:00 AM,06:11:06,1.2,40.0,30.39,69.0,149.88,11.25,06:56:00,17:52:00
25596,1482941139,12/28/2016 12:00:00 AM,06:05:39,1.18,41.0,30.39,68.0,134.37,9.0,06:56:00,17:52:00
25597,1482940849,12/28/2016 12:00:00 AM,06:00:49,1.16,41.0,30.39,64.0,180.52,6.75,06:56:00,17:52:00
25598,1482940542,12/28/2016 12:00:00 AM,05:55:42,1.21,41.0,30.39,62.0,182.63,7.87,06:56:00,17:52:00
25599,1482940252,12/28/2016 12:00:00 AM,05:50:52,1.17,40.0,30.39,67.0,156.07,9.0,06:56:00,17:52:00
25600,1482939952,12/28/2016 12:00:00 AM,05:45:52,1.21,41.0,30.39,69.0,185.43,10.12,06:56:00,17:52:00
25601,1482939640,12/28/2016 12:00:00 AM,05:40:40,1.18,41.0,30.39,69.0,177.35,7.87,06:56:00,17:52:00
25602,1482939349,12/28/2016 12:00:00 AM,05:35:49,1.21,41.0,30.39,67.0,169.5,9.0,06:56:00,17:52:00
25603,1482939039,12/28/2016 12:00:00 AM,05:30:39,1.19,41.0,30.39,70.0,156.33,10.12,06:56:00,17:52:00
25604,1482938749,12/28/2016 12:00:00 AM,05:25:49,1.2,41.0,30.39,73.0,168.97,11.25,06:56:00,17:52:00
25605,1482938450,12/28/2016 12:00:00 AM,05:20:50,1.21,41.0,30.39,76.0,153.41,10.12,06:56:00,17:52:00
25606,1482938139,12/28/2016 12:00:00 AM,05:15:39,1.16,41.0,30.39,79.0,133.12,10.12,06:56:00,17:52:00
25607,1482937855,12/28/2016 12:00:00 AM,05:10:55,1.23,42.0,30.39,81.0,157.12,7.87,06:56:00,17:52:00
25608,1482937539,12/28/2016 12:00:00 AM,05:05:39,1.2,42.0,30.39,87.0,186.92,6.75,06:56:00,17:52:00
25609,1482937250,12/28/2016 12:00:00 AM,05:00:50,1.21,42.0,30.39,90.0,152.41,9.0,06:56:00,17:52:00
25610,1482936950,12/28/2016 12:00:00 AM,04:55:50,1.19,42.0,30.39,96.0,193.15,6.75,06:56:00,17:52:00
25611,1482936639,12/28/2016 12:00:00 AM,04:50:39,1.2,42.0,30.39,98.0,172.27,5.62,06:56:00,17:52:00
25612,1482936349,12/28/2016 12:00:00 AM,04:45:49,1.21,43.0,30.39,99.0,170.92,10.12,06:56:00,17:52:00
25613,1482936041,12/28/2016 12:00:00 AM,04:40:41,1.19,43.0,30.39,99.0,179.81,7.87,06:56:00,17:52:00
25614,1482935751,12/28/2016 12:00:00 AM,04:35:51,1.19,44.0,30.39,99.0,155.31,7.87,06:56:00,17:52:00
25615,1482935439,12/28/2016 12:00:00 AM,04:30:39,1.18,44.0,30.39,99.0,148.25,7.87,06:56:00,17:52:00
25616,1482935149,12/28/2016 12:00:00 AM,04:25:49,1.21,44.0,30.39,99.0,141.49,2.25,06:56:00,17:52:00
25617,1482934841,12/28/2016 12:00:00 AM,04:20:41,1.19,44.0,30.39,99.0,155.91,4.5,06:56:00,17:52:00
25618,1482934552,12/28/2016 12:00:00 AM,04:15:52,1.19,44.0,30.39,99.0,183.1,5.62,06:56:00,17:52:00
25619,1482934250,12/28/2016 12:00:00 AM,04:10:50,1.21,44.0,30.39,99.0,163.01,10.12,06:56:00,17:52:00
25620,1482933940,12/28/2016 12:00:00 AM,04:05:40,1.18,44.0,30.39,99.0,167.13,6.75,06:56:00,17:52:00
25621,1482933649,12/28/2016 12:00:00 AM,04:00:49,1.22,44.0,30.39,99.0,129.45,6.75,06:56:00,17:52:00
25622,1482933349,12/28/2016 12:00:00 AM,03:55:49,1.21,44.0,30.39,99.0,160.26,10.12,06:56:00,17:52:00
25623,1482933039,12/28/2016 12:00:00 AM,03:50:39,1.22,44.0,30.39,98.0,162.89,9.0,06:56:00,17:52:00
25624,1482932749,12/28/2016 12:00:00 AM,03:45:49,1.22,44.0,30.39,98.0,159.37,9.0,06:56:00,17:52:00
25625,1482932453,12/28/2016 12:00:00 AM,03:40:53,1.2,44.0,30.39,98.0,145.12,9.0,06:56:00,17:52:00
25626,1482932149,12/28/2016 12:00:00 AM,03:35:49,1.2,44.0,30.39,98.0,173.86,11.25,06:56:00,17:52:00
25627,1482931849,12/28/2016 12:00:00 AM,03:30:49,1.19,44.0,30.39,98.0,179.67,7.87,06:56:00,17:52:00
25628,1482931540,12/28/2016 12:00:00 AM,03:25:40,1.21,44.0,30.39,97.0,176.34,7.87,06:56:00,17:52:00
25629,1482931250,12/28/2016 12:00:00 AM,03:20:50,1.22,44.0,30.39,97.0,162.97,7.87,06:56:00,17:52:00
25630,1482930939,12/28/2016 12:00:00 AM,03:15:39,1.21,44.0,30.39,96.0,157.33,12.37,06:56:00,17:52:00
25631,1482930649,12/28/2016 12:00:00 AM,03:10:49,1.2,44.0,30.39,95.0,158.13,10.12,06:56:00,17:52:00
25632,1482930350,12/28/2016 12:00:00 AM,03:05:50,1.22,44.0,30.4,94.0,159.94,13.5,06:56:00,17:52:00
25633,1482930040,12/28/2016 12:00:00 AM,03:00:40,1.19,44.0,30.4,93.0,198.04,6.75,06:56:00,17:52:00
25634,1482929750,12/28/2016 12:00:00 AM,02:55:50,1.21,44.0,30.4,92.0,168.31,9.0,06:56:00,17:52:00
25635,1482929450,12/28/2016 12:00:00 AM,02:50:50,1.21,43.0,30.4,90.0,169.81,10.12,06:56:00,17:52:00
25636,1482929139,12/28/2016 12:00:00 AM,02:45:39,1.23,43.0,30.4,85.0,149.29,12.37,06:56:00,17:52:00
25637,1482928850,12/28/2016 12:00:00 AM,02:40:50,1.2,43.0,30.4,80.0,155.12,6.75,06:56:00,17:52:00
25638,1482928549,12/28/2016 12:00:00 AM,02:35:49,1.19,43.0,30.4,73.0,147.68,12.37,06:56:00,17:52:00
25639,1482928242,12/28/2016 12:00:00 AM,02:30:42,1.19,43.0,30.4,64.0,153.19,12.37,06:56:00,17:52:00
25640,1482927952,12/28/2016 12:00:00 AM,02:25:52,1.22,43.0,30.41,57.0,154.27,10.12,06:56:00,17:52:00
25641,1482927650,12/28/2016 12:00:00 AM,02:20:50,1.21,43.0,30.41,43.0,169.73,10.12,06:56:00,17:52:00
25642,1482927349,12/28/2016 12:00:00 AM,02:15:49,1.21,42.0,30.41,34.0,171.79,10.12,06:56:00,17:52:00
25643,1482927053,12/28/2016 12:00:00 AM,02:10:53,1.2,42.0,30.41,34.0,163.62,5.62,06:56:00,17:52:00
25644,1482926750,12/28/2016 12:00:00 AM,02:05:50,1.19,42.0,30.41,34.0,174.59,9.0,06:56:00,17:52:00
25645,1482926439,12/28/2016 12:00:00 AM,02:00:39,1.17,42.0,30.41,35.0,148.31,10.12,06:56:00,17:52:00
25646,1482926140,12/28/2016 12:00:00 AM,01:55:40,1.16,42.0,30.41,35.0,156.97,9.0,06:56:00,17:52:00
25647,1482925849,12/28/2016 12:00:00 AM,01:50:49,1.17,42.0,30.42,35.0,192.02,11.25,06:56:00,17:52:00
25648,1482925552,12/28/2016 12:00:00 AM,01:45:52,1.21,43.0,30.42,34.0,163.57,9.0,06:56:00,17:52:00
25649,1482925252,12/28/2016 12:00:00 AM,01:40:52,1.22,43.0,30.42,33.0,140.48,5.62,06:56:00,17:52:00
25650,1482924949,12/28/2016 12:00:00 AM,01:35:49,1.2,43.0,30.42,33.0,164.48,10.12,06:56:00,17:52:00
25651,1482924639,12/28/2016 12:00:00 AM,01:30:39,1.16,43.0,30.42,32.0,162.08,6.75,06:56:00,17:52:00
25652,1482924350,12/28/2016 12:00:00 AM,01:25:50,1.19,43.0,30.42,32.0,163.99,6.75,06:56:00,17:52:00
25653,1482924040,12/28/2016 12:00:00 AM,01:20:40,1.2,43.0,30.42,31.0,148.19,10.12,06:56:00,17:52:00
25654,1482923750,12/28/2016 12:00:00 AM,01:15:50,1.21,43.0,30.42,31.0,126.53,7.87,06:56:00,17:52:00
25655,1482923439,12/28/2016 12:00:00 AM,01:10:39,1.23,44.0,30.43,31.0,174.87,7.87,06:56:00,17:52:00
25656,1482923152,12/28/2016 12:00:00 AM,01:05:52,1.22,44.0,30.43,31.0,163.74,5.62,06:56:00,17:52:00
25657,1482922849,12/28/2016 12:00:00 AM,01:00:49,1.22,43.0,30.43,30.0,136.53,12.37,06:56:00,17:52:00
25658,1482922542,12/28/2016 12:00:00 AM,00:55:42,1.21,43.0,30.43,30.0,167.2,9.0,06:56:00,17:52:00
25659,1482922249,12/28/2016 12:00:00 AM,00:50:49,1.2,43.0,30.43,30.0,157.83,12.37,06:56:00,17:52:00
25660,1482921939,12/28/2016 12:00:00 AM,00:45:39,1.2,43.0,30.43,31.0,154.97,9.0,06:56:00,17:52:00
25661,1482921649,12/28/2016 12:00:00 AM,00:40:49,1.2,43.0,30.43,31.0,142.8,10.12,06:56:00,17:52:00
25662,1482921339,12/28/2016 12:00:00 AM,00:35:39,1.22,43.0,30.43,31.0,168.76,10.12,06:56:00,17:52:00
25663,1482921040,12/28/2016 12:00:00 AM,00:30:40,1.18,44.0,30.43,31.0,176.66,9.0,06:56:00,17:52:00
25664,1482920751,12/28/2016 12:00:00 AM,00:25:51,1.19,44.0,30.43,32.0,157.84,13.5,06:56:00,17:52:00
25665,1482920449,12/28/2016 12:00:00 AM,00:20:49,1.2,44.0,30.43,31.0,148.08,10.12,06:56:00,17:52:00
25666,1482920140,12/28/2016 12:00:00 AM,00:15:40,1.19,44.0,30.44,31.0,169.14,6.229096658193317,06:56:00,17:52:00
25667,1482919850,12/28/2016 12:00:00 AM,00:10:50,1.21,44.0,30.44,32.0,170.98,11.25,06:56:00,17:52:00
25668,1482919543,12/28/2016 12:00:00 AM,00:05:43,1.19,44.0,30.44,31.0,169.43,5.62,06:56:00,17:52:00
25669,1482919252,12/28/2016 12:00:00 AM,00:00:52,1.21,44.0,30.44,31.0,162.35,9.0,06:56:00,17:52:00
25670,1482918939,12/27/2016 12:00:00 AM,23:55:39,1.21,44.0,30.44,31.0,162.49,9.0,06:56:00,17:52:00
25671,1482918651,12/27/2016 12:00:00 AM,23:50:51,1.22,44.0,30.44,31.0,173.94,9.0,06:56:00,17:52:00
25672,1482918350,12/27/2016 12:00:00 AM,23:45:50,1.22,44.0,30.45,31.0,157.04,9.0,06:56:00,17:52:00
25673,1482918047,12/27/2016 12:00:00 AM,23:40:47,1.2,44.0,30.44,32.0,159.6,9.0,06:56:00,17:52:00
25674,1482917750,12/27/2016 12:00:00 AM,23:35:50,1.22,44.0,30.45,32.0,152.3,7.87,06:56:00,17:52:00
25675,1482917439,12/27/2016 12:00:00 AM,23:30:39,1.19,44.0,30.45,33.0,150.55,6.75,06:56:00,17:52:00
25676,1482917155,12/27/2016 12:00:00 AM,23:25:55,1.2,44.0,30.45,32.0,175.28,7.87,06:56:00,17:52:00
25677,1482916850,12/27/2016 12:00:00 AM,23:20:50,1.18,44.0,30.45,32.0,168.91,10.12,06:56:00,17:52:00
25678,1482916539,12/27/2016 12:00:00 AM,23:15:39,1.19,44.0,30.45,33.0,152.92,6.75,06:56:00,17:52:00
25679,1482916249,12/27/2016 12:00:00 AM,23:10:49,1.19,44.0,30.45,33.0,178.32,7.87,06:56:00,17:52:00
25680,1482915940,12/27/2016 12:00:00 AM,23:05:40,1.18,44.0,30.45,33.0,151.1,12.37,06:56:00,17:52:00
25681,1482915650,12/27/2016 12:00:00 AM,23:00:50,1.21,44.0,30.45,32.0,161.79,10.12,06:56:00,17:52:00
25682,1482915349,12/27/2016 12:00:00 AM,22:55:49,1.2,44.0,30.45,32.0,169.09,11.25,06:56:00,17:52:00
25683,1482915049,12/27/2016 12:00:00 AM,22:50:49,1.22,44.0,30.45,32.0,157.2,7.87,06:56:00,17:52:00
25684,1482914750,12/27/2016 12:00:00 AM,22:45:50,1.21,44.0,30.45,32.0,151.6,7.87,06:56:00,17:52:00
25685,1482914450,12/27/2016 12:00:00 AM,22:40:50,1.24,44.0,30.45,31.0,155.13,10.12,06:56:00,17:52:00
25686,1482914139,12/27/2016 12:00:00 AM,22:35:39,1.19,44.0,30.45,30.0,155.98,9.0,06:56:00,17:52:00
25687,1482913849,12/27/2016 12:00:00 AM,22:30:49,1.22,44.0,30.45,74.83719267708949,162.9,10.12,06:56:00,17:52:00
25688,1482913540,12/27/2016 12:00:00 AM,22:25:40,1.2,44.0,30.45,29.0,169.4,11.25,06:56:00,17:52:00
25689,1482913250,12/27/2016 12:00:00 AM,22:20:50,1.22,44.0,30.45,28.0,152.86,11.25,06:56:00,17:52:00
25690,1482912952,12/27/2016 12:00:00 AM,22:15:52,1.23,44.0,30.45,28.0,173.02,10.12,06:56:00,17:52:00
25691,1482912649,12/27/2016 12:00:00 AM,22:10:49,1.22,44.0,30.45,28.0,172.31,11.25,06:56:00,17:52:00
25692,1482912340,12/27/2016 12:00:00 AM,22:05:40,1.21,44.0,30.45,28.0,152.15,9.0,06:56:00,17:52:00
25693,1482912051,12/27/2016 12:00:00 AM,22:00:51,1.2,44.0,30.45,28.0,148.68,7.87,06:56:00,17:52:00
25694,1482911739,12/27/2016 12:00:00 AM,21:55:39,1.22,44.0,30.45,28.0,168.74,10.12,06:56:00,17:52:00
25695,1482911449,12/27/2016 12:00:00 AM,21:50:49,1.19,44.0,30.45,27.0,197.1,9.0,06:56:00,17:52:00
25696,1482911149,12/27/2016 12:00:00 AM,21:45:49,1.19,44.0,30.45,27.0,173.83,6.75,06:56:00,17:52:00
25697,1482910849,12/27/2016 12:00:00 AM,21:40:49,1.23,43.0,30.45,27.0,167.97,10.12,06:56:00,17:52:00
25698,1482910549,12/27/2016 12:00:00 AM,21:35:49,1.21,43.0,30.45,27.0,150.21,12.37,06:56:00,17:52:00
25699,1482910240,12/27/2016 12:00:00 AM,21:30:40,1.23,43.0,30.45,27.0,170.24,6.75,06:56:00,17:52:00
25700,1482909949,12/27/2016 12:00:00 AM,21:25:49,1.22,43.0,30.45,26.0,182.29,5.62,06:56:00,17:52:00
25701,1482909639,12/27/2016 12:00:00 AM,21:20:39,1.22,43.0,30.45,26.0,182.51,7.87,06:56:00,17:52:00
25702,1482909350,12/27/2016 12:00:00 AM,21:15:50,1.18,43.0,30.46,26.0,118.72,5.62,06:56:00,17:52:00
25703,1482909050,12/27/2016 12:00:00 AM,21:10:50,1.21,43.0,30.45,26.0,165.48,7.87,06:56:00,17:52:00
25704,1482908740,12/27/2016 12:00:00 AM,21:05:40,1.2,44.0,30.45,25.0,164.92,5.62,06:56:00,17:52:00
25705,1482908450,12/27/2016 12:00:00 AM,21:00:50,1.22,44.0,30.46,24.0,142.32,3.37,06:56:00,17:52:00
25706,1482908140,12/27/2016 12:00:00 AM,20:55:40,1.2,44.0,30.46,24.0,168.38,4.5,06:56:00,17:52:00
25707,1482907849,12/27/2016 12:00:00 AM,20:50:49,1.21,44.0,30.46,23.0,85.14,2.25,06:56:00,17:52:00
25708,1482907549,12/27/2016 12:00:00 AM,20:45:49,1.19,44.0,30.46,24.0,191.95,4.5,06:56:00,17:52:00
25709,1482907250,12/27/2016 12:00:00 AM,20:40:50,1.19,44.0,30.45,26.0,137.5,3.37,06:56:00,17:52:00
25710,1482906951,12/27/2016 12:00:00 AM,20:35:51,1.2,44.0,30.45,26.0,139.62,4.5,06:56:00,17:52:00
25711,1482906639,12/27/2016 12:00:00 AM,20:30:39,1.2,44.0,30.46,28.0,168.62,4.5,06:56:00,17:52:00
25712,1482906349,12/27/2016 12:00:00 AM,20:25:49,1.19,44.0,30.46,31.0,142.01,1.12,06:56:00,17:52:00
25713,1482906050,12/27/2016 12:00:00 AM,20:20:50,1.22,44.0,30.45,30.0,159.14,2.25,06:56:00,17:52:00
25714,1482905739,12/27/2016 12:00:00 AM,20:15:39,1.2,45.0,30.45,29.0,108.64,3.37,06:56:00,17:52:00
25715,1482905449,12/27/2016 12:00:00 AM,20:10:49,1.19,45.0,30.45,29.0,124.05,2.25,06:56:00,17:52:00
25716,1482905140,12/27/2016 12:00:00 AM,20:05:40,1.21,46.0,30.45,26.0,65.86,2.25,06:56:00,17:52:00
25717,1482904849,12/27/2016 12:00:00 AM,20:00:49,1.21,46.0,30.45,26.0,163.05,1.12,06:56:00,17:52:00
25718,1482904539,12/27/2016 12:00:00 AM,19:55:39,1.18,46.0,30.45,25.0,143.41,4.5,06:56:00,17:52:00
25719,1482904249,12/27/2016 12:00:00 AM,19:50:49,1.2,47.0,30.45,25.0,30.65,5.62,06:56:00,17:52:00
25720,1482903940,12/27/2016 12:00:00 AM,19:45:40,1.23,47.0,30.45,24.0,113.04,2.25,06:56:00,17:52:00
25721,1482903650,12/27/2016 12:00:00 AM,19:40:50,1.22,47.0,30.44,22.0,130.96,3.37,06:56:00,17:52:00
25722,1482903349,12/27/2016 12:00:00 AM,19:35:49,1.22,47.0,30.44,25.0,134.05,7.87,06:56:00,17:52:00
25723,1482903040,12/27/2016 12:00:00 AM,19:30:40,1.23,48.0,30.44,24.0,119.21,6.75,06:56:00,17:52:00
25724,1482902749,12/27/2016 12:00:00 AM,19:25:49,1.25,48.0,30.44,24.0,148.5,6.75,06:56:00,17:52:00
25725,1482902439,12/27/2016 12:00:00 AM,19:20:39,1.23,48.0,30.44,25.0,138.47,6.75,06:56:00,17:52:00
25726,1482902151,12/27/2016 12:00:00 AM,19:15:51,1.21,48.0,30.44,22.0,122.67,7.87,06:56:00,17:52:00
25727,1482901853,12/27/2016 12:00:00 AM,19:10:53,1.21,48.0,30.43,25.0,132.78,10.12,06:56:00,17:52:00
25728,1482901566,12/27/2016 12:00:00 AM,19:06:06,1.26,48.0,30.43,26.0,134.5,9.0,06:56:00,17:52:00
25729,1482901268,12/27/2016 12:00:00 AM,19:01:08,1.21,48.0,30.43,26.0,134.54,10.12,06:56:00,17:52:00
25730,1482900958,12/27/2016 12:00:00 AM,18:55:58,1.22,48.0,30.43,26.0,152.86,6.75,06:56:00,17:52:00
25731,1482900651,12/27/2016 12:00:00 AM,18:50:51,1.21,48.0,30.43,25.0,191.08,4.5,06:56:00,17:52:00
25732,1482900339,12/27/2016 12:00:00 AM,18:45:39,1.21,48.0,30.43,26.0,160.24,3.37,06:56:00,17:52:00
25733,1482900049,12/27/2016 12:00:00 AM,18:40:49,1.2,49.0,30.43,26.0,83.84,9.0,06:56:00,17:52:00
25734,1482899752,12/27/2016 12:00:00 AM,18:35:52,1.24,49.0,30.42,26.0,130.88,6.75,06:56:00,17:52:00
25735,1482899443,12/27/2016 12:00:00 AM,18:30:43,1.22,49.0,30.43,26.0,143.54770303349548,9.0,06:56:00,17:52:00
25736,1482899154,12/27/2016 12:00:00 AM,18:25:54,1.21,49.0,30.43,27.0,183.17,2.25,06:56:00,17:52:00
25737,1482898850,12/27/2016 12:00:00 AM,18:20:50,1.23,49.0,30.42,28.0,121.2,3.37,06:56:00,17:52:00
25738,1482898549,12/27/2016 12:00:00 AM,18:15:49,1.21,50.0,30.42,26.0,84.56,5.62,06:56:00,17:52:00
25739,1482898249,12/27/2016 12:00:00 AM,18:10:49,1.2,50.0,30.42,25.0,143.82,4.5,06:56:00,17:52:00
25740,1482897940,12/27/2016 12:00:00 AM,18:05:40,1.61,50.0,30.42,26.0,150.95,4.5,06:56:00,17:52:00
25741,1482897649,12/27/2016 12:00:00 AM,18:00:49,4.86,50.0,30.42,26.0,150.38,4.5,06:56:00,17:52:00
25742,1482897339,12/27/2016 12:00:00 AM,17:55:39,6.64,51.0,30.42,26.0,100.65,6.75,06:56:00,17:52:00
25743,1482897051,12/27/2016 12:00:00 AM,17:50:51,9.5,51.0,30.42,26.0,99.17,3.37,06:56:00,17:52:00
25744,1482896756,12/27/2016 12:00:00 AM,17:45:56,12.53,51.0,30.42,25.0,69.68,2.25,06:56:00,17:52:00
25745,1482896439,12/27/2016 12:00:00 AM,17:40:39,16.47,52.0,30.42,24.0,120.07,4.5,06:56:00,17:52:00
25746,1482896151,12/27/2016 12:00:00 AM,17:35:51,19.57,52.0,30.42,24.0,144.71,7.87,06:56:00,17:52:00
25747,1482895880,12/27/2016 12:00:00 AM,17:31:20,32.69,53.0,30.42,24.0,135.35,5.62,06:56:00,17:52:00
25748,1482895549,12/27/2016 12:00:00 AM,17:25:49,44.14,53.0,30.41,24.0,89.5,5.62,06:56:00,17:52:00
25749,1482895240,12/27/2016 12:00:00 AM,17:20:40,59.74,54.0,30.41,23.0,53.55,7.87,06:56:00,17:52:00
25750,1482894952,12/27/2016 12:00:00 AM,17:15:52,79.19,55.0,30.41,23.0,72.27,5.62,06:56:00,17:52:00
25751,1482894650,12/27/2016 12:00:00 AM,17:10:50,103.1,55.0,30.41,23.0,131.66,6.75,06:56:00,17:52:00
25752,1482894340,12/27/2016 12:00:00 AM,17:05:40,136.22,56.0,30.41,22.0,85.51,4.5,06:56:00,17:52:00
25753,1482894057,12/27/2016 12:00:00 AM,17:00:57,171.63,56.0,30.41,21.0,74.73,6.75,06:56:00,17:52:00
25754,1482893739,12/27/2016 12:00:00 AM,16:55:39,203.04,56.0,30.41,21.0,38.97,10.12,06:56:00,17:52:00
25755,1482893439,12/27/2016 12:00:00 AM,16:50:39,239.09,56.0,30.4,21.0,111.73,11.25,06:56:00,17:52:00
25756,1482893150,12/27/2016 12:00:00 AM,16:45:50,270.97,56.0,30.4,22.0,331.41,2.25,06:56:00,17:52:00
25757,1482892850,12/27/2016 12:00:00 AM,16:40:50,310.39,56.0,30.4,21.0,63.08,6.75,06:56:00,17:52:00
25758,1482892539,12/27/2016 12:00:00 AM,16:35:39,216.61,56.0,30.4,21.0,83.41,6.75,06:56:00,17:52:00
25759,1482892250,12/27/2016 12:00:00 AM,16:30:50,242.33,57.0,30.4,22.0,66.0,12.37,06:56:00,17:52:00
25760,1482891939,12/27/2016 12:00:00 AM,16:25:39,415.25,57.0,30.4,20.0,156.96,7.87,06:56:00,17:52:00
25761,1482891640,12/27/2016 12:00:00 AM,16:20:40,436.09,57.0,30.4,20.0,43.66,10.12,06:56:00,17:52:00
25762,1482891350,12/27/2016 12:00:00 AM,16:15:50,436.29,56.0,30.4,20.0,96.17,6.75,06:56:00,17:52:00
25763,1482891053,12/27/2016 12:00:00 AM,16:10:53,452.2,56.0,30.4,21.0,74.35,6.75,06:56:00,17:52:00
25764,1482890740,12/27/2016 12:00:00 AM,16:05:40,227.89,56.0,30.4,21.0,47.69,6.75,06:56:00,17:52:00
25765,1482890450,12/27/2016 12:00:00 AM,16:00:50,272.95,56.0,30.4,21.0,142.52,9.0,06:56:00,17:52:00
25766,1482890139,12/27/2016 12:00:00 AM,15:55:39,294.52,56.0,30.4,22.0,162.58,7.87,06:56:00,17:52:00
25767,1482889850,12/27/2016 12:00:00 AM,15:50:50,243.41,57.0,30.4,21.0,94.88,13.5,06:56:00,17:52:00
25768,1482889539,12/27/2016 12:00:00 AM,15:45:39,361.26,57.0,30.39,21.0,123.06,7.87,06:56:00,17:52:00
25769,1482889250,12/27/2016 12:00:00 AM,15:40:50,598.94,57.0,30.39,22.0,152.2,7.87,06:56:00,17:52:00
25770,1482888939,12/27/2016 12:00:00 AM,15:35:39,587.35,57.0,30.39,20.0,87.06,10.12,06:56:00,17:52:00
25771,1482888650,12/27/2016 12:00:00 AM,15:30:50,600.19,58.0,30.39,22.0,48.3,10.12,06:56:00,17:52:00
25772,1482888350,12/27/2016 12:00:00 AM,15:25:50,597.99,57.0,30.39,21.0,88.11,3.37,06:56:00,17:52:00
25773,1482888040,12/27/2016 12:00:00 AM,15:20:40,612.39,57.0,30.39,27.0,48.9,7.87,06:56:00,17:52:00
25774,1482887749,12/27/2016 12:00:00 AM,15:15:49,657.43,57.0,30.39,26.0,50.22,9.0,06:56:00,17:52:00
25775,1482887439,12/27/2016 12:00:00 AM,15:10:39,493.01,57.0,30.39,24.0,33.07,13.5,06:56:00,17:52:00
25776,1482887151,12/27/2016 12:00:00 AM,15:05:51,504.94,58.0,30.39,25.0,125.72,3.37,06:56:00,17:52:00
25777,1482886858,12/27/2016 12:00:00 AM,15:00:58,597.21,57.0,30.39,28.0,107.14,10.12,06:56:00,17:52:00
25778,1482886549,12/27/2016 12:00:00 AM,14:55:49,672.98,57.0,30.39,26.0,27.96,12.37,06:56:00,17:52:00
25779,1482886249,12/27/2016 12:00:00 AM,14:50:49,503.89,57.0,30.39,27.0,59.72,10.12,06:56:00,17:52:00
25780,1482885942,12/27/2016 12:00:00 AM,14:45:42,384.78,58.0,30.39,30.0,61.84,7.87,06:56:00,17:52:00
25781,1482885652,12/27/2016 12:00:00 AM,14:40:52,792.57,58.0,30.39,32.0,85.11,9.0,06:56:00,17:52:00
25782,1482885349,12/27/2016 12:00:00 AM,14:35:49,773.46,58.0,30.39,31.0,79.92,6.75,06:56:00,17:52:00
25783,1482885049,12/27/2016 12:00:00 AM,14:30:49,657.59,58.0,30.39,31.0,328.13,3.37,06:56:00,17:52:00
25784,1482884749,12/27/2016 12:00:00 AM,14:25:49,548.6,58.0,30.39,25.0,83.04,6.75,06:56:00,17:52:00
25785,1482884452,12/27/2016 12:00:00 AM,14:20:52,628.0,58.0,30.39,30.0,134.47,6.229096658193317,06:56:00,17:52:00
25786,1482884145,12/27/2016 12:00:00 AM,14:15:45,760.47,58.0,30.39,27.0,65.83,0.0,06:56:00,17:52:00
25787,1482883851,12/27/2016 12:00:00 AM,14:10:51,761.18,58.0,30.39,27.0,178.08,2.25,06:56:00,17:52:00
25788,1482883540,12/27/2016 12:00:00 AM,14:05:40,768.37,58.0,30.39,27.0,67.23,12.37,06:56:00,17:52:00
25789,1482883249,12/27/2016 12:00:00 AM,14:00:49,776.36,58.0,30.39,29.0,59.99,6.75,06:56:00,17:52:00
25790,1482882950,12/27/2016 12:00:00 AM,13:55:50,784.72,59.0,30.4,26.0,20.98,5.62,06:56:00,17:52:00
25791,1482882639,12/27/2016 12:00:00 AM,13:50:39,794.77,58.0,30.4,25.0,142.12,6.75,06:56:00,17:52:00
25792,1482882339,12/27/2016 12:00:00 AM,13:45:39,803.23,58.0,30.4,26.0,52.67,7.87,06:56:00,17:52:00
25793,1482882054,12/27/2016 12:00:00 AM,13:40:54,809.85,58.0,30.4,25.0,57.32,13.5,06:56:00,17:52:00
25794,1482881740,12/27/2016 12:00:00 AM,13:35:40,816.98,58.0,30.4,23.0,65.96,11.25,06:56:00,17:52:00
25795,1482881450,12/27/2016 12:00:00 AM,13:30:50,825.48,58.0,30.4,23.0,329.83,6.75,06:56:00,17:52:00
25796,1482881140,12/27/2016 12:00:00 AM,13:25:40,831.47,58.0,30.41,22.0,14.05,7.87,06:56:00,17:52:00
25797,1482880839,12/27/2016 12:00:00 AM,13:20:39,837.26,58.0,30.41,21.0,102.13,4.5,06:56:00,17:52:00
25798,1482880554,12/27/2016 12:00:00 AM,13:15:54,842.03,58.0,30.41,23.0,33.37,4.5,06:56:00,17:52:00
25799,1482880250,12/27/2016 12:00:00 AM,13:10:50,848.9,59.0,30.41,22.0,58.03,7.87,06:56:00,17:52:00
25800,1482879956,12/27/2016 12:00:00 AM,13:05:56,853.37,59.0,30.41,21.0,80.69,13.5,06:56:00,17:52:00
25801,1482879665,12/27/2016 12:00:00 AM,13:01:05,856.97,59.0,30.41,20.0,147.78,4.5,06:56:00,17:52:00
25802,1482879340,12/27/2016 12:00:00 AM,12:55:40,859.57,59.0,30.41,22.0,80.65,9.0,06:56:00,17:52:00
25803,1482879049,12/27/2016 12:00:00 AM,12:50:49,862.73,59.0,30.41,22.0,131.06,11.25,06:56:00,17:52:00
25804,1482878753,12/27/2016 12:00:00 AM,12:45:53,864.31,59.0,30.42,22.0,90.81,12.37,06:56:00,17:52:00
25805,1482878450,12/27/2016 12:00:00 AM,12:40:50,867.57,59.0,30.42,20.0,109.87,4.5,06:56:00,17:52:00
25806,1482878149,12/27/2016 12:00:00 AM,12:35:49,869.6,59.0,30.42,19.0,146.31,18.0,06:56:00,17:52:00
25807,1482877846,12/27/2016 12:00:00 AM,12:30:46,869.49,59.0,30.42,20.0,51.55,3.37,06:56:00,17:52:00
25808,1482877550,12/27/2016 12:00:00 AM,12:25:50,870.52,59.0,30.43,20.0,96.77,13.5,06:56:00,17:52:00
25809,1482877249,12/27/2016 12:00:00 AM,12:20:49,869.51,59.0,30.43,20.0,77.25,18.0,06:56:00,17:52:00
25810,1482876949,12/27/2016 12:00:00 AM,12:15:49,869.68,59.0,30.43,20.0,160.27,5.62,06:56:00,17:52:00
25811,1482876650,12/27/2016 12:00:00 AM,12:10:50,867.27,59.0,30.44,20.0,73.63,3.37,06:56:00,17:52:00
25812,1482876352,12/27/2016 12:00:00 AM,12:05:52,865.17,59.0,30.44,20.0,10.77,3.37,06:56:00,17:52:00
25813,1482876049,12/27/2016 12:00:00 AM,12:00:49,863.85,59.0,30.44,20.0,139.96,7.87,06:56:00,17:52:00
25814,1482875753,12/27/2016 12:00:00 AM,11:55:53,860.6,59.0,30.44,22.0,315.6,5.62,06:56:00,17:52:00
25815,1482875450,12/27/2016 12:00:00 AM,11:50:50,857.14,59.0,30.44,21.0,123.0,3.37,06:56:00,17:52:00
25816,1482875151,12/27/2016 12:00:00 AM,11:45:51,853.01,60.0,30.45,22.0,40.01,10.12,06:56:00,17:52:00
25817,1482874839,12/27/2016 12:00:00 AM,11:40:39,849.89,59.0,30.45,21.0,24.16,5.62,06:56:00,17:52:00
25818,1482874549,12/27/2016 12:00:00 AM,11:35:49,845.72,59.0,30.45,18.0,98.51,14.62,06:56:00,17:52:00
25819,1482874253,12/27/2016 12:00:00 AM,11:30:53,840.36,59.0,30.45,19.0,156.86,6.229096658193317,06:56:00,17:52:00
25820,1482873952,12/27/2016 12:00:00 AM,11:25:52,834.5,59.0,30.45,19.0,79.8,7.87,06:56:00,17:52:00
25821,1482873649,12/27/2016 12:00:00 AM,11:20:49,827.29,59.0,30.45,19.0,67.93,3.37,06:56:00,17:52:00
25822,1482873349,12/27/2016 12:00:00 AM,11:15:49,820.87,59.0,30.46,17.0,104.44,11.25,06:56:00,17:52:00
25823,1482873040,12/27/2016 12:00:00 AM,11:10:40,812.75,60.0,30.46,19.0,150.08,7.87,06:56:00,17:52:00
25824,1482872750,12/27/2016 12:00:00 AM,11:05:50,806.78,60.0,30.46,18.0,75.05,3.37,06:56:00,17:52:00
25825,1482872439,12/27/2016 12:00:00 AM,11:00:39,798.78,60.0,30.46,19.0,129.66,15.75,06:56:00,17:52:00
25826,1482872150,12/27/2016 12:00:00 AM,10:55:50,790.83,59.0,30.46,18.0,52.59,6.75,06:56:00,17:52:00
25827,1482871863,12/27/2016 12:00:00 AM,10:51:03,782.18,59.0,30.46,18.0,168.8,7.87,06:56:00,17:52:00
25828,1482871540,12/27/2016 12:00:00 AM,10:45:40,771.54,59.0,30.46,19.0,167.16,11.25,06:56:00,17:52:00
25829,1482871240,12/27/2016 12:00:00 AM,10:40:40,761.68,58.0,30.46,20.0,72.62,6.75,06:56:00,17:52:00
25830,1482870949,12/27/2016 12:00:00 AM,10:35:49,750.76,58.0,30.46,20.0,81.23,7.87,06:56:00,17:52:00
25831,1482870640,12/27/2016 12:00:00 AM,10:30:40,739.34,58.0,30.46,20.0,59.9,6.75,06:56:00,17:52:00
25832,1482870350,12/27/2016 12:00:00 AM,10:25:50,728.36,58.0,30.47,20.0,99.85,5.62,06:56:00,17:52:00
25833,1482870052,12/27/2016 12:00:00 AM,10:20:52,715.45,58.0,30.47,20.0,114.43,4.5,06:56:00,17:52:00
25834,1482869749,12/27/2016 12:00:00 AM,10:15:49,703.01,58.0,30.47,20.0,85.19,9.0,06:56:00,17:52:00
25835,1482869450,12/27/2016 12:00:00 AM,10:10:50,690.39,58.0,30.47,20.0,125.72,23.62,06:56:00,17:52:00
25836,1482869140,12/27/2016 12:00:00 AM,10:05:40,676.76,58.0,30.47,20.0,36.76,6.75,06:56:00,17:52:00
25837,1482868849,12/27/2016 12:00:00 AM,10:00:49,663.72,58.0,30.46,20.0,61.84,6.75,06:56:00,17:52:00
25838,1482868539,12/27/2016 12:00:00 AM,09:55:39,650.52,58.0,30.47,19.0,144.77,6.75,06:56:00,17:52:00
25839,1482868250,12/27/2016 12:00:00 AM,09:50:50,635.77,58.0,30.47,19.0,157.96,6.75,06:56:00,17:52:00
25840,1482867939,12/27/2016 12:00:00 AM,09:45:39,620.59,58.0,30.46,19.0,165.65,16.87,06:56:00,17:52:00
25841,1482867650,12/27/2016 12:00:00 AM,09:40:50,604.96,57.0,30.47,19.0,140.53,13.5,06:56:00,17:52:00
25842,1482867350,12/27/2016 12:00:00 AM,09:35:50,591.1,57.0,30.47,20.0,184.81,10.12,06:56:00,17:52:00
25843,1482867049,12/27/2016 12:00:00 AM,09:30:49,574.33,57.0,30.47,20.0,59.05,7.87,06:56:00,17:52:00
25844,1482866761,12/27/2016 12:00:00 AM,09:26:01,559.39,57.0,30.47,20.0,176.24,7.87,06:56:00,17:52:00
25845,1482866450,12/27/2016 12:00:00 AM,09:20:50,543.26,56.0,30.47,20.0,174.11,14.62,06:56:00,17:52:00
25846,1482866150,12/27/2016 12:00:00 AM,09:15:50,525.72,56.0,30.47,20.0,89.37,13.5,06:56:00,17:52:00
25847,1482865850,12/27/2016 12:00:00 AM,09:10:50,508.97,56.0,30.47,21.0,125.48,13.5,06:56:00,17:52:00
25848,1482865540,12/27/2016 12:00:00 AM,09:05:40,491.9,55.0,30.47,20.0,116.31,10.12,06:56:00,17:52:00
25849,1482865239,12/27/2016 12:00:00 AM,09:00:39,479.51,55.0,30.46,20.0,127.13,13.5,06:56:00,17:52:00
25850,1482864949,12/27/2016 12:00:00 AM,08:55:49,449.2,54.0,30.47,21.0,91.68,6.75,06:56:00,17:52:00
25851,1482864640,12/27/2016 12:00:00 AM,08:50:40,409.18,54.0,30.47,21.0,124.99,12.37,06:56:00,17:52:00
25852,1482864349,12/27/2016 12:00:00 AM,08:45:49,365.16,53.0,30.46,21.0,178.11,9.0,06:56:00,17:52:00
25853,1482864042,12/27/2016 12:00:00 AM,08:40:42,408.04,53.0,30.46,23.0,159.3,10.12,06:56:00,17:52:00
25854,1482863740,12/27/2016 12:00:00 AM,08:35:40,400.94,52.0,30.46,24.0,152.69,14.62,06:56:00,17:52:00
25855,1482863454,12/27/2016 12:00:00 AM,08:30:54,375.56,52.0,30.46,24.0,184.79,4.5,06:56:00,17:52:00
25856,1482863139,12/27/2016 12:00:00 AM,08:25:39,348.94,51.0,30.46,25.0,164.46,4.5,06:56:00,17:52:00
25857,1482862851,12/27/2016 12:00:00 AM,08:20:51,295.44,50.0,30.46,25.0,85.89,11.25,06:56:00,17:52:00
25858,1482862555,12/27/2016 12:00:00 AM,08:15:55,280.17,50.0,30.46,26.0,156.04,11.25,06:56:00,17:52:00
25859,1482862253,12/27/2016 12:00:00 AM,08:10:53,264.37,49.0,30.46,28.0,191.03,9.0,06:56:00,17:52:00
25860,1482861950,12/27/2016 12:00:00 AM,08:05:50,245.46,48.0,30.46,29.0,127.88,4.5,06:56:00,17:52:00
25861,1482861651,12/27/2016 12:00:00 AM,08:00:51,75.91,48.0,30.46,29.0,171.63,10.12,06:56:00,17:52:00
25862,1482861350,12/27/2016 12:00:00 AM,07:55:50,69.53,48.0,30.45,30.0,173.08,4.5,06:56:00,17:52:00
25863,1482861040,12/27/2016 12:00:00 AM,07:50:40,58.31,47.0,30.45,30.0,178.34,12.37,06:56:00,17:52:00
25864,1482860739,12/27/2016 12:00:00 AM,07:45:39,55.21,47.0,30.45,30.0,171.86,13.5,06:56:00,17:52:00
25865,1482860449,12/27/2016 12:00:00 AM,07:40:49,60.15,47.0,30.45,31.0,171.24,14.62,06:56:00,17:52:00
25866,1482860139,12/27/2016 12:00:00 AM,07:35:39,51.7,47.0,30.45,32.0,172.77,11.25,06:56:00,17:52:00
25867,1482859851,12/27/2016 12:00:00 AM,07:30:51,46.9,46.0,30.45,32.0,173.79,14.62,06:56:00,17:52:00
25868,1482859539,12/27/2016 12:00:00 AM,07:25:39,46.9,46.0,30.44,32.0,141.05,15.75,06:56:00,17:52:00
25869,1482859240,12/27/2016 12:00:00 AM,07:20:40,43.82,46.0,30.44,33.0,178.81,13.5,06:56:00,17:52:00
25870,1482858949,12/27/2016 12:00:00 AM,07:15:49,30.48,46.0,30.44,33.0,180.16,11.25,06:56:00,17:52:00
25871,1482858639,12/27/2016 12:00:00 AM,07:10:39,21.48,46.0,30.44,32.0,188.61,10.12,06:56:00,17:52:00
25872,1482858349,12/27/2016 12:00:00 AM,07:05:49,14.41,46.0,30.44,31.0,179.96,10.12,06:56:00,17:52:00
25873,1482858049,12/27/2016 12:00:00 AM,07:00:49,10.02,46.0,30.44,31.0,162.87,12.37,06:56:00,17:52:00
25874,1482857742,12/27/2016 12:00:00 AM,06:55:42,5.97,46.0,30.44,30.0,162.29,12.37,06:56:00,17:52:00
25875,1482857449,12/27/2016 12:00:00 AM,06:50:49,3.45,47.0,30.44,30.0,191.62,13.5,06:56:00,17:52:00
25876,1482857139,12/27/2016 12:00:00 AM,06:45:39,4.59,46.0,30.43,30.0,165.88,13.5,06:56:00,17:52:00
25877,1482856852,12/27/2016 12:00:00 AM,06:40:52,1.26,46.0,30.43,31.0,166.87,10.12,06:56:00,17:52:00
25878,1482856539,12/27/2016 12:00:00 AM,06:35:39,1.2,46.0,30.43,30.0,168.53,10.12,06:56:00,17:52:00
25879,1482856250,12/27/2016 12:00:00 AM,06:30:50,1.16,47.0,30.43,30.0,164.44,11.25,06:56:00,17:52:00
25880,1482855970,12/27/2016 12:00:00 AM,06:26:10,1.23,47.0,30.43,29.0,178.74,12.37,06:56:00,17:52:00
25881,1482855639,12/27/2016 12:00:00 AM,06:20:39,1.18,47.0,30.42,29.0,154.09,11.25,06:56:00,17:52:00
25882,1482855350,12/27/2016 12:00:00 AM,06:15:50,1.2,46.0,30.42,30.0,158.19,10.12,06:56:00,17:52:00
25883,1482855049,12/27/2016 12:00:00 AM,06:10:49,1.23,46.0,30.42,30.0,164.6,14.62,06:56:00,17:52:00
25884,1482854749,12/27/2016 12:00:00 AM,06:05:49,1.23,46.0,30.42,30.0,179.32,12.37,06:56:00,17:52:00
25885,1482854470,12/27/2016 12:00:00 AM,06:01:10,1.2,46.0,30.42,30.0,159.4,11.25,06:56:00,17:52:00
25886,1482854139,12/27/2016 12:00:00 AM,05:55:39,1.21,46.0,30.42,31.0,173.09,15.75,06:56:00,17:52:00
25887,1482853855,12/27/2016 12:00:00 AM,05:50:55,1.22,46.0,30.42,31.0,157.9,14.62,06:56:00,17:52:00
25888,1482853540,12/27/2016 12:00:00 AM,05:45:40,1.23,46.0,30.41,30.0,194.81,6.75,06:56:00,17:52:00
25889,1482853252,12/27/2016 12:00:00 AM,05:40:52,1.22,46.0,30.41,30.0,174.54,14.62,06:56:00,17:52:00
25890,1482852949,12/27/2016 12:00:00 AM,05:35:49,1.23,46.0,30.41,30.0,155.93,18.0,06:56:00,17:52:00
25891,1482852650,12/27/2016 12:00:00 AM,05:30:50,1.22,46.0,30.41,30.0,161.71,19.12,06:56:00,17:52:00
25892,1482852349,12/27/2016 12:00:00 AM,05:25:49,1.22,46.0,30.41,30.0,162.91,11.25,06:56:00,17:52:00
25893,1482852039,12/27/2016 12:00:00 AM,05:20:39,1.22,46.0,30.41,30.0,186.39,10.12,06:56:00,17:52:00
25894,1482851750,12/27/2016 12:00:00 AM,05:15:50,1.23,46.0,30.41,30.0,166.78,14.62,06:56:00,17:52:00
25895,1482851449,12/27/2016 12:00:00 AM,05:10:49,1.21,46.0,30.41,31.0,166.39,13.5,06:56:00,17:52:00
25896,1482851140,12/27/2016 12:00:00 AM,05:05:40,1.22,46.0,30.41,30.0,159.25,14.62,06:56:00,17:52:00
25897,1482850852,12/27/2016 12:00:00 AM,05:00:52,1.22,46.0,30.41,31.0,177.51,13.5,06:56:00,17:52:00
25898,1482850539,12/27/2016 12:00:00 AM,04:55:39,1.22,46.0,30.41,30.0,175.78,14.62,06:56:00,17:52:00
25899,1482850250,12/27/2016 12:00:00 AM,04:50:50,1.22,46.0,30.4,31.0,189.6,18.0,06:56:00,17:52:00
25900,1482849957,12/27/2016 12:00:00 AM,04:45:57,1.22,46.0,30.4,31.0,152.47,12.37,06:56:00,17:52:00
25901,1482849655,12/27/2016 12:00:00 AM,04:40:55,1.22,46.0,30.4,31.0,183.81,13.5,06:56:00,17:52:00
25902,1482849357,12/27/2016 12:00:00 AM,04:35:57,1.21,45.0,30.4,32.0,151.36,10.12,06:56:00,17:52:00
25903,1482849040,12/27/2016 12:00:00 AM,04:30:40,1.18,46.0,30.4,32.0,154.71,16.87,06:56:00,17:52:00
25904,1482848761,12/27/2016 12:00:00 AM,04:26:01,1.23,46.0,30.4,32.0,179.31,14.62,06:56:00,17:52:00
25905,1482848466,12/27/2016 12:00:00 AM,04:21:06,1.2,46.0,30.4,31.0,156.64,15.75,06:56:00,17:52:00
25906,1482848158,12/27/2016 12:00:00 AM,04:15:58,1.21,45.0,30.4,32.0,139.03,14.62,06:56:00,17:52:00
25907,1482847849,12/27/2016 12:00:00 AM,04:10:49,1.19,45.0,30.4,74.83719267708949,171.48,12.37,06:56:00,17:52:00
25908,1482847553,12/27/2016 12:00:00 AM,04:05:53,1.22,45.0,30.4,33.0,154.65,15.75,06:56:00,17:52:00
25909,1482847250,12/27/2016 12:00:00 AM,04:00:50,1.24,45.0,30.4,34.0,171.14,13.5,06:56:00,17:52:00
25910,1482846965,12/27/2016 12:00:00 AM,03:56:05,1.22,45.0,30.4,35.0,178.95,18.0,06:56:00,17:52:00
25911,1482846655,12/27/2016 12:00:00 AM,03:50:55,1.2,45.0,30.4,36.0,192.89,14.62,06:56:00,17:52:00
25912,1482846349,12/27/2016 12:00:00 AM,03:45:49,1.23,45.0,30.4,36.0,152.85,11.25,06:56:00,17:52:00
25913,1482846053,12/27/2016 12:00:00 AM,03:40:53,1.23,45.0,30.41,36.0,164.8,12.37,06:56:00,17:52:00
25914,1482845751,12/27/2016 12:00:00 AM,03:35:51,1.2,45.0,30.41,36.0,168.47,9.0,06:56:00,17:52:00
25915,1482845440,12/27/2016 12:00:00 AM,03:30:40,1.18,45.0,30.41,37.0,131.59,11.25,06:56:00,17:52:00
25916,1482845139,12/27/2016 12:00:00 AM,03:25:39,1.23,46.0,30.41,36.0,134.37,14.62,06:56:00,17:52:00
25917,1482844850,12/27/2016 12:00:00 AM,03:20:50,1.24,46.0,30.41,37.0,170.48,14.62,06:56:00,17:52:00
25918,1482844550,12/27/2016 12:00:00 AM,03:15:50,1.2,46.0,30.41,37.0,134.32,10.12,06:56:00,17:52:00
25919,1482844254,12/27/2016 12:00:00 AM,03:10:54,1.23,46.0,30.42,37.0,130.02,7.87,06:56:00,17:52:00
25920,1482843950,12/27/2016 12:00:00 AM,03:05:50,1.2,46.0,30.41,38.0,146.56,4.5,06:56:00,17:52:00
25921,1482843640,12/27/2016 12:00:00 AM,03:00:40,1.21,45.0,30.42,40.0,118.39,10.12,06:56:00,17:52:00
25922,1482843339,12/27/2016 12:00:00 AM,02:55:39,1.24,45.0,30.42,42.0,158.0,7.87,06:56:00,17:52:00
25923,1482843049,12/27/2016 12:00:00 AM,02:50:49,1.21,44.0,30.42,44.0,176.12,3.37,06:56:00,17:52:00
25924,1482842739,12/27/2016 12:00:00 AM,02:45:39,1.2,44.0,30.42,48.0,149.83,5.62,06:56:00,17:52:00
25925,1482842451,12/27/2016 12:00:00 AM,02:40:51,1.2,44.0,30.42,52.0,95.42,3.37,06:56:00,17:52:00
25926,1482842150,12/27/2016 12:00:00 AM,02:35:50,1.24,43.0,30.42,54.0,132.02,7.87,06:56:00,17:52:00
25927,1482841839,12/27/2016 12:00:00 AM,02:30:39,1.22,42.0,30.42,69.0,172.54,15.75,06:56:00,17:52:00
25928,1482841550,12/27/2016 12:00:00 AM,02:25:50,1.21,42.0,30.43,92.0,156.51,7.87,06:56:00,17:52:00
25929,1482841240,12/27/2016 12:00:00 AM,02:20:40,1.2,43.0,30.43,94.0,183.94,4.5,06:56:00,17:52:00
25930,1482840949,12/27/2016 12:00:00 AM,02:15:49,1.24,43.0,30.43,92.0,57.6,7.87,06:56:00,17:52:00
25931,1482840649,12/27/2016 12:00:00 AM,02:10:49,1.24,43.0,30.43,93.0,69.34,5.62,06:56:00,17:52:00
25932,1482840342,12/27/2016 12:00:00 AM,02:05:42,1.19,43.0,30.43,90.0,126.84,5.62,06:56:00,17:52:00
25933,1482840050,12/27/2016 12:00:00 AM,02:00:50,1.21,43.0,30.43,91.0,111.87,5.62,06:56:00,17:52:00
25934,1482839739,12/27/2016 12:00:00 AM,01:55:39,1.21,43.0,30.43,92.0,98.52,7.87,06:56:00,17:52:00
25935,1482839449,12/27/2016 12:00:00 AM,01:50:49,1.21,43.0,30.43,92.0,89.12,6.75,06:56:00,17:52:00
25936,1482839150,12/27/2016 12:00:00 AM,01:45:50,1.23,43.0,30.44,93.0,341.0,5.62,06:56:00,17:52:00
25937,1482838839,12/27/2016 12:00:00 AM,01:40:39,1.22,43.0,30.44,91.0,40.41,6.75,06:56:00,17:52:00
25938,1482838550,12/27/2016 12:00:00 AM,01:35:50,1.19,43.0,30.44,89.0,138.61,7.87,06:56:00,17:52:00
25939,1482838239,12/27/2016 12:00:00 AM,01:30:39,1.17,42.0,30.44,84.0,69.15,5.62,06:56:00,17:52:00
25940,1482837951,12/27/2016 12:00:00 AM,01:25:51,1.2,41.0,30.44,86.0,88.1,14.62,06:56:00,17:52:00
25941,1482837640,12/27/2016 12:00:00 AM,01:20:40,1.19,40.0,30.44,87.0,231.43,9.0,06:56:00,17:52:00
25942,1482837350,12/27/2016 12:00:00 AM,01:15:50,1.24,40.0,30.44,91.0,113.18,10.12,06:56:00,17:52:00
25943,1482837050,12/27/2016 12:00:00 AM,01:10:50,1.2,40.0,30.44,91.0,172.3,4.5,06:56:00,17:52:00
25944,1482836750,12/27/2016 12:00:00 AM,01:05:50,1.2,41.0,30.44,89.0,211.63,3.37,06:56:00,17:52:00
25945,1482836450,12/27/2016 12:00:00 AM,01:00:50,1.23,41.0,30.45,83.0,77.97,5.62,06:56:00,17:52:00
25946,1482836139,12/27/2016 12:00:00 AM,00:55:39,1.2,41.0,30.44,81.0,158.08,5.62,06:56:00,17:52:00
25947,1482835850,12/27/2016 12:00:00 AM,00:50:50,1.19,41.0,30.45,75.0,92.14,5.62,06:56:00,17:52:00
25948,1482835551,12/27/2016 12:00:00 AM,00:45:51,1.24,41.0,30.44,61.0,191.68,4.5,06:56:00,17:52:00
25949,1482835250,12/27/2016 12:00:00 AM,00:40:50,1.2,42.0,30.45,62.0,61.92,3.37,06:56:00,17:52:00
25950,1482834950,12/27/2016 12:00:00 AM,00:35:50,1.24,42.0,30.44,65.0,130.79,5.62,06:56:00,17:52:00
25951,1482834639,12/27/2016 12:00:00 AM,00:30:39,1.22,43.0,30.45,49.0,65.86,4.5,06:56:00,17:52:00
25952,1482834349,12/27/2016 12:00:00 AM,00:25:49,1.19,44.0,30.45,41.0,100.69,6.75,06:56:00,17:52:00
25953,1482834049,12/27/2016 12:00:00 AM,00:20:49,1.21,45.0,30.45,33.0,156.32,2.25,06:56:00,17:52:00
25954,1482833750,12/27/2016 12:00:00 AM,00:15:50,1.21,44.0,30.45,34.0,132.55,6.75,06:56:00,17:52:00
25955,1482833452,12/27/2016 12:00:00 AM,00:10:52,1.23,44.0,30.45,35.0,153.03,14.62,06:56:00,17:52:00
25956,1482833143,12/27/2016 12:00:00 AM,00:05:43,1.22,44.0,30.45,36.0,136.31,10.12,06:56:00,17:52:00
25957,1482832849,12/27/2016 12:00:00 AM,00:00:49,1.23,44.0,30.45,37.0,160.12,4.5,06:56:00,17:52:00
25958,1482832539,12/26/2016 12:00:00 AM,23:55:39,1.19,44.0,30.45,41.0,178.06,10.12,06:55:00,17:51:00
25959,1482832249,12/26/2016 12:00:00 AM,23:50:49,1.2,44.0,30.45,42.0,151.46,5.62,06:55:00,17:51:00
25960,1482831949,12/26/2016 12:00:00 AM,23:45:49,1.19,44.0,30.45,41.0,172.3,10.12,06:55:00,17:51:00
25961,1482831650,12/26/2016 12:00:00 AM,23:40:50,1.21,43.0,30.45,44.0,133.55,7.87,06:55:00,17:51:00
25962,1482831352,12/26/2016 12:00:00 AM,23:35:52,1.18,42.0,30.46,55.0,178.09,7.87,06:55:00,17:51:00
25963,1482831039,12/26/2016 12:00:00 AM,23:30:39,1.19,41.0,30.46,73.0,129.29,13.5,06:55:00,17:51:00
25964,1482830749,12/26/2016 12:00:00 AM,23:25:49,1.17,41.0,30.46,83.0,205.21,7.87,06:55:00,17:51:00
25965,1482830439,12/26/2016 12:00:00 AM,23:20:39,1.21,40.0,30.46,90.0,95.22,4.5,06:55:00,17:51:00
25966,1482830149,12/26/2016 12:00:00 AM,23:15:49,1.21,41.0,30.46,97.0,82.37,6.75,06:55:00,17:51:00
25967,1482829844,12/26/2016 12:00:00 AM,23:10:44,1.22,41.0,30.46,97.0,130.08,6.75,06:55:00,17:51:00
25968,1482829552,12/26/2016 12:00:00 AM,23:05:52,1.17,41.0,30.47,74.83719267708949,329.78,2.25,06:55:00,17:51:00
25969,1482829249,12/26/2016 12:00:00 AM,23:00:49,1.2,42.0,30.47,95.0,110.31,6.75,06:55:00,17:51:00
25970,1482828951,12/26/2016 12:00:00 AM,22:55:51,1.2,42.0,30.47,94.0,125.8,7.87,06:55:00,17:51:00
25971,1482828641,12/26/2016 12:00:00 AM,22:50:41,1.19,42.0,30.47,93.0,96.44,4.5,06:55:00,17:51:00
25972,1482828349,12/26/2016 12:00:00 AM,22:45:49,1.21,43.0,30.47,90.0,125.43,3.37,06:55:00,17:51:00
25973,1482828040,12/26/2016 12:00:00 AM,22:40:40,1.2,43.0,30.47,81.0,81.01,9.0,06:55:00,17:51:00
25974,1482827750,12/26/2016 12:00:00 AM,22:35:50,1.23,44.0,30.47,73.0,168.56,3.37,06:55:00,17:51:00
25975,1482827454,12/26/2016 12:00:00 AM,22:30:54,1.24,44.0,30.47,62.0,142.4,3.37,06:55:00,17:51:00
25976,1482827142,12/26/2016 12:00:00 AM,22:25:42,1.22,45.0,30.47,57.0,143.54770303349548,4.5,06:55:00,17:51:00
25977,1482826839,12/26/2016 12:00:00 AM,22:20:39,1.19,45.0,30.47,51.0,176.35,1.12,06:55:00,17:51:00
25978,1482826550,12/26/2016 12:00:00 AM,22:15:50,1.2,45.0,30.47,55.0,41.7,3.37,06:55:00,17:51:00
25979,1482826257,12/26/2016 12:00:00 AM,22:10:57,1.22,45.0,30.47,50.0,58.35,5.62,06:55:00,17:51:00
25980,1482825951,12/26/2016 12:00:00 AM,22:05:51,1.21,45.0,30.47,65.0,109.4,6.75,06:55:00,17:51:00
25981,1482825639,12/26/2016 12:00:00 AM,22:00:39,1.22,46.0,30.47,48.0,42.51,3.37,06:55:00,17:51:00
25982,1482825352,12/26/2016 12:00:00 AM,21:55:52,1.2,46.0,30.47,41.0,84.65,7.87,06:55:00,17:51:00
25983,1482825050,12/26/2016 12:00:00 AM,21:50:50,1.23,46.0,30.47,36.0,147.8,10.12,06:55:00,17:51:00
25984,1482824750,12/26/2016 12:00:00 AM,21:45:50,1.22,46.0,30.47,37.0,166.76,10.12,06:55:00,17:51:00
25985,1482824439,12/26/2016 12:00:00 AM,21:40:39,1.22,46.0,30.47,38.0,149.09,2.25,06:55:00,17:51:00
25986,1482824150,12/26/2016 12:00:00 AM,21:35:50,1.25,47.0,30.47,36.0,136.71,10.12,06:55:00,17:51:00
25987,1482823840,12/26/2016 12:00:00 AM,21:30:40,1.2,47.0,30.48,34.0,9.41,1.12,06:55:00,17:51:00
25988,1482823549,12/26/2016 12:00:00 AM,21:25:49,1.19,48.0,30.47,30.0,167.81,5.62,06:55:00,17:51:00
25989,1482823244,12/26/2016 12:00:00 AM,21:20:44,1.22,48.0,30.47,30.0,108.84,7.87,06:55:00,17:51:00
25990,1482822952,12/26/2016 12:00:00 AM,21:15:52,1.21,48.0,30.47,31.0,138.42,11.25,06:55:00,17:51:00
25991,1482822645,12/26/2016 12:00:00 AM,21:10:45,1.22,48.0,30.47,31.0,122.6,10.12,06:55:00,17:51:00
25992,1482822342,12/26/2016 12:00:00 AM,21:05:42,1.22,48.0,30.47,30.0,197.51,11.25,06:55:00,17:51:00
25993,1482822050,12/26/2016 12:00:00 AM,21:00:50,1.22,48.0,30.47,31.0,124.93,12.37,06:55:00,17:51:00
25994,1482821739,12/26/2016 12:00:00 AM,20:55:39,1.21,48.0,30.47,30.0,151.74,13.5,06:55:00,17:51:00
25995,1482821450,12/26/2016 12:00:00 AM,20:50:50,1.22,48.0,30.47,31.0,138.49,7.87,06:55:00,17:51:00
25996,1482821139,12/26/2016 12:00:00 AM,20:45:39,1.22,49.0,30.47,30.0,115.15,14.62,06:55:00,17:51:00
25997,1482820850,12/26/2016 12:00:00 AM,20:40:50,1.2,49.0,30.47,29.0,132.06,12.37,06:55:00,17:51:00
25998,1482820550,12/26/2016 12:00:00 AM,20:35:50,1.21,49.0,30.47,28.0,182.99,6.75,06:55:00,17:51:00
25999,1482820240,12/26/2016 12:00:00 AM,20:30:40,1.22,49.0,30.47,28.0,133.27,15.75,06:55:00,17:51:00
26000,1482819961,12/26/2016 12:00:00 AM,20:26:01,1.21,49.0,30.47,28.0,137.43,13.5,06:55:00,17:51:00
26001,1482819640,12/26/2016 12:00:00 AM,20:20:40,1.22,49.0,30.47,28.0,168.68,9.0,06:55:00,17:51:00
26002,1482819351,12/26/2016 12:00:00 AM,20:15:51,1.22,49.0,30.46,28.0,176.41,11.25,06:55:00,17:51:00
26003,1482819050,12/26/2016 12:00:00 AM,20:10:50,1.24,49.0,30.46,28.0,145.2,13.5,06:55:00,17:51:00
26004,1482818750,12/26/2016 12:00:00 AM,20:05:50,1.22,49.0,30.46,28.0,211.6,9.0,06:55:00,17:51:00
26005,1482818439,12/26/2016 12:00:00 AM,20:00:39,1.24,49.0,30.46,28.0,127.1,7.87,06:55:00,17:51:00
26006,1482818149,12/26/2016 12:00:00 AM,19:55:49,1.24,48.0,30.46,28.0,153.84,14.62,06:55:00,17:51:00
26007,1482817857,12/26/2016 12:00:00 AM,19:50:57,1.25,48.0,30.46,29.0,184.52,10.12,06:55:00,17:51:00
26008,1482817539,12/26/2016 12:00:00 AM,19:45:39,1.23,48.0,30.46,29.0,151.53,10.12,06:55:00,17:51:00
26009,1482817249,12/26/2016 12:00:00 AM,19:40:49,1.22,48.0,30.46,28.0,146.11,10.12,06:55:00,17:51:00
26010,1482816940,12/26/2016 12:00:00 AM,19:35:40,1.21,48.0,30.46,28.0,166.53,9.0,06:55:00,17:51:00
26011,1482816650,12/26/2016 12:00:00 AM,19:30:50,1.26,48.0,30.46,28.0,161.75,10.12,06:55:00,17:51:00
26012,1482816362,12/26/2016 12:00:00 AM,19:26:02,1.24,49.0,30.46,28.0,183.36,12.37,06:55:00,17:51:00
26013,1482816039,12/26/2016 12:00:00 AM,19:20:39,1.22,49.0,30.46,28.0,157.22,11.25,06:55:00,17:51:00
26014,1482815750,12/26/2016 12:00:00 AM,19:15:50,1.22,49.0,30.46,27.0,189.46,10.12,06:55:00,17:51:00
26015,1482815449,12/26/2016 12:00:00 AM,19:10:49,1.23,49.0,30.46,27.0,161.6,10.12,06:55:00,17:51:00
26016,1482815149,12/26/2016 12:00:00 AM,19:05:49,1.23,49.0,30.46,27.0,157.71,7.87,06:55:00,17:51:00
26017,1482814857,12/26/2016 12:00:00 AM,19:00:57,1.25,49.0,30.46,28.0,198.26,10.12,06:55:00,17:51:00
26018,1482814539,12/26/2016 12:00:00 AM,18:55:39,1.22,49.0,30.46,28.0,195.9,14.62,06:55:00,17:51:00
26019,1482814249,12/26/2016 12:00:00 AM,18:50:49,1.23,49.0,30.46,28.0,172.96,7.87,06:55:00,17:51:00
26020,1482813952,12/26/2016 12:00:00 AM,18:45:52,1.23,49.0,30.45,28.0,154.24,9.0,06:55:00,17:51:00
26021,1482813649,12/26/2016 12:00:00 AM,18:40:49,1.19,49.0,30.45,27.0,149.83,13.5,06:55:00,17:51:00
26022,1482813352,12/26/2016 12:00:00 AM,18:35:52,1.24,49.0,30.45,29.0,157.66,14.62,06:55:00,17:51:00
26023,1482813040,12/26/2016 12:00:00 AM,18:30:40,1.24,50.0,30.45,28.0,159.99,11.25,06:55:00,17:51:00
26024,1482812750,12/26/2016 12:00:00 AM,18:25:50,1.24,50.0,30.45,28.0,161.56,9.0,06:55:00,17:51:00
26025,1482812440,12/26/2016 12:00:00 AM,18:20:40,1.23,50.0,30.45,28.0,171.82,12.37,06:55:00,17:51:00
26026,1482812149,12/26/2016 12:00:00 AM,18:15:49,1.23,50.0,30.45,28.0,157.7,10.12,06:55:00,17:51:00
26027,1482811849,12/26/2016 12:00:00 AM,18:10:49,1.24,50.0,30.45,28.0,167.82,4.5,06:55:00,17:51:00
26028,1482811559,12/26/2016 12:00:00 AM,18:05:59,1.23,50.0,30.45,29.0,111.54,7.87,06:55:00,17:51:00
26029,1482811249,12/26/2016 12:00:00 AM,18:00:49,1.51,51.0,30.45,28.0,34.85,9.0,06:55:00,17:51:00
26030,1482810940,12/26/2016 12:00:00 AM,17:55:40,2.27,51.0,30.45,29.0,153.89,11.25,06:55:00,17:51:00
26031,1482810649,12/26/2016 12:00:00 AM,17:50:49,3.39,51.0,30.45,28.0,129.52,6.75,06:55:00,17:51:00
26032,1482810340,12/26/2016 12:00:00 AM,17:45:40,5.88,51.0,30.45,28.0,92.59,6.75,06:55:00,17:51:00
26033,1482810050,12/26/2016 12:00:00 AM,17:40:50,10.79,52.0,30.45,28.0,135.29,6.75,06:55:00,17:51:00
26034,1482809750,12/26/2016 12:00:00 AM,17:35:50,14.91,52.0,30.44,28.0,170.06,6.75,06:55:00,17:51:00
26035,1482809452,12/26/2016 12:00:00 AM,17:30:52,21.49,52.0,30.44,28.0,182.75,10.12,06:55:00,17:51:00
26036,1482809153,12/26/2016 12:00:00 AM,17:25:53,33.14,52.0,30.44,31.0,132.22,3.37,06:55:00,17:51:00
26037,1482808849,12/26/2016 12:00:00 AM,17:20:49,44.73,52.0,30.44,32.0,115.01,7.87,06:55:00,17:51:00
26038,1482808550,12/26/2016 12:00:00 AM,17:15:50,49.84,53.0,30.44,32.0,128.08,7.87,06:55:00,17:51:00
26039,1482808266,12/26/2016 12:00:00 AM,17:11:06,65.04,53.0,30.44,32.0,149.46,10.12,06:55:00,17:51:00
26040,1482807966,12/26/2016 12:00:00 AM,17:06:06,70.13,54.0,30.44,32.0,77.46,3.37,06:55:00,17:51:00
26041,1482807666,12/26/2016 12:00:00 AM,17:01:06,51.76,55.0,30.44,26.0,59.55,5.62,06:55:00,17:51:00
26042,1482807365,12/26/2016 12:00:00 AM,16:56:05,81.08,56.0,30.43,26.0,122.86,6.75,06:55:00,17:51:00
26043,1482807066,12/26/2016 12:00:00 AM,16:51:06,93.93,56.0,30.43,25.0,101.51,20.25,06:55:00,17:51:00
26044,1482806756,12/26/2016 12:00:00 AM,16:45:56,242.39,56.0,30.43,27.0,114.87,6.229096658193317,06:55:00,17:51:00
26045,1482806465,12/26/2016 12:00:00 AM,16:41:05,323.34,56.0,30.423028000868246,28.0,116.81,5.62,06:55:00,17:51:00
26046,1482806155,12/26/2016 12:00:00 AM,16:35:55,189.6,56.0,30.43,26.0,118.79,7.87,06:55:00,17:51:00
26047,1482805849,12/26/2016 12:00:00 AM,16:30:49,159.35,57.0,30.42,26.0,82.6,9.0,06:55:00,17:51:00
26048,1482805539,12/26/2016 12:00:00 AM,16:25:39,254.71,57.0,30.43,25.0,157.55,2.25,06:55:00,17:51:00
26049,1482805250,12/26/2016 12:00:00 AM,16:20:50,205.1,58.0,30.43,26.0,145.33,12.37,06:55:00,17:51:00
26050,1482804949,12/26/2016 12:00:00 AM,16:15:49,452.13,57.0,30.42,29.0,178.6,6.75,06:55:00,17:51:00
26051,1482804640,12/26/2016 12:00:00 AM,16:10:40,437.94,57.0,30.43,28.0,102.13,5.62,06:55:00,17:51:00
26052,1482804350,12/26/2016 12:00:00 AM,16:05:50,322.98,57.0,30.43,25.0,36.77,4.5,06:55:00,17:51:00
26053,1482804039,12/26/2016 12:00:00 AM,16:00:39,432.49,58.0,30.43,26.0,130.12,10.12,06:55:00,17:51:00
26054,1482803750,12/26/2016 12:00:00 AM,15:55:50,337.74,58.0,30.42,27.0,133.78,14.62,06:55:00,17:51:00
26055,1482803450,12/26/2016 12:00:00 AM,15:50:50,412.86,58.0,30.42,29.0,131.93,6.75,06:55:00,17:51:00
26056,1482803139,12/26/2016 12:00:00 AM,15:45:39,614.88,57.0,30.42,28.0,165.31,10.12,06:55:00,17:51:00
26057,1482802851,12/26/2016 12:00:00 AM,15:40:51,419.84,57.0,30.42,30.0,140.43,7.87,06:55:00,17:51:00
26058,1482802540,12/26/2016 12:00:00 AM,15:35:40,266.21,57.0,30.42,30.0,131.12,2.25,06:55:00,17:51:00
26059,1482802249,12/26/2016 12:00:00 AM,15:30:49,577.4,57.0,30.42,28.0,132.09,7.87,06:55:00,17:51:00
26060,1482801951,12/26/2016 12:00:00 AM,15:25:51,343.58,57.0,30.42,30.0,124.32,10.12,06:55:00,17:51:00
26061,1482801641,12/26/2016 12:00:00 AM,15:20:41,277.35,57.0,30.42,29.0,140.11,14.62,06:55:00,17:51:00
26062,1482801350,12/26/2016 12:00:00 AM,15:15:50,297.32,57.0,30.42,28.0,135.06,7.87,06:55:00,17:51:00
26063,1482801040,12/26/2016 12:00:00 AM,15:10:40,454.74,57.0,30.42,28.0,43.99,12.37,06:55:00,17:51:00
26064,1482800740,12/26/2016 12:00:00 AM,15:05:40,487.35,58.0,30.42,27.0,127.62,7.87,06:55:00,17:51:00
26065,1482800449,12/26/2016 12:00:00 AM,15:00:49,488.84,58.0,30.42,29.0,155.94,10.12,06:55:00,17:51:00
26066,1482800166,12/26/2016 12:00:00 AM,14:56:06,537.26,58.0,30.42,29.0,97.49,6.75,06:55:00,17:51:00
26067,1482799840,12/26/2016 12:00:00 AM,14:50:40,733.4,57.0,30.42,32.0,107.86,11.25,06:55:00,17:51:00
26068,1482799550,12/26/2016 12:00:00 AM,14:45:50,680.97,57.0,30.42,34.0,134.35,7.87,06:55:00,17:51:00
26069,1482799259,12/26/2016 12:00:00 AM,14:40:59,355.93,57.0,30.42,32.0,137.19,16.87,06:55:00,17:51:00
26070,1482798949,12/26/2016 12:00:00 AM,14:35:49,318.38,57.0,30.42,31.0,111.43,9.0,06:55:00,17:51:00
26071,1482798650,12/26/2016 12:00:00 AM,14:30:50,450.88,57.0,30.42,33.0,76.3,11.25,06:55:00,17:51:00
26072,1482798339,12/26/2016 12:00:00 AM,14:25:39,707.84,57.0,30.42,32.0,220.52,4.5,06:55:00,17:51:00
26073,1482798052,12/26/2016 12:00:00 AM,14:20:52,495.84,57.0,30.43,31.0,124.99,15.75,06:55:00,17:51:00
26074,1482797740,12/26/2016 12:00:00 AM,14:15:40,647.82,57.0,30.43,32.0,217.84,2.25,06:55:00,17:51:00
26075,1482797451,12/26/2016 12:00:00 AM,14:10:51,372.29,57.0,30.43,32.0,286.08,4.5,06:55:00,17:51:00
26076,1482797139,12/26/2016 12:00:00 AM,14:05:39,673.2,57.0,30.42,37.0,144.55,14.62,06:55:00,17:51:00
26077,1482796849,12/26/2016 12:00:00 AM,14:00:49,613.11,57.0,30.43,35.0,86.54,4.5,06:55:00,17:51:00
26078,1482796549,12/26/2016 12:00:00 AM,13:55:49,451.96,57.0,30.43,36.0,182.61,10.12,06:55:00,17:51:00
26079,1482796241,12/26/2016 12:00:00 AM,13:50:41,625.06,57.0,30.44,36.0,123.35,4.5,06:55:00,17:51:00
26080,1482795949,12/26/2016 12:00:00 AM,13:45:49,515.69,56.0,30.44,41.0,151.53,1.12,06:55:00,17:51:00
26081,1482795650,12/26/2016 12:00:00 AM,13:40:50,437.64,57.0,30.44,38.0,18.4,6.75,06:55:00,17:51:00
26082,1482795350,12/26/2016 12:00:00 AM,13:35:50,561.47,57.0,30.44,38.0,164.19,3.37,06:55:00,17:51:00
26083,1482795056,12/26/2016 12:00:00 AM,13:30:56,466.95,57.0,30.44,40.0,12.43,6.75,06:55:00,17:51:00
26084,1482794754,12/26/2016 12:00:00 AM,13:25:54,788.9,57.0,30.44,43.0,37.22,3.37,06:55:00,17:51:00
26085,1482794439,12/26/2016 12:00:00 AM,13:20:39,933.38,57.0,30.44,42.0,358.09,3.37,06:55:00,17:51:00
26086,1482794150,12/26/2016 12:00:00 AM,13:15:50,908.41,58.0,30.45,38.0,106.97,9.0,06:55:00,17:51:00
26087,1482793840,12/26/2016 12:00:00 AM,13:10:40,607.85,58.0,30.45,37.0,81.88,9.0,06:55:00,17:51:00
26088,1482793550,12/26/2016 12:00:00 AM,13:05:50,582.11,58.0,30.45,35.0,114.9,2.25,06:55:00,17:51:00
26089,1482793257,12/26/2016 12:00:00 AM,13:00:57,814.85,58.0,30.45,33.0,74.41,7.87,06:55:00,17:51:00
26090,1482792939,12/26/2016 12:00:00 AM,12:55:39,586.82,59.0,30.45,33.0,107.56,12.37,06:55:00,17:51:00
26091,1482792650,12/26/2016 12:00:00 AM,12:50:50,696.1,59.0,30.45,37.0,75.88,6.75,06:55:00,17:51:00
26092,1482792350,12/26/2016 12:00:00 AM,12:45:50,927.74,58.0,30.45,40.0,185.5,3.37,06:55:00,17:51:00
26093,1482792040,12/26/2016 12:00:00 AM,12:40:40,874.98,58.0,30.45,35.0,97.45,11.25,06:55:00,17:51:00
26094,1482791750,12/26/2016 12:00:00 AM,12:35:50,755.94,58.0,30.46,39.0,117.17,13.5,06:55:00,17:51:00
26095,1482791440,12/26/2016 12:00:00 AM,12:30:40,611.2,58.0,30.46,36.0,91.79,7.87,06:55:00,17:51:00
26096,1482791150,12/26/2016 12:00:00 AM,12:25:50,722.16,58.0,30.46,35.0,158.61,4.5,06:55:00,17:51:00
26097,1482790849,12/26/2016 12:00:00 AM,12:20:49,494.97,59.0,30.46,35.0,64.65,5.62,06:55:00,17:51:00
26098,1482790549,12/26/2016 12:00:00 AM,12:15:49,612.8,59.0,30.46,33.0,40.14,7.87,06:55:00,17:51:00
26099,1482790249,12/26/2016 12:00:00 AM,12:10:49,877.63,59.0,30.47,33.0,178.63,6.75,06:55:00,17:51:00
26100,1482789940,12/26/2016 12:00:00 AM,12:05:40,909.78,58.0,30.47,34.0,25.51,5.62,06:55:00,17:51:00
26101,1482789650,12/26/2016 12:00:00 AM,12:00:50,937.31,58.0,30.47,35.0,231.38,3.37,06:55:00,17:51:00
26102,1482789339,12/26/2016 12:00:00 AM,11:55:39,986.07,57.0,30.47,37.0,135.13,10.12,06:55:00,17:51:00
26103,1482789050,12/26/2016 12:00:00 AM,11:50:50,750.27,57.0,30.47,40.0,147.86,3.37,06:55:00,17:51:00
26104,1482788749,12/26/2016 12:00:00 AM,11:45:49,699.75,57.0,30.48,37.0,35.31,7.87,06:55:00,17:51:00
26105,1482788440,12/26/2016 12:00:00 AM,11:40:40,645.08,57.0,30.48,40.0,162.68,10.12,06:55:00,17:51:00
26106,1482788140,12/26/2016 12:00:00 AM,11:35:40,688.18,56.0,30.48,42.0,127.93,3.37,06:55:00,17:51:00
26107,1482787853,12/26/2016 12:00:00 AM,11:30:53,655.57,56.0,30.48,42.0,190.21,7.87,06:55:00,17:51:00
26108,1482787539,12/26/2016 12:00:00 AM,11:25:39,438.38,56.0,30.48,39.0,79.2,5.62,06:55:00,17:51:00
26109,1482787250,12/26/2016 12:00:00 AM,11:20:50,566.43,56.0,30.49,38.0,185.74,7.87,06:55:00,17:51:00
26110,1482786949,12/26/2016 12:00:00 AM,11:15:49,688.93,56.0,30.49,42.0,94.25,9.0,06:55:00,17:51:00
26111,1482786639,12/26/2016 12:00:00 AM,11:10:39,411.5,56.0,30.49,37.0,162.8,2.25,06:55:00,17:51:00
26112,1482786350,12/26/2016 12:00:00 AM,11:05:50,859.91,56.0,30.49,41.0,99.78,7.87,06:55:00,17:51:00
26113,1482786039,12/26/2016 12:00:00 AM,11:00:39,754.63,56.0,30.49,40.0,42.89,11.25,06:55:00,17:51:00
26114,1482785750,12/26/2016 12:00:00 AM,10:55:50,533.22,55.0,30.49,42.0,148.62,9.0,06:55:00,17:51:00
26115,1482785449,12/26/2016 12:00:00 AM,10:50:49,540.15,55.0,30.49,45.0,147.84,4.5,06:55:00,17:51:00
26116,1482785142,12/26/2016 12:00:00 AM,10:45:42,404.49,55.0,30.49,47.0,342.23,4.5,06:55:00,17:51:00
26117,1482784841,12/26/2016 12:00:00 AM,10:40:41,602.11,55.0,30.49,45.0,68.98,10.12,06:55:00,17:51:00
26118,1482784557,12/26/2016 12:00:00 AM,10:35:57,489.02,55.0,30.49,48.0,87.83,11.25,06:55:00,17:51:00
26119,1482784239,12/26/2016 12:00:00 AM,10:30:39,564.54,55.0,30.49,46.0,157.27,7.87,06:55:00,17:51:00
26120,1482783950,12/26/2016 12:00:00 AM,10:25:50,617.71,55.0,30.49,50.0,143.15,11.25,06:55:00,17:51:00
26121,1482783640,12/26/2016 12:00:00 AM,10:20:40,756.64,54.0,30.49,48.0,155.4,11.25,06:55:00,17:51:00
26122,1482783350,12/26/2016 12:00:00 AM,10:15:50,706.35,54.0,30.49,62.0,93.88,5.62,06:55:00,17:51:00
26123,1482783050,12/26/2016 12:00:00 AM,10:10:50,513.45,54.0,30.5,77.0,10.56,2.25,06:55:00,17:51:00
26124,1482782749,12/26/2016 12:00:00 AM,10:05:49,442.51,54.0,30.49,59.0,62.62,5.62,06:55:00,17:51:00
26125,1482782450,12/26/2016 12:00:00 AM,10:00:50,637.15,54.0,30.49,55.0,51.17,5.62,06:55:00,17:51:00
26126,1482782149,12/26/2016 12:00:00 AM,09:55:49,491.26,54.0,30.49,54.0,135.5,2.25,06:55:00,17:51:00
26127,1482781849,12/26/2016 12:00:00 AM,09:50:49,587.97,54.0,30.49,57.0,359.75,5.62,06:55:00,17:51:00
26128,1482781580,12/26/2016 12:00:00 AM,09:46:20,485.73,54.0,30.49,54.0,138.22,5.62,06:55:00,17:51:00
26129,1482781255,12/26/2016 12:00:00 AM,09:40:55,538.15,53.0,30.49,59.0,136.74,19.12,06:55:00,17:51:00
26130,1482780952,12/26/2016 12:00:00 AM,09:35:52,674.96,51.0,30.48,71.0,139.4,12.37,06:55:00,17:51:00
26131,1482780640,12/26/2016 12:00:00 AM,09:30:40,409.88,51.0,30.48,96.0,103.66,12.37,06:55:00,17:51:00
26132,1482780349,12/26/2016 12:00:00 AM,09:25:49,439.58,51.0,30.48,97.0,112.0,3.37,06:55:00,17:51:00
26133,1482780040,12/26/2016 12:00:00 AM,09:20:40,473.34,51.0,30.48,97.0,14.96,2.25,06:55:00,17:51:00
26134,1482779753,12/26/2016 12:00:00 AM,09:15:53,389.47,51.0,30.49,96.0,108.77,10.12,06:55:00,17:51:00
26135,1482779439,12/26/2016 12:00:00 AM,09:10:39,505.17,52.0,30.49,95.0,56.05,9.0,06:55:00,17:51:00
26136,1482779139,12/26/2016 12:00:00 AM,09:05:39,396.2,51.0,30.48,94.0,136.52,5.62,06:55:00,17:51:00
26137,1482778850,12/26/2016 12:00:00 AM,09:00:50,568.28,51.0,30.48,98.0,84.84,3.37,06:55:00,17:51:00
26138,1482778539,12/26/2016 12:00:00 AM,08:55:39,400.49,50.0,30.48,99.0,86.32,4.5,06:55:00,17:51:00
26139,1482778250,12/26/2016 12:00:00 AM,08:50:50,416.24,50.0,30.48,101.0,120.12,2.25,06:55:00,17:51:00
26140,1482777965,12/26/2016 12:00:00 AM,08:46:05,370.34,50.0,30.48,101.0,61.07,5.62,06:55:00,17:51:00
26141,1482777661,12/26/2016 12:00:00 AM,08:41:01,365.43,49.0,30.48,101.0,165.6,3.37,06:55:00,17:51:00
26142,1482777340,12/26/2016 12:00:00 AM,08:35:40,174.15,49.0,30.48,101.0,38.48,7.87,06:55:00,17:51:00
26143,1482777050,12/26/2016 12:00:00 AM,08:30:50,209.58,49.0,30.47,101.0,139.63,11.25,06:55:00,17:51:00
26144,1482776740,12/26/2016 12:00:00 AM,08:25:40,195.17,49.0,30.47,101.0,133.9,10.12,06:55:00,17:51:00
26145,1482776450,12/26/2016 12:00:00 AM,08:20:50,146.48,49.0,30.48,101.0,136.95,12.37,06:55:00,17:51:00
26146,1482776139,12/26/2016 12:00:00 AM,08:15:39,118.09,48.0,30.47,101.0,137.35,10.12,06:55:00,17:51:00
26147,1482775849,12/26/2016 12:00:00 AM,08:10:49,98.32,48.0,30.48,101.0,121.11,13.5,06:55:00,17:51:00
26148,1482775539,12/26/2016 12:00:00 AM,08:05:39,97.21,48.0,30.47,101.0,139.63,12.37,06:55:00,17:51:00
26149,1482775250,12/26/2016 12:00:00 AM,08:00:50,79.53,48.0,30.47,101.0,187.78,4.5,06:55:00,17:51:00
26150,1482774940,12/26/2016 12:00:00 AM,07:55:40,80.02,48.0,30.47,101.0,133.4,10.12,06:55:00,17:51:00
26151,1482774649,12/26/2016 12:00:00 AM,07:50:49,77.91,48.0,30.47,101.0,160.69,5.62,06:55:00,17:51:00
26152,1482774351,12/26/2016 12:00:00 AM,07:45:51,57.14,48.0,30.47,101.0,144.56,7.87,06:55:00,17:51:00
26153,1482774039,12/26/2016 12:00:00 AM,07:40:39,49.51,48.0,30.47,101.0,169.05,10.12,06:55:00,17:51:00
26154,1482773750,12/26/2016 12:00:00 AM,07:35:50,43.7,48.0,30.46,101.0,155.07,7.87,06:55:00,17:51:00
26155,1482773439,12/26/2016 12:00:00 AM,07:30:39,40.99,47.0,30.46,101.0,69.01,7.87,06:55:00,17:51:00
26156,1482773150,12/26/2016 12:00:00 AM,07:25:50,33.72,47.0,30.46,101.0,172.77,3.37,06:55:00,17:51:00
26157,1482772850,12/26/2016 12:00:00 AM,07:20:50,32.82,47.0,30.46,101.0,131.28,5.62,06:55:00,17:51:00
26158,1482772540,12/26/2016 12:00:00 AM,07:15:40,25.91,47.0,30.46,101.0,155.79,13.5,06:55:00,17:51:00
26159,1482772250,12/26/2016 12:00:00 AM,07:10:50,16.74,47.0,30.45,101.0,135.25,13.5,06:55:00,17:51:00
26160,1482771939,12/26/2016 12:00:00 AM,07:05:39,11.29,47.0,30.45,101.0,151.0,11.25,06:55:00,17:51:00
26161,1482771649,12/26/2016 12:00:00 AM,07:00:49,5.23,47.0,30.45,101.0,145.29,6.75,06:55:00,17:51:00
26162,1482771340,12/26/2016 12:00:00 AM,06:55:40,2.8,47.0,30.45,101.0,176.67,6.75,06:55:00,17:51:00
26163,1482771053,12/26/2016 12:00:00 AM,06:50:53,1.89,46.0,30.45,101.0,165.67,7.87,06:55:00,17:51:00
26164,1482770749,12/26/2016 12:00:00 AM,06:45:49,1.29,46.0,30.45,101.0,119.02,11.25,06:55:00,17:51:00
26165,1482770450,12/26/2016 12:00:00 AM,06:40:50,1.23,46.0,30.45,101.0,199.3,10.12,06:55:00,17:51:00
26166,1482770149,12/26/2016 12:00:00 AM,06:35:49,1.21,46.0,30.45,101.0,192.99,6.75,06:55:00,17:51:00
26167,1482769852,12/26/2016 12:00:00 AM,06:30:52,1.23,46.0,30.45,101.0,170.64,6.75,06:55:00,17:51:00
26168,1482769553,12/26/2016 12:00:00 AM,06:25:53,1.22,46.0,30.45,101.0,179.82,3.37,06:55:00,17:51:00
26169,1482769258,12/26/2016 12:00:00 AM,06:20:58,1.2,46.0,30.45,100.0,107.07,7.87,06:55:00,17:51:00
26170,1482768950,12/26/2016 12:00:00 AM,06:15:50,1.21,46.0,30.44,100.0,140.13,13.5,06:55:00,17:51:00
26171,1482768650,12/26/2016 12:00:00 AM,06:10:50,1.21,46.0,30.44,100.0,156.31,12.37,06:55:00,17:51:00
26172,1482768339,12/26/2016 12:00:00 AM,06:05:39,1.23,45.0,30.44,100.0,141.05,11.25,06:55:00,17:51:00
26173,1482768049,12/26/2016 12:00:00 AM,06:00:49,1.19,45.0,30.44,99.0,96.65,7.87,06:55:00,17:51:00
26174,1482767740,12/26/2016 12:00:00 AM,05:55:40,1.2,44.0,30.44,98.0,164.29,10.12,06:55:00,17:51:00
26175,1482767466,12/26/2016 12:00:00 AM,05:51:06,1.2,44.0,30.45,97.0,166.61,9.0,06:55:00,17:51:00
26176,1482767141,12/26/2016 12:00:00 AM,05:45:41,1.21,44.0,30.45,93.0,145.95,12.37,06:55:00,17:51:00
26177,1482766839,12/26/2016 12:00:00 AM,05:40:39,1.24,43.0,30.44,87.0,165.39,6.75,06:55:00,17:51:00
26178,1482766550,12/26/2016 12:00:00 AM,05:35:50,1.21,43.0,30.44,85.0,167.82,9.0,06:55:00,17:51:00
26179,1482766242,12/26/2016 12:00:00 AM,05:30:42,1.23,43.0,30.44,92.0,164.21,10.12,06:55:00,17:51:00
26180,1482765940,12/26/2016 12:00:00 AM,05:25:40,1.2,44.0,30.44,96.0,122.47,12.37,06:55:00,17:51:00
26181,1482765650,12/26/2016 12:00:00 AM,05:20:50,1.19,44.0,30.44,97.0,184.25,4.5,06:55:00,17:51:00
26182,1482765349,12/26/2016 12:00:00 AM,05:15:49,1.22,44.0,30.44,99.0,97.61,6.75,06:55:00,17:51:00
26183,1482765040,12/26/2016 12:00:00 AM,05:10:40,1.23,45.0,30.44,100.0,130.84,7.87,06:55:00,17:51:00
26184,1482764750,12/26/2016 12:00:00 AM,05:05:50,1.23,45.0,30.43,100.0,146.28,11.25,06:55:00,17:51:00
26185,1482764440,12/26/2016 12:00:00 AM,05:00:40,1.22,45.0,30.43,100.0,175.73,12.37,06:55:00,17:51:00
26186,1482764149,12/26/2016 12:00:00 AM,04:55:49,1.22,44.0,30.43,100.0,155.27,15.75,06:55:00,17:51:00
26187,1482763839,12/26/2016 12:00:00 AM,04:50:39,1.23,45.0,30.43,100.0,174.73,7.87,06:55:00,17:51:00
26188,1482763549,12/26/2016 12:00:00 AM,04:45:49,1.21,45.0,30.43,100.0,183.09,3.37,06:55:00,17:51:00
26189,1482763250,12/26/2016 12:00:00 AM,04:40:50,1.22,45.0,30.43,100.0,143.56,11.25,06:55:00,17:51:00
26190,1482762939,12/26/2016 12:00:00 AM,04:35:39,1.21,44.0,30.43,99.0,179.53,11.25,06:55:00,17:51:00
26191,1482762649,12/26/2016 12:00:00 AM,04:30:49,1.18,44.0,30.42,98.0,160.86,10.12,06:55:00,17:51:00
26192,1482762351,12/26/2016 12:00:00 AM,04:25:51,1.23,43.0,30.43,97.0,181.36,10.12,06:55:00,17:51:00
26193,1482762039,12/26/2016 12:00:00 AM,04:20:39,1.19,42.0,30.43,94.0,135.8,14.62,06:55:00,17:51:00
26194,1482761750,12/26/2016 12:00:00 AM,04:15:50,1.2,42.0,30.43,90.0,166.3,12.37,06:55:00,17:51:00
26195,1482761440,12/26/2016 12:00:00 AM,04:10:40,1.19,41.0,30.43,87.0,167.02,12.37,06:55:00,17:51:00
26196,1482761139,12/26/2016 12:00:00 AM,04:05:39,1.22,41.0,30.43,89.0,160.95,9.0,06:55:00,17:51:00
26197,1482760850,12/26/2016 12:00:00 AM,04:00:50,1.24,41.0,30.43,92.0,186.16,18.0,06:55:00,17:51:00
26198,1482760539,12/26/2016 12:00:00 AM,03:55:39,1.21,40.0,30.43,93.0,151.58,2.25,06:55:00,17:51:00
26199,1482760250,12/26/2016 12:00:00 AM,03:50:50,1.22,40.0,30.43,91.0,150.53,6.75,06:55:00,17:51:00
26200,1482759958,12/26/2016 12:00:00 AM,03:45:58,1.19,40.0,30.43,86.0,176.08,6.75,06:55:00,17:51:00
26201,1482759652,12/26/2016 12:00:00 AM,03:40:52,1.21,40.0,30.43,80.0,176.37,6.75,06:55:00,17:51:00
26202,1482759339,12/26/2016 12:00:00 AM,03:35:39,1.2,40.0,30.43,73.0,140.72,7.87,06:55:00,17:51:00
26203,1482759053,12/26/2016 12:00:00 AM,03:30:53,1.2,40.0,30.43,68.0,208.87,9.0,06:55:00,17:51:00
26204,1482758741,12/26/2016 12:00:00 AM,03:25:41,1.23,40.0,30.43,66.0,16.66,5.62,06:55:00,17:51:00
26205,1482758450,12/26/2016 12:00:00 AM,03:20:50,1.18,39.0,30.43,66.0,174.13,10.12,06:55:00,17:51:00
26206,1482758150,12/26/2016 12:00:00 AM,03:15:50,1.19,40.0,30.43,63.0,174.53,10.12,06:55:00,17:51:00
26207,1482757839,12/26/2016 12:00:00 AM,03:10:39,1.18,40.0,30.43,61.0,164.05,3.37,06:55:00,17:51:00
26208,1482757549,12/26/2016 12:00:00 AM,03:05:49,1.17,40.0,30.43,61.0,184.5,10.12,06:55:00,17:51:00
26209,1482757239,12/26/2016 12:00:00 AM,03:00:39,1.19,40.0,30.43,59.0,160.12,6.75,06:55:00,17:51:00
26210,1482756949,12/26/2016 12:00:00 AM,02:55:49,1.2,40.0,30.43,61.0,153.74,9.0,06:55:00,17:51:00
26211,1482756639,12/26/2016 12:00:00 AM,02:50:39,1.19,40.0,30.43,67.0,133.42,11.25,06:55:00,17:51:00
26212,1482756353,12/26/2016 12:00:00 AM,02:45:53,1.19,40.0,30.43,68.0,125.03,6.75,06:55:00,17:51:00
26213,1482756075,12/26/2016 12:00:00 AM,02:41:15,1.2,39.0,30.43,70.0,130.63,13.5,06:55:00,17:51:00
26214,1482755745,12/26/2016 12:00:00 AM,02:35:45,1.2,39.0,30.43,72.0,136.68,6.75,06:55:00,17:51:00
26215,1482755450,12/26/2016 12:00:00 AM,02:30:50,1.2,39.0,30.43,76.0,175.48,10.12,06:55:00,17:51:00
26216,1482755141,12/26/2016 12:00:00 AM,02:25:41,1.19,40.0,30.43,77.0,97.74,5.62,06:55:00,17:51:00
26217,1482754850,12/26/2016 12:00:00 AM,02:20:50,1.2,40.0,30.43,78.0,147.93,9.0,06:55:00,17:51:00
26218,1482754540,12/26/2016 12:00:00 AM,02:15:40,1.16,41.0,30.43,79.0,115.23,7.87,06:55:00,17:51:00
26219,1482754249,12/26/2016 12:00:00 AM,02:10:49,1.16,41.0,30.44,75.0,164.4,4.5,06:55:00,17:51:00
26220,1482753954,12/26/2016 12:00:00 AM,02:05:54,1.2,41.0,30.44,76.0,107.32,10.12,06:55:00,17:51:00
26221,1482753642,12/26/2016 12:00:00 AM,02:00:42,1.19,41.0,30.423028000868246,80.0,176.38,4.5,06:55:00,17:51:00
26222,1482753349,12/26/2016 12:00:00 AM,01:55:49,1.2,41.0,30.44,85.0,138.15,5.62,06:55:00,17:51:00
26223,1482753039,12/26/2016 12:00:00 AM,01:50:39,1.18,41.0,30.44,87.0,88.43,4.5,06:55:00,17:51:00
26224,1482752749,12/26/2016 12:00:00 AM,01:45:49,1.22,41.0,30.44,97.0,180.82,11.25,06:55:00,17:51:00
26225,1482752450,12/26/2016 12:00:00 AM,01:40:50,1.2,41.0,30.44,98.0,139.43,6.75,06:55:00,17:51:00
26226,1482752139,12/26/2016 12:00:00 AM,01:35:39,1.22,42.0,30.44,98.0,135.29,11.25,06:55:00,17:51:00
26227,1482751852,12/26/2016 12:00:00 AM,01:30:52,1.23,42.0,30.44,97.0,105.27,3.37,06:55:00,17:51:00
26228,1482751541,12/26/2016 12:00:00 AM,01:25:41,1.23,43.0,30.44,95.0,117.13,2.25,06:55:00,17:51:00
26229,1482751251,12/26/2016 12:00:00 AM,01:20:51,1.21,43.0,30.44,84.0,58.51,4.5,06:55:00,17:51:00
26230,1482750949,12/26/2016 12:00:00 AM,01:15:49,1.16,42.0,30.44,92.0,110.63,16.87,06:55:00,17:51:00
26231,1482750639,12/26/2016 12:00:00 AM,01:10:39,1.2,42.0,30.44,101.0,133.87,10.12,06:55:00,17:51:00
26232,1482750349,12/26/2016 12:00:00 AM,01:05:49,1.22,42.0,30.44,102.0,144.8,10.12,06:55:00,17:51:00
26233,1482750040,12/26/2016 12:00:00 AM,01:00:40,1.21,43.0,30.44,102.0,104.66,9.0,06:55:00,17:51:00
26234,1482749749,12/26/2016 12:00:00 AM,00:55:49,1.2,43.0,30.44,102.0,155.48,2.25,06:55:00,17:51:00
26235,1482749439,12/26/2016 12:00:00 AM,00:50:39,1.2,43.0,30.44,102.0,163.6,5.62,06:55:00,17:51:00
26236,1482749149,12/26/2016 12:00:00 AM,00:45:49,1.21,43.0,30.44,102.0,136.32,5.62,06:55:00,17:51:00
26237,1482748850,12/26/2016 12:00:00 AM,00:40:50,1.15,44.0,30.44,102.0,100.99,7.87,06:55:00,17:51:00
26238,1482748549,12/26/2016 12:00:00 AM,00:35:49,1.2,43.0,30.45,102.0,41.91,6.75,06:55:00,17:51:00
26239,1482748250,12/26/2016 12:00:00 AM,00:30:50,1.22,44.0,30.45,102.0,54.5,3.37,06:55:00,17:51:00
26240,1482747940,12/26/2016 12:00:00 AM,00:25:40,1.21,44.0,30.45,102.0,76.27,4.5,06:55:00,17:51:00
26241,1482747651,12/26/2016 12:00:00 AM,00:20:51,1.2,44.0,30.45,102.0,98.37,2.25,06:55:00,17:51:00
26242,1482747339,12/26/2016 12:00:00 AM,00:15:39,1.2,44.0,30.45,102.0,107.47,9.0,06:55:00,17:51:00
26243,1482747049,12/26/2016 12:00:00 AM,00:10:49,1.2,44.0,30.45,102.0,138.33,3.37,06:55:00,17:51:00
26244,1482746749,12/26/2016 12:00:00 AM,00:05:49,1.22,45.0,30.45,102.0,160.94,3.37,06:55:00,17:51:00
26245,1482746439,12/26/2016 12:00:00 AM,00:00:39,1.21,45.0,30.46,102.0,53.09,7.87,06:55:00,17:51:00
26246,1482746149,12/25/2016 12:00:00 AM,23:55:49,1.24,45.0,30.46,102.0,103.7,5.62,06:55:00,17:51:00
26247,1482745839,12/25/2016 12:00:00 AM,23:50:39,1.22,45.0,30.46,102.0,156.35,1.12,06:55:00,17:51:00
26248,1482745549,12/25/2016 12:00:00 AM,23:45:49,1.24,45.0,30.46,102.0,29.23,4.5,06:55:00,17:51:00
26249,1482745249,12/25/2016 12:00:00 AM,23:40:49,1.24,45.0,30.45,102.0,146.78,4.5,06:55:00,17:51:00
26250,1482744940,12/25/2016 12:00:00 AM,23:35:40,1.23,45.0,30.45,102.0,72.55,3.37,06:55:00,17:51:00
26251,1482744649,12/25/2016 12:00:00 AM,23:30:49,1.2,45.0,30.45,102.0,92.92,2.25,06:55:00,17:51:00
26252,1482744340,12/25/2016 12:00:00 AM,23:25:40,1.22,45.0,30.45,102.0,42.66,3.37,06:55:00,17:51:00
26253,1482744050,12/25/2016 12:00:00 AM,23:20:50,1.2,46.0,30.45,102.0,120.86,5.62,06:55:00,17:51:00
26254,1482743749,12/25/2016 12:00:00 AM,23:15:49,1.22,46.0,30.45,102.0,68.84,2.25,06:55:00,17:51:00
26255,1482743440,12/25/2016 12:00:00 AM,23:10:40,1.24,46.0,30.45,102.0,7.45,2.25,06:55:00,17:51:00
26256,1482743152,12/25/2016 12:00:00 AM,23:05:52,1.22,46.0,30.45,102.0,113.52,6.75,06:55:00,17:51:00
26257,1482742840,12/25/2016 12:00:00 AM,23:00:40,1.21,46.0,30.45,102.0,135.74,14.62,06:55:00,17:51:00
26258,1482742550,12/25/2016 12:00:00 AM,22:55:50,1.26,46.0,30.45,102.0,72.7,9.0,06:55:00,17:51:00
26259,1482742252,12/25/2016 12:00:00 AM,22:50:52,1.2,46.0,30.45,102.0,102.96,3.37,06:55:00,17:51:00
26260,1482741941,12/25/2016 12:00:00 AM,22:45:41,1.25,46.0,30.45,102.0,100.29,2.25,06:55:00,17:51:00
26261,1482741639,12/25/2016 12:00:00 AM,22:40:39,1.24,47.0,30.45,102.0,79.14,6.75,06:55:00,17:51:00
26262,1482741349,12/25/2016 12:00:00 AM,22:35:49,1.23,47.0,30.46,102.0,172.88,3.37,06:55:00,17:51:00
26263,1482741041,12/25/2016 12:00:00 AM,22:30:41,1.21,47.0,30.45,102.0,46.79,4.5,06:55:00,17:51:00
26264,1482740750,12/25/2016 12:00:00 AM,22:25:50,1.22,46.0,30.46,102.0,110.01,3.37,06:55:00,17:51:00
26265,1482740449,12/25/2016 12:00:00 AM,22:20:49,1.24,47.0,30.45,102.0,41.4,2.25,06:55:00,17:51:00
26266,1482740140,12/25/2016 12:00:00 AM,22:15:40,1.22,47.0,30.45,74.83719267708949,187.13,7.87,06:55:00,17:51:00
26267,1482739849,12/25/2016 12:00:00 AM,22:10:49,1.23,47.0,30.45,101.0,75.24,4.5,06:55:00,17:51:00
26268,1482739552,12/25/2016 12:00:00 AM,22:05:52,1.26,47.0,30.45,102.0,137.7,3.37,06:55:00,17:51:00
26269,1482739251,12/25/2016 12:00:00 AM,22:00:51,1.22,47.0,30.45,101.0,153.75,3.37,06:55:00,17:51:00
26270,1482738949,12/25/2016 12:00:00 AM,21:55:49,1.21,47.0,30.45,101.0,91.05,6.75,06:55:00,17:51:00
26271,1482738639,12/25/2016 12:00:00 AM,21:50:39,1.22,47.0,30.45,101.0,182.19,7.87,06:55:00,17:51:00
26272,1482738350,12/25/2016 12:00:00 AM,21:45:50,1.24,47.0,30.45,101.0,113.78,4.5,06:55:00,17:51:00
26273,1482738052,12/25/2016 12:00:00 AM,21:40:52,1.23,47.0,30.45,101.0,209.81,4.5,06:55:00,17:51:00
26274,1482737750,12/25/2016 12:00:00 AM,21:35:50,1.23,47.0,30.45,101.0,157.9,4.5,06:55:00,17:51:00
26275,1482737449,12/25/2016 12:00:00 AM,21:30:49,1.23,47.0,30.45,101.0,156.04,3.37,06:55:00,17:51:00
26276,1482737139,12/25/2016 12:00:00 AM,21:25:39,1.22,47.0,30.45,101.0,62.73,5.62,06:55:00,17:51:00
26277,1482736850,12/25/2016 12:00:00 AM,21:20:50,1.22,51.16507236474315,30.45,101.0,286.79,3.37,06:55:00,17:51:00
26278,1482736552,12/25/2016 12:00:00 AM,21:15:52,1.2,47.0,30.45,101.0,71.67,5.62,06:55:00,17:51:00
26279,1482736250,12/25/2016 12:00:00 AM,21:10:50,1.2,47.0,30.45,101.0,15.45,2.25,06:55:00,17:51:00
26280,1482735954,12/25/2016 12:00:00 AM,21:05:54,1.25,47.0,30.45,101.0,41.58,7.87,06:55:00,17:51:00
26281,1482735639,12/25/2016 12:00:00 AM,21:00:39,1.22,47.0,30.45,101.0,65.64,5.62,06:55:00,17:51:00
26282,1482735349,12/25/2016 12:00:00 AM,20:55:49,1.23,47.0,30.45,101.0,169.44,11.25,06:55:00,17:51:00
26283,1482735052,12/25/2016 12:00:00 AM,20:50:52,1.26,47.0,30.45,101.0,102.16,6.75,06:55:00,17:51:00
26284,1482734755,12/25/2016 12:00:00 AM,20:45:55,1.23,47.0,30.45,101.0,143.65,9.0,06:55:00,17:51:00
26285,1482734450,12/25/2016 12:00:00 AM,20:40:50,1.23,47.0,30.45,101.0,155.53,9.0,06:55:00,17:51:00
26286,1482734141,12/25/2016 12:00:00 AM,20:35:41,1.21,47.0,30.44,101.0,236.52,4.5,06:55:00,17:51:00
26287,1482733850,12/25/2016 12:00:00 AM,20:30:50,1.21,47.0,30.45,101.0,158.92,7.87,06:55:00,17:51:00
26288,1482733539,12/25/2016 12:00:00 AM,20:25:39,1.2,47.0,30.45,101.0,163.1,5.62,06:55:00,17:51:00
26289,1482733249,12/25/2016 12:00:00 AM,20:20:49,1.23,47.0,30.44,100.0,153.04,9.0,06:55:00,17:51:00
26290,1482732949,12/25/2016 12:00:00 AM,20:15:49,1.21,47.0,30.44,100.0,149.86,7.87,06:55:00,17:51:00
26291,1482732642,12/25/2016 12:00:00 AM,20:10:42,1.24,47.0,30.44,100.0,106.22,14.62,06:55:00,17:51:00
26292,1482732343,12/25/2016 12:00:00 AM,20:05:43,1.19,47.0,30.44,100.0,145.24,11.25,06:55:00,17:51:00
26293,1482732050,12/25/2016 12:00:00 AM,20:00:50,1.2,47.0,30.44,100.0,134.06,10.12,06:55:00,17:51:00
26294,1482731742,12/25/2016 12:00:00 AM,19:55:42,1.18,47.0,30.44,100.0,336.51,3.37,06:55:00,17:51:00
26295,1482731449,12/25/2016 12:00:00 AM,19:50:49,1.23,47.0,30.44,99.0,164.9,9.0,06:55:00,17:51:00
26296,1482731140,12/25/2016 12:00:00 AM,19:45:40,1.21,47.0,30.44,99.0,182.76,11.25,06:55:00,17:51:00
26297,1482730840,12/25/2016 12:00:00 AM,19:40:40,1.22,47.0,30.43,100.0,186.02,9.0,06:55:00,17:51:00
26298,1482730550,12/25/2016 12:00:00 AM,19:35:50,1.25,47.0,30.43,100.0,174.73,6.75,06:55:00,17:51:00
26299,1482730242,12/25/2016 12:00:00 AM,19:30:42,1.21,47.0,30.43,100.0,147.52,14.62,06:55:00,17:51:00
26300,1482729951,12/25/2016 12:00:00 AM,19:25:51,1.2,47.0,30.43,100.0,146.82,7.87,06:55:00,17:51:00
26301,1482729640,12/25/2016 12:00:00 AM,19:20:40,1.19,47.0,30.43,100.0,164.82,13.5,06:55:00,17:51:00
26302,1482729349,12/25/2016 12:00:00 AM,19:15:49,1.21,47.0,30.43,100.0,142.45,10.12,06:55:00,17:51:00
26303,1482729050,12/25/2016 12:00:00 AM,19:10:50,1.25,47.0,30.43,100.0,144.81,11.25,06:55:00,17:51:00
26304,1482728739,12/25/2016 12:00:00 AM,19:05:39,1.21,47.0,30.43,100.0,139.74,10.12,06:55:00,17:51:00
26305,1482728449,12/25/2016 12:00:00 AM,19:00:49,1.23,47.0,30.43,100.0,138.91,11.25,06:55:00,17:51:00
26306,1482728140,12/25/2016 12:00:00 AM,18:55:40,1.24,48.0,30.43,100.0,79.69,9.0,06:55:00,17:51:00
26307,1482727852,12/25/2016 12:00:00 AM,18:50:52,1.26,48.0,30.43,100.0,175.6,3.37,06:55:00,17:51:00
26308,1482727549,12/25/2016 12:00:00 AM,18:45:49,1.21,48.0,30.43,100.0,127.15,2.25,06:55:00,17:51:00
26309,1482727240,12/25/2016 12:00:00 AM,18:40:40,1.21,48.0,30.43,99.0,233.29,6.75,06:55:00,17:51:00
26310,1482726951,12/25/2016 12:00:00 AM,18:35:51,1.25,48.0,30.42,99.0,99.9,3.37,06:55:00,17:51:00
26311,1482726640,12/25/2016 12:00:00 AM,18:30:40,1.23,48.0,30.42,99.0,161.13,6.75,06:55:00,17:51:00
26312,1482726350,12/25/2016 12:00:00 AM,18:25:50,1.22,48.0,30.42,99.0,177.18,5.62,06:55:00,17:51:00
26313,1482726039,12/25/2016 12:00:00 AM,18:20:39,1.19,47.0,30.42,98.0,146.3,7.87,06:55:00,17:51:00
26314,1482725749,12/25/2016 12:00:00 AM,18:15:49,1.22,47.0,30.42,98.0,155.17,10.12,06:55:00,17:51:00
26315,1482725449,12/25/2016 12:00:00 AM,18:10:49,1.19,47.0,30.42,97.0,134.37,12.37,06:55:00,17:51:00
26316,1482725158,12/25/2016 12:00:00 AM,18:05:58,1.21,47.0,30.42,97.0,167.42,6.75,06:55:00,17:51:00
26317,1482724850,12/25/2016 12:00:00 AM,18:00:50,1.87,47.0,30.42,97.0,193.73,7.87,06:55:00,17:51:00
26318,1482724539,12/25/2016 12:00:00 AM,17:55:39,2.84,47.0,30.42,96.0,114.67,5.62,06:55:00,17:51:00
26319,1482724250,12/25/2016 12:00:00 AM,17:50:50,4.52,47.0,30.42,95.0,126.17,14.62,06:55:00,17:51:00
26320,1482723950,12/25/2016 12:00:00 AM,17:45:50,13.45,47.0,30.42,94.0,117.47,9.0,06:55:00,17:51:00
26321,1482723639,12/25/2016 12:00:00 AM,17:40:39,21.0,47.0,30.41,93.0,148.59,12.37,06:55:00,17:51:00
26322,1482723352,12/25/2016 12:00:00 AM,17:35:52,26.63,47.0,30.41,94.0,130.54,5.62,06:55:00,17:51:00
26323,1482723040,12/25/2016 12:00:00 AM,17:30:40,38.44,47.0,30.41,94.0,207.08,10.12,06:55:00,17:51:00
26324,1482722750,12/25/2016 12:00:00 AM,17:25:50,75.01,48.0,30.42,94.0,79.18,5.62,06:55:00,17:51:00
26325,1482722450,12/25/2016 12:00:00 AM,17:20:50,134.14,48.0,30.41,94.0,207.65,9.0,06:55:00,17:51:00
26326,1482722140,12/25/2016 12:00:00 AM,17:15:40,94.37,48.0,30.41,93.0,67.67,5.62,06:55:00,17:51:00
26327,1482721850,12/25/2016 12:00:00 AM,17:10:50,120.38,48.0,30.41,92.0,56.6,4.5,06:55:00,17:51:00
26328,1482721539,12/25/2016 12:00:00 AM,17:05:39,145.97,48.0,30.41,93.0,68.43,5.62,06:55:00,17:51:00
26329,1482721250,12/25/2016 12:00:00 AM,17:00:50,122.89,47.0,30.41,95.0,110.55,3.37,06:55:00,17:51:00
26330,1482720950,12/25/2016 12:00:00 AM,16:55:50,161.06,47.0,30.41,94.0,80.11,9.0,06:55:00,17:51:00
26331,1482720665,12/25/2016 12:00:00 AM,16:51:05,123.54,47.0,30.41,94.0,136.05,4.5,06:55:00,17:51:00
26332,1482720350,12/25/2016 12:00:00 AM,16:45:50,119.48,47.0,30.41,95.0,87.61,7.87,06:55:00,17:51:00
26333,1482720042,12/25/2016 12:00:00 AM,16:40:42,93.49,47.0,30.41,96.0,63.35,5.62,06:55:00,17:51:00
26334,1482719745,12/25/2016 12:00:00 AM,16:35:45,118.41,47.0,30.41,97.0,133.02,4.5,06:55:00,17:51:00
26335,1482719450,12/25/2016 12:00:00 AM,16:30:50,142.74,47.0,30.41,96.0,74.3,9.0,06:55:00,17:51:00
26336,1482719149,12/25/2016 12:00:00 AM,16:25:49,146.07,48.0,30.4,97.0,46.33,4.5,06:55:00,17:51:00
26337,1482718839,12/25/2016 12:00:00 AM,16:20:39,221.45,48.0,30.4,97.0,143.5,9.0,06:55:00,17:51:00
26338,1482718580,12/25/2016 12:00:00 AM,16:16:20,192.82,49.0,30.4,97.0,60.7,12.37,06:55:00,17:51:00
26339,1482718250,12/25/2016 12:00:00 AM,16:10:50,268.53,49.0,30.4,96.0,76.77,13.5,06:55:00,17:51:00
26340,1482717942,12/25/2016 12:00:00 AM,16:05:42,163.07,50.0,30.4,95.0,88.96,5.62,06:55:00,17:51:00
26341,1482717650,12/25/2016 12:00:00 AM,16:00:50,293.13,51.0,30.4,95.0,113.11,9.0,06:55:00,17:51:00
26342,1482717341,12/25/2016 12:00:00 AM,15:55:41,194.47,51.0,30.4,93.0,32.27,5.62,06:55:00,17:51:00
26343,1482717049,12/25/2016 12:00:00 AM,15:50:49,245.99,52.0,30.39,91.0,85.79,14.62,06:55:00,17:51:00
26344,1482716739,12/25/2016 12:00:00 AM,15:45:39,354.24,52.0,30.4,89.0,106.04,4.5,06:55:00,17:51:00
26345,1482716449,12/25/2016 12:00:00 AM,15:40:49,543.25,53.0,30.4,89.0,33.14,10.12,06:55:00,17:51:00
26346,1482716149,12/25/2016 12:00:00 AM,15:35:49,416.72,53.0,30.4,84.0,7.76,2.25,06:55:00,17:51:00
26347,1482715841,12/25/2016 12:00:00 AM,15:30:41,487.3,53.0,30.4,87.0,50.0,7.87,06:55:00,17:51:00
26348,1482715553,12/25/2016 12:00:00 AM,15:25:53,515.47,53.0,30.4,83.0,114.8,9.0,06:55:00,17:51:00
26349,1482715252,12/25/2016 12:00:00 AM,15:20:52,543.39,53.0,30.4,80.0,110.18,13.5,06:55:00,17:51:00
26350,1482714949,12/25/2016 12:00:00 AM,15:15:49,490.27,53.0,30.4,79.0,43.03,5.62,06:55:00,17:51:00
26351,1482714650,12/25/2016 12:00:00 AM,15:10:50,620.56,53.0,30.4,84.0,235.24,2.25,06:55:00,17:51:00
26352,1482714339,12/25/2016 12:00:00 AM,15:05:39,555.62,53.0,30.4,85.0,67.03,18.0,06:55:00,17:51:00
26353,1482714065,12/25/2016 12:00:00 AM,15:01:05,620.43,53.0,30.41,84.0,63.95,5.62,06:55:00,17:51:00
26354,1482713828,12/25/2016 12:00:00 AM,14:57:08,636.32,53.0,30.41,87.0,14.87,7.87,06:55:00,17:51:00
26355,1482713514,12/25/2016 12:00:00 AM,14:51:54,682.93,54.0,30.41,85.0,51.07,2.25,06:55:00,17:51:00
26356,1482713202,12/25/2016 12:00:00 AM,14:46:42,696.84,54.0,30.41,85.0,353.73,4.5,06:55:00,17:51:00
26357,1482712911,12/25/2016 12:00:00 AM,14:41:51,701.4,54.0,30.4,84.0,69.88,13.5,06:55:00,17:51:00
26358,1482712615,12/25/2016 12:00:00 AM,14:36:55,778.38,54.0,30.41,85.0,45.18,3.37,06:55:00,17:51:00
26359,1482712318,12/25/2016 12:00:00 AM,14:31:58,745.38,55.0,30.41,85.0,358.79,3.37,06:55:00,17:51:00
26360,1482712011,12/25/2016 12:00:00 AM,14:26:51,721.12,56.0,30.41,82.0,357.64,4.5,06:55:00,17:51:00
26361,1482711703,12/25/2016 12:00:00 AM,14:21:43,725.44,56.0,30.41,70.0,62.92,4.5,06:55:00,17:51:00
26362,1482711411,12/25/2016 12:00:00 AM,14:16:51,710.41,55.0,30.41,78.0,58.46,11.25,06:55:00,17:51:00
26363,1482711102,12/25/2016 12:00:00 AM,14:11:42,749.03,54.0,30.42,75.0,45.36,10.12,06:55:00,17:51:00
26364,1482710811,12/25/2016 12:00:00 AM,14:06:51,756.29,54.0,30.42,83.0,359.36,5.62,06:55:00,17:51:00
26365,1482710511,12/25/2016 12:00:00 AM,14:01:51,750.16,54.0,30.41,85.0,78.7,9.0,06:55:00,17:51:00
26366,1482710242,12/25/2016 12:00:00 AM,13:57:22,777.72,55.0,30.41,81.0,33.22,11.25,06:55:00,17:51:00
26367,1482709901,12/25/2016 12:00:00 AM,13:51:41,785.52,55.0,30.42,83.0,60.22,7.87,06:55:00,17:51:00
26368,1482709612,12/25/2016 12:00:00 AM,13:46:52,792.04,55.0,30.42,79.0,40.05,7.87,06:55:00,17:51:00
26369,1482709302,12/25/2016 12:00:00 AM,13:41:42,801.55,54.0,30.42,81.0,48.14,6.75,06:55:00,17:51:00
26370,1482709011,12/25/2016 12:00:00 AM,13:36:51,809.31,54.0,30.42,80.0,118.4,10.12,06:55:00,17:51:00
26371,1482708712,12/25/2016 12:00:00 AM,13:31:52,817.78,54.0,30.42,85.0,47.71,9.0,06:55:00,17:51:00
26372,1482708411,12/25/2016 12:00:00 AM,13:26:51,840.15,54.0,30.42,86.0,55.36,12.37,06:55:00,17:51:00
26373,1482708096,12/25/2016 12:00:00 AM,13:21:36,829.87,55.0,30.43,82.0,33.09,11.25,06:55:00,17:51:00
26374,1482707800,12/25/2016 12:00:00 AM,13:16:40,831.72,55.0,30.42,84.0,97.57,4.5,06:55:00,17:51:00
26375,1482707496,12/25/2016 12:00:00 AM,13:11:36,842.92,54.0,30.42,83.0,294.49,5.62,06:55:00,17:51:00
26376,1482707195,12/25/2016 12:00:00 AM,13:06:35,846.84,54.0,30.42,88.0,17.89,10.12,06:55:00,17:51:00
26377,1482706896,12/25/2016 12:00:00 AM,13:01:36,849.55,53.0,30.43,90.0,66.88,13.5,06:55:00,17:51:00
26378,1482706595,12/25/2016 12:00:00 AM,12:56:35,854.97,53.0,30.43,91.0,106.52,13.5,06:55:00,17:51:00
26379,1482706295,12/25/2016 12:00:00 AM,12:51:35,854.66,53.0,30.43,94.0,115.37,5.62,06:55:00,17:51:00
26380,1482705985,12/25/2016 12:00:00 AM,12:46:25,935.31,53.0,30.44,94.0,42.25,5.62,06:55:00,17:51:00
26381,1482705699,12/25/2016 12:00:00 AM,12:41:39,866.18,53.0,30.43,98.0,16.29,9.0,06:55:00,17:51:00
26382,1482705385,12/25/2016 12:00:00 AM,12:36:25,956.68,53.0,30.43,99.0,93.29,2.25,06:55:00,17:51:00
26383,1482705096,12/25/2016 12:00:00 AM,12:31:36,1055.98,53.0,30.43,99.0,345.18,10.12,06:55:00,17:51:00
26384,1482704796,12/25/2016 12:00:00 AM,12:26:36,823.04,53.0,30.44,99.0,48.79,11.25,06:55:00,17:51:00
26385,1482704495,12/25/2016 12:00:00 AM,12:21:35,830.25,53.0,30.44,99.0,326.67,12.37,06:55:00,17:51:00
26386,1482704195,12/25/2016 12:00:00 AM,12:16:35,657.03,53.0,30.45,99.0,65.29,12.37,06:55:00,17:51:00
26387,1482703885,12/25/2016 12:00:00 AM,12:11:25,1047.24,53.0,30.45,99.0,38.36,7.87,06:55:00,17:51:00
26388,1482703595,12/25/2016 12:00:00 AM,12:06:35,913.22,53.0,30.45,98.0,105.6,3.37,06:55:00,17:51:00
26389,1482703289,12/25/2016 12:00:00 AM,12:01:29,1023.4,53.0,30.45,98.0,28.88,9.0,06:55:00,17:51:00
26390,1482702996,12/25/2016 12:00:00 AM,11:56:36,747.52,53.0,30.45,97.0,65.29,5.62,06:55:00,17:51:00
26391,1482702699,12/25/2016 12:00:00 AM,11:51:39,518.77,53.0,30.45,96.0,23.94,10.12,06:55:00,17:51:00
26392,1482702396,12/25/2016 12:00:00 AM,11:46:36,465.65,54.0,30.45,94.0,95.3,11.25,06:55:00,17:51:00
26393,1482702085,12/25/2016 12:00:00 AM,11:41:25,919.22,53.0,30.45,91.0,142.41,5.62,06:55:00,17:51:00
26394,1482701795,12/25/2016 12:00:00 AM,11:36:35,846.74,53.0,30.45,91.0,70.75,10.12,06:55:00,17:51:00
26395,1482701488,12/25/2016 12:00:00 AM,11:31:28,855.04,52.0,30.46,94.0,96.25,13.5,06:55:00,17:51:00
26396,1482701200,12/25/2016 12:00:00 AM,11:26:40,694.64,52.0,30.46,97.0,142.38,5.62,06:55:00,17:51:00
26397,1482700896,12/25/2016 12:00:00 AM,11:21:36,508.19,52.0,30.46,98.0,36.89,10.12,06:55:00,17:51:00
26398,1482700595,12/25/2016 12:00:00 AM,11:16:35,761.74,52.0,30.46,98.0,118.85,11.25,06:55:00,17:51:00
26399,1482700296,12/25/2016 12:00:00 AM,11:11:36,674.83,51.0,30.46,98.0,66.42,7.87,06:55:00,17:51:00
26400,1482699985,12/25/2016 12:00:00 AM,11:06:25,761.9,52.0,30.46,98.0,301.48,2.25,06:55:00,17:51:00
26401,1482699699,12/25/2016 12:00:00 AM,11:01:39,343.9,52.0,30.46,98.0,120.93,10.12,06:55:00,17:51:00
26402,1482699385,12/25/2016 12:00:00 AM,10:56:25,817.85,52.0,30.47,98.0,137.66,4.5,06:55:00,17:51:00
26403,1482699095,12/25/2016 12:00:00 AM,10:51:35,765.25,52.0,30.47,99.0,74.69,13.5,06:55:00,17:51:00
26404,1482698795,12/25/2016 12:00:00 AM,10:46:35,469.8,52.0,30.46,98.0,70.21,18.0,06:55:00,17:51:00
26405,1482698495,12/25/2016 12:00:00 AM,10:41:35,835.28,52.0,30.46,97.0,57.2,6.75,06:55:00,17:51:00
26406,1482698195,12/25/2016 12:00:00 AM,10:36:35,332.27,52.0,30.47,97.0,91.97,4.5,06:55:00,17:51:00
26407,1482697885,12/25/2016 12:00:00 AM,10:31:25,603.8,52.0,30.47,97.0,69.1,5.62,06:55:00,17:51:00
26408,1482697596,12/25/2016 12:00:00 AM,10:26:36,670.51,52.0,30.46,99.0,92.91,5.62,06:55:00,17:51:00
26409,1482697285,12/25/2016 12:00:00 AM,10:21:25,674.21,51.0,30.47,99.0,183.19,2.25,06:55:00,17:51:00
26410,1482696996,12/25/2016 12:00:00 AM,10:16:36,643.54,51.0,30.47,99.0,45.88,16.87,06:55:00,17:51:00
26411,1482696696,12/25/2016 12:00:00 AM,10:11:36,520.68,51.0,30.47,99.0,76.15,11.25,06:55:00,17:51:00
26412,1482696395,12/25/2016 12:00:00 AM,10:06:35,796.0,51.0,30.47,99.0,105.94,6.75,06:55:00,17:51:00
26413,1482696096,12/25/2016 12:00:00 AM,10:01:36,523.12,51.0,30.46,100.0,96.95,9.0,06:55:00,17:51:00
26414,1482695785,12/25/2016 12:00:00 AM,09:56:25,626.1,51.0,30.47,100.0,66.2,7.87,06:55:00,17:51:00
26415,1482695496,12/25/2016 12:00:00 AM,09:51:36,689.28,50.0,30.47,100.0,152.97,19.12,06:55:00,17:51:00
26416,1482695196,12/25/2016 12:00:00 AM,09:46:36,435.98,50.0,30.46,100.0,104.31,4.5,06:55:00,17:51:00
26417,1482694896,12/25/2016 12:00:00 AM,09:41:36,470.21,50.0,30.47,100.0,58.74,15.75,06:55:00,17:51:00
26418,1482694596,12/25/2016 12:00:00 AM,09:36:36,458.26,50.0,30.47,100.0,96.48,9.0,06:55:00,17:51:00
26419,1482694295,12/25/2016 12:00:00 AM,09:31:35,342.38,50.0,30.46,100.0,161.31,5.62,06:55:00,17:51:00
26420,1482693995,12/25/2016 12:00:00 AM,09:26:35,377.76,50.0,30.47,100.0,128.69,9.0,06:55:00,17:51:00
26421,1482693686,12/25/2016 12:00:00 AM,09:21:26,384.78,49.0,30.47,100.0,59.98,7.87,06:55:00,17:51:00
26422,1482693395,12/25/2016 12:00:00 AM,09:16:35,309.18,50.0,30.46,100.0,15.03,10.12,06:55:00,17:51:00
26423,1482693086,12/25/2016 12:00:00 AM,09:11:26,396.11,49.0,30.46,99.0,151.97,10.12,06:55:00,17:51:00
26424,1482692796,12/25/2016 12:00:00 AM,09:06:36,246.06,49.0,30.46,99.0,336.82,5.62,06:55:00,17:51:00
26425,1482692495,12/25/2016 12:00:00 AM,09:01:35,294.72,49.0,30.46,99.0,137.62,9.0,06:55:00,17:51:00
26426,1482692196,12/25/2016 12:00:00 AM,08:56:36,248.01,48.0,30.46,99.0,206.0,3.37,06:55:00,17:51:00
26427,1482691895,12/25/2016 12:00:00 AM,08:51:35,225.27,48.0,30.46,100.0,137.34,18.0,06:55:00,17:51:00
26428,1482691595,12/25/2016 12:00:00 AM,08:46:35,318.54,48.0,30.46,101.0,136.27,16.87,06:55:00,17:51:00
26429,1482691295,12/25/2016 12:00:00 AM,08:41:35,385.62,47.0,30.46,101.0,138.46,16.87,06:55:00,17:51:00
26430,1482690985,12/25/2016 12:00:00 AM,08:36:25,272.99,47.0,30.46,100.0,128.08,15.75,06:55:00,17:51:00
26431,1482690696,12/25/2016 12:00:00 AM,08:31:36,146.04,47.0,30.46,100.0,128.21,16.87,06:55:00,17:51:00
26432,1482690398,12/25/2016 12:00:00 AM,08:26:38,196.24,47.0,30.46,100.0,114.84,6.75,06:55:00,17:51:00
26433,1482690096,12/25/2016 12:00:00 AM,08:21:36,159.25,47.0,30.46,100.0,104.16,12.37,06:55:00,17:51:00
26434,1482689796,12/25/2016 12:00:00 AM,08:16:36,126.5,47.0,30.46,100.0,89.94,12.37,06:55:00,17:51:00
26435,1482689485,12/25/2016 12:00:00 AM,08:11:25,129.22,47.0,30.45,100.0,110.97,10.12,06:55:00,17:51:00
26436,1482689197,12/25/2016 12:00:00 AM,08:06:37,114.75,47.0,30.45,100.0,150.96,13.5,06:55:00,17:51:00
26437,1482688885,12/25/2016 12:00:00 AM,08:01:25,90.99,47.0,30.45,100.0,84.29,5.62,06:55:00,17:51:00
26438,1482688598,12/25/2016 12:00:00 AM,07:56:38,106.98,47.0,30.45,100.0,120.59,12.37,06:55:00,17:51:00
26439,1482688296,12/25/2016 12:00:00 AM,07:51:36,79.4,47.0,30.45,100.0,144.49,15.75,06:55:00,17:51:00
26440,1482687995,12/25/2016 12:00:00 AM,07:46:35,80.98,47.0,30.45,100.0,160.93,9.0,06:55:00,17:51:00
26441,1482687696,12/25/2016 12:00:00 AM,07:41:36,56.73,47.0,30.45,100.0,133.24,9.0,06:55:00,17:51:00
26442,1482687386,12/25/2016 12:00:00 AM,07:36:26,42.28,47.0,30.45,99.0,142.19,16.87,06:55:00,17:51:00
26443,1482687096,12/25/2016 12:00:00 AM,07:31:36,53.14,47.0,30.45,99.0,155.73,15.75,06:55:00,17:51:00
26444,1482686786,12/25/2016 12:00:00 AM,07:26:26,33.01,47.0,30.45,99.0,143.54770303349548,18.0,06:55:00,17:51:00
26445,1482686495,12/25/2016 12:00:00 AM,07:21:35,31.68,46.0,30.45,99.0,119.59,12.37,06:55:00,17:51:00
26446,1482686196,12/25/2016 12:00:00 AM,07:16:36,20.0,46.0,30.45,98.0,207.03,4.5,06:55:00,17:51:00
26447,1482685895,12/25/2016 12:00:00 AM,07:11:35,13.31,46.0,30.45,98.0,132.52,13.5,06:55:00,17:51:00
26448,1482685585,12/25/2016 12:00:00 AM,07:06:25,10.55,46.0,30.45,97.0,153.53,10.12,06:55:00,17:51:00
26449,1482685295,12/25/2016 12:00:00 AM,07:01:35,7.73,45.0,30.45,97.0,21.77,7.87,06:55:00,17:51:00
26450,1482684985,12/25/2016 12:00:00 AM,06:56:25,6.52,45.0,30.44,96.0,143.22,11.25,06:55:00,17:51:00
26451,1482684696,12/25/2016 12:00:00 AM,06:51:36,5.07,45.0,30.44,96.0,173.73,7.87,06:55:00,17:51:00
26452,1482684396,12/25/2016 12:00:00 AM,06:46:36,3.25,45.0,30.44,96.0,161.3,12.37,06:55:00,17:51:00
26453,1482684098,12/25/2016 12:00:00 AM,06:41:38,1.85,45.0,30.44,96.0,171.78,12.37,06:55:00,17:51:00
26454,1482683796,12/25/2016 12:00:00 AM,06:36:36,1.23,45.0,30.44,96.0,181.66,9.0,06:55:00,17:51:00
26455,1482683495,12/25/2016 12:00:00 AM,06:31:35,1.23,45.0,30.44,95.0,168.14,12.37,06:55:00,17:51:00
26456,1482683198,12/25/2016 12:00:00 AM,06:26:38,1.21,45.0,30.44,94.0,183.41,7.87,06:55:00,17:51:00
26457,1482682895,12/25/2016 12:00:00 AM,06:21:35,1.22,45.0,30.44,93.0,134.6,11.25,06:55:00,17:51:00
26458,1482682595,12/25/2016 12:00:00 AM,06:16:35,1.2,45.0,30.44,91.0,184.02,7.87,06:55:00,17:51:00
26459,1482682295,12/25/2016 12:00:00 AM,06:11:35,1.19,44.0,30.44,85.0,111.45,10.12,06:55:00,17:51:00
26460,1482681996,12/25/2016 12:00:00 AM,06:06:36,1.22,44.0,30.44,80.0,174.62,18.0,06:55:00,17:51:00
26461,1482681690,12/25/2016 12:00:00 AM,06:01:30,1.22,44.0,30.44,72.0,102.89,14.62,06:55:00,17:51:00
26462,1482681399,12/25/2016 12:00:00 AM,05:56:39,1.21,44.0,30.44,67.0,120.43,7.87,06:55:00,17:51:00
26463,1482681085,12/25/2016 12:00:00 AM,05:51:25,1.22,44.0,30.43,56.0,119.0,11.25,06:55:00,17:51:00
26464,1482680795,12/25/2016 12:00:00 AM,05:46:35,1.23,44.0,30.43,49.0,125.06,18.0,06:55:00,17:51:00
26465,1482680495,12/25/2016 12:00:00 AM,05:41:35,1.23,44.0,30.43,37.0,113.05,9.0,06:55:00,17:51:00
26466,1482680195,12/25/2016 12:00:00 AM,05:36:35,1.23,44.0,30.43,36.0,112.32,9.0,06:55:00,17:51:00
26467,1482679895,12/25/2016 12:00:00 AM,05:31:35,1.22,44.0,30.43,35.0,165.37,11.25,06:55:00,17:51:00
26468,1482679596,12/25/2016 12:00:00 AM,05:26:36,1.22,45.0,30.43,37.0,129.26,7.87,06:55:00,17:51:00
26469,1482679296,12/25/2016 12:00:00 AM,05:21:36,1.21,45.0,30.43,30.0,140.58,9.0,06:55:00,17:51:00
26470,1482678995,12/25/2016 12:00:00 AM,05:16:35,1.21,45.0,30.42,31.0,164.89,11.25,06:55:00,17:51:00
26471,1482678696,12/25/2016 12:00:00 AM,05:11:36,1.21,46.0,30.42,31.0,161.73,15.75,06:55:00,17:51:00
26472,1482678395,12/25/2016 12:00:00 AM,05:06:35,1.22,46.0,30.42,30.0,198.65,14.62,06:55:00,17:51:00
26473,1482678095,12/25/2016 12:00:00 AM,05:01:35,1.23,46.0,30.42,30.0,165.53,12.37,06:55:00,17:51:00
26474,1482677795,12/25/2016 12:00:00 AM,04:56:35,1.22,46.0,30.42,31.0,161.59,14.62,06:55:00,17:51:00
26475,1482677485,12/25/2016 12:00:00 AM,04:51:25,1.2,46.0,30.42,31.0,145.55,16.87,06:55:00,17:51:00
26476,1482677195,12/25/2016 12:00:00 AM,04:46:35,1.24,46.0,30.42,31.0,178.39,14.62,06:55:00,17:51:00
26477,1482676885,12/25/2016 12:00:00 AM,04:41:25,1.2,46.0,30.42,31.0,164.38,14.62,06:55:00,17:51:00
26478,1482676595,12/25/2016 12:00:00 AM,04:36:35,1.23,46.0,30.42,31.0,173.63,10.12,06:55:00,17:51:00
26479,1482676296,12/25/2016 12:00:00 AM,04:31:36,1.2,46.0,30.42,31.0,164.55,7.87,06:55:00,17:51:00
26480,1482675995,12/25/2016 12:00:00 AM,04:26:35,1.19,46.0,30.42,31.0,148.78,11.25,06:55:00,17:51:00
26481,1482675685,12/25/2016 12:00:00 AM,04:21:25,1.22,45.0,30.42,32.0,176.37,13.5,06:55:00,17:51:00
26482,1482675395,12/25/2016 12:00:00 AM,04:16:35,1.2,45.0,30.42,33.0,153.0,15.75,06:55:00,17:51:00
26483,1482675085,12/25/2016 12:00:00 AM,04:11:25,1.26,45.0,30.42,32.0,176.35,14.62,06:55:00,17:51:00
26484,1482674800,12/25/2016 12:00:00 AM,04:06:40,1.22,45.0,30.42,32.0,170.76,13.5,06:55:00,17:51:00
26485,1482674495,12/25/2016 12:00:00 AM,04:01:35,1.23,46.0,30.42,31.0,164.21,13.5,06:55:00,17:51:00
26486,1482674196,12/25/2016 12:00:00 AM,03:56:36,1.2,45.0,30.42,31.0,167.01,11.25,06:55:00,17:51:00
26487,1482673895,12/25/2016 12:00:00 AM,03:51:35,1.22,45.0,30.42,31.0,164.75,9.0,06:55:00,17:51:00
26488,1482673595,12/25/2016 12:00:00 AM,03:46:35,1.21,45.0,30.42,31.0,164.44,18.0,06:55:00,17:51:00
26489,1482673285,12/25/2016 12:00:00 AM,03:41:25,1.22,45.0,30.42,31.0,160.95,12.37,06:55:00,17:51:00
26490,1482672995,12/25/2016 12:00:00 AM,03:36:35,1.23,45.0,30.42,31.0,156.22,10.12,06:55:00,17:51:00
26491,1482672698,12/25/2016 12:00:00 AM,03:31:38,1.23,45.0,30.42,31.0,150.82,15.75,06:55:00,17:51:00
26492,1482672395,12/25/2016 12:00:00 AM,03:26:35,1.23,45.0,30.42,31.0,179.15,12.37,06:55:00,17:51:00
26493,1482672096,12/25/2016 12:00:00 AM,03:21:36,1.2,45.0,30.43,31.0,155.39,11.25,06:55:00,17:51:00
26494,1482671785,12/25/2016 12:00:00 AM,03:16:25,1.22,45.0,30.43,31.0,171.82,12.37,06:55:00,17:51:00
26495,1482671495,12/25/2016 12:00:00 AM,03:11:35,1.22,45.0,30.43,30.0,171.07,12.37,06:55:00,17:51:00
26496,1482671187,12/25/2016 12:00:00 AM,03:06:27,1.22,45.0,30.43,30.0,144.4,10.12,06:55:00,17:51:00
26497,1482670898,12/25/2016 12:00:00 AM,03:01:38,1.22,45.0,30.43,30.0,176.37,10.12,06:55:00,17:51:00
26498,1482670595,12/25/2016 12:00:00 AM,02:56:35,1.22,45.0,30.43,30.0,168.5,7.87,06:55:00,17:51:00
26499,1482670299,12/25/2016 12:00:00 AM,02:51:39,1.22,45.0,30.43,30.0,163.34,14.62,06:55:00,17:51:00
26500,1482669996,12/25/2016 12:00:00 AM,02:46:36,1.23,45.0,30.43,31.0,158.84,14.62,06:55:00,17:51:00
26501,1482669695,12/25/2016 12:00:00 AM,02:41:35,1.19,45.0,30.43,30.0,141.73,13.5,06:55:00,17:51:00
26502,1482669396,12/25/2016 12:00:00 AM,02:36:36,1.21,45.0,30.43,29.0,166.64,11.25,06:55:00,17:51:00
26503,1482669085,12/25/2016 12:00:00 AM,02:31:25,1.19,45.0,30.43,29.0,143.87,11.25,06:55:00,17:51:00
26504,1482668795,12/25/2016 12:00:00 AM,02:26:35,1.23,45.0,30.43,29.0,161.49,12.37,06:55:00,17:51:00
26505,1482668496,12/25/2016 12:00:00 AM,02:21:36,1.23,45.0,30.44,29.0,151.03,13.5,06:55:00,17:51:00
26506,1482668195,12/25/2016 12:00:00 AM,02:16:35,1.22,45.0,30.44,29.0,175.75,11.25,06:55:00,17:51:00
26507,1482667895,12/25/2016 12:00:00 AM,02:11:35,1.21,45.0,30.44,29.0,158.92,12.37,06:55:00,17:51:00
26508,1482667585,12/25/2016 12:00:00 AM,02:06:25,1.22,45.0,30.44,29.0,136.91,11.25,06:55:00,17:51:00
26509,1482667295,12/25/2016 12:00:00 AM,02:01:35,1.21,45.0,30.45,30.0,175.13,11.25,06:55:00,17:51:00
26510,1482666985,12/25/2016 12:00:00 AM,01:56:25,1.21,45.0,30.45,30.0,174.61,10.12,06:55:00,17:51:00
26511,1482666695,12/25/2016 12:00:00 AM,01:51:35,1.21,45.0,30.45,31.0,188.51,12.37,06:55:00,17:51:00
26512,1482666396,12/25/2016 12:00:00 AM,01:46:36,1.21,45.0,30.45,28.0,158.99,11.25,06:55:00,17:51:00
26513,1482666095,12/25/2016 12:00:00 AM,01:41:35,1.23,46.0,30.45,29.0,181.88,11.25,06:55:00,17:51:00
26514,1482665785,12/25/2016 12:00:00 AM,01:36:25,1.24,46.0,30.45,28.0,179.34,15.75,06:55:00,17:51:00
26515,1482665495,12/25/2016 12:00:00 AM,01:31:35,1.2,46.0,30.45,28.0,161.79,11.25,06:55:00,17:51:00
26516,1482665185,12/25/2016 12:00:00 AM,01:26:25,1.23,46.0,30.45,30.0,173.34,13.5,06:55:00,17:51:00
26517,1482664895,12/25/2016 12:00:00 AM,01:21:35,1.23,46.0,30.45,30.0,165.23,9.0,06:55:00,17:51:00
26518,1482664595,12/25/2016 12:00:00 AM,01:16:35,1.19,46.0,30.46,31.0,178.42,9.0,06:55:00,17:51:00
26519,1482664298,12/25/2016 12:00:00 AM,01:11:38,1.22,46.0,30.46,32.0,176.9,13.5,06:55:00,17:51:00
26520,1482663995,12/25/2016 12:00:00 AM,01:06:35,1.21,46.0,30.45,32.0,162.42,11.25,06:55:00,17:51:00
26521,1482663686,12/25/2016 12:00:00 AM,01:01:26,1.24,46.0,30.46,31.0,155.21,10.12,06:55:00,17:51:00
26522,1482663395,12/25/2016 12:00:00 AM,00:56:35,1.22,46.0,30.46,32.0,151.84,10.12,06:55:00,17:51:00
26523,1482663085,12/25/2016 12:00:00 AM,00:51:25,1.22,46.0,30.46,33.0,163.75,13.5,06:55:00,17:51:00
26524,1482662795,12/25/2016 12:00:00 AM,00:46:35,1.19,46.0,30.46,33.0,151.47,7.87,06:55:00,17:51:00
26525,1482662495,12/25/2016 12:00:00 AM,00:41:35,1.22,45.0,30.46,33.0,161.51,12.37,06:55:00,17:51:00
26526,1482662196,12/25/2016 12:00:00 AM,00:36:36,1.25,45.0,30.46,34.0,163.62,9.0,06:55:00,17:51:00
26527,1482661886,12/25/2016 12:00:00 AM,00:31:26,1.21,45.0,30.46,34.0,126.78,11.25,06:55:00,17:51:00
26528,1482661596,12/25/2016 12:00:00 AM,00:26:36,1.2,45.0,30.46,34.0,147.92,9.0,06:55:00,17:51:00
26529,1482661285,12/25/2016 12:00:00 AM,00:21:25,1.2,45.0,30.46,35.0,134.95,9.0,06:55:00,17:51:00
26530,1482660996,12/25/2016 12:00:00 AM,00:16:36,1.2,51.16507236474315,30.46,34.0,177.86,7.87,06:55:00,17:51:00
26531,1482660696,12/25/2016 12:00:00 AM,00:11:36,1.2,46.0,30.46,33.0,168.08,4.5,06:55:00,17:51:00
26532,1482660396,12/25/2016 12:00:00 AM,00:06:36,1.22,51.16507236474315,30.46,32.0,163.08,12.37,06:55:00,17:51:00
26533,1482660096,12/25/2016 12:00:00 AM,00:01:36,1.22,46.0,30.46,31.0,165.11,7.87,06:55:00,17:51:00
26534,1482659785,12/24/2016 12:00:00 AM,23:56:25,1.23,46.0,30.46,32.0,148.86,5.62,06:54:00,17:50:00
26535,1482659496,12/24/2016 12:00:00 AM,23:51:36,1.26,46.0,30.47,31.0,135.3,5.62,06:54:00,17:50:00
26536,1482659186,12/24/2016 12:00:00 AM,23:46:26,1.21,46.0,30.46,31.0,141.9,4.5,06:54:00,17:50:00
26537,1482658896,12/24/2016 12:00:00 AM,23:41:36,1.22,46.0,30.46,31.0,182.44,9.0,06:54:00,17:50:00
26538,1482658596,12/24/2016 12:00:00 AM,23:36:36,1.19,46.0,30.46,30.0,174.78,7.87,06:54:00,17:50:00
26539,1482658296,12/24/2016 12:00:00 AM,23:31:36,1.21,46.0,30.46,31.0,171.2,10.12,06:54:00,17:50:00
26540,1482657985,12/24/2016 12:00:00 AM,23:26:25,1.21,46.0,30.46,31.0,152.1,9.0,06:54:00,17:50:00
26541,1482657695,12/24/2016 12:00:00 AM,23:21:35,1.2,46.0,30.46,30.0,170.79,7.87,06:54:00,17:50:00
26542,1482657385,12/24/2016 12:00:00 AM,23:16:25,1.22,46.0,30.46,30.0,168.47,6.75,06:54:00,17:50:00
26543,1482657095,12/24/2016 12:00:00 AM,23:11:35,1.19,46.0,30.46,30.0,156.44,3.37,06:54:00,17:50:00
26544,1482656795,12/24/2016 12:00:00 AM,23:06:35,1.22,46.0,30.46,30.0,167.99,3.37,06:54:00,17:50:00
26545,1482656496,12/24/2016 12:00:00 AM,23:01:36,1.22,46.0,30.46,29.0,129.9,4.5,06:54:00,17:50:00
26546,1482656196,12/24/2016 12:00:00 AM,22:56:36,1.23,46.0,30.46,30.0,121.62,4.5,06:54:00,17:50:00
26547,1482655886,12/24/2016 12:00:00 AM,22:51:26,1.21,46.0,30.46,31.0,145.12,5.62,06:54:00,17:50:00
26548,1482655595,12/24/2016 12:00:00 AM,22:46:35,1.18,46.0,30.46,32.0,165.49,5.62,06:54:00,17:50:00
26549,1482655286,12/24/2016 12:00:00 AM,22:41:26,1.23,46.0,30.46,31.0,158.3,6.75,06:54:00,17:50:00
26550,1482654995,12/24/2016 12:00:00 AM,22:36:35,1.21,46.0,30.47,31.0,167.36,4.5,06:54:00,17:50:00
26551,1482654695,12/24/2016 12:00:00 AM,22:31:35,1.22,46.0,30.47,31.0,171.21,9.0,06:54:00,17:50:00
26552,1482654396,12/24/2016 12:00:00 AM,22:26:36,1.23,46.0,30.47,31.0,93.73,7.87,06:54:00,17:50:00
26553,1482654086,12/24/2016 12:00:00 AM,22:21:26,1.21,46.0,30.47,31.0,39.03,6.75,06:54:00,17:50:00
26554,1482653796,12/24/2016 12:00:00 AM,22:16:36,1.23,46.0,30.47,31.0,177.66,5.62,06:54:00,17:50:00
26555,1482653486,12/24/2016 12:00:00 AM,22:11:26,1.2,46.0,30.47,31.0,190.63,5.62,06:54:00,17:50:00
26556,1482653195,12/24/2016 12:00:00 AM,22:06:35,1.24,46.0,30.47,32.0,175.28,7.87,06:54:00,17:50:00
26557,1482652899,12/24/2016 12:00:00 AM,22:01:39,1.21,46.0,30.47,31.0,148.4,6.75,06:54:00,17:50:00
26558,1482652595,12/24/2016 12:00:00 AM,21:56:35,1.2,46.0,30.47,32.0,149.71,11.25,06:54:00,17:50:00
26559,1482652296,12/24/2016 12:00:00 AM,21:51:36,1.19,46.0,30.47,32.0,138.69,2.25,06:54:00,17:50:00
26560,1482651987,12/24/2016 12:00:00 AM,21:46:27,1.22,46.0,30.47,32.0,101.22,3.37,06:54:00,17:50:00
26561,1482651695,12/24/2016 12:00:00 AM,21:41:35,1.23,47.0,30.47,33.0,190.62,5.62,06:54:00,17:50:00
26562,1482651385,12/24/2016 12:00:00 AM,21:36:25,1.19,47.0,30.47,32.0,193.2,5.62,06:54:00,17:50:00
26563,1482651095,12/24/2016 12:00:00 AM,21:31:35,1.22,47.0,30.47,32.0,111.35,3.37,06:54:00,17:50:00
26564,1482650795,12/24/2016 12:00:00 AM,21:26:35,1.22,47.0,30.47,32.0,180.42,4.5,06:54:00,17:50:00
26565,1482650496,12/24/2016 12:00:00 AM,21:21:36,1.21,47.0,30.47,32.0,132.94,3.37,06:54:00,17:50:00
26566,1482650185,12/24/2016 12:00:00 AM,21:16:25,1.2,47.0,30.47,32.0,173.16,5.62,06:54:00,17:50:00
26567,1482649895,12/24/2016 12:00:00 AM,21:11:35,1.21,47.0,30.47,32.0,169.0,7.87,06:54:00,17:50:00
26568,1482649595,12/24/2016 12:00:00 AM,21:06:35,1.24,47.0,30.47,32.0,175.47,7.87,06:54:00,17:50:00
26569,1482649285,12/24/2016 12:00:00 AM,21:01:25,1.25,47.0,30.47,32.0,144.14,10.12,06:54:00,17:50:00
26570,1482648996,12/24/2016 12:00:00 AM,20:56:36,1.23,47.0,30.46,32.0,140.51,11.25,06:54:00,17:50:00
26571,1482648695,12/24/2016 12:00:00 AM,20:51:35,1.21,47.0,30.46,33.0,127.28,10.12,06:54:00,17:50:00
26572,1482648395,12/24/2016 12:00:00 AM,20:46:35,1.22,47.0,30.46,33.0,140.74,10.12,06:54:00,17:50:00
26573,1482648096,12/24/2016 12:00:00 AM,20:41:36,1.24,48.0,30.46,34.0,132.15,14.62,06:54:00,17:50:00
26574,1482647795,12/24/2016 12:00:00 AM,20:36:35,1.22,48.0,30.46,33.0,121.82,10.12,06:54:00,17:50:00
26575,1482647499,12/24/2016 12:00:00 AM,20:31:39,1.21,48.0,30.46,33.0,147.3,10.12,06:54:00,17:50:00
26576,1482647195,12/24/2016 12:00:00 AM,20:26:35,1.25,48.0,30.46,32.0,109.21,9.0,06:54:00,17:50:00
26577,1482646849,12/24/2016 12:00:00 AM,20:20:49,1.2,48.0,30.45,32.0,161.21,9.0,06:54:00,17:50:00
26578,1482646541,12/24/2016 12:00:00 AM,20:15:41,1.22,48.0,30.46,32.0,155.05,9.0,06:54:00,17:50:00
26579,1482646250,12/24/2016 12:00:00 AM,20:10:50,1.28,48.0,30.46,32.0,155.5,7.87,06:54:00,17:50:00
26580,1482645940,12/24/2016 12:00:00 AM,20:05:40,1.22,48.0,30.45,33.0,159.96,5.62,06:54:00,17:50:00
26581,1482645650,12/24/2016 12:00:00 AM,20:00:50,1.23,49.0,30.45,32.0,137.66,5.62,06:54:00,17:50:00
26582,1482645349,12/24/2016 12:00:00 AM,19:55:49,1.24,48.0,30.45,33.0,132.29,9.0,06:54:00,17:50:00
26583,1482645049,12/24/2016 12:00:00 AM,19:50:49,1.22,48.0,30.45,33.0,112.88,12.37,06:54:00,17:50:00
26584,1482644749,12/24/2016 12:00:00 AM,19:45:49,1.21,48.0,30.45,33.0,160.62,9.0,06:54:00,17:50:00
26585,1482644449,12/24/2016 12:00:00 AM,19:40:49,1.21,48.0,30.45,34.0,158.0,6.75,06:54:00,17:50:00
26586,1482644150,12/24/2016 12:00:00 AM,19:35:50,1.22,48.0,30.45,35.0,95.64,10.12,06:54:00,17:50:00
26587,1482643840,12/24/2016 12:00:00 AM,19:30:40,1.23,48.0,30.45,35.0,180.38,9.0,06:54:00,17:50:00
26588,1482643550,12/24/2016 12:00:00 AM,19:25:50,1.18,48.0,30.45,39.0,158.32,7.87,06:54:00,17:50:00
26589,1482643240,12/24/2016 12:00:00 AM,19:20:40,1.23,49.0,30.45,38.0,156.29,5.62,06:54:00,17:50:00
26590,1482642950,12/24/2016 12:00:00 AM,19:15:50,1.22,50.0,30.45,35.0,65.9,4.5,06:54:00,17:50:00
26591,1482642639,12/24/2016 12:00:00 AM,19:10:39,1.21,50.0,30.45,31.0,124.15,4.5,06:54:00,17:50:00
26592,1482642349,12/24/2016 12:00:00 AM,19:05:49,1.22,50.0,30.44,32.0,177.97,6.75,06:54:00,17:50:00
26593,1482642057,12/24/2016 12:00:00 AM,19:00:57,1.24,50.0,30.44,32.0,127.36,11.25,06:54:00,17:50:00
26594,1482641740,12/24/2016 12:00:00 AM,18:55:40,1.22,50.0,30.44,35.0,108.88,11.25,06:54:00,17:50:00
26595,1482641450,12/24/2016 12:00:00 AM,18:50:50,1.22,50.0,30.44,35.0,164.75,7.87,06:54:00,17:50:00
26596,1482641149,12/24/2016 12:00:00 AM,18:45:49,1.21,50.0,30.44,37.0,117.45,5.62,06:54:00,17:50:00
26597,1482640839,12/24/2016 12:00:00 AM,18:40:39,1.21,50.0,30.44,35.0,93.02,3.37,06:54:00,17:50:00
26598,1482640550,12/24/2016 12:00:00 AM,18:35:50,1.22,51.0,30.44,36.0,100.78,2.25,06:54:00,17:50:00
26599,1482640243,12/24/2016 12:00:00 AM,18:30:43,1.25,51.0,30.44,36.0,121.8,4.5,06:54:00,17:50:00
26600,1482639949,12/24/2016 12:00:00 AM,18:25:49,1.22,52.0,30.44,32.0,119.52,3.37,06:54:00,17:50:00
26601,1482639640,12/24/2016 12:00:00 AM,18:20:40,1.25,52.0,30.44,29.0,174.95,2.25,06:54:00,17:50:00
26602,1482639349,12/24/2016 12:00:00 AM,18:15:49,1.27,52.0,30.44,29.0,212.81,4.5,06:54:00,17:50:00
26603,1482639051,12/24/2016 12:00:00 AM,18:10:51,1.24,53.0,30.43,30.0,167.66,4.5,06:54:00,17:50:00
26604,1482638739,12/24/2016 12:00:00 AM,18:05:39,1.41,53.0,30.43,29.0,162.87,6.75,06:54:00,17:50:00
26605,1482638450,12/24/2016 12:00:00 AM,18:00:50,2.41,53.0,30.43,29.0,173.98,3.37,06:54:00,17:50:00
26606,1482638139,12/24/2016 12:00:00 AM,17:55:39,4.27,53.0,30.43,31.0,127.46,3.37,06:54:00,17:50:00
26607,1482637849,12/24/2016 12:00:00 AM,17:50:49,6.26,54.0,30.43,34.0,128.09,5.62,06:54:00,17:50:00
26608,1482637550,12/24/2016 12:00:00 AM,17:45:50,8.31,54.0,30.42,34.0,163.19,7.87,06:54:00,17:50:00
26609,1482637255,12/24/2016 12:00:00 AM,17:40:55,10.37,54.0,30.42,33.0,135.17,5.62,06:54:00,17:50:00
26610,1482636966,12/24/2016 12:00:00 AM,17:36:06,12.38,54.0,30.42,41.0,136.6,11.25,06:54:00,17:50:00
26611,1482636656,12/24/2016 12:00:00 AM,17:30:56,25.81,54.0,30.42,42.0,140.21,6.75,06:54:00,17:50:00
26612,1482636365,12/24/2016 12:00:00 AM,17:26:05,34.74,54.0,30.42,47.0,137.75,10.12,06:54:00,17:50:00
26613,1482636050,12/24/2016 12:00:00 AM,17:20:50,50.44,54.0,30.42,61.0,146.98,5.62,06:54:00,17:50:00
26614,1482635739,12/24/2016 12:00:00 AM,17:15:39,70.11,54.0,30.42,70.0,125.23,6.75,06:54:00,17:50:00
26615,1482635450,12/24/2016 12:00:00 AM,17:10:50,89.92,54.0,30.42,69.0,124.84,9.0,06:54:00,17:50:00
26616,1482635149,12/24/2016 12:00:00 AM,17:05:49,111.07,53.0,30.42,74.0,78.17,10.12,06:54:00,17:50:00
26617,1482634849,12/24/2016 12:00:00 AM,17:00:49,134.63,54.0,30.42,71.0,88.97,4.5,06:54:00,17:50:00
26618,1482634550,12/24/2016 12:00:00 AM,16:55:50,159.24,54.0,30.42,70.0,62.86,3.37,06:54:00,17:50:00
26619,1482634240,12/24/2016 12:00:00 AM,16:50:40,186.23,55.0,30.42,69.0,146.76,3.37,06:54:00,17:50:00
26620,1482633950,12/24/2016 12:00:00 AM,16:45:50,211.76,56.0,30.42,66.0,49.56,3.37,06:54:00,17:50:00
26621,1482633679,12/24/2016 12:00:00 AM,16:41:19,235.56,56.0,30.42,64.0,85.09,5.62,06:54:00,17:50:00
26622,1482633349,12/24/2016 12:00:00 AM,16:35:49,265.0,56.0,30.42,70.0,136.66,3.37,06:54:00,17:50:00
26623,1482633052,12/24/2016 12:00:00 AM,16:30:52,290.85,55.0,30.41,72.0,196.08,3.37,06:54:00,17:50:00
26624,1482632779,12/24/2016 12:00:00 AM,16:26:19,314.29,55.0,30.41,73.0,38.21,4.5,06:54:00,17:50:00
26625,1482632441,12/24/2016 12:00:00 AM,16:20:41,340.72,55.0,30.41,73.0,74.39,4.5,06:54:00,17:50:00
26626,1482632140,12/24/2016 12:00:00 AM,16:15:40,361.43,54.0,30.41,77.0,147.26,6.75,06:54:00,17:50:00
26627,1482631842,12/24/2016 12:00:00 AM,16:10:42,379.35,54.0,30.41,77.0,86.15,6.75,06:54:00,17:50:00
26628,1482631550,12/24/2016 12:00:00 AM,16:05:50,398.45,54.0,30.41,75.0,53.83,4.5,06:54:00,17:50:00
26629,1482631240,12/24/2016 12:00:00 AM,16:00:40,417.43,56.0,30.41,70.0,49.33,9.0,06:54:00,17:50:00
26630,1482630949,12/24/2016 12:00:00 AM,15:55:49,435.12,57.0,30.41,71.0,352.39,6.75,06:54:00,17:50:00
26631,1482630679,12/24/2016 12:00:00 AM,15:51:19,453.86,57.0,30.41,69.0,78.94,2.25,06:54:00,17:50:00
26632,1482630342,12/24/2016 12:00:00 AM,15:45:42,472.14,57.0,30.41,68.0,66.62,7.87,06:54:00,17:50:00
26633,1482630039,12/24/2016 12:00:00 AM,15:40:39,490.28,57.0,30.41,69.0,86.25,7.87,06:54:00,17:50:00
26634,1482629750,12/24/2016 12:00:00 AM,15:35:50,508.25,57.0,30.41,68.0,84.6,3.37,06:54:00,17:50:00
26635,1482629442,12/24/2016 12:00:00 AM,15:30:42,525.05,51.16507236474315,30.41,68.0,100.08,2.25,06:54:00,17:50:00
26636,1482629152,12/24/2016 12:00:00 AM,15:25:52,541.52,57.0,30.41,66.0,77.84,12.37,06:54:00,17:50:00
26637,1482628840,12/24/2016 12:00:00 AM,15:20:40,557.79,57.0,30.41,64.0,23.26,10.12,06:54:00,17:50:00
26638,1482628549,12/24/2016 12:00:00 AM,15:15:49,572.89,57.0,30.41,61.0,39.24,11.25,06:54:00,17:50:00
26639,1482628249,12/24/2016 12:00:00 AM,15:10:49,588.62,57.0,30.41,62.0,357.34,7.87,06:54:00,17:50:00
26640,1482627939,12/24/2016 12:00:00 AM,15:05:39,603.61,57.0,30.41,64.0,43.4,10.12,06:54:00,17:50:00
26641,1482627650,12/24/2016 12:00:00 AM,15:00:50,617.74,58.0,30.41,62.0,33.48,3.37,06:54:00,17:50:00
26642,1482627340,12/24/2016 12:00:00 AM,14:55:40,634.9,58.0,30.41,56.0,119.43,4.5,06:54:00,17:50:00
26643,1482627050,12/24/2016 12:00:00 AM,14:50:50,648.41,58.0,30.41,60.0,60.31,4.5,06:54:00,17:50:00
26644,1482626739,12/24/2016 12:00:00 AM,14:45:39,663.78,57.0,30.41,66.0,125.22,12.37,06:54:00,17:50:00
26645,1482626450,12/24/2016 12:00:00 AM,14:40:50,676.35,57.0,30.41,63.0,327.72,5.62,06:54:00,17:50:00
26646,1482626149,12/24/2016 12:00:00 AM,14:35:49,689.45,57.0,30.41,68.0,16.48,7.87,06:54:00,17:50:00
26647,1482625839,12/24/2016 12:00:00 AM,14:30:39,702.68,58.0,30.41,61.0,56.34,11.25,06:54:00,17:50:00
26648,1482625569,12/24/2016 12:00:00 AM,14:26:09,713.33,58.0,30.41,56.0,6.99,9.0,06:54:00,17:50:00
26649,1482625249,12/24/2016 12:00:00 AM,14:20:49,726.72,58.0,30.41,65.0,35.89,9.0,06:54:00,17:50:00
26650,1482624943,12/24/2016 12:00:00 AM,14:15:43,739.21,58.0,30.41,60.0,6.98,11.25,06:54:00,17:50:00
26651,1482624649,12/24/2016 12:00:00 AM,14:10:49,751.84,59.0,30.41,60.0,54.62,5.62,06:54:00,17:50:00
26652,1482624339,12/24/2016 12:00:00 AM,14:05:39,761.99,58.0,30.41,54.0,355.52,4.5,06:54:00,17:50:00
26653,1482624049,12/24/2016 12:00:00 AM,14:00:49,770.69,59.0,30.41,56.0,85.39,9.0,06:54:00,17:50:00
26654,1482623765,12/24/2016 12:00:00 AM,13:56:05,780.81,59.0,30.42,49.0,77.02,12.37,06:54:00,17:50:00
26655,1482623457,12/24/2016 12:00:00 AM,13:50:57,790.39,59.0,30.41,45.0,81.77,10.12,06:54:00,17:50:00
26656,1482623149,12/24/2016 12:00:00 AM,13:45:49,798.95,58.0,30.42,39.0,34.26,6.75,06:54:00,17:50:00
26657,1482622840,12/24/2016 12:00:00 AM,13:40:40,805.56,58.0,30.41,59.0,354.32,4.5,06:54:00,17:50:00
26658,1482622549,12/24/2016 12:00:00 AM,13:35:49,814.6,59.0,30.42,61.0,44.22,10.12,06:54:00,17:50:00
26659,1482622252,12/24/2016 12:00:00 AM,13:30:52,823.07,59.0,30.41,49.0,349.51,10.12,06:54:00,17:50:00
26660,1482621942,12/24/2016 12:00:00 AM,13:25:42,828.73,59.0,30.41,53.0,74.99,1.12,06:54:00,17:50:00
26661,1482621652,12/24/2016 12:00:00 AM,13:20:52,834.22,59.0,30.42,54.0,85.04,5.62,06:54:00,17:50:00
26662,1482621350,12/24/2016 12:00:00 AM,13:15:50,839.76,59.0,30.42,56.0,42.16,10.12,06:54:00,17:50:00
26663,1482621043,12/24/2016 12:00:00 AM,13:10:43,844.83,59.0,30.42,52.0,67.36,6.75,06:54:00,17:50:00
26664,1482620749,12/24/2016 12:00:00 AM,13:05:49,850.66,60.0,30.42,48.0,76.97,6.75,06:54:00,17:50:00
26665,1482620440,12/24/2016 12:00:00 AM,13:00:40,856.06,60.0,30.43,40.0,18.13,5.62,06:54:00,17:50:00
26666,1482620152,12/24/2016 12:00:00 AM,12:55:52,859.1,60.0,30.43,45.0,52.14,11.25,06:54:00,17:50:00
26667,1482619851,12/24/2016 12:00:00 AM,12:50:51,859.47,60.0,30.43,49.0,34.56,6.75,06:54:00,17:50:00
26668,1482619540,12/24/2016 12:00:00 AM,12:45:40,864.31,60.0,30.44,49.0,68.68,10.12,06:54:00,17:50:00
26669,1482619251,12/24/2016 12:00:00 AM,12:40:51,865.71,61.0,30.44,50.0,21.11,4.5,06:54:00,17:50:00
26670,1482618939,12/24/2016 12:00:00 AM,12:35:39,868.31,61.0,30.44,33.0,346.46,5.62,06:54:00,17:50:00
26671,1482618649,12/24/2016 12:00:00 AM,12:30:49,868.22,61.0,30.44,35.0,54.92,7.87,06:54:00,17:50:00
26672,1482618349,12/24/2016 12:00:00 AM,12:25:49,867.98,61.0,30.44,36.0,78.81,9.0,06:54:00,17:50:00
26673,1482618040,12/24/2016 12:00:00 AM,12:20:40,866.08,60.0,30.44,40.0,35.42,2.25,06:54:00,17:50:00
26674,1482617750,12/24/2016 12:00:00 AM,12:15:50,866.94,60.0,30.45,34.0,84.88,10.12,06:54:00,17:50:00
26675,1482617439,12/24/2016 12:00:00 AM,12:10:39,865.5,60.0,30.45,49.0,113.87,5.62,06:54:00,17:50:00
26676,1482617150,12/24/2016 12:00:00 AM,12:05:50,863.59,59.0,30.45,48.0,89.7,4.5,06:54:00,17:50:00
26677,1482616839,12/24/2016 12:00:00 AM,12:00:39,860.42,59.0,30.45,53.0,97.13,4.5,06:54:00,17:50:00
26678,1482616549,12/24/2016 12:00:00 AM,11:55:49,856.38,58.0,30.46,63.0,52.8,7.87,06:54:00,17:50:00
26679,1482616254,12/24/2016 12:00:00 AM,11:50:54,851.8,58.0,30.46,67.0,134.02,10.12,06:54:00,17:50:00
26680,1482615940,12/24/2016 12:00:00 AM,11:45:40,846.37,57.0,30.46,73.0,70.56,3.37,06:54:00,17:50:00
26681,1482615650,12/24/2016 12:00:00 AM,11:40:50,843.8,51.16507236474315,30.46,73.0,140.66,3.37,06:54:00,17:50:00
26682,1482615349,12/24/2016 12:00:00 AM,11:35:49,837.86,57.0,30.47,72.0,59.16,3.37,06:54:00,17:50:00
26683,1482615040,12/24/2016 12:00:00 AM,11:30:40,830.89,57.0,30.47,67.0,359.82,3.37,06:54:00,17:50:00
26684,1482614751,12/24/2016 12:00:00 AM,11:25:51,827.85,57.0,30.47,68.0,88.05,5.62,06:54:00,17:50:00
26685,1482614439,12/24/2016 12:00:00 AM,11:20:39,819.27,57.0,30.47,70.0,73.45,5.62,06:54:00,17:50:00
26686,1482614150,12/24/2016 12:00:00 AM,11:15:50,814.84,56.0,30.47,69.0,88.72,4.5,06:54:00,17:50:00
26687,1482613852,12/24/2016 12:00:00 AM,11:10:52,813.01,56.0,30.47,67.0,35.57,2.25,06:54:00,17:50:00
26688,1482613539,12/24/2016 12:00:00 AM,11:05:39,801.32,56.0,30.47,69.0,99.67,5.62,06:54:00,17:50:00
26689,1482613250,12/24/2016 12:00:00 AM,11:00:50,793.99,56.0,30.48,75.0,133.64,4.5,06:54:00,17:50:00
26690,1482612952,12/24/2016 12:00:00 AM,10:55:52,784.77,56.0,30.48,72.0,69.52,10.12,06:54:00,17:50:00
26691,1482612640,12/24/2016 12:00:00 AM,10:50:40,774.06,56.0,30.47,69.0,57.15,11.25,06:54:00,17:50:00
26692,1482612353,12/24/2016 12:00:00 AM,10:45:53,767.11,56.0,30.47,71.0,70.53,10.12,06:54:00,17:50:00
26693,1482612043,12/24/2016 12:00:00 AM,10:40:43,756.72,56.0,30.48,71.0,40.81,4.5,06:54:00,17:50:00
26694,1482611750,12/24/2016 12:00:00 AM,10:35:50,744.61,56.0,30.48,70.0,75.42,12.37,06:54:00,17:50:00
26695,1482611452,12/24/2016 12:00:00 AM,10:30:52,735.16,56.0,30.48,71.0,65.38,2.25,06:54:00,17:50:00
26696,1482611139,12/24/2016 12:00:00 AM,10:25:39,723.88,55.0,30.48,74.0,73.61,5.62,06:54:00,17:50:00
26697,1482610850,12/24/2016 12:00:00 AM,10:20:50,712.42,55.0,30.48,76.0,55.97,3.37,06:54:00,17:50:00
26698,1482610542,12/24/2016 12:00:00 AM,10:15:42,709.81,54.0,30.48,77.0,83.81,5.62,06:54:00,17:50:00
26699,1482610250,12/24/2016 12:00:00 AM,10:10:50,703.34,54.0,30.48,78.0,73.47,6.75,06:54:00,17:50:00
26700,1482609950,12/24/2016 12:00:00 AM,10:05:50,672.82,54.0,30.48,83.0,66.85,5.62,06:54:00,17:50:00
26701,1482609639,12/24/2016 12:00:00 AM,10:00:39,666.21,54.0,30.48,81.0,64.92,4.5,06:54:00,17:50:00
26702,1482609349,12/24/2016 12:00:00 AM,09:55:49,652.8,54.0,30.48,79.0,138.77,7.87,06:54:00,17:50:00
26703,1482609042,12/24/2016 12:00:00 AM,09:50:42,637.15,54.0,30.48,80.0,111.52,6.75,06:54:00,17:50:00
26704,1482608749,12/24/2016 12:00:00 AM,09:45:49,622.02,54.0,30.48,81.0,167.47,6.75,06:54:00,17:50:00
26705,1482608469,12/24/2016 12:00:00 AM,09:41:09,623.76,54.0,30.48,80.0,91.33,5.62,06:54:00,17:50:00
26706,1482608140,12/24/2016 12:00:00 AM,09:35:40,588.73,54.0,30.48,76.0,125.78,7.87,06:54:00,17:50:00
26707,1482607850,12/24/2016 12:00:00 AM,09:30:50,578.59,54.0,30.48,80.0,156.31,5.62,06:54:00,17:50:00
26708,1482607550,12/24/2016 12:00:00 AM,09:25:50,539.31,54.0,30.48,83.0,124.6,5.62,06:54:00,17:50:00
26709,1482607240,12/24/2016 12:00:00 AM,09:20:40,553.58,53.0,30.48,83.0,172.86,5.62,06:54:00,17:50:00
26710,1482606950,12/24/2016 12:00:00 AM,09:15:50,543.35,53.0,30.47,82.0,164.16,10.12,06:54:00,17:50:00
26711,1482606652,12/24/2016 12:00:00 AM,09:10:52,507.08,53.0,30.47,81.0,65.44,3.37,06:54:00,17:50:00
26712,1482606340,12/24/2016 12:00:00 AM,09:05:40,490.27,53.0,30.47,81.0,145.2,5.62,06:54:00,17:50:00
26713,1482606049,12/24/2016 12:00:00 AM,09:00:49,475.49,54.0,30.47,79.0,152.78,5.62,06:54:00,17:50:00
26714,1482605742,12/24/2016 12:00:00 AM,08:55:42,455.25,53.0,30.47,79.0,126.34,7.87,06:54:00,17:50:00
26715,1482605450,12/24/2016 12:00:00 AM,08:50:50,436.35,53.0,30.47,77.0,116.55,5.62,06:54:00,17:50:00
26716,1482605139,12/24/2016 12:00:00 AM,08:45:39,417.55,53.0,30.47,74.0,187.79,3.37,06:54:00,17:50:00
26717,1482604850,12/24/2016 12:00:00 AM,08:40:50,400.27,53.0,30.47,73.0,117.09,7.87,06:54:00,17:50:00
26718,1482604549,12/24/2016 12:00:00 AM,08:35:49,381.09,52.0,30.47,73.0,129.76,2.25,06:54:00,17:50:00
26719,1482604240,12/24/2016 12:00:00 AM,08:30:40,362.67,51.0,30.47,75.0,91.59,4.5,06:54:00,17:50:00
26720,1482603950,12/24/2016 12:00:00 AM,08:25:50,343.48,51.0,30.47,77.0,126.65,10.12,06:54:00,17:50:00
26721,1482603639,12/24/2016 12:00:00 AM,08:20:39,319.82,50.0,30.46,82.0,126.94,11.25,06:54:00,17:50:00
26722,1482603350,12/24/2016 12:00:00 AM,08:15:50,296.54,49.0,30.46,81.0,132.99,10.12,06:54:00,17:50:00
26723,1482603042,12/24/2016 12:00:00 AM,08:10:42,268.97,48.0,30.46,84.0,156.88,3.37,06:54:00,17:50:00
26724,1482602752,12/24/2016 12:00:00 AM,08:05:52,244.13,47.0,30.47,84.0,202.86,3.37,06:54:00,17:50:00
26725,1482602453,12/24/2016 12:00:00 AM,08:00:53,26.48,47.0,30.47,85.0,148.69,7.87,06:54:00,17:50:00
26726,1482602140,12/24/2016 12:00:00 AM,07:55:40,22.67,46.0,30.47,81.0,102.49,5.62,06:54:00,17:50:00
26727,1482601849,12/24/2016 12:00:00 AM,07:50:49,22.05,46.0,30.47,82.0,154.11,4.5,06:54:00,17:50:00
26728,1482601549,12/24/2016 12:00:00 AM,07:45:49,21.35,46.0,30.47,85.0,90.98,3.37,06:54:00,17:50:00
26729,1482601239,12/24/2016 12:00:00 AM,07:40:39,22.03,45.0,30.47,83.0,117.74,9.0,06:54:00,17:50:00
26730,1482600949,12/24/2016 12:00:00 AM,07:35:49,20.43,45.0,30.47,77.0,178.43,2.25,06:54:00,17:50:00
26731,1482600649,12/24/2016 12:00:00 AM,07:30:49,18.68,45.0,30.47,76.0,170.51,2.25,06:54:00,17:50:00
26732,1482600340,12/24/2016 12:00:00 AM,07:25:40,17.56,45.0,30.46,77.0,169.39,4.5,06:54:00,17:50:00
26733,1482600050,12/24/2016 12:00:00 AM,07:20:50,16.34,45.0,30.46,75.0,103.02,5.62,06:54:00,17:50:00
26734,1482599750,12/24/2016 12:00:00 AM,07:15:50,14.84,44.0,30.46,76.0,175.78,7.87,06:54:00,17:50:00
26735,1482599439,12/24/2016 12:00:00 AM,07:10:39,13.12,44.0,30.46,79.0,178.48,6.75,06:54:00,17:50:00
26736,1482599149,12/24/2016 12:00:00 AM,07:05:49,11.28,44.0,30.46,83.0,154.19,10.12,06:54:00,17:50:00
26737,1482598849,12/24/2016 12:00:00 AM,07:00:49,9.13,44.0,30.46,84.0,161.6,9.0,06:54:00,17:50:00
26738,1482598539,12/24/2016 12:00:00 AM,06:55:39,6.97,44.0,30.45,85.0,181.55,9.0,06:54:00,17:50:00
26739,1482598250,12/24/2016 12:00:00 AM,06:50:50,5.01,45.0,30.45,87.0,162.95,5.62,06:54:00,17:50:00
26740,1482597950,12/24/2016 12:00:00 AM,06:45:50,3.08,45.0,30.45,87.0,175.57,7.87,06:54:00,17:50:00
26741,1482597640,12/24/2016 12:00:00 AM,06:40:40,1.71,45.0,30.45,88.0,152.85,11.25,06:54:00,17:50:00
26742,1482597350,12/24/2016 12:00:00 AM,06:35:50,1.23,45.0,30.45,89.0,170.79,9.0,06:54:00,17:50:00
26743,1482597040,12/24/2016 12:00:00 AM,06:30:40,1.22,45.0,30.45,91.0,171.9,7.87,06:54:00,17:50:00
26744,1482596749,12/24/2016 12:00:00 AM,06:25:49,1.23,45.0,30.45,91.0,157.87,12.37,06:54:00,17:50:00
26745,1482596439,12/24/2016 12:00:00 AM,06:20:39,1.25,45.0,30.45,90.0,153.73,13.5,06:54:00,17:50:00
26746,1482596150,12/24/2016 12:00:00 AM,06:15:50,1.24,45.0,30.45,89.0,182.58,11.25,06:54:00,17:50:00
26747,1482595852,12/24/2016 12:00:00 AM,06:10:52,1.2,45.0,30.45,86.0,157.74,10.12,06:54:00,17:50:00
26748,1482595550,12/24/2016 12:00:00 AM,06:05:50,1.24,45.0,30.45,81.0,168.91,9.0,06:54:00,17:50:00
26749,1482595265,12/24/2016 12:00:00 AM,06:01:05,1.25,44.0,30.45,78.0,151.59,12.37,06:54:00,17:50:00
26750,1482594940,12/24/2016 12:00:00 AM,05:55:40,1.21,44.0,30.45,69.0,181.78,10.12,06:54:00,17:50:00
26751,1482594649,12/24/2016 12:00:00 AM,05:50:49,1.21,44.0,30.45,66.0,164.73,10.12,06:54:00,17:50:00
26752,1482594350,12/24/2016 12:00:00 AM,05:45:50,1.18,51.16507236474315,30.45,58.0,181.74,9.0,06:54:00,17:50:00
26753,1482594040,12/24/2016 12:00:00 AM,05:40:40,1.23,44.0,30.45,57.0,191.43,12.37,06:54:00,17:50:00
26754,1482593751,12/24/2016 12:00:00 AM,05:35:51,1.21,44.0,30.45,56.0,194.55,9.0,06:54:00,17:50:00
26755,1482593449,12/24/2016 12:00:00 AM,05:30:49,1.22,44.0,30.46,54.0,145.63,9.0,06:54:00,17:50:00
26756,1482593158,12/24/2016 12:00:00 AM,05:25:58,1.19,44.0,30.46,54.0,150.73,4.5,06:54:00,17:50:00
26757,1482592849,12/24/2016 12:00:00 AM,05:20:49,1.18,44.0,30.45,54.0,159.17,6.75,06:54:00,17:50:00
26758,1482592550,12/24/2016 12:00:00 AM,05:15:50,1.23,44.0,30.45,53.0,195.98,7.87,06:54:00,17:50:00
26759,1482592240,12/24/2016 12:00:00 AM,05:10:40,1.21,44.0,30.45,54.0,181.26,6.75,06:54:00,17:50:00
26760,1482591961,12/24/2016 12:00:00 AM,05:06:01,1.23,44.0,30.45,54.0,195.36,9.0,06:54:00,17:50:00
26761,1482591639,12/24/2016 12:00:00 AM,05:00:39,1.18,44.0,30.45,55.0,177.83,9.0,06:54:00,17:50:00
26762,1482591352,12/24/2016 12:00:00 AM,04:55:52,1.21,44.0,30.45,54.0,175.56,9.0,06:54:00,17:50:00
26763,1482591051,12/24/2016 12:00:00 AM,04:50:51,1.22,44.0,30.423028000868246,54.0,158.22,9.0,06:54:00,17:50:00
26764,1482590741,12/24/2016 12:00:00 AM,04:45:41,1.25,45.0,30.45,55.0,154.73,5.62,06:54:00,17:50:00
26765,1482590450,12/24/2016 12:00:00 AM,04:40:50,1.21,45.0,30.45,55.0,157.32,9.0,06:54:00,17:50:00
26766,1482590140,12/24/2016 12:00:00 AM,04:35:40,1.21,45.0,30.45,54.0,166.77,9.0,06:54:00,17:50:00
26767,1482589850,12/24/2016 12:00:00 AM,04:30:50,1.23,45.0,30.45,54.0,147.17,7.87,06:54:00,17:50:00
26768,1482589549,12/24/2016 12:00:00 AM,04:25:49,1.24,45.0,30.45,54.0,178.6,11.25,06:54:00,17:50:00
26769,1482589243,12/24/2016 12:00:00 AM,04:20:43,1.24,45.0,30.45,54.0,170.17,10.12,06:54:00,17:50:00
26770,1482588950,12/24/2016 12:00:00 AM,04:15:50,1.22,45.0,30.45,54.0,170.3,6.75,06:54:00,17:50:00
26771,1482588639,12/24/2016 12:00:00 AM,04:10:39,1.22,45.0,30.45,55.0,178.34,7.87,06:54:00,17:50:00
26772,1482588350,12/24/2016 12:00:00 AM,04:05:50,1.2,45.0,30.45,54.0,173.01,6.75,06:54:00,17:50:00
26773,1482588053,12/24/2016 12:00:00 AM,04:00:53,1.22,45.0,30.423028000868246,54.0,171.76,10.12,06:54:00,17:50:00
26774,1482587739,12/24/2016 12:00:00 AM,03:55:39,1.21,45.0,30.45,53.0,157.2,6.75,06:54:00,17:50:00
26775,1482587449,12/24/2016 12:00:00 AM,03:50:49,1.21,45.0,30.45,53.0,154.2,7.87,06:54:00,17:50:00
26776,1482587139,12/24/2016 12:00:00 AM,03:45:39,1.22,45.0,30.45,53.0,163.54,7.87,06:54:00,17:50:00
26777,1482586851,12/24/2016 12:00:00 AM,03:40:51,1.24,45.0,30.45,51.0,150.98,7.87,06:54:00,17:50:00
26778,1482586549,12/24/2016 12:00:00 AM,03:35:49,1.23,46.0,30.45,49.0,132.46,9.0,06:54:00,17:50:00
26779,1482586240,12/24/2016 12:00:00 AM,03:30:40,1.21,46.0,30.45,48.0,157.41,5.62,06:54:00,17:50:00
26780,1482585947,12/24/2016 12:00:00 AM,03:25:47,1.23,46.0,30.45,47.0,161.88,7.87,06:54:00,17:50:00
26781,1482585650,12/24/2016 12:00:00 AM,03:20:50,1.27,46.0,30.45,47.0,168.13,7.87,06:54:00,17:50:00
26782,1482585339,12/24/2016 12:00:00 AM,03:15:39,1.22,46.0,30.45,47.0,184.4,7.87,06:54:00,17:50:00
26783,1482585050,12/24/2016 12:00:00 AM,03:10:50,1.21,46.0,30.45,47.0,157.46,11.25,06:54:00,17:50:00
26784,1482584739,12/24/2016 12:00:00 AM,03:05:39,1.22,46.0,30.45,47.0,172.52,9.0,06:54:00,17:50:00
26785,1482584450,12/24/2016 12:00:00 AM,03:00:50,1.22,46.0,30.45,47.0,158.86,10.12,06:54:00,17:50:00
26786,1482584149,12/24/2016 12:00:00 AM,02:55:49,1.23,46.0,30.45,46.0,174.32,10.12,06:54:00,17:50:00
26787,1482583842,12/24/2016 12:00:00 AM,02:50:42,1.23,46.0,30.45,47.0,186.32,9.0,06:54:00,17:50:00
26788,1482583549,12/24/2016 12:00:00 AM,02:45:49,1.23,46.0,30.45,47.0,182.9,11.25,06:54:00,17:50:00
26789,1482583270,12/24/2016 12:00:00 AM,02:41:10,1.24,46.0,30.46,46.0,137.04,10.12,06:54:00,17:50:00
26790,1482582943,12/24/2016 12:00:00 AM,02:35:43,1.21,46.0,30.46,45.0,182.44,10.12,06:54:00,17:50:00
26791,1482582649,12/24/2016 12:00:00 AM,02:30:49,1.23,46.0,30.46,45.0,141.26,11.25,06:54:00,17:50:00
26792,1482582349,12/24/2016 12:00:00 AM,02:25:49,1.19,46.0,30.46,45.0,122.23,11.25,06:54:00,17:50:00
26793,1482582040,12/24/2016 12:00:00 AM,02:20:40,1.19,46.0,30.46,45.0,163.77,10.12,06:54:00,17:50:00
26794,1482581750,12/24/2016 12:00:00 AM,02:15:50,1.23,46.0,30.46,45.0,158.06,11.25,06:54:00,17:50:00
26795,1482581449,12/24/2016 12:00:00 AM,02:10:49,1.23,46.0,30.46,45.0,181.33,7.87,06:54:00,17:50:00
26796,1482581143,12/24/2016 12:00:00 AM,02:05:43,1.2,46.0,30.47,44.0,171.22,7.87,06:54:00,17:50:00
26797,1482580850,12/24/2016 12:00:00 AM,02:00:50,1.21,46.0,30.47,45.0,152.21,10.12,06:54:00,17:50:00
26798,1482580539,12/24/2016 12:00:00 AM,01:55:39,1.21,46.0,30.47,44.0,178.08,10.12,06:54:00,17:50:00
26799,1482580251,12/24/2016 12:00:00 AM,01:50:51,1.23,47.0,30.47,43.0,147.66,7.87,06:54:00,17:50:00
26800,1482579940,12/24/2016 12:00:00 AM,01:45:40,1.21,47.0,30.47,44.0,170.8,9.0,06:54:00,17:50:00
26801,1482579649,12/24/2016 12:00:00 AM,01:40:49,1.23,47.0,30.47,44.0,163.51,10.12,06:54:00,17:50:00
26802,1482579357,12/24/2016 12:00:00 AM,01:35:57,1.23,47.0,30.47,43.0,164.34,9.0,06:54:00,17:50:00
26803,1482579050,12/24/2016 12:00:00 AM,01:30:50,1.25,47.0,30.47,43.0,148.09,5.62,06:54:00,17:50:00
26804,1482578751,12/24/2016 12:00:00 AM,01:25:51,1.23,47.0,30.47,43.0,136.82,9.0,06:54:00,17:50:00
26805,1482578439,12/24/2016 12:00:00 AM,01:20:39,1.2,47.0,30.47,43.0,149.76,7.87,06:54:00,17:50:00
26806,1482578149,12/24/2016 12:00:00 AM,01:15:49,1.25,47.0,30.47,42.0,160.98,6.75,06:54:00,17:50:00
26807,1482577843,12/24/2016 12:00:00 AM,01:10:43,1.24,48.0,30.48,42.0,164.43,11.25,06:54:00,17:50:00
26808,1482577549,12/24/2016 12:00:00 AM,01:05:49,1.21,48.0,30.48,42.0,158.99,10.12,06:54:00,17:50:00
26809,1482577250,12/24/2016 12:00:00 AM,01:00:50,1.24,48.0,30.48,42.0,146.83,7.87,06:54:00,17:50:00
26810,1482576940,12/24/2016 12:00:00 AM,00:55:40,1.25,48.0,30.48,42.0,152.9,7.87,06:54:00,17:50:00
26811,1482576649,12/24/2016 12:00:00 AM,00:50:49,1.22,48.0,30.48,42.0,169.47,6.75,06:54:00,17:50:00
26812,1482576349,12/24/2016 12:00:00 AM,00:45:49,1.18,48.0,30.48,42.0,201.13,4.5,06:54:00,17:50:00
26813,1482576039,12/24/2016 12:00:00 AM,00:40:39,1.24,48.0,30.48,74.83719267708949,166.7,7.87,06:54:00,17:50:00
26814,1482575739,12/24/2016 12:00:00 AM,00:35:39,1.24,48.0,30.48,43.0,159.45,7.87,06:54:00,17:50:00
26815,1482575449,12/24/2016 12:00:00 AM,00:30:49,1.21,48.0,30.48,44.0,138.09,7.87,06:54:00,17:50:00
26816,1482575140,12/24/2016 12:00:00 AM,00:25:40,1.2,48.0,30.47,44.0,159.47,11.25,06:54:00,17:50:00
26817,1482574849,12/24/2016 12:00:00 AM,00:20:49,1.23,48.0,30.47,44.0,148.31,7.87,06:54:00,17:50:00
26818,1482574539,12/24/2016 12:00:00 AM,00:15:39,1.19,48.0,30.47,44.0,173.03,10.12,06:54:00,17:50:00
26819,1482574249,12/24/2016 12:00:00 AM,00:10:49,1.26,48.0,30.47,44.0,180.45,12.37,06:54:00,17:50:00
26820,1482573950,12/24/2016 12:00:00 AM,00:05:50,1.22,47.0,30.48,44.0,172.71,11.25,06:54:00,17:50:00
26821,1482573639,12/24/2016 12:00:00 AM,00:00:39,1.21,47.0,30.48,44.0,125.12,12.37,06:54:00,17:50:00
26822,1482573349,12/23/2016 12:00:00 AM,23:55:49,1.23,47.0,30.48,43.0,154.22,12.37,06:54:00,17:50:00
26823,1482573039,12/23/2016 12:00:00 AM,23:50:39,1.27,47.0,30.48,43.0,162.42,9.0,06:54:00,17:50:00
26824,1482572752,12/23/2016 12:00:00 AM,23:45:52,1.23,47.0,30.48,43.0,164.68,12.37,06:54:00,17:50:00
26825,1482572450,12/23/2016 12:00:00 AM,23:40:50,1.23,47.0,30.48,42.0,166.02,9.0,06:54:00,17:50:00
26826,1482572140,12/23/2016 12:00:00 AM,23:35:40,1.18,47.0,30.48,41.0,189.17,7.87,06:54:00,17:50:00
26827,1482571849,12/23/2016 12:00:00 AM,23:30:49,1.23,46.0,30.48,41.0,165.09,10.12,06:54:00,17:50:00
26828,1482571553,12/23/2016 12:00:00 AM,23:25:53,1.21,46.0,30.48,41.0,158.23,7.87,06:54:00,17:50:00
26829,1482571240,12/23/2016 12:00:00 AM,23:20:40,1.21,47.0,30.48,41.0,169.41,13.5,06:54:00,17:50:00
26830,1482570949,12/23/2016 12:00:00 AM,23:15:49,1.22,47.0,30.48,40.0,168.53,6.75,06:54:00,17:50:00
26831,1482570641,12/23/2016 12:00:00 AM,23:10:41,1.25,47.0,30.48,40.0,170.5,13.5,06:54:00,17:50:00
26832,1482570353,12/23/2016 12:00:00 AM,23:05:53,1.23,47.0,30.48,41.0,141.31,7.87,06:54:00,17:50:00
26833,1482570049,12/23/2016 12:00:00 AM,23:00:49,1.24,47.0,30.48,74.83719267708949,178.53,11.25,06:54:00,17:50:00
26834,1482569754,12/23/2016 12:00:00 AM,22:55:54,1.23,47.0,30.48,38.0,175.39,9.0,06:54:00,17:50:00
26835,1482569452,12/23/2016 12:00:00 AM,22:50:52,1.24,47.0,30.48,38.0,152.82,9.0,06:54:00,17:50:00
26836,1482569139,12/23/2016 12:00:00 AM,22:45:39,1.25,48.0,30.49,38.0,158.02,13.5,06:54:00,17:50:00
26837,1482568856,12/23/2016 12:00:00 AM,22:40:56,1.24,48.0,30.49,38.0,143.54770303349548,12.37,06:54:00,17:50:00
26838,1482568539,12/23/2016 12:00:00 AM,22:35:39,1.21,48.0,30.49,38.0,180.09,9.0,06:54:00,17:50:00
26839,1482568249,12/23/2016 12:00:00 AM,22:30:49,1.25,48.0,30.49,37.0,154.19,11.25,06:54:00,17:50:00
26840,1482567940,12/23/2016 12:00:00 AM,22:25:40,1.22,48.0,30.49,36.0,163.8,11.25,06:54:00,17:50:00
26841,1482567650,12/23/2016 12:00:00 AM,22:20:50,1.21,49.0,30.49,37.0,170.92,10.12,06:54:00,17:50:00
26842,1482567349,12/23/2016 12:00:00 AM,22:15:49,1.24,48.0,30.49,37.0,168.03,12.37,06:54:00,17:50:00
26843,1482567041,12/23/2016 12:00:00 AM,22:10:41,1.22,48.0,30.49,37.0,163.74,10.12,06:54:00,17:50:00
26844,1482566749,12/23/2016 12:00:00 AM,22:05:49,1.23,48.0,30.49,37.0,167.67,10.12,06:54:00,17:50:00
26845,1482566442,12/23/2016 12:00:00 AM,22:00:42,1.23,48.0,30.49,38.0,160.47,10.12,06:54:00,17:50:00
26846,1482566154,12/23/2016 12:00:00 AM,21:55:54,1.23,48.0,30.49,37.0,163.3,11.25,06:54:00,17:50:00
26847,1482565840,12/23/2016 12:00:00 AM,21:50:40,1.19,48.0,30.49,38.0,157.66,12.37,06:54:00,17:50:00
26848,1482565549,12/23/2016 12:00:00 AM,21:45:49,1.26,48.0,30.49,38.0,163.0,10.12,06:54:00,17:50:00
26849,1482565253,12/23/2016 12:00:00 AM,21:40:53,1.25,48.0,30.49,38.0,192.63,7.87,06:54:00,17:50:00
26850,1482564949,12/23/2016 12:00:00 AM,21:35:49,1.24,48.0,30.49,38.0,143.54770303349548,10.12,06:54:00,17:50:00
26851,1482564680,12/23/2016 12:00:00 AM,21:31:20,1.21,48.0,30.49,38.0,149.98,9.0,06:54:00,17:50:00
26852,1482564350,12/23/2016 12:00:00 AM,21:25:50,1.24,48.0,30.49,38.0,148.46,7.87,06:54:00,17:50:00
26853,1482564040,12/23/2016 12:00:00 AM,21:20:40,1.2,48.0,30.48,38.0,160.39,7.87,06:54:00,17:50:00
26854,1482563750,12/23/2016 12:00:00 AM,21:15:50,1.22,48.0,30.49,38.0,137.67,6.75,06:54:00,17:50:00
26855,1482563449,12/23/2016 12:00:00 AM,21:10:49,1.23,48.0,30.48,38.0,191.24,6.75,06:54:00,17:50:00
26856,1482563139,12/23/2016 12:00:00 AM,21:05:39,1.21,48.0,30.48,39.0,181.42,9.0,06:54:00,17:50:00
26857,1482562849,12/23/2016 12:00:00 AM,21:00:49,1.22,48.0,30.48,40.0,164.37,9.0,06:54:00,17:50:00
26858,1482562551,12/23/2016 12:00:00 AM,20:55:51,1.21,48.0,30.48,40.0,175.36,6.75,06:54:00,17:50:00
26859,1482562257,12/23/2016 12:00:00 AM,20:50:57,1.24,48.0,30.48,40.0,174.39,10.12,06:54:00,17:50:00
26860,1482561949,12/23/2016 12:00:00 AM,20:45:49,1.23,48.0,30.48,39.0,170.51,9.0,06:54:00,17:50:00
26861,1482561682,12/23/2016 12:00:00 AM,20:41:22,1.24,48.0,30.48,39.0,179.21,10.12,06:54:00,17:50:00
26862,1482561354,12/23/2016 12:00:00 AM,20:35:54,1.22,48.0,30.48,40.0,125.11,6.75,06:54:00,17:50:00
26863,1482561049,12/23/2016 12:00:00 AM,20:30:49,1.26,49.0,30.48,40.0,152.83,3.37,06:54:00,17:50:00
26864,1482560739,12/23/2016 12:00:00 AM,20:25:39,1.26,49.0,30.48,39.0,130.1,6.75,06:54:00,17:50:00
26865,1482560452,12/23/2016 12:00:00 AM,20:20:52,1.21,49.0,30.48,38.0,145.04,5.62,06:54:00,17:50:00
26866,1482560140,12/23/2016 12:00:00 AM,20:15:40,1.24,49.0,30.48,38.0,183.42,7.87,06:54:00,17:50:00
26867,1482559849,12/23/2016 12:00:00 AM,20:10:49,1.24,49.0,30.48,38.0,152.59,7.87,06:54:00,17:50:00
26868,1482559551,12/23/2016 12:00:00 AM,20:05:51,1.2,49.0,30.48,38.0,152.33,2.25,06:54:00,17:50:00
26869,1482559240,12/23/2016 12:00:00 AM,20:00:40,1.22,49.0,30.48,38.0,149.49,7.87,06:54:00,17:50:00
26870,1482558940,12/23/2016 12:00:00 AM,19:55:40,1.25,49.0,30.48,38.0,177.68,6.75,06:54:00,17:50:00
26871,1482558652,12/23/2016 12:00:00 AM,19:50:52,1.21,49.0,30.48,39.0,151.3,5.62,06:54:00,17:50:00
26872,1482558339,12/23/2016 12:00:00 AM,19:45:39,1.23,49.0,30.48,38.0,143.54770303349548,7.87,06:54:00,17:50:00
26873,1482558049,12/23/2016 12:00:00 AM,19:40:49,1.22,49.0,30.48,38.0,181.83,6.75,06:54:00,17:50:00
26874,1482557740,12/23/2016 12:00:00 AM,19:35:40,1.22,49.0,30.48,39.0,186.5,7.87,06:54:00,17:50:00
26875,1482557449,12/23/2016 12:00:00 AM,19:30:49,1.21,49.0,30.48,39.0,188.51,6.75,06:54:00,17:50:00
26876,1482557149,12/23/2016 12:00:00 AM,19:25:49,1.23,49.0,30.48,39.0,180.51,9.0,06:54:00,17:50:00
26877,1482556840,12/23/2016 12:00:00 AM,19:20:40,1.25,49.0,30.48,40.0,150.1,5.62,06:54:00,17:50:00
26878,1482556549,12/23/2016 12:00:00 AM,19:15:49,1.24,49.0,30.47,40.0,180.21,7.87,06:54:00,17:50:00
26879,1482556240,12/23/2016 12:00:00 AM,19:10:40,1.24,49.0,30.47,40.0,172.64,10.12,06:54:00,17:50:00
26880,1482555949,12/23/2016 12:00:00 AM,19:05:49,1.26,49.0,30.47,43.0,156.58,9.0,06:54:00,17:50:00
26881,1482555669,12/23/2016 12:00:00 AM,19:01:09,1.23,49.0,30.47,46.0,153.1,7.87,06:54:00,17:50:00
26882,1482555381,12/23/2016 12:00:00 AM,18:56:21,1.22,49.0,30.47,44.0,125.97,10.12,06:54:00,17:50:00
26883,1482555040,12/23/2016 12:00:00 AM,18:50:40,1.22,49.0,30.47,43.0,144.78,11.25,06:54:00,17:50:00
26884,1482554750,12/23/2016 12:00:00 AM,18:45:50,1.24,48.0,30.47,46.0,118.12,9.0,06:54:00,17:50:00
26885,1482554450,12/23/2016 12:00:00 AM,18:40:50,1.2,48.0,30.47,50.0,99.54,2.25,06:54:00,17:50:00
26886,1482554140,12/23/2016 12:00:00 AM,18:35:40,1.22,48.0,30.47,53.0,125.44,6.75,06:54:00,17:50:00
26887,1482553870,12/23/2016 12:00:00 AM,18:31:10,1.23,49.0,30.47,56.0,135.1,7.87,06:54:00,17:50:00
26888,1482553570,12/23/2016 12:00:00 AM,18:26:10,1.22,49.0,30.46,61.0,154.52,10.12,06:54:00,17:50:00
26889,1482553249,12/23/2016 12:00:00 AM,18:20:49,1.22,49.0,30.46,67.0,70.91,3.37,06:54:00,17:50:00
26890,1482552949,12/23/2016 12:00:00 AM,18:15:49,1.23,50.0,30.46,69.0,64.68,2.25,06:54:00,17:50:00
26891,1482552639,12/23/2016 12:00:00 AM,18:10:39,1.23,50.0,30.46,64.0,59.66,3.37,06:54:00,17:50:00
26892,1482552351,12/23/2016 12:00:00 AM,18:05:51,1.32,50.0,30.46,65.0,117.45,2.25,06:54:00,17:50:00
26893,1482552050,12/23/2016 12:00:00 AM,18:00:50,2.3,50.0,30.46,66.0,33.55,2.25,06:54:00,17:50:00
26894,1482551740,12/23/2016 12:00:00 AM,17:55:40,4.0,50.0,30.46,71.0,155.06,4.5,06:54:00,17:50:00
26895,1482551450,12/23/2016 12:00:00 AM,17:50:50,5.92,51.0,30.46,83.0,47.41,2.25,06:54:00,17:50:00
26896,1482551140,12/23/2016 12:00:00 AM,17:45:40,8.01,52.0,30.46,84.0,142.42,2.25,06:54:00,17:50:00
26897,1482550849,12/23/2016 12:00:00 AM,17:40:49,10.08,53.0,30.46,82.0,110.49,7.87,06:54:00,17:50:00
26898,1482550549,12/23/2016 12:00:00 AM,17:35:49,12.18,54.0,30.46,79.0,119.37,3.37,06:54:00,17:50:00
26899,1482550243,12/23/2016 12:00:00 AM,17:30:43,22.07,55.0,30.45,69.0,77.7,2.25,06:54:00,17:50:00
26900,1482549949,12/23/2016 12:00:00 AM,17:25:49,30.95,55.0,30.45,51.0,115.59,5.62,06:54:00,17:50:00
26901,1482549650,12/23/2016 12:00:00 AM,17:20:50,46.57,55.0,30.45,58.0,103.41,4.5,06:54:00,17:50:00
26902,1482549350,12/23/2016 12:00:00 AM,17:15:50,65.88,55.0,30.45,68.0,109.27,3.37,06:54:00,17:50:00
26903,1482549049,12/23/2016 12:00:00 AM,17:10:49,86.28,56.0,30.44,63.0,124.25,10.12,06:54:00,17:50:00
26904,1482548740,12/23/2016 12:00:00 AM,17:05:40,108.12,55.0,30.44,65.0,177.86,13.5,06:54:00,17:50:00
26905,1482548449,12/23/2016 12:00:00 AM,17:00:49,131.35,55.0,30.44,72.0,135.62,12.37,06:54:00,17:50:00
26906,1482548139,12/23/2016 12:00:00 AM,16:55:39,156.24,55.0,30.44,73.0,50.83,10.12,06:54:00,17:50:00
26907,1482547850,12/23/2016 12:00:00 AM,16:50:50,180.8,54.0,30.45,73.0,79.99,11.25,06:54:00,17:50:00
26908,1482547562,12/23/2016 12:00:00 AM,16:46:02,204.57,54.0,30.45,75.0,63.78,5.62,06:54:00,17:50:00
26909,1482547240,12/23/2016 12:00:00 AM,16:40:40,232.81,55.0,30.45,77.0,72.87,7.87,06:54:00,17:50:00
26910,1482546950,12/23/2016 12:00:00 AM,16:35:50,258.14,55.0,30.45,78.0,89.94,7.87,06:54:00,17:50:00
26911,1482546639,12/23/2016 12:00:00 AM,16:30:39,284.44,55.0,30.45,79.0,145.98,3.37,06:54:00,17:50:00
26912,1482546354,12/23/2016 12:00:00 AM,16:25:54,308.28,56.0,30.45,77.0,71.21,5.62,06:54:00,17:50:00
26913,1482546039,12/23/2016 12:00:00 AM,16:20:39,333.04,56.0,30.44,74.0,96.66,7.87,06:54:00,17:50:00
26914,1482545750,12/23/2016 12:00:00 AM,16:15:50,353.75,56.0,30.44,71.0,44.31,7.87,06:54:00,17:50:00
26915,1482545449,12/23/2016 12:00:00 AM,16:10:49,373.93,57.0,30.43,65.0,101.74,11.25,06:54:00,17:50:00
26916,1482545139,12/23/2016 12:00:00 AM,16:05:39,393.9,57.0,30.44,65.0,42.68,13.5,06:54:00,17:50:00
26917,1482544849,12/23/2016 12:00:00 AM,16:00:49,411.15,57.0,30.44,62.0,76.21,6.75,06:54:00,17:50:00
26918,1482544551,12/23/2016 12:00:00 AM,15:55:51,429.5,57.0,30.44,61.0,57.54,10.12,06:54:00,17:50:00
26919,1482544240,12/23/2016 12:00:00 AM,15:50:40,448.5,58.0,30.44,59.0,143.35,4.5,06:54:00,17:50:00
26920,1482543949,12/23/2016 12:00:00 AM,15:45:49,465.54,58.0,30.43,59.0,77.42,7.87,06:54:00,17:50:00
26921,1482543650,12/23/2016 12:00:00 AM,15:40:50,483.82,57.0,30.44,58.0,65.66,7.87,06:54:00,17:50:00
26922,1482543342,12/23/2016 12:00:00 AM,15:35:42,500.97,57.0,30.44,60.0,27.26,5.62,06:54:00,17:50:00
26923,1482543055,12/23/2016 12:00:00 AM,15:30:55,516.8,57.0,30.44,58.0,57.13,9.0,06:54:00,17:50:00
26924,1482542739,12/23/2016 12:00:00 AM,15:25:39,532.6,57.0,30.44,63.0,71.66,9.0,06:54:00,17:50:00
26925,1482542449,12/23/2016 12:00:00 AM,15:20:49,549.0,56.0,30.44,67.0,56.5,6.75,06:54:00,17:50:00
26926,1482542140,12/23/2016 12:00:00 AM,15:15:40,565.92,56.0,30.44,67.0,31.97,6.75,06:54:00,17:50:00
26927,1482541849,12/23/2016 12:00:00 AM,15:10:49,580.28,57.0,30.44,67.0,336.59,5.62,06:54:00,17:50:00
26928,1482541550,12/23/2016 12:00:00 AM,15:05:50,594.86,57.0,30.43,67.0,29.87,10.12,06:54:00,17:50:00
26929,1482541243,12/23/2016 12:00:00 AM,15:00:43,612.99,57.0,30.43,67.0,36.2,5.62,06:54:00,17:50:00
26930,1482540953,12/23/2016 12:00:00 AM,14:55:53,625.77,57.0,30.43,67.0,17.15,10.12,06:54:00,17:50:00
26931,1482540641,12/23/2016 12:00:00 AM,14:50:41,638.91,57.0,30.44,67.0,27.33,11.25,06:54:00,17:50:00
26932,1482540353,12/23/2016 12:00:00 AM,14:45:53,653.74,57.0,30.44,61.0,45.42,6.75,06:54:00,17:50:00
26933,1482540051,12/23/2016 12:00:00 AM,14:40:51,667.9,57.0,30.44,62.0,27.66,9.0,06:54:00,17:50:00
26934,1482539739,12/23/2016 12:00:00 AM,14:35:39,682.61,57.0,30.44,64.0,14.51,11.25,06:54:00,17:50:00
26935,1482539450,12/23/2016 12:00:00 AM,14:30:50,691.99,57.0,30.43,63.0,8.37,4.5,06:54:00,17:50:00
26936,1482539139,12/23/2016 12:00:00 AM,14:25:39,705.7,57.0,30.43,63.0,124.54,3.37,06:54:00,17:50:00
26937,1482538849,12/23/2016 12:00:00 AM,14:20:49,718.78,57.0,30.43,66.0,355.08,10.12,06:54:00,17:50:00
26938,1482538553,12/23/2016 12:00:00 AM,14:15:53,727.69,57.0,30.43,65.0,49.36,9.0,06:54:00,17:50:00
26939,1482538239,12/23/2016 12:00:00 AM,14:10:39,737.64,56.0,30.43,65.0,34.65,10.12,06:54:00,17:50:00
26940,1482537949,12/23/2016 12:00:00 AM,14:05:49,748.45,56.0,30.43,67.0,53.01,14.62,06:54:00,17:50:00
26941,1482537640,12/23/2016 12:00:00 AM,14:00:40,758.18,57.0,30.43,64.0,60.31,11.25,06:54:00,17:50:00
26942,1482537349,12/23/2016 12:00:00 AM,13:55:49,767.44,57.0,30.43,67.0,28.65,10.12,06:54:00,17:50:00
26943,1482537050,12/23/2016 12:00:00 AM,13:50:50,777.57,58.0,30.43,65.0,281.6,3.37,06:54:00,17:50:00
26944,1482536739,12/23/2016 12:00:00 AM,13:45:39,785.55,58.0,30.43,68.0,77.46,3.37,06:54:00,17:50:00
26945,1482536449,12/23/2016 12:00:00 AM,13:40:49,792.95,58.0,30.43,67.0,9.86,7.87,06:54:00,17:50:00
26946,1482536152,12/23/2016 12:00:00 AM,13:35:52,802.61,58.0,30.43,64.0,352.17,6.75,06:54:00,17:50:00
26947,1482535839,12/23/2016 12:00:00 AM,13:30:39,812.93,58.0,30.423028000868246,62.0,69.95,11.25,06:54:00,17:50:00
26948,1482535550,12/23/2016 12:00:00 AM,13:25:50,814.52,58.0,30.43,65.0,68.46,11.25,06:54:00,17:50:00
26949,1482535251,12/23/2016 12:00:00 AM,13:20:51,822.54,58.0,30.43,65.0,63.96,7.87,06:54:00,17:50:00
26950,1482534940,12/23/2016 12:00:00 AM,13:15:40,826.44,58.0,30.43,67.0,52.09,6.75,06:54:00,17:50:00
26951,1482534649,12/23/2016 12:00:00 AM,13:10:49,831.33,58.0,30.44,66.0,143.54770303349548,4.5,06:54:00,17:50:00
26952,1482534350,12/23/2016 12:00:00 AM,13:05:50,836.07,58.0,30.44,65.0,70.41,4.5,06:54:00,17:50:00
26953,1482534039,12/23/2016 12:00:00 AM,13:00:39,842.69,58.0,30.44,64.0,353.61,10.12,06:54:00,17:50:00
26954,1482533749,12/23/2016 12:00:00 AM,12:55:49,844.45,58.0,30.44,61.0,57.16,4.5,06:54:00,17:50:00
26955,1482533450,12/23/2016 12:00:00 AM,12:50:50,850.19,58.0,30.44,57.0,10.25,7.87,06:54:00,17:50:00
26956,1482533149,12/23/2016 12:00:00 AM,12:45:49,853.17,58.0,30.44,57.0,81.67,11.25,06:54:00,17:50:00
26957,1482532839,12/23/2016 12:00:00 AM,12:40:39,854.69,58.0,30.44,58.0,16.92,10.12,06:54:00,17:50:00
26958,1482532550,12/23/2016 12:00:00 AM,12:35:50,852.97,58.0,30.45,57.0,337.35,6.75,06:54:00,17:50:00
26959,1482532249,12/23/2016 12:00:00 AM,12:30:49,855.02,58.0,30.45,58.0,327.59,7.87,06:54:00,17:50:00
26960,1482531940,12/23/2016 12:00:00 AM,12:25:40,856.79,58.0,30.45,54.0,23.02,10.12,06:54:00,17:50:00
26961,1482531650,12/23/2016 12:00:00 AM,12:20:50,854.79,58.0,30.45,58.0,51.52,10.12,06:54:00,17:50:00
26962,1482531349,12/23/2016 12:00:00 AM,12:15:49,855.89,58.0,30.45,59.0,125.82,4.5,06:54:00,17:50:00
26963,1482531083,12/23/2016 12:00:00 AM,12:11:23,855.87,58.0,30.46,62.0,21.09,7.87,06:54:00,17:50:00
26964,1482530779,12/23/2016 12:00:00 AM,12:06:19,853.93,58.0,30.46,63.0,72.42,7.87,06:54:00,17:50:00
26965,1482530439,12/23/2016 12:00:00 AM,12:00:39,852.42,58.0,30.46,65.0,60.38,12.37,06:54:00,17:50:00
26966,1482530143,12/23/2016 12:00:00 AM,11:55:43,850.3,58.0,30.46,60.0,290.5,3.37,06:54:00,17:50:00
26967,1482529879,12/23/2016 12:00:00 AM,11:51:19,846.76,58.0,30.46,74.83719267708949,57.72,13.5,06:54:00,17:50:00
26968,1482529549,12/23/2016 12:00:00 AM,11:45:49,843.51,59.0,30.46,54.0,81.12,12.37,06:54:00,17:50:00
26969,1482529243,12/23/2016 12:00:00 AM,11:40:43,843.12,59.0,30.46,49.0,58.7,9.0,06:54:00,17:50:00
26970,1482528949,12/23/2016 12:00:00 AM,11:35:49,835.62,59.0,30.46,50.0,341.86,0.0,06:54:00,17:50:00
26971,1482528640,12/23/2016 12:00:00 AM,11:30:40,829.73,58.0,30.46,52.0,42.72,11.25,06:54:00,17:50:00
26972,1482528370,12/23/2016 12:00:00 AM,11:26:10,827.19,58.0,30.46,59.0,359.49,10.12,06:54:00,17:50:00
26973,1482528052,12/23/2016 12:00:00 AM,11:20:52,820.16,58.0,30.46,57.0,358.71,6.75,06:54:00,17:50:00
26974,1482527750,12/23/2016 12:00:00 AM,11:15:50,813.69,58.0,30.47,55.0,69.35,9.0,06:54:00,17:50:00
26975,1482527450,12/23/2016 12:00:00 AM,11:10:50,807.08,57.0,30.47,59.0,78.46,6.75,06:54:00,17:50:00
26976,1482527140,12/23/2016 12:00:00 AM,11:05:40,797.62,57.0,30.47,58.0,74.51,13.5,06:54:00,17:50:00
26977,1482526849,12/23/2016 12:00:00 AM,11:00:49,788.74,57.0,30.47,58.0,103.5,10.12,06:54:00,17:50:00
26978,1482526539,12/23/2016 12:00:00 AM,10:55:39,781.01,57.0,30.47,55.0,43.71,13.5,06:54:00,17:50:00
26979,1482526254,12/23/2016 12:00:00 AM,10:50:54,771.83,57.0,30.47,60.0,6.28,7.87,06:54:00,17:50:00
26980,1482525949,12/23/2016 12:00:00 AM,10:45:49,763.3,57.0,30.47,59.0,42.76,6.75,06:54:00,17:50:00
26981,1482525640,12/23/2016 12:00:00 AM,10:40:40,752.32,58.0,30.47,74.83719267708949,265.86,3.37,06:54:00,17:50:00
26982,1482525350,12/23/2016 12:00:00 AM,10:35:50,743.76,58.0,30.47,49.0,65.83,6.75,06:54:00,17:50:00
26983,1482525042,12/23/2016 12:00:00 AM,10:30:42,733.65,58.0,30.47,46.0,91.8,11.25,06:54:00,17:50:00
26984,1482524750,12/23/2016 12:00:00 AM,10:25:50,722.0,59.0,30.47,48.0,62.28,6.75,06:54:00,17:50:00
26985,1482524450,12/23/2016 12:00:00 AM,10:20:50,711.44,59.0,30.47,39.0,65.26,9.0,06:54:00,17:50:00
26986,1482524139,12/23/2016 12:00:00 AM,10:15:39,699.62,60.0,30.48,40.0,169.1,3.37,06:54:00,17:50:00
26987,1482523849,12/23/2016 12:00:00 AM,10:10:49,687.23,61.0,30.48,36.0,41.54,5.62,06:54:00,17:50:00
26988,1482523552,12/23/2016 12:00:00 AM,10:05:52,675.84,61.0,30.48,34.0,317.54,3.37,06:54:00,17:50:00
26989,1482523249,12/23/2016 12:00:00 AM,10:00:49,662.64,61.0,30.47,25.0,118.2,7.87,06:54:00,17:50:00
26990,1482522951,12/23/2016 12:00:00 AM,09:55:51,647.86,61.0,30.47,26.0,114.33,6.75,06:54:00,17:50:00
26991,1482522640,12/23/2016 12:00:00 AM,09:50:40,633.44,60.0,30.48,27.0,143.48,13.5,06:54:00,17:50:00
26992,1482522350,12/23/2016 12:00:00 AM,09:45:50,619.33,60.0,30.47,27.0,170.18,5.62,06:54:00,17:50:00
26993,1482522042,12/23/2016 12:00:00 AM,09:40:42,604.05,60.0,30.48,29.0,135.45,5.62,06:54:00,17:50:00
26994,1482521750,12/23/2016 12:00:00 AM,09:35:50,589.21,60.0,30.48,26.0,67.87,5.62,06:54:00,17:50:00
26995,1482521449,12/23/2016 12:00:00 AM,09:30:49,574.59,60.0,30.48,26.0,162.2,13.5,06:54:00,17:50:00
26996,1482521150,12/23/2016 12:00:00 AM,09:25:50,557.76,59.0,30.48,27.0,225.9,2.25,06:54:00,17:50:00
26997,1482520849,12/23/2016 12:00:00 AM,09:20:49,542.21,59.0,30.48,25.0,126.94,3.37,06:54:00,17:50:00
26998,1482520546,12/23/2016 12:00:00 AM,09:15:46,525.42,59.0,30.48,26.0,172.43,15.75,06:54:00,17:50:00
26999,1482520250,12/23/2016 12:00:00 AM,09:10:50,508.55,59.0,30.47,26.0,125.6,15.75,06:54:00,17:50:00
27000,1482519950,12/23/2016 12:00:00 AM,09:05:50,493.04,58.0,30.48,21.0,146.12,13.5,06:54:00,17:50:00
27001,1482519643,12/23/2016 12:00:00 AM,09:00:43,475.87,58.0,30.47,20.0,115.85,11.25,06:54:00,17:50:00
27002,1482519353,12/23/2016 12:00:00 AM,08:55:53,459.26,58.0,30.48,20.0,92.93,9.0,06:54:00,17:50:00
27003,1482519043,12/23/2016 12:00:00 AM,08:50:43,440.56,57.0,30.47,20.0,176.14,6.75,06:54:00,17:50:00
27004,1482518751,12/23/2016 12:00:00 AM,08:45:51,422.48,57.0,30.47,20.0,179.72,11.25,06:54:00,17:50:00
27005,1482518440,12/23/2016 12:00:00 AM,08:40:40,403.09,57.0,30.47,24.0,342.57,2.25,06:54:00,17:50:00
27006,1482518150,12/23/2016 12:00:00 AM,08:35:50,384.84,57.0,30.47,25.0,155.41,9.0,06:54:00,17:50:00
27007,1482517872,12/23/2016 12:00:00 AM,08:31:12,367.47,51.16507236474315,30.47,27.0,110.59,10.12,06:54:00,17:50:00
27008,1482517541,12/23/2016 12:00:00 AM,08:25:41,345.32,55.0,30.47,27.0,135.69,13.5,06:54:00,17:50:00
27009,1482517250,12/23/2016 12:00:00 AM,08:20:50,322.95,55.0,30.47,28.0,131.62,16.87,06:54:00,17:50:00
27010,1482516942,12/23/2016 12:00:00 AM,08:15:42,298.75,53.0,30.47,29.0,128.35,13.5,06:54:00,17:50:00
27011,1482516656,12/23/2016 12:00:00 AM,08:10:56,273.89,52.0,30.47,31.0,137.93,4.5,06:54:00,17:50:00
27012,1482516352,12/23/2016 12:00:00 AM,08:05:52,247.83,51.0,30.46,34.0,140.75,5.62,06:54:00,17:50:00
27013,1482516041,12/23/2016 12:00:00 AM,08:00:41,28.72,50.0,30.46,33.0,222.21,3.37,06:54:00,17:50:00
27014,1482515751,12/23/2016 12:00:00 AM,07:55:51,21.78,49.0,30.46,34.0,137.16,6.75,06:54:00,17:50:00
27015,1482515440,12/23/2016 12:00:00 AM,07:50:40,21.07,47.0,30.46,35.0,104.58,10.12,06:54:00,17:50:00
27016,1482515150,12/23/2016 12:00:00 AM,07:45:50,20.43,46.0,30.46,38.0,150.31,4.5,06:54:00,17:50:00
27017,1482514840,12/23/2016 12:00:00 AM,07:40:40,19.69,46.0,30.46,38.0,153.07,5.62,06:54:00,17:50:00
27018,1482514549,12/23/2016 12:00:00 AM,07:35:49,18.9,46.0,30.46,38.0,121.21,5.62,06:54:00,17:50:00
27019,1482514250,12/23/2016 12:00:00 AM,07:30:50,18.1,45.0,30.46,35.0,81.24,9.0,06:54:00,17:50:00
27020,1482513942,12/23/2016 12:00:00 AM,07:25:42,17.12,46.0,30.46,36.0,118.91,6.75,06:54:00,17:50:00
27021,1482513650,12/23/2016 12:00:00 AM,07:20:50,15.93,46.0,30.46,33.0,141.75,5.62,06:54:00,17:50:00
27022,1482513343,12/23/2016 12:00:00 AM,07:15:43,14.62,51.16507236474315,30.46,33.0,167.99,9.0,06:54:00,17:50:00
27023,1482513049,12/23/2016 12:00:00 AM,07:10:49,13.07,45.0,30.46,33.0,174.08,9.0,06:54:00,17:50:00
27024,1482512752,12/23/2016 12:00:00 AM,07:05:52,11.39,45.0,30.46,34.0,137.17,4.5,06:54:00,17:50:00
27025,1482512439,12/23/2016 12:00:00 AM,07:00:39,9.39,46.0,30.45,32.0,149.12,5.62,06:54:00,17:50:00
27026,1482512150,12/23/2016 12:00:00 AM,06:55:50,7.36,46.0,30.45,31.0,147.81,5.62,06:54:00,17:50:00
27027,1482511851,12/23/2016 12:00:00 AM,06:50:51,5.25,46.0,30.45,31.0,166.58,5.62,06:54:00,17:50:00
27028,1482511550,12/23/2016 12:00:00 AM,06:45:50,3.28,46.0,30.45,30.0,170.41,6.75,06:54:00,17:50:00
27029,1482511252,12/23/2016 12:00:00 AM,06:40:52,1.89,45.0,30.45,31.0,183.16,4.5,06:54:00,17:50:00
27030,1482510940,12/23/2016 12:00:00 AM,06:35:40,1.21,45.0,30.45,34.0,152.34,7.87,06:54:00,17:50:00
27031,1482510649,12/23/2016 12:00:00 AM,06:30:49,1.21,45.0,30.45,35.0,179.66,7.87,06:54:00,17:50:00
27032,1482510349,12/23/2016 12:00:00 AM,06:25:49,1.24,45.0,30.45,37.0,115.65,12.37,06:54:00,17:50:00
27033,1482510085,12/23/2016 12:00:00 AM,06:21:25,1.22,45.0,30.45,38.0,136.01,10.12,06:54:00,17:50:00
27034,1482509740,12/23/2016 12:00:00 AM,06:15:40,1.21,45.0,30.44,37.0,131.79,14.62,06:54:00,17:50:00
27035,1482509454,12/23/2016 12:00:00 AM,06:10:54,1.2,45.0,30.44,37.0,132.15,9.0,06:54:00,17:50:00
27036,1482509139,12/23/2016 12:00:00 AM,06:05:39,1.2,45.0,30.44,40.0,162.64,6.75,06:54:00,17:50:00
27037,1482508849,12/23/2016 12:00:00 AM,06:00:49,1.25,45.0,30.44,40.0,140.83,10.12,06:54:00,17:50:00
27038,1482508540,12/23/2016 12:00:00 AM,05:55:40,1.22,45.0,30.44,41.0,156.8,12.37,06:54:00,17:50:00
27039,1482508252,12/23/2016 12:00:00 AM,05:50:52,1.2,45.0,30.44,41.0,101.43,9.0,06:54:00,17:50:00
27040,1482507939,12/23/2016 12:00:00 AM,05:45:39,1.23,45.0,30.44,40.0,135.99,12.37,06:54:00,17:50:00
27041,1482507650,12/23/2016 12:00:00 AM,05:40:50,1.19,45.0,30.44,40.0,97.71,7.87,06:54:00,17:50:00
27042,1482507349,12/23/2016 12:00:00 AM,05:35:49,1.25,45.0,30.44,39.0,187.95,7.87,06:54:00,17:50:00
27043,1482507050,12/23/2016 12:00:00 AM,05:30:50,1.23,45.0,30.44,39.0,126.47,12.37,06:54:00,17:50:00
27044,1482506749,12/23/2016 12:00:00 AM,05:25:49,1.19,45.0,30.43,39.0,141.04,9.0,06:54:00,17:50:00
27045,1482506442,12/23/2016 12:00:00 AM,05:20:42,1.21,45.0,30.43,40.0,163.3,10.12,06:54:00,17:50:00
27046,1482506149,12/23/2016 12:00:00 AM,05:15:49,1.19,45.0,30.43,40.0,124.98,11.25,06:54:00,17:50:00
27047,1482505849,12/23/2016 12:00:00 AM,05:10:49,1.2,44.0,30.43,40.0,127.39,2.25,06:54:00,17:50:00
27048,1482505550,12/23/2016 12:00:00 AM,05:05:50,1.19,45.0,30.43,40.0,160.32,10.12,06:54:00,17:50:00
27049,1482505250,12/23/2016 12:00:00 AM,05:00:50,1.2,45.0,30.43,41.0,106.79,11.25,06:54:00,17:50:00
27050,1482504940,12/23/2016 12:00:00 AM,04:55:40,1.21,44.0,30.43,41.0,110.52,13.5,06:54:00,17:50:00
27051,1482504649,12/23/2016 12:00:00 AM,04:50:49,1.23,44.0,30.43,42.0,135.58,12.37,06:54:00,17:50:00
27052,1482504352,12/23/2016 12:00:00 AM,04:45:52,1.2,44.0,30.43,42.0,143.21,7.87,06:54:00,17:50:00
27053,1482504046,12/23/2016 12:00:00 AM,04:40:46,1.19,44.0,30.43,41.0,149.57,9.0,06:54:00,17:50:00
27054,1482503743,12/23/2016 12:00:00 AM,04:35:43,1.22,45.0,30.43,39.0,140.14,12.37,06:54:00,17:50:00
27055,1482503449,12/23/2016 12:00:00 AM,04:30:49,1.23,45.0,30.43,38.0,160.64,10.12,06:54:00,17:50:00
27056,1482503152,12/23/2016 12:00:00 AM,04:25:52,1.22,45.0,30.43,37.0,156.82,10.12,06:54:00,17:50:00
27057,1482502840,12/23/2016 12:00:00 AM,04:20:40,1.24,45.0,30.43,36.0,129.56,13.5,06:54:00,17:50:00
27058,1482502552,12/23/2016 12:00:00 AM,04:15:52,1.23,46.0,30.43,35.0,138.61,7.87,06:54:00,17:50:00
27059,1482502239,12/23/2016 12:00:00 AM,04:10:39,1.21,46.0,30.43,29.0,69.45,3.37,06:54:00,17:50:00
27060,1482501950,12/23/2016 12:00:00 AM,04:05:50,1.25,45.0,30.43,32.0,130.83,10.12,06:54:00,17:50:00
27061,1482501649,12/23/2016 12:00:00 AM,04:00:49,1.23,45.0,30.43,34.0,126.35,9.0,06:54:00,17:50:00
27062,1482501340,12/23/2016 12:00:00 AM,03:55:40,1.21,45.0,30.43,35.0,134.43,6.75,06:54:00,17:50:00
27063,1482501050,12/23/2016 12:00:00 AM,03:50:50,1.22,45.0,30.43,37.0,152.36,5.62,06:54:00,17:50:00
27064,1482500749,12/23/2016 12:00:00 AM,03:45:49,1.22,45.0,30.43,37.0,149.53,11.25,06:54:00,17:50:00
27065,1482500440,12/23/2016 12:00:00 AM,03:40:40,1.2,45.0,30.43,37.0,121.04,4.5,06:54:00,17:50:00
27066,1482500149,12/23/2016 12:00:00 AM,03:35:49,1.21,45.0,30.43,37.0,165.17,4.5,06:54:00,17:50:00
27067,1482499850,12/23/2016 12:00:00 AM,03:30:50,1.23,44.0,30.43,37.0,104.32,10.12,06:54:00,17:50:00
27068,1482499539,12/23/2016 12:00:00 AM,03:25:39,1.2,45.0,30.43,36.0,128.61,6.75,06:54:00,17:50:00
27069,1482499250,12/23/2016 12:00:00 AM,03:20:50,1.22,45.0,30.43,36.0,147.31,9.0,06:54:00,17:50:00
27070,1482498950,12/23/2016 12:00:00 AM,03:15:50,1.25,45.0,30.43,35.0,132.97,9.0,06:54:00,17:50:00
27071,1482498647,12/23/2016 12:00:00 AM,03:10:47,1.21,46.0,30.43,34.0,99.32,4.5,06:54:00,17:50:00
27072,1482498352,12/23/2016 12:00:00 AM,03:05:52,1.22,46.0,30.43,33.0,130.65,10.12,06:54:00,17:50:00
27073,1482498051,12/23/2016 12:00:00 AM,03:00:51,1.2,46.0,30.43,33.0,129.85,12.37,06:54:00,17:50:00
27074,1482497740,12/23/2016 12:00:00 AM,02:55:40,1.18,45.0,30.43,33.0,147.71,9.0,06:54:00,17:50:00
27075,1482497450,12/23/2016 12:00:00 AM,02:50:50,1.23,46.0,30.43,31.0,124.36,6.75,06:54:00,17:50:00
27076,1482497153,12/23/2016 12:00:00 AM,02:45:53,1.23,46.0,30.43,32.0,123.92,2.25,06:54:00,17:50:00
27077,1482496839,12/23/2016 12:00:00 AM,02:40:39,1.22,46.0,30.43,32.0,127.46,6.75,06:54:00,17:50:00
27078,1482496549,12/23/2016 12:00:00 AM,02:35:49,1.24,46.0,30.43,32.0,89.76,9.0,06:54:00,17:50:00
27079,1482496240,12/23/2016 12:00:00 AM,02:30:40,1.21,47.0,30.43,30.0,71.83,2.25,06:54:00,17:50:00
27080,1482495949,12/23/2016 12:00:00 AM,02:25:49,1.24,47.0,30.43,28.0,103.3,1.12,06:54:00,17:50:00
27081,1482495650,12/23/2016 12:00:00 AM,02:20:50,1.2,47.0,30.43,27.0,121.36,4.5,06:54:00,17:50:00
27082,1482495350,12/23/2016 12:00:00 AM,02:15:50,1.23,48.0,30.43,28.0,162.68,4.5,06:54:00,17:50:00
27083,1482495050,12/23/2016 12:00:00 AM,02:10:50,1.21,48.0,30.44,27.0,137.63,4.5,06:54:00,17:50:00
27084,1482494742,12/23/2016 12:00:00 AM,02:05:42,1.25,48.0,30.44,26.0,114.0,4.5,06:54:00,17:50:00
27085,1482494458,12/23/2016 12:00:00 AM,02:00:58,1.26,48.0,30.44,26.0,156.3,3.37,06:54:00,17:50:00
27086,1482494139,12/23/2016 12:00:00 AM,01:55:39,1.19,48.0,30.44,28.0,145.73,5.62,06:54:00,17:50:00
27087,1482493856,12/23/2016 12:00:00 AM,01:50:56,1.23,48.0,30.44,27.0,144.86,5.62,06:54:00,17:50:00
27088,1482493549,12/23/2016 12:00:00 AM,01:45:49,1.23,48.0,30.44,27.0,161.15,5.62,06:54:00,17:50:00
27089,1482493243,12/23/2016 12:00:00 AM,01:40:43,1.2,48.0,30.44,26.0,183.84,6.75,06:54:00,17:50:00
27090,1482492953,12/23/2016 12:00:00 AM,01:35:53,1.22,48.0,30.44,26.0,147.71,9.0,06:54:00,17:50:00
27091,1482492652,12/23/2016 12:00:00 AM,01:30:52,1.27,48.0,30.44,26.0,159.42,6.75,06:54:00,17:50:00
27092,1482492342,12/23/2016 12:00:00 AM,01:25:42,1.24,48.0,30.44,27.0,142.68,12.37,06:54:00,17:50:00
27093,1482492050,12/23/2016 12:00:00 AM,01:20:50,1.25,48.0,30.44,26.0,185.23,9.0,06:54:00,17:50:00
27094,1482491750,12/23/2016 12:00:00 AM,01:15:50,1.22,48.0,30.44,27.0,150.17,15.75,06:54:00,17:50:00
27095,1482491439,12/23/2016 12:00:00 AM,01:10:39,1.23,48.0,30.45,28.0,144.84,4.5,06:54:00,17:50:00
27096,1482491152,12/23/2016 12:00:00 AM,01:05:52,1.21,48.0,30.44,27.0,152.9,11.25,06:54:00,17:50:00
27097,1482490849,12/23/2016 12:00:00 AM,01:00:49,1.23,48.0,30.45,28.0,116.26,3.37,06:54:00,17:50:00
27098,1482490550,12/23/2016 12:00:00 AM,00:55:50,1.25,48.0,30.45,28.0,169.19,13.5,06:54:00,17:50:00
27099,1482490247,12/23/2016 12:00:00 AM,00:50:47,1.21,48.0,30.45,29.0,135.12,13.5,06:54:00,17:50:00
27100,1482489950,12/23/2016 12:00:00 AM,00:45:50,1.21,48.0,30.45,29.0,144.22,10.12,06:54:00,17:50:00
27101,1482489650,12/23/2016 12:00:00 AM,00:40:50,1.24,48.0,30.45,29.0,146.26,12.37,06:54:00,17:50:00
27102,1482489340,12/23/2016 12:00:00 AM,00:35:40,1.19,49.0,30.45,27.0,172.49,11.25,06:54:00,17:50:00
27103,1482489052,12/23/2016 12:00:00 AM,00:30:52,1.25,49.0,30.45,27.0,162.98,9.0,06:54:00,17:50:00
27104,1482488764,12/23/2016 12:00:00 AM,00:26:04,1.25,48.0,30.45,26.0,181.43,10.12,06:54:00,17:50:00
27105,1482488456,12/23/2016 12:00:00 AM,00:20:56,1.22,48.0,30.45,28.0,164.59,9.0,06:54:00,17:50:00
27106,1482488150,12/23/2016 12:00:00 AM,00:15:50,1.23,48.0,30.45,28.0,149.72,11.25,06:54:00,17:50:00
27107,1482487879,12/23/2016 12:00:00 AM,00:11:19,1.22,48.0,30.45,27.0,149.45,9.0,06:54:00,17:50:00
27108,1482487553,12/23/2016 12:00:00 AM,00:05:53,1.2,49.0,30.45,28.0,148.94,6.75,06:54:00,17:50:00
27109,1482487249,12/23/2016 12:00:00 AM,00:00:49,1.25,49.0,30.45,27.0,168.78,4.5,06:54:00,17:50:00
27110,1482486949,12/22/2016 12:00:00 AM,23:55:49,1.22,49.0,30.45,27.0,132.04,6.75,06:53:00,17:49:00
27111,1482486644,12/22/2016 12:00:00 AM,23:50:44,1.24,49.0,30.45,26.0,170.13,9.0,06:53:00,17:49:00
27112,1482486350,12/22/2016 12:00:00 AM,23:45:50,1.24,51.16507236474315,30.45,27.0,166.13,9.0,06:53:00,17:49:00
27113,1482486039,12/22/2016 12:00:00 AM,23:40:39,1.25,49.0,30.45,26.0,190.21,9.0,06:53:00,17:49:00
27114,1482485749,12/22/2016 12:00:00 AM,23:35:49,1.24,49.0,30.45,27.0,166.22,5.62,06:53:00,17:49:00
27115,1482485439,12/22/2016 12:00:00 AM,23:30:39,1.22,49.0,30.45,26.0,167.88,10.12,06:53:00,17:49:00
27116,1482485152,12/22/2016 12:00:00 AM,23:25:52,1.23,49.0,30.45,27.0,158.38,7.87,06:53:00,17:49:00
27117,1482484854,12/22/2016 12:00:00 AM,23:20:54,1.24,49.0,30.45,24.0,179.85,7.87,06:53:00,17:49:00
27118,1482484544,12/22/2016 12:00:00 AM,23:15:44,1.24,49.0,30.45,26.0,167.32,12.37,06:53:00,17:49:00
27119,1482484250,12/22/2016 12:00:00 AM,23:10:50,1.26,49.0,30.45,26.0,141.65,6.75,06:53:00,17:49:00
27120,1482483939,12/22/2016 12:00:00 AM,23:05:39,1.26,49.0,30.45,27.0,149.59,3.37,06:53:00,17:49:00
27121,1482483649,12/22/2016 12:00:00 AM,23:00:49,1.24,49.0,30.46,28.0,172.73,3.37,06:53:00,17:49:00
27122,1482483349,12/22/2016 12:00:00 AM,22:55:49,1.22,49.0,30.46,27.0,152.42,10.12,06:53:00,17:49:00
27123,1482483040,12/22/2016 12:00:00 AM,22:50:40,1.23,49.0,30.45,28.0,175.5,12.37,06:53:00,17:49:00
27124,1482482751,12/22/2016 12:00:00 AM,22:45:51,1.23,49.0,30.45,29.0,160.98,11.25,06:53:00,17:49:00
27125,1482482452,12/22/2016 12:00:00 AM,22:40:52,1.25,49.0,30.46,29.0,152.77,11.25,06:53:00,17:49:00
27126,1482482141,12/22/2016 12:00:00 AM,22:35:41,1.24,48.0,30.46,28.0,176.0,9.0,06:53:00,17:49:00
27127,1482481850,12/22/2016 12:00:00 AM,22:30:50,1.21,48.0,30.46,29.0,166.16,10.12,06:53:00,17:49:00
27128,1482481553,12/22/2016 12:00:00 AM,22:25:53,1.24,48.0,30.46,30.0,161.85,9.0,06:53:00,17:49:00
27129,1482481249,12/22/2016 12:00:00 AM,22:20:49,1.22,49.0,30.45,29.0,156.55,10.12,06:53:00,17:49:00
27130,1482480949,12/22/2016 12:00:00 AM,22:15:49,1.23,49.0,30.45,29.0,174.14,7.87,06:53:00,17:49:00
27131,1482480640,12/22/2016 12:00:00 AM,22:10:40,1.25,49.0,30.45,30.0,152.45,9.0,06:53:00,17:49:00
27132,1482480339,12/22/2016 12:00:00 AM,22:05:39,1.23,49.0,30.46,30.0,153.4,7.87,06:53:00,17:49:00
27133,1482480049,12/22/2016 12:00:00 AM,22:00:49,1.26,49.0,30.46,29.0,176.49,10.12,06:53:00,17:49:00
27134,1482479753,12/22/2016 12:00:00 AM,21:55:53,1.24,49.0,30.46,29.0,164.93,13.5,06:53:00,17:49:00
27135,1482479450,12/22/2016 12:00:00 AM,21:50:50,1.24,49.0,30.46,29.0,149.17,14.62,06:53:00,17:49:00
27136,1482479149,12/22/2016 12:00:00 AM,21:45:49,1.26,50.0,30.46,29.0,158.43,9.0,06:53:00,17:49:00
27137,1482478858,12/22/2016 12:00:00 AM,21:40:58,1.21,50.0,30.46,28.0,171.96,9.0,06:53:00,17:49:00
27138,1482478549,12/22/2016 12:00:00 AM,21:35:49,1.25,50.0,30.46,29.0,153.51,10.12,06:53:00,17:49:00
27139,1482478256,12/22/2016 12:00:00 AM,21:30:56,1.22,50.0,30.46,30.0,166.79,9.0,06:53:00,17:49:00
27140,1482477943,12/22/2016 12:00:00 AM,21:25:43,1.24,50.0,30.46,28.0,145.45,13.5,06:53:00,17:49:00
27141,1482477652,12/22/2016 12:00:00 AM,21:20:52,1.26,51.0,30.46,28.0,188.14,12.37,06:53:00,17:49:00
27142,1482477379,12/22/2016 12:00:00 AM,21:16:19,1.25,51.0,30.46,27.0,158.19,12.37,06:53:00,17:49:00
27143,1482477039,12/22/2016 12:00:00 AM,21:10:39,1.23,51.0,30.46,27.0,153.99,13.5,06:53:00,17:49:00
27144,1482476750,12/22/2016 12:00:00 AM,21:05:50,1.26,51.0,30.46,27.0,161.86,11.25,06:53:00,17:49:00
27145,1482476449,12/22/2016 12:00:00 AM,21:00:49,1.26,51.0,30.46,27.0,155.39,15.75,06:53:00,17:49:00
27146,1482476145,12/22/2016 12:00:00 AM,20:55:45,1.22,51.0,30.46,27.0,148.82,16.87,06:53:00,17:49:00
27147,1482475850,12/22/2016 12:00:00 AM,20:50:50,1.26,51.0,30.46,27.0,151.05,14.62,06:53:00,17:49:00
27148,1482475549,12/22/2016 12:00:00 AM,20:45:49,1.23,50.0,30.45,28.0,163.24,9.0,06:53:00,17:49:00
27149,1482475239,12/22/2016 12:00:00 AM,20:40:39,1.24,50.0,30.45,29.0,169.58,13.5,06:53:00,17:49:00
27150,1482474950,12/22/2016 12:00:00 AM,20:35:50,1.25,50.0,30.46,29.0,149.07,9.0,06:53:00,17:49:00
27151,1482474642,12/22/2016 12:00:00 AM,20:30:42,1.2,50.0,30.45,29.0,141.96,11.25,06:53:00,17:49:00
27152,1482474352,12/22/2016 12:00:00 AM,20:25:52,1.26,50.0,30.45,29.0,159.33,10.12,06:53:00,17:49:00
27153,1482474039,12/22/2016 12:00:00 AM,20:20:39,1.23,50.0,30.45,29.0,187.45,13.5,06:53:00,17:49:00
27154,1482473753,12/22/2016 12:00:00 AM,20:15:53,1.23,50.0,30.45,29.0,163.24,13.5,06:53:00,17:49:00
27155,1482473449,12/22/2016 12:00:00 AM,20:10:49,1.25,50.0,30.45,29.0,189.14,13.5,06:53:00,17:49:00
27156,1482473139,12/22/2016 12:00:00 AM,20:05:39,1.25,50.0,30.45,29.0,151.04,13.5,06:53:00,17:49:00
27157,1482472853,12/22/2016 12:00:00 AM,20:00:53,1.27,51.0,30.45,28.0,152.93,13.5,06:53:00,17:49:00
27158,1482472542,12/22/2016 12:00:00 AM,19:55:42,1.25,51.0,30.45,27.0,166.08,15.75,06:53:00,17:49:00
27159,1482472249,12/22/2016 12:00:00 AM,19:50:49,1.26,50.0,30.45,27.0,168.4,14.62,06:53:00,17:49:00
27160,1482471940,12/22/2016 12:00:00 AM,19:45:40,1.26,50.0,30.45,26.0,172.12,13.5,06:53:00,17:49:00
27161,1482471649,12/22/2016 12:00:00 AM,19:40:49,1.27,50.0,30.45,26.0,156.57,6.75,06:53:00,17:49:00
27162,1482471349,12/22/2016 12:00:00 AM,19:35:49,1.25,51.0,30.45,26.0,166.53,2.25,06:53:00,17:49:00
27163,1482471053,12/22/2016 12:00:00 AM,19:30:53,1.26,51.0,30.45,25.0,182.01,7.87,06:53:00,17:49:00
27164,1482470749,12/22/2016 12:00:00 AM,19:25:49,1.24,51.0,30.45,24.0,168.71,9.0,06:53:00,17:49:00
27165,1482470450,12/22/2016 12:00:00 AM,19:20:50,1.24,51.0,30.45,23.0,190.09,9.0,06:53:00,17:49:00
27166,1482470150,12/22/2016 12:00:00 AM,19:15:50,1.23,50.0,30.45,26.0,143.04,9.0,06:53:00,17:49:00
27167,1482469839,12/22/2016 12:00:00 AM,19:10:39,1.25,50.0,30.45,27.0,100.19,12.37,06:53:00,17:49:00
27168,1482469549,12/22/2016 12:00:00 AM,19:05:49,1.23,50.0,30.44,29.0,169.78,10.12,06:53:00,17:49:00
27169,1482469251,12/22/2016 12:00:00 AM,19:00:51,1.26,51.0,30.44,29.0,154.88,14.62,06:53:00,17:49:00
27170,1482468950,12/22/2016 12:00:00 AM,18:55:50,1.22,51.0,30.44,28.0,158.07,12.37,06:53:00,17:49:00
27171,1482468649,12/22/2016 12:00:00 AM,18:50:49,1.23,51.0,30.44,27.0,177.14,10.12,06:53:00,17:49:00
27172,1482468340,12/22/2016 12:00:00 AM,18:45:40,1.26,51.0,30.44,27.0,150.21,11.25,06:53:00,17:49:00
27173,1482468049,12/22/2016 12:00:00 AM,18:40:49,1.23,51.0,30.44,30.0,166.6,10.12,06:53:00,17:49:00
27174,1482467739,12/22/2016 12:00:00 AM,18:35:39,1.26,51.0,30.44,29.0,159.72,9.0,06:53:00,17:49:00
27175,1482467458,12/22/2016 12:00:00 AM,18:30:58,1.24,51.0,30.44,29.0,155.45,6.75,06:53:00,17:49:00
27176,1482467149,12/22/2016 12:00:00 AM,18:25:49,1.23,51.0,30.44,29.0,151.77,6.75,06:53:00,17:49:00
27177,1482466849,12/22/2016 12:00:00 AM,18:20:49,1.26,52.0,30.43,29.0,145.01,10.12,06:53:00,17:49:00
27178,1482466549,12/22/2016 12:00:00 AM,18:15:49,1.22,52.0,30.43,28.0,172.14,14.62,06:53:00,17:49:00
27179,1482466240,12/22/2016 12:00:00 AM,18:10:40,1.21,52.0,30.43,27.0,196.99,10.12,06:53:00,17:49:00
27180,1482465955,12/22/2016 12:00:00 AM,18:05:55,1.29,53.0,30.43,27.0,148.59,15.75,06:53:00,17:49:00
27181,1482465650,12/22/2016 12:00:00 AM,18:00:50,2.16,53.0,30.43,27.0,189.04,11.25,06:53:00,17:49:00
27182,1482465352,12/22/2016 12:00:00 AM,17:55:52,3.72,53.0,30.43,26.0,162.57,10.12,06:53:00,17:49:00
27183,1482465039,12/22/2016 12:00:00 AM,17:50:39,5.72,54.0,30.43,27.0,136.34,5.62,06:53:00,17:49:00
27184,1482464752,12/22/2016 12:00:00 AM,17:45:52,7.74,55.0,30.43,26.0,125.72,10.12,06:53:00,17:49:00
27185,1482464450,12/22/2016 12:00:00 AM,17:40:50,9.84,55.0,30.43,26.0,121.72,4.5,06:53:00,17:49:00
27186,1482464141,12/22/2016 12:00:00 AM,17:35:41,12.01,56.0,30.43,24.0,133.38,11.25,06:53:00,17:49:00
27187,1482463849,12/22/2016 12:00:00 AM,17:30:49,18.72,57.0,30.43,23.0,115.87,10.12,06:53:00,17:49:00
27188,1482463561,12/22/2016 12:00:00 AM,17:26:01,32.14,57.0,30.43,23.0,122.42,7.87,06:53:00,17:49:00
27189,1482463250,12/22/2016 12:00:00 AM,17:20:50,46.52,57.0,30.43,23.0,116.45,7.87,06:53:00,17:49:00
27190,1482462962,12/22/2016 12:00:00 AM,17:16:02,64.28,57.0,30.43,22.0,105.27,10.12,06:53:00,17:49:00
27191,1482462641,12/22/2016 12:00:00 AM,17:10:41,86.06,57.0,30.42,25.0,128.91,12.37,06:53:00,17:49:00
27192,1482462350,12/22/2016 12:00:00 AM,17:05:50,106.75,56.0,30.42,31.0,101.55,5.62,06:53:00,17:49:00
27193,1482462049,12/22/2016 12:00:00 AM,17:00:49,129.12,56.0,30.42,78.0,76.29,3.37,06:53:00,17:49:00
27194,1482461749,12/22/2016 12:00:00 AM,16:55:49,154.25,56.0,30.42,71.0,51.66,5.62,06:53:00,17:49:00
27195,1482461450,12/22/2016 12:00:00 AM,16:50:50,179.62,56.0,30.42,69.0,144.72,2.25,06:53:00,17:49:00
27196,1482461149,12/22/2016 12:00:00 AM,16:45:49,205.26,57.0,30.42,73.0,78.64,2.25,06:53:00,17:49:00
27197,1482460840,12/22/2016 12:00:00 AM,16:40:40,234.04,58.0,30.42,70.0,79.26,5.62,06:53:00,17:49:00
27198,1482460553,12/22/2016 12:00:00 AM,16:35:53,260.78,58.0,30.42,37.0,159.32,3.37,06:53:00,17:49:00
27199,1482460239,12/22/2016 12:00:00 AM,16:30:39,286.17,57.0,30.42,68.0,29.4,2.25,06:53:00,17:49:00
27200,1482459950,12/22/2016 12:00:00 AM,16:25:50,310.35,56.0,30.41,52.0,130.77,2.25,06:53:00,17:49:00
27201,1482459649,12/22/2016 12:00:00 AM,16:20:49,333.7,55.0,30.41,79.0,63.51,3.37,06:53:00,17:49:00
27202,1482459342,12/22/2016 12:00:00 AM,16:15:42,355.39,55.0,30.41,83.0,44.12,3.37,06:53:00,17:49:00
27203,1482459053,12/22/2016 12:00:00 AM,16:10:53,374.03,55.0,30.41,82.0,352.99,9.0,06:53:00,17:49:00
27204,1482458751,12/22/2016 12:00:00 AM,16:05:51,392.06,56.0,30.41,81.0,26.69,5.62,06:53:00,17:49:00
27205,1482458449,12/22/2016 12:00:00 AM,16:00:49,411.26,56.0,30.41,82.0,49.77,11.25,06:53:00,17:49:00
27206,1482458157,12/22/2016 12:00:00 AM,15:55:57,428.56,56.0,30.41,80.0,33.75,6.75,06:53:00,17:49:00
27207,1482457843,12/22/2016 12:00:00 AM,15:50:43,448.62,56.0,30.41,80.0,96.48,11.25,06:53:00,17:49:00
27208,1482457549,12/22/2016 12:00:00 AM,15:45:49,465.88,56.0,30.41,80.0,45.75,5.62,06:53:00,17:49:00
27209,1482457250,12/22/2016 12:00:00 AM,15:40:50,483.19,56.0,30.41,77.0,60.39,13.5,06:53:00,17:49:00
27210,1482456940,12/22/2016 12:00:00 AM,15:35:40,502.28,56.0,30.4,72.0,52.03,13.5,06:53:00,17:49:00
27211,1482456649,12/22/2016 12:00:00 AM,15:30:49,518.5,56.0,30.41,79.0,60.42,5.62,06:53:00,17:49:00
27212,1482456340,12/22/2016 12:00:00 AM,15:25:40,534.78,56.0,30.41,80.0,64.92,11.25,06:53:00,17:49:00
27213,1482456050,12/22/2016 12:00:00 AM,15:20:50,551.85,56.0,30.41,78.0,22.07,5.62,06:53:00,17:49:00
27214,1482455739,12/22/2016 12:00:00 AM,15:15:39,567.47,57.0,30.4,79.0,23.88,6.75,06:53:00,17:49:00
27215,1482455450,12/22/2016 12:00:00 AM,15:10:50,583.4,58.0,30.4,76.0,67.11,9.0,06:53:00,17:49:00
27216,1482455149,12/22/2016 12:00:00 AM,15:05:49,597.25,59.0,30.41,72.0,6.75,9.0,06:53:00,17:49:00
27217,1482454849,12/22/2016 12:00:00 AM,15:00:49,613.07,59.0,30.4,63.0,48.72,6.75,06:53:00,17:49:00
27218,1482454549,12/22/2016 12:00:00 AM,14:55:49,628.85,59.0,30.4,66.0,51.69,5.62,06:53:00,17:49:00
27219,1482454249,12/22/2016 12:00:00 AM,14:50:49,642.39,59.0,30.4,58.0,56.35,9.0,06:53:00,17:49:00
27220,1482453939,12/22/2016 12:00:00 AM,14:45:39,657.34,59.0,30.4,59.0,66.8,18.0,06:53:00,17:49:00
27221,1482453649,12/22/2016 12:00:00 AM,14:40:49,672.31,60.0,30.4,56.0,33.06,9.0,06:53:00,17:49:00
27222,1482453350,12/22/2016 12:00:00 AM,14:35:50,684.83,59.0,30.4,49.0,85.36,3.37,06:53:00,17:49:00
27223,1482453039,12/22/2016 12:00:00 AM,14:30:39,697.04,59.0,30.4,51.0,230.78,5.62,06:53:00,17:49:00
27224,1482452749,12/22/2016 12:00:00 AM,14:25:49,708.27,60.0,30.4,56.0,348.34,7.87,06:53:00,17:49:00
27225,1482452439,12/22/2016 12:00:00 AM,14:20:39,722.8,60.0,30.4,59.0,51.23,5.62,06:53:00,17:49:00
27226,1482452150,12/22/2016 12:00:00 AM,14:15:50,732.74,59.0,30.4,46.0,104.87,6.75,06:53:00,17:49:00
27227,1482451850,12/22/2016 12:00:00 AM,14:10:50,741.53,59.0,30.4,64.0,112.35,14.62,06:53:00,17:49:00
27228,1482451540,12/22/2016 12:00:00 AM,14:05:40,752.47,60.0,30.4,62.0,19.82,6.75,06:53:00,17:49:00
27229,1482451249,12/22/2016 12:00:00 AM,14:00:49,763.79,59.0,30.4,56.0,131.73,5.62,06:53:00,17:49:00
27230,1482450955,12/22/2016 12:00:00 AM,13:55:55,770.97,60.0,30.4,61.0,59.85,13.5,06:53:00,17:49:00
27231,1482450639,12/22/2016 12:00:00 AM,13:50:39,784.09,59.0,30.4,49.0,100.93,11.25,06:53:00,17:49:00
27232,1482450349,12/22/2016 12:00:00 AM,13:45:49,789.15,59.0,30.41,69.0,349.61,5.62,06:53:00,17:49:00
27233,1482450040,12/22/2016 12:00:00 AM,13:40:40,798.32,59.0,30.41,64.0,79.51,14.62,06:53:00,17:49:00
27234,1482449749,12/22/2016 12:00:00 AM,13:35:49,804.15,60.0,30.41,64.0,20.78,10.12,06:53:00,17:49:00
27235,1482449439,12/22/2016 12:00:00 AM,13:30:39,813.95,60.0,30.41,60.0,290.62,6.75,06:53:00,17:49:00
27236,1482449150,12/22/2016 12:00:00 AM,13:25:50,821.28,60.0,30.41,49.0,61.65,12.37,06:53:00,17:49:00
27237,1482448849,12/22/2016 12:00:00 AM,13:20:49,827.04,59.0,30.41,61.0,8.82,10.12,06:53:00,17:49:00
27238,1482448549,12/22/2016 12:00:00 AM,13:15:49,832.23,59.0,30.41,64.0,21.43,7.87,06:53:00,17:49:00
27239,1482448253,12/22/2016 12:00:00 AM,13:10:53,836.63,59.0,30.41,53.0,99.16,14.62,06:53:00,17:49:00
27240,1482447950,12/22/2016 12:00:00 AM,13:05:50,842.53,59.0,30.41,67.0,32.4,4.5,06:53:00,17:49:00
27241,1482447642,12/22/2016 12:00:00 AM,13:00:42,845.78,59.0,30.41,71.0,23.29,7.87,06:53:00,17:49:00
27242,1482447353,12/22/2016 12:00:00 AM,12:55:53,848.52,58.0,30.41,72.0,80.55,12.37,06:53:00,17:49:00
27243,1482447050,12/22/2016 12:00:00 AM,12:50:50,851.96,58.0,30.42,77.0,57.33,11.25,06:53:00,17:49:00
27244,1482446749,12/22/2016 12:00:00 AM,12:45:49,855.29,58.0,30.42,79.0,42.61,6.75,06:53:00,17:49:00
27245,1482446449,12/22/2016 12:00:00 AM,12:40:49,854.58,58.0,30.42,80.0,357.89,10.12,06:53:00,17:49:00
27246,1482446139,12/22/2016 12:00:00 AM,12:35:39,854.18,57.0,30.42,82.0,346.25,1.12,06:53:00,17:49:00
27247,1482445849,12/22/2016 12:00:00 AM,12:30:49,856.51,57.0,30.42,80.0,41.7,9.0,06:53:00,17:49:00
27248,1482445556,12/22/2016 12:00:00 AM,12:25:56,856.1,57.0,30.42,83.0,344.7,9.0,06:53:00,17:49:00
27249,1482445249,12/22/2016 12:00:00 AM,12:20:49,858.97,57.0,30.43,83.0,82.95,9.0,06:53:00,17:49:00
27250,1482444949,12/22/2016 12:00:00 AM,12:15:49,852.45,57.0,30.43,84.0,6.21,9.0,06:53:00,17:49:00
27251,1482444649,12/22/2016 12:00:00 AM,12:10:49,854.08,57.0,30.43,86.0,355.13,9.0,06:53:00,17:49:00
27252,1482444349,12/22/2016 12:00:00 AM,12:05:49,850.71,57.0,30.43,84.0,13.15,5.62,06:53:00,17:49:00
27253,1482444040,12/22/2016 12:00:00 AM,12:00:40,850.41,57.0,30.44,85.0,347.46,4.5,06:53:00,17:49:00
27254,1482443753,12/22/2016 12:00:00 AM,11:55:53,832.77,57.0,30.44,87.0,332.67,11.25,06:53:00,17:49:00
27255,1482443449,12/22/2016 12:00:00 AM,11:50:49,845.34,57.0,30.44,83.0,70.54,12.37,06:53:00,17:49:00
27256,1482443149,12/22/2016 12:00:00 AM,11:45:49,839.76,57.0,30.44,82.0,359.82,5.62,06:53:00,17:49:00
27257,1482442856,12/22/2016 12:00:00 AM,11:40:56,837.16,51.16507236474315,30.44,81.0,87.59,4.5,06:53:00,17:49:00
27258,1482442543,12/22/2016 12:00:00 AM,11:35:43,834.65,57.0,30.44,81.0,333.33,2.25,06:53:00,17:49:00
27259,1482442249,12/22/2016 12:00:00 AM,11:30:49,830.02,57.0,30.44,82.0,86.74,11.25,06:53:00,17:49:00
27260,1482441950,12/22/2016 12:00:00 AM,11:25:50,824.49,57.0,30.45,82.0,359.81,2.25,06:53:00,17:49:00
27261,1482441649,12/22/2016 12:00:00 AM,11:20:49,818.99,57.0,30.45,81.0,143.54770303349548,10.12,06:53:00,17:49:00
27262,1482441372,12/22/2016 12:00:00 AM,11:16:12,813.38,58.0,30.45,77.0,76.07,6.75,06:53:00,17:49:00
27263,1482441051,12/22/2016 12:00:00 AM,11:10:51,808.01,57.0,30.45,78.0,32.19,5.62,06:53:00,17:49:00
27264,1482440750,12/22/2016 12:00:00 AM,11:05:50,799.73,57.0,30.45,81.0,101.76,9.0,06:53:00,17:49:00
27265,1482440449,12/22/2016 12:00:00 AM,11:00:49,792.95,58.0,30.45,80.0,16.76,5.62,06:53:00,17:49:00
27266,1482440149,12/22/2016 12:00:00 AM,10:55:49,785.14,57.0,30.45,81.0,93.7,11.25,06:53:00,17:49:00
27267,1482439849,12/22/2016 12:00:00 AM,10:50:49,777.13,57.0,30.45,80.0,148.4,6.75,06:53:00,17:49:00
27268,1482439542,12/22/2016 12:00:00 AM,10:45:42,767.86,57.0,30.45,81.0,77.03,5.62,06:53:00,17:49:00
27269,1482439249,12/22/2016 12:00:00 AM,10:40:49,757.72,57.0,30.45,80.0,71.19,6.75,06:53:00,17:49:00
27270,1482438949,12/22/2016 12:00:00 AM,10:35:49,746.92,56.0,30.46,77.0,87.45,6.75,06:53:00,17:49:00
27271,1482438650,12/22/2016 12:00:00 AM,10:30:50,735.07,56.0,30.46,80.0,71.96,7.87,06:53:00,17:49:00
27272,1482438349,12/22/2016 12:00:00 AM,10:25:49,724.66,56.0,30.46,81.0,52.43,5.62,06:53:00,17:49:00
27273,1482438040,12/22/2016 12:00:00 AM,10:20:40,711.99,56.0,30.46,80.0,58.69,7.87,06:53:00,17:49:00
27274,1482437750,12/22/2016 12:00:00 AM,10:15:50,700.43,56.0,30.46,78.0,57.03,13.5,06:53:00,17:49:00
27275,1482437450,12/22/2016 12:00:00 AM,10:10:50,688.53,56.0,30.46,78.0,10.62,3.37,06:53:00,17:49:00
27276,1482437142,12/22/2016 12:00:00 AM,10:05:42,674.73,55.0,30.45,78.0,165.57,3.37,06:53:00,17:49:00
27277,1482436850,12/22/2016 12:00:00 AM,10:00:50,663.6,55.0,30.46,77.0,183.63,7.87,06:53:00,17:49:00
27278,1482436550,12/22/2016 12:00:00 AM,09:55:50,648.01,56.0,30.46,76.0,91.04,4.5,06:53:00,17:49:00
27279,1482436240,12/22/2016 12:00:00 AM,09:50:40,634.4,57.0,30.46,71.0,110.96,5.62,06:53:00,17:49:00
27280,1482435950,12/22/2016 12:00:00 AM,09:45:50,622.03,57.0,30.45,61.0,105.93,4.5,06:53:00,17:49:00
27281,1482435650,12/22/2016 12:00:00 AM,09:40:50,607.3,56.0,30.45,62.0,49.42,9.0,06:53:00,17:49:00
27282,1482435349,12/22/2016 12:00:00 AM,09:35:49,591.46,55.0,30.45,64.0,89.97,5.62,06:53:00,17:49:00
27283,1482435051,12/22/2016 12:00:00 AM,09:30:51,576.01,54.0,30.45,70.0,88.79,11.25,06:53:00,17:49:00
27284,1482434739,12/22/2016 12:00:00 AM,09:25:39,558.74,53.0,30.45,75.0,20.83,3.37,06:53:00,17:49:00
27285,1482434451,12/22/2016 12:00:00 AM,09:20:51,543.48,53.0,30.45,76.0,104.61,7.87,06:53:00,17:49:00
27286,1482434150,12/22/2016 12:00:00 AM,09:15:50,527.48,52.0,30.45,77.0,80.19,5.62,06:53:00,17:49:00
27287,1482433549,12/22/2016 12:00:00 AM,09:05:49,492.3,52.0,30.45,78.0,126.1,5.62,06:53:00,17:49:00
27288,1482433252,12/22/2016 12:00:00 AM,09:00:52,476.64,52.0,30.45,74.0,73.44,9.0,06:53:00,17:49:00
27289,1482432949,12/22/2016 12:00:00 AM,08:55:49,458.99,52.0,30.45,73.0,68.87,5.62,06:53:00,17:49:00
27290,1482432649,12/22/2016 12:00:00 AM,08:50:49,440.67,52.0,30.45,67.0,80.92,11.25,06:53:00,17:49:00
27291,1482432342,12/22/2016 12:00:00 AM,08:45:42,422.66,52.0,30.45,57.0,109.48,3.37,06:53:00,17:49:00
27292,1482432049,12/22/2016 12:00:00 AM,08:40:49,403.81,52.0,30.45,53.0,134.45,6.75,06:53:00,17:49:00
27293,1482431755,12/22/2016 12:00:00 AM,08:35:55,386.89,53.0,30.45,44.0,53.75,6.75,06:53:00,17:49:00
27294,1482431440,12/22/2016 12:00:00 AM,08:30:40,366.76,53.0,30.45,33.0,25.5,5.62,06:53:00,17:49:00
27295,1482431150,12/22/2016 12:00:00 AM,08:25:50,347.4,53.0,30.45,32.0,110.31,5.62,06:53:00,17:49:00
27296,1482430849,12/22/2016 12:00:00 AM,08:20:49,325.24,54.0,30.44,32.0,141.3,6.75,06:53:00,17:49:00
27297,1482430549,12/22/2016 12:00:00 AM,08:15:49,300.42,54.0,30.44,30.0,76.53,2.25,06:53:00,17:49:00
27298,1482430240,12/22/2016 12:00:00 AM,08:10:40,275.69,52.0,30.44,26.0,121.4,5.62,06:53:00,17:49:00
27299,1482429949,12/22/2016 12:00:00 AM,08:05:49,249.83,51.16507236474315,30.44,28.0,190.56,9.0,06:53:00,17:49:00
27300,1482429669,12/22/2016 12:00:00 AM,08:01:09,107.29,50.0,30.44,29.0,187.23,6.75,06:53:00,17:49:00
27301,1482429340,12/22/2016 12:00:00 AM,07:55:40,22.37,49.0,30.44,31.0,180.72,9.0,06:53:00,17:49:00
27302,1482429050,12/22/2016 12:00:00 AM,07:50:50,21.64,48.0,30.44,31.0,145.77,7.87,06:53:00,17:49:00
27303,1482428740,12/22/2016 12:00:00 AM,07:45:40,20.98,48.0,30.44,34.0,181.14,6.75,06:53:00,17:49:00
27304,1482428450,12/22/2016 12:00:00 AM,07:40:50,20.23,47.0,30.44,36.0,193.79,5.62,06:53:00,17:49:00
27305,1482428180,12/22/2016 12:00:00 AM,07:36:20,19.53,47.0,30.43,35.0,186.34,6.75,06:53:00,17:49:00
27306,1482427850,12/22/2016 12:00:00 AM,07:30:50,18.51,47.0,30.43,36.0,186.61,9.0,06:53:00,17:49:00
27307,1482427539,12/22/2016 12:00:00 AM,07:25:39,17.44,46.0,30.43,37.0,194.76,10.12,06:53:00,17:49:00
27308,1482427249,12/22/2016 12:00:00 AM,07:20:49,16.28,46.0,30.43,37.0,185.59,12.37,06:53:00,17:49:00
27309,1482426939,12/22/2016 12:00:00 AM,07:15:39,14.87,46.0,30.43,38.0,191.08,11.25,06:53:00,17:49:00
27310,1482426653,12/22/2016 12:00:00 AM,07:10:53,13.3,45.0,30.43,38.0,195.71,9.0,06:53:00,17:49:00
27311,1482426351,12/22/2016 12:00:00 AM,07:05:51,11.55,45.0,30.43,38.0,192.29,9.0,06:53:00,17:49:00
27312,1482426039,12/22/2016 12:00:00 AM,07:00:39,9.47,45.0,30.43,39.0,204.31,9.0,06:53:00,17:49:00
27313,1482425751,12/22/2016 12:00:00 AM,06:55:51,7.46,45.0,30.42,39.0,192.72,11.25,06:53:00,17:49:00
27314,1482425439,12/22/2016 12:00:00 AM,06:50:39,5.33,45.0,30.42,39.0,192.95,11.25,06:53:00,17:49:00
27315,1482425149,12/22/2016 12:00:00 AM,06:45:49,3.41,45.0,30.42,38.0,171.54,11.25,06:53:00,17:49:00
27316,1482424849,12/22/2016 12:00:00 AM,06:40:49,1.91,46.0,30.42,37.0,190.0,12.37,06:53:00,17:49:00
27317,1482424549,12/22/2016 12:00:00 AM,06:35:49,1.25,46.0,30.42,36.0,189.44,12.37,06:53:00,17:49:00
27318,1482424250,12/22/2016 12:00:00 AM,06:30:50,1.22,45.0,30.42,36.0,186.96,10.12,06:53:00,17:49:00
27319,1482423949,12/22/2016 12:00:00 AM,06:25:49,1.2,45.0,30.42,38.0,170.05,9.0,06:53:00,17:49:00
27320,1482423650,12/22/2016 12:00:00 AM,06:20:50,1.22,45.0,30.42,41.0,167.44,11.25,06:53:00,17:49:00
27321,1482423350,12/22/2016 12:00:00 AM,06:15:50,1.24,44.0,30.42,42.0,146.36,10.12,06:53:00,17:49:00
27322,1482423041,12/22/2016 12:00:00 AM,06:10:41,1.23,44.0,30.42,43.0,154.1,6.75,06:53:00,17:49:00
27323,1482422750,12/22/2016 12:00:00 AM,06:05:50,1.22,44.0,30.42,44.0,157.64,7.87,06:53:00,17:49:00
27324,1482422450,12/22/2016 12:00:00 AM,06:00:50,1.23,44.0,30.42,46.0,160.55,6.75,06:53:00,17:49:00
27325,1482422149,12/22/2016 12:00:00 AM,05:55:49,1.23,44.0,30.41,44.0,156.24,9.0,06:53:00,17:49:00
27326,1482421850,12/22/2016 12:00:00 AM,05:50:50,1.19,44.0,30.41,49.0,170.46,6.75,06:53:00,17:49:00
27327,1482421550,12/22/2016 12:00:00 AM,05:45:50,1.25,44.0,30.41,46.0,190.95,9.0,06:53:00,17:49:00
27328,1482421252,12/22/2016 12:00:00 AM,05:40:52,1.21,44.0,30.41,46.0,179.32,6.75,06:53:00,17:49:00
27329,1482420939,12/22/2016 12:00:00 AM,05:35:39,1.22,44.0,30.41,46.0,166.31,10.12,06:53:00,17:49:00
27330,1482420650,12/22/2016 12:00:00 AM,05:30:50,1.23,44.0,30.4,47.0,169.44,6.75,06:53:00,17:49:00
27331,1482420340,12/22/2016 12:00:00 AM,05:25:40,1.2,44.0,30.4,43.0,190.6,11.25,06:53:00,17:49:00
27332,1482420054,12/22/2016 12:00:00 AM,05:20:54,1.24,44.0,30.4,45.0,178.99,11.25,06:53:00,17:49:00
27333,1482419749,12/22/2016 12:00:00 AM,05:15:49,1.25,45.0,30.4,43.0,185.47,9.0,06:53:00,17:49:00
27334,1482419441,12/22/2016 12:00:00 AM,05:10:41,1.21,45.0,30.4,43.0,173.24,6.75,06:53:00,17:49:00
27335,1482419156,12/22/2016 12:00:00 AM,05:05:56,1.21,45.0,30.4,42.0,167.21,5.62,06:53:00,17:49:00
27336,1482418850,12/22/2016 12:00:00 AM,05:00:50,1.22,45.0,30.4,38.0,151.16,6.75,06:53:00,17:49:00
27337,1482418540,12/22/2016 12:00:00 AM,04:55:40,1.2,45.0,30.4,39.0,155.8,6.75,06:53:00,17:49:00
27338,1482418249,12/22/2016 12:00:00 AM,04:50:49,1.23,44.0,30.4,40.0,179.76,5.62,06:53:00,17:49:00
27339,1482417950,12/22/2016 12:00:00 AM,04:45:50,1.21,44.0,30.4,43.0,114.66,5.62,06:53:00,17:49:00
27340,1482417640,12/22/2016 12:00:00 AM,04:40:40,1.24,44.0,30.4,46.0,122.68,7.87,06:53:00,17:49:00
27341,1482417350,12/22/2016 12:00:00 AM,04:35:50,1.21,44.0,30.4,45.0,119.36,4.5,06:53:00,17:49:00
27342,1482417050,12/22/2016 12:00:00 AM,04:30:50,1.21,44.0,30.4,45.0,153.99,2.25,06:53:00,17:49:00
27343,1482416740,12/22/2016 12:00:00 AM,04:25:40,1.22,44.0,30.4,47.0,115.54,3.37,06:53:00,17:49:00
27344,1482416450,12/22/2016 12:00:00 AM,04:20:50,1.21,43.0,30.4,46.0,135.29,6.75,06:53:00,17:49:00
27345,1482416139,12/22/2016 12:00:00 AM,04:15:39,1.23,43.0,30.4,48.0,126.66,2.25,06:53:00,17:49:00
27346,1482415849,12/22/2016 12:00:00 AM,04:10:49,1.21,44.0,30.4,51.0,121.47,2.25,06:53:00,17:49:00
27347,1482415579,12/22/2016 12:00:00 AM,04:06:19,1.21,44.0,30.39,49.0,137.63,1.12,06:53:00,17:49:00
27348,1482415249,12/22/2016 12:00:00 AM,04:00:49,1.24,45.0,30.39,46.0,94.97,3.37,06:53:00,17:49:00
27349,1482414950,12/22/2016 12:00:00 AM,03:55:50,1.22,44.0,30.39,41.0,165.5,6.75,06:53:00,17:49:00
27350,1482414649,12/22/2016 12:00:00 AM,03:50:49,1.23,44.0,30.39,43.0,150.81,5.62,06:53:00,17:49:00
27351,1482414351,12/22/2016 12:00:00 AM,03:45:51,1.23,44.0,30.4,47.0,170.19,4.5,06:53:00,17:49:00
27352,1482414041,12/22/2016 12:00:00 AM,03:40:41,1.21,44.0,30.4,46.0,151.45,4.5,06:53:00,17:49:00
27353,1482413749,12/22/2016 12:00:00 AM,03:35:49,1.24,45.0,30.39,46.0,164.54,5.62,06:53:00,17:49:00
27354,1482413449,12/22/2016 12:00:00 AM,03:30:49,1.24,45.0,30.39,42.0,122.56,9.0,06:53:00,17:49:00
27355,1482413139,12/22/2016 12:00:00 AM,03:25:39,1.23,44.0,30.39,43.0,116.55,10.12,06:53:00,17:49:00
27356,1482412852,12/22/2016 12:00:00 AM,03:20:52,1.22,44.0,30.39,46.0,151.34,6.75,06:53:00,17:49:00
27357,1482412549,12/22/2016 12:00:00 AM,03:15:49,1.19,44.0,30.39,47.0,134.56,6.75,06:53:00,17:49:00
27358,1482412240,12/22/2016 12:00:00 AM,03:10:40,1.26,44.0,30.39,47.0,105.45,6.75,06:53:00,17:49:00
27359,1482411950,12/22/2016 12:00:00 AM,03:05:50,1.21,45.0,30.39,48.0,126.03,9.0,06:53:00,17:49:00
27360,1482411652,12/22/2016 12:00:00 AM,03:00:52,1.18,46.0,30.39,46.0,120.05,7.87,06:53:00,17:49:00
27361,1482411352,12/22/2016 12:00:00 AM,02:55:52,1.2,46.0,30.39,43.0,107.63,9.0,06:53:00,17:49:00
27362,1482411053,12/22/2016 12:00:00 AM,02:50:53,1.22,46.0,30.39,42.0,143.54770303349548,4.5,06:53:00,17:49:00
27363,1482410749,12/22/2016 12:00:00 AM,02:45:49,1.23,46.0,30.39,45.0,71.81,7.87,06:53:00,17:49:00
27364,1482410450,12/22/2016 12:00:00 AM,02:40:50,1.23,46.0,30.39,44.0,119.34,5.62,06:53:00,17:49:00
27365,1482410142,12/22/2016 12:00:00 AM,02:35:42,1.22,45.0,30.39,48.0,33.61,4.5,06:53:00,17:49:00
27366,1482409849,12/22/2016 12:00:00 AM,02:30:49,1.22,45.0,30.39,52.0,137.6,11.25,06:53:00,17:49:00
27367,1482409564,12/22/2016 12:00:00 AM,02:26:04,1.23,46.0,30.39,53.0,150.87,7.87,06:53:00,17:49:00
27368,1482409252,12/22/2016 12:00:00 AM,02:20:52,1.23,46.0,30.39,53.0,133.07,11.25,06:53:00,17:49:00
27369,1482408949,12/22/2016 12:00:00 AM,02:15:49,1.2,45.0,30.39,57.0,88.96,2.25,06:53:00,17:49:00
27370,1482408639,12/22/2016 12:00:00 AM,02:10:39,1.23,45.0,30.39,62.0,143.43,9.0,06:53:00,17:49:00
27371,1482408350,12/22/2016 12:00:00 AM,02:05:50,1.21,46.0,30.39,60.0,141.37,3.37,06:53:00,17:49:00
27372,1482408050,12/22/2016 12:00:00 AM,02:00:50,1.22,45.0,30.39,60.0,139.95,10.12,06:53:00,17:49:00
27373,1482407739,12/22/2016 12:00:00 AM,01:55:39,1.2,43.0,30.39,72.0,174.15,5.62,06:53:00,17:49:00
27374,1482407449,12/22/2016 12:00:00 AM,01:50:49,1.21,44.0,30.39,100.0,173.04,5.62,06:53:00,17:49:00
27375,1482407139,12/22/2016 12:00:00 AM,01:45:39,1.23,45.0,30.39,100.0,189.7,6.75,06:53:00,17:49:00
27376,1482406849,12/22/2016 12:00:00 AM,01:40:49,1.19,45.0,30.4,100.0,168.28,5.62,06:53:00,17:49:00
27377,1482406553,12/22/2016 12:00:00 AM,01:35:53,1.22,45.0,30.4,100.0,160.26,11.25,06:53:00,17:49:00
27378,1482406249,12/22/2016 12:00:00 AM,01:30:49,1.24,45.0,30.4,100.0,129.07,6.75,06:53:00,17:49:00
27379,1482405950,12/22/2016 12:00:00 AM,01:25:50,1.24,45.0,30.4,100.0,87.9,4.5,06:53:00,17:49:00
27380,1482405639,12/22/2016 12:00:00 AM,01:20:39,1.24,45.0,30.41,99.0,45.16,3.37,06:53:00,17:49:00
27381,1482405350,12/22/2016 12:00:00 AM,01:15:50,1.22,45.0,30.41,99.0,219.11,2.25,06:53:00,17:49:00
27382,1482405050,12/22/2016 12:00:00 AM,01:10:50,1.23,45.0,30.41,99.0,140.49,6.75,06:53:00,17:49:00
27383,1482404749,12/22/2016 12:00:00 AM,01:05:49,1.24,45.0,30.41,99.0,68.6,3.37,06:53:00,17:49:00
27384,1482404450,12/22/2016 12:00:00 AM,01:00:50,1.19,45.0,30.41,98.0,107.6,4.5,06:53:00,17:49:00
27385,1482404142,12/22/2016 12:00:00 AM,00:55:42,1.2,45.0,30.41,98.0,92.57,5.62,06:53:00,17:49:00
27386,1482403849,12/22/2016 12:00:00 AM,00:50:49,1.24,45.0,30.4,97.0,79.58,9.0,06:53:00,17:49:00
27387,1482403540,12/22/2016 12:00:00 AM,00:45:40,1.24,45.0,30.423028000868246,97.0,68.35,2.25,06:53:00,17:49:00
27388,1482403257,12/22/2016 12:00:00 AM,00:40:57,1.22,45.0,30.4,96.0,117.57,7.87,06:53:00,17:49:00
27389,1482402939,12/22/2016 12:00:00 AM,00:35:39,1.23,45.0,30.41,74.83719267708949,145.19,6.75,06:53:00,17:49:00
27390,1482402650,12/22/2016 12:00:00 AM,00:30:50,1.22,45.0,30.4,89.0,109.86,5.62,06:53:00,17:49:00
27391,1482402349,12/22/2016 12:00:00 AM,00:25:49,1.24,46.0,30.41,84.0,50.04,4.5,06:53:00,17:49:00
27392,1482402049,12/22/2016 12:00:00 AM,00:20:49,1.22,46.0,30.41,83.0,87.46,6.75,06:53:00,17:49:00
27393,1482401752,12/22/2016 12:00:00 AM,00:15:52,1.24,46.0,30.41,80.0,65.31,4.5,06:53:00,17:49:00
27394,1482401439,12/22/2016 12:00:00 AM,00:10:39,1.22,45.0,30.41,78.0,133.86,2.25,06:53:00,17:49:00
27395,1482401156,12/22/2016 12:00:00 AM,00:05:56,1.25,45.0,30.41,92.0,131.58,9.0,06:53:00,17:49:00
27396,1482400852,12/22/2016 12:00:00 AM,00:00:52,1.23,45.0,30.41,91.0,143.95,2.25,06:53:00,17:49:00
27397,1482400553,12/21/2016 12:00:00 AM,23:55:53,1.21,45.0,30.41,91.0,320.96,3.37,06:53:00,17:49:00
27398,1482400249,12/21/2016 12:00:00 AM,23:50:49,1.23,45.0,30.41,98.0,112.04,3.37,06:53:00,17:49:00
27399,1482399940,12/21/2016 12:00:00 AM,23:45:40,1.22,46.0,30.41,99.0,102.35,3.37,06:53:00,17:49:00
27400,1482399650,12/21/2016 12:00:00 AM,23:40:50,1.22,45.0,30.41,98.0,87.16,1.12,06:53:00,17:49:00
27401,1482399350,12/21/2016 12:00:00 AM,23:35:50,1.2,45.0,30.41,98.0,115.79,7.87,06:53:00,17:49:00
27402,1482399051,12/21/2016 12:00:00 AM,23:30:51,1.22,46.0,30.41,98.0,164.78,4.5,06:53:00,17:49:00
27403,1482398750,12/21/2016 12:00:00 AM,23:25:50,1.24,46.0,30.41,98.0,174.94,5.62,06:53:00,17:49:00
27404,1482398439,12/21/2016 12:00:00 AM,23:20:39,1.22,46.0,30.41,97.0,97.86,6.75,06:53:00,17:49:00
27405,1482398150,12/21/2016 12:00:00 AM,23:15:50,1.2,46.0,30.42,97.0,88.79,9.0,06:53:00,17:49:00
27406,1482397841,12/21/2016 12:00:00 AM,23:10:41,1.2,46.0,30.42,96.0,143.73,7.87,06:53:00,17:49:00
27407,1482397539,12/21/2016 12:00:00 AM,23:05:39,1.22,46.0,30.42,96.0,117.21,12.37,06:53:00,17:49:00
27408,1482397250,12/21/2016 12:00:00 AM,23:00:50,1.23,46.0,30.42,96.0,199.97,4.5,06:53:00,17:49:00
27409,1482396949,12/21/2016 12:00:00 AM,22:55:49,1.23,46.0,30.42,95.0,105.77,2.25,06:53:00,17:49:00
27410,1482396643,12/21/2016 12:00:00 AM,22:50:43,1.22,46.0,30.42,95.0,163.45,9.0,06:53:00,17:49:00
27411,1482396349,12/21/2016 12:00:00 AM,22:45:49,1.23,46.0,30.42,95.0,93.33,11.25,06:53:00,17:49:00
27412,1482396049,12/21/2016 12:00:00 AM,22:40:49,1.22,46.0,30.42,95.0,131.49,14.62,06:53:00,17:49:00
27413,1482395744,12/21/2016 12:00:00 AM,22:35:44,1.22,46.0,30.42,94.0,161.22,10.12,06:53:00,17:49:00
27414,1482395450,12/21/2016 12:00:00 AM,22:30:50,1.23,46.0,30.42,93.0,176.6,11.25,06:53:00,17:49:00
27415,1482395150,12/21/2016 12:00:00 AM,22:25:50,1.24,46.0,30.42,89.0,148.91,10.12,06:53:00,17:49:00
27416,1482394849,12/21/2016 12:00:00 AM,22:20:49,1.18,46.0,30.42,88.0,132.41,13.5,06:53:00,17:49:00
27417,1482394553,12/21/2016 12:00:00 AM,22:15:53,1.24,47.0,30.42,82.0,169.39,13.5,06:53:00,17:49:00
27418,1482394239,12/21/2016 12:00:00 AM,22:10:39,1.23,46.0,30.42,80.0,140.65,7.87,06:53:00,17:49:00
27419,1482393950,12/21/2016 12:00:00 AM,22:05:50,1.24,46.0,30.42,69.0,117.19,6.75,06:53:00,17:49:00
27420,1482393670,12/21/2016 12:00:00 AM,22:01:10,1.24,46.0,30.43,70.0,93.25,9.0,06:53:00,17:49:00
27421,1482393350,12/21/2016 12:00:00 AM,21:55:50,1.22,46.0,30.43,58.0,95.78,14.62,06:53:00,17:49:00
27422,1482393040,12/21/2016 12:00:00 AM,21:50:40,1.22,46.0,30.43,57.0,130.27,6.75,06:53:00,17:49:00
27423,1482392750,12/21/2016 12:00:00 AM,21:45:50,1.24,46.0,30.43,48.0,107.75,7.87,06:53:00,17:49:00
27424,1482392449,12/21/2016 12:00:00 AM,21:40:49,1.24,46.0,30.43,43.0,130.42,6.75,06:53:00,17:49:00
27425,1482392149,12/21/2016 12:00:00 AM,21:35:49,1.22,46.0,30.43,45.0,104.36,11.25,06:53:00,17:49:00
27426,1482391850,12/21/2016 12:00:00 AM,21:30:50,1.24,46.0,30.43,48.0,112.12,11.25,06:53:00,17:49:00
27427,1482391550,12/21/2016 12:00:00 AM,21:25:50,1.22,46.0,30.43,53.0,150.41,6.75,06:53:00,17:49:00
27428,1482391249,12/21/2016 12:00:00 AM,21:20:49,1.23,47.0,30.43,68.0,140.88,5.62,06:53:00,17:49:00
27429,1482390943,12/21/2016 12:00:00 AM,21:15:43,1.2,47.0,30.43,72.0,132.93,3.37,06:53:00,17:49:00
27430,1482390650,12/21/2016 12:00:00 AM,21:10:50,1.27,47.0,30.43,69.0,55.58,2.25,06:53:00,17:49:00
27431,1482390349,12/21/2016 12:00:00 AM,21:05:49,1.24,47.0,30.43,61.0,30.39,6.75,06:53:00,17:49:00
27432,1482390040,12/21/2016 12:00:00 AM,21:00:40,1.22,47.0,30.43,50.0,48.72,10.12,06:53:00,17:49:00
27433,1482389752,12/21/2016 12:00:00 AM,20:55:52,1.24,46.0,30.43,49.0,101.92,5.62,06:53:00,17:49:00
27434,1482389439,12/21/2016 12:00:00 AM,20:50:39,1.2,46.0,30.43,71.0,6.56,2.25,06:53:00,17:49:00
27435,1482389150,12/21/2016 12:00:00 AM,20:45:50,1.2,46.0,30.43,82.0,78.41,6.75,06:53:00,17:49:00
27436,1482388850,12/21/2016 12:00:00 AM,20:40:50,1.23,46.0,30.43,78.0,70.31,6.75,06:53:00,17:49:00
27437,1482388539,12/21/2016 12:00:00 AM,20:35:39,1.21,47.0,30.43,77.0,70.73,6.75,06:53:00,17:49:00
27438,1482388249,12/21/2016 12:00:00 AM,20:30:49,1.21,47.0,30.43,67.0,47.42,7.87,06:53:00,17:49:00
27439,1482387949,12/21/2016 12:00:00 AM,20:25:49,1.23,48.0,30.42,50.0,145.73,7.87,06:53:00,17:49:00
27440,1482387650,12/21/2016 12:00:00 AM,20:20:50,1.24,48.0,30.43,40.0,91.45,3.37,06:53:00,17:49:00
27441,1482387350,12/21/2016 12:00:00 AM,20:15:50,1.24,48.0,30.42,34.0,171.62,3.37,06:53:00,17:49:00
27442,1482387050,12/21/2016 12:00:00 AM,20:10:50,1.23,47.0,30.42,41.0,106.18,10.12,06:53:00,17:49:00
27443,1482386749,12/21/2016 12:00:00 AM,20:05:49,1.23,47.0,30.42,40.0,80.76,7.87,06:53:00,17:49:00
27444,1482386449,12/21/2016 12:00:00 AM,20:00:49,1.19,47.0,30.42,41.0,159.07,2.25,06:53:00,17:49:00
27445,1482386141,12/21/2016 12:00:00 AM,19:55:41,1.26,46.0,30.42,50.0,151.09,3.37,06:53:00,17:49:00
27446,1482385850,12/21/2016 12:00:00 AM,19:50:50,1.22,47.0,30.42,64.0,33.92,1.12,06:53:00,17:49:00
27447,1482385539,12/21/2016 12:00:00 AM,19:45:39,1.25,48.0,30.42,62.0,61.29,4.5,06:53:00,17:49:00
27448,1482385250,12/21/2016 12:00:00 AM,19:40:50,1.25,49.0,30.42,58.0,135.82,4.5,06:53:00,17:49:00
27449,1482384940,12/21/2016 12:00:00 AM,19:35:40,1.23,48.0,30.42,37.0,193.74,4.5,06:53:00,17:49:00
27450,1482384652,12/21/2016 12:00:00 AM,19:30:52,1.23,48.0,30.42,37.0,170.08,7.87,06:53:00,17:49:00
27451,1482384339,12/21/2016 12:00:00 AM,19:25:39,1.22,49.0,30.42,38.0,151.93,11.25,06:53:00,17:49:00
27452,1482384055,12/21/2016 12:00:00 AM,19:20:55,1.26,49.0,30.42,34.0,181.99,6.75,06:53:00,17:49:00
27453,1482383762,12/21/2016 12:00:00 AM,19:16:02,1.21,49.0,30.42,33.0,177.89,4.5,06:53:00,17:49:00
27454,1482383450,12/21/2016 12:00:00 AM,19:10:50,1.2,50.0,30.42,33.0,171.24,7.87,06:53:00,17:49:00
27455,1482383149,12/21/2016 12:00:00 AM,19:05:49,1.23,50.0,30.42,31.0,174.64,4.5,06:53:00,17:49:00
27456,1482382850,12/21/2016 12:00:00 AM,19:00:50,1.22,50.0,30.41,34.0,199.26,5.62,06:53:00,17:49:00
27457,1482382550,12/21/2016 12:00:00 AM,18:55:50,1.29,50.0,30.41,34.0,164.54,4.5,06:53:00,17:49:00
27458,1482382250,12/21/2016 12:00:00 AM,18:50:50,1.24,50.0,30.41,35.0,182.43,2.25,06:53:00,17:49:00
27459,1482381950,12/21/2016 12:00:00 AM,18:45:50,1.27,50.0,30.41,35.0,191.46,5.62,06:53:00,17:49:00
27460,1482381650,12/21/2016 12:00:00 AM,18:40:50,1.23,50.0,30.41,36.0,188.29,5.62,06:53:00,17:49:00
27461,1482381349,12/21/2016 12:00:00 AM,18:35:49,1.2,50.0,30.41,36.0,149.51,11.25,06:53:00,17:49:00
27462,1482381049,12/21/2016 12:00:00 AM,18:30:49,1.28,50.0,30.41,36.0,172.02,4.5,06:53:00,17:49:00
27463,1482380750,12/21/2016 12:00:00 AM,18:25:50,1.25,50.0,30.41,38.0,118.61,6.75,06:53:00,17:49:00
27464,1482380443,12/21/2016 12:00:00 AM,18:20:43,1.21,50.0,30.4,40.0,113.59,12.37,06:53:00,17:49:00
27465,1482380156,12/21/2016 12:00:00 AM,18:15:56,1.22,50.0,30.4,45.0,125.28,6.75,06:53:00,17:49:00
27466,1482379851,12/21/2016 12:00:00 AM,18:10:51,1.22,50.0,30.4,46.0,153.15,7.87,06:53:00,17:49:00
27467,1482379542,12/21/2016 12:00:00 AM,18:05:42,1.2,50.0,30.4,51.0,154.58,3.37,06:53:00,17:49:00
27468,1482379249,12/21/2016 12:00:00 AM,18:00:49,2.03,50.0,30.4,66.0,101.66,6.75,06:53:00,17:49:00
27469,1482378950,12/21/2016 12:00:00 AM,17:55:50,3.51,51.16507236474315,30.4,73.0,129.35,10.12,06:53:00,17:49:00
27470,1482378650,12/21/2016 12:00:00 AM,17:50:50,5.39,49.0,30.4,86.0,114.22,9.0,06:53:00,17:49:00
27471,1482378349,12/21/2016 12:00:00 AM,17:45:49,7.51,50.0,30.4,93.0,134.67,1.12,06:53:00,17:49:00
27472,1482378051,12/21/2016 12:00:00 AM,17:40:51,9.59,50.0,30.4,93.0,101.14,3.37,06:53:00,17:49:00
27473,1482377751,12/21/2016 12:00:00 AM,17:35:51,11.51,51.0,30.4,92.0,86.11,5.62,06:53:00,17:49:00
27474,1482377439,12/21/2016 12:00:00 AM,17:30:39,16.41,51.0,30.4,89.0,49.38,2.25,06:53:00,17:49:00
27475,1482377150,12/21/2016 12:00:00 AM,17:25:50,29.9,51.0,30.39,92.0,80.91,6.75,06:53:00,17:49:00
27476,1482376850,12/21/2016 12:00:00 AM,17:20:50,42.1,51.0,30.39,92.0,142.55,3.37,06:53:00,17:49:00
27477,1482376549,12/21/2016 12:00:00 AM,17:15:49,59.15,52.0,30.39,91.0,69.09,6.75,06:53:00,17:49:00
27478,1482376250,12/21/2016 12:00:00 AM,17:10:50,78.34,52.0,30.39,91.0,83.03,3.37,06:53:00,17:49:00
27479,1482375940,12/21/2016 12:00:00 AM,17:05:40,99.64,53.0,30.39,74.83719267708949,23.12,4.5,06:53:00,17:49:00
27480,1482375649,12/21/2016 12:00:00 AM,17:00:49,120.5,53.0,30.39,90.0,88.58,4.5,06:53:00,17:49:00
27481,1482375341,12/21/2016 12:00:00 AM,16:55:41,145.31,53.0,30.39,90.0,145.34,5.62,06:53:00,17:49:00
27482,1482375050,12/21/2016 12:00:00 AM,16:50:50,168.87,53.0,30.39,90.0,45.07,4.5,06:53:00,17:49:00
27483,1482374752,12/21/2016 12:00:00 AM,16:45:52,194.83,53.0,30.39,90.0,11.76,6.75,06:53:00,17:49:00
27484,1482374440,12/21/2016 12:00:00 AM,16:40:40,221.62,53.0,30.39,89.0,22.65,6.75,06:53:00,17:49:00
27485,1482374150,12/21/2016 12:00:00 AM,16:35:50,246.68,54.0,30.39,89.0,66.74,9.0,06:53:00,17:49:00
27486,1482373839,12/21/2016 12:00:00 AM,16:30:39,272.64,54.0,30.39,88.0,60.67,5.62,06:53:00,17:49:00
27487,1482373539,12/21/2016 12:00:00 AM,16:25:39,297.41,54.0,30.39,86.0,53.68,6.75,06:53:00,17:49:00
27488,1482373250,12/21/2016 12:00:00 AM,16:20:50,320.22,55.0,30.39,84.0,70.43,7.87,06:53:00,17:49:00
27489,1482372940,12/21/2016 12:00:00 AM,16:15:40,342.76,56.0,30.39,83.0,33.98,6.75,06:53:00,17:49:00
27490,1482372649,12/21/2016 12:00:00 AM,16:10:49,360.44,56.0,30.39,81.0,18.56,3.37,06:53:00,17:49:00
27491,1482372351,12/21/2016 12:00:00 AM,16:05:51,378.5,56.0,30.39,79.0,70.57,6.75,06:53:00,17:49:00
27492,1482372040,12/21/2016 12:00:00 AM,16:00:40,399.01,56.0,30.4,76.0,39.35,4.5,06:53:00,17:49:00
27493,1482371750,12/21/2016 12:00:00 AM,15:55:50,416.41,56.0,30.4,72.0,32.22,4.5,06:53:00,17:49:00
27494,1482371440,12/21/2016 12:00:00 AM,15:50:40,435.7,56.0,30.4,74.0,37.75,4.5,06:53:00,17:49:00
27495,1482371150,12/21/2016 12:00:00 AM,15:45:50,450.91,57.0,30.4,73.0,45.19,4.5,06:53:00,17:49:00
27496,1482370849,12/21/2016 12:00:00 AM,15:40:49,468.58,57.0,30.4,73.0,23.49,2.25,06:53:00,17:49:00
27497,1482370540,12/21/2016 12:00:00 AM,15:35:40,487.88,57.0,30.4,71.0,5.06,2.25,06:53:00,17:49:00
27498,1482370249,12/21/2016 12:00:00 AM,15:30:49,502.09,57.0,30.39,72.0,6.88,4.5,06:53:00,17:49:00
27499,1482369941,12/21/2016 12:00:00 AM,15:25:41,520.64,57.0,30.39,73.0,48.56,4.5,06:53:00,17:49:00
27500,1482369649,12/21/2016 12:00:00 AM,15:20:49,536.66,57.0,30.39,72.0,35.69,4.5,06:53:00,17:49:00
27501,1482369341,12/21/2016 12:00:00 AM,15:15:41,551.66,57.0,30.39,71.0,73.21,7.87,06:53:00,17:49:00
27502,1482369055,12/21/2016 12:00:00 AM,15:10:55,568.58,57.0,30.39,72.0,30.95,7.87,06:53:00,17:49:00
27503,1482368750,12/21/2016 12:00:00 AM,15:05:50,583.65,57.0,30.39,72.0,48.32,3.37,06:53:00,17:49:00
27504,1482368450,12/21/2016 12:00:00 AM,15:00:50,596.93,57.0,30.39,73.0,41.72,5.62,06:53:00,17:49:00
27505,1482368149,12/21/2016 12:00:00 AM,14:55:49,613.42,57.0,30.39,74.0,66.87,9.0,06:53:00,17:49:00
27506,1482367839,12/21/2016 12:00:00 AM,14:50:39,625.77,57.0,30.39,75.0,12.4,6.75,06:53:00,17:49:00
27507,1482367563,12/21/2016 12:00:00 AM,14:46:03,637.93,57.0,30.39,74.0,40.94,4.5,06:53:00,17:49:00
27508,1482367249,12/21/2016 12:00:00 AM,14:40:49,654.81,57.0,30.39,74.0,20.95,3.37,06:53:00,17:49:00
27509,1482366940,12/21/2016 12:00:00 AM,14:35:40,667.73,57.0,30.39,74.0,9.85,3.37,06:53:00,17:49:00
27510,1482366649,12/21/2016 12:00:00 AM,14:30:49,678.08,57.0,30.39,76.0,31.3,7.87,06:53:00,17:49:00
27511,1482366354,12/21/2016 12:00:00 AM,14:25:54,689.62,57.0,30.39,76.0,41.2,9.0,06:53:00,17:49:00
27512,1482366052,12/21/2016 12:00:00 AM,14:20:52,702.27,57.0,30.4,75.0,51.47,6.75,06:53:00,17:49:00
27513,1482365752,12/21/2016 12:00:00 AM,14:15:52,712.81,57.0,30.4,74.0,39.12,6.75,06:53:00,17:49:00
27514,1482365466,12/21/2016 12:00:00 AM,14:11:06,723.74,57.0,30.4,74.0,20.14,4.5,06:53:00,17:49:00
27515,1482365149,12/21/2016 12:00:00 AM,14:05:49,734.86,57.0,30.4,72.0,55.99,4.5,06:53:00,17:49:00
27516,1482364865,12/21/2016 12:00:00 AM,14:01:05,744.19,57.0,30.4,71.0,42.9,6.75,06:53:00,17:49:00
27517,1482364550,12/21/2016 12:00:00 AM,13:55:50,754.62,58.0,30.4,69.0,53.11,2.25,06:53:00,17:49:00
27518,1482364261,12/21/2016 12:00:00 AM,13:51:01,763.64,58.0,30.4,68.0,33.55,10.12,06:53:00,17:49:00
27519,1482363939,12/21/2016 12:00:00 AM,13:45:39,772.62,58.0,30.4,63.0,26.41,3.37,06:53:00,17:49:00
27520,1482363649,12/21/2016 12:00:00 AM,13:40:49,782.64,58.0,30.4,58.0,24.94,12.37,06:53:00,17:49:00
27521,1482363349,12/21/2016 12:00:00 AM,13:35:49,790.82,58.0,30.41,56.0,11.38,5.62,06:53:00,17:49:00
27522,1482363050,12/21/2016 12:00:00 AM,13:30:50,798.11,59.0,30.41,57.0,7.24,5.62,06:53:00,17:49:00
27523,1482362750,12/21/2016 12:00:00 AM,13:25:50,804.55,59.0,30.41,59.0,35.28,6.75,06:53:00,17:49:00
27524,1482362450,12/21/2016 12:00:00 AM,13:20:50,810.36,59.0,30.41,57.0,49.96,9.0,06:53:00,17:49:00
27525,1482362150,12/21/2016 12:00:00 AM,13:15:50,817.13,59.0,30.41,56.0,29.36,11.25,06:53:00,17:49:00
27526,1482361880,12/21/2016 12:00:00 AM,13:11:20,820.65,59.0,30.41,57.0,21.49,5.62,06:53:00,17:49:00
27527,1482361550,12/21/2016 12:00:00 AM,13:05:50,827.83,59.0,30.41,52.0,20.94,7.87,06:53:00,17:49:00
27528,1482361240,12/21/2016 12:00:00 AM,13:00:40,832.06,60.0,30.41,53.0,354.08,2.25,06:53:00,17:49:00
27529,1482360953,12/21/2016 12:00:00 AM,12:55:53,833.88,60.0,30.42,49.0,32.6,4.5,06:53:00,17:49:00
27530,1482360639,12/21/2016 12:00:00 AM,12:50:39,837.27,60.0,30.42,48.0,36.93,9.0,06:53:00,17:49:00
27531,1482360350,12/21/2016 12:00:00 AM,12:45:50,841.0,60.0,30.42,53.0,359.82,4.5,06:53:00,17:49:00
27532,1482360049,12/21/2016 12:00:00 AM,12:40:49,842.63,60.0,30.42,52.0,42.34,4.5,06:53:00,17:49:00
27533,1482359740,12/21/2016 12:00:00 AM,12:35:40,844.86,60.0,30.42,50.0,20.62,4.5,06:53:00,17:49:00
27534,1482359450,12/21/2016 12:00:00 AM,12:30:50,847.07,60.0,30.43,49.0,20.03,6.75,06:53:00,17:49:00
27535,1482359157,12/21/2016 12:00:00 AM,12:25:57,847.11,59.0,30.43,38.0,47.02,1.12,06:53:00,17:49:00
27536,1482358839,12/21/2016 12:00:00 AM,12:20:39,846.2,59.0,30.43,50.0,81.64,9.0,06:53:00,17:49:00
27537,1482358550,12/21/2016 12:00:00 AM,12:15:50,846.35,59.0,30.43,52.0,14.89,9.0,06:53:00,17:49:00
27538,1482358240,12/21/2016 12:00:00 AM,12:10:40,844.47,59.0,30.43,53.0,79.78,7.87,06:53:00,17:49:00
27539,1482357949,12/21/2016 12:00:00 AM,12:05:49,843.52,59.0,30.43,49.0,33.28,5.62,06:53:00,17:49:00
27540,1482357649,12/21/2016 12:00:00 AM,12:00:49,840.9,59.0,30.43,46.0,39.17,4.5,06:53:00,17:49:00
27541,1482357340,12/21/2016 12:00:00 AM,11:55:40,839.53,59.0,30.44,45.0,22.15,3.37,06:53:00,17:49:00
27542,1482357049,12/21/2016 12:00:00 AM,11:50:49,835.45,59.0,30.44,45.0,76.47,6.75,06:53:00,17:49:00
27543,1482356749,12/21/2016 12:00:00 AM,11:45:49,832.35,59.0,30.44,48.0,40.91,7.87,06:53:00,17:49:00
27544,1482356449,12/21/2016 12:00:00 AM,11:40:49,828.63,59.0,30.44,49.0,58.77,3.37,06:53:00,17:49:00
27545,1482356150,12/21/2016 12:00:00 AM,11:35:50,825.24,59.0,30.44,44.0,358.44,3.37,06:53:00,17:49:00
27546,1482355850,12/21/2016 12:00:00 AM,11:30:50,820.62,59.0,30.44,42.0,15.61,5.62,06:53:00,17:49:00
27547,1482355549,12/21/2016 12:00:00 AM,11:25:49,815.19,59.0,30.44,42.0,77.47,3.37,06:53:00,17:49:00
27548,1482355239,12/21/2016 12:00:00 AM,11:20:39,809.21,60.0,30.44,39.0,42.17,4.5,06:53:00,17:49:00
27549,1482354950,12/21/2016 12:00:00 AM,11:15:50,803.41,60.0,30.44,38.0,14.28,3.37,06:53:00,17:49:00
27550,1482354649,12/21/2016 12:00:00 AM,11:10:49,797.68,60.0,30.44,40.0,85.08,6.75,06:53:00,17:49:00
27551,1482354370,12/21/2016 12:00:00 AM,11:06:10,790.54,59.0,30.45,40.0,88.76,5.62,06:53:00,17:49:00
27552,1482354049,12/21/2016 12:00:00 AM,11:00:49,781.78,59.0,30.45,38.0,100.77,5.62,06:53:00,17:49:00
27553,1482353740,12/21/2016 12:00:00 AM,10:55:40,773.58,59.0,30.45,42.0,57.12,5.62,06:53:00,17:49:00
27554,1482353457,12/21/2016 12:00:00 AM,10:50:57,764.55,58.0,30.45,46.0,42.07,5.62,06:53:00,17:49:00
27555,1482353139,12/21/2016 12:00:00 AM,10:45:39,755.01,58.0,30.45,51.0,44.95,6.75,06:53:00,17:49:00
27556,1482352859,12/21/2016 12:00:00 AM,10:40:59,745.61,58.0,30.46,50.0,62.29,6.75,06:53:00,17:49:00
27557,1482352540,12/21/2016 12:00:00 AM,10:35:40,734.9,58.0,30.46,51.0,90.21,4.5,06:53:00,17:49:00
27558,1482352249,12/21/2016 12:00:00 AM,10:30:49,725.96,58.0,30.46,38.0,56.26,2.25,06:53:00,17:49:00
27559,1482351949,12/21/2016 12:00:00 AM,10:25:49,714.99,58.0,30.46,37.0,50.97,6.75,06:53:00,17:49:00
27560,1482351633,12/21/2016 12:00:00 AM,10:20:33,703.07,58.0,30.46,41.0,30.44,3.37,06:53:00,17:49:00
27561,1482351333,12/21/2016 12:00:00 AM,10:15:33,691.0,58.0,30.46,41.0,67.79,12.37,06:53:00,17:49:00
27562,1482351023,12/21/2016 12:00:00 AM,10:10:23,677.48,58.0,30.46,38.0,351.81,4.5,06:53:00,17:49:00
27563,1482350734,12/21/2016 12:00:00 AM,10:05:34,665.1,58.0,30.46,39.0,78.68,3.37,06:53:00,17:49:00
27564,1482350435,12/21/2016 12:00:00 AM,10:00:35,651.51,58.0,30.46,42.0,87.57,5.62,06:53:00,17:49:00
27565,1482350133,12/21/2016 12:00:00 AM,09:55:33,638.02,58.0,30.46,44.0,86.84,6.75,06:53:00,17:49:00
27566,1482349824,12/21/2016 12:00:00 AM,09:50:24,623.6,58.0,30.46,47.0,52.05,5.62,06:53:00,17:49:00
27567,1482349534,12/21/2016 12:00:00 AM,09:45:34,609.61,57.0,30.46,50.0,87.13,3.37,06:53:00,17:49:00
27568,1482349234,12/21/2016 12:00:00 AM,09:40:34,593.8,57.0,30.46,54.0,52.33,2.25,06:53:00,17:49:00
27569,1482348937,12/21/2016 12:00:00 AM,09:35:37,579.31,57.0,30.46,56.0,94.01,9.0,06:53:00,17:49:00
27570,1482348633,12/21/2016 12:00:00 AM,09:30:33,563.68,57.0,30.46,57.0,83.92,11.25,06:53:00,17:49:00
27571,1482348334,12/21/2016 12:00:00 AM,09:25:34,548.09,57.0,30.46,58.0,133.4,3.37,06:53:00,17:49:00
27572,1482348050,12/21/2016 12:00:00 AM,09:20:50,533.2,57.0,30.46,58.0,95.16,5.62,06:53:00,17:49:00
27573,1482347733,12/21/2016 12:00:00 AM,09:15:33,515.98,57.0,30.46,58.0,107.83,3.37,06:53:00,17:49:00
27574,1482347433,12/21/2016 12:00:00 AM,09:10:33,499.24,57.0,30.46,58.0,66.82,5.62,06:53:00,17:49:00
27575,1482347134,12/21/2016 12:00:00 AM,09:05:34,482.86,57.0,30.46,74.83719267708949,42.04,3.37,06:53:00,17:49:00
27576,1482346823,12/21/2016 12:00:00 AM,09:00:23,464.68,57.0,30.46,59.0,65.7,5.62,06:53:00,17:49:00
27577,1482346533,12/21/2016 12:00:00 AM,08:55:33,448.04,56.0,30.46,59.0,115.56,4.5,06:53:00,17:49:00
27578,1482346233,12/21/2016 12:00:00 AM,08:50:33,430.56,56.0,30.46,59.0,69.48,4.5,06:53:00,17:49:00
27579,1482345962,12/21/2016 12:00:00 AM,08:46:02,414.0,56.0,30.46,60.0,289.43,2.25,06:53:00,17:49:00
27580,1482345634,12/21/2016 12:00:00 AM,08:40:34,394.94,55.0,30.46,61.0,88.7,7.87,06:53:00,17:49:00
27581,1482345343,12/21/2016 12:00:00 AM,08:35:43,377.08,55.0,30.46,61.0,64.2,2.25,06:53:00,17:49:00
27582,1482345033,12/21/2016 12:00:00 AM,08:30:33,358.2,54.0,30.46,62.0,155.02,7.87,06:53:00,17:49:00
27583,1482344734,12/21/2016 12:00:00 AM,08:25:34,338.31,53.0,30.45,65.0,135.88,4.5,06:53:00,17:49:00
27584,1482344457,12/21/2016 12:00:00 AM,08:20:57,317.95,51.0,30.45,68.0,122.74,4.5,06:53:00,17:49:00
27585,1482344123,12/21/2016 12:00:00 AM,08:15:23,292.16,50.0,30.45,71.0,142.15,6.75,06:53:00,17:49:00
27586,1482343834,12/21/2016 12:00:00 AM,08:10:34,268.1,49.0,30.45,72.0,164.81,10.12,06:53:00,17:49:00
27587,1482343533,12/21/2016 12:00:00 AM,08:05:33,242.85,48.0,30.45,75.0,158.07,7.87,06:53:00,17:49:00
27588,1482343234,12/21/2016 12:00:00 AM,08:00:34,94.57,48.0,30.44,76.0,176.51,9.0,06:53:00,17:49:00
27589,1482342939,12/21/2016 12:00:00 AM,07:55:39,22.6,47.0,30.45,77.0,167.77,6.75,06:53:00,17:49:00
27590,1482342633,12/21/2016 12:00:00 AM,07:50:33,21.6,47.0,30.45,78.0,166.32,9.0,06:53:00,17:49:00
27591,1482342324,12/21/2016 12:00:00 AM,07:45:24,20.92,46.0,30.45,78.0,169.22,6.75,06:53:00,17:49:00
27592,1482342037,12/21/2016 12:00:00 AM,07:40:37,20.26,46.0,30.45,78.0,164.66,10.12,06:53:00,17:49:00
27593,1482341733,12/21/2016 12:00:00 AM,07:35:33,19.51,46.0,30.45,78.0,166.99,7.87,06:53:00,17:49:00
27594,1482341439,12/21/2016 12:00:00 AM,07:30:39,18.64,46.0,30.45,78.0,148.47,10.12,06:53:00,17:49:00
27595,1482341134,12/21/2016 12:00:00 AM,07:25:34,17.63,45.0,30.45,78.0,184.3,7.87,06:53:00,17:49:00
27596,1482340833,12/21/2016 12:00:00 AM,07:20:33,16.69,45.0,30.45,78.0,164.29,7.87,06:53:00,17:49:00
27597,1482340533,12/21/2016 12:00:00 AM,07:15:33,15.56,45.0,30.45,78.0,178.68,7.87,06:53:00,17:49:00
27598,1482340227,12/21/2016 12:00:00 AM,07:10:27,14.11,45.0,30.45,78.0,154.59,7.87,06:53:00,17:49:00
27599,1482339934,12/21/2016 12:00:00 AM,07:05:34,12.37,45.0,30.45,78.0,186.97,9.0,06:53:00,17:49:00
27600,1482339633,12/21/2016 12:00:00 AM,07:00:33,10.24,45.0,30.45,78.0,161.13,9.0,06:53:00,17:49:00
27601,1482339333,12/21/2016 12:00:00 AM,06:55:33,7.71,45.0,30.45,78.0,152.15,6.75,06:53:00,17:49:00
27602,1482339033,12/21/2016 12:00:00 AM,06:50:33,5.58,45.0,30.45,78.0,142.82,7.87,06:53:00,17:49:00
27603,1482338734,12/21/2016 12:00:00 AM,06:45:34,3.28,45.0,30.45,78.0,150.86,7.87,06:53:00,17:49:00
27604,1482338434,12/21/2016 12:00:00 AM,06:40:34,1.76,45.0,30.45,78.0,153.0,9.0,06:53:00,17:49:00
27605,1482338123,12/21/2016 12:00:00 AM,06:35:23,1.2,45.0,30.45,78.0,161.13,9.0,06:53:00,17:49:00
27606,1482337839,12/21/2016 12:00:00 AM,06:30:39,1.23,45.0,30.44,78.0,186.47,6.75,06:53:00,17:49:00
27607,1482337534,12/21/2016 12:00:00 AM,06:25:34,1.23,45.0,30.45,79.0,162.8,7.87,06:53:00,17:49:00
27608,1482337234,12/21/2016 12:00:00 AM,06:20:34,1.27,45.0,30.44,80.0,163.38,10.12,06:53:00,17:49:00
27609,1482336933,12/21/2016 12:00:00 AM,06:15:33,1.24,45.0,30.44,80.0,187.64,7.87,06:53:00,17:49:00
27610,1482336639,12/21/2016 12:00:00 AM,06:10:39,1.24,45.0,30.44,79.0,174.0,9.0,06:53:00,17:49:00
27611,1482336350,12/21/2016 12:00:00 AM,06:05:50,1.2,45.0,30.44,80.0,143.38,6.75,06:53:00,17:49:00
27612,1482336034,12/21/2016 12:00:00 AM,06:00:34,1.2,45.0,30.45,81.0,175.42,6.75,06:53:00,17:49:00
27613,1482335734,12/21/2016 12:00:00 AM,05:55:34,1.23,45.0,30.44,82.0,179.71,7.87,06:53:00,17:49:00
27614,1482335423,12/21/2016 12:00:00 AM,05:50:23,1.24,45.0,30.44,84.0,173.34,5.62,06:53:00,17:49:00
27615,1482335135,12/21/2016 12:00:00 AM,05:45:35,1.23,45.0,30.44,84.0,169.56,6.75,06:53:00,17:49:00
27616,1482334834,12/21/2016 12:00:00 AM,05:40:34,1.22,45.0,30.44,84.0,182.76,4.5,06:53:00,17:49:00
27617,1482334535,12/21/2016 12:00:00 AM,05:35:35,1.22,45.0,30.44,84.0,177.0,6.75,06:53:00,17:49:00
27618,1482334239,12/21/2016 12:00:00 AM,05:30:39,1.22,45.0,30.44,84.0,148.65,10.12,06:53:00,17:49:00
27619,1482333933,12/21/2016 12:00:00 AM,05:25:33,1.21,45.0,30.44,83.0,196.69,7.87,06:53:00,17:49:00
27620,1482333626,12/21/2016 12:00:00 AM,05:20:26,1.23,46.0,30.44,83.0,164.04,7.87,06:53:00,17:49:00
27621,1482333340,12/21/2016 12:00:00 AM,05:15:40,1.22,46.0,30.44,83.0,177.98,6.75,06:53:00,17:49:00
27622,1482333034,12/21/2016 12:00:00 AM,05:10:34,1.2,46.0,30.44,83.0,163.81,9.0,06:53:00,17:49:00
27623,1482332734,12/21/2016 12:00:00 AM,05:05:34,1.23,46.0,30.44,83.0,170.31,5.62,06:53:00,17:49:00
27624,1482332433,12/21/2016 12:00:00 AM,05:00:33,1.24,46.0,30.44,83.0,169.22,4.5,06:53:00,17:49:00
27625,1482332124,12/21/2016 12:00:00 AM,04:55:24,1.22,46.0,30.44,82.0,165.17,7.87,06:53:00,17:49:00
27626,1482331834,12/21/2016 12:00:00 AM,04:50:34,1.23,46.0,30.44,83.0,163.19,11.25,06:53:00,17:49:00
27627,1482331552,12/21/2016 12:00:00 AM,04:45:52,1.22,46.0,30.44,83.0,151.07,7.87,06:53:00,17:49:00
27628,1482331233,12/21/2016 12:00:00 AM,04:40:33,1.26,46.0,30.44,84.0,170.83,5.62,06:53:00,17:49:00
27629,1482330923,12/21/2016 12:00:00 AM,04:35:23,1.23,45.0,30.44,84.0,168.87,7.87,06:53:00,17:49:00
27630,1482330636,12/21/2016 12:00:00 AM,04:30:36,1.21,45.0,30.44,84.0,173.14,6.75,06:53:00,17:49:00
27631,1482330334,12/21/2016 12:00:00 AM,04:25:34,1.21,45.0,30.44,84.0,175.15,9.0,06:53:00,17:49:00
27632,1482330034,12/21/2016 12:00:00 AM,04:20:34,1.22,45.0,30.44,85.0,168.69,7.87,06:53:00,17:49:00
27633,1482329734,12/21/2016 12:00:00 AM,04:15:34,1.22,45.0,30.44,85.0,182.37,7.87,06:53:00,17:49:00
27634,1482329433,12/21/2016 12:00:00 AM,04:10:33,1.26,45.0,30.44,85.0,184.5,5.62,06:53:00,17:49:00
27635,1482329134,12/21/2016 12:00:00 AM,04:05:34,1.21,45.0,30.44,85.0,156.26,7.87,06:53:00,17:49:00
27636,1482328834,12/21/2016 12:00:00 AM,04:00:34,1.21,45.0,30.44,85.0,174.3,7.87,06:53:00,17:49:00
27637,1482328537,12/21/2016 12:00:00 AM,03:55:37,1.2,45.0,30.44,85.0,172.63,10.12,06:53:00,17:49:00
27638,1482328236,12/21/2016 12:00:00 AM,03:50:36,1.23,45.0,30.44,85.0,166.36,4.5,06:53:00,17:49:00
27639,1482327936,12/21/2016 12:00:00 AM,03:45:36,1.2,46.0,30.44,84.0,134.11,5.62,06:53:00,17:49:00
27640,1482327624,12/21/2016 12:00:00 AM,03:40:24,1.18,45.0,30.44,84.0,155.19,5.62,06:53:00,17:49:00
27641,1482327333,12/21/2016 12:00:00 AM,03:35:33,1.23,46.0,30.44,84.0,173.81,7.87,06:53:00,17:49:00
27642,1482327049,12/21/2016 12:00:00 AM,03:30:49,1.24,46.0,30.44,84.0,176.98,6.75,06:53:00,17:49:00
27643,1482326733,12/21/2016 12:00:00 AM,03:25:33,1.23,46.0,30.44,84.0,165.26,7.87,06:53:00,17:49:00
27644,1482326423,12/21/2016 12:00:00 AM,03:20:23,1.18,46.0,30.44,84.0,177.75,5.62,06:53:00,17:49:00
27645,1482326134,12/21/2016 12:00:00 AM,03:15:34,1.22,46.0,30.44,84.0,167.68,10.12,06:53:00,17:49:00
27646,1482325819,12/21/2016 12:00:00 AM,03:10:19,1.24,46.0,30.44,84.0,176.16,6.75,06:53:00,17:49:00
27647,1482325541,12/21/2016 12:00:00 AM,03:05:41,1.23,46.0,30.44,84.0,161.63,6.75,06:53:00,17:49:00
27648,1482325220,12/21/2016 12:00:00 AM,03:00:20,1.19,46.0,30.44,84.0,155.56,7.87,06:53:00,17:49:00
27649,1482324918,12/21/2016 12:00:00 AM,02:55:18,1.24,46.0,30.45,84.0,165.08,7.87,06:53:00,17:49:00
27650,1482324617,12/21/2016 12:00:00 AM,02:50:17,1.23,46.0,30.45,83.0,166.46,7.87,06:53:00,17:49:00
27651,1482324317,12/21/2016 12:00:00 AM,02:45:17,1.25,46.0,30.45,83.0,165.19,3.37,06:53:00,17:49:00
27652,1482324018,12/21/2016 12:00:00 AM,02:40:18,1.21,46.0,30.45,83.0,157.71,10.12,06:53:00,17:49:00
27653,1482323722,12/21/2016 12:00:00 AM,02:35:22,1.22,46.0,30.45,83.0,182.86,4.5,06:53:00,17:49:00
27654,1482323417,12/21/2016 12:00:00 AM,02:30:17,1.22,46.0,30.45,83.0,140.72,3.37,06:53:00,17:49:00
27655,1482323120,12/21/2016 12:00:00 AM,02:25:20,1.24,46.0,30.45,83.0,131.91,5.62,06:53:00,17:49:00
27656,1482322817,12/21/2016 12:00:00 AM,02:20:17,1.24,46.0,30.45,83.0,179.28,9.0,06:53:00,17:49:00
27657,1482322517,12/21/2016 12:00:00 AM,02:15:17,1.22,46.0,30.45,84.0,111.87,5.62,06:53:00,17:49:00
27658,1482322218,12/21/2016 12:00:00 AM,02:10:18,1.25,46.0,30.45,84.0,139.82,7.87,06:53:00,17:49:00
27659,1482321917,12/21/2016 12:00:00 AM,02:05:17,1.21,46.0,30.45,85.0,159.28,7.87,06:53:00,17:49:00
27660,1482321617,12/21/2016 12:00:00 AM,02:00:17,1.21,46.0,30.45,85.0,153.05,7.87,06:53:00,17:49:00
27661,1482321318,12/21/2016 12:00:00 AM,01:55:18,1.22,46.0,30.46,85.0,148.45,10.12,06:53:00,17:49:00
27662,1482321018,12/21/2016 12:00:00 AM,01:50:18,1.25,46.0,30.46,85.0,141.0,7.87,06:53:00,17:49:00
27663,1482320717,12/21/2016 12:00:00 AM,01:45:17,1.23,46.0,30.46,86.0,162.63,7.87,06:53:00,17:49:00
27664,1482320417,12/21/2016 12:00:00 AM,01:40:17,1.24,46.0,30.46,86.0,159.06,6.75,06:53:00,17:49:00
27665,1482320120,12/21/2016 12:00:00 AM,01:35:20,1.22,45.0,30.46,87.0,182.21,6.75,06:53:00,17:49:00
27666,1482319833,12/21/2016 12:00:00 AM,01:30:33,1.25,45.0,30.47,87.0,167.59,7.87,06:53:00,17:49:00
27667,1482319517,12/21/2016 12:00:00 AM,01:25:17,1.24,45.0,30.47,87.0,169.08,7.87,06:53:00,17:49:00
27668,1482319233,12/21/2016 12:00:00 AM,01:20:33,1.24,45.0,30.47,87.0,171.03,6.75,06:53:00,17:49:00
27669,1482318918,12/21/2016 12:00:00 AM,01:15:18,1.22,45.0,30.47,87.0,183.67,6.75,06:53:00,17:49:00
27670,1482318635,12/21/2016 12:00:00 AM,01:10:35,1.2,45.0,30.47,87.0,201.89,5.62,06:53:00,17:49:00
27671,1482318317,12/21/2016 12:00:00 AM,01:05:17,1.2,45.0,30.47,88.0,176.71,4.5,06:53:00,17:49:00
27672,1482318020,12/21/2016 12:00:00 AM,01:00:20,1.24,45.0,30.48,88.0,169.93,5.62,06:53:00,17:49:00
27673,1482317717,12/21/2016 12:00:00 AM,00:55:17,1.23,45.0,30.48,87.0,173.7,5.62,06:53:00,17:49:00
27674,1482317418,12/21/2016 12:00:00 AM,00:50:18,1.24,46.0,30.47,87.0,181.85,4.5,06:53:00,17:49:00
27675,1482317120,12/21/2016 12:00:00 AM,00:45:20,1.21,46.0,30.48,86.0,200.2,10.12,06:53:00,17:49:00
27676,1482316882,12/21/2016 12:00:00 AM,00:41:22,1.23,46.0,30.48,86.0,184.03,9.0,06:53:00,17:49:00
27677,1482316519,12/21/2016 12:00:00 AM,00:35:19,1.2,46.0,30.48,86.0,159.52,7.87,06:53:00,17:49:00
27678,1482316219,12/21/2016 12:00:00 AM,00:30:19,1.23,46.0,30.48,86.0,159.69,9.0,06:53:00,17:49:00
27679,1482315921,12/21/2016 12:00:00 AM,00:25:21,1.23,46.0,30.48,86.0,147.31,9.0,06:53:00,17:49:00
27680,1482315618,12/21/2016 12:00:00 AM,00:20:18,1.24,46.0,30.48,86.0,166.14,5.62,06:53:00,17:49:00
27681,1482315317,12/21/2016 12:00:00 AM,00:15:17,1.23,46.0,30.48,86.0,167.91,5.62,06:53:00,17:49:00
27682,1482315017,12/21/2016 12:00:00 AM,00:10:17,1.23,46.0,30.48,86.0,180.24,7.87,06:53:00,17:49:00
27683,1482314717,12/21/2016 12:00:00 AM,00:05:17,1.22,46.0,30.49,86.0,163.74,7.87,06:53:00,17:49:00
27684,1482314417,12/21/2016 12:00:00 AM,00:00:17,1.22,46.0,30.49,86.0,168.02,5.62,06:53:00,17:49:00
27685,1482314130,12/20/2016 12:00:00 AM,23:55:30,1.24,46.0,30.49,86.0,166.93,10.12,06:52:00,17:48:00
27686,1482313818,12/20/2016 12:00:00 AM,23:50:18,1.22,46.0,30.49,85.0,164.22,9.0,06:52:00,17:48:00
27687,1482313531,12/20/2016 12:00:00 AM,23:45:31,1.26,46.0,30.49,85.0,166.56,7.87,06:52:00,17:48:00
27688,1482313217,12/20/2016 12:00:00 AM,23:40:17,1.24,47.0,30.49,85.0,126.37,3.37,06:52:00,17:48:00
27689,1482312933,12/20/2016 12:00:00 AM,23:35:33,1.25,47.0,30.49,84.0,169.75,6.75,06:52:00,17:48:00
27690,1482312617,12/20/2016 12:00:00 AM,23:30:17,1.2,51.16507236474315,30.49,85.0,186.14,3.37,06:52:00,17:48:00
27691,1482312317,12/20/2016 12:00:00 AM,23:25:17,1.21,46.0,30.49,85.0,154.16,5.62,06:52:00,17:48:00
27692,1482312018,12/20/2016 12:00:00 AM,23:20:18,1.21,46.0,30.423028000868246,85.0,147.8,10.12,06:52:00,17:48:00
27693,1482311718,12/20/2016 12:00:00 AM,23:15:18,1.23,46.0,30.5,85.0,173.62,5.62,06:52:00,17:48:00
27694,1482311417,12/20/2016 12:00:00 AM,23:10:17,1.21,46.0,30.5,85.0,146.91,9.0,06:52:00,17:48:00
27695,1482311117,12/20/2016 12:00:00 AM,23:05:17,1.21,46.0,30.5,84.0,166.97,5.62,06:52:00,17:48:00
27696,1482310818,12/20/2016 12:00:00 AM,23:00:18,1.22,47.0,30.5,84.0,161.74,4.5,06:52:00,17:48:00
27697,1482310519,12/20/2016 12:00:00 AM,22:55:19,1.22,47.0,30.5,84.0,178.72,6.75,06:52:00,17:48:00
27698,1482310217,12/20/2016 12:00:00 AM,22:50:17,1.23,47.0,30.5,84.0,157.75,3.37,06:52:00,17:48:00
27699,1482309917,12/20/2016 12:00:00 AM,22:45:17,1.21,47.0,30.5,84.0,150.82,4.5,06:52:00,17:48:00
27700,1482309629,12/20/2016 12:00:00 AM,22:40:29,1.23,47.0,30.5,84.0,163.63,7.87,06:52:00,17:48:00
27701,1482309319,12/20/2016 12:00:00 AM,22:35:19,1.23,47.0,30.51,84.0,173.5,7.87,06:52:00,17:48:00
27702,1482309018,12/20/2016 12:00:00 AM,22:30:18,1.24,47.0,30.51,84.0,162.69,4.5,06:52:00,17:48:00
27703,1482308717,12/20/2016 12:00:00 AM,22:25:17,1.22,47.0,30.51,84.0,127.63,5.62,06:52:00,17:48:00
27704,1482308418,12/20/2016 12:00:00 AM,22:20:18,1.21,47.0,30.51,84.0,171.18,7.87,06:52:00,17:48:00
27705,1482308125,12/20/2016 12:00:00 AM,22:15:25,1.24,47.0,30.51,84.0,133.38,4.5,06:52:00,17:48:00
27706,1482307821,12/20/2016 12:00:00 AM,22:10:21,1.23,47.0,30.51,84.0,145.31,5.62,06:52:00,17:48:00
27707,1482307521,12/20/2016 12:00:00 AM,22:05:21,1.22,47.0,30.51,83.0,172.47,5.62,06:52:00,17:48:00
27708,1482307218,12/20/2016 12:00:00 AM,22:00:18,1.2,47.0,30.51,83.0,153.89,7.87,06:52:00,17:48:00
27709,1482306917,12/20/2016 12:00:00 AM,21:55:17,1.22,47.0,30.51,83.0,165.5,7.87,06:52:00,17:48:00
27710,1482306620,12/20/2016 12:00:00 AM,21:50:20,1.22,47.0,30.51,83.0,159.33,10.12,06:52:00,17:48:00
27711,1482306318,12/20/2016 12:00:00 AM,21:45:18,1.25,47.0,30.51,83.0,163.67,6.75,06:52:00,17:48:00
27712,1482306018,12/20/2016 12:00:00 AM,21:40:18,1.22,47.0,30.51,83.0,165.9,7.87,06:52:00,17:48:00
27713,1482305730,12/20/2016 12:00:00 AM,21:35:30,1.2,47.0,30.51,83.0,159.06,10.12,06:52:00,17:48:00
27714,1482305417,12/20/2016 12:00:00 AM,21:30:17,1.24,47.0,30.51,83.0,156.74,4.5,06:52:00,17:48:00
27715,1482305130,12/20/2016 12:00:00 AM,21:25:30,1.21,47.0,30.51,83.0,132.69,7.87,06:52:00,17:48:00
27716,1482304818,12/20/2016 12:00:00 AM,21:20:18,1.22,47.0,30.51,83.0,143.0,5.62,06:52:00,17:48:00
27717,1482304523,12/20/2016 12:00:00 AM,21:15:23,1.22,47.0,30.51,82.0,152.61,6.75,06:52:00,17:48:00
27718,1482304218,12/20/2016 12:00:00 AM,21:10:18,1.23,47.0,30.51,82.0,168.54,9.0,06:52:00,17:48:00
27719,1482303918,12/20/2016 12:00:00 AM,21:05:18,1.24,47.0,30.51,81.0,160.15,5.62,06:52:00,17:48:00
27720,1482303620,12/20/2016 12:00:00 AM,21:00:20,1.25,47.0,30.51,81.0,146.47,3.37,06:52:00,17:48:00
27721,1482303317,12/20/2016 12:00:00 AM,20:55:17,1.25,47.0,30.51,82.0,164.86,4.5,06:52:00,17:48:00
27722,1482303017,12/20/2016 12:00:00 AM,20:50:17,1.21,47.0,30.51,82.0,143.54770303349548,6.75,06:52:00,17:48:00
27723,1482302718,12/20/2016 12:00:00 AM,20:45:18,1.26,47.0,30.51,82.0,135.75,4.5,06:52:00,17:48:00
27724,1482302418,12/20/2016 12:00:00 AM,20:40:18,1.24,47.0,30.51,82.0,172.35,6.75,06:52:00,17:48:00
27725,1482302117,12/20/2016 12:00:00 AM,20:35:17,1.24,47.0,30.51,82.0,160.17,7.87,06:52:00,17:48:00
27726,1482301818,12/20/2016 12:00:00 AM,20:30:18,1.24,47.0,30.51,82.0,164.16,4.5,06:52:00,17:48:00
27727,1482301519,12/20/2016 12:00:00 AM,20:25:19,1.25,47.0,30.51,82.0,81.99,6.75,06:52:00,17:48:00
27728,1482301217,12/20/2016 12:00:00 AM,20:20:17,1.22,47.0,30.51,82.0,153.83,5.62,06:52:00,17:48:00
27729,1482300918,12/20/2016 12:00:00 AM,20:15:18,1.22,47.0,30.51,82.0,166.67,6.75,06:52:00,17:48:00
27730,1482300618,12/20/2016 12:00:00 AM,20:10:18,1.21,48.0,30.51,81.0,157.58,4.5,06:52:00,17:48:00
27731,1482300318,12/20/2016 12:00:00 AM,20:05:18,1.28,48.0,30.5,81.0,143.85,6.75,06:52:00,17:48:00
27732,1482300017,12/20/2016 12:00:00 AM,20:00:17,1.2,48.0,30.5,80.0,152.02,6.75,06:52:00,17:48:00
27733,1482299718,12/20/2016 12:00:00 AM,19:55:18,1.22,48.0,30.5,80.0,175.24,4.5,06:52:00,17:48:00
27734,1482299418,12/20/2016 12:00:00 AM,19:50:18,1.22,48.0,30.5,79.0,194.63,4.5,06:52:00,17:48:00
27735,1482299117,12/20/2016 12:00:00 AM,19:45:17,1.17,48.0,30.5,79.0,123.31,5.62,06:52:00,17:48:00
27736,1482298818,12/20/2016 12:00:00 AM,19:40:18,1.26,48.0,30.5,79.0,175.41,5.62,06:52:00,17:48:00
27737,1482298521,12/20/2016 12:00:00 AM,19:35:21,1.22,48.0,30.5,78.0,158.67,6.75,06:52:00,17:48:00
27738,1482298217,12/20/2016 12:00:00 AM,19:30:17,1.24,48.0,30.5,78.0,180.9,7.87,06:52:00,17:48:00
27739,1482297918,12/20/2016 12:00:00 AM,19:25:18,1.23,48.0,30.5,77.0,82.69,5.62,06:52:00,17:48:00
27740,1482297618,12/20/2016 12:00:00 AM,19:20:18,1.23,48.0,30.5,77.0,121.39,3.37,06:52:00,17:48:00
27741,1482297317,12/20/2016 12:00:00 AM,19:15:17,1.22,49.0,30.5,74.83719267708949,163.29,5.62,06:52:00,17:48:00
27742,1482297017,12/20/2016 12:00:00 AM,19:10:17,1.26,49.0,30.5,76.0,132.57,6.75,06:52:00,17:48:00
27743,1482296721,12/20/2016 12:00:00 AM,19:05:21,1.21,49.0,30.5,75.0,143.66,5.62,06:52:00,17:48:00
27744,1482296419,12/20/2016 12:00:00 AM,19:00:19,1.24,49.0,30.5,76.0,179.24,1.12,06:52:00,17:48:00
27745,1482296118,12/20/2016 12:00:00 AM,18:55:18,1.26,49.0,30.5,75.0,138.02,9.0,06:52:00,17:48:00
27746,1482295817,12/20/2016 12:00:00 AM,18:50:17,1.22,49.0,30.5,75.0,110.71,11.25,06:52:00,17:48:00
27747,1482295518,12/20/2016 12:00:00 AM,18:45:18,1.19,49.0,30.5,75.0,154.24,3.37,06:52:00,17:48:00
27748,1482295218,12/20/2016 12:00:00 AM,18:40:18,1.23,49.0,30.49,74.0,165.55,6.75,06:52:00,17:48:00
27749,1482294918,12/20/2016 12:00:00 AM,18:35:18,1.24,49.0,30.49,74.0,171.72,3.37,06:52:00,17:48:00
27750,1482294621,12/20/2016 12:00:00 AM,18:30:21,1.23,49.0,30.49,73.0,134.79,6.75,06:52:00,17:48:00
27751,1482294317,12/20/2016 12:00:00 AM,18:25:17,1.23,49.0,30.49,73.0,190.1,6.75,06:52:00,17:48:00
27752,1482294021,12/20/2016 12:00:00 AM,18:20:21,1.2,49.0,30.49,72.0,145.45,9.0,06:52:00,17:48:00
27753,1482293718,12/20/2016 12:00:00 AM,18:15:18,1.2,49.0,30.49,71.0,162.5,5.62,06:52:00,17:48:00
27754,1482293418,12/20/2016 12:00:00 AM,18:10:18,1.2,50.0,30.49,70.0,114.05,5.62,06:52:00,17:48:00
27755,1482293119,12/20/2016 12:00:00 AM,18:05:19,1.25,50.0,30.49,70.0,128.8,6.75,06:52:00,17:48:00
27756,1482292820,12/20/2016 12:00:00 AM,18:00:20,2.7,50.0,30.49,69.0,141.97,10.12,06:52:00,17:48:00
27757,1482292521,12/20/2016 12:00:00 AM,17:55:21,3.53,50.0,30.48,69.0,125.28,6.75,06:52:00,17:48:00
27758,1482292219,12/20/2016 12:00:00 AM,17:50:19,6.14,51.0,30.48,69.0,164.22,3.37,06:52:00,17:48:00
27759,1482291918,12/20/2016 12:00:00 AM,17:45:18,7.93,51.0,30.48,69.0,139.95,10.12,06:52:00,17:48:00
27760,1482291618,12/20/2016 12:00:00 AM,17:40:18,11.27,51.0,30.48,69.0,173.88,9.0,06:52:00,17:48:00
27761,1482291318,12/20/2016 12:00:00 AM,17:35:18,13.56,52.0,30.48,66.0,138.16,9.0,06:52:00,17:48:00
27762,1482291021,12/20/2016 12:00:00 AM,17:30:21,17.05,52.0,30.48,65.0,175.77,7.87,06:52:00,17:48:00
27763,1482290719,12/20/2016 12:00:00 AM,17:25:19,31.32,53.0,30.48,65.0,143.54770303349548,5.62,06:52:00,17:48:00
27764,1482290419,12/20/2016 12:00:00 AM,17:20:19,43.49,53.0,30.48,65.0,148.89,9.0,06:52:00,17:48:00
27765,1482290118,12/20/2016 12:00:00 AM,17:15:18,57.78,54.0,30.48,65.0,118.17,9.0,06:52:00,17:48:00
27766,1482289817,12/20/2016 12:00:00 AM,17:10:17,78.83,54.0,30.48,64.0,121.71,7.87,06:52:00,17:48:00
27767,1482289517,12/20/2016 12:00:00 AM,17:05:17,97.03,51.16507236474315,30.48,62.0,150.79,7.87,06:52:00,17:48:00
27768,1482289218,12/20/2016 12:00:00 AM,17:00:18,118.92,54.0,30.48,63.0,126.94,9.0,06:52:00,17:48:00
27769,1482288918,12/20/2016 12:00:00 AM,16:55:18,141.45,55.0,30.48,63.0,89.49,5.62,06:52:00,17:48:00
27770,1482288620,12/20/2016 12:00:00 AM,16:50:20,162.44,55.0,30.48,62.0,108.19,3.37,06:52:00,17:48:00
27771,1482288321,12/20/2016 12:00:00 AM,16:45:21,188.79,55.0,30.48,62.0,160.55,2.25,06:52:00,17:48:00
27772,1482288024,12/20/2016 12:00:00 AM,16:40:24,210.41,55.0,30.48,61.0,145.98,9.0,06:52:00,17:48:00
27773,1482287717,12/20/2016 12:00:00 AM,16:35:17,238.35,56.0,30.48,61.0,112.9,2.25,06:52:00,17:48:00
27774,1482287427,12/20/2016 12:00:00 AM,16:30:27,259.68,55.0,30.48,60.0,80.89,4.5,06:52:00,17:48:00
27775,1482287134,12/20/2016 12:00:00 AM,16:25:34,280.68,55.0,30.48,60.0,124.8,5.62,06:52:00,17:48:00
27776,1482286821,12/20/2016 12:00:00 AM,16:20:21,306.14,55.0,30.48,61.0,89.45,4.5,06:52:00,17:48:00
27777,1482286518,12/20/2016 12:00:00 AM,16:15:18,326.72,56.0,30.48,60.0,80.24,7.87,06:52:00,17:48:00
27778,1482286217,12/20/2016 12:00:00 AM,16:10:17,342.96,56.0,30.48,61.0,33.74,6.75,06:52:00,17:48:00
27779,1482285918,12/20/2016 12:00:00 AM,16:05:18,345.07,56.0,30.48,61.0,46.95,5.62,06:52:00,17:48:00
27780,1482285618,12/20/2016 12:00:00 AM,16:00:18,362.72,56.0,30.48,60.0,112.97,7.87,06:52:00,17:48:00
27781,1482285318,12/20/2016 12:00:00 AM,15:55:18,379.98,56.0,30.48,61.0,62.87,7.87,06:52:00,17:48:00
27782,1482285022,12/20/2016 12:00:00 AM,15:50:22,391.23,56.0,30.48,62.0,45.71,2.25,06:52:00,17:48:00
27783,1482284721,12/20/2016 12:00:00 AM,15:45:21,394.02,56.0,30.48,61.0,46.6,3.37,06:52:00,17:48:00
27784,1482284417,12/20/2016 12:00:00 AM,15:40:17,410.92,56.0,30.48,74.83719267708949,97.03,3.37,06:52:00,17:48:00
27785,1482284117,12/20/2016 12:00:00 AM,15:35:17,427.94,57.0,30.48,60.0,19.79,4.5,06:52:00,17:48:00
27786,1482283817,12/20/2016 12:00:00 AM,15:30:17,456.42,57.0,30.48,59.0,75.28,9.0,06:52:00,17:48:00
27787,1482283519,12/20/2016 12:00:00 AM,15:25:19,512.59,57.0,30.48,60.0,93.21,5.62,06:52:00,17:48:00
27788,1482283225,12/20/2016 12:00:00 AM,15:20:25,564.01,57.0,30.48,59.0,46.79,5.62,06:52:00,17:48:00
27789,1482282920,12/20/2016 12:00:00 AM,15:15:20,462.24,57.0,30.48,60.0,82.02,6.75,06:52:00,17:48:00
27790,1482282625,12/20/2016 12:00:00 AM,15:10:25,534.36,57.0,30.48,58.0,10.57,0.0,06:52:00,17:48:00
27791,1482282318,12/20/2016 12:00:00 AM,15:05:18,501.46,57.0,30.48,60.0,90.43,4.5,06:52:00,17:48:00
27792,1482282018,12/20/2016 12:00:00 AM,15:00:18,545.69,58.0,30.48,59.0,14.12,5.62,06:52:00,17:48:00
27793,1482281717,12/20/2016 12:00:00 AM,14:55:17,592.56,58.0,30.48,60.0,85.33,7.87,06:52:00,17:48:00
27794,1482281417,12/20/2016 12:00:00 AM,14:50:17,630.29,58.0,30.48,61.0,41.77,5.62,06:52:00,17:48:00
27795,1482281118,12/20/2016 12:00:00 AM,14:45:18,658.42,58.0,30.48,62.0,36.24,5.62,06:52:00,17:48:00
27796,1482280818,12/20/2016 12:00:00 AM,14:40:18,645.8,57.0,30.48,63.0,4.08,3.37,06:52:00,17:48:00
27797,1482280517,12/20/2016 12:00:00 AM,14:35:17,674.46,57.0,30.48,66.0,143.54770303349548,5.62,06:52:00,17:48:00
27798,1482280218,12/20/2016 12:00:00 AM,14:30:18,654.16,57.0,30.48,65.0,55.96,7.87,06:52:00,17:48:00
27799,1482279922,12/20/2016 12:00:00 AM,14:25:22,620.74,58.0,30.48,66.0,86.94,9.0,06:52:00,17:48:00
27800,1482279617,12/20/2016 12:00:00 AM,14:20:17,677.62,58.0,30.48,66.0,133.27,4.5,06:52:00,17:48:00
27801,1482279318,12/20/2016 12:00:00 AM,14:15:18,689.42,58.0,30.49,67.0,71.14,4.5,06:52:00,17:48:00
27802,1482279017,12/20/2016 12:00:00 AM,14:10:17,702.84,58.0,30.49,67.0,93.03,4.5,06:52:00,17:48:00
27803,1482278722,12/20/2016 12:00:00 AM,14:05:22,754.48,58.0,30.49,67.0,103.65,2.25,06:52:00,17:48:00
27804,1482278421,12/20/2016 12:00:00 AM,14:00:21,710.24,57.0,30.49,68.0,16.54,5.62,06:52:00,17:48:00
27805,1482278118,12/20/2016 12:00:00 AM,13:55:18,733.36,57.0,30.49,67.0,67.22,9.0,06:52:00,17:48:00
27806,1482277818,12/20/2016 12:00:00 AM,13:50:18,623.65,57.0,30.49,68.0,4.2,5.62,06:52:00,17:48:00
27807,1482277517,12/20/2016 12:00:00 AM,13:45:17,610.19,57.0,30.49,68.0,63.55,4.5,06:52:00,17:48:00
27808,1482277218,12/20/2016 12:00:00 AM,13:40:18,597.73,58.0,30.49,66.0,90.54,10.12,06:52:00,17:48:00
27809,1482276920,12/20/2016 12:00:00 AM,13:35:20,623.15,58.0,30.49,67.0,41.34,6.75,06:52:00,17:48:00
27810,1482276619,12/20/2016 12:00:00 AM,13:30:19,676.68,58.0,30.49,68.0,9.58,5.62,06:52:00,17:48:00
27811,1482276317,12/20/2016 12:00:00 AM,13:25:17,638.59,58.0,30.5,67.0,67.76,6.75,06:52:00,17:48:00
27812,1482276017,12/20/2016 12:00:00 AM,13:20:17,665.42,57.0,30.5,67.0,38.48,4.5,06:52:00,17:48:00
27813,1482275717,12/20/2016 12:00:00 AM,13:15:17,676.07,58.0,30.5,66.0,48.2,5.62,06:52:00,17:48:00
27814,1482275418,12/20/2016 12:00:00 AM,13:10:18,656.68,58.0,30.5,67.0,116.21,2.25,06:52:00,17:48:00
27815,1482275118,12/20/2016 12:00:00 AM,13:05:18,670.42,58.0,30.5,67.0,23.85,7.87,06:52:00,17:48:00
27816,1482274817,12/20/2016 12:00:00 AM,13:00:17,722.03,58.0,30.5,68.0,103.7,5.62,06:52:00,17:48:00
27817,1482274517,12/20/2016 12:00:00 AM,12:55:17,729.65,58.0,30.51,67.0,41.52,9.0,06:52:00,17:48:00
27818,1482274217,12/20/2016 12:00:00 AM,12:50:17,760.2,58.0,30.51,68.0,19.34,7.87,06:52:00,17:48:00
27819,1482273919,12/20/2016 12:00:00 AM,12:45:19,785.74,58.0,30.51,66.0,19.46,5.62,06:52:00,17:48:00
27820,1482273618,12/20/2016 12:00:00 AM,12:40:18,781.96,58.0,30.51,66.0,78.97,10.12,06:52:00,17:48:00
27821,1482273317,12/20/2016 12:00:00 AM,12:35:17,804.42,58.0,30.51,66.0,57.01,5.62,06:52:00,17:48:00
27822,1482273017,12/20/2016 12:00:00 AM,12:30:17,816.7,58.0,30.52,67.0,118.57,7.87,06:52:00,17:48:00
27823,1482272718,12/20/2016 12:00:00 AM,12:25:18,830.05,58.0,30.52,66.0,122.04,7.87,06:52:00,17:48:00
27824,1482272420,12/20/2016 12:00:00 AM,12:20:20,827.42,58.0,30.52,66.0,44.82,6.75,06:52:00,17:48:00
27825,1482272118,12/20/2016 12:00:00 AM,12:15:18,826.58,58.0,30.52,66.0,59.1,5.62,06:52:00,17:48:00
27826,1482271817,12/20/2016 12:00:00 AM,12:10:17,810.23,58.0,30.52,66.0,334.72,5.62,06:52:00,17:48:00
27827,1482271518,12/20/2016 12:00:00 AM,12:05:18,803.89,58.0,30.53,67.0,64.56,15.75,06:52:00,17:48:00
27828,1482271218,12/20/2016 12:00:00 AM,12:00:18,810.26,58.0,30.53,66.0,57.71,3.37,06:52:00,17:48:00
27829,1482270937,12/20/2016 12:00:00 AM,11:55:37,810.67,58.0,30.53,66.0,104.06,6.75,06:52:00,17:48:00
27830,1482270618,12/20/2016 12:00:00 AM,11:50:18,828.68,58.0,30.53,66.0,58.78,6.75,06:52:00,17:48:00
27831,1482270317,12/20/2016 12:00:00 AM,11:45:17,802.55,58.0,30.53,65.0,80.82,5.62,06:52:00,17:48:00
27832,1482270018,12/20/2016 12:00:00 AM,11:40:18,750.01,58.0,30.54,65.0,74.96,5.62,06:52:00,17:48:00
27833,1482269718,12/20/2016 12:00:00 AM,11:35:18,777.47,57.0,30.54,66.0,53.09,4.5,06:52:00,17:48:00
27834,1482269417,12/20/2016 12:00:00 AM,11:30:17,795.11,57.0,30.54,67.0,97.87,4.5,06:52:00,17:48:00
27835,1482269146,12/20/2016 12:00:00 AM,11:25:46,789.21,57.0,30.54,67.0,19.1,9.0,06:52:00,17:48:00
27836,1482268820,12/20/2016 12:00:00 AM,11:20:20,725.97,57.0,30.54,65.0,128.65,3.37,06:52:00,17:48:00
27837,1482268518,12/20/2016 12:00:00 AM,11:15:18,748.78,57.0,30.54,66.0,108.51,3.37,06:52:00,17:48:00
27838,1482268217,12/20/2016 12:00:00 AM,11:10:17,727.58,57.0,30.54,66.0,88.8,2.25,06:52:00,17:48:00
27839,1482267921,12/20/2016 12:00:00 AM,11:05:21,761.21,57.0,30.54,68.0,338.13,5.62,06:52:00,17:48:00
27840,1482267619,12/20/2016 12:00:00 AM,11:00:19,731.23,57.0,30.55,66.0,101.82,6.75,06:52:00,17:48:00
27841,1482267320,12/20/2016 12:00:00 AM,10:55:20,760.37,57.0,30.55,67.0,357.15,9.0,06:52:00,17:48:00
27842,1482267021,12/20/2016 12:00:00 AM,10:50:21,774.69,57.0,30.55,67.0,92.83,6.75,06:52:00,17:48:00
27843,1482266718,12/20/2016 12:00:00 AM,10:45:18,760.97,57.0,30.55,67.0,343.68,1.12,06:52:00,17:48:00
27844,1482266419,12/20/2016 12:00:00 AM,10:40:19,745.13,57.0,30.55,67.0,37.56,2.25,06:52:00,17:48:00
27845,1482266133,12/20/2016 12:00:00 AM,10:35:33,731.67,57.0,30.56,67.0,62.41,4.5,06:52:00,17:48:00
27846,1482265817,12/20/2016 12:00:00 AM,10:30:17,721.25,57.0,30.55,66.0,10.04,9.0,06:52:00,17:48:00
27847,1482265518,12/20/2016 12:00:00 AM,10:25:18,713.62,57.0,30.56,67.0,78.39,4.5,06:52:00,17:48:00
27848,1482265218,12/20/2016 12:00:00 AM,10:20:18,703.72,57.0,30.56,65.0,122.92,6.75,06:52:00,17:48:00
27849,1482264918,12/20/2016 12:00:00 AM,10:15:18,692.49,57.0,30.56,66.0,86.29,7.87,06:52:00,17:48:00
27850,1482264617,12/20/2016 12:00:00 AM,10:10:17,683.02,57.0,30.56,66.0,40.54,12.37,06:52:00,17:48:00
27851,1482264333,12/20/2016 12:00:00 AM,10:05:33,672.5,57.0,30.56,66.0,139.0,3.37,06:52:00,17:48:00
27852,1482264021,12/20/2016 12:00:00 AM,10:00:21,659.87,56.0,30.56,66.0,120.97,7.87,06:52:00,17:48:00
27853,1482263734,12/20/2016 12:00:00 AM,09:55:34,644.4,56.0,30.56,67.0,192.24,2.25,06:52:00,17:48:00
27854,1482263417,12/20/2016 12:00:00 AM,09:50:17,484.08,56.0,30.56,66.0,115.52,5.62,06:52:00,17:48:00
27855,1482263137,12/20/2016 12:00:00 AM,09:45:37,416.92,56.0,30.56,66.0,145.19,5.62,06:52:00,17:48:00
27856,1482262819,12/20/2016 12:00:00 AM,09:40:19,541.83,56.0,30.56,65.0,59.09,5.62,06:52:00,17:48:00
27857,1482262534,12/20/2016 12:00:00 AM,09:35:34,441.41,56.0,30.56,65.0,141.6,4.5,06:52:00,17:48:00
27858,1482262217,12/20/2016 12:00:00 AM,09:30:17,568.56,56.0,30.56,64.0,137.33,5.62,06:52:00,17:48:00
27859,1482261938,12/20/2016 12:00:00 AM,09:25:38,558.29,57.0,30.56,64.0,35.36,5.62,06:52:00,17:48:00
27860,1482261621,12/20/2016 12:00:00 AM,09:20:21,540.28,56.0,30.56,62.0,114.74,6.75,06:52:00,17:48:00
27861,1482261318,12/20/2016 12:00:00 AM,09:15:18,535.98,56.0,30.55,62.0,189.43,4.5,06:52:00,17:48:00
27862,1482261018,12/20/2016 12:00:00 AM,09:10:18,509.21,56.0,30.56,62.0,78.56,3.37,06:52:00,17:48:00
27863,1482260718,12/20/2016 12:00:00 AM,09:05:18,498.72,56.0,30.55,64.0,128.07,3.37,06:52:00,17:48:00
27864,1482260418,12/20/2016 12:00:00 AM,09:00:18,435.41,56.0,30.55,66.0,62.48,4.5,06:52:00,17:48:00
27865,1482260118,12/20/2016 12:00:00 AM,08:55:18,481.99,56.0,30.55,66.0,84.31,4.5,06:52:00,17:48:00
27866,1482259817,12/20/2016 12:00:00 AM,08:50:17,478.55,56.0,30.55,65.0,81.62,6.75,06:52:00,17:48:00
27867,1482259518,12/20/2016 12:00:00 AM,08:45:18,435.05,56.0,30.55,74.83719267708949,105.72,1.12,06:52:00,17:48:00
27868,1482259218,12/20/2016 12:00:00 AM,08:40:18,423.23,55.0,30.55,66.0,136.56,6.75,06:52:00,17:48:00
27869,1482258918,12/20/2016 12:00:00 AM,08:35:18,432.32,54.0,30.54,66.0,121.01,7.87,06:52:00,17:48:00
27870,1482258618,12/20/2016 12:00:00 AM,08:30:18,402.98,53.0,30.54,68.0,143.9,4.5,06:52:00,17:48:00
27871,1482258318,12/20/2016 12:00:00 AM,08:25:18,355.34,52.0,30.54,70.0,134.62,1.12,06:52:00,17:48:00
27872,1482258018,12/20/2016 12:00:00 AM,08:20:18,323.79,51.0,30.54,72.0,143.61,5.62,06:52:00,17:48:00
27873,1482257718,12/20/2016 12:00:00 AM,08:15:18,310.05,51.0,30.54,72.0,147.08,7.87,06:52:00,17:48:00
27874,1482257418,12/20/2016 12:00:00 AM,08:10:18,275.29,50.0,30.54,74.0,171.18,6.75,06:52:00,17:48:00
27875,1482257118,12/20/2016 12:00:00 AM,08:05:18,290.88,49.0,30.54,75.0,158.83,4.5,06:52:00,17:48:00
27876,1482256818,12/20/2016 12:00:00 AM,08:00:18,175.07,48.0,30.54,75.0,166.6,10.12,06:52:00,17:48:00
27877,1482256519,12/20/2016 12:00:00 AM,07:55:19,83.53,48.0,30.54,75.0,142.19,7.87,06:52:00,17:48:00
27878,1482256217,12/20/2016 12:00:00 AM,07:50:17,78.22,47.0,30.54,76.0,144.77,9.0,06:52:00,17:48:00
27879,1482255918,12/20/2016 12:00:00 AM,07:45:18,71.19,47.0,30.54,77.0,139.63,9.0,06:52:00,17:48:00
27880,1482255617,12/20/2016 12:00:00 AM,07:40:17,63.34,46.0,30.53,77.0,156.88,7.87,06:52:00,17:48:00
27881,1482255329,12/20/2016 12:00:00 AM,07:35:29,56.25,46.0,30.53,78.0,163.88,7.87,06:52:00,17:48:00
27882,1482255020,12/20/2016 12:00:00 AM,07:30:20,50.37,45.0,30.53,78.0,173.35,6.75,06:52:00,17:48:00
27883,1482254717,12/20/2016 12:00:00 AM,07:25:17,47.08,45.0,30.53,78.0,181.82,6.75,06:52:00,17:48:00
27884,1482254437,12/20/2016 12:00:00 AM,07:20:37,42.58,45.0,30.53,78.0,172.18,6.75,06:52:00,17:48:00
27885,1482254117,12/20/2016 12:00:00 AM,07:15:17,36.51,45.0,30.53,79.0,174.47,5.62,06:52:00,17:48:00
27886,1482253829,12/20/2016 12:00:00 AM,07:10:29,30.66,44.0,30.53,79.0,184.61,6.75,06:52:00,17:48:00
27887,1482253520,12/20/2016 12:00:00 AM,07:05:20,24.86,44.0,30.53,79.0,163.34,4.5,06:52:00,17:48:00
27888,1482253217,12/20/2016 12:00:00 AM,07:00:17,21.38,44.0,30.53,80.0,175.14,5.62,06:52:00,17:48:00
27889,1482252918,12/20/2016 12:00:00 AM,06:55:18,20.13,44.0,30.53,80.0,192.77,5.62,06:52:00,17:48:00
27890,1482252618,12/20/2016 12:00:00 AM,06:50:18,15.75,44.0,30.53,80.0,180.55,9.0,06:52:00,17:48:00
27891,1482252320,12/20/2016 12:00:00 AM,06:45:20,10.93,44.0,30.53,79.0,181.57,5.62,06:52:00,17:48:00
27892,1482252017,12/20/2016 12:00:00 AM,06:40:17,4.84,44.0,30.52,79.0,162.45,6.75,06:52:00,17:48:00
27893,1482251718,12/20/2016 12:00:00 AM,06:35:18,1.24,44.0,30.52,78.0,185.01,6.75,06:52:00,17:48:00
27894,1482251417,12/20/2016 12:00:00 AM,06:30:17,1.22,44.0,30.52,77.0,178.65,7.87,06:52:00,17:48:00
27895,1482251117,12/20/2016 12:00:00 AM,06:25:17,1.24,44.0,30.52,76.0,158.55,5.62,06:52:00,17:48:00
27896,1482250818,12/20/2016 12:00:00 AM,06:20:18,1.24,44.0,30.52,74.0,146.73,9.0,06:52:00,17:48:00
27897,1482250517,12/20/2016 12:00:00 AM,06:15:17,1.22,44.0,30.52,74.0,135.78,7.87,06:52:00,17:48:00
27898,1482250218,12/20/2016 12:00:00 AM,06:10:18,1.22,44.0,30.52,73.0,177.85,7.87,06:52:00,17:48:00
27899,1482249917,12/20/2016 12:00:00 AM,06:05:17,1.22,44.0,30.52,73.0,159.18,7.87,06:52:00,17:48:00
27900,1482249617,12/20/2016 12:00:00 AM,06:00:17,1.27,44.0,30.52,73.0,171.83,6.75,06:52:00,17:48:00
27901,1482249317,12/20/2016 12:00:00 AM,05:55:17,1.19,45.0,30.52,72.0,176.68,6.75,06:52:00,17:48:00
27902,1482249024,12/20/2016 12:00:00 AM,05:50:24,1.24,45.0,30.52,71.0,183.57,9.0,06:52:00,17:48:00
27903,1482248718,12/20/2016 12:00:00 AM,05:45:18,1.25,45.0,30.52,70.0,169.89,9.0,06:52:00,17:48:00
27904,1482248430,12/20/2016 12:00:00 AM,05:40:30,1.24,45.0,30.52,71.0,145.0,10.12,06:52:00,17:48:00
27905,1482248118,12/20/2016 12:00:00 AM,05:35:18,1.22,45.0,30.51,70.0,174.84,7.87,06:52:00,17:48:00
27906,1482247817,12/20/2016 12:00:00 AM,05:30:17,1.25,45.0,30.51,69.0,166.51,7.87,06:52:00,17:48:00
27907,1482247517,12/20/2016 12:00:00 AM,05:25:17,1.23,45.0,30.51,69.0,169.85,7.87,06:52:00,17:48:00
27908,1482247218,12/20/2016 12:00:00 AM,05:20:18,1.2,45.0,30.51,70.0,147.68,10.12,06:52:00,17:48:00
27909,1482246917,12/20/2016 12:00:00 AM,05:15:17,1.24,45.0,30.51,70.0,168.36,7.87,06:52:00,17:48:00
27910,1482246617,12/20/2016 12:00:00 AM,05:10:17,1.26,46.0,30.51,69.0,177.24,9.0,06:52:00,17:48:00
27911,1482246318,12/20/2016 12:00:00 AM,05:05:18,1.26,46.0,30.51,69.0,170.91,7.87,06:52:00,17:48:00
27912,1482246018,12/20/2016 12:00:00 AM,05:00:18,1.22,46.0,30.51,70.0,170.41,9.0,06:52:00,17:48:00
27913,1482245717,12/20/2016 12:00:00 AM,04:55:17,1.23,46.0,30.51,69.0,148.44,9.0,06:52:00,17:48:00
27914,1482245417,12/20/2016 12:00:00 AM,04:50:17,1.24,46.0,30.51,71.0,170.97,6.75,06:52:00,17:48:00
27915,1482245117,12/20/2016 12:00:00 AM,04:45:17,1.25,46.0,30.51,71.0,169.39,9.0,06:52:00,17:48:00
27916,1482244818,12/20/2016 12:00:00 AM,04:40:18,1.22,45.0,30.51,73.0,157.77,9.0,06:52:00,17:48:00
27917,1482244519,12/20/2016 12:00:00 AM,04:35:19,1.23,45.0,30.51,73.0,165.45,7.87,06:52:00,17:48:00
27918,1482244218,12/20/2016 12:00:00 AM,04:30:18,1.22,46.0,30.51,74.0,185.78,7.87,06:52:00,17:48:00
27919,1482243917,12/20/2016 12:00:00 AM,04:25:17,1.25,46.0,30.51,73.0,154.39,6.75,06:52:00,17:48:00
27920,1482243617,12/20/2016 12:00:00 AM,04:20:17,1.2,46.0,30.51,73.0,160.02,9.0,06:52:00,17:48:00
27921,1482243318,12/20/2016 12:00:00 AM,04:15:18,1.23,46.0,30.5,72.0,145.53,7.87,06:52:00,17:48:00
27922,1482243042,12/20/2016 12:00:00 AM,04:10:42,1.23,46.0,30.5,73.0,150.1,9.0,06:52:00,17:48:00
27923,1482242718,12/20/2016 12:00:00 AM,04:05:18,1.23,46.0,30.5,75.0,172.26,6.75,06:52:00,17:48:00
27924,1482242417,12/20/2016 12:00:00 AM,04:00:17,1.21,46.0,30.5,77.0,159.59,11.25,06:52:00,17:48:00
27925,1482242134,12/20/2016 12:00:00 AM,03:55:34,1.23,46.0,30.5,76.0,179.83,7.87,06:52:00,17:48:00
27926,1482241818,12/20/2016 12:00:00 AM,03:50:18,1.23,46.0,30.5,75.0,155.32,9.0,06:52:00,17:48:00
27927,1482241536,12/20/2016 12:00:00 AM,03:45:36,1.22,46.0,30.5,76.0,167.99,5.62,06:52:00,17:48:00
27928,1482241218,12/20/2016 12:00:00 AM,03:40:18,1.23,46.0,30.5,77.0,156.32,9.0,06:52:00,17:48:00
27929,1482240936,12/20/2016 12:00:00 AM,03:35:36,1.23,46.0,30.5,78.0,163.58,6.75,06:52:00,17:48:00
27930,1482240617,12/20/2016 12:00:00 AM,03:30:17,1.22,46.0,30.5,78.0,154.99,10.12,06:52:00,17:48:00
27931,1482240320,12/20/2016 12:00:00 AM,03:25:20,1.23,46.0,30.5,80.0,158.92,5.62,06:52:00,17:48:00
27932,1482240019,12/20/2016 12:00:00 AM,03:20:19,1.22,47.0,30.5,78.0,162.68,7.87,06:52:00,17:48:00
27933,1482239737,12/20/2016 12:00:00 AM,03:15:37,1.24,47.0,30.5,78.0,180.21,5.62,06:52:00,17:48:00
27934,1482239418,12/20/2016 12:00:00 AM,03:10:18,1.25,47.0,30.5,78.0,169.17,7.87,06:52:00,17:48:00
27935,1482239137,12/20/2016 12:00:00 AM,03:05:37,1.26,47.0,30.51,78.0,190.68,6.75,06:52:00,17:48:00
27936,1482238820,12/20/2016 12:00:00 AM,03:00:20,1.24,47.0,30.5,78.0,173.64,9.0,06:52:00,17:48:00
27937,1482238541,12/20/2016 12:00:00 AM,02:55:41,1.25,47.0,30.51,79.0,185.9,7.87,06:52:00,17:48:00
27938,1482238218,12/20/2016 12:00:00 AM,02:50:18,1.22,47.0,30.5,81.0,148.58,7.87,06:52:00,17:48:00
27939,1482237920,12/20/2016 12:00:00 AM,02:45:20,1.25,47.0,30.51,81.0,166.6,7.87,06:52:00,17:48:00
27940,1482237618,12/20/2016 12:00:00 AM,02:40:18,1.24,47.0,30.5,80.0,180.15,7.87,06:52:00,17:48:00
27941,1482237317,12/20/2016 12:00:00 AM,02:35:17,1.25,47.0,30.5,81.0,156.64,9.0,06:52:00,17:48:00
27942,1482237020,12/20/2016 12:00:00 AM,02:30:20,1.23,47.0,30.5,80.0,162.74,6.75,06:52:00,17:48:00
27943,1482236718,12/20/2016 12:00:00 AM,02:25:18,1.25,47.0,30.51,81.0,171.41,7.87,06:52:00,17:48:00
27944,1482236419,12/20/2016 12:00:00 AM,02:20:19,1.25,47.0,30.51,81.0,191.08,7.87,06:52:00,17:48:00
27945,1482236117,12/20/2016 12:00:00 AM,02:15:17,1.26,47.0,30.51,81.0,171.54,7.87,06:52:00,17:48:00
27946,1482235820,12/20/2016 12:00:00 AM,02:10:20,1.24,47.0,30.51,82.0,164.22,7.87,06:52:00,17:48:00
27947,1482235525,12/20/2016 12:00:00 AM,02:05:25,1.23,46.0,30.51,82.0,165.39,7.87,06:52:00,17:48:00
27948,1482235217,12/20/2016 12:00:00 AM,02:00:17,1.23,47.0,30.51,82.0,186.92,6.75,06:52:00,17:48:00
27949,1482234926,12/20/2016 12:00:00 AM,01:55:26,1.23,47.0,30.51,82.0,180.19,9.0,06:52:00,17:48:00
27950,1482234618,12/20/2016 12:00:00 AM,01:50:18,1.25,47.0,30.51,82.0,185.83,6.75,06:52:00,17:48:00
27951,1482234330,12/20/2016 12:00:00 AM,01:45:30,1.22,47.0,30.51,82.0,183.26,6.75,06:52:00,17:48:00
27952,1482234018,12/20/2016 12:00:00 AM,01:40:18,1.22,47.0,30.52,82.0,171.05,9.0,06:52:00,17:48:00
27953,1482233732,12/20/2016 12:00:00 AM,01:35:32,1.23,47.0,30.52,82.0,182.63,10.12,06:52:00,17:48:00
27954,1482233417,12/20/2016 12:00:00 AM,01:30:17,1.2,47.0,30.52,82.0,157.11,7.87,06:52:00,17:48:00
27955,1482233119,12/20/2016 12:00:00 AM,01:25:19,1.22,47.0,30.52,82.0,157.03,7.87,06:52:00,17:48:00
27956,1482232819,12/20/2016 12:00:00 AM,01:20:19,1.22,47.0,30.52,82.0,179.01,7.87,06:52:00,17:48:00
27957,1482232517,12/20/2016 12:00:00 AM,01:15:17,1.26,47.0,30.52,82.0,176.68,7.87,06:52:00,17:48:00
27958,1482232217,12/20/2016 12:00:00 AM,01:10:17,1.22,47.0,30.52,83.0,176.56,6.75,06:52:00,17:48:00
27959,1482231917,12/20/2016 12:00:00 AM,01:05:17,1.21,47.0,30.52,83.0,151.49,9.0,06:52:00,17:48:00
27960,1482231620,12/20/2016 12:00:00 AM,01:00:20,1.25,47.0,30.52,82.0,161.48,5.62,06:52:00,17:48:00
27961,1482231318,12/20/2016 12:00:00 AM,00:55:18,1.23,47.0,30.53,82.0,165.07,9.0,06:52:00,17:48:00
27962,1482231018,12/20/2016 12:00:00 AM,00:50:18,1.25,47.0,30.53,82.0,179.05,6.75,06:52:00,17:48:00
27963,1482230717,12/20/2016 12:00:00 AM,00:45:17,1.22,47.0,30.53,81.0,151.23,6.75,06:52:00,17:48:00
27964,1482230418,12/20/2016 12:00:00 AM,00:40:18,1.25,47.0,30.53,82.0,166.15,9.0,06:52:00,17:48:00
27965,1482230117,12/20/2016 12:00:00 AM,00:35:17,1.25,47.0,30.53,82.0,161.13,7.87,06:52:00,17:48:00
27966,1482229834,12/20/2016 12:00:00 AM,00:30:34,1.23,47.0,30.53,82.0,164.91,7.87,06:52:00,17:48:00
27967,1482229547,12/20/2016 12:00:00 AM,00:25:47,1.22,47.0,30.53,83.0,158.65,6.75,06:52:00,17:48:00
27968,1482229236,12/20/2016 12:00:00 AM,00:20:36,1.23,47.0,30.53,83.0,187.8,7.87,06:52:00,17:48:00
27969,1482228917,12/20/2016 12:00:00 AM,00:15:17,1.24,47.0,30.53,83.0,193.35,7.87,06:52:00,17:48:00
27970,1482228622,12/20/2016 12:00:00 AM,00:10:22,1.24,47.0,30.53,83.0,178.98,6.75,06:52:00,17:48:00
27971,1482228320,12/20/2016 12:00:00 AM,00:05:20,1.21,47.0,30.54,83.0,188.6,6.75,06:52:00,17:48:00
27972,1482228018,12/20/2016 12:00:00 AM,00:00:18,1.23,47.0,30.54,84.0,186.74,7.87,06:52:00,17:48:00
27973,1482227718,12/19/2016 12:00:00 AM,23:55:18,1.22,47.0,30.54,84.0,183.89,9.0,06:52:00,17:48:00
27974,1482227418,12/19/2016 12:00:00 AM,23:50:18,1.21,47.0,30.54,84.0,188.34,9.0,06:52:00,17:48:00
27975,1482227120,12/19/2016 12:00:00 AM,23:45:20,1.22,47.0,30.54,84.0,184.88,6.75,06:52:00,17:48:00
27976,1482226820,12/19/2016 12:00:00 AM,23:40:20,1.24,47.0,30.54,83.0,161.36,9.0,06:52:00,17:48:00
27977,1482226517,12/19/2016 12:00:00 AM,23:35:17,1.19,47.0,30.54,83.0,187.96,7.87,06:52:00,17:48:00
27978,1482226218,12/19/2016 12:00:00 AM,23:30:18,1.18,47.0,30.54,83.0,174.64,7.87,06:52:00,17:48:00
27979,1482225917,12/19/2016 12:00:00 AM,23:25:17,1.27,48.0,30.54,82.0,178.7,6.75,06:52:00,17:48:00
27980,1482225618,12/19/2016 12:00:00 AM,23:20:18,1.2,48.0,30.54,82.0,191.01,7.87,06:52:00,17:48:00
27981,1482225317,12/19/2016 12:00:00 AM,23:15:17,1.22,48.0,30.54,82.0,172.61,9.0,06:52:00,17:48:00
27982,1482225017,12/19/2016 12:00:00 AM,23:10:17,1.25,48.0,30.55,82.0,189.84,6.75,06:52:00,17:48:00
27983,1482224722,12/19/2016 12:00:00 AM,23:05:22,1.22,48.0,30.55,82.0,172.98,7.87,06:52:00,17:48:00
27984,1482224418,12/19/2016 12:00:00 AM,23:00:18,1.27,48.0,30.55,83.0,162.72,9.0,06:52:00,17:48:00
27985,1482224121,12/19/2016 12:00:00 AM,22:55:21,1.24,48.0,30.55,83.0,168.71,9.0,06:52:00,17:48:00
27986,1482223818,12/19/2016 12:00:00 AM,22:50:18,1.24,48.0,30.55,83.0,172.12,6.75,06:52:00,17:48:00
27987,1482223519,12/19/2016 12:00:00 AM,22:45:19,1.26,48.0,30.55,83.0,192.06,6.75,06:52:00,17:48:00
27988,1482223218,12/19/2016 12:00:00 AM,22:40:18,1.23,48.0,30.55,83.0,191.86,9.0,06:52:00,17:48:00
27989,1482222917,12/19/2016 12:00:00 AM,22:35:17,1.23,48.0,30.55,82.0,172.94,5.62,06:52:00,17:48:00
27990,1482222621,12/19/2016 12:00:00 AM,22:30:21,1.22,48.0,30.55,83.0,182.13,6.75,06:52:00,17:48:00
27991,1482222317,12/19/2016 12:00:00 AM,22:25:17,1.26,48.0,30.55,83.0,178.67,7.87,06:52:00,17:48:00
27992,1482222020,12/19/2016 12:00:00 AM,22:20:20,1.23,48.0,30.55,83.0,182.8,5.62,06:52:00,17:48:00
27993,1482221735,12/19/2016 12:00:00 AM,22:15:35,1.21,48.0,30.56,83.0,166.95,7.87,06:52:00,17:48:00
27994,1482221418,12/19/2016 12:00:00 AM,22:10:18,1.23,48.0,30.56,83.0,192.22,7.87,06:52:00,17:48:00
27995,1482221140,12/19/2016 12:00:00 AM,22:05:40,1.26,49.0,30.56,83.0,171.18,7.87,06:52:00,17:48:00
27996,1482220820,12/19/2016 12:00:00 AM,22:00:20,1.24,49.0,30.56,82.0,177.25,9.0,06:52:00,17:48:00
27997,1482220518,12/19/2016 12:00:00 AM,21:55:18,1.27,49.0,30.56,82.0,157.28,7.87,06:52:00,17:48:00
27998,1482220218,12/19/2016 12:00:00 AM,21:50:18,1.25,49.0,30.56,82.0,166.61,9.0,06:52:00,17:48:00
27999,1482219917,12/19/2016 12:00:00 AM,21:45:17,1.23,49.0,30.56,82.0,184.14,7.87,06:52:00,17:48:00
28000,1482219625,12/19/2016 12:00:00 AM,21:40:25,1.26,49.0,30.56,83.0,169.37,10.12,06:52:00,17:48:00
28001,1482219318,12/19/2016 12:00:00 AM,21:35:18,1.26,49.0,30.56,83.0,183.07,7.87,06:52:00,17:48:00
28002,1482219017,12/19/2016 12:00:00 AM,21:30:17,1.23,49.0,30.56,84.0,168.5,5.62,06:52:00,17:48:00
28003,1482218734,12/19/2016 12:00:00 AM,21:25:34,1.22,49.0,30.56,84.0,173.33,7.87,06:52:00,17:48:00
28004,1482218418,12/19/2016 12:00:00 AM,21:20:18,1.25,49.0,30.56,83.0,189.21,5.62,06:52:00,17:48:00
28005,1482218117,12/19/2016 12:00:00 AM,21:15:17,1.23,49.0,30.56,83.0,156.15,6.75,06:52:00,17:48:00
28006,1482217819,12/19/2016 12:00:00 AM,21:10:19,1.25,49.0,30.56,84.0,174.61,10.12,06:52:00,17:48:00
28007,1482217533,12/19/2016 12:00:00 AM,21:05:33,1.26,49.0,30.56,84.0,148.01,9.0,06:52:00,17:48:00
28008,1482217218,12/19/2016 12:00:00 AM,21:00:18,1.24,49.0,30.56,85.0,172.81,7.87,06:52:00,17:48:00
28009,1482216937,12/19/2016 12:00:00 AM,20:55:37,1.27,49.0,30.56,85.0,149.61,6.75,06:52:00,17:48:00
28010,1482216619,12/19/2016 12:00:00 AM,20:50:19,1.23,49.0,30.55,85.0,159.05,9.0,06:52:00,17:48:00
28011,1482216318,12/19/2016 12:00:00 AM,20:45:18,1.27,49.0,30.55,86.0,147.51,9.0,06:52:00,17:48:00
28012,1482216033,12/19/2016 12:00:00 AM,20:40:33,1.27,49.0,30.55,86.0,179.56,7.87,06:52:00,17:48:00
28013,1482215718,12/19/2016 12:00:00 AM,20:35:18,1.27,49.0,30.55,86.0,177.6,9.0,06:52:00,17:48:00
28014,1482215435,12/19/2016 12:00:00 AM,20:30:35,1.26,49.0,30.55,86.0,164.91,6.75,06:52:00,17:48:00
28015,1482215118,12/19/2016 12:00:00 AM,20:25:18,1.23,49.0,30.55,86.0,187.08,5.62,06:52:00,17:48:00
28016,1482214818,12/19/2016 12:00:00 AM,20:20:18,1.24,49.0,30.55,86.0,178.22,9.0,06:52:00,17:48:00
28017,1482214517,12/19/2016 12:00:00 AM,20:15:17,1.23,49.0,30.55,85.0,196.58,7.87,06:52:00,17:48:00
28018,1482214237,12/19/2016 12:00:00 AM,20:10:37,1.23,49.0,30.55,85.0,187.44,6.75,06:52:00,17:48:00
28019,1482213917,12/19/2016 12:00:00 AM,20:05:17,1.24,49.0,30.54,85.0,158.5,6.75,06:52:00,17:48:00
28020,1482213632,12/19/2016 12:00:00 AM,20:00:32,1.23,50.0,30.54,85.0,181.37,7.87,06:52:00,17:48:00
28021,1482213321,12/19/2016 12:00:00 AM,19:55:21,1.24,50.0,30.54,74.83719267708949,172.83,5.62,06:52:00,17:48:00
28022,1482213032,12/19/2016 12:00:00 AM,19:50:32,1.23,50.0,30.54,85.0,164.74,6.75,06:52:00,17:48:00
28023,1482212718,12/19/2016 12:00:00 AM,19:45:18,1.23,50.0,30.54,84.0,172.56,10.12,06:52:00,17:48:00
28024,1482212434,12/19/2016 12:00:00 AM,19:40:34,1.24,50.0,30.54,85.0,162.45,7.87,06:52:00,17:48:00
28025,1482212120,12/19/2016 12:00:00 AM,19:35:20,1.23,50.0,30.54,84.0,171.65,6.75,06:52:00,17:48:00
28026,1482211818,12/19/2016 12:00:00 AM,19:30:18,1.26,50.0,30.54,84.0,180.03,5.62,06:52:00,17:48:00
28027,1482211520,12/19/2016 12:00:00 AM,19:25:20,1.23,50.0,30.53,85.0,171.68,5.62,06:52:00,17:48:00
28028,1482211218,12/19/2016 12:00:00 AM,19:20:18,1.24,50.0,30.53,85.0,192.64,7.87,06:52:00,17:48:00
28029,1482210917,12/19/2016 12:00:00 AM,19:15:17,1.27,50.0,30.53,84.0,181.29,7.87,06:52:00,17:48:00
28030,1482210617,12/19/2016 12:00:00 AM,19:10:17,1.24,50.0,30.53,85.0,180.09,6.75,06:52:00,17:48:00
28031,1482210321,12/19/2016 12:00:00 AM,19:05:21,1.24,50.0,30.52,85.0,152.99,6.75,06:52:00,17:48:00
28032,1482210018,12/19/2016 12:00:00 AM,19:00:18,1.22,50.0,30.52,87.0,168.59,7.87,06:52:00,17:48:00
28033,1482209718,12/19/2016 12:00:00 AM,18:55:18,1.25,49.0,30.52,89.0,187.09,7.87,06:52:00,17:48:00
28034,1482209419,12/19/2016 12:00:00 AM,18:50:19,1.24,48.0,30.52,93.0,164.44,7.87,06:52:00,17:48:00
28035,1482209123,12/19/2016 12:00:00 AM,18:45:23,1.26,48.0,30.52,98.0,171.69,5.62,06:52:00,17:48:00
28036,1482208818,12/19/2016 12:00:00 AM,18:40:18,1.23,49.0,30.52,99.0,153.37,5.62,06:52:00,17:48:00
28037,1482208517,12/19/2016 12:00:00 AM,18:35:17,1.23,49.0,30.52,99.0,142.55,7.87,06:52:00,17:48:00
28038,1482208240,12/19/2016 12:00:00 AM,18:30:40,1.23,49.0,30.52,98.0,136.96,7.87,06:52:00,17:48:00
28039,1482207922,12/19/2016 12:00:00 AM,18:25:22,1.21,50.0,30.51,98.0,150.1,6.229096658193317,06:52:00,17:48:00
28040,1482207618,12/19/2016 12:00:00 AM,18:20:18,1.26,50.0,30.51,97.0,122.93,7.87,06:52:00,17:48:00
28041,1482207346,12/19/2016 12:00:00 AM,18:15:46,1.22,50.0,30.423028000868246,96.0,149.08,4.5,06:52:00,17:48:00
28042,1482207019,12/19/2016 12:00:00 AM,18:10:19,1.24,51.0,30.423028000868246,96.0,182.87,6.75,06:52:00,17:48:00
28043,1482206717,12/19/2016 12:00:00 AM,18:05:17,1.24,52.0,30.51,94.0,54.99,1.12,06:52:00,17:48:00
28044,1482206427,12/19/2016 12:00:00 AM,18:00:27,1.29,52.0,30.51,87.0,64.57,2.25,06:52:00,17:48:00
28045,1482206117,12/19/2016 12:00:00 AM,17:55:17,2.2,51.0,30.5,88.0,162.88,4.5,06:52:00,17:48:00
28046,1482205848,12/19/2016 12:00:00 AM,17:50:48,3.28,52.0,30.5,94.0,122.36,2.25,06:52:00,17:48:00
28047,1482205517,12/19/2016 12:00:00 AM,17:45:17,4.94,52.0,30.5,96.0,133.44,3.37,06:52:00,17:48:00
28048,1482205218,12/19/2016 12:00:00 AM,17:40:18,6.8,53.0,30.5,95.0,129.42,4.5,06:52:00,17:48:00
28049,1482204919,12/19/2016 12:00:00 AM,17:35:19,9.15,54.0,30.5,92.0,105.13,5.62,06:52:00,17:48:00
28050,1482204618,12/19/2016 12:00:00 AM,17:30:18,10.75,54.0,30.5,88.0,135.98,6.75,06:52:00,17:48:00
28051,1482204318,12/19/2016 12:00:00 AM,17:25:18,12.57,54.0,30.5,91.0,133.12,2.25,06:52:00,17:48:00
28052,1482204018,12/19/2016 12:00:00 AM,17:20:18,16.16,54.0,30.5,95.0,124.49,6.75,06:52:00,17:48:00
28053,1482203721,12/19/2016 12:00:00 AM,17:15:21,23.63,54.0,30.5,98.0,139.72,4.5,06:52:00,17:48:00
28054,1482203417,12/19/2016 12:00:00 AM,17:10:17,27.49,54.0,30.5,98.0,134.9,4.5,06:52:00,17:48:00
28055,1482203118,12/19/2016 12:00:00 AM,17:05:18,48.28,54.0,30.5,98.0,70.88,4.5,06:52:00,17:48:00
28056,1482202817,12/19/2016 12:00:00 AM,17:00:17,69.44,55.0,30.5,98.0,94.14,3.37,06:52:00,17:48:00
28057,1482202517,12/19/2016 12:00:00 AM,16:55:17,45.61,55.0,30.5,97.0,88.77,5.62,06:52:00,17:48:00
28058,1482202217,12/19/2016 12:00:00 AM,16:50:17,94.83,55.0,30.5,97.0,60.96,4.5,06:52:00,17:48:00
28059,1482201918,12/19/2016 12:00:00 AM,16:45:18,38.66,55.0,30.5,96.0,80.43,2.25,06:52:00,17:48:00
28060,1482201621,12/19/2016 12:00:00 AM,16:40:21,83.94,56.0,30.5,95.0,83.08,5.62,06:52:00,17:48:00
28061,1482201317,12/19/2016 12:00:00 AM,16:35:17,160.04,57.0,30.49,92.0,47.96,4.5,06:52:00,17:48:00
28062,1482201018,12/19/2016 12:00:00 AM,16:30:18,119.82,59.0,30.49,74.83719267708949,68.53,6.75,06:52:00,17:48:00
28063,1482200718,12/19/2016 12:00:00 AM,16:25:18,290.04,59.0,30.49,87.0,92.6,3.37,06:52:00,17:48:00
28064,1482200420,12/19/2016 12:00:00 AM,16:20:20,306.47,58.0,30.49,90.0,128.08,5.62,06:52:00,17:48:00
28065,1482200117,12/19/2016 12:00:00 AM,16:15:17,328.24,58.0,30.49,91.0,70.94,4.5,06:52:00,17:48:00
28066,1482199817,12/19/2016 12:00:00 AM,16:10:17,349.77,58.0,30.49,91.0,140.87,4.5,06:52:00,17:48:00
28067,1482199517,12/19/2016 12:00:00 AM,16:05:17,360.08,58.0,30.48,93.0,166.74,4.5,06:52:00,17:48:00
28068,1482199218,12/19/2016 12:00:00 AM,16:00:18,365.57,58.0,30.48,92.0,95.72,3.37,06:52:00,17:48:00
28069,1482198918,12/19/2016 12:00:00 AM,15:55:18,355.77,57.0,30.48,92.0,63.02,3.37,06:52:00,17:48:00
28070,1482198617,12/19/2016 12:00:00 AM,15:50:17,380.39,57.0,30.49,94.0,126.51,5.62,06:52:00,17:48:00
28071,1482198318,12/19/2016 12:00:00 AM,15:45:18,274.79,57.0,30.49,93.0,80.64,4.5,06:52:00,17:48:00
28072,1482198020,12/19/2016 12:00:00 AM,15:40:20,474.23,57.0,30.49,93.0,112.49,3.37,06:52:00,17:48:00
28073,1482197717,12/19/2016 12:00:00 AM,15:35:17,320.98,57.0,30.49,94.0,16.78,3.37,06:52:00,17:48:00
28074,1482197417,12/19/2016 12:00:00 AM,15:30:17,518.1,57.0,30.49,94.0,74.54,2.25,06:52:00,17:48:00
28075,1482197118,12/19/2016 12:00:00 AM,15:25:18,576.04,57.0,30.49,94.0,7.95,4.5,06:52:00,17:48:00
28076,1482196817,12/19/2016 12:00:00 AM,15:20:17,520.06,57.0,30.49,94.0,24.22,3.37,06:52:00,17:48:00
28077,1482196518,12/19/2016 12:00:00 AM,15:15:18,535.47,56.0,30.49,94.0,65.48,0.0,06:52:00,17:48:00
28078,1482196220,12/19/2016 12:00:00 AM,15:10:20,650.89,56.0,30.49,95.0,105.0,5.62,06:52:00,17:48:00
28079,1482195618,12/19/2016 12:00:00 AM,15:00:18,162.58,55.0,30.49,95.0,116.6,5.62,06:52:00,17:48:00
28080,1482195317,12/19/2016 12:00:00 AM,14:55:17,168.19,55.0,30.49,97.0,110.83,6.75,06:52:00,17:48:00
28081,1482195018,12/19/2016 12:00:00 AM,14:50:18,166.17,55.0,30.49,98.0,137.44,6.75,06:52:00,17:48:00
28082,1482194717,12/19/2016 12:00:00 AM,14:45:17,126.09,55.0,30.49,98.0,117.27,3.37,06:52:00,17:48:00
28083,1482194417,12/19/2016 12:00:00 AM,14:40:17,110.05,55.0,30.49,98.0,138.03,3.37,06:52:00,17:48:00
28084,1482194118,12/19/2016 12:00:00 AM,14:35:18,134.95,55.0,30.49,98.0,131.01,4.5,06:52:00,17:48:00
28085,1482193818,12/19/2016 12:00:00 AM,14:30:18,145.5,55.0,30.49,97.0,70.62,3.37,06:52:00,17:48:00
28086,1482193517,12/19/2016 12:00:00 AM,14:25:17,92.65,55.0,30.423028000868246,96.0,50.67,4.5,06:52:00,17:48:00
28087,1482193217,12/19/2016 12:00:00 AM,14:20:17,82.52,55.0,30.49,96.0,35.59,3.37,06:52:00,17:48:00
28088,1482192918,12/19/2016 12:00:00 AM,14:15:18,95.98,56.0,30.49,95.0,5.1,3.37,06:52:00,17:48:00
28089,1482192635,12/19/2016 12:00:00 AM,14:10:35,135.66,56.0,30.49,95.0,60.38,6.229096658193317,06:52:00,17:48:00
28090,1482192317,12/19/2016 12:00:00 AM,14:05:17,336.31,56.0,30.49,95.0,69.35,2.25,06:52:00,17:48:00
28091,1482192040,12/19/2016 12:00:00 AM,14:00:40,185.28,56.0,30.49,95.0,79.06,3.37,06:52:00,17:48:00
28092,1482191718,12/19/2016 12:00:00 AM,13:55:18,271.2,56.0,30.49,96.0,77.04,2.25,06:52:00,17:48:00
28093,1482191433,12/19/2016 12:00:00 AM,13:50:33,427.03,55.0,30.49,96.0,114.59,2.25,06:52:00,17:48:00
28094,1482191117,12/19/2016 12:00:00 AM,13:45:17,259.07,55.0,30.49,95.0,37.34,4.5,06:52:00,17:48:00
28095,1482190836,12/19/2016 12:00:00 AM,13:40:36,225.91,56.0,30.49,95.0,68.32,6.75,06:52:00,17:48:00
28096,1482190520,12/19/2016 12:00:00 AM,13:35:20,83.73,56.0,30.49,93.0,12.9,5.62,06:52:00,17:48:00
28097,1482190234,12/19/2016 12:00:00 AM,13:30:34,607.57,56.0,30.49,89.0,27.73,2.25,06:52:00,17:48:00
28098,1482189918,12/19/2016 12:00:00 AM,13:25:18,157.31,57.0,30.49,85.0,16.45,2.25,06:52:00,17:48:00
28099,1482189617,12/19/2016 12:00:00 AM,13:20:17,149.1,57.0,30.49,83.0,3.09,6.75,06:52:00,17:48:00
28100,1482189317,12/19/2016 12:00:00 AM,13:15:17,276.51,58.0,30.5,76.0,37.91,10.12,06:52:00,17:48:00
28101,1482189018,12/19/2016 12:00:00 AM,13:10:18,153.5,59.0,30.5,75.0,40.19,7.87,06:52:00,17:48:00
28102,1482188717,12/19/2016 12:00:00 AM,13:05:17,884.2,59.0,30.5,75.0,47.46,7.87,06:52:00,17:48:00
28103,1482188424,12/19/2016 12:00:00 AM,13:00:24,920.35,59.0,30.5,78.0,336.35,6.75,06:52:00,17:48:00
28104,1482188117,12/19/2016 12:00:00 AM,12:55:17,705.41,59.0,30.5,75.0,42.15,6.75,06:52:00,17:48:00
28105,1482187843,12/19/2016 12:00:00 AM,12:50:43,876.02,59.0,30.5,73.0,2.9,5.62,06:52:00,17:48:00
28106,1482187518,12/19/2016 12:00:00 AM,12:45:18,876.1,60.0,30.51,72.0,28.2,6.75,06:52:00,17:48:00
28107,1482187231,12/19/2016 12:00:00 AM,12:40:31,803.03,60.0,30.51,67.0,92.22,4.5,06:52:00,17:48:00
28108,1482186929,12/19/2016 12:00:00 AM,12:35:29,925.64,60.0,30.51,67.0,359.82,2.25,06:52:00,17:48:00
28109,1482186635,12/19/2016 12:00:00 AM,12:30:35,945.49,60.0,30.51,65.0,336.67,4.5,06:52:00,17:48:00
28110,1482186321,12/19/2016 12:00:00 AM,12:25:21,688.0,60.0,30.51,61.0,241.97,1.12,06:52:00,17:48:00
28111,1482186017,12/19/2016 12:00:00 AM,12:20:17,441.93,59.0,30.51,65.0,223.29,3.37,06:52:00,17:48:00
28112,1482185717,12/19/2016 12:00:00 AM,12:15:17,759.87,58.0,30.51,65.0,221.61,2.25,06:52:00,17:48:00
28113,1482185418,12/19/2016 12:00:00 AM,12:10:18,614.7,57.0,30.51,77.0,200.27,4.5,06:52:00,17:48:00
28114,1482185123,12/19/2016 12:00:00 AM,12:05:23,512.32,56.0,30.51,80.0,82.07,9.0,06:52:00,17:48:00
28115,1482184818,12/19/2016 12:00:00 AM,12:00:18,721.23,56.0,30.52,79.0,185.01,4.5,06:52:00,17:48:00
28116,1482184527,12/19/2016 12:00:00 AM,11:55:27,515.07,56.0,30.52,77.0,37.49,7.87,06:52:00,17:48:00
28117,1482184218,12/19/2016 12:00:00 AM,11:50:18,487.82,55.0,30.52,78.0,38.25,4.5,06:52:00,17:48:00
28118,1482183929,12/19/2016 12:00:00 AM,11:45:29,886.26,55.0,30.52,79.0,79.56,3.37,06:52:00,17:48:00
28119,1482183624,12/19/2016 12:00:00 AM,11:40:24,447.51,55.0,30.52,80.0,36.33,2.25,06:52:00,17:48:00
28120,1482183333,12/19/2016 12:00:00 AM,11:35:33,350.01,55.0,30.52,79.0,114.2,7.87,06:52:00,17:48:00
28121,1482183017,12/19/2016 12:00:00 AM,11:30:17,235.24,55.0,30.52,77.0,87.21,3.37,06:52:00,17:48:00
28122,1482182736,12/19/2016 12:00:00 AM,11:25:36,223.15,55.0,30.51,79.0,105.39,4.5,06:52:00,17:48:00
28123,1482182421,12/19/2016 12:00:00 AM,11:20:21,230.39,55.0,30.52,80.0,56.36,2.25,06:52:00,17:48:00
28124,1482182117,12/19/2016 12:00:00 AM,11:15:17,228.65,56.0,30.52,80.0,157.62,3.37,06:52:00,17:48:00
28125,1482181817,12/19/2016 12:00:00 AM,11:10:17,325.51,56.0,30.52,81.0,99.5,9.0,06:52:00,17:48:00
28126,1482181517,12/19/2016 12:00:00 AM,11:05:17,366.48,57.0,30.53,78.0,143.59,18.0,06:52:00,17:48:00
28127,1482181218,12/19/2016 12:00:00 AM,11:00:18,351.33,57.0,30.53,78.0,100.78,7.87,06:52:00,17:48:00
28128,1482180918,12/19/2016 12:00:00 AM,10:55:18,358.9,57.0,30.53,76.0,166.55,4.5,06:52:00,17:48:00
28129,1482180636,12/19/2016 12:00:00 AM,10:50:36,389.62,57.0,30.52,77.0,149.15,9.0,06:52:00,17:48:00
28130,1482180318,12/19/2016 12:00:00 AM,10:45:18,357.55,57.0,30.53,79.0,178.69,7.87,06:52:00,17:48:00
28131,1482180017,12/19/2016 12:00:00 AM,10:40:17,358.25,56.0,30.53,79.0,143.01,2.25,06:52:00,17:48:00
28132,1482179718,12/19/2016 12:00:00 AM,10:35:18,329.94,56.0,30.53,80.0,63.39,4.5,06:52:00,17:48:00
28133,1482179417,12/19/2016 12:00:00 AM,10:30:17,320.13,56.0,30.53,76.0,107.51,3.37,06:52:00,17:48:00
28134,1482179118,12/19/2016 12:00:00 AM,10:25:18,326.16,56.0,30.53,77.0,138.62,2.25,06:52:00,17:48:00
28135,1482178817,12/19/2016 12:00:00 AM,10:20:17,315.88,55.0,30.54,81.0,147.36,5.62,06:52:00,17:48:00
28136,1482178517,12/19/2016 12:00:00 AM,10:15:17,275.7,55.0,30.54,81.0,167.09,4.5,06:52:00,17:48:00
28137,1482178218,12/19/2016 12:00:00 AM,10:10:18,263.67,55.0,30.54,80.0,167.99,6.75,06:52:00,17:48:00
28138,1482177918,12/19/2016 12:00:00 AM,10:05:18,262.6,55.0,30.54,81.0,155.04,2.25,06:52:00,17:48:00
28139,1482177617,12/19/2016 12:00:00 AM,10:00:17,247.11,54.0,30.54,82.0,138.64,6.75,06:52:00,17:48:00
28140,1482177322,12/19/2016 12:00:00 AM,09:55:22,241.48,54.0,30.54,83.0,154.92,7.87,06:52:00,17:48:00
28141,1482177018,12/19/2016 12:00:00 AM,09:50:18,264.44,53.0,30.53,83.0,160.17,4.5,06:52:00,17:48:00
28142,1482176717,12/19/2016 12:00:00 AM,09:45:17,264.8,53.0,30.53,84.0,125.81,6.75,06:52:00,17:48:00
28143,1482176417,12/19/2016 12:00:00 AM,09:40:17,269.53,53.0,30.53,84.0,154.09,7.87,06:52:00,17:48:00
28144,1482176127,12/19/2016 12:00:00 AM,09:35:27,257.41,52.0,30.53,85.0,143.94,12.37,06:52:00,17:48:00
28145,1482175818,12/19/2016 12:00:00 AM,09:30:18,210.41,52.0,30.52,86.0,156.19,9.0,06:52:00,17:48:00
28146,1482175552,12/19/2016 12:00:00 AM,09:25:52,188.29,51.0,30.52,86.0,172.28,10.12,06:52:00,17:48:00
28147,1482175221,12/19/2016 12:00:00 AM,09:20:21,196.71,51.0,30.52,87.0,153.49,7.87,06:52:00,17:48:00
28148,1482174918,12/19/2016 12:00:00 AM,09:15:18,168.64,50.0,30.53,86.0,149.34,7.87,06:52:00,17:48:00
28149,1482174620,12/19/2016 12:00:00 AM,09:10:20,152.93,50.0,30.53,87.0,166.77,7.87,06:52:00,17:48:00
28150,1482174325,12/19/2016 12:00:00 AM,09:05:25,116.43,50.0,30.52,87.0,161.94,7.87,06:52:00,17:48:00
28151,1482174017,12/19/2016 12:00:00 AM,09:00:17,99.77,50.0,30.52,88.0,157.63,7.87,06:52:00,17:48:00
28152,1482173729,12/19/2016 12:00:00 AM,08:55:29,96.78,49.0,30.52,88.0,168.2,9.0,06:52:00,17:48:00
28153,1482173418,12/19/2016 12:00:00 AM,08:50:18,97.14,49.0,30.52,89.0,163.09,6.75,06:52:00,17:48:00
28154,1482173132,12/19/2016 12:00:00 AM,08:45:32,88.7,49.0,30.52,90.0,140.74,6.75,06:52:00,17:48:00
28155,1482172819,12/19/2016 12:00:00 AM,08:40:19,90.27,49.0,30.52,90.0,116.51,6.75,06:52:00,17:48:00
28156,1482172517,12/19/2016 12:00:00 AM,08:35:17,88.68,49.0,30.52,90.0,130.72,7.87,06:52:00,17:48:00
28157,1482172217,12/19/2016 12:00:00 AM,08:30:17,81.12,49.0,30.52,90.0,139.56,7.87,06:52:00,17:48:00
28158,1482171918,12/19/2016 12:00:00 AM,08:25:18,73.81,48.0,30.52,90.0,136.18,7.87,06:52:00,17:48:00
28159,1482171633,12/19/2016 12:00:00 AM,08:20:33,68.64,48.0,30.51,90.0,101.31,9.0,06:52:00,17:48:00
28160,1482171336,12/19/2016 12:00:00 AM,08:15:36,68.13,48.0,30.51,89.0,154.35,6.75,06:52:00,17:48:00
28161,1482171020,12/19/2016 12:00:00 AM,08:10:20,69.99,48.0,30.51,89.0,174.58,4.5,06:52:00,17:48:00
28162,1482170741,12/19/2016 12:00:00 AM,08:05:41,62.86,48.0,30.51,89.0,129.94,6.75,06:52:00,17:48:00
28163,1482170420,12/19/2016 12:00:00 AM,08:00:20,53.13,48.0,30.51,89.0,143.26,4.5,06:52:00,17:48:00
28164,1482170143,12/19/2016 12:00:00 AM,07:55:43,47.99,48.0,30.51,89.0,103.91,5.62,06:52:00,17:48:00
28165,1482169818,12/19/2016 12:00:00 AM,07:50:18,48.83,47.0,30.51,90.0,128.95,4.5,06:52:00,17:48:00
28166,1482169533,12/19/2016 12:00:00 AM,07:45:33,41.7,47.0,30.51,91.0,148.14,6.75,06:52:00,17:48:00
28167,1482169217,12/19/2016 12:00:00 AM,07:40:17,32.98,47.0,30.51,90.0,143.54770303349548,4.5,06:52:00,17:48:00
28168,1482168918,12/19/2016 12:00:00 AM,07:35:18,26.61,47.0,30.51,91.0,157.1,4.5,06:52:00,17:48:00
28169,1482168633,12/19/2016 12:00:00 AM,07:30:33,24.7,46.0,30.51,91.0,183.11,2.25,06:52:00,17:48:00
28170,1482168318,12/19/2016 12:00:00 AM,07:25:18,19.05,46.0,30.51,91.0,171.65,3.37,06:52:00,17:48:00
28171,1482168034,12/19/2016 12:00:00 AM,07:20:34,16.49,46.0,30.51,91.0,153.81,10.12,06:52:00,17:48:00
28172,1482167717,12/19/2016 12:00:00 AM,07:15:17,15.72,46.0,30.51,91.0,156.37,5.62,06:52:00,17:48:00
28173,1482167422,12/19/2016 12:00:00 AM,07:10:22,11.25,46.0,30.51,91.0,182.62,9.0,06:52:00,17:48:00
28174,1482167118,12/19/2016 12:00:00 AM,07:05:18,6.86,46.0,30.51,91.0,138.52,7.87,06:52:00,17:48:00
28175,1482166817,12/19/2016 12:00:00 AM,07:00:17,3.44,46.0,30.5,90.0,146.48,12.37,06:52:00,17:48:00
28176,1482166519,12/19/2016 12:00:00 AM,06:55:19,2.24,46.0,30.51,89.0,129.81,7.87,06:52:00,17:48:00
28177,1482166227,12/19/2016 12:00:00 AM,06:50:27,1.7,46.0,30.5,89.0,187.0,4.5,06:52:00,17:48:00
28178,1482165918,12/19/2016 12:00:00 AM,06:45:18,1.23,46.0,30.5,88.0,155.57,5.62,06:52:00,17:48:00
28179,1482165630,12/19/2016 12:00:00 AM,06:40:30,1.22,46.0,30.49,88.0,168.09,4.5,06:52:00,17:48:00
28180,1482165318,12/19/2016 12:00:00 AM,06:35:18,1.23,46.0,30.49,87.0,123.46,4.5,06:52:00,17:48:00
28181,1482165033,12/19/2016 12:00:00 AM,06:30:33,1.24,46.0,30.49,87.0,160.77,2.25,06:52:00,17:48:00
28182,1482164721,12/19/2016 12:00:00 AM,06:25:21,1.25,46.0,30.49,87.0,151.39,5.62,06:52:00,17:48:00
28183,1482164436,12/19/2016 12:00:00 AM,06:20:36,1.22,46.0,30.49,87.0,149.36,6.75,06:52:00,17:48:00
28184,1482164120,12/19/2016 12:00:00 AM,06:15:20,1.24,46.0,30.49,88.0,157.96,7.87,06:52:00,17:48:00
28185,1482163818,12/19/2016 12:00:00 AM,06:10:18,1.24,46.0,30.48,88.0,163.41,7.87,06:52:00,17:48:00
28186,1482163519,12/19/2016 12:00:00 AM,06:05:19,1.24,46.0,30.48,89.0,161.75,4.5,06:52:00,17:48:00
28187,1482163220,12/19/2016 12:00:00 AM,06:00:20,1.22,46.0,30.423028000868246,89.0,175.82,5.62,06:52:00,17:48:00
28188,1482162917,12/19/2016 12:00:00 AM,05:55:17,1.24,46.0,30.48,89.0,173.86,5.62,06:52:00,17:48:00
28189,1482162622,12/19/2016 12:00:00 AM,05:50:22,1.24,46.0,30.48,89.0,178.0,5.62,06:52:00,17:48:00
28190,1482162318,12/19/2016 12:00:00 AM,05:45:18,1.22,45.0,30.48,89.0,165.25,6.75,06:52:00,17:48:00
28191,1482162024,12/19/2016 12:00:00 AM,05:40:24,1.24,45.0,30.48,89.0,179.22,9.0,06:52:00,17:48:00
28192,1482161717,12/19/2016 12:00:00 AM,05:35:17,1.22,45.0,30.48,89.0,159.19,4.5,06:52:00,17:48:00
28193,1482161430,12/19/2016 12:00:00 AM,05:30:30,1.21,45.0,30.48,89.0,179.16,5.62,06:52:00,17:48:00
28194,1482161117,12/19/2016 12:00:00 AM,05:25:17,1.24,45.0,30.47,89.0,179.18,5.62,06:52:00,17:48:00
28195,1482160817,12/19/2016 12:00:00 AM,05:20:17,1.2,45.0,30.47,89.0,179.52,5.62,06:52:00,17:48:00
28196,1482160518,12/19/2016 12:00:00 AM,05:15:18,1.23,45.0,30.47,90.0,188.01,6.75,06:52:00,17:48:00
28197,1482160217,12/19/2016 12:00:00 AM,05:10:17,1.25,45.0,30.47,90.0,188.74,6.75,06:52:00,17:48:00
28198,1482159918,12/19/2016 12:00:00 AM,05:05:18,1.22,44.0,30.47,90.0,184.39,7.87,06:52:00,17:48:00
28199,1482159618,12/19/2016 12:00:00 AM,05:00:18,1.22,44.0,30.47,74.83719267708949,187.54,6.75,06:52:00,17:48:00
28200,1482159317,12/19/2016 12:00:00 AM,04:55:17,1.23,44.0,30.47,89.0,185.25,6.75,06:52:00,17:48:00
28201,1482159017,12/19/2016 12:00:00 AM,04:50:17,1.2,44.0,30.47,88.0,187.29,6.75,06:52:00,17:48:00
28202,1482158720,12/19/2016 12:00:00 AM,04:45:20,1.21,44.0,30.48,88.0,177.79,5.62,06:52:00,17:48:00
28203,1482158417,12/19/2016 12:00:00 AM,04:40:17,1.23,44.0,30.47,89.0,172.81,5.62,06:52:00,17:48:00
28204,1482158119,12/19/2016 12:00:00 AM,04:35:19,1.21,44.0,30.47,89.0,177.48,6.75,06:52:00,17:48:00
28205,1482157818,12/19/2016 12:00:00 AM,04:30:18,1.24,44.0,30.47,88.0,141.86,4.5,06:52:00,17:48:00
28206,1482157521,12/19/2016 12:00:00 AM,04:25:21,1.24,44.0,30.47,89.0,177.71,5.62,06:52:00,17:48:00
28207,1482157217,12/19/2016 12:00:00 AM,04:20:17,1.24,44.0,30.47,90.0,176.62,4.5,06:52:00,17:48:00
28208,1482156918,12/19/2016 12:00:00 AM,04:15:18,1.21,44.0,30.47,90.0,176.73,5.62,06:52:00,17:48:00
28209,1482156618,12/19/2016 12:00:00 AM,04:10:18,1.26,44.0,30.47,90.0,176.67,4.5,06:52:00,17:48:00
28210,1482156321,12/19/2016 12:00:00 AM,04:05:21,1.24,44.0,30.47,90.0,174.99,5.62,06:52:00,17:48:00
28211,1482156018,12/19/2016 12:00:00 AM,04:00:18,1.21,44.0,30.47,89.0,174.53,4.5,06:52:00,17:48:00
28212,1482155730,12/19/2016 12:00:00 AM,03:55:30,1.26,44.0,30.47,89.0,174.53,5.62,06:52:00,17:48:00
28213,1482155417,12/19/2016 12:00:00 AM,03:50:17,1.23,45.0,30.47,88.0,172.66,4.5,06:52:00,17:48:00
28214,1482155130,12/19/2016 12:00:00 AM,03:45:30,1.21,45.0,30.47,88.0,172.57,7.87,06:52:00,17:48:00
28215,1482154817,12/19/2016 12:00:00 AM,03:40:17,1.21,45.0,30.47,87.0,157.78,4.5,06:52:00,17:48:00
28216,1482154534,12/19/2016 12:00:00 AM,03:35:34,1.22,46.0,30.47,86.0,157.78,3.37,06:52:00,17:48:00
28217,1482154218,12/19/2016 12:00:00 AM,03:30:18,1.21,46.0,30.47,85.0,157.78,4.5,06:52:00,17:48:00
28218,1482153934,12/19/2016 12:00:00 AM,03:25:34,1.21,47.0,30.47,83.0,157.78,4.5,06:52:00,17:48:00
28219,1482153617,12/19/2016 12:00:00 AM,03:20:17,1.24,48.0,30.47,82.0,155.94,4.5,06:52:00,17:48:00
28220,1482153330,12/19/2016 12:00:00 AM,03:15:30,1.2,48.0,30.47,82.0,155.86,2.25,06:52:00,17:48:00
28221,1482153022,12/19/2016 12:00:00 AM,03:10:22,1.24,47.0,30.47,83.0,155.86,1.12,06:52:00,17:48:00
28222,1482152717,12/19/2016 12:00:00 AM,03:05:17,1.24,47.0,30.47,84.0,155.86,1.12,06:52:00,17:48:00
28223,1482152418,12/19/2016 12:00:00 AM,03:00:18,1.27,47.0,30.47,84.0,155.86,3.37,06:52:00,17:48:00
28224,1482152118,12/19/2016 12:00:00 AM,02:55:18,1.23,46.0,30.47,85.0,155.7,2.25,06:52:00,17:48:00
28225,1482151818,12/19/2016 12:00:00 AM,02:50:18,1.24,46.0,30.47,86.0,155.72,1.12,06:52:00,17:48:00
28226,1482151518,12/19/2016 12:00:00 AM,02:45:18,1.22,46.0,30.47,87.0,155.72,3.37,06:52:00,17:48:00
28227,1482151217,12/19/2016 12:00:00 AM,02:40:17,1.21,46.0,30.47,87.0,155.7,3.37,06:52:00,17:48:00
28228,1482150917,12/19/2016 12:00:00 AM,02:35:17,1.24,46.0,30.47,86.0,155.11,3.37,06:52:00,17:48:00
28229,1482150618,12/19/2016 12:00:00 AM,02:30:18,1.24,46.0,30.47,87.0,171.96,4.5,06:52:00,17:48:00
28230,1482150318,12/19/2016 12:00:00 AM,02:25:18,1.26,46.0,30.46,87.0,175.47,4.5,06:52:00,17:48:00
28231,1482150017,12/19/2016 12:00:00 AM,02:20:17,1.26,46.0,30.46,86.0,175.89,3.37,06:52:00,17:48:00
28232,1482149721,12/19/2016 12:00:00 AM,02:15:21,1.21,46.0,30.47,86.0,175.86,5.62,06:52:00,17:48:00
28233,1482149420,12/19/2016 12:00:00 AM,02:10:20,1.24,46.0,30.47,87.0,169.18,5.62,06:52:00,17:48:00
28234,1482149117,12/19/2016 12:00:00 AM,02:05:17,1.21,46.0,30.47,88.0,175.4,6.75,06:52:00,17:48:00
28235,1482148818,12/19/2016 12:00:00 AM,02:00:18,1.25,46.0,30.47,88.0,173.96,3.37,06:52:00,17:48:00
28236,1482148518,12/19/2016 12:00:00 AM,01:55:18,1.23,46.0,30.47,88.0,173.97,4.5,06:52:00,17:48:00
28237,1482148217,12/19/2016 12:00:00 AM,01:50:17,1.21,46.0,30.47,88.0,173.99,5.62,06:52:00,17:48:00
28238,1482147918,12/19/2016 12:00:00 AM,01:45:18,1.23,46.0,30.47,88.0,172.98,5.62,06:52:00,17:48:00
28239,1482147629,12/19/2016 12:00:00 AM,01:40:29,1.27,46.0,30.47,88.0,173.07,3.37,06:52:00,17:48:00
28240,1482147317,12/19/2016 12:00:00 AM,01:35:17,1.22,46.0,30.47,88.0,190.34,4.5,06:52:00,17:48:00
28241,1482147025,12/19/2016 12:00:00 AM,01:30:25,1.22,47.0,30.47,87.0,190.39,3.37,06:52:00,17:48:00
28242,1482146730,12/19/2016 12:00:00 AM,01:25:30,1.26,47.0,30.47,87.0,193.93,3.37,06:52:00,17:48:00
28243,1482146418,12/19/2016 12:00:00 AM,01:20:18,1.24,47.0,30.47,87.0,193.92,5.62,06:52:00,17:48:00
28244,1482146132,12/19/2016 12:00:00 AM,01:15:32,1.24,47.0,30.47,86.0,193.93,3.37,06:52:00,17:48:00
28245,1482145817,12/19/2016 12:00:00 AM,01:10:17,1.25,47.0,30.47,85.0,193.93,3.37,06:52:00,17:48:00
28246,1482145534,12/19/2016 12:00:00 AM,01:05:34,1.24,48.0,30.47,84.0,193.89,5.62,06:52:00,17:48:00
28247,1482145217,12/19/2016 12:00:00 AM,01:00:17,1.26,49.0,30.47,83.0,227.89,3.37,06:52:00,17:48:00
28248,1482144918,12/19/2016 12:00:00 AM,00:55:18,1.22,49.0,30.47,82.0,227.9,4.5,06:52:00,17:48:00
28249,1482144618,12/19/2016 12:00:00 AM,00:50:18,1.25,49.0,30.47,82.0,227.9,2.25,06:52:00,17:48:00
28250,1482144317,12/19/2016 12:00:00 AM,00:45:17,1.22,48.0,30.47,83.0,201.24,6.229096658193317,06:52:00,17:48:00
28251,1482144018,12/19/2016 12:00:00 AM,00:40:18,1.26,48.0,30.47,84.0,196.98,5.62,06:52:00,17:48:00
28252,1482143717,12/19/2016 12:00:00 AM,00:35:17,1.26,49.0,30.47,82.0,195.68,9.0,06:52:00,17:48:00
28253,1482143417,12/19/2016 12:00:00 AM,00:30:17,1.26,50.0,30.47,81.0,200.83,6.75,06:52:00,17:48:00
28254,1482143119,12/19/2016 12:00:00 AM,00:25:19,1.27,51.16507236474315,30.47,80.0,266.24,3.37,06:52:00,17:48:00
28255,1482142817,12/19/2016 12:00:00 AM,00:20:17,1.22,50.0,30.47,82.0,205.49,6.75,06:52:00,17:48:00
28256,1482142518,12/19/2016 12:00:00 AM,00:15:18,1.22,49.0,30.47,82.0,359.85,5.62,06:52:00,17:48:00
28257,1482142218,12/19/2016 12:00:00 AM,00:10:18,1.24,47.0,30.47,84.0,241.39,1.12,06:52:00,17:48:00
28258,1482141617,12/19/2016 12:00:00 AM,00:00:17,1.25,47.0,30.47,85.0,182.25,3.37,06:52:00,17:48:00
28259,1482141318,12/18/2016 12:00:00 AM,23:55:18,1.23,47.0,30.47,86.0,179.43,7.87,06:51:00,17:47:00
28260,1482141017,12/18/2016 12:00:00 AM,23:50:17,1.23,46.0,30.47,85.0,177.85,1.12,06:51:00,17:47:00
28261,1482140717,12/18/2016 12:00:00 AM,23:45:17,1.23,47.0,30.47,87.0,176.13,3.37,06:51:00,17:47:00
28262,1482140417,12/18/2016 12:00:00 AM,23:40:17,1.23,47.0,30.47,87.0,168.6,5.62,06:51:00,17:47:00
28263,1482140117,12/18/2016 12:00:00 AM,23:35:17,1.23,47.0,30.47,87.0,165.38,5.62,06:51:00,17:47:00
28264,1482139821,12/18/2016 12:00:00 AM,23:30:21,1.24,47.0,30.47,86.0,173.16,5.62,06:51:00,17:47:00
28265,1482139518,12/18/2016 12:00:00 AM,23:25:18,1.22,47.0,30.47,86.0,166.38,5.62,06:51:00,17:47:00
28266,1482139218,12/18/2016 12:00:00 AM,23:20:18,1.23,48.0,30.47,87.0,153.02,3.37,06:51:00,17:47:00
28267,1482138919,12/18/2016 12:00:00 AM,23:15:19,1.24,48.0,30.47,87.0,158.64,6.75,06:51:00,17:47:00
28268,1482138618,12/18/2016 12:00:00 AM,23:10:18,1.24,48.0,30.47,86.0,126.9,3.37,06:51:00,17:47:00
28269,1482138318,12/18/2016 12:00:00 AM,23:05:18,1.25,48.0,30.47,87.0,120.17,3.37,06:51:00,17:47:00
28270,1482138018,12/18/2016 12:00:00 AM,23:00:18,1.27,48.0,30.48,87.0,97.84,3.37,06:51:00,17:47:00
28271,1482137717,12/18/2016 12:00:00 AM,22:55:17,1.24,48.0,30.48,74.83719267708949,188.67,7.87,06:51:00,17:47:00
28272,1482137418,12/18/2016 12:00:00 AM,22:50:18,1.21,48.0,30.47,89.0,142.29,2.25,06:51:00,17:47:00
28273,1482137118,12/18/2016 12:00:00 AM,22:45:18,1.23,47.0,30.47,91.0,198.05,2.25,06:51:00,17:47:00
28274,1482136817,12/18/2016 12:00:00 AM,22:40:17,1.24,47.0,30.48,91.0,201.51,3.37,06:51:00,17:47:00
28275,1482136517,12/18/2016 12:00:00 AM,22:35:17,1.21,47.0,30.48,91.0,217.31,4.5,06:51:00,17:47:00
28276,1482136222,12/18/2016 12:00:00 AM,22:30:22,1.23,47.0,30.48,91.0,218.23,5.62,06:51:00,17:47:00
28277,1482135917,12/18/2016 12:00:00 AM,22:25:17,1.26,47.0,30.47,91.0,263.71,1.12,06:51:00,17:47:00
28278,1482135617,12/18/2016 12:00:00 AM,22:20:17,1.25,47.0,30.47,93.0,264.35,2.25,06:51:00,17:47:00
28279,1482135317,12/18/2016 12:00:00 AM,22:15:17,1.23,47.0,30.47,93.0,264.44,3.37,06:51:00,17:47:00
28280,1482135018,12/18/2016 12:00:00 AM,22:10:18,1.23,47.0,30.47,93.0,161.34,2.25,06:51:00,17:47:00
28281,1482134724,12/18/2016 12:00:00 AM,22:05:24,1.22,46.0,30.46,93.0,159.63,2.25,06:51:00,17:47:00
28282,1482134418,12/18/2016 12:00:00 AM,22:00:18,1.22,47.0,30.46,93.0,210.08,4.5,06:51:00,17:47:00
28283,1482134119,12/18/2016 12:00:00 AM,21:55:19,1.25,47.0,30.47,92.0,219.91,2.25,06:51:00,17:47:00
28284,1482133817,12/18/2016 12:00:00 AM,21:50:17,1.21,46.0,30.47,94.0,218.53,2.25,06:51:00,17:47:00
28285,1482133520,12/18/2016 12:00:00 AM,21:45:20,1.2,46.0,30.47,94.0,306.91,2.25,06:51:00,17:47:00
28286,1482133249,12/18/2016 12:00:00 AM,21:40:49,1.22,46.0,30.47,95.0,176.18,0.0,06:51:00,17:47:00
28287,1482132918,12/18/2016 12:00:00 AM,21:35:18,1.28,46.0,30.47,95.0,176.17,5.62,06:51:00,17:47:00
28288,1482132621,12/18/2016 12:00:00 AM,21:30:21,1.27,46.0,30.48,95.0,176.23,5.62,06:51:00,17:47:00
28289,1482132317,12/18/2016 12:00:00 AM,21:25:17,1.23,46.0,30.48,94.0,200.72,6.75,06:51:00,17:47:00
28290,1482132018,12/18/2016 12:00:00 AM,21:20:18,1.25,46.0,30.48,95.0,201.87,1.12,06:51:00,17:47:00
28291,1482131725,12/18/2016 12:00:00 AM,21:15:25,1.21,46.0,30.48,95.0,198.61,1.12,06:51:00,17:47:00
28292,1482131419,12/18/2016 12:00:00 AM,21:10:19,1.23,46.0,30.48,95.0,210.61,2.25,06:51:00,17:47:00
28293,1482131117,12/18/2016 12:00:00 AM,21:05:17,1.22,46.0,30.48,95.0,208.45,4.5,06:51:00,17:47:00
28294,1482130819,12/18/2016 12:00:00 AM,21:00:19,1.21,46.0,30.48,95.0,203.83,4.5,06:51:00,17:47:00
28295,1482130518,12/18/2016 12:00:00 AM,20:55:18,1.22,46.0,30.47,95.0,293.92,4.5,06:51:00,17:47:00
28296,1482130217,12/18/2016 12:00:00 AM,20:50:17,1.22,46.0,30.47,95.0,231.39,2.25,06:51:00,17:47:00
28297,1482129925,12/18/2016 12:00:00 AM,20:45:25,1.19,46.0,30.47,95.0,321.65,3.37,06:51:00,17:47:00
28298,1482129618,12/18/2016 12:00:00 AM,20:40:18,1.24,46.0,30.47,96.0,335.19,6.75,06:51:00,17:47:00
28299,1482129318,12/18/2016 12:00:00 AM,20:35:18,1.22,46.0,30.47,96.0,205.13,5.62,06:51:00,17:47:00
28300,1482129018,12/18/2016 12:00:00 AM,20:30:18,1.24,46.0,30.47,96.0,337.94,3.37,06:51:00,17:47:00
28301,1482128718,12/18/2016 12:00:00 AM,20:25:18,1.23,46.0,30.46,96.0,345.9,4.5,06:51:00,17:47:00
28302,1482128418,12/18/2016 12:00:00 AM,20:20:18,1.21,45.0,30.46,97.0,179.26,3.37,06:51:00,17:47:00
28303,1482128119,12/18/2016 12:00:00 AM,20:15:19,1.23,45.0,30.45,97.0,185.62,6.75,06:51:00,17:47:00
28304,1482127818,12/18/2016 12:00:00 AM,20:10:18,1.2,45.0,30.45,98.0,190.21,9.0,06:51:00,17:47:00
28305,1482127518,12/18/2016 12:00:00 AM,20:05:18,1.22,45.0,30.45,74.83719267708949,188.41,4.5,06:51:00,17:47:00
28306,1482127222,12/18/2016 12:00:00 AM,20:00:22,1.23,45.0,30.45,99.0,190.63,6.75,06:51:00,17:47:00
28307,1482126918,12/18/2016 12:00:00 AM,19:55:18,1.23,45.0,30.45,99.0,198.31,6.75,06:51:00,17:47:00
28308,1482126621,12/18/2016 12:00:00 AM,19:50:21,1.24,45.0,30.45,98.0,133.13,2.25,06:51:00,17:47:00
28309,1482126320,12/18/2016 12:00:00 AM,19:45:20,1.26,45.0,30.44,98.0,131.18,2.25,06:51:00,17:47:00
28310,1482126020,12/18/2016 12:00:00 AM,19:40:20,1.26,45.0,30.44,74.83719267708949,72.16,2.25,06:51:00,17:47:00
28311,1482125719,12/18/2016 12:00:00 AM,19:35:19,1.25,46.0,30.44,96.0,56.49,1.12,06:51:00,17:47:00
28312,1482125417,12/18/2016 12:00:00 AM,19:30:17,1.26,46.0,30.44,96.0,2.3,4.5,06:51:00,17:47:00
28313,1482125120,12/18/2016 12:00:00 AM,19:25:20,1.26,45.0,30.44,99.0,183.87,2.25,06:51:00,17:47:00
28314,1482124818,12/18/2016 12:00:00 AM,19:20:18,1.24,45.0,30.44,100.0,204.53,5.62,06:51:00,17:47:00
28315,1482124517,12/18/2016 12:00:00 AM,19:15:17,1.27,44.0,30.43,101.0,308.45,6.75,06:51:00,17:47:00
28316,1482124229,12/18/2016 12:00:00 AM,19:10:29,1.3,44.0,30.43,101.0,191.44,6.75,06:51:00,17:47:00
28317,1482123928,12/18/2016 12:00:00 AM,19:05:28,1.24,44.0,30.43,101.0,282.8,5.62,06:51:00,17:47:00
28318,1482123617,12/18/2016 12:00:00 AM,19:00:17,1.26,44.0,30.44,101.0,255.15,5.62,06:51:00,17:47:00
28319,1482123317,12/18/2016 12:00:00 AM,18:55:17,1.25,44.0,30.43,101.0,260.64,4.5,06:51:00,17:47:00
28320,1482123018,12/18/2016 12:00:00 AM,18:50:18,1.24,44.0,30.43,101.0,277.29,7.87,06:51:00,17:47:00
28321,1482122718,12/18/2016 12:00:00 AM,18:45:18,1.25,44.0,30.42,100.0,261.97,6.75,06:51:00,17:47:00
28322,1482122418,12/18/2016 12:00:00 AM,18:40:18,1.25,44.0,30.42,100.0,248.02,4.5,06:51:00,17:47:00
28323,1482122118,12/18/2016 12:00:00 AM,18:35:18,1.27,45.0,30.43,100.0,253.01,6.75,06:51:00,17:47:00
28324,1482121818,12/18/2016 12:00:00 AM,18:30:18,1.26,45.0,30.43,100.0,294.49,6.75,06:51:00,17:47:00
28325,1482121517,12/18/2016 12:00:00 AM,18:25:17,1.26,45.0,30.43,99.0,294.48,9.0,06:51:00,17:47:00
28326,1482121217,12/18/2016 12:00:00 AM,18:20:17,1.23,46.0,30.42,100.0,300.87,5.62,06:51:00,17:47:00
28327,1482120919,12/18/2016 12:00:00 AM,18:15:19,1.27,46.0,30.41,101.0,304.07,7.87,06:51:00,17:47:00
28328,1482120618,12/18/2016 12:00:00 AM,18:10:18,1.26,46.0,30.41,102.0,264.26,7.87,06:51:00,17:47:00
28329,1482120318,12/18/2016 12:00:00 AM,18:05:18,1.26,46.0,30.42,102.0,242.37,6.75,06:51:00,17:47:00
28330,1482120020,12/18/2016 12:00:00 AM,18:00:20,1.25,45.0,30.42,102.0,221.17,4.5,06:51:00,17:47:00
28331,1482119717,12/18/2016 12:00:00 AM,17:55:17,1.25,45.0,30.42,102.0,264.09,3.37,06:51:00,17:47:00
28332,1482119418,12/18/2016 12:00:00 AM,17:50:18,1.27,45.0,30.42,102.0,244.53,5.62,06:51:00,17:47:00
28333,1482119118,12/18/2016 12:00:00 AM,17:45:18,1.44,45.0,30.41,102.0,239.3,5.62,06:51:00,17:47:00
28334,1482118818,12/18/2016 12:00:00 AM,17:40:18,1.64,45.0,30.41,102.0,208.71,7.87,06:51:00,17:47:00
28335,1482118518,12/18/2016 12:00:00 AM,17:35:18,2.65,45.0,30.41,102.0,271.97,4.5,06:51:00,17:47:00
28336,1482118241,12/18/2016 12:00:00 AM,17:30:41,3.18,45.0,30.41,102.0,310.95,3.37,06:51:00,17:47:00
28337,1482117918,12/18/2016 12:00:00 AM,17:25:18,4.52,46.0,30.41,102.0,309.99,5.62,06:51:00,17:47:00
28338,1482117633,12/18/2016 12:00:00 AM,17:20:33,6.5,46.0,30.41,102.0,229.29,5.62,06:51:00,17:47:00
28339,1482117317,12/18/2016 12:00:00 AM,17:15:17,6.99,45.0,30.41,102.0,228.74,5.62,06:51:00,17:47:00
28340,1482117034,12/18/2016 12:00:00 AM,17:10:34,7.38,45.0,30.41,102.0,237.06,6.75,06:51:00,17:47:00
28341,1482116719,12/18/2016 12:00:00 AM,17:05:19,5.73,45.0,30.41,102.0,238.26,7.87,06:51:00,17:47:00
28342,1482116417,12/18/2016 12:00:00 AM,17:00:17,10.44,45.0,30.4,102.0,253.37,9.0,06:51:00,17:47:00
28343,1482116118,12/18/2016 12:00:00 AM,16:55:18,18.12,45.0,30.4,102.0,253.45,7.87,06:51:00,17:47:00
28344,1482115817,12/18/2016 12:00:00 AM,16:50:17,24.47,45.0,30.4,102.0,264.36,6.75,06:51:00,17:47:00
28345,1482115518,12/18/2016 12:00:00 AM,16:45:18,36.38,45.0,30.39,102.0,290.9,6.75,06:51:00,17:47:00
28346,1482115218,12/18/2016 12:00:00 AM,16:40:18,30.04,45.0,30.39,102.0,266.92,3.37,06:51:00,17:47:00
28347,1482114917,12/18/2016 12:00:00 AM,16:35:17,13.15,45.0,30.4,102.0,258.36,2.25,06:51:00,17:47:00
28348,1482114620,12/18/2016 12:00:00 AM,16:30:20,14.81,45.0,30.4,102.0,264.23,4.5,06:51:00,17:47:00
28349,1482114318,12/18/2016 12:00:00 AM,16:25:18,11.64,45.0,30.4,102.0,268.85,5.62,06:51:00,17:47:00
28350,1482114017,12/18/2016 12:00:00 AM,16:20:17,14.69,45.0,30.4,102.0,285.7,6.75,06:51:00,17:47:00
28351,1482113717,12/18/2016 12:00:00 AM,16:15:17,19.98,45.0,30.39,102.0,290.41,6.75,06:51:00,17:47:00
28352,1482113419,12/18/2016 12:00:00 AM,16:10:19,25.14,44.0,30.38,102.0,299.89,5.62,06:51:00,17:47:00
28353,1482113117,12/18/2016 12:00:00 AM,16:05:17,17.4,44.0,30.38,102.0,289.98,5.62,06:51:00,17:47:00
28354,1482112817,12/18/2016 12:00:00 AM,16:00:17,21.41,45.0,30.38,102.0,291.85,5.62,06:51:00,17:47:00
28355,1482112517,12/18/2016 12:00:00 AM,15:55:17,23.86,44.0,30.37,101.0,307.06,10.12,06:51:00,17:47:00
28356,1482112218,12/18/2016 12:00:00 AM,15:50:18,19.69,45.0,30.37,101.0,315.11,12.37,06:51:00,17:47:00
28357,1482111918,12/18/2016 12:00:00 AM,15:45:18,15.22,44.0,30.38,101.0,316.72,6.75,06:51:00,17:47:00
28358,1482111619,12/18/2016 12:00:00 AM,15:40:19,15.19,45.0,30.38,101.0,325.95,4.5,06:51:00,17:47:00
28359,1482111318,12/18/2016 12:00:00 AM,15:35:18,13.78,45.0,30.38,101.0,329.22,3.37,06:51:00,17:47:00
28360,1482111021,12/18/2016 12:00:00 AM,15:30:21,13.57,45.0,30.37,101.0,321.33,6.75,06:51:00,17:47:00
28361,1482110718,12/18/2016 12:00:00 AM,15:25:18,12.99,45.0,30.37,101.0,335.2,4.5,06:51:00,17:47:00
28362,1482110421,12/18/2016 12:00:00 AM,15:20:21,14.33,45.0,30.37,101.0,342.35,9.0,06:51:00,17:47:00
28363,1482110118,12/18/2016 12:00:00 AM,15:15:18,11.33,45.0,30.37,101.0,339.28,6.75,06:51:00,17:47:00
28364,1482109818,12/18/2016 12:00:00 AM,15:10:18,10.34,45.0,30.37,101.0,331.4,2.25,06:51:00,17:47:00
28365,1482109518,12/18/2016 12:00:00 AM,15:05:18,12.7,45.0,30.38,101.0,10.86,2.25,06:51:00,17:47:00
28366,1482109218,12/18/2016 12:00:00 AM,15:00:18,13.56,46.0,30.38,101.0,12.79,1.12,06:51:00,17:47:00
28367,1482108918,12/18/2016 12:00:00 AM,14:55:18,13.97,46.0,30.38,101.0,12.61,1.12,06:51:00,17:47:00
28368,1482108617,12/18/2016 12:00:00 AM,14:50:17,15.09,46.0,30.38,101.0,10.6,1.12,06:51:00,17:47:00
28369,1482108320,12/18/2016 12:00:00 AM,14:45:20,16.21,46.0,30.37,101.0,11.06,4.5,06:51:00,17:47:00
28370,1482108018,12/18/2016 12:00:00 AM,14:40:18,15.89,46.0,30.37,101.0,24.08,1.12,06:51:00,17:47:00
28371,1482107717,12/18/2016 12:00:00 AM,14:35:17,18.93,46.0,30.37,101.0,24.01,0.0,06:51:00,17:47:00
28372,1482107417,12/18/2016 12:00:00 AM,14:30:17,22.7,46.0,30.36,101.0,28.44,3.37,06:51:00,17:47:00
28373,1482107117,12/18/2016 12:00:00 AM,14:25:17,23.69,46.0,30.36,101.0,304.35,0.0,06:51:00,17:47:00
28374,1482106817,12/18/2016 12:00:00 AM,14:20:17,26.61,46.0,30.36,101.0,278.26,0.0,06:51:00,17:47:00
28375,1482106518,12/18/2016 12:00:00 AM,14:15:18,21.98,46.0,30.36,101.0,284.13,0.0,06:51:00,17:47:00
28376,1482106217,12/18/2016 12:00:00 AM,14:10:17,19.36,46.0,30.36,101.0,219.27,1.12,06:51:00,17:47:00
28377,1482105917,12/18/2016 12:00:00 AM,14:05:17,19.7,46.0,30.37,101.0,256.08,3.37,06:51:00,17:47:00
28378,1482105617,12/18/2016 12:00:00 AM,14:00:17,22.71,46.0,30.37,101.0,270.29,3.37,06:51:00,17:47:00
28379,1482105318,12/18/2016 12:00:00 AM,13:55:18,24.01,45.0,30.37,100.0,263.36,3.37,06:51:00,17:47:00
28380,1482105019,12/18/2016 12:00:00 AM,13:50:19,21.47,46.0,30.37,100.0,297.07,9.0,06:51:00,17:47:00
28381,1482104718,12/18/2016 12:00:00 AM,13:45:18,46.41,46.0,30.37,100.0,292.57,6.75,06:51:00,17:47:00
28382,1482104417,12/18/2016 12:00:00 AM,13:40:17,64.65,47.0,30.37,100.0,322.28,4.5,06:51:00,17:47:00
28383,1482104117,12/18/2016 12:00:00 AM,13:35:17,59.58,46.0,30.37,100.0,219.54,5.62,06:51:00,17:47:00
28384,1482103817,12/18/2016 12:00:00 AM,13:30:17,52.51,46.0,30.36,99.0,255.68,2.25,06:51:00,17:47:00
28385,1482103518,12/18/2016 12:00:00 AM,13:25:18,51.37,46.0,30.37,99.0,261.88,4.5,06:51:00,17:47:00
28386,1482103221,12/18/2016 12:00:00 AM,13:20:21,45.49,47.0,30.37,98.0,296.36,4.5,06:51:00,17:47:00
28387,1482102917,12/18/2016 12:00:00 AM,13:15:17,88.17,48.0,30.37,97.0,308.02,5.62,06:51:00,17:47:00
28388,1482102621,12/18/2016 12:00:00 AM,13:10:21,124.9,48.0,30.37,97.0,300.3,2.25,06:51:00,17:47:00
28389,1482102317,12/18/2016 12:00:00 AM,13:05:17,116.37,48.0,30.37,96.0,300.29,0.0,06:51:00,17:47:00
28390,1482102021,12/18/2016 12:00:00 AM,13:00:21,131.72,48.0,30.37,97.0,300.27,2.25,06:51:00,17:47:00
28391,1482101717,12/18/2016 12:00:00 AM,12:55:17,132.38,48.0,30.37,97.0,296.01,3.37,06:51:00,17:47:00
28392,1482101417,12/18/2016 12:00:00 AM,12:50:17,139.5,48.0,30.37,96.0,283.89,3.37,06:51:00,17:47:00
28393,1482101121,12/18/2016 12:00:00 AM,12:45:21,48.53,49.0,30.38,95.0,274.72,3.37,06:51:00,17:47:00
28394,1482100818,12/18/2016 12:00:00 AM,12:40:18,35.3,50.0,30.38,93.0,2.47,10.12,06:51:00,17:47:00
28395,1482100536,12/18/2016 12:00:00 AM,12:35:36,174.28,51.0,30.37,93.0,328.4,4.5,06:51:00,17:47:00
28396,1482100220,12/18/2016 12:00:00 AM,12:30:20,116.54,53.0,30.37,94.0,216.0,11.25,06:51:00,17:47:00
28397,1482099938,12/18/2016 12:00:00 AM,12:25:38,252.0,53.0,30.38,95.0,182.33,4.5,06:51:00,17:47:00
28398,1482099618,12/18/2016 12:00:00 AM,12:20:18,502.75,52.0,30.38,97.0,193.54,9.0,06:51:00,17:47:00
28399,1482099318,12/18/2016 12:00:00 AM,12:15:18,435.31,51.0,30.38,95.0,143.27,6.75,06:51:00,17:47:00
28400,1482099017,12/18/2016 12:00:00 AM,12:10:17,393.17,51.0,30.37,97.0,136.24,7.87,06:51:00,17:47:00
28401,1482098718,12/18/2016 12:00:00 AM,12:05:18,412.56,51.0,30.37,97.0,201.77,7.87,06:51:00,17:47:00
28402,1482098417,12/18/2016 12:00:00 AM,12:00:17,348.27,51.0,30.37,97.0,181.17,4.5,06:51:00,17:47:00
28403,1482098118,12/18/2016 12:00:00 AM,11:55:18,110.64,50.0,30.37,98.0,196.83,9.0,06:51:00,17:47:00
28404,1482097821,12/18/2016 12:00:00 AM,11:50:21,235.28,50.0,30.37,98.0,193.28,12.37,06:51:00,17:47:00
28405,1482097517,12/18/2016 12:00:00 AM,11:45:17,332.58,50.0,30.37,98.0,166.89,6.75,06:51:00,17:47:00
28406,1482097217,12/18/2016 12:00:00 AM,11:40:17,379.89,50.0,30.37,98.0,169.56,12.37,06:51:00,17:47:00
28407,1482096917,12/18/2016 12:00:00 AM,11:35:17,278.12,49.0,30.37,98.0,144.96,16.87,06:51:00,17:47:00
28408,1482096619,12/18/2016 12:00:00 AM,11:30:19,439.33,48.0,30.36,98.0,196.0,14.62,06:51:00,17:47:00
28409,1482096321,12/18/2016 12:00:00 AM,11:25:21,264.5,48.0,30.36,98.0,155.98,10.12,06:51:00,17:47:00
28410,1482096017,12/18/2016 12:00:00 AM,11:20:17,164.08,47.0,30.35,97.0,167.72,6.75,06:51:00,17:47:00
28411,1482095718,12/18/2016 12:00:00 AM,11:15:18,99.37,47.0,30.36,97.0,181.42,13.5,06:51:00,17:47:00
28412,1482095418,12/18/2016 12:00:00 AM,11:10:18,98.84,47.0,30.36,97.0,167.06,19.12,06:51:00,17:47:00
28413,1482095120,12/18/2016 12:00:00 AM,11:05:20,54.74,47.0,30.36,97.0,141.42,15.75,06:51:00,17:47:00
28414,1482094829,12/18/2016 12:00:00 AM,11:00:29,26.07,47.0,30.38,97.0,150.9,29.25,06:51:00,17:47:00
28415,1482094518,12/18/2016 12:00:00 AM,10:55:18,19.8,46.0,30.38,98.0,162.26,24.75,06:51:00,17:47:00
28416,1482094232,12/18/2016 12:00:00 AM,10:50:32,21.61,46.0,30.39,98.0,161.55,18.0,06:51:00,17:47:00
28417,1482093920,12/18/2016 12:00:00 AM,10:45:20,29.6,45.0,30.39,98.0,169.14,10.12,06:51:00,17:47:00
28418,1482093634,12/18/2016 12:00:00 AM,10:40:34,43.73,44.0,30.4,98.0,178.81,11.25,06:51:00,17:47:00
28419,1482093317,12/18/2016 12:00:00 AM,10:35:17,50.08,43.0,30.41,97.0,200.47,7.87,06:51:00,17:47:00
28420,1482093040,12/18/2016 12:00:00 AM,10:30:40,28.25,43.0,30.41,97.0,214.79,7.87,06:51:00,17:47:00
28421,1482092718,12/18/2016 12:00:00 AM,10:25:18,18.3,43.0,30.42,98.0,194.68,13.5,06:51:00,17:47:00
28422,1482092417,12/18/2016 12:00:00 AM,10:20:17,13.38,44.0,30.42,98.0,206.01,5.62,06:51:00,17:47:00
28423,1482092118,12/18/2016 12:00:00 AM,10:15:18,16.31,44.0,30.43,99.0,209.49,2.25,06:51:00,17:47:00
28424,1482091820,12/18/2016 12:00:00 AM,10:10:20,18.51,44.0,30.43,100.0,227.47,3.37,06:51:00,17:47:00
28425,1482091520,12/18/2016 12:00:00 AM,10:05:20,17.88,44.0,30.43,100.0,200.7,6.75,06:51:00,17:47:00
28426,1482091223,12/18/2016 12:00:00 AM,10:00:23,24.25,44.0,30.43,100.0,252.88,5.62,06:51:00,17:47:00
28427,1482090933,12/18/2016 12:00:00 AM,09:55:33,26.47,44.0,30.43,100.0,210.31,3.37,06:51:00,17:47:00
28428,1482090620,12/18/2016 12:00:00 AM,09:50:20,23.0,44.0,30.43,100.0,225.34,2.25,06:51:00,17:47:00
28429,1482090318,12/18/2016 12:00:00 AM,09:45:18,16.89,44.0,30.43,100.0,226.12,1.12,06:51:00,17:47:00
28430,1482090017,12/18/2016 12:00:00 AM,09:40:17,15.18,45.0,30.43,100.0,225.24,2.25,06:51:00,17:47:00
28431,1482089718,12/18/2016 12:00:00 AM,09:35:18,15.49,45.0,30.43,100.0,226.16,1.12,06:51:00,17:47:00
28432,1482089418,12/18/2016 12:00:00 AM,09:30:18,15.2,45.0,30.43,101.0,225.61,1.12,06:51:00,17:47:00
28433,1482089147,12/18/2016 12:00:00 AM,09:25:47,13.13,45.0,30.43,101.0,224.68,3.37,06:51:00,17:47:00
28434,1482088820,12/18/2016 12:00:00 AM,09:20:20,12.15,45.0,30.43,101.0,261.39,0.0,06:51:00,17:47:00
28435,1482088520,12/18/2016 12:00:00 AM,09:15:20,11.87,46.0,30.43,101.0,270.86,3.37,06:51:00,17:47:00
28436,1482088217,12/18/2016 12:00:00 AM,09:10:17,9.96,46.0,30.43,74.83719267708949,311.84,2.25,06:51:00,17:47:00
28437,1482087919,12/18/2016 12:00:00 AM,09:05:19,9.92,46.0,30.43,101.0,344.61,1.12,06:51:00,17:47:00
28438,1482087618,12/18/2016 12:00:00 AM,09:00:18,9.64,46.0,30.43,100.0,344.73,1.12,06:51:00,17:47:00
28439,1482087317,12/18/2016 12:00:00 AM,08:55:17,8.62,46.0,30.42,100.0,344.78,0.0,06:51:00,17:47:00
28440,1482087018,12/18/2016 12:00:00 AM,08:50:18,8.06,46.0,30.41,100.0,344.77,2.25,06:51:00,17:47:00
28441,1482086722,12/18/2016 12:00:00 AM,08:45:22,8.0,46.0,30.4,100.0,344.69,0.0,06:51:00,17:47:00
28442,1482086417,12/18/2016 12:00:00 AM,08:40:17,6.97,46.0,30.4,100.0,344.62,1.12,06:51:00,17:47:00
28443,1482086120,12/18/2016 12:00:00 AM,08:35:20,5.92,46.0,30.4,99.0,343.89,3.37,06:51:00,17:47:00
28444,1482085818,12/18/2016 12:00:00 AM,08:30:18,5.72,45.0,30.4,98.0,344.38,4.5,06:51:00,17:47:00
28445,1482085517,12/18/2016 12:00:00 AM,08:25:17,5.98,45.0,30.4,99.0,133.5,2.25,06:51:00,17:47:00
28446,1482085219,12/18/2016 12:00:00 AM,08:20:19,6.5,45.0,30.4,100.0,150.76,3.37,06:51:00,17:47:00
28447,1482084918,12/18/2016 12:00:00 AM,08:15:18,5.72,46.0,30.4,101.0,132.35,6.75,06:51:00,17:47:00
28448,1482084617,12/18/2016 12:00:00 AM,08:10:17,4.46,46.0,30.41,101.0,1.24,4.5,06:51:00,17:47:00
28449,1482084321,12/18/2016 12:00:00 AM,08:05:21,3.25,46.0,30.4,101.0,1.23,3.37,06:51:00,17:47:00
28450,1482084018,12/18/2016 12:00:00 AM,08:00:18,3.53,46.0,30.39,100.0,1.24,1.12,06:51:00,17:47:00
28451,1482083717,12/18/2016 12:00:00 AM,07:55:17,4.1,46.0,30.38,100.0,1.21,2.25,06:51:00,17:47:00
28452,1482083418,12/18/2016 12:00:00 AM,07:50:18,4.81,46.0,30.38,100.0,202.41,1.12,06:51:00,17:47:00
28453,1482083117,12/18/2016 12:00:00 AM,07:45:17,2.43,46.0,30.38,100.0,213.31,4.5,06:51:00,17:47:00
28454,1482082821,12/18/2016 12:00:00 AM,07:40:21,3.34,46.0,30.37,100.0,306.59,4.5,06:51:00,17:47:00
28455,1482082518,12/18/2016 12:00:00 AM,07:35:18,2.17,46.0,30.37,100.0,226.3,4.5,06:51:00,17:47:00
28456,1482082218,12/18/2016 12:00:00 AM,07:30:18,2.79,46.0,30.37,99.0,289.15,3.37,06:51:00,17:47:00
28457,1482081918,12/18/2016 12:00:00 AM,07:25:18,1.73,46.0,30.37,99.0,211.42,10.12,06:51:00,17:47:00
28458,1482081617,12/18/2016 12:00:00 AM,07:20:17,1.91,46.0,30.37,98.0,219.23,6.75,06:51:00,17:47:00
28459,1482081318,12/18/2016 12:00:00 AM,07:15:18,2.13,46.0,30.36,96.0,318.88,9.0,06:51:00,17:47:00
28460,1482081018,12/18/2016 12:00:00 AM,07:10:18,2.13,47.0,30.35,94.0,336.19,9.0,06:51:00,17:47:00
28461,1482080718,12/18/2016 12:00:00 AM,07:05:18,2.09,47.0,30.35,92.0,339.57,4.5,06:51:00,17:47:00
28462,1482080423,12/18/2016 12:00:00 AM,07:00:23,1.66,47.0,30.35,94.0,268.21,3.37,06:51:00,17:47:00
28463,1482080118,12/18/2016 12:00:00 AM,06:55:18,1.28,46.0,30.35,95.0,215.44,4.5,06:51:00,17:47:00
28464,1482079817,12/18/2016 12:00:00 AM,06:50:17,1.47,46.0,30.34,98.0,183.51,2.25,06:51:00,17:47:00
28465,1482079520,12/18/2016 12:00:00 AM,06:45:20,1.28,46.0,30.34,99.0,158.43,9.0,06:51:00,17:47:00
28466,1482079217,12/18/2016 12:00:00 AM,06:40:17,1.26,46.0,30.33,99.0,104.12,2.25,06:51:00,17:47:00
28467,1482078917,12/18/2016 12:00:00 AM,06:35:17,1.27,46.0,30.33,98.0,112.41,4.5,06:51:00,17:47:00
28468,1482078617,12/18/2016 12:00:00 AM,06:30:17,1.24,46.0,30.33,97.0,29.58,3.37,06:51:00,17:47:00
28469,1482078317,12/18/2016 12:00:00 AM,06:25:17,1.24,47.0,30.33,94.0,29.97,9.0,06:51:00,17:47:00
28470,1482078018,12/18/2016 12:00:00 AM,06:20:18,1.27,48.0,30.33,88.0,2.48,10.12,06:51:00,17:47:00
28471,1482077717,12/18/2016 12:00:00 AM,06:15:17,1.29,48.0,30.32,88.0,217.61,9.0,06:51:00,17:47:00
28472,1482077420,12/18/2016 12:00:00 AM,06:10:20,1.24,48.0,30.31,88.0,194.15,23.62,06:51:00,17:47:00
28473,1482077117,12/18/2016 12:00:00 AM,06:05:17,1.26,48.0,30.29,90.0,195.67,23.62,06:51:00,17:47:00
28474,1482076819,12/18/2016 12:00:00 AM,06:00:19,1.28,48.0,30.28,90.0,200.49,24.75,06:51:00,17:47:00
28475,1482076517,12/18/2016 12:00:00 AM,05:55:17,1.26,47.0,30.28,90.0,171.71,31.5,06:51:00,17:47:00
28476,1482076217,12/18/2016 12:00:00 AM,05:50:17,1.27,47.0,30.29,90.0,187.66,23.62,06:51:00,17:47:00
28477,1482075918,12/18/2016 12:00:00 AM,05:45:18,1.26,47.0,30.3,90.0,175.64,18.0,06:51:00,17:47:00
28478,1482075617,12/18/2016 12:00:00 AM,05:40:17,1.26,47.0,30.29,89.0,151.4,19.12,06:51:00,17:47:00
28479,1482075318,12/18/2016 12:00:00 AM,05:35:18,1.25,46.0,30.31,89.0,181.01,10.12,06:51:00,17:47:00
28480,1482075017,12/18/2016 12:00:00 AM,05:30:17,1.23,46.0,30.32,90.0,209.77,12.37,06:51:00,17:47:00
28481,1482074718,12/18/2016 12:00:00 AM,05:25:18,1.24,46.0,30.33,91.0,224.97,15.75,06:51:00,17:47:00
28482,1482074417,12/18/2016 12:00:00 AM,05:20:17,1.27,47.0,30.33,92.0,188.98,24.75,06:51:00,17:47:00
28483,1482074117,12/18/2016 12:00:00 AM,05:15:17,1.26,47.0,30.32,94.0,184.62,19.12,06:51:00,17:47:00
28484,1482073818,12/18/2016 12:00:00 AM,05:10:18,1.24,47.0,30.31,95.0,193.02,19.12,06:51:00,17:47:00
28485,1482073517,12/18/2016 12:00:00 AM,05:05:17,1.26,47.0,30.31,96.0,153.36,9.0,06:51:00,17:47:00
28486,1482073218,12/18/2016 12:00:00 AM,05:00:18,1.24,47.0,30.32,96.0,172.63,7.87,06:51:00,17:47:00
28487,1482072923,12/18/2016 12:00:00 AM,04:55:23,1.23,47.0,30.32,96.0,188.37,13.5,06:51:00,17:47:00
28488,1482072617,12/18/2016 12:00:00 AM,04:50:17,1.26,47.0,30.32,96.0,169.22,15.75,06:51:00,17:47:00
28489,1482072321,12/18/2016 12:00:00 AM,04:45:21,1.25,47.0,30.32,98.0,157.11,11.25,06:51:00,17:47:00
28490,1482072017,12/18/2016 12:00:00 AM,04:40:17,1.27,47.0,30.32,100.0,193.4,11.25,06:51:00,17:47:00
28491,1482071719,12/18/2016 12:00:00 AM,04:35:19,1.27,46.0,30.32,101.0,193.51,15.75,06:51:00,17:47:00
28492,1482071418,12/18/2016 12:00:00 AM,04:30:18,1.27,46.0,30.32,101.0,170.6,19.12,06:51:00,17:47:00
28493,1482071122,12/18/2016 12:00:00 AM,04:25:22,1.27,46.0,30.32,100.0,215.27,1.12,06:51:00,17:47:00
28494,1482070828,12/18/2016 12:00:00 AM,04:20:28,1.24,46.0,30.32,100.0,215.27,1.12,06:51:00,17:47:00
28495,1482070520,12/18/2016 12:00:00 AM,04:15:20,1.27,46.0,30.32,100.0,215.27,3.37,06:51:00,17:47:00
28496,1482070231,12/18/2016 12:00:00 AM,04:10:31,1.22,46.0,30.32,100.0,254.4,2.25,06:51:00,17:47:00
28497,1482069917,12/18/2016 12:00:00 AM,04:05:17,1.27,46.0,30.31,100.0,255.65,2.25,06:51:00,17:47:00
28498,1482069618,12/18/2016 12:00:00 AM,04:00:18,1.26,46.0,30.32,99.0,234.9,2.25,06:51:00,17:47:00
28499,1482069318,12/18/2016 12:00:00 AM,03:55:18,1.27,46.0,30.32,99.0,232.14,1.12,06:51:00,17:47:00
28500,1482069022,12/18/2016 12:00:00 AM,03:50:22,1.25,46.0,30.32,99.0,276.26,3.37,06:51:00,17:47:00
28501,1482068718,12/18/2016 12:00:00 AM,03:45:18,1.26,46.0,30.31,98.0,294.09,1.12,06:51:00,17:47:00
28502,1482068418,12/18/2016 12:00:00 AM,03:40:18,1.24,46.0,30.31,98.0,294.08,0.0,06:51:00,17:47:00
28503,1482068120,12/18/2016 12:00:00 AM,03:35:20,1.29,47.0,30.31,96.0,292.39,4.5,06:51:00,17:47:00
28504,1482067817,12/18/2016 12:00:00 AM,03:30:17,1.24,47.0,30.31,93.0,252.29,6.75,06:51:00,17:47:00
28505,1482067517,12/18/2016 12:00:00 AM,03:25:17,1.23,47.0,30.31,94.0,193.54,3.37,06:51:00,17:47:00
28506,1482067217,12/18/2016 12:00:00 AM,03:20:17,1.28,46.0,30.31,97.0,156.68,4.5,06:51:00,17:47:00
28507,1482066918,12/18/2016 12:00:00 AM,03:15:18,1.26,46.0,30.31,98.0,110.34,1.12,06:51:00,17:47:00
28508,1482066617,12/18/2016 12:00:00 AM,03:10:17,1.26,46.0,30.31,98.0,83.62,0.0,06:51:00,17:47:00
28509,1482066353,12/18/2016 12:00:00 AM,03:05:53,1.28,46.0,30.32,99.0,87.58,2.25,06:51:00,17:47:00
28510,1482066017,12/18/2016 12:00:00 AM,03:00:17,1.25,46.0,30.32,99.0,96.93,1.12,06:51:00,17:47:00
28511,1482065718,12/18/2016 12:00:00 AM,02:55:18,1.24,46.0,30.32,99.0,87.45,3.37,06:51:00,17:47:00
28512,1482065418,12/18/2016 12:00:00 AM,02:50:18,1.25,46.0,30.31,99.0,115.1,2.25,06:51:00,17:47:00
28513,1482065117,12/18/2016 12:00:00 AM,02:45:17,1.21,46.0,30.31,99.0,115.01,1.12,06:51:00,17:47:00
28514,1482064818,12/18/2016 12:00:00 AM,02:40:18,1.27,46.0,30.32,99.0,83.75,2.25,06:51:00,17:47:00
28515,1482064517,12/18/2016 12:00:00 AM,02:35:17,1.25,46.0,30.32,99.0,120.45,0.0,06:51:00,17:47:00
28516,1482064218,12/18/2016 12:00:00 AM,02:30:18,1.22,46.0,30.32,98.0,325.8,2.25,06:51:00,17:47:00
28517,1482063920,12/18/2016 12:00:00 AM,02:25:20,1.25,46.0,30.32,97.0,320.32,3.37,06:51:00,17:47:00
28518,1482063617,12/18/2016 12:00:00 AM,02:20:17,1.25,47.0,30.32,96.0,320.32,3.37,06:51:00,17:47:00
28519,1482063322,12/18/2016 12:00:00 AM,02:15:22,1.25,47.0,30.32,94.0,241.62,3.37,06:51:00,17:47:00
28520,1482063033,12/18/2016 12:00:00 AM,02:10:33,1.25,47.0,30.32,91.0,199.47,1.12,06:51:00,17:47:00
28521,1482062717,12/18/2016 12:00:00 AM,02:05:17,1.26,47.0,30.32,92.0,199.36,3.37,06:51:00,17:47:00
28522,1482062434,12/18/2016 12:00:00 AM,02:00:34,1.26,47.0,30.31,91.0,188.03,7.87,06:51:00,17:47:00
28523,1482062117,12/18/2016 12:00:00 AM,01:55:17,1.26,47.0,30.32,92.0,185.41,18.0,06:51:00,17:47:00
28524,1482061836,12/18/2016 12:00:00 AM,01:50:36,1.25,48.0,30.32,93.0,177.57,14.62,06:51:00,17:47:00
28525,1482061518,12/18/2016 12:00:00 AM,01:45:18,1.28,47.0,30.31,94.0,184.47,13.5,06:51:00,17:47:00
28526,1482061236,12/18/2016 12:00:00 AM,01:40:36,1.26,47.0,30.31,94.0,194.6,14.62,06:51:00,17:47:00
28527,1482060922,12/18/2016 12:00:00 AM,01:35:22,1.25,47.0,30.32,94.0,184.48,13.5,06:51:00,17:47:00
28528,1482060639,12/18/2016 12:00:00 AM,01:30:39,1.27,47.0,30.32,95.0,187.27,14.62,06:51:00,17:47:00
28529,1482060318,12/18/2016 12:00:00 AM,01:25:18,1.25,46.0,30.31,96.0,185.45,9.0,06:51:00,17:47:00
28530,1482060017,12/18/2016 12:00:00 AM,01:20:17,1.26,46.0,30.31,99.0,191.45,9.0,06:51:00,17:47:00
28531,1482059739,12/18/2016 12:00:00 AM,01:15:39,1.3,46.0,30.31,101.0,182.12,5.62,06:51:00,17:47:00
28532,1482059418,12/18/2016 12:00:00 AM,01:10:18,1.26,46.0,30.32,101.0,136.07,1.12,06:51:00,17:47:00
28533,1482059118,12/18/2016 12:00:00 AM,01:05:18,1.25,47.0,30.32,101.0,149.6,2.25,06:51:00,17:47:00
28534,1482058818,12/18/2016 12:00:00 AM,01:00:18,1.3,47.0,30.31,101.0,225.99,0.0,06:51:00,17:47:00
28535,1482058519,12/18/2016 12:00:00 AM,00:55:19,1.26,47.0,30.32,101.0,225.99,2.25,06:51:00,17:47:00
28536,1482058217,12/18/2016 12:00:00 AM,00:50:17,1.23,47.0,30.32,101.0,168.9,2.25,06:51:00,17:47:00
28537,1482057919,12/18/2016 12:00:00 AM,00:45:19,1.24,47.0,30.32,101.0,181.38,2.25,06:51:00,17:47:00
28538,1482057618,12/18/2016 12:00:00 AM,00:40:18,1.27,47.0,30.32,101.0,142.18,1.12,06:51:00,17:47:00
28539,1482057318,12/18/2016 12:00:00 AM,00:35:18,1.24,47.0,30.31,101.0,127.1,1.12,06:51:00,17:47:00
28540,1482057039,12/18/2016 12:00:00 AM,00:30:39,1.25,47.0,30.31,101.0,149.69,3.37,06:51:00,17:47:00
28541,1482056717,12/18/2016 12:00:00 AM,00:25:17,1.25,47.0,30.31,101.0,159.52,4.5,06:51:00,17:47:00
28542,1482056418,12/18/2016 12:00:00 AM,00:20:18,1.22,47.0,30.31,101.0,142.3,0.0,06:51:00,17:47:00
28543,1482056120,12/18/2016 12:00:00 AM,00:15:20,1.25,47.0,30.31,101.0,139.95,3.37,06:51:00,17:47:00
28544,1482055519,12/18/2016 12:00:00 AM,00:05:19,1.27,46.0,30.31,101.0,164.17,1.12,06:51:00,17:47:00
28545,1482055218,12/18/2016 12:00:00 AM,00:00:18,1.27,46.0,30.31,101.0,164.17,2.25,06:51:00,17:47:00
28546,1482054917,12/17/2016 12:00:00 AM,23:55:17,1.28,46.0,30.31,101.0,164.17,0.0,06:51:00,17:47:00
28547,1482054618,12/17/2016 12:00:00 AM,23:50:18,1.27,46.0,30.31,101.0,164.16,0.0,06:51:00,17:47:00
28548,1482054317,12/17/2016 12:00:00 AM,23:45:17,1.25,46.0,30.31,101.0,164.13,3.37,06:51:00,17:47:00
28549,1482054017,12/17/2016 12:00:00 AM,23:40:17,1.29,46.0,30.31,101.0,168.53,3.37,06:51:00,17:47:00
28550,1482053718,12/17/2016 12:00:00 AM,23:35:18,1.27,46.0,30.31,101.0,149.59,0.0,06:51:00,17:47:00
28551,1482053418,12/17/2016 12:00:00 AM,23:30:18,1.26,46.0,30.31,101.0,148.9,2.25,06:51:00,17:47:00
28552,1482053118,12/17/2016 12:00:00 AM,23:25:18,1.25,46.0,30.31,100.0,206.57,1.12,06:51:00,17:47:00
28553,1482052817,12/17/2016 12:00:00 AM,23:20:17,1.24,46.0,30.32,100.0,206.58,3.37,06:51:00,17:47:00
28554,1482052517,12/17/2016 12:00:00 AM,23:15:17,1.26,46.0,30.32,100.0,302.43,0.0,06:51:00,17:47:00
28555,1482052218,12/17/2016 12:00:00 AM,23:10:18,1.26,46.0,30.32,100.0,304.01,1.12,06:51:00,17:47:00
28556,1482051918,12/17/2016 12:00:00 AM,23:05:18,1.25,46.0,30.32,100.0,304.01,1.12,06:51:00,17:47:00
28557,1482051617,12/17/2016 12:00:00 AM,23:00:17,1.24,47.0,30.32,100.0,291.97,1.12,06:51:00,17:47:00
28558,1482051319,12/17/2016 12:00:00 AM,22:55:19,1.25,47.0,30.32,100.0,291.74,4.5,06:51:00,17:47:00
28559,1482051019,12/17/2016 12:00:00 AM,22:50:19,1.29,47.0,30.32,99.0,274.99,4.5,06:51:00,17:47:00
28560,1482050718,12/17/2016 12:00:00 AM,22:45:18,1.25,47.0,30.32,99.0,215.77,6.75,06:51:00,17:47:00
28561,1482050418,12/17/2016 12:00:00 AM,22:40:18,1.25,47.0,30.31,99.0,327.4,4.5,06:51:00,17:47:00
28562,1482050118,12/17/2016 12:00:00 AM,22:35:18,1.26,47.0,30.31,98.0,329.45,4.5,06:51:00,17:47:00
28563,1482049817,12/17/2016 12:00:00 AM,22:30:17,1.25,47.0,30.31,97.0,313.53,2.25,06:51:00,17:47:00
28564,1482049518,12/17/2016 12:00:00 AM,22:25:18,1.29,47.0,30.32,96.0,238.07,0.0,06:51:00,17:47:00
28565,1482049217,12/17/2016 12:00:00 AM,22:20:17,1.28,48.0,30.32,94.0,282.47,5.62,06:51:00,17:47:00
28566,1482048917,12/17/2016 12:00:00 AM,22:15:17,1.25,48.0,30.31,90.0,149.78,1.12,06:51:00,17:47:00
28567,1482048617,12/17/2016 12:00:00 AM,22:10:17,1.27,48.0,30.31,90.0,142.9,3.37,06:51:00,17:47:00
28568,1482048318,12/17/2016 12:00:00 AM,22:05:18,1.25,48.0,30.3,90.0,99.82,2.25,06:51:00,17:47:00
28569,1482048018,12/17/2016 12:00:00 AM,22:00:18,1.27,48.0,30.31,92.0,68.34,6.75,06:51:00,17:47:00
28570,1482047717,12/17/2016 12:00:00 AM,21:55:17,1.26,49.0,30.31,91.0,125.85,2.25,06:51:00,17:47:00
28571,1482047420,12/17/2016 12:00:00 AM,21:50:20,1.25,50.0,30.31,89.0,73.68,2.25,06:51:00,17:47:00
28572,1482047120,12/17/2016 12:00:00 AM,21:45:20,1.28,50.0,30.31,83.0,14.92,5.62,06:51:00,17:47:00
28573,1482046817,12/17/2016 12:00:00 AM,21:40:17,1.26,50.0,30.32,83.0,27.07,2.25,06:51:00,17:47:00
28574,1482046524,12/17/2016 12:00:00 AM,21:35:24,1.26,50.0,30.31,83.0,350.33,3.37,06:51:00,17:47:00
28575,1482046218,12/17/2016 12:00:00 AM,21:30:18,1.25,49.0,30.31,84.0,359.87,4.5,06:51:00,17:47:00
28576,1482045917,12/17/2016 12:00:00 AM,21:25:17,1.27,49.0,30.31,89.0,165.19,5.62,06:51:00,17:47:00
28577,1482045620,12/17/2016 12:00:00 AM,21:20:20,1.24,48.0,30.3,91.0,46.75,3.37,06:51:00,17:47:00
28578,1482045318,12/17/2016 12:00:00 AM,21:15:18,1.28,47.0,30.31,95.0,67.95,2.25,06:51:00,17:47:00
28579,1482045027,12/17/2016 12:00:00 AM,21:10:27,1.22,47.0,30.31,95.0,48.72,4.5,06:51:00,17:47:00
28580,1482044717,12/17/2016 12:00:00 AM,21:05:17,1.26,47.0,30.31,95.0,330.16,0.0,06:51:00,17:47:00
28581,1482044431,12/17/2016 12:00:00 AM,21:00:31,1.28,47.0,30.31,96.0,352.24,3.37,06:51:00,17:47:00
28582,1482044118,12/17/2016 12:00:00 AM,20:55:18,1.29,47.0,30.31,96.0,346.82,7.87,06:51:00,17:47:00
28583,1482043818,12/17/2016 12:00:00 AM,20:50:18,1.25,48.0,30.31,95.0,322.27,2.25,06:51:00,17:47:00
28584,1482043523,12/17/2016 12:00:00 AM,20:45:23,1.28,49.0,30.31,92.0,294.49,1.12,06:51:00,17:47:00
28585,1482043217,12/17/2016 12:00:00 AM,20:40:17,1.27,51.16507236474315,30.3,88.0,331.57,5.62,06:51:00,17:47:00
28586,1482042928,12/17/2016 12:00:00 AM,20:35:28,1.25,50.0,30.29,87.0,241.83,9.0,06:51:00,17:47:00
28587,1482042621,12/17/2016 12:00:00 AM,20:30:21,1.26,49.0,30.29,74.83719267708949,192.32,1.12,06:51:00,17:47:00
28588,1482042329,12/17/2016 12:00:00 AM,20:25:29,1.27,49.0,30.29,89.0,207.29,9.0,06:51:00,17:47:00
28589,1482042028,12/17/2016 12:00:00 AM,20:20:28,1.26,49.0,30.3,90.0,195.83,19.12,06:51:00,17:47:00
28590,1482041733,12/17/2016 12:00:00 AM,20:15:33,1.23,48.0,30.31,93.0,198.7,18.0,06:51:00,17:47:00
28591,1482041417,12/17/2016 12:00:00 AM,20:10:17,1.27,48.0,30.31,92.0,155.3,2.25,06:51:00,17:47:00
28592,1482041137,12/17/2016 12:00:00 AM,20:05:37,1.26,48.0,30.31,91.0,161.6,2.25,06:51:00,17:47:00
28593,1482040818,12/17/2016 12:00:00 AM,20:00:18,1.25,48.0,30.31,90.0,184.57,4.5,06:51:00,17:47:00
28594,1482040542,12/17/2016 12:00:00 AM,19:55:42,1.21,48.0,30.32,89.0,178.73,5.62,06:51:00,17:47:00
28595,1482040217,12/17/2016 12:00:00 AM,19:50:17,1.24,48.0,30.32,88.0,154.98,3.37,06:51:00,17:47:00
28596,1482039917,12/17/2016 12:00:00 AM,19:45:17,1.24,49.0,30.31,85.0,187.77,12.37,06:51:00,17:47:00
28597,1482039617,12/17/2016 12:00:00 AM,19:40:17,1.29,49.0,30.3,85.0,201.17,16.87,06:51:00,17:47:00
28598,1482039321,12/17/2016 12:00:00 AM,19:35:21,1.2,49.0,30.3,90.0,217.02,12.37,06:51:00,17:47:00
28599,1482039017,12/17/2016 12:00:00 AM,19:30:17,1.19,49.0,30.3,92.0,203.07,7.87,06:51:00,17:47:00
28600,1482038717,12/17/2016 12:00:00 AM,19:25:17,1.22,49.0,30.28,86.0,191.76,11.25,06:51:00,17:47:00
28601,1482038418,12/17/2016 12:00:00 AM,19:20:18,1.2,47.0,30.27,99.0,354.51,6.75,06:51:00,17:47:00
28602,1482038119,12/17/2016 12:00:00 AM,19:15:19,1.22,47.0,30.28,100.0,17.85,5.62,06:51:00,17:47:00
28603,1482037817,12/17/2016 12:00:00 AM,19:10:17,1.23,47.0,30.3,100.0,203.34,3.37,06:51:00,17:47:00
28604,1482037518,12/17/2016 12:00:00 AM,19:05:18,1.17,47.0,30.31,100.0,218.64,2.25,06:51:00,17:47:00
28605,1482037223,12/17/2016 12:00:00 AM,19:00:23,1.26,47.0,30.29,100.0,310.09,4.5,06:51:00,17:47:00
28606,1482036917,12/17/2016 12:00:00 AM,18:55:17,1.23,47.0,30.28,100.0,24.85,10.12,06:51:00,17:47:00
28607,1482036619,12/17/2016 12:00:00 AM,18:50:19,1.18,47.0,30.29,100.0,271.17,1.12,06:51:00,17:47:00
28608,1482036318,12/17/2016 12:00:00 AM,18:45:18,1.21,47.0,30.28,100.0,359.88,10.12,06:51:00,17:47:00
28609,1482036017,12/17/2016 12:00:00 AM,18:40:17,1.22,47.0,30.29,99.0,334.49,7.87,06:51:00,17:47:00
28610,1482035717,12/17/2016 12:00:00 AM,18:35:17,1.25,47.0,30.29,99.0,329.06,5.62,06:51:00,17:47:00
28611,1482035418,12/17/2016 12:00:00 AM,18:30:18,1.25,47.0,30.29,98.0,321.68,4.5,06:51:00,17:47:00
28612,1482035118,12/17/2016 12:00:00 AM,18:25:18,1.21,48.0,30.29,97.0,333.88,7.87,06:51:00,17:47:00
28613,1482034817,12/17/2016 12:00:00 AM,18:20:17,1.25,48.0,30.28,96.0,339.21,9.0,06:51:00,17:47:00
28614,1482034518,12/17/2016 12:00:00 AM,18:15:18,1.23,48.0,30.28,94.0,336.46,2.25,06:51:00,17:47:00
28615,1482034219,12/17/2016 12:00:00 AM,18:10:19,1.21,49.0,30.28,91.0,34.72,5.62,06:51:00,17:47:00
28616,1482033917,12/17/2016 12:00:00 AM,18:05:17,1.22,49.0,30.28,89.0,232.54,2.25,06:51:00,17:47:00
28617,1482033623,12/17/2016 12:00:00 AM,18:00:23,1.23,49.0,30.28,89.0,186.36,7.87,06:51:00,17:47:00
28618,1482033318,12/17/2016 12:00:00 AM,17:55:18,1.18,49.0,30.27,91.0,126.75,6.75,06:51:00,17:47:00
28619,1482033017,12/17/2016 12:00:00 AM,17:50:17,1.27,50.0,30.28,95.0,159.74,11.25,06:51:00,17:47:00
28620,1482032717,12/17/2016 12:00:00 AM,17:45:17,1.26,50.0,30.28,93.0,97.43,5.62,06:51:00,17:47:00
28621,1482032420,12/17/2016 12:00:00 AM,17:40:20,1.43,51.0,30.28,93.0,131.37,4.5,06:51:00,17:47:00
28622,1482032117,12/17/2016 12:00:00 AM,17:35:17,2.41,51.0,30.26,93.0,1.25,2.25,06:51:00,17:47:00
28623,1482031817,12/17/2016 12:00:00 AM,17:30:17,3.22,51.0,30.26,92.0,113.37,3.37,06:51:00,17:47:00
28624,1482031518,12/17/2016 12:00:00 AM,17:25:18,3.6,51.0,30.26,90.0,159.49,5.62,06:51:00,17:47:00
28625,1482031218,12/17/2016 12:00:00 AM,17:20:18,7.53,51.0,30.26,89.0,120.88,6.75,06:51:00,17:47:00
28626,1482030917,12/17/2016 12:00:00 AM,17:15:17,17.37,51.0,30.26,88.0,115.35,3.37,06:51:00,17:47:00
28627,1482030637,12/17/2016 12:00:00 AM,17:10:37,26.0,52.0,30.25,88.0,23.03,7.87,06:51:00,17:47:00
28628,1482030319,12/17/2016 12:00:00 AM,17:05:19,26.0,52.0,30.26,87.0,132.78,3.37,06:51:00,17:47:00
28629,1482030018,12/17/2016 12:00:00 AM,17:00:18,34.93,53.0,30.25,85.0,43.65,4.5,06:51:00,17:47:00
28630,1482029717,12/17/2016 12:00:00 AM,16:55:17,39.27,53.0,30.25,84.0,150.11,11.25,06:51:00,17:47:00
28631,1482029420,12/17/2016 12:00:00 AM,16:50:20,47.77,53.0,30.25,83.0,79.21,3.37,06:51:00,17:47:00
28632,1482029118,12/17/2016 12:00:00 AM,16:45:18,53.67,53.0,30.25,84.0,166.83,4.5,06:51:00,17:47:00
28633,1482028820,12/17/2016 12:00:00 AM,16:40:20,75.83,53.0,30.25,83.0,125.34,3.37,06:51:00,17:47:00
28634,1482028519,12/17/2016 12:00:00 AM,16:35:19,55.46,54.0,30.25,82.0,46.14,7.87,06:51:00,17:47:00
28635,1482028218,12/17/2016 12:00:00 AM,16:30:18,113.98,54.0,30.25,79.0,43.31,3.37,06:51:00,17:47:00
28636,1482027920,12/17/2016 12:00:00 AM,16:25:20,71.79,55.0,30.26,80.0,174.01,4.5,06:51:00,17:47:00
28637,1482027618,12/17/2016 12:00:00 AM,16:20:18,83.03,54.0,30.26,77.0,114.21,10.12,06:51:00,17:47:00
28638,1482027318,12/17/2016 12:00:00 AM,16:15:18,296.03,54.0,30.25,81.0,144.84,10.12,06:51:00,17:47:00
28639,1482027018,12/17/2016 12:00:00 AM,16:10:18,175.87,53.0,30.25,81.0,56.95,4.5,06:51:00,17:47:00
28640,1482026721,12/17/2016 12:00:00 AM,16:05:21,75.86,53.0,30.25,82.0,138.07,3.37,06:51:00,17:47:00
28641,1482026420,12/17/2016 12:00:00 AM,16:00:20,114.06,53.0,30.25,82.0,5.63,2.25,06:51:00,17:47:00
28642,1482026117,12/17/2016 12:00:00 AM,15:55:17,84.17,53.0,30.25,82.0,41.24,10.12,06:51:00,17:47:00
28643,1482025818,12/17/2016 12:00:00 AM,15:50:18,83.17,53.0,30.25,83.0,40.57,9.0,06:51:00,17:47:00
28644,1482025520,12/17/2016 12:00:00 AM,15:45:20,91.97,54.0,30.25,82.0,359.88,6.75,06:51:00,17:47:00
28645,1482025237,12/17/2016 12:00:00 AM,15:40:37,67.62,54.0,30.25,80.0,101.19,9.0,06:51:00,17:47:00
28646,1482024921,12/17/2016 12:00:00 AM,15:35:21,54.86,54.0,30.26,79.0,0.26,4.5,06:51:00,17:47:00
28647,1482024617,12/17/2016 12:00:00 AM,15:30:17,59.29,51.16507236474315,30.25,79.0,359.87,3.37,06:51:00,17:47:00
28648,1482024317,12/17/2016 12:00:00 AM,15:25:17,70.44,55.0,30.25,76.0,356.24,5.62,06:51:00,17:47:00
28649,1482024018,12/17/2016 12:00:00 AM,15:20:18,98.91,55.0,30.25,80.0,67.86,6.75,06:51:00,17:47:00
28650,1482023720,12/17/2016 12:00:00 AM,15:15:20,92.88,55.0,30.25,78.0,4.08,2.25,06:51:00,17:47:00
28651,1482023417,12/17/2016 12:00:00 AM,15:10:17,113.65,55.0,30.423028000868246,81.0,55.2,4.5,06:51:00,17:47:00
28652,1482023123,12/17/2016 12:00:00 AM,15:05:23,129.63,55.0,30.25,80.0,351.7,5.62,06:51:00,17:47:00
28653,1482022818,12/17/2016 12:00:00 AM,15:00:18,283.57,56.0,30.25,82.0,28.21,2.25,06:51:00,17:47:00
28654,1482022527,12/17/2016 12:00:00 AM,14:55:27,175.85,56.0,30.25,79.0,336.41,10.12,06:51:00,17:47:00
28655,1482022221,12/17/2016 12:00:00 AM,14:50:21,137.76,57.0,30.25,77.0,349.89,5.62,06:51:00,17:47:00
28656,1482021930,12/17/2016 12:00:00 AM,14:45:30,217.99,58.0,30.25,75.0,55.52,7.87,06:51:00,17:47:00
28657,1482021617,12/17/2016 12:00:00 AM,14:40:17,832.66,59.0,30.25,78.0,336.06,12.37,06:51:00,17:47:00
28658,1482021334,12/17/2016 12:00:00 AM,14:35:34,937.17,60.0,30.25,70.0,12.17,5.62,06:51:00,17:47:00
28659,1482021018,12/17/2016 12:00:00 AM,14:30:18,936.21,60.0,30.25,71.0,17.89,10.12,06:51:00,17:47:00
28660,1482020717,12/17/2016 12:00:00 AM,14:25:17,953.0,60.0,30.24,71.0,10.27,5.62,06:51:00,17:47:00
28661,1482020420,12/17/2016 12:00:00 AM,14:20:20,939.42,60.0,30.24,69.0,26.22,5.62,06:51:00,17:47:00
28662,1482020117,12/17/2016 12:00:00 AM,14:15:17,912.96,60.0,30.24,69.0,6.83,12.37,06:51:00,17:47:00
28663,1482019817,12/17/2016 12:00:00 AM,14:10:17,947.7,59.0,30.24,72.0,359.88,7.87,06:51:00,17:47:00
28664,1482019518,12/17/2016 12:00:00 AM,14:05:18,485.47,58.0,30.24,74.0,26.14,2.25,06:51:00,17:47:00
28665,1482019219,12/17/2016 12:00:00 AM,14:00:19,947.15,59.0,30.423028000868246,73.0,0.57,10.12,06:51:00,17:47:00
28666,1482018917,12/17/2016 12:00:00 AM,13:55:17,968.56,59.0,30.25,75.0,336.39,5.62,06:51:00,17:47:00
28667,1482018617,12/17/2016 12:00:00 AM,13:50:17,942.08,59.0,30.24,75.0,50.17,4.5,06:51:00,17:47:00
28668,1482018321,12/17/2016 12:00:00 AM,13:45:21,971.68,59.0,30.25,74.0,81.94,5.62,06:51:00,17:47:00
28669,1482018017,12/17/2016 12:00:00 AM,13:40:17,1078.24,58.0,30.25,76.0,46.1,5.62,06:51:00,17:47:00
28670,1482017722,12/17/2016 12:00:00 AM,13:35:22,1047.87,57.0,30.24,79.0,24.48,9.0,06:51:00,17:47:00
28671,1482017417,12/17/2016 12:00:00 AM,13:30:17,791.38,57.0,30.24,79.0,27.08,7.87,06:51:00,17:47:00
28672,1482017118,12/17/2016 12:00:00 AM,13:25:18,858.7,56.0,30.25,79.0,37.28,7.87,06:51:00,17:47:00
28673,1482016818,12/17/2016 12:00:00 AM,13:20:18,366.17,56.0,30.25,81.0,0.27,3.37,06:51:00,17:47:00
28674,1482016521,12/17/2016 12:00:00 AM,13:15:21,222.99,55.0,30.26,80.0,51.34,1.12,06:51:00,17:47:00
28675,1482016218,12/17/2016 12:00:00 AM,13:10:18,248.54,55.0,30.26,81.0,80.06,2.25,06:51:00,17:47:00
28676,1482015920,12/17/2016 12:00:00 AM,13:05:20,296.11,55.0,30.26,81.0,102.31,6.75,06:51:00,17:47:00
28677,1482015617,12/17/2016 12:00:00 AM,13:00:17,241.83,55.0,30.26,78.0,15.85,1.12,06:51:00,17:47:00
28678,1482015319,12/17/2016 12:00:00 AM,12:55:19,217.44,55.0,30.26,76.0,0.3,1.12,06:51:00,17:47:00
28679,1482015019,12/17/2016 12:00:00 AM,12:50:19,174.8,55.0,30.26,74.83719267708949,353.52,5.62,06:51:00,17:47:00
28680,1482014720,12/17/2016 12:00:00 AM,12:45:20,168.96,55.0,30.26,81.0,359.41,12.37,06:51:00,17:47:00
28681,1482014417,12/17/2016 12:00:00 AM,12:40:17,232.59,54.0,30.27,80.0,336.44,5.62,06:51:00,17:47:00
28682,1482014129,12/17/2016 12:00:00 AM,12:35:29,321.69,54.0,30.27,83.0,307.88,3.37,06:51:00,17:47:00
28683,1482013817,12/17/2016 12:00:00 AM,12:30:17,254.32,53.0,30.27,84.0,10.02,7.87,06:51:00,17:47:00
28684,1482013519,12/17/2016 12:00:00 AM,12:25:19,176.39,54.0,30.28,84.0,0.33,14.62,06:51:00,17:47:00
28685,1482013218,12/17/2016 12:00:00 AM,12:20:18,182.3,54.0,30.28,82.0,11.39,7.87,06:51:00,17:47:00
28686,1482012918,12/17/2016 12:00:00 AM,12:15:18,204.83,54.0,30.28,82.0,10.7,7.87,06:51:00,17:47:00
28687,1482012618,12/17/2016 12:00:00 AM,12:10:18,213.1,53.0,30.28,82.0,14.97,6.75,06:51:00,17:47:00
28688,1482012317,12/17/2016 12:00:00 AM,12:05:17,242.47,53.0,30.28,83.0,69.51,9.0,06:51:00,17:47:00
28689,1482012017,12/17/2016 12:00:00 AM,12:00:17,196.76,53.0,30.29,86.0,27.58,3.37,06:51:00,17:47:00
28690,1482011718,12/17/2016 12:00:00 AM,11:55:18,205.04,53.0,30.29,84.0,358.3,5.62,06:51:00,17:47:00
28691,1482011417,12/17/2016 12:00:00 AM,11:50:17,195.26,53.0,30.29,88.0,167.91,12.37,06:51:00,17:47:00
28692,1482011117,12/17/2016 12:00:00 AM,11:45:17,298.94,52.0,30.29,90.0,9.72,7.87,06:51:00,17:47:00
28693,1482010823,12/17/2016 12:00:00 AM,11:40:23,254.44,52.0,30.29,90.0,5.56,11.25,06:51:00,17:47:00
28694,1482010518,12/17/2016 12:00:00 AM,11:35:18,307.53,51.0,30.3,92.0,359.12,6.75,06:51:00,17:47:00
28695,1482010218,12/17/2016 12:00:00 AM,11:30:18,135.88,51.0,30.29,92.0,352.06,10.12,06:51:00,17:47:00
28696,1482009920,12/17/2016 12:00:00 AM,11:25:20,173.16,51.0,30.29,92.0,359.11,7.87,06:51:00,17:47:00
28697,1482009620,12/17/2016 12:00:00 AM,11:20:20,153.28,51.0,30.3,92.0,357.47,6.75,06:51:00,17:47:00
28698,1482009322,12/17/2016 12:00:00 AM,11:15:22,129.12,51.0,30.3,91.0,0.26,13.5,06:51:00,17:47:00
28699,1482009017,12/17/2016 12:00:00 AM,11:10:17,120.77,52.0,30.29,88.0,35.79,4.5,06:51:00,17:47:00
28700,1482008718,12/17/2016 12:00:00 AM,11:05:18,142.93,52.0,30.3,87.0,336.17,4.5,06:51:00,17:47:00
28701,1482008418,12/17/2016 12:00:00 AM,11:00:18,232.75,52.0,30.29,90.0,104.74,9.0,06:51:00,17:47:00
28702,1482008117,12/17/2016 12:00:00 AM,10:55:17,193.09,52.0,30.3,89.0,2.5,4.5,06:51:00,17:47:00
28703,1482007823,12/17/2016 12:00:00 AM,10:50:23,205.36,52.0,30.3,85.0,354.64,10.12,06:51:00,17:47:00
28704,1482007517,12/17/2016 12:00:00 AM,10:45:17,262.81,51.0,30.3,85.0,39.56,5.62,06:51:00,17:47:00
28705,1482007220,12/17/2016 12:00:00 AM,10:40:20,285.49,51.0,30.3,87.0,40.93,12.37,06:51:00,17:47:00
28706,1482006918,12/17/2016 12:00:00 AM,10:35:18,215.33,50.0,30.3,88.0,23.3,6.75,06:51:00,17:47:00
28707,1482006617,12/17/2016 12:00:00 AM,10:30:17,354.17,50.0,30.3,88.0,48.38,12.37,06:51:00,17:47:00
28708,1482006317,12/17/2016 12:00:00 AM,10:25:17,133.46,50.0,30.3,88.0,41.85,7.87,06:51:00,17:47:00
28709,1482006021,12/17/2016 12:00:00 AM,10:20:21,284.73,50.0,30.3,88.0,81.05,5.62,06:51:00,17:47:00
28710,1482005719,12/17/2016 12:00:00 AM,10:15:19,169.62,49.0,30.3,89.0,152.7,3.37,06:51:00,17:47:00
28711,1482005417,12/17/2016 12:00:00 AM,10:10:17,154.53,49.0,30.31,89.0,5.56,1.12,06:51:00,17:47:00
28712,1482005120,12/17/2016 12:00:00 AM,10:05:20,122.42,49.0,30.3,89.0,4.24,6.75,06:51:00,17:47:00
28713,1482004817,12/17/2016 12:00:00 AM,10:00:17,152.68,49.0,30.3,89.0,34.3,3.37,06:51:00,17:47:00
28714,1482004548,12/17/2016 12:00:00 AM,09:55:48,85.67,49.0,30.31,89.0,27.81,2.25,06:51:00,17:47:00
28715,1482004220,12/17/2016 12:00:00 AM,09:50:20,87.05,49.0,30.3,87.0,0.27,5.62,06:51:00,17:47:00
28716,1482003917,12/17/2016 12:00:00 AM,09:45:17,123.85,50.0,30.31,86.0,32.0,4.5,06:51:00,17:47:00
28717,1482003617,12/17/2016 12:00:00 AM,09:40:17,121.65,50.0,30.31,85.0,84.28,2.25,06:51:00,17:47:00
28718,1482003318,12/17/2016 12:00:00 AM,09:35:18,584.4,50.0,30.3,85.0,0.3,5.62,06:51:00,17:47:00
28719,1482003018,12/17/2016 12:00:00 AM,09:30:18,623.22,50.0,30.3,85.0,78.05,5.62,06:51:00,17:47:00
28720,1482002730,12/17/2016 12:00:00 AM,09:25:30,591.83,50.0,30.3,86.0,97.68,3.37,06:51:00,17:47:00
28721,1482002420,12/17/2016 12:00:00 AM,09:20:20,556.59,49.0,30.3,85.0,58.59,5.62,06:51:00,17:47:00
28722,1482002117,12/17/2016 12:00:00 AM,09:15:17,576.84,49.0,30.31,89.0,154.81,6.75,06:51:00,17:47:00
28723,1482001818,12/17/2016 12:00:00 AM,09:10:18,536.68,48.0,30.31,89.0,80.88,1.12,06:51:00,17:47:00
28724,1482001518,12/17/2016 12:00:00 AM,09:05:18,525.4,47.0,30.31,90.0,77.78,6.75,06:51:00,17:47:00
28725,1482001218,12/17/2016 12:00:00 AM,09:00:18,508.69,46.0,30.3,94.0,129.18,6.75,06:51:00,17:47:00
28726,1482000917,12/17/2016 12:00:00 AM,08:55:17,472.96,45.0,30.31,96.0,150.61,5.62,06:51:00,17:47:00
28727,1482000618,12/17/2016 12:00:00 AM,08:50:18,283.68,45.0,30.31,97.0,150.49,3.37,06:51:00,17:47:00
28728,1482000318,12/17/2016 12:00:00 AM,08:45:18,52.95,44.0,30.31,98.0,143.89,4.5,06:51:00,17:47:00
28729,1482000017,12/17/2016 12:00:00 AM,08:40:17,346.06,44.0,30.3,98.0,141.47,1.12,06:51:00,17:47:00
28730,1481999717,12/17/2016 12:00:00 AM,08:35:17,53.17,44.0,30.3,98.0,107.8,2.25,06:51:00,17:47:00
28731,1481999421,12/17/2016 12:00:00 AM,08:30:21,72.22,44.0,30.3,98.0,105.53,2.25,06:51:00,17:47:00
28732,1481999118,12/17/2016 12:00:00 AM,08:25:18,68.86,44.0,30.29,98.0,34.77,4.5,06:51:00,17:47:00
28733,1481998817,12/17/2016 12:00:00 AM,08:20:17,56.03,44.0,30.29,98.0,145.87,4.5,06:51:00,17:47:00
28734,1481998518,12/17/2016 12:00:00 AM,08:15:18,102.37,44.0,30.28,97.0,95.64,2.25,06:51:00,17:47:00
28735,1481998220,12/17/2016 12:00:00 AM,08:10:20,46.7,43.0,30.28,96.0,59.13,2.25,06:51:00,17:47:00
28736,1481997921,12/17/2016 12:00:00 AM,08:05:21,62.72,43.0,30.28,96.0,72.37,1.12,06:51:00,17:47:00
28737,1481997618,12/17/2016 12:00:00 AM,08:00:18,90.22,43.0,30.29,94.0,102.02,3.37,06:51:00,17:47:00
28738,1481997328,12/17/2016 12:00:00 AM,07:55:28,129.74,42.0,30.28,93.0,147.68,2.25,06:51:00,17:47:00
28739,1481997044,12/17/2016 12:00:00 AM,07:50:44,73.71,42.0,30.423028000868246,94.0,75.27,0.0,06:51:00,17:47:00
28740,1481996718,12/17/2016 12:00:00 AM,07:45:18,72.44,42.0,30.29,93.0,17.76,2.25,06:51:00,17:47:00
28741,1481996433,12/17/2016 12:00:00 AM,07:40:33,30.28,41.0,30.27,93.0,100.23,4.5,06:51:00,17:47:00
28742,1481996118,12/17/2016 12:00:00 AM,07:35:18,20.28,40.0,30.27,93.0,48.36,7.87,06:51:00,17:47:00
28743,1481995833,12/17/2016 12:00:00 AM,07:30:33,18.08,39.0,30.27,94.0,111.84,1.12,06:51:00,17:47:00
28744,1481995517,12/17/2016 12:00:00 AM,07:25:17,17.09,39.0,30.27,93.0,144.99,4.5,06:51:00,17:47:00
28745,1481995234,12/17/2016 12:00:00 AM,07:20:34,14.45,39.0,30.27,91.0,155.58,13.5,06:51:00,17:47:00
28746,1481994917,12/17/2016 12:00:00 AM,07:15:17,12.11,39.0,30.27,92.0,165.62,5.62,06:51:00,17:47:00
28747,1481994636,12/17/2016 12:00:00 AM,07:10:36,10.62,38.0,30.27,89.0,156.86,7.87,06:51:00,17:47:00
28748,1481994318,12/17/2016 12:00:00 AM,07:05:18,8.5,38.0,30.27,90.0,114.58,4.5,06:51:00,17:47:00
28749,1481994017,12/17/2016 12:00:00 AM,07:00:17,6.66,39.0,30.27,89.0,176.74,6.75,06:51:00,17:47:00
28750,1481993718,12/17/2016 12:00:00 AM,06:55:18,5.29,39.0,30.26,88.0,171.73,5.62,06:51:00,17:47:00
28751,1481993417,12/17/2016 12:00:00 AM,06:50:17,3.89,39.0,30.27,87.0,172.15,5.62,06:51:00,17:47:00
28752,1481993144,12/17/2016 12:00:00 AM,06:45:44,2.66,39.0,30.27,86.0,164.56,5.62,06:51:00,17:47:00
28753,1481992818,12/17/2016 12:00:00 AM,06:40:18,1.53,39.0,30.26,87.0,74.97,3.37,06:51:00,17:47:00
28754,1481992535,12/17/2016 12:00:00 AM,06:35:35,1.19,39.0,30.27,86.0,168.22,4.5,06:51:00,17:47:00
28755,1481992220,12/17/2016 12:00:00 AM,06:30:20,1.22,40.0,30.27,85.0,170.72,4.5,06:51:00,17:47:00
28756,1481991917,12/17/2016 12:00:00 AM,06:25:17,1.2,40.0,30.26,86.0,132.42,6.75,06:51:00,17:47:00
28757,1481991620,12/17/2016 12:00:00 AM,06:20:20,1.19,40.0,30.26,86.0,140.53,4.5,06:51:00,17:47:00
28758,1481991320,12/17/2016 12:00:00 AM,06:15:20,1.21,40.0,30.26,86.0,160.86,7.87,06:51:00,17:47:00
28759,1481991018,12/17/2016 12:00:00 AM,06:10:18,1.2,40.0,30.26,87.0,146.62,5.62,06:51:00,17:47:00
28760,1481990719,12/17/2016 12:00:00 AM,06:05:19,1.2,39.0,30.26,88.0,149.76,3.37,06:51:00,17:47:00
28761,1481990417,12/17/2016 12:00:00 AM,06:00:17,1.2,39.0,30.25,89.0,159.24,10.12,06:51:00,17:47:00
28762,1481990117,12/17/2016 12:00:00 AM,05:55:17,1.16,39.0,30.25,89.0,168.39,7.87,06:51:00,17:47:00
28763,1481989824,12/17/2016 12:00:00 AM,05:50:24,1.17,39.0,30.25,87.0,168.38,6.75,06:51:00,17:47:00
28764,1481989518,12/17/2016 12:00:00 AM,05:45:18,1.2,39.0,30.25,87.0,156.45,9.0,06:51:00,17:47:00
28765,1481989218,12/17/2016 12:00:00 AM,05:40:18,1.18,39.0,30.26,87.0,153.16,7.87,06:51:00,17:47:00
28766,1481988917,12/17/2016 12:00:00 AM,05:35:17,1.19,40.0,30.25,89.0,107.17,4.5,06:51:00,17:47:00
28767,1481988618,12/17/2016 12:00:00 AM,05:30:18,1.18,39.0,30.25,88.0,88.34,6.75,06:51:00,17:47:00
28768,1481988319,12/17/2016 12:00:00 AM,05:25:19,1.24,40.0,30.26,87.0,180.02,7.87,06:51:00,17:47:00
28769,1481988017,12/17/2016 12:00:00 AM,05:20:17,1.19,40.0,30.24,87.0,111.28,6.75,06:51:00,17:47:00
28770,1481987719,12/17/2016 12:00:00 AM,05:15:19,1.21,40.0,30.25,82.0,159.86,7.87,06:51:00,17:47:00
28771,1481987419,12/17/2016 12:00:00 AM,05:10:19,1.21,40.0,30.25,82.0,121.68,3.37,06:51:00,17:47:00
28772,1481987123,12/17/2016 12:00:00 AM,05:05:23,1.23,40.0,30.25,82.0,57.5,3.37,06:51:00,17:47:00
28773,1481986822,12/17/2016 12:00:00 AM,05:00:22,1.19,40.0,30.24,79.0,151.52,7.87,06:51:00,17:47:00
28774,1481986518,12/17/2016 12:00:00 AM,04:55:18,1.22,40.0,30.25,75.0,147.35,5.62,06:51:00,17:47:00
28775,1481986217,12/17/2016 12:00:00 AM,04:50:17,1.22,40.0,30.25,73.0,202.11,9.0,06:51:00,17:47:00
28776,1481985917,12/17/2016 12:00:00 AM,04:45:17,1.18,40.0,30.24,72.0,94.94,7.87,06:51:00,17:47:00
28777,1481985618,12/17/2016 12:00:00 AM,04:40:18,1.2,40.0,30.25,68.0,162.31,7.87,06:51:00,17:47:00
28778,1481985318,12/17/2016 12:00:00 AM,04:35:18,1.2,40.0,30.25,68.0,247.17,2.25,06:51:00,17:47:00
28779,1481985017,12/17/2016 12:00:00 AM,04:30:17,1.2,40.0,30.25,64.0,211.72,7.87,06:51:00,17:47:00
28780,1481984719,12/17/2016 12:00:00 AM,04:25:19,1.24,39.0,30.24,64.0,110.21,5.62,06:51:00,17:47:00
28781,1481984418,12/17/2016 12:00:00 AM,04:20:18,1.17,40.0,30.25,68.0,186.88,10.12,06:51:00,17:47:00
28782,1481984118,12/17/2016 12:00:00 AM,04:15:18,1.19,40.0,30.24,64.0,134.95,1.12,06:51:00,17:47:00
28783,1481983839,12/17/2016 12:00:00 AM,04:10:39,1.17,41.0,30.25,64.0,179.26,15.75,06:51:00,17:47:00
28784,1481983517,12/17/2016 12:00:00 AM,04:05:17,1.17,42.0,30.25,67.0,189.75,3.37,06:51:00,17:47:00
28785,1481983242,12/17/2016 12:00:00 AM,04:00:42,1.22,42.0,30.25,67.0,131.15,4.5,06:51:00,17:47:00
28786,1481982917,12/17/2016 12:00:00 AM,03:55:17,1.21,42.0,30.25,70.0,33.57,2.25,06:51:00,17:47:00
28787,1481982636,12/17/2016 12:00:00 AM,03:50:36,1.19,41.0,30.24,69.0,39.95,6.75,06:51:00,17:47:00
28788,1481982318,12/17/2016 12:00:00 AM,03:45:18,1.23,41.0,30.24,70.0,125.77,5.62,06:51:00,17:47:00
28789,1481982033,12/17/2016 12:00:00 AM,03:40:33,1.22,41.0,30.24,71.0,122.22,4.5,06:51:00,17:47:00
28790,1481981717,12/17/2016 12:00:00 AM,03:35:17,1.17,42.0,30.24,70.0,187.07,10.12,06:51:00,17:47:00
28791,1481981436,12/17/2016 12:00:00 AM,03:30:36,1.2,42.0,30.24,72.0,162.85,2.25,06:51:00,17:47:00
28792,1481981118,12/17/2016 12:00:00 AM,03:25:18,1.23,42.0,30.24,69.0,170.75,0.0,06:51:00,17:47:00
28793,1481980817,12/17/2016 12:00:00 AM,03:20:17,1.17,43.0,30.25,69.0,203.1,7.87,06:51:00,17:47:00
28794,1481980517,12/17/2016 12:00:00 AM,03:15:17,1.24,43.0,30.25,68.0,209.94,3.37,06:51:00,17:47:00
28795,1481980219,12/17/2016 12:00:00 AM,03:10:19,1.17,43.0,30.24,67.0,266.26,3.37,06:51:00,17:47:00
28796,1481979917,12/17/2016 12:00:00 AM,03:05:17,1.22,43.0,30.24,65.0,210.35,10.12,06:51:00,17:47:00
28797,1481979617,12/17/2016 12:00:00 AM,03:00:17,1.21,43.0,30.24,62.0,258.75,6.75,06:51:00,17:47:00
28798,1481979318,12/17/2016 12:00:00 AM,02:55:18,1.16,43.0,30.25,62.0,232.41,4.5,06:51:00,17:47:00
28799,1481979018,12/17/2016 12:00:00 AM,02:50:18,1.2,44.0,30.24,63.0,270.86,3.37,06:51:00,17:47:00
28800,1481978717,12/17/2016 12:00:00 AM,02:45:17,1.23,43.0,30.24,64.0,247.56,2.25,06:51:00,17:47:00
28801,1481978417,12/17/2016 12:00:00 AM,02:40:17,1.17,42.0,30.24,67.0,225.7,9.0,06:51:00,17:47:00
28802,1481978118,12/17/2016 12:00:00 AM,02:35:18,1.21,51.16507236474315,30.25,66.0,182.52,10.12,06:51:00,17:47:00
28803,1481977818,12/17/2016 12:00:00 AM,02:30:18,1.21,42.0,30.24,71.0,316.95,1.12,06:51:00,17:47:00
28804,1481977520,12/17/2016 12:00:00 AM,02:25:20,1.2,42.0,30.25,68.0,205.43,7.87,06:51:00,17:47:00
28805,1481977220,12/17/2016 12:00:00 AM,02:20:20,1.2,42.0,30.24,68.0,296.75,10.12,06:51:00,17:47:00
28806,1481976917,12/17/2016 12:00:00 AM,02:15:17,1.19,41.0,30.24,61.0,217.28,4.5,06:51:00,17:47:00
28807,1481976617,12/17/2016 12:00:00 AM,02:10:17,1.22,41.0,30.24,60.0,226.16,5.62,06:51:00,17:47:00
28808,1481976318,12/17/2016 12:00:00 AM,02:05:18,1.17,40.0,30.24,61.0,235.99,7.87,06:51:00,17:47:00
28809,1481976020,12/17/2016 12:00:00 AM,02:00:20,1.19,40.0,30.24,60.0,196.34,10.12,06:51:00,17:47:00
28810,1481975719,12/17/2016 12:00:00 AM,01:55:19,1.19,41.0,30.24,60.0,202.08,9.0,06:51:00,17:47:00
28811,1481975417,12/17/2016 12:00:00 AM,01:50:17,1.22,41.0,30.24,58.0,220.43,7.87,06:51:00,17:47:00
28812,1481975117,12/17/2016 12:00:00 AM,01:45:17,1.19,41.0,30.25,56.0,247.76,7.87,06:51:00,17:47:00
28813,1481974818,12/17/2016 12:00:00 AM,01:40:18,1.21,41.0,30.25,57.0,205.54,12.37,06:51:00,17:47:00
28814,1481974517,12/17/2016 12:00:00 AM,01:35:17,1.24,41.0,30.25,55.0,207.87,10.12,06:51:00,17:47:00
28815,1481974217,12/17/2016 12:00:00 AM,01:30:17,1.22,41.0,30.25,54.0,241.81,5.62,06:51:00,17:47:00
28816,1481973918,12/17/2016 12:00:00 AM,01:25:18,1.18,41.0,30.25,53.0,241.88,10.12,06:51:00,17:47:00
28817,1481973617,12/17/2016 12:00:00 AM,01:20:17,1.21,41.0,30.25,53.0,224.06,7.87,06:51:00,17:47:00
28818,1481973317,12/17/2016 12:00:00 AM,01:15:17,1.2,41.0,30.25,51.0,234.37,7.87,06:51:00,17:47:00
28819,1481973017,12/17/2016 12:00:00 AM,01:10:17,1.21,41.0,30.25,48.0,231.25,4.5,06:51:00,17:47:00
28820,1481972717,12/17/2016 12:00:00 AM,01:05:17,1.19,41.0,30.25,47.0,239.63,4.5,06:51:00,17:47:00
28821,1481972418,12/17/2016 12:00:00 AM,01:00:18,1.18,41.0,30.25,46.0,237.45,4.5,06:51:00,17:47:00
28822,1481972118,12/17/2016 12:00:00 AM,00:55:18,1.2,41.0,30.25,46.0,233.84,4.5,06:51:00,17:47:00
28823,1481971817,12/17/2016 12:00:00 AM,00:50:17,1.21,41.0,30.25,46.0,233.78,5.62,06:51:00,17:47:00
28824,1481971519,12/17/2016 12:00:00 AM,00:45:19,1.21,41.0,30.25,46.0,231.98,6.75,06:51:00,17:47:00
28825,1481971218,12/17/2016 12:00:00 AM,00:40:18,1.2,42.0,30.25,45.0,207.94,6.75,06:51:00,17:47:00
28826,1481970918,12/17/2016 12:00:00 AM,00:35:18,1.21,42.0,30.25,42.0,248.28,4.5,06:51:00,17:47:00
28827,1481970636,12/17/2016 12:00:00 AM,00:30:36,1.17,42.0,30.25,43.0,243.68,4.5,06:51:00,17:47:00
28828,1481970320,12/17/2016 12:00:00 AM,00:25:20,1.19,43.0,30.25,43.0,229.4,5.62,06:51:00,17:47:00
28829,1481970039,12/17/2016 12:00:00 AM,00:20:39,1.24,43.0,30.25,40.0,275.63,6.75,06:51:00,17:47:00
28830,1481969720,12/17/2016 12:00:00 AM,00:15:20,1.23,43.0,30.26,39.0,240.43,5.62,06:51:00,17:47:00
28831,1481969418,12/17/2016 12:00:00 AM,00:10:18,1.21,44.0,30.25,38.0,242.66,4.5,06:51:00,17:47:00
28832,1481968817,12/17/2016 12:00:00 AM,00:00:17,1.2,45.0,30.25,33.0,359.9,1.12,06:51:00,17:47:00
28833,1481968536,12/16/2016 12:00:00 AM,23:55:36,1.23,45.0,30.25,32.0,359.04,1.12,06:50:00,17:46:00
28834,1481968232,12/16/2016 12:00:00 AM,23:50:32,1.19,46.0,30.26,34.0,359.83,2.25,06:50:00,17:46:00
28835,1481967934,12/16/2016 12:00:00 AM,23:45:34,1.2,46.0,30.26,30.0,21.01,2.25,06:50:00,17:46:00
28836,1481967621,12/16/2016 12:00:00 AM,23:40:21,1.23,46.0,30.26,30.0,22.22,2.25,06:50:00,17:46:00
28837,1481967337,12/16/2016 12:00:00 AM,23:35:37,1.23,46.0,30.26,30.0,327.43,0.0,06:50:00,17:46:00
28838,1481967019,12/16/2016 12:00:00 AM,23:30:19,1.21,47.0,30.26,30.0,327.7,2.25,06:50:00,17:46:00
28839,1481966754,12/16/2016 12:00:00 AM,23:25:54,1.23,48.0,30.26,29.0,295.23,10.12,06:50:00,17:46:00
28840,1481966417,12/16/2016 12:00:00 AM,23:20:17,1.22,49.0,30.25,26.0,230.97,16.87,06:50:00,17:46:00
28841,1481966119,12/16/2016 12:00:00 AM,23:15:19,1.23,49.0,30.25,25.0,194.12,20.25,06:50:00,17:46:00
28842,1481965818,12/16/2016 12:00:00 AM,23:10:18,1.2,48.0,30.24,26.0,180.4,24.75,06:50:00,17:46:00
28843,1481965518,12/16/2016 12:00:00 AM,23:05:18,1.26,48.0,30.25,26.0,217.99,23.62,06:50:00,17:46:00
28844,1481965232,12/16/2016 12:00:00 AM,23:00:32,1.26,48.0,30.25,26.0,191.32,20.25,06:50:00,17:46:00
28845,1481964918,12/16/2016 12:00:00 AM,22:55:18,1.24,48.0,30.25,25.0,193.4,18.0,06:50:00,17:46:00
28846,1481964618,12/16/2016 12:00:00 AM,22:50:18,1.21,48.0,30.25,26.0,204.39,20.25,06:50:00,17:46:00
28847,1481964320,12/16/2016 12:00:00 AM,22:45:20,1.22,48.0,30.25,27.0,202.6,29.25,06:50:00,17:46:00
28848,1481964023,12/16/2016 12:00:00 AM,22:40:23,1.17,48.0,30.24,27.0,203.64,23.62,06:50:00,17:46:00
28849,1481963719,12/16/2016 12:00:00 AM,22:35:19,1.24,48.0,30.24,27.0,195.72,25.87,06:50:00,17:46:00
28850,1481963417,12/16/2016 12:00:00 AM,22:30:17,1.24,48.0,30.24,27.0,201.98,33.75,06:50:00,17:46:00
28851,1481963117,12/16/2016 12:00:00 AM,22:25:17,1.24,48.0,30.25,28.0,207.37,28.12,06:50:00,17:46:00
28852,1481962818,12/16/2016 12:00:00 AM,22:20:18,1.19,48.0,30.25,27.0,191.05,36.0,06:50:00,17:46:00
28853,1481962523,12/16/2016 12:00:00 AM,22:15:23,1.25,48.0,30.25,27.0,213.57,27.0,06:50:00,17:46:00
28854,1481962217,12/16/2016 12:00:00 AM,22:10:17,1.21,48.0,30.25,26.0,203.84,24.75,06:50:00,17:46:00
28855,1481961918,12/16/2016 12:00:00 AM,22:05:18,1.22,48.0,30.25,26.0,198.69,24.75,06:50:00,17:46:00
28856,1481961618,12/16/2016 12:00:00 AM,22:00:18,1.23,47.0,30.25,25.0,196.65,31.5,06:50:00,17:46:00
28857,1481961317,12/16/2016 12:00:00 AM,21:55:17,1.23,47.0,30.25,26.0,197.43,27.0,06:50:00,17:46:00
28858,1481961037,12/16/2016 12:00:00 AM,21:50:37,1.23,47.0,30.24,26.0,202.79,32.62,06:50:00,17:46:00
28859,1481960719,12/16/2016 12:00:00 AM,21:45:19,1.23,47.0,30.24,25.0,205.49,31.5,06:50:00,17:46:00
28860,1481960420,12/16/2016 12:00:00 AM,21:40:20,1.21,47.0,30.24,26.0,198.23,30.37,06:50:00,17:46:00
28861,1481960117,12/16/2016 12:00:00 AM,21:35:17,1.22,47.0,30.24,26.0,208.61,36.0,06:50:00,17:46:00
28862,1481959821,12/16/2016 12:00:00 AM,21:30:21,1.23,47.0,30.24,26.0,218.45,22.5,06:50:00,17:46:00
28863,1481959524,12/16/2016 12:00:00 AM,21:25:24,1.22,47.0,30.24,26.0,223.88,27.0,06:50:00,17:46:00
28864,1481959217,12/16/2016 12:00:00 AM,21:20:17,1.18,47.0,30.24,26.0,210.93,25.87,06:50:00,17:46:00
28865,1481958917,12/16/2016 12:00:00 AM,21:15:17,1.21,47.0,30.24,26.0,195.02,27.0,06:50:00,17:46:00
28866,1481958619,12/16/2016 12:00:00 AM,21:10:19,1.2,47.0,30.24,26.0,200.62,33.75,06:50:00,17:46:00
28867,1481958321,12/16/2016 12:00:00 AM,21:05:21,1.25,47.0,30.24,26.0,208.14,29.25,06:50:00,17:46:00
28868,1481958017,12/16/2016 12:00:00 AM,21:00:17,1.21,47.0,30.24,27.0,204.97,21.37,06:50:00,17:46:00
28869,1481957719,12/16/2016 12:00:00 AM,20:55:19,1.23,47.0,30.24,27.0,205.92,23.62,06:50:00,17:46:00
28870,1481957419,12/16/2016 12:00:00 AM,20:50:19,1.22,47.0,30.24,27.0,208.85,20.25,06:50:00,17:46:00
28871,1481957124,12/16/2016 12:00:00 AM,20:45:24,1.24,47.0,30.24,25.0,203.3,23.62,06:50:00,17:46:00
28872,1481956818,12/16/2016 12:00:00 AM,20:40:18,1.2,47.0,30.23,26.0,213.48,33.75,06:50:00,17:46:00
28873,1481956517,12/16/2016 12:00:00 AM,20:35:17,1.24,47.0,30.23,74.83719267708949,214.33,28.12,06:50:00,17:46:00
28874,1481956217,12/16/2016 12:00:00 AM,20:30:17,1.22,47.0,30.23,27.0,200.98,36.0,06:50:00,17:46:00
28875,1481955917,12/16/2016 12:00:00 AM,20:25:17,1.19,47.0,30.24,27.0,190.24,23.62,06:50:00,17:46:00
28876,1481955618,12/16/2016 12:00:00 AM,20:20:18,1.2,47.0,30.23,26.0,213.49,25.87,06:50:00,17:46:00
28877,1481955318,12/16/2016 12:00:00 AM,20:15:18,1.23,47.0,30.24,26.0,203.35,25.87,06:50:00,17:46:00
28878,1481955017,12/16/2016 12:00:00 AM,20:10:17,1.25,47.0,30.23,25.0,197.69,32.62,06:50:00,17:46:00
28879,1481954718,12/16/2016 12:00:00 AM,20:05:18,1.24,47.0,30.23,27.0,196.82,37.12,06:50:00,17:46:00
28880,1481954424,12/16/2016 12:00:00 AM,20:00:24,1.22,47.0,30.23,26.0,196.5,25.87,06:50:00,17:46:00
28881,1481954117,12/16/2016 12:00:00 AM,19:55:17,1.18,48.0,30.23,26.0,208.13,27.0,06:50:00,17:46:00
28882,1481953837,12/16/2016 12:00:00 AM,19:50:37,1.25,48.0,30.23,25.0,193.18,21.37,06:50:00,17:46:00
28883,1481953517,12/16/2016 12:00:00 AM,19:45:17,1.23,48.0,30.23,26.0,228.77,18.0,06:50:00,17:46:00
28884,1481953218,12/16/2016 12:00:00 AM,19:40:18,1.22,48.0,30.23,26.0,196.9,18.0,06:50:00,17:46:00
28885,1481952918,12/16/2016 12:00:00 AM,19:35:18,1.23,48.0,30.23,25.0,214.07,27.0,06:50:00,17:46:00
28886,1481952619,12/16/2016 12:00:00 AM,19:30:19,1.21,48.0,30.23,26.0,200.78,24.75,06:50:00,17:46:00
28887,1481952317,12/16/2016 12:00:00 AM,19:25:17,1.22,48.0,30.23,25.0,203.77,24.75,06:50:00,17:46:00
28888,1481952017,12/16/2016 12:00:00 AM,19:20:17,1.23,48.0,30.23,26.0,201.4,28.12,06:50:00,17:46:00
28889,1481951719,12/16/2016 12:00:00 AM,19:15:19,1.21,48.0,30.22,26.0,202.6,31.5,06:50:00,17:46:00
28890,1481951418,12/16/2016 12:00:00 AM,19:10:18,1.23,49.0,30.22,26.0,205.03,23.62,06:50:00,17:46:00
28891,1481951117,12/16/2016 12:00:00 AM,19:05:17,1.22,49.0,30.23,26.0,210.79,22.5,06:50:00,17:46:00
28892,1481950818,12/16/2016 12:00:00 AM,19:00:18,1.24,49.0,30.23,27.0,209.88,24.75,06:50:00,17:46:00
28893,1481950518,12/16/2016 12:00:00 AM,18:55:18,1.25,49.0,30.23,27.0,199.38,29.25,06:50:00,17:46:00
28894,1481950217,12/16/2016 12:00:00 AM,18:50:17,1.23,49.0,30.22,27.0,204.37,28.12,06:50:00,17:46:00
28895,1481949918,12/16/2016 12:00:00 AM,18:45:18,1.23,49.0,30.23,29.0,224.47,12.37,06:50:00,17:46:00
28896,1481949618,12/16/2016 12:00:00 AM,18:40:18,1.21,49.0,30.23,29.0,218.33,18.0,06:50:00,17:46:00
28897,1481949335,12/16/2016 12:00:00 AM,18:35:35,1.22,49.0,30.23,27.0,222.13,24.75,06:50:00,17:46:00
28898,1481949017,12/16/2016 12:00:00 AM,18:30:17,1.25,49.0,30.23,27.0,212.64,30.37,06:50:00,17:46:00
28899,1481948739,12/16/2016 12:00:00 AM,18:25:39,1.21,49.0,30.23,28.0,221.1,20.25,06:50:00,17:46:00
28900,1481948420,12/16/2016 12:00:00 AM,18:20:20,1.24,50.0,30.23,27.0,199.36,25.87,06:50:00,17:46:00
28901,1481948134,12/16/2016 12:00:00 AM,18:15:34,1.25,50.0,30.23,27.0,220.23,22.5,06:50:00,17:46:00
28902,1481947818,12/16/2016 12:00:00 AM,18:10:18,1.26,50.0,30.23,27.0,220.04,21.37,06:50:00,17:46:00
28903,1481947533,12/16/2016 12:00:00 AM,18:05:33,1.21,50.0,30.23,29.0,206.78,18.0,06:50:00,17:46:00
28904,1481947221,12/16/2016 12:00:00 AM,18:00:21,1.78,50.0,30.23,28.0,224.54,20.25,06:50:00,17:46:00
28905,1481946937,12/16/2016 12:00:00 AM,17:55:37,2.98,50.0,30.22,28.0,240.17,19.12,06:50:00,17:46:00
28906,1481946617,12/16/2016 12:00:00 AM,17:50:17,5.21,50.0,30.22,31.0,193.48,18.0,06:50:00,17:46:00
28907,1481946335,12/16/2016 12:00:00 AM,17:45:35,7.17,50.0,30.22,31.0,225.49,30.37,06:50:00,17:46:00
28908,1481946017,12/16/2016 12:00:00 AM,17:40:17,9.7,50.0,30.22,33.0,229.3,19.12,06:50:00,17:46:00
28909,1481945718,12/16/2016 12:00:00 AM,17:35:18,12.12,51.0,30.21,33.0,216.12,24.75,06:50:00,17:46:00
28910,1481945418,12/16/2016 12:00:00 AM,17:30:18,14.37,51.0,30.21,32.0,208.29,31.5,06:50:00,17:46:00
28911,1481945118,12/16/2016 12:00:00 AM,17:25:18,30.2,51.0,30.21,35.0,211.1,20.25,06:50:00,17:46:00
28912,1481944818,12/16/2016 12:00:00 AM,17:20:18,40.81,51.0,30.21,35.0,224.26,30.37,06:50:00,17:46:00
28913,1481944524,12/16/2016 12:00:00 AM,17:15:24,57.54,52.0,30.2,39.0,201.88,29.25,06:50:00,17:46:00
28914,1481944217,12/16/2016 12:00:00 AM,17:10:17,77.04,52.0,30.2,42.0,197.2,31.5,06:50:00,17:46:00
28915,1481943921,12/16/2016 12:00:00 AM,17:05:21,97.18,52.0,30.2,42.0,209.04,29.25,06:50:00,17:46:00
28916,1481943618,12/16/2016 12:00:00 AM,17:00:18,120.14,53.0,30.2,42.0,203.47,34.87,06:50:00,17:46:00
28917,1481943327,12/16/2016 12:00:00 AM,16:55:27,143.77,53.0,30.2,44.0,210.31,31.5,06:50:00,17:46:00
28918,1481943019,12/16/2016 12:00:00 AM,16:50:19,168.81,53.0,30.19,46.0,229.57,38.25,06:50:00,17:46:00
28919,1481942730,12/16/2016 12:00:00 AM,16:45:30,194.57,54.0,30.2,43.0,198.1,33.75,06:50:00,17:46:00
28920,1481942417,12/16/2016 12:00:00 AM,16:40:17,222.82,54.0,30.2,43.0,209.57,21.37,06:50:00,17:46:00
28921,1481942133,12/16/2016 12:00:00 AM,16:35:33,248.34,55.0,30.19,43.0,200.28,34.87,06:50:00,17:46:00
28922,1481941817,12/16/2016 12:00:00 AM,16:30:17,275.75,55.0,30.2,42.0,220.09,24.75,06:50:00,17:46:00
28923,1481941537,12/16/2016 12:00:00 AM,16:25:37,301.27,55.0,30.2,42.0,228.71,19.12,06:50:00,17:46:00
28924,1481941231,12/16/2016 12:00:00 AM,16:20:31,325.95,55.0,30.2,42.0,225.95,25.87,06:50:00,17:46:00
28925,1481940917,12/16/2016 12:00:00 AM,16:15:17,349.18,55.0,30.2,42.0,223.2,28.12,06:50:00,17:46:00
28926,1481940622,12/16/2016 12:00:00 AM,16:10:22,369.64,55.0,30.2,44.0,205.19,23.62,06:50:00,17:46:00
28927,1481940318,12/16/2016 12:00:00 AM,16:05:18,388.88,56.0,30.19,44.0,220.21,32.62,06:50:00,17:46:00
28928,1481940018,12/16/2016 12:00:00 AM,16:00:18,405.81,56.0,30.19,45.0,228.25,23.62,06:50:00,17:46:00
28929,1481939717,12/16/2016 12:00:00 AM,15:55:17,425.15,56.0,30.19,44.0,217.16,32.62,06:50:00,17:46:00
28930,1481939418,12/16/2016 12:00:00 AM,15:50:18,444.73,57.0,30.2,43.0,221.89,28.12,06:50:00,17:46:00
28931,1481939118,12/16/2016 12:00:00 AM,15:45:18,463.32,57.0,30.19,42.0,221.14,29.25,06:50:00,17:46:00
28932,1481938820,12/16/2016 12:00:00 AM,15:40:20,483.25,58.0,30.19,43.0,215.73,23.62,06:50:00,17:46:00
28933,1481938521,12/16/2016 12:00:00 AM,15:35:21,497.14,58.0,30.19,44.0,222.12,21.37,06:50:00,17:46:00
28934,1481938229,12/16/2016 12:00:00 AM,15:30:29,513.86,58.0,30.19,43.0,211.64,39.37,06:50:00,17:46:00
28935,1481937917,12/16/2016 12:00:00 AM,15:25:17,533.64,58.0,30.19,40.0,200.25,32.62,06:50:00,17:46:00
28936,1481937621,12/16/2016 12:00:00 AM,15:20:21,550.69,58.0,30.19,41.0,198.89,30.37,06:50:00,17:46:00
28937,1481937317,12/16/2016 12:00:00 AM,15:15:17,567.17,58.0,30.19,40.0,207.35,38.25,06:50:00,17:46:00
28938,1481937018,12/16/2016 12:00:00 AM,15:10:18,582.8,58.0,30.19,42.0,195.32,32.62,06:50:00,17:46:00
28939,1481936730,12/16/2016 12:00:00 AM,15:05:30,597.17,58.0,30.19,43.0,198.99,21.37,06:50:00,17:46:00
28940,1481936418,12/16/2016 12:00:00 AM,15:00:18,612.71,58.0,30.19,43.0,198.06,34.87,06:50:00,17:46:00
28941,1481936117,12/16/2016 12:00:00 AM,14:55:17,628.4,58.0,30.19,41.0,219.28,37.12,06:50:00,17:46:00
28942,1481935817,12/16/2016 12:00:00 AM,14:50:17,644.25,59.0,30.2,44.0,233.98,24.75,06:50:00,17:46:00
28943,1481935517,12/16/2016 12:00:00 AM,14:45:17,653.45,59.0,30.19,43.0,213.1,40.5,06:50:00,17:46:00
28944,1481935220,12/16/2016 12:00:00 AM,14:40:20,672.41,59.0,30.2,43.0,217.01,24.75,06:50:00,17:46:00
28945,1481934918,12/16/2016 12:00:00 AM,14:35:18,682.68,51.16507236474315,30.2,43.0,231.22,28.12,06:50:00,17:46:00
28946,1481934618,12/16/2016 12:00:00 AM,14:30:18,695.15,59.0,30.2,45.0,229.33,24.75,06:50:00,17:46:00
28947,1481934317,12/16/2016 12:00:00 AM,14:25:17,709.55,59.0,30.2,43.0,206.22,31.5,06:50:00,17:46:00
28948,1481934017,12/16/2016 12:00:00 AM,14:20:17,720.21,59.0,30.2,42.0,221.01,31.5,06:50:00,17:46:00
28949,1481933718,12/16/2016 12:00:00 AM,14:15:18,731.09,59.0,30.2,46.0,210.72,22.5,06:50:00,17:46:00
28950,1481933418,12/16/2016 12:00:00 AM,14:10:18,740.48,59.0,30.21,44.0,216.41,29.25,06:50:00,17:46:00
28951,1481933121,12/16/2016 12:00:00 AM,14:05:21,751.42,59.0,30.2,44.0,223.66,25.87,06:50:00,17:46:00
28952,1481932818,12/16/2016 12:00:00 AM,14:00:18,759.51,59.0,30.2,43.0,226.04,30.37,06:50:00,17:46:00
28953,1481932517,12/16/2016 12:00:00 AM,13:55:17,769.4,59.0,30.21,44.0,228.76,32.62,06:50:00,17:46:00
28954,1481932230,12/16/2016 12:00:00 AM,13:50:30,779.16,60.0,30.21,42.0,143.54770303349548,27.0,06:50:00,17:46:00
28955,1481931918,12/16/2016 12:00:00 AM,13:45:18,788.41,60.0,30.22,42.0,214.69,19.12,06:50:00,17:46:00
28956,1481931618,12/16/2016 12:00:00 AM,13:40:18,798.23,60.0,30.21,42.0,236.56,29.25,06:50:00,17:46:00
28957,1481931317,12/16/2016 12:00:00 AM,13:35:17,804.6,60.0,30.22,41.0,205.81,14.62,06:50:00,17:46:00
28958,1481931017,12/16/2016 12:00:00 AM,13:30:17,814.53,60.0,30.22,40.0,208.87,20.25,06:50:00,17:46:00
28959,1481930717,12/16/2016 12:00:00 AM,13:25:17,822.07,60.0,30.22,36.0,237.3,22.5,06:50:00,17:46:00
28960,1481930418,12/16/2016 12:00:00 AM,13:20:18,830.6,60.0,30.22,33.0,219.96,20.25,06:50:00,17:46:00
28961,1481930118,12/16/2016 12:00:00 AM,13:15:18,837.91,60.0,30.22,31.0,230.4,20.25,06:50:00,17:46:00
28962,1481929817,12/16/2016 12:00:00 AM,13:10:17,843.72,60.0,30.23,34.0,198.12,18.0,06:50:00,17:46:00
28963,1481929518,12/16/2016 12:00:00 AM,13:05:18,849.45,60.0,30.23,31.0,198.52,23.62,06:50:00,17:46:00
28964,1481929217,12/16/2016 12:00:00 AM,13:00:17,854.26,61.0,30.23,32.0,215.24,20.25,06:50:00,17:46:00
28965,1481928919,12/16/2016 12:00:00 AM,12:55:19,859.63,61.0,30.24,29.0,217.97,27.0,06:50:00,17:46:00
28966,1481928618,12/16/2016 12:00:00 AM,12:50:18,862.18,62.0,30.24,32.0,207.75,20.25,06:50:00,17:46:00
28967,1481928318,12/16/2016 12:00:00 AM,12:45:18,865.21,61.0,30.25,35.0,191.96,13.5,06:50:00,17:46:00
28968,1481928018,12/16/2016 12:00:00 AM,12:40:18,867.01,60.0,30.25,40.0,152.56,9.0,06:50:00,17:46:00
28969,1481927718,12/16/2016 12:00:00 AM,12:35:18,868.67,58.0,30.25,47.0,189.57,14.62,06:50:00,17:46:00
28970,1481927418,12/16/2016 12:00:00 AM,12:30:18,871.98,55.0,30.25,53.0,195.82,4.5,06:50:00,17:46:00
28971,1481927124,12/16/2016 12:00:00 AM,12:25:24,864.56,53.0,30.26,75.0,40.74,3.37,06:50:00,17:46:00
28972,1481926817,12/16/2016 12:00:00 AM,12:20:17,860.12,53.0,30.26,77.0,71.08,2.25,06:50:00,17:46:00
28973,1481926521,12/16/2016 12:00:00 AM,12:15:21,856.63,52.0,30.26,76.0,70.32,6.75,06:50:00,17:46:00
28974,1481926217,12/16/2016 12:00:00 AM,12:10:17,855.64,53.0,30.26,78.0,25.88,5.62,06:50:00,17:46:00
28975,1481925919,12/16/2016 12:00:00 AM,12:05:19,854.89,54.0,30.26,70.0,0.28,16.87,06:50:00,17:46:00
28976,1481925617,12/16/2016 12:00:00 AM,12:00:17,852.07,53.0,30.26,77.0,28.85,6.75,06:50:00,17:46:00
28977,1481925317,12/16/2016 12:00:00 AM,11:55:17,853.14,55.0,30.26,73.0,6.93,11.25,06:50:00,17:46:00
28978,1481925017,12/16/2016 12:00:00 AM,11:50:17,848.34,56.0,30.26,59.0,38.06,6.75,06:50:00,17:46:00
28979,1481924721,12/16/2016 12:00:00 AM,11:45:21,853.15,56.0,30.26,54.0,137.17,6.75,06:50:00,17:46:00
28980,1481924418,12/16/2016 12:00:00 AM,11:40:18,844.5,56.0,30.26,52.0,82.77,9.0,06:50:00,17:46:00
28981,1481924118,12/16/2016 12:00:00 AM,11:35:18,842.19,55.0,30.26,57.0,45.19,4.5,06:50:00,17:46:00
28982,1481923818,12/16/2016 12:00:00 AM,11:30:18,833.09,55.0,30.26,56.0,51.28,2.25,06:50:00,17:46:00
28983,1481923518,12/16/2016 12:00:00 AM,11:25:18,829.26,55.0,30.26,56.0,90.44,2.25,06:50:00,17:46:00
28984,1481923218,12/16/2016 12:00:00 AM,11:20:18,823.06,55.0,30.26,54.0,13.1,5.62,06:50:00,17:46:00
28985,1481922918,12/16/2016 12:00:00 AM,11:15:18,817.73,55.0,30.26,54.0,56.46,2.25,06:50:00,17:46:00
28986,1481922640,12/16/2016 12:00:00 AM,11:10:40,809.28,54.0,30.27,52.0,35.72,5.62,06:50:00,17:46:00
28987,1481922320,12/16/2016 12:00:00 AM,11:05:20,802.73,54.0,30.26,60.0,356.51,4.5,06:50:00,17:46:00
28988,1481922049,12/16/2016 12:00:00 AM,11:00:49,795.71,55.0,30.27,55.0,10.09,4.5,06:50:00,17:46:00
28989,1481921717,12/16/2016 12:00:00 AM,10:55:17,788.03,54.0,30.27,54.0,56.9,4.5,06:50:00,17:46:00
28990,1481921417,12/16/2016 12:00:00 AM,10:50:17,781.43,54.0,30.27,52.0,45.73,5.62,06:50:00,17:46:00
28991,1481921117,12/16/2016 12:00:00 AM,10:45:17,772.0,53.0,30.27,53.0,5.81,3.37,06:50:00,17:46:00
28992,1481920818,12/16/2016 12:00:00 AM,10:40:18,762.86,53.0,30.27,60.0,98.83,2.25,06:50:00,17:46:00
28993,1481920518,12/16/2016 12:00:00 AM,10:35:18,752.16,52.0,30.27,61.0,9.07,6.229096658193317,06:50:00,17:46:00
28994,1481920218,12/16/2016 12:00:00 AM,10:30:18,742.83,51.0,30.27,67.0,18.52,3.37,06:50:00,17:46:00
28995,1481919919,12/16/2016 12:00:00 AM,10:25:19,733.04,50.0,30.27,64.0,291.39,3.37,06:50:00,17:46:00
28996,1481919617,12/16/2016 12:00:00 AM,10:20:17,719.85,50.0,30.27,69.0,290.23,2.25,06:50:00,17:46:00
28997,1481919320,12/16/2016 12:00:00 AM,10:15:20,708.11,49.0,30.28,73.0,290.03,2.25,06:50:00,17:46:00
28998,1481919018,12/16/2016 12:00:00 AM,10:10:18,695.62,49.0,30.28,73.0,293.45,1.12,06:50:00,17:46:00
28999,1481918717,12/16/2016 12:00:00 AM,10:05:17,681.21,49.0,30.28,75.0,273.88,6.229096658193317,06:50:00,17:46:00
29000,1481918420,12/16/2016 12:00:00 AM,10:00:20,669.8,48.0,30.28,72.0,320.13,3.37,06:50:00,17:46:00
29001,1481918121,12/16/2016 12:00:00 AM,09:55:21,654.93,48.0,30.28,77.0,322.18,4.5,06:50:00,17:46:00
29002,1481917820,12/16/2016 12:00:00 AM,09:50:20,642.04,48.0,30.28,77.0,325.58,4.5,06:50:00,17:46:00
29003,1481917517,12/16/2016 12:00:00 AM,09:45:17,625.0,48.0,30.28,72.0,295.36,3.37,06:50:00,17:46:00
29004,1481917222,12/16/2016 12:00:00 AM,09:40:22,610.23,49.0,30.28,77.0,297.6,4.5,06:50:00,17:46:00
29005,1481916918,12/16/2016 12:00:00 AM,09:35:18,600.94,50.0,30.27,65.0,116.92,1.12,06:50:00,17:46:00
29006,1481916620,12/16/2016 12:00:00 AM,09:30:20,587.41,50.0,30.27,69.0,111.45,4.5,06:50:00,17:46:00
29007,1481916317,12/16/2016 12:00:00 AM,09:25:17,570.45,49.0,30.27,67.0,115.26,2.25,06:50:00,17:46:00
29008,1481916020,12/16/2016 12:00:00 AM,09:20:20,554.72,48.0,30.27,77.0,176.23,5.62,06:50:00,17:46:00
29009,1481915718,12/16/2016 12:00:00 AM,09:15:18,539.06,47.0,30.27,78.0,112.67,5.62,06:50:00,17:46:00
29010,1481915417,12/16/2016 12:00:00 AM,09:10:17,521.83,46.0,30.27,79.0,151.68,2.25,06:50:00,17:46:00
29011,1481915118,12/16/2016 12:00:00 AM,09:05:18,507.01,45.0,30.27,84.0,150.74,2.25,06:50:00,17:46:00
29012,1481914817,12/16/2016 12:00:00 AM,09:00:17,482.26,44.0,30.27,84.0,58.37,2.25,06:50:00,17:46:00
29013,1481914517,12/16/2016 12:00:00 AM,08:55:17,460.53,44.0,30.26,88.0,167.65,4.5,06:50:00,17:46:00
29014,1481914221,12/16/2016 12:00:00 AM,08:50:21,443.26,43.0,30.26,84.0,17.93,5.62,06:50:00,17:46:00
29015,1481913918,12/16/2016 12:00:00 AM,08:45:18,422.36,42.0,30.26,87.0,170.97,3.37,06:50:00,17:46:00
29016,1481913617,12/16/2016 12:00:00 AM,08:40:17,408.08,42.0,30.27,92.0,206.55,3.37,06:50:00,17:46:00
29017,1481913317,12/16/2016 12:00:00 AM,08:35:17,389.04,42.0,30.26,93.0,346.78,4.5,06:50:00,17:46:00
29018,1481913017,12/16/2016 12:00:00 AM,08:30:17,371.65,41.0,30.26,94.0,266.22,3.37,06:50:00,17:46:00
29019,1481912719,12/16/2016 12:00:00 AM,08:25:19,354.22,41.0,30.26,97.0,245.4,3.37,06:50:00,17:46:00
29020,1481912417,12/16/2016 12:00:00 AM,08:20:17,338.42,40.0,30.26,98.0,201.53,7.87,06:50:00,17:46:00
29021,1481912122,12/16/2016 12:00:00 AM,08:15:22,317.93,40.0,30.26,98.0,232.16,1.12,06:50:00,17:46:00
29022,1481911817,12/16/2016 12:00:00 AM,08:10:17,298.54,39.0,30.24,99.0,22.96,4.5,06:50:00,17:46:00
29023,1481911524,12/16/2016 12:00:00 AM,08:05:24,275.71,39.0,30.26,98.0,184.95,3.37,06:50:00,17:46:00
29024,1481911221,12/16/2016 12:00:00 AM,08:00:21,252.97,39.0,30.25,98.0,0.51,2.25,06:50:00,17:46:00
29025,1481910917,12/16/2016 12:00:00 AM,07:55:17,24.93,38.0,30.25,96.0,21.9,2.25,06:50:00,17:46:00
29026,1481910621,12/16/2016 12:00:00 AM,07:50:21,21.86,38.0,30.25,94.0,269.59,1.12,06:50:00,17:46:00
29027,1481910334,12/16/2016 12:00:00 AM,07:45:34,21.32,39.0,30.25,91.0,317.96,3.37,06:50:00,17:46:00
29028,1481910017,12/16/2016 12:00:00 AM,07:40:17,20.44,38.0,30.24,92.0,159.69,6.75,06:50:00,17:46:00
29029,1481909737,12/16/2016 12:00:00 AM,07:35:37,19.77,37.0,30.25,94.0,233.81,2.25,06:50:00,17:46:00
29030,1481909417,12/16/2016 12:00:00 AM,07:30:17,18.87,37.0,30.23,95.0,125.42,3.37,06:50:00,17:46:00
29031,1481909120,12/16/2016 12:00:00 AM,07:25:20,17.93,36.0,30.24,96.0,187.6,4.5,06:50:00,17:46:00
29032,1481908836,12/16/2016 12:00:00 AM,07:20:36,16.9,36.0,30.24,96.0,202.24,4.5,06:50:00,17:46:00
29033,1481908519,12/16/2016 12:00:00 AM,07:15:19,15.16,36.0,30.24,97.0,194.82,1.12,06:50:00,17:46:00
29034,1481908242,12/16/2016 12:00:00 AM,07:10:42,13.27,36.0,30.25,97.0,198.94,9.0,06:50:00,17:46:00
29035,1481907917,12/16/2016 12:00:00 AM,07:05:17,10.85,36.0,30.24,97.0,199.58,2.25,06:50:00,17:46:00
29036,1481907623,12/16/2016 12:00:00 AM,07:00:23,8.23,36.0,30.24,97.0,199.66,5.62,06:50:00,17:46:00
29037,1481907318,12/16/2016 12:00:00 AM,06:55:18,6.42,36.0,30.24,97.0,199.65,2.25,06:50:00,17:46:00
29038,1481907018,12/16/2016 12:00:00 AM,06:50:18,4.77,36.0,30.23,97.0,247.71,3.37,06:50:00,17:46:00
29039,1481906719,12/16/2016 12:00:00 AM,06:45:19,3.28,36.0,30.24,97.0,247.75,4.5,06:50:00,17:46:00
29040,1481906421,12/16/2016 12:00:00 AM,06:40:21,1.88,36.0,30.23,96.0,157.8,1.12,06:50:00,17:46:00
29041,1481906119,12/16/2016 12:00:00 AM,06:35:19,1.2,37.0,30.22,95.0,146.04,4.5,06:50:00,17:46:00
29042,1481905817,12/16/2016 12:00:00 AM,06:30:17,1.2,37.0,30.23,96.0,217.45,2.25,06:50:00,17:46:00
29043,1481905518,12/16/2016 12:00:00 AM,06:25:18,1.2,37.0,30.23,95.0,218.2,2.25,06:50:00,17:46:00
29044,1481905220,12/16/2016 12:00:00 AM,06:20:20,1.2,37.0,30.22,92.0,144.41,3.37,06:50:00,17:46:00
29045,1481904921,12/16/2016 12:00:00 AM,06:15:21,1.22,37.0,30.23,92.0,171.19,3.37,06:50:00,17:46:00
29046,1481904618,12/16/2016 12:00:00 AM,06:10:18,1.25,37.0,30.22,92.0,98.74,0.0,06:50:00,17:46:00
29047,1481904318,12/16/2016 12:00:00 AM,06:05:18,1.25,37.0,30.23,90.0,199.57,6.75,06:50:00,17:46:00
29048,1481904020,12/16/2016 12:00:00 AM,06:00:20,1.23,37.0,30.21,89.0,24.63,5.62,06:50:00,17:46:00
29049,1481903721,12/16/2016 12:00:00 AM,05:55:21,1.21,37.0,30.23,92.0,148.6,5.62,06:50:00,17:46:00
29050,1481903418,12/16/2016 12:00:00 AM,05:50:18,1.21,37.0,30.23,92.0,157.77,3.37,06:50:00,17:46:00
29051,1481903117,12/16/2016 12:00:00 AM,05:45:17,1.24,37.0,30.22,89.0,105.22,3.37,06:50:00,17:46:00
29052,1481902834,12/16/2016 12:00:00 AM,05:40:34,1.2,38.0,30.23,90.0,177.71,3.37,06:50:00,17:46:00
29053,1481902518,12/16/2016 12:00:00 AM,05:35:18,1.24,38.0,30.22,90.0,163.52,0.0,06:50:00,17:46:00
29054,1481902218,12/16/2016 12:00:00 AM,05:30:18,1.25,38.0,30.22,87.0,163.52,3.37,06:50:00,17:46:00
29055,1481901917,12/16/2016 12:00:00 AM,05:25:17,1.23,37.0,30.22,86.0,149.07,2.25,06:50:00,17:46:00
29056,1481901624,12/16/2016 12:00:00 AM,05:20:24,1.26,38.0,30.22,86.0,11.22,1.12,06:50:00,17:46:00
29057,1481901317,12/16/2016 12:00:00 AM,05:15:17,1.26,38.0,30.21,84.0,11.37,2.25,06:50:00,17:46:00
29058,1481901020,12/16/2016 12:00:00 AM,05:10:20,1.27,37.0,30.22,85.0,194.28,5.62,06:50:00,17:46:00
29059,1481900717,12/16/2016 12:00:00 AM,05:05:17,1.2,38.0,30.23,85.0,218.63,6.75,06:50:00,17:46:00
29060,1481900418,12/16/2016 12:00:00 AM,05:00:18,1.25,38.0,30.22,80.0,46.22,2.25,06:50:00,17:46:00
29061,1481900124,12/16/2016 12:00:00 AM,04:55:24,1.21,37.0,30.21,84.0,61.78,2.25,06:50:00,17:46:00
29062,1481899818,12/16/2016 12:00:00 AM,04:50:18,1.27,38.0,30.21,88.0,159.45,5.62,06:50:00,17:46:00
29063,1481899525,12/16/2016 12:00:00 AM,04:45:25,1.23,37.0,30.21,88.0,210.85,1.12,06:50:00,17:46:00
29064,1481899218,12/16/2016 12:00:00 AM,04:40:18,1.23,37.0,30.21,89.0,251.88,4.5,06:50:00,17:46:00
29065,1481898917,12/16/2016 12:00:00 AM,04:35:17,1.23,37.0,30.21,93.0,198.41,0.0,06:50:00,17:46:00
29066,1481898617,12/16/2016 12:00:00 AM,04:30:17,1.23,36.0,30.2,93.0,78.25,1.12,06:50:00,17:46:00
29067,1481898318,12/16/2016 12:00:00 AM,04:25:18,1.26,36.0,30.2,97.0,157.14,5.62,06:50:00,17:46:00
29068,1481898018,12/16/2016 12:00:00 AM,04:20:18,1.21,36.0,30.2,100.0,121.28,5.62,06:50:00,17:46:00
29069,1481897717,12/16/2016 12:00:00 AM,04:15:17,1.2,35.0,30.21,101.0,187.54,5.62,06:50:00,17:46:00
29070,1481897417,12/16/2016 12:00:00 AM,04:10:17,1.22,35.0,30.21,101.0,174.57,12.37,06:50:00,17:46:00
29071,1481897120,12/16/2016 12:00:00 AM,04:05:20,1.24,35.0,30.21,102.0,160.69,2.25,06:50:00,17:46:00
29072,1481896817,12/16/2016 12:00:00 AM,04:00:17,1.2,35.0,30.2,74.83719267708949,164.14,2.25,06:50:00,17:46:00
29073,1481896517,12/16/2016 12:00:00 AM,03:55:17,1.25,35.0,30.2,102.0,164.3,1.12,06:50:00,17:46:00
29074,1481896232,12/16/2016 12:00:00 AM,03:50:32,1.24,36.0,30.2,102.0,164.3,3.37,06:50:00,17:46:00
29075,1481895917,12/16/2016 12:00:00 AM,03:45:17,1.2,36.0,30.21,102.0,164.3,3.37,06:50:00,17:46:00
29076,1481895637,12/16/2016 12:00:00 AM,03:40:37,1.23,36.0,30.21,102.0,164.3,4.5,06:50:00,17:46:00
29077,1481895318,12/16/2016 12:00:00 AM,03:35:18,1.18,37.0,30.21,103.0,164.29,2.25,06:50:00,17:46:00
29078,1481895017,12/16/2016 12:00:00 AM,03:30:17,1.22,37.0,30.21,103.0,164.29,2.25,06:50:00,17:46:00
29079,1481894718,12/16/2016 12:00:00 AM,03:25:18,1.21,37.0,30.2,103.0,164.29,0.0,06:50:00,17:46:00
29080,1481894417,12/16/2016 12:00:00 AM,03:20:17,1.25,37.0,30.21,103.0,164.29,1.12,06:50:00,17:46:00
29081,1481894117,12/16/2016 12:00:00 AM,03:15:17,1.22,37.0,30.2,103.0,164.29,1.12,06:50:00,17:46:00
29082,1481893818,12/16/2016 12:00:00 AM,03:10:18,1.25,37.0,30.2,103.0,164.3,2.25,06:50:00,17:46:00
29083,1481893517,12/16/2016 12:00:00 AM,03:05:17,1.26,37.0,30.2,103.0,171.23,3.37,06:50:00,17:46:00
29084,1481893217,12/16/2016 12:00:00 AM,03:00:17,1.24,37.0,30.2,103.0,167.7,4.5,06:50:00,17:46:00
29085,1481892921,12/16/2016 12:00:00 AM,02:55:21,1.22,37.0,30.2,103.0,172.21,5.62,06:50:00,17:46:00
29086,1481892623,12/16/2016 12:00:00 AM,02:50:23,1.25,37.0,30.2,103.0,169.87,4.5,06:50:00,17:46:00
29087,1481892321,12/16/2016 12:00:00 AM,02:45:21,1.2,37.0,30.2,103.0,174.11,5.62,06:50:00,17:46:00
29088,1481892017,12/16/2016 12:00:00 AM,02:40:17,1.26,37.0,30.2,103.0,165.75,6.75,06:50:00,17:46:00
29089,1481891718,12/16/2016 12:00:00 AM,02:35:18,1.25,38.0,30.2,103.0,182.32,4.5,06:50:00,17:46:00
29090,1481891418,12/16/2016 12:00:00 AM,02:30:18,1.23,38.0,30.2,103.0,169.85,5.62,06:50:00,17:46:00
29091,1481891118,12/16/2016 12:00:00 AM,02:25:18,1.24,38.0,30.21,103.0,164.0,5.62,06:50:00,17:46:00
29092,1481890818,12/16/2016 12:00:00 AM,02:20:18,1.22,38.0,30.21,103.0,175.07,3.37,06:50:00,17:46:00
29093,1481890517,12/16/2016 12:00:00 AM,02:15:17,1.24,38.0,30.21,103.0,178.44,4.5,06:50:00,17:46:00
29094,1481890217,12/16/2016 12:00:00 AM,02:10:17,1.23,39.0,30.21,103.0,173.95,4.5,06:50:00,17:46:00
29095,1481889918,12/16/2016 12:00:00 AM,02:05:18,1.23,39.0,30.21,103.0,177.44,4.5,06:50:00,17:46:00
29096,1481889640,12/16/2016 12:00:00 AM,02:00:40,1.24,39.0,30.21,103.0,160.41,4.5,06:50:00,17:46:00
29097,1481889320,12/16/2016 12:00:00 AM,01:55:20,1.24,40.0,30.21,103.0,168.12,5.62,06:50:00,17:46:00
29098,1481889034,12/16/2016 12:00:00 AM,01:50:34,1.24,40.0,30.22,103.0,177.56,1.12,06:50:00,17:46:00
29099,1481888717,12/16/2016 12:00:00 AM,01:45:17,1.24,41.0,30.22,103.0,177.56,2.25,06:50:00,17:46:00
29100,1481888434,12/16/2016 12:00:00 AM,01:40:34,1.27,41.0,30.22,103.0,177.56,1.12,06:50:00,17:46:00
29101,1481888118,12/16/2016 12:00:00 AM,01:35:18,1.21,41.0,30.22,103.0,177.56,1.12,06:50:00,17:46:00
29102,1481887835,12/16/2016 12:00:00 AM,01:30:35,1.16,41.0,30.22,103.0,177.56,1.12,06:50:00,17:46:00
29103,1481887517,12/16/2016 12:00:00 AM,01:25:17,1.24,41.0,30.22,103.0,177.56,0.0,06:50:00,17:46:00
29104,1481887234,12/16/2016 12:00:00 AM,01:20:34,1.21,41.0,30.22,103.0,177.56,0.0,06:50:00,17:46:00
29105,1481886918,12/16/2016 12:00:00 AM,01:15:18,1.24,41.0,30.22,103.0,177.56,1.12,06:50:00,17:46:00
29106,1481886629,12/16/2016 12:00:00 AM,01:10:29,1.23,41.0,30.23,103.0,177.56,1.12,06:50:00,17:46:00
29107,1481886318,12/16/2016 12:00:00 AM,01:05:18,1.23,41.0,30.23,103.0,177.56,1.12,06:50:00,17:46:00
29108,1481886034,12/16/2016 12:00:00 AM,01:00:34,1.24,41.0,30.23,103.0,177.55,2.25,06:50:00,17:46:00
29109,1481885718,12/16/2016 12:00:00 AM,00:55:18,1.24,41.0,30.23,103.0,177.55,1.12,06:50:00,17:46:00
29110,1481885434,12/16/2016 12:00:00 AM,00:50:34,1.22,41.0,30.23,103.0,177.55,2.25,06:50:00,17:46:00
29111,1481885120,12/16/2016 12:00:00 AM,00:45:20,1.21,41.0,30.23,103.0,177.53,4.5,06:50:00,17:46:00
29112,1481884837,12/16/2016 12:00:00 AM,00:40:37,1.21,41.0,30.23,103.0,182.14,4.5,06:50:00,17:46:00
29113,1481884518,12/16/2016 12:00:00 AM,00:35:18,1.22,41.0,30.23,103.0,179.27,5.62,06:50:00,17:46:00
29114,1481884218,12/16/2016 12:00:00 AM,00:30:18,1.2,42.0,30.23,103.0,181.48,4.5,06:50:00,17:46:00
29115,1481883918,12/16/2016 12:00:00 AM,00:25:18,1.19,42.0,30.23,103.0,159.89,4.5,06:50:00,17:46:00
29116,1481883617,12/16/2016 12:00:00 AM,00:20:17,1.24,42.0,30.23,103.0,171.14,4.5,06:50:00,17:46:00
29117,1481883318,12/16/2016 12:00:00 AM,00:15:18,1.24,42.0,30.23,103.0,171.13,2.25,06:50:00,17:46:00
29118,1481883019,12/16/2016 12:00:00 AM,00:10:19,1.24,42.0,30.24,103.0,171.13,2.25,06:50:00,17:46:00
29119,1481882721,12/16/2016 12:00:00 AM,00:05:21,1.24,42.0,30.23,103.0,171.14,3.37,06:50:00,17:46:00
29120,1481882418,12/16/2016 12:00:00 AM,00:00:18,1.24,42.0,30.24,103.0,171.13,1.12,06:50:00,17:46:00
29121,1481882117,12/15/2016 12:00:00 AM,23:55:17,1.24,42.0,30.24,103.0,171.14,3.37,06:50:00,17:46:00
29122,1481881817,12/15/2016 12:00:00 AM,23:50:17,1.23,42.0,30.24,103.0,171.13,2.25,06:50:00,17:46:00
29123,1481881521,12/15/2016 12:00:00 AM,23:45:21,1.22,42.0,30.24,103.0,171.14,0.0,06:50:00,17:46:00
29124,1481881217,12/15/2016 12:00:00 AM,23:40:17,1.27,42.0,30.24,103.0,168.33,3.37,06:50:00,17:46:00
29125,1481880917,12/15/2016 12:00:00 AM,23:35:17,1.23,43.0,30.24,103.0,179.77,4.5,06:50:00,17:46:00
29126,1481880617,12/15/2016 12:00:00 AM,23:30:17,1.24,43.0,30.24,103.0,195.76,5.62,06:50:00,17:46:00
29127,1481880321,12/15/2016 12:00:00 AM,23:25:21,1.24,43.0,30.24,103.0,196.82,2.25,06:50:00,17:46:00
29128,1481880018,12/15/2016 12:00:00 AM,23:20:18,1.23,43.0,30.25,103.0,204.6,4.5,06:50:00,17:46:00
29129,1481879717,12/15/2016 12:00:00 AM,23:15:17,1.21,44.0,30.25,103.0,203.93,3.37,06:50:00,17:46:00
29130,1481879417,12/15/2016 12:00:00 AM,23:10:17,1.26,44.0,30.25,103.0,203.93,3.37,06:50:00,17:46:00
29131,1481879117,12/15/2016 12:00:00 AM,23:05:17,1.23,44.0,30.25,103.0,203.93,1.12,06:50:00,17:46:00
29132,1481878817,12/15/2016 12:00:00 AM,23:00:17,1.25,44.0,30.25,103.0,203.93,1.12,06:50:00,17:46:00
29133,1481878517,12/15/2016 12:00:00 AM,22:55:17,1.23,44.0,30.25,103.0,203.93,1.12,06:50:00,17:46:00
29134,1481878218,12/15/2016 12:00:00 AM,22:50:18,1.25,44.0,30.25,103.0,203.92,2.25,06:50:00,17:46:00
29135,1481877920,12/15/2016 12:00:00 AM,22:45:20,1.24,44.0,30.25,103.0,202.15,1.12,06:50:00,17:46:00
29136,1481877617,12/15/2016 12:00:00 AM,22:40:17,1.24,44.0,30.25,103.0,202.16,1.12,06:50:00,17:46:00
29137,1481877318,12/15/2016 12:00:00 AM,22:35:18,1.24,44.0,30.26,103.0,202.15,3.37,06:50:00,17:46:00
29138,1481877033,12/15/2016 12:00:00 AM,22:30:33,1.25,44.0,30.26,103.0,268.29,0.0,06:50:00,17:46:00
29139,1481876717,12/15/2016 12:00:00 AM,22:25:17,1.22,44.0,30.26,103.0,268.29,2.25,06:50:00,17:46:00
29140,1481876424,12/15/2016 12:00:00 AM,22:20:24,1.25,45.0,30.26,103.0,298.38,2.25,06:50:00,17:46:00
29141,1481876118,12/15/2016 12:00:00 AM,22:15:18,1.21,45.0,30.26,103.0,298.51,3.37,06:50:00,17:46:00
29142,1481875817,12/15/2016 12:00:00 AM,22:10:17,1.27,45.0,30.26,103.0,298.52,2.25,06:50:00,17:46:00
29143,1481875518,12/15/2016 12:00:00 AM,22:05:18,1.25,45.0,30.26,103.0,301.96,0.0,06:50:00,17:46:00
29144,1481875217,12/15/2016 12:00:00 AM,22:00:17,1.24,45.0,30.26,103.0,301.96,0.0,06:50:00,17:46:00
29145,1481874917,12/15/2016 12:00:00 AM,21:55:17,1.25,45.0,30.26,103.0,301.96,0.0,06:50:00,17:46:00
29146,1481874617,12/15/2016 12:00:00 AM,21:50:17,1.28,46.0,30.26,103.0,301.96,0.0,06:50:00,17:46:00
29147,1481874319,12/15/2016 12:00:00 AM,21:45:19,1.25,46.0,30.26,103.0,301.96,2.25,06:50:00,17:46:00
29148,1481874021,12/15/2016 12:00:00 AM,21:40:21,1.25,46.0,30.26,103.0,301.96,2.25,06:50:00,17:46:00
29149,1481873717,12/15/2016 12:00:00 AM,21:35:17,1.25,46.0,30.27,103.0,301.96,1.12,06:50:00,17:46:00
29150,1481873418,12/15/2016 12:00:00 AM,21:30:18,1.25,46.0,30.26,103.0,301.78,1.12,06:50:00,17:46:00
29151,1481873117,12/15/2016 12:00:00 AM,21:25:17,1.25,46.0,30.26,103.0,301.78,2.25,06:50:00,17:46:00
29152,1481872838,12/15/2016 12:00:00 AM,21:20:38,1.22,46.0,30.27,103.0,301.78,0.0,06:50:00,17:46:00
29153,1481872517,12/15/2016 12:00:00 AM,21:15:17,1.21,46.0,30.27,103.0,301.78,1.12,06:50:00,17:46:00
29154,1481872236,12/15/2016 12:00:00 AM,21:10:36,1.24,46.0,30.27,103.0,301.78,1.12,06:50:00,17:46:00
29155,1481871917,12/15/2016 12:00:00 AM,21:05:17,1.29,46.0,30.27,103.0,301.78,3.37,06:50:00,17:46:00
29156,1481871641,12/15/2016 12:00:00 AM,21:00:41,1.27,46.0,30.27,103.0,301.78,2.25,06:50:00,17:46:00
29157,1481871317,12/15/2016 12:00:00 AM,20:55:17,1.22,46.0,30.27,103.0,299.05,4.5,06:50:00,17:46:00
29158,1481871034,12/15/2016 12:00:00 AM,20:50:34,1.23,46.0,30.27,103.0,295.81,6.75,06:50:00,17:46:00
29159,1481870718,12/15/2016 12:00:00 AM,20:45:18,1.24,46.0,30.27,103.0,308.23,3.37,06:50:00,17:46:00
29160,1481870433,12/15/2016 12:00:00 AM,20:40:33,1.23,46.0,30.26,103.0,314.95,4.5,06:50:00,17:46:00
29161,1481870125,12/15/2016 12:00:00 AM,20:35:25,1.22,46.0,30.26,103.0,321.46,4.5,06:50:00,17:46:00
29162,1481869834,12/15/2016 12:00:00 AM,20:30:34,1.25,46.0,30.26,103.0,316.21,5.62,06:50:00,17:46:00
29163,1481869517,12/15/2016 12:00:00 AM,20:25:17,1.24,46.0,30.26,103.0,326.67,5.62,06:50:00,17:46:00
29164,1481869218,12/15/2016 12:00:00 AM,20:20:18,1.22,47.0,30.26,103.0,329.45,6.75,06:50:00,17:46:00
29165,1481868947,12/15/2016 12:00:00 AM,20:15:47,1.27,47.0,30.26,103.0,321.36,5.62,06:50:00,17:46:00
29166,1481868624,12/15/2016 12:00:00 AM,20:10:24,1.24,47.0,30.26,103.0,320.26,4.5,06:50:00,17:46:00
29167,1481868318,12/15/2016 12:00:00 AM,20:05:18,1.28,47.0,30.26,103.0,323.81,3.37,06:50:00,17:46:00
29168,1481868018,12/15/2016 12:00:00 AM,20:00:18,1.25,47.0,30.26,103.0,325.78,4.5,06:50:00,17:46:00
29169,1481867717,12/15/2016 12:00:00 AM,19:55:17,1.26,47.0,30.26,103.0,323.69,4.5,06:50:00,17:46:00
29170,1481867417,12/15/2016 12:00:00 AM,19:50:17,1.23,47.0,30.26,103.0,323.53,4.5,06:50:00,17:46:00
29171,1481867117,12/15/2016 12:00:00 AM,19:45:17,1.29,47.0,30.26,103.0,317.97,3.37,06:50:00,17:46:00
29172,1481866820,12/15/2016 12:00:00 AM,19:40:20,1.26,47.0,30.26,103.0,317.98,4.5,06:50:00,17:46:00
29173,1481866522,12/15/2016 12:00:00 AM,19:35:22,1.24,47.0,30.26,103.0,298.57,4.5,06:50:00,17:46:00
29174,1481866217,12/15/2016 12:00:00 AM,19:30:17,1.29,47.0,30.26,103.0,301.04,3.37,06:50:00,17:46:00
29175,1481865920,12/15/2016 12:00:00 AM,19:25:20,1.29,47.0,30.26,103.0,299.96,6.75,06:50:00,17:46:00
29176,1481865618,12/15/2016 12:00:00 AM,19:20:18,1.26,47.0,30.26,103.0,298.9,7.87,06:50:00,17:46:00
29177,1481865318,12/15/2016 12:00:00 AM,19:15:18,1.27,47.0,30.25,103.0,292.99,5.62,06:50:00,17:46:00
29178,1481865018,12/15/2016 12:00:00 AM,19:10:18,1.2,47.0,30.25,103.0,309.52,5.62,06:50:00,17:46:00
29179,1481864705,12/15/2016 12:00:00 AM,19:05:05,1.23,47.0,30.25,103.0,308.51,4.5,06:50:00,17:46:00
29180,1481864409,12/15/2016 12:00:00 AM,19:00:09,1.29,47.0,30.25,103.0,313.07,6.75,06:50:00,17:46:00
29181,1481864102,12/15/2016 12:00:00 AM,18:55:02,1.26,47.0,30.25,103.0,330.99,6.75,06:50:00,17:46:00
29182,1481863805,12/15/2016 12:00:00 AM,18:50:05,1.27,47.0,30.24,103.0,321.11,7.87,06:50:00,17:46:00
29183,1481863501,12/15/2016 12:00:00 AM,18:45:01,1.27,47.0,30.24,102.0,321.13,10.12,06:50:00,17:46:00
29184,1481863204,12/15/2016 12:00:00 AM,18:40:04,1.23,47.0,30.24,103.0,305.47,10.12,06:50:00,17:46:00
29185,1481862905,12/15/2016 12:00:00 AM,18:35:05,1.25,47.0,30.24,102.0,315.59,10.12,06:50:00,17:46:00
29186,1481862603,12/15/2016 12:00:00 AM,18:30:03,1.26,47.0,30.24,102.0,337.61,6.75,06:50:00,17:46:00
29187,1481862302,12/15/2016 12:00:00 AM,18:25:02,1.25,47.0,30.24,102.0,303.5,12.37,06:50:00,17:46:00
29188,1481862004,12/15/2016 12:00:00 AM,18:20:04,1.27,47.0,30.24,102.0,321.98,9.0,06:50:00,17:46:00
29189,1481861704,12/15/2016 12:00:00 AM,18:15:04,1.24,47.0,30.24,102.0,311.45,5.62,06:50:00,17:46:00
29190,1481861402,12/15/2016 12:00:00 AM,18:10:02,1.25,47.0,30.23,102.0,319.68,9.0,06:50:00,17:46:00
29191,1481861102,12/15/2016 12:00:00 AM,18:05:02,1.25,47.0,30.23,102.0,321.52,3.37,06:50:00,17:46:00
29192,1481860802,12/15/2016 12:00:00 AM,18:00:02,1.25,47.0,30.23,102.0,334.03,7.87,06:50:00,17:46:00
29193,1481860503,12/15/2016 12:00:00 AM,17:55:03,1.6,47.0,30.23,102.0,327.08,5.62,06:50:00,17:46:00
29194,1481860201,12/15/2016 12:00:00 AM,17:50:01,2.19,47.0,30.23,102.0,326.19,5.62,06:50:00,17:46:00
29195,1481859903,12/15/2016 12:00:00 AM,17:45:03,2.4,47.0,30.23,102.0,335.02,9.0,06:50:00,17:46:00
29196,1481859601,12/15/2016 12:00:00 AM,17:40:01,3.3,47.0,30.23,102.0,319.38,7.87,06:50:00,17:46:00
29197,1481859304,12/15/2016 12:00:00 AM,17:35:04,6.05,47.0,30.23,102.0,316.59,7.87,06:50:00,17:46:00
29198,1481859005,12/15/2016 12:00:00 AM,17:30:05,6.84,48.0,30.23,102.0,306.05,6.75,06:50:00,17:46:00
29199,1481858701,12/15/2016 12:00:00 AM,17:25:01,6.8,48.0,30.23,102.0,307.54,10.12,06:50:00,17:46:00
29200,1481858404,12/15/2016 12:00:00 AM,17:20:04,6.58,48.0,30.23,102.0,318.65,6.75,06:50:00,17:46:00
29201,1481858103,12/15/2016 12:00:00 AM,17:15:03,6.22,48.0,30.23,102.0,320.16,6.75,06:50:00,17:46:00
29202,1481857805,12/15/2016 12:00:00 AM,17:10:05,6.5,48.0,30.23,102.0,324.75,6.75,06:50:00,17:46:00
29203,1481857503,12/15/2016 12:00:00 AM,17:05:03,7.01,48.0,30.22,102.0,332.23,5.62,06:50:00,17:46:00
29204,1481857204,12/15/2016 12:00:00 AM,17:00:04,8.37,48.0,30.22,102.0,325.49,6.75,06:50:00,17:46:00
29205,1481856902,12/15/2016 12:00:00 AM,16:55:02,11.47,48.0,30.22,102.0,320.63,9.0,06:50:00,17:46:00
29206,1481856601,12/15/2016 12:00:00 AM,16:50:01,15.51,48.0,30.22,102.0,336.49,6.75,06:50:00,17:46:00
29207,1481856314,12/15/2016 12:00:00 AM,16:45:14,20.53,48.0,30.22,102.0,324.45,13.5,06:50:00,17:46:00
29208,1481856003,12/15/2016 12:00:00 AM,16:40:03,35.48,48.0,30.22,101.0,322.37,12.37,06:50:00,17:46:00
29209,1481855703,12/15/2016 12:00:00 AM,16:35:03,44.62,49.0,30.21,101.0,323.94,6.75,06:50:00,17:46:00
29210,1481855405,12/15/2016 12:00:00 AM,16:30:05,45.11,49.0,30.21,102.0,326.21,10.12,06:50:00,17:46:00
29211,1481855105,12/15/2016 12:00:00 AM,16:25:05,60.1,49.0,30.21,102.0,319.45,7.87,06:50:00,17:46:00
29212,1481854810,12/15/2016 12:00:00 AM,16:20:10,57.38,49.0,30.21,101.0,302.18,10.12,06:50:00,17:46:00
29213,1481854501,12/15/2016 12:00:00 AM,16:15:01,42.8,49.0,30.21,101.0,322.23,10.12,06:50:00,17:46:00
29214,1481854211,12/15/2016 12:00:00 AM,16:10:11,38.88,49.0,30.22,101.0,322.32,10.12,06:50:00,17:46:00
29215,1481853902,12/15/2016 12:00:00 AM,16:05:02,48.69,49.0,30.21,101.0,295.39,9.0,06:50:00,17:46:00
29216,1481853614,12/15/2016 12:00:00 AM,16:00:14,65.84,49.0,30.22,101.0,323.71,10.12,06:50:00,17:46:00
29217,1481853303,12/15/2016 12:00:00 AM,15:55:03,48.3,49.0,30.22,101.0,312.47,10.12,06:50:00,17:46:00
29218,1481853017,12/15/2016 12:00:00 AM,15:50:17,37.08,49.0,30.22,101.0,301.83,11.25,06:50:00,17:46:00
29219,1481852707,12/15/2016 12:00:00 AM,15:45:07,52.33,49.0,30.21,101.0,319.98,9.0,06:50:00,17:46:00
29220,1481852423,12/15/2016 12:00:00 AM,15:40:23,37.96,49.0,30.21,101.0,309.97,11.25,06:50:00,17:46:00
29221,1481852104,12/15/2016 12:00:00 AM,15:35:04,77.11,49.0,30.21,101.0,316.15,11.25,06:50:00,17:46:00
29222,1481851822,12/15/2016 12:00:00 AM,15:30:22,83.79,49.0,30.21,101.0,343.9,7.87,06:50:00,17:46:00
29223,1481851503,12/15/2016 12:00:00 AM,15:25:03,79.07,49.0,30.21,101.0,323.67,9.0,06:50:00,17:46:00
29224,1481851202,12/15/2016 12:00:00 AM,15:20:02,106.81,49.0,30.21,101.0,312.45,6.75,06:50:00,17:46:00
29225,1481850902,12/15/2016 12:00:00 AM,15:15:02,122.86,49.0,30.21,101.0,327.66,10.12,06:50:00,17:46:00
29226,1481850601,12/15/2016 12:00:00 AM,15:10:01,131.57,49.0,30.21,101.0,309.29,10.12,06:50:00,17:46:00
29227,1481850313,12/15/2016 12:00:00 AM,15:05:13,105.55,49.0,30.21,101.0,304.53,11.25,06:50:00,17:46:00
29228,1481850002,12/15/2016 12:00:00 AM,15:00:02,119.9,49.0,30.21,101.0,313.62,7.87,06:50:00,17:46:00
29229,1481849704,12/15/2016 12:00:00 AM,14:55:04,109.96,49.0,30.2,101.0,324.92,12.37,06:50:00,17:46:00
29230,1481849402,12/15/2016 12:00:00 AM,14:50:02,110.69,49.0,30.21,100.0,324.29,9.0,06:50:00,17:46:00
29231,1481849101,12/15/2016 12:00:00 AM,14:45:01,89.88,49.0,30.2,100.0,320.12,11.25,06:50:00,17:46:00
29232,1481848801,12/15/2016 12:00:00 AM,14:40:01,124.87,49.0,30.21,100.0,328.38,12.37,06:50:00,17:46:00
29233,1481848501,12/15/2016 12:00:00 AM,14:35:01,129.04,49.0,30.21,100.0,325.03,11.25,06:50:00,17:46:00
29234,1481848209,12/15/2016 12:00:00 AM,14:30:09,172.91,49.0,30.21,100.0,290.24,15.75,06:50:00,17:46:00
29235,1481847905,12/15/2016 12:00:00 AM,14:25:05,173.39,48.0,30.21,100.0,300.51,7.87,06:50:00,17:46:00
29236,1481847601,12/15/2016 12:00:00 AM,14:20:01,132.14,48.0,30.21,99.0,305.3,10.12,06:50:00,17:46:00
29237,1481847302,12/15/2016 12:00:00 AM,14:15:02,118.25,49.0,30.21,99.0,304.35,9.0,06:50:00,17:46:00
29238,1481847002,12/15/2016 12:00:00 AM,14:10:02,95.0,49.0,30.22,99.0,311.66,6.75,06:50:00,17:46:00
29239,1481846705,12/15/2016 12:00:00 AM,14:05:05,123.17,49.0,30.22,98.0,307.99,11.25,06:50:00,17:46:00
29240,1481846403,12/15/2016 12:00:00 AM,14:00:03,146.09,49.0,30.22,98.0,308.3,13.5,06:50:00,17:46:00
29241,1481846102,12/15/2016 12:00:00 AM,13:55:02,318.1,49.0,30.22,98.0,292.3,15.75,06:50:00,17:46:00
29242,1481845802,12/15/2016 12:00:00 AM,13:50:02,161.46,49.0,30.22,99.0,309.15,9.0,06:50:00,17:46:00
29243,1481845502,12/15/2016 12:00:00 AM,13:45:02,97.49,49.0,30.22,98.0,302.72,13.5,06:50:00,17:46:00
29244,1481845217,12/15/2016 12:00:00 AM,13:40:17,122.96,49.0,30.23,98.0,308.43,16.87,06:50:00,17:46:00
29245,1481844905,12/15/2016 12:00:00 AM,13:35:05,89.5,50.0,30.23,97.0,305.24,7.87,06:50:00,17:46:00
29246,1481844602,12/15/2016 12:00:00 AM,13:30:02,136.8,50.0,30.23,96.0,315.54,13.5,06:50:00,17:46:00
29247,1481844302,12/15/2016 12:00:00 AM,13:25:02,110.64,51.0,30.23,95.0,309.46,14.62,06:50:00,17:46:00
29248,1481844001,12/15/2016 12:00:00 AM,13:20:01,180.34,51.0,30.23,92.0,306.69,12.37,06:50:00,17:46:00
29249,1481843701,12/15/2016 12:00:00 AM,13:15:01,379.86,52.0,30.23,90.0,305.37,11.25,06:50:00,17:46:00
29250,1481843401,12/15/2016 12:00:00 AM,13:10:01,449.7,53.0,30.24,88.0,270.62,13.5,06:50:00,17:46:00
29251,1481843102,12/15/2016 12:00:00 AM,13:05:02,796.01,53.0,30.24,88.0,313.19,13.5,06:50:00,17:46:00
29252,1481842807,12/15/2016 12:00:00 AM,13:00:07,768.65,53.0,30.24,88.0,298.26,13.5,06:50:00,17:46:00
29253,1481842203,12/15/2016 12:00:00 AM,12:50:03,490.06,53.0,30.24,87.0,325.12,12.37,06:50:00,17:46:00
29254,1481841901,12/15/2016 12:00:00 AM,12:45:01,898.2,53.0,30.24,89.0,271.47,11.25,06:50:00,17:46:00
29255,1481841602,12/15/2016 12:00:00 AM,12:40:02,923.21,53.0,30.24,90.0,296.21,13.5,06:50:00,17:46:00
29256,1481841302,12/15/2016 12:00:00 AM,12:35:02,537.84,52.0,30.24,92.0,311.2,11.25,06:50:00,17:46:00
29257,1481841004,12/15/2016 12:00:00 AM,12:30:04,277.13,51.0,30.25,91.0,297.36,11.25,06:50:00,17:46:00
29258,1481840725,12/15/2016 12:00:00 AM,12:25:25,387.36,52.0,30.25,90.0,298.87,14.62,06:50:00,17:46:00
29259,1481840402,12/15/2016 12:00:00 AM,12:20:02,1213.55,52.0,30.25,90.0,265.38,13.5,06:50:00,17:46:00
29260,1481840126,12/15/2016 12:00:00 AM,12:15:26,1091.83,52.0,30.25,89.0,273.43,15.75,06:50:00,17:46:00
29261,1481839802,12/15/2016 12:00:00 AM,12:10:02,1009.44,52.0,30.25,92.0,267.13,19.12,06:50:00,17:46:00
29262,1481839504,12/15/2016 12:00:00 AM,12:05:04,759.24,50.0,30.25,93.0,287.3,16.87,06:50:00,17:46:00
29263,1481839205,12/15/2016 12:00:00 AM,12:00:05,418.15,50.0,30.26,94.0,288.56,14.62,06:50:00,17:46:00
29264,1481838902,12/15/2016 12:00:00 AM,11:55:02,326.61,50.0,30.26,95.0,318.54,13.5,06:50:00,17:46:00
29265,1481838603,12/15/2016 12:00:00 AM,11:50:03,209.43,49.0,30.26,96.0,309.92,15.75,06:50:00,17:46:00
29266,1481838303,12/15/2016 12:00:00 AM,11:45:03,184.15,49.0,30.26,96.0,308.52,13.5,06:50:00,17:46:00
29267,1481837701,12/15/2016 12:00:00 AM,11:35:01,175.14,49.0,30.27,95.0,322.31,13.5,06:50:00,17:46:00
29268,1481837402,12/15/2016 12:00:00 AM,11:30:02,102.06,50.0,30.27,93.0,311.18,12.37,06:50:00,17:46:00
29269,1481837101,12/15/2016 12:00:00 AM,11:25:01,189.1,50.0,30.27,93.0,332.92,11.25,06:50:00,17:46:00
29270,1481836801,12/15/2016 12:00:00 AM,11:20:01,197.43,51.0,30.27,92.0,314.7,15.75,06:50:00,17:46:00
29271,1481836503,12/15/2016 12:00:00 AM,11:15:03,542.68,51.0,30.27,92.0,312.09,12.37,06:50:00,17:46:00
29272,1481836204,12/15/2016 12:00:00 AM,11:10:04,665.73,51.0,30.27,91.0,309.04,11.25,06:50:00,17:46:00
29273,1481835902,12/15/2016 12:00:00 AM,11:05:02,708.76,51.0,30.27,92.0,306.79,12.37,06:50:00,17:46:00
29274,1481835607,12/15/2016 12:00:00 AM,11:00:07,694.93,51.0,30.27,92.0,331.83,10.12,06:50:00,17:46:00
29275,1481835318,12/15/2016 12:00:00 AM,10:55:18,621.52,52.0,30.28,90.0,312.57,9.0,06:50:00,17:46:00
29276,1481835004,12/15/2016 12:00:00 AM,10:50:04,896.64,53.0,30.28,88.0,321.19,11.25,06:50:00,17:46:00
29277,1481834721,12/15/2016 12:00:00 AM,10:45:21,1004.2,53.0,30.28,83.0,292.19,6.75,06:50:00,17:46:00
29278,1481834402,12/15/2016 12:00:00 AM,10:40:02,576.14,52.0,30.28,84.0,252.41,12.37,06:50:00,17:46:00
29279,1481833804,12/15/2016 12:00:00 AM,10:30:04,397.44,51.0,30.28,89.0,259.14,9.0,06:50:00,17:46:00
29280,1481833502,12/15/2016 12:00:00 AM,10:25:02,807.01,50.0,30.28,92.0,274.36,14.62,06:50:00,17:46:00
29281,1481833206,12/15/2016 12:00:00 AM,10:20:06,819.08,49.0,30.28,93.0,253.45,14.62,06:50:00,17:46:00
29282,1481832901,12/15/2016 12:00:00 AM,10:15:01,844.69,49.0,30.29,94.0,279.92,6.75,06:50:00,17:46:00
29283,1481832602,12/15/2016 12:00:00 AM,10:10:02,591.17,48.0,30.29,96.0,290.03,12.37,06:50:00,17:46:00
29284,1481832304,12/15/2016 12:00:00 AM,10:05:04,413.18,47.0,30.29,97.0,274.58,12.37,06:50:00,17:46:00
29285,1481832003,12/15/2016 12:00:00 AM,10:00:03,421.62,47.0,30.29,98.0,281.42,12.37,06:50:00,17:46:00
29286,1481831703,12/15/2016 12:00:00 AM,09:55:03,204.24,46.0,30.29,98.0,313.27,6.75,06:50:00,17:46:00
29287,1481831402,12/15/2016 12:00:00 AM,09:50:02,192.3,46.0,30.29,97.0,321.12,12.37,06:50:00,17:46:00
29288,1481831102,12/15/2016 12:00:00 AM,09:45:02,95.34,47.0,30.29,96.0,329.23,10.12,06:50:00,17:46:00
29289,1481830802,12/15/2016 12:00:00 AM,09:40:02,106.57,47.0,30.29,94.0,327.12,14.62,06:50:00,17:46:00
29290,1481830501,12/15/2016 12:00:00 AM,09:35:01,274.76,48.0,30.28,93.0,296.48,14.62,06:50:00,17:46:00
29291,1481830206,12/15/2016 12:00:00 AM,09:30:06,402.48,48.0,30.29,91.0,314.98,16.87,06:50:00,17:46:00
29292,1481829902,12/15/2016 12:00:00 AM,09:25:02,601.08,49.0,30.28,89.0,299.75,19.12,06:50:00,17:46:00
29293,1481829602,12/15/2016 12:00:00 AM,09:20:02,546.73,49.0,30.28,86.0,305.23,11.25,06:50:00,17:46:00
29294,1481829301,12/15/2016 12:00:00 AM,09:15:01,529.44,49.0,30.27,83.0,304.67,14.62,06:50:00,17:46:00
29295,1481829002,12/15/2016 12:00:00 AM,09:10:02,512.52,49.0,30.27,83.0,266.76,10.12,06:50:00,17:46:00
29296,1481828722,12/15/2016 12:00:00 AM,09:05:22,497.99,49.0,30.27,83.0,302.21,14.62,06:50:00,17:46:00
29297,1481828404,12/15/2016 12:00:00 AM,09:00:04,481.31,48.0,30.27,83.0,281.2,11.25,06:50:00,17:46:00
29298,1481828121,12/15/2016 12:00:00 AM,08:55:21,464.99,48.0,30.27,82.0,260.17,22.5,06:50:00,17:46:00
29299,1481827802,12/15/2016 12:00:00 AM,08:50:02,446.36,47.0,30.27,85.0,251.34,18.0,06:50:00,17:46:00
29300,1481827526,12/15/2016 12:00:00 AM,08:45:26,431.37,47.0,30.27,87.0,261.03,16.87,06:50:00,17:46:00
29301,1481827201,12/15/2016 12:00:00 AM,08:40:01,411.78,45.0,30.27,92.0,253.2,24.75,06:50:00,17:46:00
29302,1481826902,12/15/2016 12:00:00 AM,08:35:02,391.09,45.0,30.27,96.0,282.66,18.0,06:50:00,17:46:00
29303,1481826605,12/15/2016 12:00:00 AM,08:30:05,367.78,44.0,30.27,97.0,268.26,21.37,06:50:00,17:46:00
29304,1481826303,12/15/2016 12:00:00 AM,08:25:03,347.83,44.0,30.27,98.0,265.33,13.5,06:50:00,17:46:00
29305,1481826008,12/15/2016 12:00:00 AM,08:20:08,329.78,43.0,30.27,99.0,281.76,14.62,06:50:00,17:46:00
29306,1481825702,12/15/2016 12:00:00 AM,08:15:02,309.45,43.0,30.27,99.0,266.43,10.12,06:50:00,17:46:00
29307,1481825402,12/15/2016 12:00:00 AM,08:10:02,102.99,42.0,30.28,99.0,284.84,12.37,06:50:00,17:46:00
29308,1481825101,12/15/2016 12:00:00 AM,08:05:01,103.54,42.0,30.27,98.0,274.62,21.37,06:50:00,17:46:00
29309,1481824801,12/15/2016 12:00:00 AM,08:00:01,121.1,42.0,30.27,96.0,270.1,15.75,06:50:00,17:46:00
29310,1481824503,12/15/2016 12:00:00 AM,07:55:03,66.18,42.0,30.27,92.0,306.05,13.5,06:50:00,17:46:00
29311,1481824201,12/15/2016 12:00:00 AM,07:50:01,40.56,51.16507236474315,30.27,90.0,269.03,11.25,06:50:00,17:46:00
29312,1481823902,12/15/2016 12:00:00 AM,07:45:02,25.94,43.0,30.26,85.0,283.26,23.62,06:50:00,17:46:00
29313,1481823602,12/15/2016 12:00:00 AM,07:40:02,23.08,43.0,30.26,78.0,266.16,16.87,06:50:00,17:46:00
29314,1481823301,12/15/2016 12:00:00 AM,07:35:01,22.64,42.0,30.25,76.0,261.71,20.25,06:50:00,17:46:00
29315,1481823004,12/15/2016 12:00:00 AM,07:30:04,24.35,41.0,30.25,73.0,284.08,10.12,06:50:00,17:46:00
29316,1481822702,12/15/2016 12:00:00 AM,07:25:02,26.75,41.0,30.24,91.0,247.26,20.25,06:50:00,17:46:00
29317,1481822402,12/15/2016 12:00:00 AM,07:20:02,25.64,41.0,30.25,93.0,273.21,18.0,06:50:00,17:46:00
29318,1481822102,12/15/2016 12:00:00 AM,07:15:02,22.81,41.0,30.25,84.0,258.91,20.25,06:50:00,17:46:00
29319,1481821802,12/15/2016 12:00:00 AM,07:10:02,20.21,41.0,30.25,79.0,269.44,14.62,06:50:00,17:46:00
29320,1481821501,12/15/2016 12:00:00 AM,07:05:01,16.54,42.0,30.25,77.0,291.64,19.12,06:50:00,17:46:00
29321,1481821205,12/15/2016 12:00:00 AM,07:00:05,12.5,42.0,30.25,68.0,286.32,15.75,06:50:00,17:46:00
29322,1481820903,12/15/2016 12:00:00 AM,06:55:03,9.89,39.0,30.25,83.0,278.82,18.0,06:50:00,17:46:00
29323,1481820603,12/15/2016 12:00:00 AM,06:50:03,7.68,39.0,30.24,87.0,264.21,12.37,06:50:00,17:46:00
29324,1481820302,12/15/2016 12:00:00 AM,06:45:02,5.17,38.0,30.24,92.0,253.08,16.87,06:50:00,17:46:00
29325,1481820002,12/15/2016 12:00:00 AM,06:40:02,3.27,38.0,30.25,95.0,239.63,14.62,06:50:00,17:46:00
29326,1481819704,12/15/2016 12:00:00 AM,06:35:04,1.71,38.0,30.25,95.0,233.89,14.62,06:50:00,17:46:00
29327,1481819402,12/15/2016 12:00:00 AM,06:30:02,1.3,38.0,30.26,95.0,243.94,11.25,06:50:00,17:46:00
29328,1481819103,12/15/2016 12:00:00 AM,06:25:03,1.28,37.0,30.25,99.0,244.05,11.25,06:50:00,17:46:00
29329,1481818814,12/15/2016 12:00:00 AM,06:20:14,1.29,37.0,30.25,100.0,273.03,6.75,06:50:00,17:46:00
29330,1481818502,12/15/2016 12:00:00 AM,06:15:02,1.31,37.0,30.25,100.0,238.91,18.0,06:50:00,17:46:00
29331,1481818202,12/15/2016 12:00:00 AM,06:10:02,1.26,37.0,30.26,100.0,252.64,11.25,06:50:00,17:46:00
29332,1481817904,12/15/2016 12:00:00 AM,06:05:04,1.28,36.0,30.26,100.0,248.34,10.12,06:50:00,17:46:00
29333,1481817601,12/15/2016 12:00:00 AM,06:00:01,1.26,36.0,30.26,99.0,287.02,10.12,06:50:00,17:46:00
29334,1481817302,12/15/2016 12:00:00 AM,05:55:02,1.26,36.0,30.26,99.0,274.16,11.25,06:50:00,17:46:00
29335,1481817006,12/15/2016 12:00:00 AM,05:50:06,1.27,35.0,30.26,99.0,233.45,13.5,06:50:00,17:46:00
29336,1481816702,12/15/2016 12:00:00 AM,05:45:02,1.23,35.0,30.25,98.0,237.71,11.25,06:50:00,17:46:00
29337,1481816428,12/15/2016 12:00:00 AM,05:40:28,1.28,35.0,30.25,97.0,242.64,10.12,06:50:00,17:46:00
29338,1481816102,12/15/2016 12:00:00 AM,05:35:02,1.21,34.0,30.25,96.0,250.52,3.37,06:50:00,17:46:00
29339,1481815802,12/15/2016 12:00:00 AM,05:30:02,1.29,35.0,30.24,95.0,263.46,3.37,06:50:00,17:46:00
29340,1481815504,12/15/2016 12:00:00 AM,05:25:04,1.27,35.0,30.24,94.0,192.22,3.37,06:50:00,17:46:00
29341,1481815202,12/15/2016 12:00:00 AM,05:20:02,1.27,36.0,30.24,94.0,286.45,3.37,06:50:00,17:46:00
29342,1481814902,12/15/2016 12:00:00 AM,05:15:02,1.29,37.0,30.24,92.0,250.59,2.25,06:50:00,17:46:00
29343,1481814602,12/15/2016 12:00:00 AM,05:10:02,1.25,38.0,30.25,86.0,288.85,9.0,06:50:00,17:46:00
29344,1481814305,12/15/2016 12:00:00 AM,05:05:05,1.3,40.0,30.25,48.0,253.0,3.37,06:50:00,17:46:00
29345,1481814018,12/15/2016 12:00:00 AM,05:00:18,1.31,38.0,30.24,57.0,201.13,7.87,06:50:00,17:46:00
29346,1481813702,12/15/2016 12:00:00 AM,04:55:02,1.31,37.0,30.24,68.0,187.79,14.62,06:50:00,17:46:00
29347,1481813422,12/15/2016 12:00:00 AM,04:50:22,1.28,36.0,30.24,83.0,196.45,13.5,06:50:00,17:46:00
29348,1481813101,12/15/2016 12:00:00 AM,04:45:01,1.27,37.0,30.25,93.0,247.96,10.12,06:50:00,17:46:00
29349,1481812807,12/15/2016 12:00:00 AM,04:40:07,1.29,38.0,30.25,91.0,237.17,9.0,06:50:00,17:46:00
29350,1481812517,12/15/2016 12:00:00 AM,04:35:17,1.27,38.0,30.25,84.0,272.86,10.12,06:50:00,17:46:00
29351,1481812202,12/15/2016 12:00:00 AM,04:30:02,1.3,39.0,30.25,77.0,246.01,5.62,06:50:00,17:46:00
29352,1481811902,12/15/2016 12:00:00 AM,04:25:02,1.29,39.0,30.24,74.0,268.33,3.37,06:50:00,17:46:00
29353,1481811607,12/15/2016 12:00:00 AM,04:20:07,1.27,38.0,30.24,64.0,249.1,2.25,06:50:00,17:46:00
29354,1481811306,12/15/2016 12:00:00 AM,04:15:06,1.32,38.0,30.24,66.0,200.83,4.5,06:50:00,17:46:00
29355,1481811002,12/15/2016 12:00:00 AM,04:10:02,1.27,38.0,30.24,71.0,221.22,7.87,06:50:00,17:46:00
29356,1481810702,12/15/2016 12:00:00 AM,04:05:02,1.29,38.0,30.24,72.0,225.87,5.62,06:50:00,17:46:00
29357,1481810401,12/15/2016 12:00:00 AM,04:00:01,1.28,39.0,30.24,74.0,228.94,9.0,06:50:00,17:46:00
29358,1481810102,12/15/2016 12:00:00 AM,03:55:02,1.33,39.0,30.25,71.0,241.79,11.25,06:50:00,17:46:00
29359,1481809802,12/15/2016 12:00:00 AM,03:50:02,1.31,40.0,30.25,64.0,249.8,9.0,06:50:00,17:46:00
29360,1481809501,12/15/2016 12:00:00 AM,03:45:01,1.3,40.0,30.24,58.0,270.92,9.0,06:50:00,17:46:00
29361,1481809204,12/15/2016 12:00:00 AM,03:40:04,1.3,39.0,30.24,63.0,250.1,3.37,06:50:00,17:46:00
29362,1481808902,12/15/2016 12:00:00 AM,03:35:02,1.32,38.0,30.24,55.0,215.18,5.62,06:50:00,17:46:00
29363,1481808606,12/15/2016 12:00:00 AM,03:30:06,1.3,38.0,30.24,57.0,191.72,7.87,06:50:00,17:46:00
29364,1481808304,12/15/2016 12:00:00 AM,03:25:04,1.28,37.0,30.24,61.0,213.31,6.75,06:50:00,17:46:00
29365,1481808006,12/15/2016 12:00:00 AM,03:20:06,1.3,37.0,30.25,62.0,227.51,5.62,06:50:00,17:46:00
29366,1481807708,12/15/2016 12:00:00 AM,03:15:08,1.29,36.0,30.24,64.0,208.81,5.62,06:50:00,17:46:00
29367,1481807403,12/15/2016 12:00:00 AM,03:10:03,1.3,37.0,30.24,64.0,202.69,5.62,06:50:00,17:46:00
29368,1481807106,12/15/2016 12:00:00 AM,03:05:06,1.29,38.0,30.25,65.0,206.36,3.37,06:50:00,17:46:00
29369,1481806802,12/15/2016 12:00:00 AM,03:00:02,1.31,38.0,30.24,66.0,246.25,3.37,06:50:00,17:46:00
29370,1481806501,12/15/2016 12:00:00 AM,02:55:01,1.28,38.0,30.25,64.0,282.74,2.25,06:50:00,17:46:00
29371,1481806201,12/15/2016 12:00:00 AM,02:50:01,1.3,38.0,30.25,70.0,263.04,2.25,06:50:00,17:46:00
29372,1481805902,12/15/2016 12:00:00 AM,02:45:02,1.3,38.0,30.25,71.0,326.49,1.12,06:50:00,17:46:00
29373,1481805602,12/15/2016 12:00:00 AM,02:40:02,1.28,38.0,30.25,67.0,327.62,2.25,06:50:00,17:46:00
29374,1481805302,12/15/2016 12:00:00 AM,02:35:02,1.29,37.0,30.25,60.0,224.25,1.12,06:50:00,17:46:00
29375,1481805001,12/15/2016 12:00:00 AM,02:30:01,1.28,38.0,30.25,62.0,224.53,3.37,06:50:00,17:46:00
29376,1481804702,12/15/2016 12:00:00 AM,02:25:02,1.3,38.0,30.25,66.0,222.05,3.37,06:50:00,17:46:00
29377,1481804402,12/15/2016 12:00:00 AM,02:20:02,1.31,38.0,30.25,64.0,294.88,2.25,06:50:00,17:46:00
29378,1481804101,12/15/2016 12:00:00 AM,02:15:01,1.3,38.0,30.25,59.0,196.85,6.75,06:50:00,17:46:00
29379,1481803802,12/15/2016 12:00:00 AM,02:10:02,1.28,38.0,30.25,62.0,316.95,2.25,06:50:00,17:46:00
29380,1481803505,12/15/2016 12:00:00 AM,02:05:05,1.31,38.0,30.25,62.0,212.06,3.37,06:50:00,17:46:00
29381,1481803202,12/15/2016 12:00:00 AM,02:00:02,1.31,38.0,30.25,63.0,251.62,2.25,06:50:00,17:46:00
29382,1481802903,12/15/2016 12:00:00 AM,01:55:03,1.29,37.0,30.26,65.0,246.99,2.25,06:50:00,17:46:00
29383,1481802604,12/15/2016 12:00:00 AM,01:50:04,1.31,36.0,30.25,69.0,221.86,3.37,06:50:00,17:46:00
29384,1481802302,12/15/2016 12:00:00 AM,01:45:02,1.27,37.0,30.25,71.0,197.17,9.0,06:50:00,17:46:00
29385,1481802002,12/15/2016 12:00:00 AM,01:40:02,1.31,37.0,30.26,71.0,287.98,4.5,06:50:00,17:46:00
29386,1481801702,12/15/2016 12:00:00 AM,01:35:02,1.28,38.0,30.26,74.0,287.98,2.25,06:50:00,17:46:00
29387,1481801404,12/15/2016 12:00:00 AM,01:30:04,1.28,38.0,30.26,76.0,313.81,1.12,06:50:00,17:46:00
29388,1481801106,12/15/2016 12:00:00 AM,01:25:06,1.31,39.0,30.26,73.0,313.82,1.12,06:50:00,17:46:00
29389,1481800804,12/15/2016 12:00:00 AM,01:20:04,1.3,38.0,30.26,60.0,295.34,2.25,06:50:00,17:46:00
29390,1481800502,12/15/2016 12:00:00 AM,01:15:02,1.29,38.0,30.26,64.0,295.38,2.25,06:50:00,17:46:00
29391,1481800201,12/15/2016 12:00:00 AM,01:10:01,1.32,37.0,30.25,66.0,199.39,9.0,06:50:00,17:46:00
29392,1481799902,12/15/2016 12:00:00 AM,01:05:02,1.27,37.0,30.26,70.0,207.43,5.62,06:50:00,17:46:00
29393,1481799613,12/15/2016 12:00:00 AM,01:00:13,1.3,37.0,30.26,75.0,222.94,4.5,06:50:00,17:46:00
29394,1481799303,12/15/2016 12:00:00 AM,00:55:03,1.31,37.0,30.27,79.0,262.16,3.37,06:50:00,17:46:00
29395,1481799002,12/15/2016 12:00:00 AM,00:50:02,1.32,37.0,30.27,83.0,248.43,3.37,06:50:00,17:46:00
29396,1481798703,12/15/2016 12:00:00 AM,00:45:03,1.27,38.0,30.27,83.0,245.45,3.37,06:50:00,17:46:00
29397,1481798403,12/15/2016 12:00:00 AM,00:40:03,1.28,40.0,30.27,79.0,262.31,3.37,06:50:00,17:46:00
29398,1481798102,12/15/2016 12:00:00 AM,00:35:02,1.3,41.0,30.27,60.0,264.97,4.5,06:50:00,17:46:00
29399,1481797802,12/15/2016 12:00:00 AM,00:30:02,1.3,41.0,30.26,53.0,185.64,5.62,06:50:00,17:46:00
29400,1481797502,12/15/2016 12:00:00 AM,00:25:02,1.31,42.0,30.26,54.0,187.39,9.0,06:50:00,17:46:00
29401,1481797202,12/15/2016 12:00:00 AM,00:20:02,1.3,42.0,30.26,50.0,190.81,5.62,06:50:00,17:46:00
29402,1481796902,12/15/2016 12:00:00 AM,00:15:02,1.32,42.0,30.26,46.0,194.07,5.62,06:50:00,17:46:00
29403,1481796605,12/15/2016 12:00:00 AM,00:10:05,1.33,42.0,30.26,45.0,200.96,6.75,06:50:00,17:46:00
29404,1481796302,12/15/2016 12:00:00 AM,00:05:02,1.34,41.0,30.26,48.0,197.93,7.87,06:50:00,17:46:00
29405,1481796002,12/15/2016 12:00:00 AM,00:00:02,1.3,41.0,30.26,51.0,196.93,12.37,06:50:00,17:46:00
29406,1481795703,12/14/2016 12:00:00 AM,23:55:03,1.3,41.0,30.26,50.0,192.01,10.12,06:49:00,17:46:00
29407,1481795402,12/14/2016 12:00:00 AM,23:50:02,1.3,41.0,30.27,49.0,194.33,9.0,06:49:00,17:46:00
29408,1481795101,12/14/2016 12:00:00 AM,23:45:01,1.33,40.0,30.27,50.0,188.51,10.12,06:49:00,17:46:00
29409,1481794804,12/14/2016 12:00:00 AM,23:40:04,1.31,40.0,30.27,50.0,191.19,10.12,06:49:00,17:46:00
29410,1481794504,12/14/2016 12:00:00 AM,23:35:04,1.3,41.0,30.27,49.0,212.96,7.87,06:49:00,17:46:00
29411,1481794203,12/14/2016 12:00:00 AM,23:30:03,1.32,41.0,30.28,47.0,202.83,9.0,06:49:00,17:46:00
29412,1481793902,12/14/2016 12:00:00 AM,23:25:02,1.29,40.0,30.28,47.0,209.37,6.75,06:49:00,17:46:00
29413,1481793603,12/14/2016 12:00:00 AM,23:20:03,1.31,41.0,30.28,49.0,199.99,9.0,06:49:00,17:46:00
29414,1481793304,12/14/2016 12:00:00 AM,23:15:04,1.3,41.0,30.28,47.0,207.11,7.87,06:49:00,17:46:00
29415,1481793001,12/14/2016 12:00:00 AM,23:10:01,1.3,41.0,30.28,49.0,206.08,7.87,06:49:00,17:46:00
29416,1481792701,12/14/2016 12:00:00 AM,23:05:01,1.3,41.0,30.28,49.0,208.23,10.12,06:49:00,17:46:00
29417,1481792414,12/14/2016 12:00:00 AM,23:00:14,1.31,41.0,30.28,47.0,200.08,9.0,06:49:00,17:46:00
29418,1481792102,12/14/2016 12:00:00 AM,22:55:02,1.32,41.0,30.28,44.0,201.92,9.0,06:49:00,17:46:00
29419,1481791806,12/14/2016 12:00:00 AM,22:50:06,1.31,41.0,30.28,46.0,208.3,11.25,06:49:00,17:46:00
29420,1481791502,12/14/2016 12:00:00 AM,22:45:02,1.29,41.0,30.28,49.0,205.84,9.0,06:49:00,17:46:00
29421,1481791225,12/14/2016 12:00:00 AM,22:40:25,1.3,42.0,30.28,49.0,202.84,11.25,06:49:00,17:46:00
29422,1481790902,12/14/2016 12:00:00 AM,22:35:02,1.31,42.0,30.29,47.0,202.6,10.12,06:49:00,17:46:00
29423,1481790601,12/14/2016 12:00:00 AM,22:30:01,1.31,42.0,30.29,46.0,204.12,11.25,06:49:00,17:46:00
29424,1481790304,12/14/2016 12:00:00 AM,22:25:04,1.31,42.0,30.29,45.0,195.27,9.0,06:49:00,17:46:00
29425,1481790006,12/14/2016 12:00:00 AM,22:20:06,1.3,43.0,30.29,42.0,196.93,11.25,06:49:00,17:46:00
29426,1481789709,12/14/2016 12:00:00 AM,22:15:09,1.29,43.0,30.29,42.0,211.64,10.12,06:49:00,17:46:00
29427,1481789402,12/14/2016 12:00:00 AM,22:10:02,1.3,43.0,30.29,40.0,193.77,10.12,06:49:00,17:46:00
29428,1481789105,12/14/2016 12:00:00 AM,22:05:05,1.29,43.0,30.29,42.0,191.82,9.0,06:49:00,17:46:00
29429,1481788802,12/14/2016 12:00:00 AM,22:00:02,1.3,44.0,30.29,40.0,195.29,7.87,06:49:00,17:46:00
29430,1481788502,12/14/2016 12:00:00 AM,21:55:02,1.29,44.0,30.29,39.0,192.79,11.25,06:49:00,17:46:00
29431,1481788204,12/14/2016 12:00:00 AM,21:50:04,1.31,44.0,30.3,37.0,203.02,6.75,06:49:00,17:46:00
29432,1481787902,12/14/2016 12:00:00 AM,21:45:02,1.31,45.0,30.29,37.0,208.37,7.87,06:49:00,17:46:00
29433,1481787603,12/14/2016 12:00:00 AM,21:40:03,1.31,46.0,30.29,35.0,222.16,10.12,06:49:00,17:46:00
29434,1481787304,12/14/2016 12:00:00 AM,21:35:04,1.32,46.0,30.29,34.0,226.92,6.75,06:49:00,17:46:00
29435,1481787003,12/14/2016 12:00:00 AM,21:30:03,1.27,46.0,30.29,33.0,227.66,7.87,06:49:00,17:46:00
29436,1481786707,12/14/2016 12:00:00 AM,21:25:07,1.3,46.0,30.29,33.0,226.88,9.0,06:49:00,17:46:00
29437,1481786401,12/14/2016 12:00:00 AM,21:20:01,1.31,45.0,30.29,35.0,224.73,7.87,06:49:00,17:46:00
29438,1481786114,12/14/2016 12:00:00 AM,21:15:14,1.29,43.0,30.29,36.0,221.81,6.75,06:49:00,17:46:00
29439,1481785802,12/14/2016 12:00:00 AM,21:10:02,1.25,42.0,30.29,44.0,190.76,11.25,06:49:00,17:46:00
29440,1481785514,12/14/2016 12:00:00 AM,21:05:14,1.28,42.0,30.29,51.0,207.64,7.87,06:49:00,17:46:00
29441,1481785204,12/14/2016 12:00:00 AM,21:00:04,1.3,43.0,30.29,50.0,202.12,10.12,06:49:00,17:46:00
29442,1481784904,12/14/2016 12:00:00 AM,20:55:04,1.3,44.0,30.29,46.0,205.99,6.75,06:49:00,17:46:00
29443,1481784601,12/14/2016 12:00:00 AM,20:50:01,1.28,44.0,30.29,44.0,223.26,6.75,06:49:00,17:46:00
29444,1481784302,12/14/2016 12:00:00 AM,20:45:02,1.27,45.0,30.29,44.0,227.44,9.0,06:49:00,17:46:00
29445,1481784006,12/14/2016 12:00:00 AM,20:40:06,1.28,44.0,30.28,44.0,236.58,7.87,06:49:00,17:46:00
29446,1481783701,12/14/2016 12:00:00 AM,20:35:01,1.29,44.0,30.28,46.0,229.5,6.75,06:49:00,17:46:00
29447,1481783402,12/14/2016 12:00:00 AM,20:30:02,1.32,44.0,30.28,43.0,229.32,10.12,06:49:00,17:46:00
29448,1481783102,12/14/2016 12:00:00 AM,20:25:02,1.28,44.0,30.28,44.0,227.16,9.0,06:49:00,17:46:00
29449,1481782818,12/14/2016 12:00:00 AM,20:20:18,1.34,43.0,30.28,48.0,226.37,7.87,06:49:00,17:46:00
29450,1481782501,12/14/2016 12:00:00 AM,20:15:01,1.3,42.0,30.28,51.0,235.63,5.62,06:49:00,17:46:00
29451,1481782202,12/14/2016 12:00:00 AM,20:10:02,1.31,42.0,30.28,53.0,211.54,6.75,06:49:00,17:46:00
29452,1481781902,12/14/2016 12:00:00 AM,20:05:02,1.28,43.0,30.28,53.0,212.52,7.87,06:49:00,17:46:00
29453,1481781602,12/14/2016 12:00:00 AM,20:00:02,1.31,43.0,30.28,54.0,215.46,6.75,06:49:00,17:46:00
29454,1481781302,12/14/2016 12:00:00 AM,19:55:02,1.28,43.0,30.29,55.0,217.09,6.75,06:49:00,17:46:00
29455,1481781002,12/14/2016 12:00:00 AM,19:50:02,1.29,43.0,30.29,55.0,221.31,5.62,06:49:00,17:46:00
29456,1481780710,12/14/2016 12:00:00 AM,19:45:10,1.29,43.0,30.28,54.0,230.12,7.87,06:49:00,17:46:00
29457,1481780402,12/14/2016 12:00:00 AM,19:40:02,1.29,43.0,30.28,56.0,217.22,6.75,06:49:00,17:46:00
29458,1481780104,12/14/2016 12:00:00 AM,19:35:04,1.29,44.0,30.28,56.0,222.27,5.62,06:49:00,17:46:00
29459,1481779803,12/14/2016 12:00:00 AM,19:30:03,1.28,44.0,30.28,56.0,203.73,6.75,06:49:00,17:46:00
29460,1481779502,12/14/2016 12:00:00 AM,19:25:02,1.29,45.0,30.28,54.0,218.11,5.62,06:49:00,17:46:00
29461,1481779204,12/14/2016 12:00:00 AM,19:20:04,1.3,45.0,30.28,54.0,231.81,7.87,06:49:00,17:46:00
29462,1481778902,12/14/2016 12:00:00 AM,19:15:02,1.31,46.0,30.28,53.0,229.23,9.0,06:49:00,17:46:00
29463,1481778604,12/14/2016 12:00:00 AM,19:10:04,1.28,46.0,30.27,52.0,220.03,7.87,06:49:00,17:46:00
29464,1481778301,12/14/2016 12:00:00 AM,19:05:01,1.29,46.0,30.27,52.0,221.52,6.75,06:49:00,17:46:00
29465,1481778003,12/14/2016 12:00:00 AM,19:00:03,1.27,45.0,30.27,54.0,231.13,10.12,06:49:00,17:46:00
29466,1481777702,12/14/2016 12:00:00 AM,18:55:02,1.28,45.0,30.27,60.0,218.99,7.87,06:49:00,17:46:00
29467,1481777401,12/14/2016 12:00:00 AM,18:50:01,1.31,45.0,30.27,61.0,220.1,9.0,06:49:00,17:46:00
29468,1481777109,12/14/2016 12:00:00 AM,18:45:09,1.3,46.0,30.27,63.0,216.05,7.87,06:49:00,17:46:00
29469,1481776804,12/14/2016 12:00:00 AM,18:40:04,1.31,46.0,30.27,59.0,214.15,5.62,06:49:00,17:46:00
29470,1481776501,12/14/2016 12:00:00 AM,18:35:01,1.28,47.0,30.27,56.0,215.01,6.75,06:49:00,17:46:00
29471,1481776204,12/14/2016 12:00:00 AM,18:30:04,1.26,47.0,30.27,54.0,231.71,6.75,06:49:00,17:46:00
29472,1481775904,12/14/2016 12:00:00 AM,18:25:04,1.27,47.0,30.27,54.0,237.81,7.87,06:49:00,17:46:00
29473,1481775601,12/14/2016 12:00:00 AM,18:20:01,1.27,47.0,30.26,56.0,241.29,6.75,06:49:00,17:46:00
29474,1481775302,12/14/2016 12:00:00 AM,18:15:02,1.32,47.0,30.26,63.0,235.46,7.87,06:49:00,17:46:00
29475,1481775002,12/14/2016 12:00:00 AM,18:10:02,1.3,47.0,30.27,70.0,229.1,4.5,06:49:00,17:46:00
29476,1481774702,12/14/2016 12:00:00 AM,18:05:02,1.3,48.0,30.27,71.0,233.94,5.62,06:49:00,17:46:00
29477,1481774401,12/14/2016 12:00:00 AM,18:00:01,1.5,48.0,30.27,69.0,239.64,5.62,06:49:00,17:46:00
29478,1481774107,12/14/2016 12:00:00 AM,17:55:07,2.65,48.0,30.26,70.0,239.8,5.62,06:49:00,17:46:00
29479,1481773803,12/14/2016 12:00:00 AM,17:50:03,4.71,49.0,30.26,72.0,247.5,5.62,06:49:00,17:46:00
29480,1481773507,12/14/2016 12:00:00 AM,17:45:07,6.71,49.0,30.26,84.0,251.6,4.5,06:49:00,17:46:00
29481,1481773207,12/14/2016 12:00:00 AM,17:40:07,8.79,49.0,30.26,93.0,246.82,5.62,06:49:00,17:46:00
29482,1481772903,12/14/2016 12:00:00 AM,17:35:03,10.94,49.0,30.26,95.0,256.66,5.62,06:49:00,17:46:00
29483,1481772603,12/14/2016 12:00:00 AM,17:30:03,13.05,49.0,30.26,96.0,262.37,4.5,06:49:00,17:46:00
29484,1481772307,12/14/2016 12:00:00 AM,17:25:07,27.57,49.0,30.26,95.0,270.96,5.62,06:49:00,17:46:00
29485,1481772002,12/14/2016 12:00:00 AM,17:20:02,36.99,49.0,30.26,95.0,267.9,6.75,06:49:00,17:46:00
29486,1481771711,12/14/2016 12:00:00 AM,17:15:11,53.88,49.0,30.26,94.0,267.81,7.87,06:49:00,17:46:00
29487,1481771401,12/14/2016 12:00:00 AM,17:10:01,42.63,50.0,30.26,93.0,272.7,5.62,06:49:00,17:46:00
29488,1481771114,12/14/2016 12:00:00 AM,17:05:14,89.45,50.0,30.26,93.0,285.98,9.0,06:49:00,17:46:00
29489,1481770805,12/14/2016 12:00:00 AM,17:00:05,118.03,50.0,30.26,93.0,308.85,10.12,06:49:00,17:46:00
29490,1481770517,12/14/2016 12:00:00 AM,16:55:17,135.43,50.0,30.26,93.0,295.91,7.87,06:49:00,17:46:00
29491,1481770202,12/14/2016 12:00:00 AM,16:50:02,168.66,51.0,30.26,92.0,292.32,7.87,06:49:00,17:46:00
29492,1481769921,12/14/2016 12:00:00 AM,16:45:21,195.89,51.0,30.26,91.0,276.46,9.0,06:49:00,17:46:00
29493,1481769602,12/14/2016 12:00:00 AM,16:40:02,275.74,51.0,30.26,92.0,309.12,7.87,06:49:00,17:46:00
29494,1481769307,12/14/2016 12:00:00 AM,16:35:07,91.78,51.0,30.26,90.0,303.56,9.0,06:49:00,17:46:00
29495,1481769003,12/14/2016 12:00:00 AM,16:30:03,294.54,52.0,30.26,90.0,314.48,9.0,06:49:00,17:46:00
29496,1481768701,12/14/2016 12:00:00 AM,16:25:01,312.11,52.0,30.26,90.0,309.6,6.75,06:49:00,17:46:00
29497,1481768407,12/14/2016 12:00:00 AM,16:20:07,355.32,52.0,30.26,91.0,319.36,6.75,06:49:00,17:46:00
29498,1481768105,12/14/2016 12:00:00 AM,16:15:05,137.03,52.0,30.26,89.0,319.11,10.12,06:49:00,17:46:00
29499,1481767802,12/14/2016 12:00:00 AM,16:10:02,358.49,53.0,30.26,89.0,324.83,10.12,06:49:00,17:46:00
29500,1481767501,12/14/2016 12:00:00 AM,16:05:01,373.35,53.0,30.26,87.0,320.21,13.5,06:49:00,17:46:00
29501,1481767204,12/14/2016 12:00:00 AM,16:00:04,395.66,53.0,30.25,82.0,322.16,6.75,06:49:00,17:46:00
29502,1481766917,12/14/2016 12:00:00 AM,15:55:17,413.46,54.0,30.26,78.0,295.39,6.75,06:49:00,17:46:00
29503,1481766602,12/14/2016 12:00:00 AM,15:50:02,435.98,54.0,30.25,81.0,285.98,11.25,06:49:00,17:46:00
29504,1481766320,12/14/2016 12:00:00 AM,15:45:20,448.73,53.0,30.25,84.0,313.91,6.75,06:49:00,17:46:00
29505,1481766001,12/14/2016 12:00:00 AM,15:40:01,469.48,53.0,30.25,81.0,263.7,10.12,06:49:00,17:46:00
29506,1481765704,12/14/2016 12:00:00 AM,15:35:04,491.17,53.0,30.25,84.0,293.35,10.12,06:49:00,17:46:00
29507,1481765403,12/14/2016 12:00:00 AM,15:30:03,344.15,54.0,30.25,86.0,323.01,10.12,06:49:00,17:46:00
29508,1481765105,12/14/2016 12:00:00 AM,15:25:05,277.88,54.0,30.25,85.0,312.29,9.0,06:49:00,17:46:00
29509,1481764802,12/14/2016 12:00:00 AM,15:20:02,539.97,54.0,30.25,84.0,311.08,13.5,06:49:00,17:46:00
29510,1481764502,12/14/2016 12:00:00 AM,15:15:02,552.85,54.0,30.25,83.0,306.12,14.62,06:49:00,17:46:00
29511,1481764202,12/14/2016 12:00:00 AM,15:10:02,574.27,54.0,30.26,82.0,318.91,13.5,06:49:00,17:46:00
29512,1481763905,12/14/2016 12:00:00 AM,15:05:05,583.23,54.0,30.26,78.0,293.79,13.5,06:49:00,17:46:00
29513,1481763601,12/14/2016 12:00:00 AM,15:00:01,539.2,54.0,30.26,81.0,328.16,11.25,06:49:00,17:46:00
29514,1481763302,12/14/2016 12:00:00 AM,14:55:02,628.13,54.0,30.26,78.0,289.0,12.37,06:49:00,17:46:00
29515,1481763001,12/14/2016 12:00:00 AM,14:50:01,628.24,54.0,30.26,76.0,309.84,7.87,06:49:00,17:46:00
29516,1481762701,12/14/2016 12:00:00 AM,14:45:01,652.98,55.0,30.26,79.0,303.03,12.37,06:49:00,17:46:00
29517,1481762401,12/14/2016 12:00:00 AM,14:40:01,656.92,54.0,30.26,76.0,276.54,10.12,06:49:00,17:46:00
29518,1481762103,12/14/2016 12:00:00 AM,14:35:03,670.87,55.0,30.26,77.0,304.89,12.37,06:49:00,17:46:00
29519,1481761504,12/14/2016 12:00:00 AM,14:25:04,696.17,55.0,30.25,70.0,306.76,11.25,06:49:00,17:46:00
29520,1481761203,12/14/2016 12:00:00 AM,14:20:03,709.59,55.0,30.26,72.0,310.89,14.62,06:49:00,17:46:00
29521,1481760901,12/14/2016 12:00:00 AM,14:15:01,721.44,55.0,30.26,71.0,314.11,9.0,06:49:00,17:46:00
29522,1481760601,12/14/2016 12:00:00 AM,14:10:01,729.65,55.0,30.26,73.0,301.2,9.0,06:49:00,17:46:00
29523,1481760311,12/14/2016 12:00:00 AM,14:05:11,743.69,55.0,30.26,74.0,312.77,11.25,06:49:00,17:46:00
29524,1481760004,12/14/2016 12:00:00 AM,14:00:04,751.52,55.0,30.26,65.0,294.49,10.12,06:49:00,17:46:00
29525,1481759708,12/14/2016 12:00:00 AM,13:55:08,762.72,55.0,30.26,68.0,295.53,12.37,06:49:00,17:46:00
29526,1481759402,12/14/2016 12:00:00 AM,13:50:02,771.97,55.0,30.26,70.0,304.21,14.62,06:49:00,17:46:00
29527,1481759114,12/14/2016 12:00:00 AM,13:45:14,778.77,55.0,30.26,71.0,319.89,14.62,06:49:00,17:46:00
29528,1481758802,12/14/2016 12:00:00 AM,13:40:02,792.16,55.0,30.26,61.0,295.09,7.87,06:49:00,17:46:00
29529,1481758515,12/14/2016 12:00:00 AM,13:35:15,801.01,55.0,30.27,66.0,312.71,15.75,06:49:00,17:46:00
29530,1481758202,12/14/2016 12:00:00 AM,13:30:02,807.82,55.0,30.26,68.0,292.25,10.12,06:49:00,17:46:00
29531,1481757916,12/14/2016 12:00:00 AM,13:25:16,818.82,55.0,30.27,74.83719267708949,317.76,12.37,06:49:00,17:46:00
29532,1481757605,12/14/2016 12:00:00 AM,13:20:05,827.13,55.0,30.27,56.0,281.1,11.25,06:49:00,17:46:00
29533,1481757302,12/14/2016 12:00:00 AM,13:15:02,827.27,55.0,30.27,70.0,306.91,11.25,06:49:00,17:46:00
29534,1481757006,12/14/2016 12:00:00 AM,13:10:06,834.11,55.0,30.27,65.0,312.44,11.25,06:49:00,17:46:00
29535,1481756701,12/14/2016 12:00:00 AM,13:05:01,838.35,54.0,30.27,65.0,329.92,10.12,06:49:00,17:46:00
29536,1481756404,12/14/2016 12:00:00 AM,13:00:04,836.28,54.0,30.28,71.0,300.67,13.5,06:49:00,17:46:00
29537,1481756102,12/14/2016 12:00:00 AM,12:55:02,848.61,54.0,30.423028000868246,73.0,323.37,10.12,06:49:00,17:46:00
29538,1481755801,12/14/2016 12:00:00 AM,12:50:01,847.04,54.0,30.28,75.0,319.47,9.0,06:49:00,17:46:00
29539,1481755503,12/14/2016 12:00:00 AM,12:45:03,847.96,54.0,30.28,76.0,306.27,14.62,06:49:00,17:46:00
29540,1481755202,12/14/2016 12:00:00 AM,12:40:02,855.6,54.0,30.28,73.0,328.06,13.5,06:49:00,17:46:00
29541,1481754904,12/14/2016 12:00:00 AM,12:35:04,855.01,54.0,30.29,75.0,336.82,12.37,06:49:00,17:46:00
29542,1481754602,12/14/2016 12:00:00 AM,12:30:02,854.81,54.0,30.29,74.0,286.53,11.25,06:49:00,17:46:00
29543,1481754301,12/14/2016 12:00:00 AM,12:25:01,860.41,53.0,30.29,74.0,317.65,12.37,06:49:00,17:46:00
29544,1481754004,12/14/2016 12:00:00 AM,12:20:04,858.72,53.0,30.29,76.0,307.63,12.37,06:49:00,17:46:00
29545,1481753711,12/14/2016 12:00:00 AM,12:15:11,858.68,53.0,30.29,74.83719267708949,298.3,11.25,06:49:00,17:46:00
29546,1481753401,12/14/2016 12:00:00 AM,12:10:01,863.09,53.0,30.29,76.0,306.71,10.12,06:49:00,17:46:00
29547,1481753107,12/14/2016 12:00:00 AM,12:05:07,858.24,53.0,30.29,74.0,291.87,10.12,06:49:00,17:46:00
29548,1481752802,12/14/2016 12:00:00 AM,12:00:02,857.27,52.0,30.29,76.0,300.18,12.37,06:49:00,17:46:00
29549,1481752512,12/14/2016 12:00:00 AM,11:55:12,852.67,52.0,30.3,76.0,307.16,9.0,06:49:00,17:46:00
29550,1481752201,12/14/2016 12:00:00 AM,11:50:01,852.77,52.0,30.3,75.0,309.81,9.0,06:49:00,17:46:00
29551,1481751914,12/14/2016 12:00:00 AM,11:45:14,847.81,52.0,30.3,77.0,306.38,11.25,06:49:00,17:46:00
29552,1481751603,12/14/2016 12:00:00 AM,11:40:03,843.2,51.0,30.3,80.0,316.95,7.87,06:49:00,17:46:00
29553,1481751304,12/14/2016 12:00:00 AM,11:35:04,841.57,51.0,30.3,78.0,309.22,5.62,06:49:00,17:46:00
29554,1481751001,12/14/2016 12:00:00 AM,11:30:01,836.56,51.0,30.3,79.0,321.07,7.87,06:49:00,17:46:00
29555,1481750702,12/14/2016 12:00:00 AM,11:25:02,833.58,51.0,30.3,78.0,321.17,9.0,06:49:00,17:46:00
29556,1481750403,12/14/2016 12:00:00 AM,11:20:03,826.84,51.0,30.3,79.0,329.08,7.87,06:49:00,17:46:00
29557,1481750113,12/14/2016 12:00:00 AM,11:15:13,822.55,51.0,30.31,78.0,326.28,10.12,06:49:00,17:46:00
29558,1481749802,12/14/2016 12:00:00 AM,11:10:02,816.7,51.0,30.31,80.0,312.37,5.62,06:49:00,17:46:00
29559,1481749502,12/14/2016 12:00:00 AM,11:05:02,809.15,50.0,30.31,79.0,316.35,7.87,06:49:00,17:46:00
29560,1481749201,12/14/2016 12:00:00 AM,11:00:01,802.3,50.0,30.31,79.0,291.74,9.0,06:49:00,17:46:00
29561,1481748902,12/14/2016 12:00:00 AM,10:55:02,794.22,50.0,30.31,79.0,275.4,6.75,06:49:00,17:46:00
29562,1481748605,12/14/2016 12:00:00 AM,10:50:05,786.5,50.0,30.31,77.0,289.6,5.62,06:49:00,17:46:00
29563,1481748301,12/14/2016 12:00:00 AM,10:45:01,776.43,50.0,30.31,76.0,290.31,7.87,06:49:00,17:46:00
29564,1481748004,12/14/2016 12:00:00 AM,10:40:04,766.81,49.0,30.32,76.0,304.44,4.5,06:49:00,17:46:00
29565,1481747712,12/14/2016 12:00:00 AM,10:35:12,756.39,49.0,30.32,75.0,303.09,7.87,06:49:00,17:46:00
29566,1481747402,12/14/2016 12:00:00 AM,10:30:02,745.57,49.0,30.32,74.0,317.61,7.87,06:49:00,17:46:00
29567,1481747101,12/14/2016 12:00:00 AM,10:25:01,735.33,49.0,30.32,72.0,290.69,10.12,06:49:00,17:46:00
29568,1481746802,12/14/2016 12:00:00 AM,10:20:02,726.03,48.0,30.32,70.0,290.29,6.75,06:49:00,17:46:00
29569,1481746503,12/14/2016 12:00:00 AM,10:15:03,712.51,48.0,30.32,70.0,274.26,9.0,06:49:00,17:46:00
29570,1481746201,12/14/2016 12:00:00 AM,10:10:01,701.74,48.0,30.32,70.0,278.46,5.62,06:49:00,17:46:00
29571,1481745904,12/14/2016 12:00:00 AM,10:05:04,689.45,47.0,30.32,69.0,294.77,5.62,06:49:00,17:46:00
29572,1481745602,12/14/2016 12:00:00 AM,10:00:02,676.67,47.0,30.32,69.0,303.42,9.0,06:49:00,17:46:00
29573,1481745314,12/14/2016 12:00:00 AM,09:55:14,664.78,48.0,30.32,67.0,313.95,5.62,06:49:00,17:46:00
29574,1481745002,12/14/2016 12:00:00 AM,09:50:02,650.92,48.0,30.32,65.0,322.81,5.62,06:49:00,17:46:00
29575,1481744705,12/14/2016 12:00:00 AM,09:45:05,637.24,49.0,30.32,63.0,326.51,5.62,06:49:00,17:46:00
29576,1481744401,12/14/2016 12:00:00 AM,09:40:01,622.14,48.0,30.32,59.0,300.26,3.37,06:49:00,17:46:00
29577,1481744102,12/14/2016 12:00:00 AM,09:35:02,606.9,48.0,30.32,60.0,291.59,4.5,06:49:00,17:46:00
29578,1481743804,12/14/2016 12:00:00 AM,09:30:04,591.31,47.0,30.32,60.0,291.61,2.25,06:49:00,17:46:00
29579,1481743501,12/14/2016 12:00:00 AM,09:25:01,576.27,47.0,30.32,60.0,292.51,3.37,06:49:00,17:46:00
29580,1481743201,12/14/2016 12:00:00 AM,09:20:01,560.04,46.0,30.32,57.0,290.54,4.5,06:49:00,17:46:00
29581,1481742905,12/14/2016 12:00:00 AM,09:15:05,543.76,46.0,30.32,59.0,282.03,2.25,06:49:00,17:46:00
29582,1481742602,12/14/2016 12:00:00 AM,09:10:02,527.57,46.0,30.32,59.0,281.43,3.37,06:49:00,17:46:00
29583,1481742302,12/14/2016 12:00:00 AM,09:05:02,509.44,46.0,30.32,58.0,281.29,3.37,06:49:00,17:46:00
29584,1481742001,12/14/2016 12:00:00 AM,09:00:01,491.62,45.0,30.32,58.0,279.8,4.5,06:49:00,17:46:00
29585,1481741706,12/14/2016 12:00:00 AM,08:55:06,474.86,45.0,30.32,57.0,274.19,4.5,06:49:00,17:46:00
29586,1481741409,12/14/2016 12:00:00 AM,08:50:09,457.67,45.0,30.32,56.0,263.43,5.62,06:49:00,17:46:00
29587,1481741102,12/14/2016 12:00:00 AM,08:45:02,439.82,45.0,30.32,53.0,286.37,7.87,06:49:00,17:46:00
29588,1481740804,12/14/2016 12:00:00 AM,08:40:04,421.46,45.0,30.31,51.0,288.68,4.5,06:49:00,17:46:00
29589,1481740501,12/14/2016 12:00:00 AM,08:35:01,402.66,45.0,30.31,52.0,280.66,3.37,06:49:00,17:46:00
29590,1481740202,12/14/2016 12:00:00 AM,08:30:02,384.04,45.0,30.31,50.0,265.66,3.37,06:49:00,17:46:00
29591,1481739901,12/14/2016 12:00:00 AM,08:25:01,365.35,44.0,30.31,49.0,250.47,4.5,06:49:00,17:46:00
29592,1481739603,12/14/2016 12:00:00 AM,08:20:03,343.71,43.0,30.31,51.0,247.74,4.5,06:49:00,17:46:00
29593,1481739301,12/14/2016 12:00:00 AM,08:15:01,320.24,42.0,30.31,52.0,245.45,5.62,06:49:00,17:46:00
29594,1481739001,12/14/2016 12:00:00 AM,08:10:01,295.36,41.0,30.31,52.0,240.51,3.37,06:49:00,17:46:00
29595,1481738706,12/14/2016 12:00:00 AM,08:05:06,270.02,40.0,30.31,55.0,242.28,5.62,06:49:00,17:46:00
29596,1481738404,12/14/2016 12:00:00 AM,08:00:04,243.64,39.0,30.3,57.0,233.89,3.37,06:49:00,17:46:00
29597,1481738102,12/14/2016 12:00:00 AM,07:55:02,25.47,38.0,30.3,58.0,223.55,4.5,06:49:00,17:46:00
29598,1481737802,12/14/2016 12:00:00 AM,07:50:02,21.96,39.0,30.3,59.0,217.24,5.62,06:49:00,17:46:00
29599,1481737503,12/14/2016 12:00:00 AM,07:45:03,21.36,39.0,30.3,56.0,223.46,4.5,06:49:00,17:46:00
29600,1481737204,12/14/2016 12:00:00 AM,07:40:04,20.73,39.0,30.3,56.0,237.79,5.62,06:49:00,17:46:00
29601,1481736901,12/14/2016 12:00:00 AM,07:35:01,19.93,39.0,30.3,57.0,231.63,6.75,06:49:00,17:46:00
29602,1481736605,12/14/2016 12:00:00 AM,07:30:05,19.24,39.0,30.3,57.0,227.47,6.75,06:49:00,17:46:00
29603,1481736305,12/14/2016 12:00:00 AM,07:25:05,18.24,38.0,30.3,56.0,235.39,9.0,06:49:00,17:46:00
29604,1481736004,12/14/2016 12:00:00 AM,07:20:04,17.25,38.0,30.3,58.0,228.72,5.62,06:49:00,17:46:00
29605,1481735701,12/14/2016 12:00:00 AM,07:15:01,15.94,38.0,30.29,57.0,228.44,6.75,06:49:00,17:46:00
29606,1481735405,12/14/2016 12:00:00 AM,07:10:05,14.58,38.0,30.29,58.0,225.11,4.5,06:49:00,17:46:00
29607,1481735102,12/14/2016 12:00:00 AM,07:05:02,13.0,38.0,30.29,58.0,216.1,5.62,06:49:00,17:46:00
29608,1481734808,12/14/2016 12:00:00 AM,07:00:08,11.27,38.0,30.29,56.0,225.23,6.75,06:49:00,17:46:00
29609,1481734501,12/14/2016 12:00:00 AM,06:55:01,9.21,38.0,30.29,54.0,223.93,4.5,06:49:00,17:46:00
29610,1481734203,12/14/2016 12:00:00 AM,06:50:03,7.1,39.0,30.29,53.0,226.56,3.37,06:49:00,17:46:00
29611,1481733902,12/14/2016 12:00:00 AM,06:45:02,5.01,39.0,30.29,52.0,207.14,5.62,06:49:00,17:46:00
29612,1481733601,12/14/2016 12:00:00 AM,06:40:01,3.03,40.0,30.29,54.0,214.1,4.5,06:49:00,17:46:00
29613,1481733302,12/14/2016 12:00:00 AM,06:35:02,1.76,40.0,30.29,54.0,214.32,5.62,06:49:00,17:46:00
29614,1481733002,12/14/2016 12:00:00 AM,06:30:02,1.28,40.0,30.28,49.0,235.78,5.62,06:49:00,17:46:00
29615,1481732701,12/14/2016 12:00:00 AM,06:25:01,1.27,40.0,30.28,50.0,221.11,5.62,06:49:00,17:46:00
29616,1481732401,12/14/2016 12:00:00 AM,06:20:01,1.24,40.0,30.28,53.0,214.27,6.75,06:49:00,17:46:00
29617,1481732102,12/14/2016 12:00:00 AM,06:15:02,1.24,41.0,30.28,53.0,219.02,4.5,06:49:00,17:46:00
29618,1481731801,12/14/2016 12:00:00 AM,06:10:01,1.28,40.0,30.28,51.0,225.66,7.87,06:49:00,17:46:00
29619,1481731502,12/14/2016 12:00:00 AM,06:05:02,1.25,39.0,30.28,52.0,250.36,4.5,06:49:00,17:46:00
29620,1481731201,12/14/2016 12:00:00 AM,06:00:01,1.24,38.0,30.28,59.0,217.49,6.75,06:49:00,17:46:00
29621,1481730902,12/14/2016 12:00:00 AM,05:55:02,1.26,38.0,30.28,61.0,213.91,6.75,06:49:00,17:46:00
29622,1481730602,12/14/2016 12:00:00 AM,05:50:02,1.25,38.0,30.28,61.0,218.68,5.62,06:49:00,17:46:00
29623,1481730304,12/14/2016 12:00:00 AM,05:45:04,1.23,39.0,30.28,60.0,208.4,6.75,06:49:00,17:46:00
29624,1481730002,12/14/2016 12:00:00 AM,05:40:02,1.26,39.0,30.27,56.0,220.69,6.75,06:49:00,17:46:00
29625,1481729702,12/14/2016 12:00:00 AM,05:35:02,1.27,38.0,30.27,58.0,222.24,7.87,06:49:00,17:46:00
29626,1481729401,12/14/2016 12:00:00 AM,05:30:01,1.26,39.0,30.27,56.0,220.82,6.75,06:49:00,17:46:00
29627,1481729104,12/14/2016 12:00:00 AM,05:25:04,1.27,39.0,30.27,56.0,222.41,6.75,06:49:00,17:46:00
29628,1481728802,12/14/2016 12:00:00 AM,05:20:02,1.23,39.0,30.27,56.0,218.37,6.75,06:49:00,17:46:00
29629,1481728504,12/14/2016 12:00:00 AM,05:15:04,1.23,40.0,30.27,54.0,224.8,2.25,06:49:00,17:46:00
29630,1481728202,12/14/2016 12:00:00 AM,05:10:02,1.25,41.0,30.27,54.0,224.79,5.62,06:49:00,17:46:00
29631,1481727905,12/14/2016 12:00:00 AM,05:05:05,1.24,42.0,30.27,52.0,220.42,4.5,06:49:00,17:46:00
29632,1481727602,12/14/2016 12:00:00 AM,05:00:02,1.25,42.0,30.27,49.0,291.63,4.5,06:49:00,17:46:00
29633,1481727302,12/14/2016 12:00:00 AM,04:55:02,1.25,43.0,30.26,46.0,243.8,2.25,06:49:00,17:46:00
29634,1481727003,12/14/2016 12:00:00 AM,04:50:03,1.29,42.0,30.26,43.0,253.02,5.62,06:49:00,17:46:00
29635,1481726705,12/14/2016 12:00:00 AM,04:45:05,1.26,41.0,30.26,47.0,219.19,5.62,06:49:00,17:46:00
29636,1481726401,12/14/2016 12:00:00 AM,04:40:01,1.26,40.0,30.26,53.0,217.72,6.75,06:49:00,17:46:00
29637,1481726101,12/14/2016 12:00:00 AM,04:35:01,1.25,39.0,30.26,56.0,222.43,5.62,06:49:00,17:46:00
29638,1481725802,12/14/2016 12:00:00 AM,04:30:02,1.26,39.0,30.26,59.0,217.55,7.87,06:49:00,17:46:00
29639,1481725502,12/14/2016 12:00:00 AM,04:25:02,1.25,39.0,30.26,58.0,219.16,7.87,06:49:00,17:46:00
29640,1481724902,12/14/2016 12:00:00 AM,04:15:02,1.23,39.0,30.26,59.0,215.24,6.75,06:49:00,17:46:00
29641,1481724601,12/14/2016 12:00:00 AM,04:10:01,1.25,39.0,30.26,58.0,222.77,6.75,06:49:00,17:46:00
29642,1481724301,12/14/2016 12:00:00 AM,04:05:01,1.26,39.0,30.26,57.0,224.42,6.75,06:49:00,17:46:00
29643,1481724002,12/14/2016 12:00:00 AM,04:00:02,1.26,40.0,30.26,56.0,221.42,6.75,06:49:00,17:46:00
29644,1481723704,12/14/2016 12:00:00 AM,03:55:04,1.24,51.16507236474315,30.26,55.0,233.04,4.5,06:49:00,17:46:00
29645,1481723403,12/14/2016 12:00:00 AM,03:50:03,1.24,41.0,30.26,54.0,228.04,5.62,06:49:00,17:46:00
29646,1481723107,12/14/2016 12:00:00 AM,03:45:07,1.25,42.0,30.26,53.0,233.27,4.5,06:49:00,17:46:00
29647,1481722801,12/14/2016 12:00:00 AM,03:40:01,1.29,42.0,30.26,48.0,264.1,2.25,06:49:00,17:46:00
29648,1481722501,12/14/2016 12:00:00 AM,03:35:01,1.28,43.0,30.26,47.0,264.18,3.37,06:49:00,17:46:00
29649,1481722201,12/14/2016 12:00:00 AM,03:30:01,1.27,43.0,30.26,45.0,267.52,3.37,06:49:00,17:46:00
29650,1481721909,12/14/2016 12:00:00 AM,03:25:09,1.25,42.0,30.26,46.0,270.62,4.5,06:49:00,17:46:00
29651,1481721604,12/14/2016 12:00:00 AM,03:20:04,1.3,41.0,30.26,52.0,277.59,3.37,06:49:00,17:46:00
29652,1481721303,12/14/2016 12:00:00 AM,03:15:03,1.25,40.0,30.26,58.0,222.41,1.12,06:49:00,17:46:00
29653,1481721003,12/14/2016 12:00:00 AM,03:10:03,1.25,40.0,30.26,57.0,227.83,2.25,06:49:00,17:46:00
29654,1481720703,12/14/2016 12:00:00 AM,03:05:03,1.23,40.0,30.26,58.0,213.85,7.87,06:49:00,17:46:00
29655,1481720405,12/14/2016 12:00:00 AM,03:00:05,1.26,39.0,30.26,60.0,244.02,5.62,06:49:00,17:46:00
29656,1481720103,12/14/2016 12:00:00 AM,02:55:03,1.25,38.0,30.26,63.0,231.46,5.62,06:49:00,17:46:00
29657,1481719802,12/14/2016 12:00:00 AM,02:50:02,1.22,37.0,30.27,66.0,219.09,6.75,06:49:00,17:46:00
29658,1481719505,12/14/2016 12:00:00 AM,02:45:05,1.22,37.0,30.27,67.0,205.06,5.62,06:49:00,17:46:00
29659,1481719202,12/14/2016 12:00:00 AM,02:40:02,1.25,38.0,30.27,66.0,201.46,6.75,06:49:00,17:46:00
29660,1481718904,12/14/2016 12:00:00 AM,02:35:04,1.28,38.0,30.27,63.0,198.36,6.75,06:49:00,17:46:00
29661,1481718605,12/14/2016 12:00:00 AM,02:30:05,1.26,38.0,30.27,71.0,202.34,6.75,06:49:00,17:46:00
29662,1481718301,12/14/2016 12:00:00 AM,02:25:01,1.22,38.0,30.27,70.0,206.39,6.75,06:49:00,17:46:00
29663,1481718002,12/14/2016 12:00:00 AM,02:20:02,1.24,38.0,30.28,68.0,223.73,4.5,06:49:00,17:46:00
29664,1481717702,12/14/2016 12:00:00 AM,02:15:02,1.27,38.0,30.28,65.0,223.74,5.62,06:49:00,17:46:00
29665,1481717404,12/14/2016 12:00:00 AM,02:10:04,1.23,38.0,30.28,63.0,223.74,2.25,06:49:00,17:46:00
29666,1481717102,12/14/2016 12:00:00 AM,02:05:02,1.24,38.0,30.28,63.0,223.74,3.37,06:49:00,17:46:00
29667,1481716801,12/14/2016 12:00:00 AM,02:00:01,1.26,38.0,30.28,62.0,223.75,4.5,06:49:00,17:46:00
29668,1481716501,12/14/2016 12:00:00 AM,01:55:01,1.25,38.0,30.28,62.0,223.79,4.5,06:49:00,17:46:00
29669,1481716202,12/14/2016 12:00:00 AM,01:50:02,1.27,38.0,30.28,64.0,223.8,4.5,06:49:00,17:46:00
29670,1481715904,12/14/2016 12:00:00 AM,01:45:04,1.24,39.0,30.28,64.0,223.86,3.37,06:49:00,17:46:00
29671,1481715603,12/14/2016 12:00:00 AM,01:40:03,1.26,38.0,30.28,64.0,223.2,4.5,06:49:00,17:46:00
29672,1481715302,12/14/2016 12:00:00 AM,01:35:02,1.26,38.0,30.28,66.0,222.83,5.62,06:49:00,17:46:00
29673,1481715004,12/14/2016 12:00:00 AM,01:30:04,1.25,38.0,30.29,67.0,215.96,5.62,06:49:00,17:46:00
29674,1481714705,12/14/2016 12:00:00 AM,01:25:05,1.29,39.0,30.29,67.0,201.32,6.75,06:49:00,17:46:00
29675,1481714408,12/14/2016 12:00:00 AM,01:20:08,1.25,39.0,30.29,64.0,198.97,6.75,06:49:00,17:46:00
29676,1481714105,12/14/2016 12:00:00 AM,01:15:05,1.26,39.0,30.29,74.83719267708949,196.64,7.87,06:49:00,17:46:00
29677,1481713802,12/14/2016 12:00:00 AM,01:10:02,1.25,39.0,30.29,63.0,195.2,7.87,06:49:00,17:46:00
29678,1481713502,12/14/2016 12:00:00 AM,01:05:02,1.27,39.0,30.3,64.0,194.84,6.75,06:49:00,17:46:00
29679,1481713216,12/14/2016 12:00:00 AM,01:00:16,1.25,39.0,30.3,65.0,193.73,6.75,06:49:00,17:46:00
29680,1481712902,12/14/2016 12:00:00 AM,00:55:02,1.21,38.0,30.3,66.0,192.86,6.75,06:49:00,17:46:00
29681,1481712601,12/14/2016 12:00:00 AM,00:50:01,1.25,38.0,30.3,65.0,191.46,7.87,06:49:00,17:46:00
29682,1481712303,12/14/2016 12:00:00 AM,00:45:03,1.24,38.0,30.3,67.0,190.1,5.62,06:49:00,17:46:00
29683,1481712001,12/14/2016 12:00:00 AM,00:40:01,1.24,38.0,30.3,67.0,190.06,6.229096658193317,06:49:00,17:46:00
29684,1481711706,12/14/2016 12:00:00 AM,00:35:06,1.26,38.0,30.3,70.0,189.14,6.75,06:49:00,17:46:00
29685,1481711403,12/14/2016 12:00:00 AM,00:30:03,1.23,37.0,30.3,71.0,188.92,6.75,06:49:00,17:46:00
29686,1481711103,12/14/2016 12:00:00 AM,00:25:03,1.17,37.0,30.3,73.0,183.03,6.75,06:49:00,17:46:00
29687,1481710802,12/14/2016 12:00:00 AM,00:20:02,1.27,37.0,30.3,77.0,170.42,5.62,06:49:00,17:46:00
29688,1481710505,12/14/2016 12:00:00 AM,00:15:05,1.22,38.0,30.3,83.0,170.36,4.5,06:49:00,17:46:00
29689,1481710205,12/14/2016 12:00:00 AM,00:10:05,1.25,38.0,30.31,86.0,168.65,3.37,06:49:00,17:46:00
29690,1481709905,12/14/2016 12:00:00 AM,00:05:05,1.28,37.0,30.31,86.0,168.75,5.62,06:49:00,17:46:00
29691,1481709602,12/14/2016 12:00:00 AM,00:00:02,1.23,37.0,30.31,84.0,169.96,5.62,06:49:00,17:46:00
29692,1481709302,12/13/2016 12:00:00 AM,23:55:02,1.25,37.0,30.31,81.0,170.01,3.37,06:48:00,17:45:00
29693,1481709004,12/13/2016 12:00:00 AM,23:50:04,1.24,38.0,30.31,83.0,170.02,3.37,06:48:00,17:45:00
29694,1481708704,12/13/2016 12:00:00 AM,23:45:04,1.24,38.0,30.31,88.0,170.01,3.37,06:48:00,17:45:00
29695,1481708402,12/13/2016 12:00:00 AM,23:40:02,1.23,38.0,30.31,89.0,170.01,3.37,06:48:00,17:45:00
29696,1481708102,12/13/2016 12:00:00 AM,23:35:02,1.23,38.0,30.31,86.0,170.01,3.37,06:48:00,17:45:00
29697,1481707802,12/13/2016 12:00:00 AM,23:30:02,1.21,39.0,30.31,81.0,170.01,3.37,06:48:00,17:45:00
29698,1481707502,12/13/2016 12:00:00 AM,23:25:02,1.22,39.0,30.31,83.0,170.03,4.5,06:48:00,17:45:00
29699,1481707202,12/13/2016 12:00:00 AM,23:20:02,1.23,39.0,30.31,88.0,170.04,3.37,06:48:00,17:45:00
29700,1481706902,12/13/2016 12:00:00 AM,23:15:02,1.27,39.0,30.32,90.0,170.06,2.25,06:48:00,17:45:00
29701,1481706602,12/13/2016 12:00:00 AM,23:10:02,1.23,40.0,30.32,96.0,170.06,3.37,06:48:00,17:45:00
29702,1481706302,12/13/2016 12:00:00 AM,23:05:02,1.24,40.0,30.32,99.0,168.17,5.62,06:48:00,17:45:00
29703,1481706001,12/13/2016 12:00:00 AM,23:00:01,1.23,40.0,30.32,100.0,158.98,5.62,06:48:00,17:45:00
29704,1481705704,12/13/2016 12:00:00 AM,22:55:04,1.23,40.0,30.32,100.0,162.35,3.37,06:48:00,17:45:00
29705,1481705403,12/13/2016 12:00:00 AM,22:50:03,1.22,40.0,30.32,99.0,169.28,5.62,06:48:00,17:45:00
29706,1481705105,12/13/2016 12:00:00 AM,22:45:05,1.25,40.0,30.32,99.0,169.27,4.5,06:48:00,17:45:00
29707,1481704804,12/13/2016 12:00:00 AM,22:40:04,1.26,40.0,30.32,99.0,166.46,5.62,06:48:00,17:45:00
29708,1481704504,12/13/2016 12:00:00 AM,22:35:04,1.25,40.0,30.32,99.0,174.81,5.62,06:48:00,17:45:00
29709,1481704205,12/13/2016 12:00:00 AM,22:30:05,1.25,40.0,30.32,98.0,173.45,6.75,06:48:00,17:45:00
29710,1481703902,12/13/2016 12:00:00 AM,22:25:02,1.22,40.0,30.33,97.0,178.1,3.37,06:48:00,17:45:00
29711,1481703601,12/13/2016 12:00:00 AM,22:20:01,1.24,39.0,30.33,96.0,171.51,6.75,06:48:00,17:45:00
29712,1481703304,12/13/2016 12:00:00 AM,22:15:04,1.25,39.0,30.33,96.0,175.67,5.62,06:48:00,17:45:00
29713,1481703002,12/13/2016 12:00:00 AM,22:10:02,1.24,39.0,30.33,95.0,177.51,4.5,06:48:00,17:45:00
29714,1481702702,12/13/2016 12:00:00 AM,22:05:02,1.22,39.0,30.33,93.0,157.87,5.62,06:48:00,17:45:00
29715,1481702402,12/13/2016 12:00:00 AM,22:00:02,1.21,39.0,30.33,92.0,168.07,4.5,06:48:00,17:45:00
29716,1481702101,12/13/2016 12:00:00 AM,21:55:01,1.24,39.0,30.33,92.0,170.08,5.62,06:48:00,17:45:00
29717,1481701802,12/13/2016 12:00:00 AM,21:50:02,1.24,39.0,30.33,92.0,176.39,5.62,06:48:00,17:45:00
29718,1481701503,12/13/2016 12:00:00 AM,21:45:03,1.23,39.0,30.33,92.0,173.0,6.229096658193317,06:48:00,17:45:00
29719,1481701202,12/13/2016 12:00:00 AM,21:40:02,1.23,40.0,30.33,93.0,182.68,5.62,06:48:00,17:45:00
29720,1481700901,12/13/2016 12:00:00 AM,21:35:01,1.21,40.0,30.33,93.0,143.54770303349548,5.62,06:48:00,17:45:00
29721,1481700604,12/13/2016 12:00:00 AM,21:30:04,1.24,40.0,30.33,94.0,170.64,6.75,06:48:00,17:45:00
29722,1481700304,12/13/2016 12:00:00 AM,21:25:04,1.26,40.0,30.33,94.0,182.06,4.5,06:48:00,17:45:00
29723,1481700005,12/13/2016 12:00:00 AM,21:20:05,1.2,40.0,30.33,94.0,158.42,5.62,06:48:00,17:45:00
29724,1481699705,12/13/2016 12:00:00 AM,21:15:05,1.21,40.0,30.33,94.0,164.88,3.37,06:48:00,17:45:00
29725,1481699407,12/13/2016 12:00:00 AM,21:10:07,1.21,41.0,30.33,95.0,166.9,5.62,06:48:00,17:45:00
29726,1481699101,12/13/2016 12:00:00 AM,21:05:01,1.24,40.0,30.33,95.0,164.83,7.87,06:48:00,17:45:00
29727,1481698802,12/13/2016 12:00:00 AM,21:00:02,1.2,40.0,30.32,96.0,176.26,7.87,06:48:00,17:45:00
29728,1481698502,12/13/2016 12:00:00 AM,20:55:02,1.24,40.0,30.32,98.0,158.82,7.87,06:48:00,17:45:00
29729,1481698202,12/13/2016 12:00:00 AM,20:50:02,1.2,40.0,30.32,99.0,156.87,7.87,06:48:00,17:45:00
29730,1481697902,12/13/2016 12:00:00 AM,20:45:02,1.22,40.0,30.32,99.0,125.07,3.37,06:48:00,17:45:00
29731,1481697601,12/13/2016 12:00:00 AM,20:40:01,1.19,40.0,30.32,100.0,159.84,6.75,06:48:00,17:45:00
29732,1481697307,12/13/2016 12:00:00 AM,20:35:07,1.23,40.0,30.32,100.0,164.62,4.5,06:48:00,17:45:00
29733,1481697002,12/13/2016 12:00:00 AM,20:30:02,1.22,41.0,30.32,100.0,175.15,4.5,06:48:00,17:45:00
29734,1481696702,12/13/2016 12:00:00 AM,20:25:02,1.24,41.0,30.32,100.0,164.39,4.5,06:48:00,17:45:00
29735,1481696402,12/13/2016 12:00:00 AM,20:20:02,1.23,41.0,30.32,100.0,158.38,5.62,06:48:00,17:45:00
29736,1481696101,12/13/2016 12:00:00 AM,20:15:01,1.22,41.0,30.32,100.0,159.12,5.62,06:48:00,17:45:00
29737,1481695802,12/13/2016 12:00:00 AM,20:10:02,1.21,41.0,30.32,99.0,155.81,2.25,06:48:00,17:45:00
29738,1481695518,12/13/2016 12:00:00 AM,20:05:18,1.23,41.0,30.32,99.0,161.54,2.25,06:48:00,17:45:00
29739,1481695204,12/13/2016 12:00:00 AM,20:00:04,1.2,41.0,30.32,99.0,169.13,4.5,06:48:00,17:45:00
29740,1481694901,12/13/2016 12:00:00 AM,19:55:01,1.18,41.0,30.32,99.0,167.21,3.37,06:48:00,17:45:00
29741,1481694601,12/13/2016 12:00:00 AM,19:50:01,1.23,42.0,30.32,99.0,167.25,4.5,06:48:00,17:45:00
29742,1481694303,12/13/2016 12:00:00 AM,19:45:03,1.31,42.0,30.32,99.0,164.35,4.5,06:48:00,17:45:00
29743,1481694002,12/13/2016 12:00:00 AM,19:40:02,1.29,43.0,30.32,99.0,160.91,4.5,06:48:00,17:45:00
29744,1481693701,12/13/2016 12:00:00 AM,19:35:01,1.31,43.0,30.32,99.0,160.86,3.37,06:48:00,17:45:00
29745,1481693403,12/13/2016 12:00:00 AM,19:30:03,1.32,44.0,30.32,100.0,1.46,3.37,06:48:00,17:45:00
29746,1481693104,12/13/2016 12:00:00 AM,19:25:04,1.29,44.0,30.32,100.0,0.91,2.25,06:48:00,17:45:00
29747,1481692804,12/13/2016 12:00:00 AM,19:20:04,1.28,44.0,30.32,99.0,0.32,0.0,06:48:00,17:45:00
29748,1481692504,12/13/2016 12:00:00 AM,19:15:04,1.31,44.0,30.32,99.0,0.32,1.12,06:48:00,17:45:00
29749,1481692201,12/13/2016 12:00:00 AM,19:10:01,1.3,44.0,30.31,99.0,0.32,1.12,06:48:00,17:45:00
29750,1481691901,12/13/2016 12:00:00 AM,19:05:01,1.3,44.0,30.31,99.0,0.32,1.12,06:48:00,17:45:00
29751,1481691602,12/13/2016 12:00:00 AM,19:00:02,1.32,45.0,30.31,99.0,0.32,0.0,06:48:00,17:45:00
29752,1481691303,12/13/2016 12:00:00 AM,18:55:03,1.3,45.0,30.31,99.0,0.62,2.25,06:48:00,17:45:00
29753,1481691004,12/13/2016 12:00:00 AM,18:50:04,1.3,45.0,30.31,99.0,0.62,2.25,06:48:00,17:45:00
29754,1481690701,12/13/2016 12:00:00 AM,18:45:01,1.33,45.0,30.31,99.0,0.62,0.0,06:48:00,17:45:00
29755,1481690402,12/13/2016 12:00:00 AM,18:40:02,1.31,45.0,30.3,99.0,0.33,3.37,06:48:00,17:45:00
29756,1481690105,12/13/2016 12:00:00 AM,18:35:05,1.3,45.0,30.31,99.0,0.33,3.37,06:48:00,17:45:00
29757,1481689801,12/13/2016 12:00:00 AM,18:30:01,1.3,45.0,30.31,98.0,13.6,4.5,06:48:00,17:45:00
29758,1481689503,12/13/2016 12:00:00 AM,18:25:03,1.32,45.0,30.3,97.0,137.05,2.25,06:48:00,17:45:00
29759,1481689202,12/13/2016 12:00:00 AM,18:20:02,1.33,45.0,30.3,95.0,151.07,3.37,06:48:00,17:45:00
29760,1481688902,12/13/2016 12:00:00 AM,18:15:02,1.29,46.0,30.3,94.0,132.74,4.5,06:48:00,17:45:00
29761,1481688602,12/13/2016 12:00:00 AM,18:10:02,1.3,46.0,30.3,93.0,155.67,3.37,06:48:00,17:45:00
29762,1481688301,12/13/2016 12:00:00 AM,18:05:01,1.32,47.0,30.3,92.0,153.38,3.37,06:48:00,17:45:00
29763,1481688001,12/13/2016 12:00:00 AM,18:00:01,1.69,48.0,30.3,91.0,131.95,3.37,06:48:00,17:45:00
29764,1481687701,12/13/2016 12:00:00 AM,17:55:01,2.89,49.0,30.3,79.0,358.39,2.25,06:48:00,17:45:00
29765,1481687404,12/13/2016 12:00:00 AM,17:50:04,4.67,49.0,30.3,73.0,283.84,3.37,06:48:00,17:45:00
29766,1481687102,12/13/2016 12:00:00 AM,17:45:02,6.69,49.0,30.29,71.0,277.34,6.75,06:48:00,17:45:00
29767,1481686802,12/13/2016 12:00:00 AM,17:40:02,8.78,49.0,30.29,77.0,263.1,7.87,06:48:00,17:45:00
29768,1481686501,12/13/2016 12:00:00 AM,17:35:01,10.82,50.0,30.29,84.0,266.4,7.87,06:48:00,17:45:00
29769,1481686202,12/13/2016 12:00:00 AM,17:30:02,12.78,50.0,30.29,85.0,260.08,9.0,06:48:00,17:45:00
29770,1481685903,12/13/2016 12:00:00 AM,17:25:03,27.68,50.0,30.29,86.0,270.93,6.75,06:48:00,17:45:00
29771,1481685602,12/13/2016 12:00:00 AM,17:20:02,36.59,50.0,30.29,91.0,275.23,9.0,06:48:00,17:45:00
29772,1481685302,12/13/2016 12:00:00 AM,17:15:02,52.28,50.0,30.29,93.0,275.2,5.62,06:48:00,17:45:00
29773,1481685002,12/13/2016 12:00:00 AM,17:10:02,70.99,51.0,30.29,93.0,262.81,9.0,06:48:00,17:45:00
29774,1481684702,12/13/2016 12:00:00 AM,17:05:02,91.34,51.0,30.29,93.0,288.65,10.12,06:48:00,17:45:00
29775,1481684401,12/13/2016 12:00:00 AM,17:00:01,113.23,51.0,30.29,92.0,282.24,11.25,06:48:00,17:45:00
29776,1481684101,12/13/2016 12:00:00 AM,16:55:01,136.84,51.0,30.29,93.0,273.91,7.87,06:48:00,17:45:00
29777,1481683803,12/13/2016 12:00:00 AM,16:50:03,162.26,51.0,30.28,93.0,275.16,7.87,06:48:00,17:45:00
29778,1481683502,12/13/2016 12:00:00 AM,16:45:02,187.48,51.0,30.29,93.0,278.65,10.12,06:48:00,17:45:00
29779,1481683205,12/13/2016 12:00:00 AM,16:40:05,213.46,51.0,30.29,93.0,284.89,10.12,06:48:00,17:45:00
29780,1481682906,12/13/2016 12:00:00 AM,16:35:06,247.31,51.0,30.29,94.0,279.15,9.0,06:48:00,17:45:00
29781,1481682608,12/13/2016 12:00:00 AM,16:30:08,280.47,50.0,30.28,94.0,266.45,9.0,06:48:00,17:45:00
29782,1481682305,12/13/2016 12:00:00 AM,16:25:05,280.19,50.0,30.29,96.0,303.94,9.0,06:48:00,17:45:00
29783,1481682001,12/13/2016 12:00:00 AM,16:20:01,285.41,50.0,30.28,74.83719267708949,292.09,9.0,06:48:00,17:45:00
29784,1481681701,12/13/2016 12:00:00 AM,16:15:01,158.35,50.0,30.28,96.0,289.68,11.25,06:48:00,17:45:00
29785,1481681401,12/13/2016 12:00:00 AM,16:10:01,133.54,50.0,30.28,95.0,143.54770303349548,11.25,06:48:00,17:45:00
29786,1481681102,12/13/2016 12:00:00 AM,16:05:02,222.91,50.0,30.28,95.0,284.38,15.75,06:48:00,17:45:00
29787,1481680802,12/13/2016 12:00:00 AM,16:00:02,216.32,50.0,30.28,95.0,304.16,12.37,06:48:00,17:45:00
29788,1481680501,12/13/2016 12:00:00 AM,15:55:01,190.15,50.0,30.28,96.0,293.19,12.37,06:48:00,17:45:00
29789,1481680204,12/13/2016 12:00:00 AM,15:50:04,297.93,50.0,30.28,95.0,298.76,14.62,06:48:00,17:45:00
29790,1481679902,12/13/2016 12:00:00 AM,15:45:02,303.46,51.0,30.28,95.0,313.71,10.12,06:48:00,17:45:00
29791,1481679602,12/13/2016 12:00:00 AM,15:40:02,208.07,51.0,30.28,95.0,315.03,16.87,06:48:00,17:45:00
29792,1481679302,12/13/2016 12:00:00 AM,15:35:02,213.6,51.0,30.28,94.0,319.08,11.25,06:48:00,17:45:00
29793,1481679004,12/13/2016 12:00:00 AM,15:30:04,470.47,51.0,30.28,94.0,292.07,11.25,06:48:00,17:45:00
29794,1481678702,12/13/2016 12:00:00 AM,15:25:02,319.6,51.0,30.28,94.0,304.88,10.12,06:48:00,17:45:00
29795,1481678402,12/13/2016 12:00:00 AM,15:20:02,744.41,51.0,30.28,93.0,285.8,9.0,06:48:00,17:45:00
29796,1481678102,12/13/2016 12:00:00 AM,15:15:02,288.99,51.0,30.28,94.0,297.53,10.12,06:48:00,17:45:00
29797,1481677802,12/13/2016 12:00:00 AM,15:10:02,447.2,50.0,30.28,96.0,316.2,10.12,06:48:00,17:45:00
29798,1481677502,12/13/2016 12:00:00 AM,15:05:02,307.26,50.0,30.28,96.0,287.34,12.37,06:48:00,17:45:00
29799,1481677202,12/13/2016 12:00:00 AM,15:00:02,231.52,50.0,30.28,96.0,299.21,14.62,06:48:00,17:45:00
29800,1481676903,12/13/2016 12:00:00 AM,14:55:03,284.53,50.0,30.28,95.0,316.95,11.25,06:48:00,17:45:00
29801,1481676601,12/13/2016 12:00:00 AM,14:50:01,266.17,51.0,30.28,96.0,313.34,16.87,06:48:00,17:45:00
29802,1481676309,12/13/2016 12:00:00 AM,14:45:09,216.29,50.0,30.28,74.83719267708949,304.22,12.37,06:48:00,17:45:00
29803,1481676002,12/13/2016 12:00:00 AM,14:40:02,233.65,50.0,30.28,95.0,319.85,18.0,06:48:00,17:45:00
29804,1481675701,12/13/2016 12:00:00 AM,14:35:01,527.93,51.0,30.28,96.0,299.76,10.12,06:48:00,17:45:00
29805,1481675402,12/13/2016 12:00:00 AM,14:30:02,286.22,51.0,30.28,95.0,334.92,13.5,06:48:00,17:45:00
29806,1481675101,12/13/2016 12:00:00 AM,14:25:01,312.64,51.0,30.28,94.0,315.1,15.75,06:48:00,17:45:00
29807,1481674801,12/13/2016 12:00:00 AM,14:20:01,479.45,52.0,30.28,94.0,316.56,14.62,06:48:00,17:45:00
29808,1481674505,12/13/2016 12:00:00 AM,14:15:05,383.61,52.0,30.28,94.0,330.01,15.75,06:48:00,17:45:00
29809,1481674205,12/13/2016 12:00:00 AM,14:10:05,679.35,52.0,30.28,92.0,315.98,13.5,06:48:00,17:45:00
29810,1481673904,12/13/2016 12:00:00 AM,14:05:04,682.72,52.0,30.28,92.0,332.78,12.37,06:48:00,17:45:00
29811,1481673601,12/13/2016 12:00:00 AM,14:00:01,958.67,52.0,30.28,93.0,308.48,13.5,06:48:00,17:45:00
29812,1481673302,12/13/2016 12:00:00 AM,13:55:02,317.02,52.0,30.28,91.0,323.23,14.62,06:48:00,17:45:00
29813,1481673001,12/13/2016 12:00:00 AM,13:50:01,1043.97,52.0,30.28,91.0,303.37,14.62,06:48:00,17:45:00
29814,1481672705,12/13/2016 12:00:00 AM,13:45:05,474.23,52.0,30.28,92.0,322.09,18.0,06:48:00,17:45:00
29815,1481672402,12/13/2016 12:00:00 AM,13:40:02,916.04,52.0,30.28,91.0,297.02,13.5,06:48:00,17:45:00
29816,1481672102,12/13/2016 12:00:00 AM,13:35:02,950.18,51.0,30.28,90.0,321.9,12.37,06:48:00,17:45:00
29817,1481671801,12/13/2016 12:00:00 AM,13:30:01,480.41,52.0,30.28,91.0,287.05,19.12,06:48:00,17:45:00
29818,1481671503,12/13/2016 12:00:00 AM,13:25:03,916.62,52.0,30.29,89.0,312.28,16.87,06:48:00,17:45:00
29819,1481671202,12/13/2016 12:00:00 AM,13:20:02,626.55,52.0,30.28,89.0,321.91,13.5,06:48:00,17:45:00
29820,1481670904,12/13/2016 12:00:00 AM,13:15:04,825.88,53.0,30.29,89.0,299.9,12.37,06:48:00,17:45:00
29821,1481670610,12/13/2016 12:00:00 AM,13:10:10,825.51,52.0,30.29,88.0,320.9,14.62,06:48:00,17:45:00
29822,1481670302,12/13/2016 12:00:00 AM,13:05:02,837.38,53.0,30.29,88.0,301.74,10.12,06:48:00,17:45:00
29823,1481670002,12/13/2016 12:00:00 AM,13:00:02,837.48,53.0,30.29,90.0,304.03,12.37,06:48:00,17:45:00
29824,1481669702,12/13/2016 12:00:00 AM,12:55:02,841.12,53.0,30.29,89.0,314.76,15.75,06:48:00,17:45:00
29825,1481669401,12/13/2016 12:00:00 AM,12:50:01,845.77,53.0,30.29,88.0,317.22,14.62,06:48:00,17:45:00
29826,1481669101,12/13/2016 12:00:00 AM,12:45:01,846.09,53.0,30.29,87.0,312.13,15.75,06:48:00,17:45:00
29827,1481668801,12/13/2016 12:00:00 AM,12:40:01,850.48,53.0,30.3,88.0,314.3,12.37,06:48:00,17:45:00
29828,1481668502,12/13/2016 12:00:00 AM,12:35:02,853.48,52.0,30.29,86.0,294.5,12.37,06:48:00,17:45:00
29829,1481668205,12/13/2016 12:00:00 AM,12:30:05,853.38,52.0,30.3,86.0,303.46,14.62,06:48:00,17:45:00
29830,1481667902,12/13/2016 12:00:00 AM,12:25:02,855.26,52.0,30.3,85.0,302.95,13.5,06:48:00,17:45:00
29831,1481667604,12/13/2016 12:00:00 AM,12:20:04,852.42,52.0,30.3,87.0,329.69,14.62,06:48:00,17:45:00
29832,1481667302,12/13/2016 12:00:00 AM,12:15:02,853.28,52.0,30.3,88.0,287.11,12.37,06:48:00,17:45:00
29833,1481667002,12/13/2016 12:00:00 AM,12:10:02,853.16,52.0,30.3,88.0,294.88,15.75,06:48:00,17:45:00
29834,1481666701,12/13/2016 12:00:00 AM,12:05:01,852.35,52.0,30.3,86.0,294.49,18.0,06:48:00,17:45:00
29835,1481666401,12/13/2016 12:00:00 AM,12:00:01,848.95,52.0,30.31,87.0,328.17,14.62,06:48:00,17:45:00
29836,1481666102,12/13/2016 12:00:00 AM,11:55:02,846.85,52.0,30.3,89.0,282.24,15.75,06:48:00,17:45:00
29837,1481665801,12/13/2016 12:00:00 AM,11:50:01,845.83,51.0,30.3,89.0,287.39,13.5,06:48:00,17:45:00
29838,1481665502,12/13/2016 12:00:00 AM,11:45:02,843.1,51.0,30.31,88.0,296.95,20.25,06:48:00,17:45:00
29839,1481665224,12/13/2016 12:00:00 AM,11:40:24,841.26,51.0,30.31,89.0,293.34,16.87,06:48:00,17:45:00
29840,1481664901,12/13/2016 12:00:00 AM,11:35:01,834.88,51.0,30.31,87.0,288.09,15.75,06:48:00,17:45:00
29841,1481664601,12/13/2016 12:00:00 AM,11:30:01,829.98,51.0,30.31,86.0,320.95,13.5,06:48:00,17:45:00
29842,1481664301,12/13/2016 12:00:00 AM,11:25:01,823.98,51.0,30.31,85.0,285.94,13.5,06:48:00,17:45:00
29843,1481664003,12/13/2016 12:00:00 AM,11:20:03,819.03,51.0,30.32,84.0,283.09,15.75,06:48:00,17:45:00
29844,1481663701,12/13/2016 12:00:00 AM,11:15:01,816.77,51.0,30.423028000868246,87.0,304.4,16.87,06:48:00,17:45:00
29845,1481663401,12/13/2016 12:00:00 AM,11:10:01,809.87,51.0,30.32,86.0,313.1,10.12,06:48:00,17:45:00
29846,1481663114,12/13/2016 12:00:00 AM,11:05:14,801.81,50.0,30.33,85.0,303.82,15.75,06:48:00,17:45:00
29847,1481662802,12/13/2016 12:00:00 AM,11:00:02,795.69,50.0,30.32,87.0,289.02,15.75,06:48:00,17:45:00
29848,1481662522,12/13/2016 12:00:00 AM,10:55:22,787.15,50.0,30.32,86.0,301.56,11.25,06:48:00,17:45:00
29849,1481662201,12/13/2016 12:00:00 AM,10:50:01,779.16,50.0,30.33,87.0,308.44,12.37,06:48:00,17:45:00
29850,1481661918,12/13/2016 12:00:00 AM,10:45:18,772.15,50.0,30.32,84.0,311.22,14.62,06:48:00,17:45:00
29851,1481661602,12/13/2016 12:00:00 AM,10:40:02,763.72,50.0,30.33,85.0,313.59,15.75,06:48:00,17:45:00
29852,1481661302,12/13/2016 12:00:00 AM,10:35:02,754.81,50.0,30.32,84.0,304.67,9.0,06:48:00,17:45:00
29853,1481661002,12/13/2016 12:00:00 AM,10:30:02,744.62,50.0,30.32,81.0,327.04,15.75,06:48:00,17:45:00
29854,1481660701,12/13/2016 12:00:00 AM,10:25:01,733.65,50.0,30.32,80.0,299.17,16.87,06:48:00,17:45:00
29855,1481660402,12/13/2016 12:00:00 AM,10:20:02,723.93,50.0,30.33,79.0,297.39,11.25,06:48:00,17:45:00
29856,1481660102,12/13/2016 12:00:00 AM,10:15:02,711.35,50.0,30.33,81.0,309.75,9.0,06:48:00,17:45:00
29857,1481659801,12/13/2016 12:00:00 AM,10:10:01,698.56,49.0,30.33,81.0,298.59,13.5,06:48:00,17:45:00
29858,1481659504,12/13/2016 12:00:00 AM,10:05:04,685.93,49.0,30.33,82.0,309.57,15.75,06:48:00,17:45:00
29859,1481659207,12/13/2016 12:00:00 AM,10:00:07,671.35,49.0,30.33,84.0,312.54,10.12,06:48:00,17:45:00
29860,1481658902,12/13/2016 12:00:00 AM,09:55:02,658.63,48.0,30.33,82.0,307.88,12.37,06:48:00,17:45:00
29861,1481658605,12/13/2016 12:00:00 AM,09:50:05,644.29,49.0,30.33,84.0,312.7,7.87,06:48:00,17:45:00
29862,1481658302,12/13/2016 12:00:00 AM,09:45:02,630.6,49.0,30.33,82.0,302.12,11.25,06:48:00,17:45:00
29863,1481658002,12/13/2016 12:00:00 AM,09:40:02,616.3,49.0,30.33,82.0,301.9,13.5,06:48:00,17:45:00
29864,1481657701,12/13/2016 12:00:00 AM,09:35:01,601.22,48.0,30.33,85.0,282.65,16.87,06:48:00,17:45:00
29865,1481657413,12/13/2016 12:00:00 AM,09:30:13,586.46,48.0,30.33,84.0,305.5,7.87,06:48:00,17:45:00
29866,1481657102,12/13/2016 12:00:00 AM,09:25:02,570.51,48.0,30.32,83.0,306.64,11.25,06:48:00,17:45:00
29867,1481656803,12/13/2016 12:00:00 AM,09:20:03,555.35,48.0,30.33,80.0,305.7,9.0,06:48:00,17:45:00
29868,1481656501,12/13/2016 12:00:00 AM,09:15:01,538.14,48.0,30.32,81.0,295.28,14.62,06:48:00,17:45:00
29869,1481656202,12/13/2016 12:00:00 AM,09:10:02,520.84,48.0,30.32,82.0,296.7,12.37,06:48:00,17:45:00
29870,1481655905,12/13/2016 12:00:00 AM,09:05:05,508.04,47.0,30.32,74.83719267708949,300.32,9.0,06:48:00,17:45:00
29871,1481655605,12/13/2016 12:00:00 AM,09:00:05,490.91,47.0,30.32,79.0,297.29,9.0,06:48:00,17:45:00
29872,1481655302,12/13/2016 12:00:00 AM,08:55:02,471.12,47.0,30.32,78.0,322.96,15.75,06:48:00,17:45:00
29873,1481655002,12/13/2016 12:00:00 AM,08:50:02,452.24,46.0,30.32,78.0,294.34,10.12,06:48:00,17:45:00
29874,1481654703,12/13/2016 12:00:00 AM,08:45:03,436.24,46.0,30.32,78.0,284.49,6.229096658193317,06:48:00,17:45:00
29875,1481654404,12/13/2016 12:00:00 AM,08:40:04,418.62,46.0,30.32,78.0,275.08,7.87,06:48:00,17:45:00
29876,1481654103,12/13/2016 12:00:00 AM,08:35:03,399.24,45.0,30.32,78.0,292.46,7.87,06:48:00,17:45:00
29877,1481653802,12/13/2016 12:00:00 AM,08:30:02,379.47,45.0,30.32,79.0,291.32,9.0,06:48:00,17:45:00
29878,1481653505,12/13/2016 12:00:00 AM,08:25:05,361.72,45.0,30.32,79.0,286.29,10.12,06:48:00,17:45:00
29879,1481653201,12/13/2016 12:00:00 AM,08:20:01,339.31,44.0,30.32,79.0,284.76,7.87,06:48:00,17:45:00
29880,1481652901,12/13/2016 12:00:00 AM,08:15:01,317.43,44.0,30.31,77.0,277.54,10.12,06:48:00,17:45:00
29881,1481652602,12/13/2016 12:00:00 AM,08:10:02,291.79,45.0,30.31,74.0,277.11,10.12,06:48:00,17:45:00
29882,1481652302,12/13/2016 12:00:00 AM,08:05:02,266.33,45.0,30.31,72.0,277.35,13.5,06:48:00,17:45:00
29883,1481652002,12/13/2016 12:00:00 AM,08:00:02,239.34,44.0,30.31,73.0,254.91,7.87,06:48:00,17:45:00
29884,1481651701,12/13/2016 12:00:00 AM,07:55:01,25.47,43.0,30.31,74.0,268.68,10.12,06:48:00,17:45:00
29885,1481651402,12/13/2016 12:00:00 AM,07:50:02,21.96,43.0,30.31,75.0,234.72,10.12,06:48:00,17:45:00
29886,1481651102,12/13/2016 12:00:00 AM,07:45:02,21.4,43.0,30.31,74.0,250.11,11.25,06:48:00,17:45:00
29887,1481650802,12/13/2016 12:00:00 AM,07:40:02,20.71,43.0,30.3,76.0,242.57,14.62,06:48:00,17:45:00
29888,1481650504,12/13/2016 12:00:00 AM,07:35:04,20.0,42.0,30.31,77.0,256.21,10.12,06:48:00,17:45:00
29889,1481650201,12/13/2016 12:00:00 AM,07:30:01,19.15,42.0,30.3,76.0,269.48,10.12,06:48:00,17:45:00
29890,1481649918,12/13/2016 12:00:00 AM,07:25:18,18.31,42.0,30.3,75.0,265.31,10.12,06:48:00,17:45:00
29891,1481649602,12/13/2016 12:00:00 AM,07:20:02,17.21,42.0,30.3,77.0,259.21,12.37,06:48:00,17:45:00
29892,1481649301,12/13/2016 12:00:00 AM,07:15:01,15.97,42.0,30.3,77.0,262.63,12.37,06:48:00,17:45:00
29893,1481649001,12/13/2016 12:00:00 AM,07:10:01,14.62,41.0,30.3,77.0,255.3,11.25,06:48:00,17:45:00
29894,1481648702,12/13/2016 12:00:00 AM,07:05:02,13.06,41.0,30.3,79.0,251.49,12.37,06:48:00,17:45:00
29895,1481648409,12/13/2016 12:00:00 AM,07:00:09,11.26,40.0,30.3,82.0,270.0,5.62,06:48:00,17:45:00
29896,1481648102,12/13/2016 12:00:00 AM,06:55:02,9.23,40.0,30.3,82.0,287.75,6.75,06:48:00,17:45:00
29897,1481647801,12/13/2016 12:00:00 AM,06:50:01,7.21,40.0,30.3,82.0,275.14,4.5,06:48:00,17:45:00
29898,1481647504,12/13/2016 12:00:00 AM,06:45:04,4.89,41.0,30.3,80.0,278.59,4.5,06:48:00,17:45:00
29899,1481647207,12/13/2016 12:00:00 AM,06:40:07,3.1,41.0,30.3,80.0,264.45,5.62,06:48:00,17:45:00
29900,1481646902,12/13/2016 12:00:00 AM,06:35:02,1.8,41.0,30.29,80.0,282.28,9.0,06:48:00,17:45:00
29901,1481646602,12/13/2016 12:00:00 AM,06:30:02,1.3,40.0,30.29,83.0,265.39,6.75,06:48:00,17:45:00
29902,1481646302,12/13/2016 12:00:00 AM,06:25:02,1.28,40.0,30.29,85.0,248.87,7.87,06:48:00,17:45:00
29903,1481646002,12/13/2016 12:00:00 AM,06:20:02,1.31,40.0,30.29,85.0,266.48,7.87,06:48:00,17:45:00
29904,1481645701,12/13/2016 12:00:00 AM,06:15:01,1.31,40.0,30.29,85.0,255.8,6.75,06:48:00,17:45:00
29905,1481645401,12/13/2016 12:00:00 AM,06:10:01,1.29,41.0,30.29,84.0,275.1,6.75,06:48:00,17:45:00
29906,1481645102,12/13/2016 12:00:00 AM,06:05:02,1.32,41.0,30.29,83.0,262.85,7.87,06:48:00,17:45:00
29907,1481644802,12/13/2016 12:00:00 AM,06:00:02,1.32,41.0,30.29,84.0,275.77,9.0,06:48:00,17:45:00
29908,1481644501,12/13/2016 12:00:00 AM,05:55:01,1.27,41.0,30.29,85.0,290.43,9.0,06:48:00,17:45:00
29909,1481644202,12/13/2016 12:00:00 AM,05:50:02,1.28,43.0,30.29,77.0,301.19,7.87,06:48:00,17:45:00
29910,1481643902,12/13/2016 12:00:00 AM,05:45:02,1.28,44.0,30.28,73.0,285.01,14.62,06:48:00,17:45:00
29911,1481643602,12/13/2016 12:00:00 AM,05:40:02,1.33,43.0,30.28,72.0,274.91,15.75,06:48:00,17:45:00
29912,1481643301,12/13/2016 12:00:00 AM,05:35:01,1.32,43.0,30.28,73.0,275.97,11.25,06:48:00,17:45:00
29913,1481643001,12/13/2016 12:00:00 AM,05:30:01,1.31,43.0,30.28,74.0,273.8,9.0,06:48:00,17:45:00
29914,1481642702,12/13/2016 12:00:00 AM,05:25:02,1.31,43.0,30.28,74.0,277.12,13.5,06:48:00,17:45:00
29915,1481642402,12/13/2016 12:00:00 AM,05:20:02,1.3,43.0,30.28,74.0,268.89,9.0,06:48:00,17:45:00
29916,1481642101,12/13/2016 12:00:00 AM,05:15:01,1.31,42.0,30.28,75.0,274.92,7.87,06:48:00,17:45:00
29917,1481641804,12/13/2016 12:00:00 AM,05:10:04,1.3,43.0,30.28,75.0,273.69,7.87,06:48:00,17:45:00
29918,1481641502,12/13/2016 12:00:00 AM,05:05:02,1.31,43.0,30.27,74.0,273.22,11.25,06:48:00,17:45:00
29919,1481641202,12/13/2016 12:00:00 AM,05:00:02,1.3,43.0,30.27,74.0,273.88,9.0,06:48:00,17:45:00
29920,1481640902,12/13/2016 12:00:00 AM,04:55:02,1.33,43.0,30.28,73.0,287.82,9.0,06:48:00,17:45:00
29921,1481640605,12/13/2016 12:00:00 AM,04:50:05,1.32,42.0,30.28,77.0,276.53,10.12,06:48:00,17:45:00
29922,1481640304,12/13/2016 12:00:00 AM,04:45:04,1.27,42.0,30.28,77.0,265.85,10.12,06:48:00,17:45:00
29923,1481640002,12/13/2016 12:00:00 AM,04:40:02,1.32,42.0,30.28,77.0,269.01,9.0,06:48:00,17:45:00
29924,1481639702,12/13/2016 12:00:00 AM,04:35:02,1.29,43.0,30.28,75.0,256.27,9.0,06:48:00,17:45:00
29925,1481639402,12/13/2016 12:00:00 AM,04:30:02,1.3,44.0,30.28,73.0,265.96,10.12,06:48:00,17:45:00
29926,1481639109,12/13/2016 12:00:00 AM,04:25:09,1.3,44.0,30.28,72.0,265.19,10.12,06:48:00,17:45:00
29927,1481638803,12/13/2016 12:00:00 AM,04:20:03,1.29,43.0,30.28,73.0,245.25,12.37,06:48:00,17:45:00
29928,1481638505,12/13/2016 12:00:00 AM,04:15:05,1.3,43.0,30.28,74.0,249.13,9.0,06:48:00,17:45:00
29929,1481638204,12/13/2016 12:00:00 AM,04:10:04,1.31,43.0,30.28,75.0,234.14,9.0,06:48:00,17:45:00
29930,1481637901,12/13/2016 12:00:00 AM,04:05:01,1.29,43.0,30.28,74.0,242.89,14.62,06:48:00,17:45:00
29931,1481637601,12/13/2016 12:00:00 AM,04:00:01,1.29,43.0,30.28,74.0,252.1,12.37,06:48:00,17:45:00
29932,1481637302,12/13/2016 12:00:00 AM,03:55:02,1.3,44.0,30.28,74.0,253.86,11.25,06:48:00,17:45:00
29933,1481637001,12/13/2016 12:00:00 AM,03:50:01,1.32,44.0,30.28,71.0,267.16,10.12,06:48:00,17:45:00
29934,1481636701,12/13/2016 12:00:00 AM,03:45:01,1.32,44.0,30.28,70.0,265.11,13.5,06:48:00,17:45:00
29935,1481636404,12/13/2016 12:00:00 AM,03:40:04,1.31,44.0,30.28,71.0,262.55,13.5,06:48:00,17:45:00
29936,1481636102,12/13/2016 12:00:00 AM,03:35:02,1.3,44.0,30.28,71.0,261.24,11.25,06:48:00,17:45:00
29937,1481635805,12/13/2016 12:00:00 AM,03:30:05,1.31,44.0,30.28,73.0,255.19,12.37,06:48:00,17:45:00
29938,1481635510,12/13/2016 12:00:00 AM,03:25:10,1.32,43.0,30.28,74.0,257.59,12.37,06:48:00,17:45:00
29939,1481635201,12/13/2016 12:00:00 AM,03:20:01,1.3,43.0,30.28,74.0,260.55,11.25,06:48:00,17:45:00
29940,1481634902,12/13/2016 12:00:00 AM,03:15:02,1.31,43.0,30.28,73.0,258.62,9.0,06:48:00,17:45:00
29941,1481634604,12/13/2016 12:00:00 AM,03:10:04,1.3,43.0,30.29,74.0,243.44,7.87,06:48:00,17:45:00
29942,1481634301,12/13/2016 12:00:00 AM,03:05:01,1.34,44.0,30.29,73.0,258.61,7.87,06:48:00,17:45:00
29943,1481634002,12/13/2016 12:00:00 AM,03:00:02,1.3,44.0,30.29,71.0,248.35,7.87,06:48:00,17:45:00
29944,1481633702,12/13/2016 12:00:00 AM,02:55:02,1.32,44.0,30.29,69.0,253.04,10.12,06:48:00,17:45:00
29945,1481633402,12/13/2016 12:00:00 AM,02:50:02,1.33,44.0,30.29,70.0,249.89,7.87,06:48:00,17:45:00
29946,1481633101,12/13/2016 12:00:00 AM,02:45:01,1.29,43.0,30.29,71.0,235.64,11.25,06:48:00,17:45:00
29947,1481632802,12/13/2016 12:00:00 AM,02:40:02,1.31,43.0,30.29,75.0,251.15,9.0,06:48:00,17:45:00
29948,1481632502,12/13/2016 12:00:00 AM,02:35:02,1.34,43.0,30.29,77.0,250.26,10.12,06:48:00,17:45:00
29949,1481632201,12/13/2016 12:00:00 AM,02:30:01,1.33,43.0,30.3,77.0,254.44,10.12,06:48:00,17:45:00
29950,1481631902,12/13/2016 12:00:00 AM,02:25:02,1.31,42.0,30.3,79.0,268.06,6.75,06:48:00,17:45:00
29951,1481631602,12/13/2016 12:00:00 AM,02:20:02,1.3,42.0,30.3,83.0,251.25,7.87,06:48:00,17:45:00
29952,1481631301,12/13/2016 12:00:00 AM,02:15:01,1.29,42.0,30.3,89.0,244.55,11.25,06:48:00,17:45:00
29953,1481631003,12/13/2016 12:00:00 AM,02:10:03,1.28,43.0,30.3,91.0,247.65,11.25,06:48:00,17:45:00
29954,1481630702,12/13/2016 12:00:00 AM,02:05:02,1.29,43.0,30.31,91.0,255.49,10.12,06:48:00,17:45:00
29955,1481630402,12/13/2016 12:00:00 AM,02:00:02,1.33,43.0,30.31,93.0,249.14,11.25,06:48:00,17:45:00
29956,1481630101,12/13/2016 12:00:00 AM,01:55:01,1.35,43.0,30.31,95.0,273.87,6.75,06:48:00,17:45:00
29957,1481629804,12/13/2016 12:00:00 AM,01:50:04,1.29,43.0,30.31,96.0,261.18,9.0,06:48:00,17:45:00
29958,1481629502,12/13/2016 12:00:00 AM,01:45:02,1.33,43.0,30.31,97.0,279.24,9.0,06:48:00,17:45:00
29959,1481629202,12/13/2016 12:00:00 AM,01:40:02,1.29,43.0,30.31,98.0,264.74,6.75,06:48:00,17:45:00
29960,1481628908,12/13/2016 12:00:00 AM,01:35:08,1.31,43.0,30.31,99.0,264.66,9.0,06:48:00,17:45:00
29961,1481628602,12/13/2016 12:00:00 AM,01:30:02,1.34,43.0,30.32,99.0,143.54770303349548,7.87,06:48:00,17:45:00
29962,1481628302,12/13/2016 12:00:00 AM,01:25:02,1.3,43.0,30.32,99.0,274.25,7.87,06:48:00,17:45:00
29963,1481628004,12/13/2016 12:00:00 AM,01:20:04,1.34,43.0,30.32,99.0,265.61,10.12,06:48:00,17:45:00
29964,1481627702,12/13/2016 12:00:00 AM,01:15:02,1.29,43.0,30.32,99.0,258.43,7.87,06:48:00,17:45:00
29965,1481627402,12/13/2016 12:00:00 AM,01:10:02,1.29,43.0,30.32,99.0,259.92,5.62,06:48:00,17:45:00
29966,1481627105,12/13/2016 12:00:00 AM,01:05:05,1.3,43.0,30.32,99.0,252.59,7.87,06:48:00,17:45:00
29967,1481626802,12/13/2016 12:00:00 AM,01:00:02,1.31,43.0,30.32,99.0,255.65,9.0,06:48:00,17:45:00
29968,1481626501,12/13/2016 12:00:00 AM,00:55:01,1.31,43.0,30.32,99.0,278.31,6.75,06:48:00,17:45:00
29969,1481626202,12/13/2016 12:00:00 AM,00:50:02,1.29,43.0,30.32,99.0,274.44,4.5,06:48:00,17:45:00
29970,1481625909,12/13/2016 12:00:00 AM,00:45:09,1.3,43.0,30.32,99.0,261.34,6.75,06:48:00,17:45:00
29971,1481625604,12/13/2016 12:00:00 AM,00:40:04,1.31,43.0,30.32,99.0,271.34,6.75,06:48:00,17:45:00
29972,1481625302,12/13/2016 12:00:00 AM,00:35:02,1.3,43.0,30.32,99.0,268.66,9.0,06:48:00,17:45:00
29973,1481625013,12/13/2016 12:00:00 AM,00:30:13,1.32,43.0,30.32,99.0,274.22,6.75,06:48:00,17:45:00
29974,1481624708,12/13/2016 12:00:00 AM,00:25:08,1.29,43.0,30.32,99.0,268.39,6.75,06:48:00,17:45:00
29975,1481624405,12/13/2016 12:00:00 AM,00:20:05,1.32,43.0,30.32,99.0,262.56,6.75,06:48:00,17:45:00
29976,1481624105,12/13/2016 12:00:00 AM,00:15:05,1.33,43.0,30.32,99.0,261.91,6.75,06:48:00,17:45:00
29977,1481623806,12/13/2016 12:00:00 AM,00:10:06,1.31,44.0,30.32,99.0,263.89,5.62,06:48:00,17:45:00
29978,1481623502,12/13/2016 12:00:00 AM,00:05:02,1.31,43.0,30.32,74.83719267708949,245.51,7.87,06:48:00,17:45:00
29979,1481623202,12/13/2016 12:00:00 AM,00:00:02,1.32,43.0,30.33,99.0,271.34,6.75,06:48:00,17:45:00
29980,1481622907,12/12/2016 12:00:00 AM,23:55:07,1.3,43.0,30.33,98.0,240.88,3.37,06:48:00,17:45:00
29981,1481622602,12/12/2016 12:00:00 AM,23:50:02,1.3,43.0,30.33,98.0,232.99,4.5,06:48:00,17:45:00
29982,1481622305,12/12/2016 12:00:00 AM,23:45:05,1.33,43.0,30.33,97.0,230.53,3.37,06:48:00,17:45:00
29983,1481622004,12/12/2016 12:00:00 AM,23:40:04,1.29,43.0,30.33,97.0,223.73,7.87,06:48:00,17:45:00
29984,1481621702,12/12/2016 12:00:00 AM,23:35:02,1.33,44.0,30.33,97.0,212.97,7.87,06:48:00,17:45:00
29985,1481621403,12/12/2016 12:00:00 AM,23:30:03,1.3,44.0,30.33,97.0,221.52,5.62,06:48:00,17:45:00
29986,1481621102,12/12/2016 12:00:00 AM,23:25:02,1.31,44.0,30.33,97.0,212.6,5.62,06:48:00,17:45:00
29987,1481620802,12/12/2016 12:00:00 AM,23:20:02,1.29,44.0,30.33,97.0,212.3,4.5,06:48:00,17:45:00
29988,1481620504,12/12/2016 12:00:00 AM,23:15:04,1.3,51.16507236474315,30.33,97.0,210.85,7.87,06:48:00,17:45:00
29989,1481620202,12/12/2016 12:00:00 AM,23:10:02,1.3,44.0,30.33,98.0,208.33,6.75,06:48:00,17:45:00
29990,1481619902,12/12/2016 12:00:00 AM,23:05:02,1.28,44.0,30.34,98.0,215.99,5.62,06:48:00,17:45:00
29991,1481619602,12/12/2016 12:00:00 AM,23:00:02,1.32,45.0,30.34,99.0,222.74,6.75,06:48:00,17:45:00
29992,1481619301,12/12/2016 12:00:00 AM,22:55:01,1.31,45.0,30.34,99.0,231.52,6.75,06:48:00,17:45:00
29993,1481619001,12/12/2016 12:00:00 AM,22:50:01,1.31,45.0,30.34,99.0,222.9,7.87,06:48:00,17:45:00
29994,1481618702,12/12/2016 12:00:00 AM,22:45:02,1.31,45.0,30.35,99.0,231.68,6.75,06:48:00,17:45:00
29995,1481618402,12/12/2016 12:00:00 AM,22:40:02,1.32,45.0,30.35,99.0,266.32,6.75,06:48:00,17:45:00
29996,1481618101,12/12/2016 12:00:00 AM,22:35:01,1.3,45.0,30.35,99.0,257.87,11.25,06:48:00,17:45:00
29997,1481617802,12/12/2016 12:00:00 AM,22:30:02,1.29,45.0,30.35,100.0,248.72,9.0,06:48:00,17:45:00
29998,1481617502,12/12/2016 12:00:00 AM,22:25:02,1.28,44.0,30.35,100.0,254.36,6.75,06:48:00,17:45:00
29999,1481617201,12/12/2016 12:00:00 AM,22:20:01,1.3,45.0,30.35,101.0,253.59,4.5,06:48:00,17:45:00
30000,1481616907,12/12/2016 12:00:00 AM,22:15:07,1.33,45.0,30.35,101.0,252.37,4.5,06:48:00,17:45:00
30001,1481616602,12/12/2016 12:00:00 AM,22:10:02,1.25,51.16507236474315,30.35,101.0,230.14,4.5,06:48:00,17:45:00
30002,1481616305,12/12/2016 12:00:00 AM,22:05:05,1.26,45.0,30.35,101.0,240.74,4.5,06:48:00,17:45:00
30003,1481616001,12/12/2016 12:00:00 AM,22:00:01,1.29,45.0,30.35,101.0,241.7,2.25,06:48:00,17:45:00
30004,1481615701,12/12/2016 12:00:00 AM,21:55:01,1.28,45.0,30.35,101.0,237.5,5.62,06:48:00,17:45:00
30005,1481615403,12/12/2016 12:00:00 AM,21:50:03,1.3,45.0,30.34,102.0,234.33,7.87,06:48:00,17:45:00
30006,1481615102,12/12/2016 12:00:00 AM,21:45:02,1.31,45.0,30.34,102.0,252.03,9.0,06:48:00,17:45:00
30007,1481614805,12/12/2016 12:00:00 AM,21:40:05,1.31,46.0,30.34,102.0,250.18,9.0,06:48:00,17:45:00
30008,1481614502,12/12/2016 12:00:00 AM,21:35:02,1.31,46.0,30.34,102.0,247.83,10.12,06:48:00,17:45:00
30009,1481614201,12/12/2016 12:00:00 AM,21:30:01,1.32,46.0,30.34,102.0,241.4,6.75,06:48:00,17:45:00
30010,1481613901,12/12/2016 12:00:00 AM,21:25:01,1.33,46.0,30.34,102.0,236.51,9.0,06:48:00,17:45:00
30011,1481613601,12/12/2016 12:00:00 AM,21:20:01,1.32,46.0,30.34,102.0,246.49,11.25,06:48:00,17:45:00
30012,1481613305,12/12/2016 12:00:00 AM,21:15:05,1.34,46.0,30.35,102.0,253.35,9.0,06:48:00,17:45:00
30013,1481613002,12/12/2016 12:00:00 AM,21:10:02,1.28,46.0,30.35,102.0,244.39,9.0,06:48:00,17:45:00
30014,1481612704,12/12/2016 12:00:00 AM,21:05:04,1.32,46.0,30.35,102.0,263.8,7.87,06:48:00,17:45:00
30015,1481612401,12/12/2016 12:00:00 AM,21:00:01,1.33,46.0,30.34,102.0,265.58,11.25,06:48:00,17:45:00
30016,1481612102,12/12/2016 12:00:00 AM,20:55:02,1.34,46.0,30.35,102.0,253.43,7.87,06:48:00,17:45:00
30017,1481611806,12/12/2016 12:00:00 AM,20:50:06,1.31,51.16507236474315,30.35,102.0,259.73,7.87,06:48:00,17:45:00
30018,1481611502,12/12/2016 12:00:00 AM,20:45:02,1.31,46.0,30.35,102.0,269.83,7.87,06:48:00,17:45:00
30019,1481611202,12/12/2016 12:00:00 AM,20:40:02,1.31,46.0,30.35,102.0,260.72,5.62,06:48:00,17:45:00
30020,1481610902,12/12/2016 12:00:00 AM,20:35:02,1.34,47.0,30.35,102.0,263.3,4.5,06:48:00,17:45:00
30021,1481610601,12/12/2016 12:00:00 AM,20:30:01,1.29,47.0,30.34,102.0,247.79,6.75,06:48:00,17:45:00
30022,1481610303,12/12/2016 12:00:00 AM,20:25:03,1.31,47.0,30.34,102.0,265.45,4.5,06:48:00,17:45:00
30023,1481610004,12/12/2016 12:00:00 AM,20:20:04,1.34,47.0,30.34,102.0,267.42,7.87,06:48:00,17:45:00
30024,1481609701,12/12/2016 12:00:00 AM,20:15:01,1.31,48.0,30.34,102.0,258.33,9.0,06:48:00,17:45:00
30025,1481609402,12/12/2016 12:00:00 AM,20:10:02,1.33,48.0,30.34,102.0,274.56,7.87,06:48:00,17:45:00
30026,1481609101,12/12/2016 12:00:00 AM,20:05:01,1.31,48.0,30.34,102.0,263.97,6.75,06:48:00,17:45:00
30027,1481608805,12/12/2016 12:00:00 AM,20:00:05,1.34,48.0,30.34,102.0,259.16,7.87,06:48:00,17:45:00
30028,1481608506,12/12/2016 12:00:00 AM,19:55:06,1.31,48.0,30.34,102.0,247.19,9.0,06:48:00,17:45:00
30029,1481608207,12/12/2016 12:00:00 AM,19:50:07,1.34,48.0,30.34,102.0,268.03,12.37,06:48:00,17:45:00
30030,1481607901,12/12/2016 12:00:00 AM,19:45:01,1.33,48.0,30.34,102.0,263.13,11.25,06:48:00,17:45:00
30031,1481607602,12/12/2016 12:00:00 AM,19:40:02,1.32,48.0,30.34,102.0,297.2,6.75,06:48:00,17:45:00
30032,1481607302,12/12/2016 12:00:00 AM,19:35:02,1.29,48.0,30.34,102.0,258.91,6.75,06:48:00,17:45:00
30033,1481607007,12/12/2016 12:00:00 AM,19:30:07,1.3,48.0,30.34,102.0,268.38,9.0,06:48:00,17:45:00
30034,1481606705,12/12/2016 12:00:00 AM,19:25:05,1.33,48.0,30.34,102.0,285.53,9.0,06:48:00,17:45:00
30035,1481606402,12/12/2016 12:00:00 AM,19:20:02,1.32,48.0,30.34,102.0,296.76,9.0,06:48:00,17:45:00
30036,1481606101,12/12/2016 12:00:00 AM,19:15:01,1.3,48.0,30.34,102.0,308.67,10.12,06:48:00,17:45:00
30037,1481605801,12/12/2016 12:00:00 AM,19:10:01,1.33,48.0,30.34,102.0,264.93,12.37,06:48:00,17:45:00
30038,1481605502,12/12/2016 12:00:00 AM,19:05:02,1.32,48.0,30.33,102.0,277.03,9.0,06:48:00,17:45:00
30039,1481605202,12/12/2016 12:00:00 AM,19:00:02,1.33,48.0,30.33,102.0,301.0,10.12,06:48:00,17:45:00
30040,1481604901,12/12/2016 12:00:00 AM,18:55:01,1.34,48.0,30.34,102.0,284.31,10.12,06:48:00,17:45:00
30041,1481604601,12/12/2016 12:00:00 AM,18:50:01,1.34,48.0,30.33,102.0,316.4,10.12,06:48:00,17:45:00
30042,1481604303,12/12/2016 12:00:00 AM,18:45:03,1.32,48.0,30.33,102.0,280.75,9.0,06:48:00,17:45:00
30043,1481604001,12/12/2016 12:00:00 AM,18:40:01,1.31,48.0,30.33,102.0,265.61,10.12,06:48:00,17:45:00
30044,1481603705,12/12/2016 12:00:00 AM,18:35:05,1.29,48.0,30.33,102.0,268.86,6.75,06:48:00,17:45:00
30045,1481603403,12/12/2016 12:00:00 AM,18:30:03,1.3,48.0,30.33,102.0,260.26,9.0,06:48:00,17:45:00
30046,1481603105,12/12/2016 12:00:00 AM,18:25:05,1.32,48.0,30.32,101.0,276.1,13.5,06:48:00,17:45:00
30047,1481602805,12/12/2016 12:00:00 AM,18:20:05,1.35,48.0,30.32,101.0,283.04,15.75,06:48:00,17:45:00
30048,1481602501,12/12/2016 12:00:00 AM,18:15:01,1.32,49.0,30.31,101.0,294.94,13.5,06:48:00,17:45:00
30049,1481602207,12/12/2016 12:00:00 AM,18:10:07,1.31,49.0,30.31,101.0,294.13,20.25,06:48:00,17:45:00
30050,1481601902,12/12/2016 12:00:00 AM,18:05:02,1.34,49.0,30.32,101.0,283.62,13.5,06:48:00,17:45:00
30051,1481601602,12/12/2016 12:00:00 AM,18:00:02,1.58,49.0,30.32,101.0,296.36,20.25,06:48:00,17:45:00
30052,1481601307,12/12/2016 12:00:00 AM,17:55:07,2.57,49.0,30.32,101.0,287.08,11.25,06:48:00,17:45:00
30053,1481601001,12/12/2016 12:00:00 AM,17:50:01,4.18,49.0,30.32,74.83719267708949,263.55,12.37,06:48:00,17:45:00
30054,1481600708,12/12/2016 12:00:00 AM,17:45:08,5.6,49.0,30.32,101.0,283.18,12.37,06:48:00,17:45:00
30055,1481600402,12/12/2016 12:00:00 AM,17:40:02,8.1,49.0,30.32,101.0,284.02,13.5,06:48:00,17:45:00
30056,1481600103,12/12/2016 12:00:00 AM,17:35:03,10.33,49.0,30.32,101.0,281.88,16.87,06:48:00,17:45:00
30057,1481599802,12/12/2016 12:00:00 AM,17:30:02,15.4,49.0,30.32,101.0,291.83,12.37,06:48:00,17:45:00
30058,1481599501,12/12/2016 12:00:00 AM,17:25:01,22.27,49.0,30.31,102.0,290.79,15.75,06:48:00,17:45:00
30059,1481599204,12/12/2016 12:00:00 AM,17:20:04,25.26,49.0,30.31,102.0,294.82,13.5,06:48:00,17:45:00
30060,1481598903,12/12/2016 12:00:00 AM,17:15:03,37.64,49.0,30.31,102.0,298.36,15.75,06:48:00,17:45:00
30061,1481598602,12/12/2016 12:00:00 AM,17:10:02,52.19,49.0,30.31,102.0,278.35,6.229096658193317,06:48:00,17:45:00
30062,1481598301,12/12/2016 12:00:00 AM,17:05:01,63.37,50.0,30.31,102.0,289.55,20.25,06:48:00,17:45:00
30063,1481598003,12/12/2016 12:00:00 AM,17:00:03,121.9,50.0,30.31,102.0,295.9,14.62,06:48:00,17:45:00
30064,1481597702,12/12/2016 12:00:00 AM,16:55:02,204.31,50.0,30.31,102.0,298.33,12.37,06:48:00,17:45:00
30065,1481597401,12/12/2016 12:00:00 AM,16:50:01,112.23,50.0,30.31,102.0,303.04,18.0,06:48:00,17:45:00
30066,1481597102,12/12/2016 12:00:00 AM,16:45:02,65.81,51.0,30.31,102.0,293.98,14.62,06:48:00,17:45:00
30067,1481596805,12/12/2016 12:00:00 AM,16:40:05,147.7,51.0,30.31,102.0,293.38,21.37,06:48:00,17:45:00
30068,1481596501,12/12/2016 12:00:00 AM,16:35:01,96.34,50.0,30.3,102.0,283.04,12.37,06:48:00,17:45:00
30069,1481596202,12/12/2016 12:00:00 AM,16:30:02,61.83,50.0,30.3,102.0,290.18,18.0,06:48:00,17:45:00
30070,1481595902,12/12/2016 12:00:00 AM,16:25:02,81.53,50.0,30.31,102.0,308.62,6.229096658193317,06:48:00,17:45:00
30071,1481595601,12/12/2016 12:00:00 AM,16:20:01,50.9,51.0,30.31,102.0,324.34,11.25,06:48:00,17:45:00
30072,1481595302,12/12/2016 12:00:00 AM,16:15:02,79.5,51.0,30.31,102.0,315.6,15.75,06:48:00,17:45:00
30073,1481595001,12/12/2016 12:00:00 AM,16:10:01,180.38,51.0,30.31,102.0,322.89,12.37,06:48:00,17:45:00
30074,1481594701,12/12/2016 12:00:00 AM,16:05:01,174.5,51.0,30.31,102.0,316.78,11.25,06:48:00,17:45:00
30075,1481594402,12/12/2016 12:00:00 AM,16:00:02,146.94,51.0,30.31,102.0,318.07,7.87,06:48:00,17:45:00
30076,1481594108,12/12/2016 12:00:00 AM,15:55:08,166.02,51.0,30.31,102.0,309.32,10.12,06:48:00,17:45:00
30077,1481593801,12/12/2016 12:00:00 AM,15:50:01,107.99,50.0,30.31,102.0,306.51,11.25,06:48:00,17:45:00
30078,1481593502,12/12/2016 12:00:00 AM,15:45:02,96.52,51.0,30.31,102.0,307.94,9.0,06:48:00,17:45:00
30079,1481593201,12/12/2016 12:00:00 AM,15:40:01,100.89,51.0,30.31,102.0,307.95,6.75,06:48:00,17:45:00
30080,1481592905,12/12/2016 12:00:00 AM,15:35:05,133.81,51.0,30.31,102.0,294.77,7.87,06:48:00,17:45:00
30081,1481592603,12/12/2016 12:00:00 AM,15:30:03,113.82,51.0,30.31,102.0,308.28,9.0,06:48:00,17:45:00
30082,1481592305,12/12/2016 12:00:00 AM,15:25:05,214.56,51.0,30.31,102.0,294.49,12.37,06:48:00,17:45:00
30083,1481592001,12/12/2016 12:00:00 AM,15:20:01,149.38,51.0,30.31,102.0,287.17,9.0,06:48:00,17:45:00
30084,1481591702,12/12/2016 12:00:00 AM,15:15:02,152.78,51.0,30.31,102.0,328.93,11.25,06:48:00,17:45:00
30085,1481591401,12/12/2016 12:00:00 AM,15:10:01,239.6,51.0,30.31,102.0,288.59,7.87,06:48:00,17:45:00
30086,1481591101,12/12/2016 12:00:00 AM,15:05:01,171.59,51.0,30.31,102.0,292.89,11.25,06:48:00,17:45:00
30087,1481590802,12/12/2016 12:00:00 AM,15:00:02,66.15,51.0,30.31,102.0,290.49,10.12,06:48:00,17:45:00
30088,1481590502,12/12/2016 12:00:00 AM,14:55:02,16.9,51.0,30.31,102.0,279.37,10.12,06:48:00,17:45:00
30089,1481590201,12/12/2016 12:00:00 AM,14:50:01,13.9,50.0,30.31,102.0,265.42,11.25,06:48:00,17:45:00
30090,1481589901,12/12/2016 12:00:00 AM,14:45:01,11.35,51.0,30.31,102.0,294.61,13.5,06:48:00,17:45:00
30091,1481589608,12/12/2016 12:00:00 AM,14:40:08,10.02,51.0,30.31,102.0,269.12,12.37,06:48:00,17:45:00
30092,1481589302,12/12/2016 12:00:00 AM,14:35:02,12.29,51.0,30.31,102.0,278.57,7.87,06:48:00,17:45:00
30093,1481589001,12/12/2016 12:00:00 AM,14:30:01,9.09,51.0,30.31,102.0,306.01,13.5,06:48:00,17:45:00
30094,1481588702,12/12/2016 12:00:00 AM,14:25:02,14.08,51.0,30.31,102.0,273.31,14.62,06:48:00,17:45:00
30095,1481588420,12/12/2016 12:00:00 AM,14:20:20,34.3,51.0,30.3,102.0,282.46,12.37,06:48:00,17:45:00
30096,1481588107,12/12/2016 12:00:00 AM,14:15:07,67.37,51.0,30.3,102.0,305.53,12.37,06:48:00,17:45:00
30097,1481587801,12/12/2016 12:00:00 AM,14:10:01,92.15,52.0,30.3,102.0,305.77,12.37,06:48:00,17:45:00
30098,1481587502,12/12/2016 12:00:00 AM,14:05:02,82.08,52.0,30.31,102.0,307.87,15.75,06:48:00,17:45:00
30099,1481587202,12/12/2016 12:00:00 AM,14:00:02,100.87,52.0,30.31,102.0,306.86,10.12,06:48:00,17:45:00
30100,1481586902,12/12/2016 12:00:00 AM,13:55:02,113.35,52.0,30.31,102.0,292.22,11.25,06:48:00,17:45:00
30101,1481586602,12/12/2016 12:00:00 AM,13:50:02,182.9,52.0,30.31,102.0,299.08,16.87,06:48:00,17:45:00
30102,1481586304,12/12/2016 12:00:00 AM,13:45:04,117.8,52.0,30.32,102.0,318.46,10.12,06:48:00,17:45:00
30103,1481586008,12/12/2016 12:00:00 AM,13:40:08,136.94,52.0,30.32,102.0,319.53,13.5,06:48:00,17:45:00
30104,1481585701,12/12/2016 12:00:00 AM,13:35:01,191.48,52.0,30.32,102.0,329.06,14.62,06:48:00,17:45:00
30105,1481585403,12/12/2016 12:00:00 AM,13:30:03,283.09,52.0,30.32,101.0,310.46,14.62,06:48:00,17:45:00
30106,1481585102,12/12/2016 12:00:00 AM,13:25:02,261.85,53.0,30.32,102.0,293.36,12.37,06:48:00,17:45:00
30107,1481584805,12/12/2016 12:00:00 AM,13:20:05,188.52,53.0,30.33,102.0,313.8,10.12,06:48:00,17:45:00
30108,1481584501,12/12/2016 12:00:00 AM,13:15:01,146.17,52.0,30.33,102.0,300.45,9.0,06:48:00,17:45:00
30109,1481584201,12/12/2016 12:00:00 AM,13:10:01,193.17,52.0,30.33,102.0,304.48,4.5,06:48:00,17:45:00
30110,1481583911,12/12/2016 12:00:00 AM,13:05:11,530.41,52.0,30.33,101.0,89.97,3.37,06:48:00,17:45:00
30111,1481583608,12/12/2016 12:00:00 AM,13:00:08,179.6,51.0,30.33,101.0,13.85,1.12,06:48:00,17:45:00
30112,1481583302,12/12/2016 12:00:00 AM,12:55:02,118.35,51.0,30.33,101.0,13.84,2.25,06:48:00,17:45:00
30113,1481583004,12/12/2016 12:00:00 AM,12:50:04,134.67,51.0,30.34,101.0,0.34,3.37,06:48:00,17:45:00
30114,1481582701,12/12/2016 12:00:00 AM,12:45:01,135.61,51.0,30.34,101.0,307.44,0.0,06:48:00,17:45:00
30115,1481582402,12/12/2016 12:00:00 AM,12:40:02,204.67,51.0,30.34,101.0,307.44,1.12,06:48:00,17:45:00
30116,1481582102,12/12/2016 12:00:00 AM,12:35:02,181.66,51.0,30.35,101.0,307.44,3.37,06:48:00,17:45:00
30117,1481581802,12/12/2016 12:00:00 AM,12:30:02,161.72,51.0,30.423028000868246,101.0,307.31,2.25,06:48:00,17:45:00
30118,1481581502,12/12/2016 12:00:00 AM,12:25:02,155.57,51.0,30.35,101.0,309.76,3.37,06:48:00,17:45:00
30119,1481581207,12/12/2016 12:00:00 AM,12:20:07,153.92,51.0,30.35,100.0,312.6,4.5,06:48:00,17:45:00
30120,1481580907,12/12/2016 12:00:00 AM,12:15:07,179.78,51.0,30.35,100.0,298.44,4.5,06:48:00,17:45:00
30121,1481580602,12/12/2016 12:00:00 AM,12:10:02,160.91,51.0,30.36,100.0,305.42,6.75,06:48:00,17:45:00
30122,1481580302,12/12/2016 12:00:00 AM,12:05:02,149.36,52.0,30.36,100.0,306.45,5.62,06:48:00,17:45:00
30123,1481580002,12/12/2016 12:00:00 AM,12:00:02,133.78,52.0,30.36,99.0,314.3,5.62,06:48:00,17:45:00
30124,1481579701,12/12/2016 12:00:00 AM,11:55:01,76.22,52.0,30.36,99.0,325.68,6.75,06:48:00,17:45:00
30125,1481579401,12/12/2016 12:00:00 AM,11:50:01,70.73,53.0,30.36,98.0,333.79,3.37,06:48:00,17:45:00
30126,1481579103,12/12/2016 12:00:00 AM,11:45:03,116.21,53.0,30.36,97.0,359.86,2.25,06:48:00,17:45:00
30127,1481578802,12/12/2016 12:00:00 AM,11:40:02,136.51,54.0,30.37,96.0,348.95,6.75,06:48:00,17:45:00
30128,1481578502,12/12/2016 12:00:00 AM,11:35:02,208.27,54.0,30.37,94.0,0.36,6.75,06:48:00,17:45:00
30129,1481578201,12/12/2016 12:00:00 AM,11:30:01,165.42,54.0,30.37,94.0,349.32,5.62,06:48:00,17:45:00
30130,1481577901,12/12/2016 12:00:00 AM,11:25:01,228.24,54.0,30.37,93.0,359.87,4.5,06:48:00,17:45:00
30131,1481577602,12/12/2016 12:00:00 AM,11:20:02,276.5,54.0,30.37,92.0,359.87,5.62,06:48:00,17:45:00
30132,1481577302,12/12/2016 12:00:00 AM,11:15:02,311.14,55.0,30.37,94.0,359.87,6.75,06:48:00,17:45:00
30133,1481577002,12/12/2016 12:00:00 AM,11:10:02,507.45,55.0,30.37,92.0,336.42,4.5,06:48:00,17:45:00
30134,1481576703,12/12/2016 12:00:00 AM,11:05:03,508.8,55.0,30.37,92.0,336.42,6.75,06:48:00,17:45:00
30135,1481576411,12/12/2016 12:00:00 AM,11:00:11,405.33,54.0,30.38,91.0,17.06,4.5,06:48:00,17:45:00
30136,1481576102,12/12/2016 12:00:00 AM,10:55:02,737.24,54.0,30.37,92.0,14.77,2.25,06:48:00,17:45:00
30137,1481575807,12/12/2016 12:00:00 AM,10:50:07,682.76,54.0,30.37,92.0,25.8,2.25,06:48:00,17:45:00
30138,1481575502,12/12/2016 12:00:00 AM,10:45:02,253.89,54.0,30.38,91.0,26.46,1.12,06:48:00,17:45:00
30139,1481575202,12/12/2016 12:00:00 AM,10:40:02,245.57,54.0,30.38,92.0,26.48,2.25,06:48:00,17:45:00
30140,1481574913,12/12/2016 12:00:00 AM,10:35:13,312.2,54.0,30.38,91.0,33.61,2.25,06:48:00,17:45:00
30141,1481574601,12/12/2016 12:00:00 AM,10:30:01,511.61,54.0,30.38,91.0,33.62,2.25,06:48:00,17:45:00
30142,1481574304,12/12/2016 12:00:00 AM,10:25:04,338.03,54.0,30.38,74.83719267708949,52.55,2.25,06:48:00,17:45:00
30143,1481574002,12/12/2016 12:00:00 AM,10:20:02,358.09,54.0,30.38,90.0,52.7,3.37,06:48:00,17:45:00
30144,1481573702,12/12/2016 12:00:00 AM,10:15:02,366.16,54.0,30.38,92.0,85.99,0.0,06:48:00,17:45:00
30145,1481573402,12/12/2016 12:00:00 AM,10:10:02,328.55,54.0,30.39,95.0,92.46,1.12,06:48:00,17:45:00
30146,1481573102,12/12/2016 12:00:00 AM,10:05:02,399.78,53.0,30.39,95.0,74.37,2.25,06:48:00,17:45:00
30147,1481572802,12/12/2016 12:00:00 AM,10:00:02,387.13,52.0,30.39,97.0,102.36,2.25,06:48:00,17:45:00
30148,1481572501,12/12/2016 12:00:00 AM,09:55:01,433.94,52.0,30.4,99.0,104.04,3.37,06:48:00,17:45:00
30149,1481572203,12/12/2016 12:00:00 AM,09:50:03,616.39,51.0,30.39,100.0,153.26,0.0,06:48:00,17:45:00
30150,1481571902,12/12/2016 12:00:00 AM,09:45:02,536.4,50.0,30.39,100.0,153.25,1.12,06:48:00,17:45:00
30151,1481571601,12/12/2016 12:00:00 AM,09:40:01,365.22,50.0,30.39,100.0,153.25,1.12,06:48:00,17:45:00
30152,1481571302,12/12/2016 12:00:00 AM,09:35:02,263.6,50.0,30.4,100.0,153.24,1.12,06:48:00,17:45:00
30153,1481571002,12/12/2016 12:00:00 AM,09:30:02,297.12,50.0,30.4,100.0,153.24,2.25,06:48:00,17:45:00
30154,1481570706,12/12/2016 12:00:00 AM,09:25:06,89.03,49.0,30.4,99.0,153.24,2.25,06:48:00,17:45:00
30155,1481570402,12/12/2016 12:00:00 AM,09:20:02,48.78,49.0,30.39,99.0,153.24,2.25,06:48:00,17:45:00
30156,1481570105,12/12/2016 12:00:00 AM,09:15:05,55.95,49.0,30.39,99.0,153.24,0.0,06:48:00,17:45:00
30157,1481569801,12/12/2016 12:00:00 AM,09:10:01,59.46,49.0,30.39,99.0,153.25,0.0,06:48:00,17:45:00
30158,1481569513,12/12/2016 12:00:00 AM,09:05:13,90.41,49.0,30.39,99.0,153.25,0.0,06:48:00,17:45:00
30159,1481569202,12/12/2016 12:00:00 AM,09:00:02,102.43,49.0,30.39,99.0,153.25,1.12,06:48:00,17:45:00
30160,1481568902,12/12/2016 12:00:00 AM,08:55:02,125.31,49.0,30.39,99.0,153.25,1.12,06:48:00,17:45:00
30161,1481568601,12/12/2016 12:00:00 AM,08:50:01,139.47,49.0,30.39,99.0,153.25,2.25,06:48:00,17:45:00
30162,1481568301,12/12/2016 12:00:00 AM,08:45:01,144.79,49.0,30.39,99.0,153.24,2.25,06:48:00,17:45:00
30163,1481568003,12/12/2016 12:00:00 AM,08:40:03,137.98,49.0,30.38,99.0,153.24,1.12,06:48:00,17:45:00
30164,1481567703,12/12/2016 12:00:00 AM,08:35:03,94.19,49.0,30.38,98.0,153.24,1.12,06:48:00,17:45:00
30165,1481567402,12/12/2016 12:00:00 AM,08:30:02,130.31,49.0,30.38,97.0,153.23,3.37,06:48:00,17:45:00
30166,1481567103,12/12/2016 12:00:00 AM,08:25:03,106.33,49.0,30.38,96.0,153.23,2.25,06:48:00,17:45:00
30167,1481566802,12/12/2016 12:00:00 AM,08:20:02,114.61,49.0,30.38,96.0,152.42,0.0,06:48:00,17:45:00
30168,1481566502,12/12/2016 12:00:00 AM,08:15:02,68.18,49.0,30.38,96.0,152.42,0.0,06:48:00,17:45:00
30169,1481566201,12/12/2016 12:00:00 AM,08:10:01,60.3,49.0,30.38,96.0,152.42,0.0,06:48:00,17:45:00
30170,1481565952,12/12/2016 12:00:00 AM,08:05:52,70.66,49.0,30.38,96.0,152.42,0.0,06:48:00,17:45:00
30171,1481565650,12/12/2016 12:00:00 AM,08:00:50,87.27,49.0,30.37,96.0,152.42,1.12,06:48:00,17:45:00
30172,1481565340,12/12/2016 12:00:00 AM,07:55:40,72.4,49.0,30.37,95.0,152.41,0.0,06:48:00,17:45:00
30173,1481565040,12/12/2016 12:00:00 AM,07:50:40,49.94,48.0,30.37,96.0,152.41,0.0,06:48:00,17:45:00
30174,1481564742,12/12/2016 12:00:00 AM,07:45:42,51.82,48.0,30.37,96.0,152.41,0.0,06:48:00,17:45:00
30175,1481564433,12/12/2016 12:00:00 AM,07:40:33,54.93,47.0,30.37,97.0,152.47,2.25,06:48:00,17:45:00
30176,1481564134,12/12/2016 12:00:00 AM,07:35:34,55.55,47.0,30.37,97.0,152.5,2.25,06:48:00,17:45:00
30177,1481563834,12/12/2016 12:00:00 AM,07:30:34,51.39,47.0,30.37,97.0,152.5,1.12,06:48:00,17:45:00
30178,1481563533,12/12/2016 12:00:00 AM,07:25:33,45.2,47.0,30.37,97.0,152.5,1.12,06:48:00,17:45:00
30179,1481563223,12/12/2016 12:00:00 AM,07:20:23,39.86,47.0,30.36,96.0,152.49,1.12,06:48:00,17:45:00
30180,1481562924,12/12/2016 12:00:00 AM,07:15:24,29.33,47.0,30.36,96.0,149.28,4.5,06:48:00,17:45:00
30181,1481562634,12/12/2016 12:00:00 AM,07:10:34,17.65,47.0,30.36,96.0,168.52,4.5,06:48:00,17:45:00
30182,1481562337,12/12/2016 12:00:00 AM,07:05:37,8.81,47.0,30.36,95.0,156.89,5.62,06:48:00,17:45:00
30183,1481562034,12/12/2016 12:00:00 AM,07:00:34,5.22,47.0,30.36,95.0,145.74,4.5,06:48:00,17:45:00
30184,1481561734,12/12/2016 12:00:00 AM,06:55:34,4.08,47.0,30.36,95.0,95.81,2.25,06:48:00,17:45:00
30185,1481561434,12/12/2016 12:00:00 AM,06:50:34,4.9,48.0,30.36,94.0,95.69,2.25,06:48:00,17:45:00
30186,1481561160,12/12/2016 12:00:00 AM,06:46:00,6.62,48.0,30.36,93.0,95.66,3.37,06:48:00,17:45:00
30187,1481560824,12/12/2016 12:00:00 AM,06:40:24,5.57,48.0,30.36,93.0,85.73,4.5,06:48:00,17:45:00
30188,1481560534,12/12/2016 12:00:00 AM,06:35:34,1.32,48.0,30.36,93.0,68.81,1.12,06:48:00,17:45:00
30189,1481560233,12/12/2016 12:00:00 AM,06:30:33,1.3,49.0,30.36,93.0,68.69,2.25,06:48:00,17:45:00
30190,1481559933,12/12/2016 12:00:00 AM,06:25:33,1.34,48.0,30.36,94.0,68.67,1.12,06:48:00,17:45:00
30191,1481559634,12/12/2016 12:00:00 AM,06:20:34,1.33,48.0,30.36,94.0,160.54,1.12,06:48:00,17:45:00
30192,1481559335,12/12/2016 12:00:00 AM,06:15:35,1.26,47.0,30.36,93.0,160.59,0.0,06:48:00,17:45:00
30193,1481559036,12/12/2016 12:00:00 AM,06:10:36,1.29,47.0,30.36,94.0,160.59,2.25,06:48:00,17:45:00
30194,1481558724,12/12/2016 12:00:00 AM,06:05:24,1.27,48.0,30.35,94.0,160.75,3.37,06:48:00,17:45:00
30195,1481558427,12/12/2016 12:00:00 AM,06:00:27,1.31,48.0,30.35,94.0,160.63,5.62,06:48:00,17:45:00
30196,1481558136,12/12/2016 12:00:00 AM,05:55:36,1.34,48.0,30.36,94.0,161.17,3.37,06:48:00,17:45:00
30197,1481557824,12/12/2016 12:00:00 AM,05:50:24,1.3,48.0,30.36,94.0,161.17,2.25,06:48:00,17:45:00
30198,1481557534,12/12/2016 12:00:00 AM,05:45:34,1.25,48.0,30.35,95.0,161.13,4.5,06:48:00,17:45:00
30199,1481557223,12/12/2016 12:00:00 AM,05:40:23,1.32,48.0,30.35,95.0,153.8,3.37,06:48:00,17:45:00
30200,1481556933,12/12/2016 12:00:00 AM,05:35:33,1.31,48.0,30.35,96.0,155.2,4.5,06:48:00,17:45:00
30201,1481556634,12/12/2016 12:00:00 AM,05:30:34,1.33,48.0,30.35,96.0,168.83,4.5,06:48:00,17:45:00
30202,1481556335,12/12/2016 12:00:00 AM,05:25:35,1.31,48.0,30.35,95.0,167.36,4.5,06:48:00,17:45:00
30203,1481556023,12/12/2016 12:00:00 AM,05:20:23,1.28,49.0,30.35,95.0,323.53,3.37,06:48:00,17:45:00
30204,1481555723,12/12/2016 12:00:00 AM,05:15:23,1.3,49.0,30.35,94.0,324.93,1.12,06:48:00,17:45:00
30205,1481555434,12/12/2016 12:00:00 AM,05:10:34,1.31,49.0,30.36,92.0,324.95,3.37,06:48:00,17:45:00
30206,1481555124,12/12/2016 12:00:00 AM,05:05:24,1.32,49.0,30.35,92.0,320.65,1.12,06:48:00,17:45:00
30207,1481554834,12/12/2016 12:00:00 AM,05:00:34,1.34,49.0,30.36,92.0,320.65,2.25,06:48:00,17:45:00
30208,1481554533,12/12/2016 12:00:00 AM,04:55:33,1.32,49.0,30.36,92.0,320.82,3.37,06:48:00,17:45:00
30209,1481554224,12/12/2016 12:00:00 AM,04:50:24,1.3,49.0,30.36,94.0,188.75,1.12,06:48:00,17:45:00
30210,1481553924,12/12/2016 12:00:00 AM,04:45:24,1.3,48.0,30.36,93.0,188.75,2.25,06:48:00,17:45:00
30211,1481553634,12/12/2016 12:00:00 AM,04:40:34,1.34,48.0,30.35,94.0,188.75,6.75,06:48:00,17:45:00
30212,1481553334,12/12/2016 12:00:00 AM,04:35:34,1.3,48.0,30.35,96.0,179.67,6.75,06:48:00,17:45:00
30213,1481553034,12/12/2016 12:00:00 AM,04:30:34,1.32,48.0,30.35,98.0,187.6,10.12,06:48:00,17:45:00
30214,1481552734,12/12/2016 12:00:00 AM,04:25:34,1.3,47.0,30.35,99.0,192.92,9.0,06:48:00,17:45:00
30215,1481552433,12/12/2016 12:00:00 AM,04:20:33,1.31,48.0,30.36,99.0,215.33,6.75,06:48:00,17:45:00
30216,1481552134,12/12/2016 12:00:00 AM,04:15:34,1.28,48.0,30.36,98.0,223.09,6.75,06:48:00,17:45:00
30217,1481551824,12/12/2016 12:00:00 AM,04:10:24,1.29,48.0,30.36,98.0,260.78,5.62,06:48:00,17:45:00
30218,1481551534,12/12/2016 12:00:00 AM,04:05:34,1.28,48.0,30.35,97.0,309.93,3.37,06:48:00,17:45:00
30219,1481551236,12/12/2016 12:00:00 AM,04:00:36,1.28,48.0,30.35,96.0,310.19,2.25,06:48:00,17:45:00
30220,1481550934,12/12/2016 12:00:00 AM,03:55:34,1.29,48.0,30.35,95.0,310.22,4.5,06:48:00,17:45:00
30221,1481550634,12/12/2016 12:00:00 AM,03:50:34,1.34,47.0,30.35,95.0,190.95,4.5,06:48:00,17:45:00
30222,1481550333,12/12/2016 12:00:00 AM,03:45:33,1.29,47.0,30.34,96.0,179.35,4.5,06:48:00,17:45:00
30223,1481550033,12/12/2016 12:00:00 AM,03:40:33,1.29,48.0,30.35,96.0,213.23,4.5,06:48:00,17:45:00
30224,1481549723,12/12/2016 12:00:00 AM,03:35:23,1.31,48.0,30.35,96.0,227.98,5.62,06:48:00,17:45:00
30225,1481549424,12/12/2016 12:00:00 AM,03:30:24,1.28,48.0,30.36,97.0,229.51,3.37,06:48:00,17:45:00
30226,1481549136,12/12/2016 12:00:00 AM,03:25:36,1.28,48.0,30.36,97.0,228.22,4.5,06:48:00,17:45:00
30227,1481548842,12/12/2016 12:00:00 AM,03:20:42,1.3,48.0,30.36,98.0,232.27,5.62,06:48:00,17:45:00
30228,1481548533,12/12/2016 12:00:00 AM,03:15:33,1.28,49.0,30.36,98.0,263.42,6.75,06:48:00,17:45:00
30229,1481548234,12/12/2016 12:00:00 AM,03:10:34,1.29,49.0,30.36,98.0,265.11,10.12,06:48:00,17:45:00
30230,1481547934,12/12/2016 12:00:00 AM,03:05:34,1.28,49.0,30.36,98.0,287.21,3.37,06:48:00,17:45:00
30231,1481547633,12/12/2016 12:00:00 AM,03:00:33,1.3,49.0,30.36,98.0,280.69,4.5,06:48:00,17:45:00
30232,1481547323,12/12/2016 12:00:00 AM,02:55:23,1.3,49.0,30.36,98.0,258.22,4.5,06:48:00,17:45:00
30233,1481547024,12/12/2016 12:00:00 AM,02:50:24,1.29,48.0,30.36,98.0,301.9,4.5,06:48:00,17:45:00
30234,1481546733,12/12/2016 12:00:00 AM,02:45:33,1.25,48.0,30.36,97.0,254.49,3.37,06:48:00,17:45:00
30235,1481546433,12/12/2016 12:00:00 AM,02:40:33,1.31,48.0,30.423028000868246,96.0,250.64,0.0,06:48:00,17:45:00
30236,1481546134,12/12/2016 12:00:00 AM,02:35:34,1.27,48.0,30.36,95.0,250.64,2.25,06:48:00,17:45:00
30237,1481545834,12/12/2016 12:00:00 AM,02:30:34,1.3,48.0,30.36,95.0,253.47,2.25,06:48:00,17:45:00
30238,1481545534,12/12/2016 12:00:00 AM,02:25:34,1.31,48.0,30.36,95.0,253.47,1.12,06:48:00,17:45:00
30239,1481545223,12/12/2016 12:00:00 AM,02:20:23,1.3,48.0,30.36,94.0,253.47,2.25,06:48:00,17:45:00
30240,1481544934,12/12/2016 12:00:00 AM,02:15:34,1.32,48.0,30.36,95.0,224.96,4.5,06:48:00,17:45:00
30241,1481544633,12/12/2016 12:00:00 AM,02:10:33,1.3,48.0,30.36,96.0,184.64,5.62,06:48:00,17:45:00
30242,1481544333,12/12/2016 12:00:00 AM,02:05:33,1.31,48.0,30.36,97.0,181.02,7.87,06:48:00,17:45:00
30243,1481544034,12/12/2016 12:00:00 AM,02:00:34,1.3,47.0,30.37,97.0,174.35,4.5,06:48:00,17:45:00
30244,1481543733,12/12/2016 12:00:00 AM,01:55:33,1.28,47.0,30.37,97.0,175.34,6.75,06:48:00,17:45:00
30245,1481543423,12/12/2016 12:00:00 AM,01:50:23,1.28,47.0,30.37,97.0,176.07,4.5,06:48:00,17:45:00
30246,1481543123,12/12/2016 12:00:00 AM,01:45:23,1.31,47.0,30.36,97.0,169.79,4.5,06:48:00,17:45:00
30247,1481542836,12/12/2016 12:00:00 AM,01:40:36,1.29,47.0,30.36,97.0,175.52,5.62,06:48:00,17:45:00
30248,1481542537,12/12/2016 12:00:00 AM,01:35:37,1.33,47.0,30.37,97.0,176.96,5.62,06:48:00,17:45:00
30249,1481542233,12/12/2016 12:00:00 AM,01:30:33,1.31,47.0,30.36,97.0,181.9,6.75,06:48:00,17:45:00
30250,1481541934,12/12/2016 12:00:00 AM,01:25:34,1.29,47.0,30.37,97.0,167.57,6.75,06:48:00,17:45:00
30251,1481541636,12/12/2016 12:00:00 AM,01:20:36,1.29,46.0,30.37,97.0,187.1,6.75,06:48:00,17:45:00
30252,1481541323,12/12/2016 12:00:00 AM,01:15:23,1.3,46.0,30.37,97.0,174.52,3.37,06:48:00,17:45:00
30253,1481541024,12/12/2016 12:00:00 AM,01:10:24,1.29,46.0,30.37,97.0,176.0,4.5,06:48:00,17:45:00
30254,1481540727,12/12/2016 12:00:00 AM,01:05:27,1.28,46.0,30.37,97.0,176.18,3.37,06:48:00,17:45:00
30255,1481540436,12/12/2016 12:00:00 AM,01:00:36,1.29,46.0,30.38,97.0,172.5,4.5,06:48:00,17:45:00
30256,1481540134,12/12/2016 12:00:00 AM,00:55:34,1.29,46.0,30.38,98.0,170.98,2.25,06:48:00,17:45:00
30257,1481539834,12/12/2016 12:00:00 AM,00:50:34,1.27,46.0,30.38,98.0,170.99,4.5,06:48:00,17:45:00
30258,1481539536,12/12/2016 12:00:00 AM,00:45:36,1.3,46.0,30.38,98.0,170.99,3.37,06:48:00,17:45:00
30259,1481539223,12/12/2016 12:00:00 AM,00:40:23,1.28,46.0,30.38,98.0,170.99,2.25,06:48:00,17:45:00
30260,1481538924,12/12/2016 12:00:00 AM,00:35:24,1.3,46.0,30.38,98.0,171.02,5.62,06:48:00,17:45:00
30261,1481538634,12/12/2016 12:00:00 AM,00:30:34,1.3,46.0,30.38,98.0,171.16,4.5,06:48:00,17:45:00
30262,1481538334,12/12/2016 12:00:00 AM,00:25:34,1.3,46.0,30.38,98.0,171.81,3.37,06:48:00,17:45:00
30263,1481538034,12/12/2016 12:00:00 AM,00:20:34,1.29,46.0,30.37,98.0,170.57,3.37,06:48:00,17:45:00
30264,1481537736,12/12/2016 12:00:00 AM,00:15:36,1.28,46.0,30.37,98.0,176.12,4.5,06:48:00,17:45:00
30265,1481537434,12/12/2016 12:00:00 AM,00:10:34,1.29,46.0,30.37,98.0,177.01,5.62,06:48:00,17:45:00
30266,1481537123,12/12/2016 12:00:00 AM,00:05:23,1.29,46.0,30.37,98.0,176.54,5.62,06:48:00,17:45:00
30267,1481536823,12/12/2016 12:00:00 AM,00:00:23,1.28,46.0,30.38,98.0,172.69,5.62,06:48:00,17:45:00
30268,1481536535,12/11/2016 12:00:00 AM,23:55:35,1.26,46.0,30.38,74.83719267708949,172.11,2.25,06:47:00,17:44:00
30269,1481536233,12/11/2016 12:00:00 AM,23:50:33,1.28,46.0,30.38,97.0,160.59,4.5,06:47:00,17:44:00
30270,1481535936,12/11/2016 12:00:00 AM,23:45:36,1.3,47.0,30.38,97.0,153.88,5.62,06:47:00,17:44:00
30271,1481535633,12/11/2016 12:00:00 AM,23:40:33,1.28,47.0,30.38,97.0,47.39,4.5,06:47:00,17:44:00
30272,1481535324,12/11/2016 12:00:00 AM,23:35:24,1.27,48.0,30.39,98.0,44.63,2.25,06:47:00,17:44:00
30273,1481535023,12/11/2016 12:00:00 AM,23:30:23,1.27,48.0,30.39,98.0,44.61,0.0,06:47:00,17:44:00
30274,1481534739,12/11/2016 12:00:00 AM,23:25:39,1.31,48.0,30.39,97.0,44.61,0.0,06:47:00,17:44:00
30275,1481534434,12/11/2016 12:00:00 AM,23:20:34,1.29,49.0,30.39,98.0,44.61,0.0,06:47:00,17:44:00
30276,1481534127,12/11/2016 12:00:00 AM,23:15:27,1.3,49.0,30.39,97.0,44.61,1.12,06:47:00,17:44:00
30277,1481533824,12/11/2016 12:00:00 AM,23:10:24,1.29,49.0,30.39,95.0,47.1,1.12,06:47:00,17:44:00
30278,1481533524,12/11/2016 12:00:00 AM,23:05:24,1.31,49.0,30.39,93.0,47.1,0.0,06:47:00,17:44:00
30279,1481533233,12/11/2016 12:00:00 AM,23:00:33,1.29,49.0,30.39,91.0,47.95,0.0,06:47:00,17:44:00
30280,1481532933,12/11/2016 12:00:00 AM,22:55:33,1.28,49.0,30.39,92.0,47.95,2.25,06:47:00,17:44:00
30281,1481532643,12/11/2016 12:00:00 AM,22:50:43,1.29,49.0,30.39,90.0,47.12,1.12,06:47:00,17:44:00
30282,1481532334,12/11/2016 12:00:00 AM,22:45:34,1.3,49.0,30.39,89.0,47.26,0.0,06:47:00,17:44:00
30283,1481532033,12/11/2016 12:00:00 AM,22:40:33,1.32,48.0,30.39,89.0,45.74,3.37,06:47:00,17:44:00
30284,1481531733,12/11/2016 12:00:00 AM,22:35:33,1.32,48.0,30.39,89.0,212.38,5.62,06:47:00,17:44:00
30285,1481531434,12/11/2016 12:00:00 AM,22:30:34,1.29,49.0,30.39,89.0,208.16,7.87,06:47:00,17:44:00
30286,1481531137,12/11/2016 12:00:00 AM,22:25:37,1.32,49.0,30.39,89.0,213.93,7.87,06:47:00,17:44:00
30287,1481530833,12/11/2016 12:00:00 AM,22:20:33,1.31,49.0,30.39,90.0,220.92,9.0,06:47:00,17:44:00
30288,1481530523,12/11/2016 12:00:00 AM,22:15:23,1.28,48.0,30.39,92.0,203.09,10.12,06:47:00,17:44:00
30289,1481530224,12/11/2016 12:00:00 AM,22:10:24,1.3,47.0,30.39,97.0,226.8,9.0,06:47:00,17:44:00
30290,1481529934,12/11/2016 12:00:00 AM,22:05:34,1.28,47.0,30.4,100.0,225.39,6.75,06:47:00,17:44:00
30291,1481529626,12/11/2016 12:00:00 AM,22:00:26,1.26,47.0,30.4,101.0,219.8,6.75,06:47:00,17:44:00
30292,1481529333,12/11/2016 12:00:00 AM,21:55:33,1.25,48.0,30.4,102.0,230.13,7.87,06:47:00,17:44:00
30293,1481529033,12/11/2016 12:00:00 AM,21:50:33,1.27,47.0,30.4,102.0,245.72,6.75,06:47:00,17:44:00
30294,1481528734,12/11/2016 12:00:00 AM,21:45:34,1.31,47.0,30.4,102.0,246.08,4.5,06:47:00,17:44:00
30295,1481528434,12/11/2016 12:00:00 AM,21:40:34,1.29,46.0,30.4,101.0,181.21,2.25,06:47:00,17:44:00
30296,1481528134,12/11/2016 12:00:00 AM,21:35:34,1.29,46.0,30.4,101.0,167.14,3.37,06:47:00,17:44:00
30297,1481527826,12/11/2016 12:00:00 AM,21:30:26,1.26,46.0,30.4,101.0,167.14,2.25,06:47:00,17:44:00
30298,1481527523,12/11/2016 12:00:00 AM,21:25:23,1.26,47.0,30.4,101.0,167.14,4.5,06:47:00,17:44:00
30299,1481527234,12/11/2016 12:00:00 AM,21:20:34,1.29,47.0,30.4,101.0,167.14,3.37,06:47:00,17:44:00
30300,1481526934,12/11/2016 12:00:00 AM,21:15:34,1.28,47.0,30.39,102.0,165.17,4.5,06:47:00,17:44:00
30301,1481526633,12/11/2016 12:00:00 AM,21:10:33,1.28,48.0,30.39,102.0,165.38,4.5,06:47:00,17:44:00
30302,1481526336,12/11/2016 12:00:00 AM,21:05:36,1.29,48.0,30.4,102.0,126.55,4.5,06:47:00,17:44:00
30303,1481526034,12/11/2016 12:00:00 AM,21:00:34,1.29,48.0,30.4,102.0,111.92,2.25,06:47:00,17:44:00
30304,1481525725,12/11/2016 12:00:00 AM,20:55:25,1.28,48.0,30.4,102.0,358.47,1.12,06:47:00,17:44:00
30305,1481525423,12/11/2016 12:00:00 AM,20:50:23,1.27,48.0,30.4,102.0,358.47,0.0,06:47:00,17:44:00
30306,1481525139,12/11/2016 12:00:00 AM,20:45:39,1.3,48.0,30.4,102.0,358.46,0.0,06:47:00,17:44:00
30307,1481524833,12/11/2016 12:00:00 AM,20:40:33,1.32,48.0,30.4,101.0,358.46,2.25,06:47:00,17:44:00
30308,1481524523,12/11/2016 12:00:00 AM,20:35:23,1.3,48.0,30.39,101.0,207.37,1.12,06:47:00,17:44:00
30309,1481524237,12/11/2016 12:00:00 AM,20:30:37,1.28,48.0,30.39,101.0,207.37,1.12,06:47:00,17:44:00
30310,1481523934,12/11/2016 12:00:00 AM,20:25:34,1.31,49.0,30.39,101.0,207.38,4.5,06:47:00,17:44:00
30311,1481523633,12/11/2016 12:00:00 AM,20:20:33,1.33,49.0,30.39,101.0,206.6,3.37,06:47:00,17:44:00
30312,1481523324,12/11/2016 12:00:00 AM,20:15:24,1.3,49.0,30.39,102.0,240.01,3.37,06:47:00,17:44:00
30313,1481523034,12/11/2016 12:00:00 AM,20:10:34,1.29,49.0,30.39,101.0,232.67,5.62,06:47:00,17:44:00
30314,1481522733,12/11/2016 12:00:00 AM,20:05:33,1.29,49.0,30.39,101.0,261.96,5.62,06:47:00,17:44:00
30315,1481522433,12/11/2016 12:00:00 AM,20:00:33,1.27,49.0,30.39,101.0,271.62,0.0,06:47:00,17:44:00
30316,1481522134,12/11/2016 12:00:00 AM,19:55:34,1.28,49.0,30.39,101.0,320.29,3.37,06:47:00,17:44:00
30317,1481521833,12/11/2016 12:00:00 AM,19:50:33,1.28,49.0,30.39,101.0,320.3,3.37,06:47:00,17:44:00
30318,1481521526,12/11/2016 12:00:00 AM,19:45:26,1.31,49.0,30.39,101.0,341.96,2.25,06:47:00,17:44:00
30319,1481521224,12/11/2016 12:00:00 AM,19:40:24,1.26,49.0,30.39,101.0,342.02,0.0,06:47:00,17:44:00
30320,1481520934,12/11/2016 12:00:00 AM,19:35:34,1.27,49.0,30.39,101.0,342.02,2.25,06:47:00,17:44:00
30321,1481520623,12/11/2016 12:00:00 AM,19:30:23,1.3,49.0,30.39,100.0,342.98,0.0,06:47:00,17:44:00
30322,1481520336,12/11/2016 12:00:00 AM,19:25:36,1.27,49.0,30.39,100.0,342.98,0.0,06:47:00,17:44:00
30323,1481520024,12/11/2016 12:00:00 AM,19:20:24,1.28,50.0,30.38,100.0,342.98,0.0,06:47:00,17:44:00
30324,1481519735,12/11/2016 12:00:00 AM,19:15:35,1.27,50.0,30.38,101.0,342.7,3.37,06:47:00,17:44:00
30325,1481519434,12/11/2016 12:00:00 AM,19:10:34,1.32,49.0,30.38,101.0,270.52,3.37,06:47:00,17:44:00
30326,1481519134,12/11/2016 12:00:00 AM,19:05:34,1.26,49.0,30.38,101.0,212.91,2.25,06:47:00,17:44:00
30327,1481518845,12/11/2016 12:00:00 AM,19:00:45,1.29,49.0,30.38,101.0,211.03,1.12,06:47:00,17:44:00
30328,1481518537,12/11/2016 12:00:00 AM,18:55:37,1.27,50.0,30.38,101.0,211.03,3.37,06:47:00,17:44:00
30329,1481518234,12/11/2016 12:00:00 AM,18:50:34,1.28,50.0,30.38,102.0,214.46,5.62,06:47:00,17:44:00
30330,1481517924,12/11/2016 12:00:00 AM,18:45:24,1.33,50.0,30.38,102.0,219.96,4.5,06:47:00,17:44:00
30331,1481517636,12/11/2016 12:00:00 AM,18:40:36,1.3,50.0,30.38,102.0,240.42,3.37,06:47:00,17:44:00
30332,1481517333,12/11/2016 12:00:00 AM,18:35:33,1.31,51.0,30.38,74.83719267708949,246.48,5.62,06:47:00,17:44:00
30333,1481517036,12/11/2016 12:00:00 AM,18:30:36,1.31,51.0,30.38,101.0,278.96,3.37,06:47:00,17:44:00
30334,1481516733,12/11/2016 12:00:00 AM,18:25:33,1.32,51.0,30.38,102.0,305.1,4.5,06:47:00,17:44:00
30335,1481516434,12/11/2016 12:00:00 AM,18:20:34,1.31,51.0,30.39,101.0,312.39,5.62,06:47:00,17:44:00
30336,1481516135,12/11/2016 12:00:00 AM,18:15:35,1.3,51.0,30.39,102.0,312.43,6.75,06:47:00,17:44:00
30337,1481515826,12/11/2016 12:00:00 AM,18:10:26,1.3,51.0,30.38,102.0,303.57,6.75,06:47:00,17:44:00
30338,1481515533,12/11/2016 12:00:00 AM,18:05:33,1.3,51.0,30.38,102.0,285.12,6.75,06:47:00,17:44:00
30339,1481515223,12/11/2016 12:00:00 AM,18:00:23,1.31,51.0,30.38,102.0,309.79,9.0,06:47:00,17:44:00
30340,1481514937,12/11/2016 12:00:00 AM,17:55:37,1.62,51.0,30.38,102.0,298.76,6.75,06:47:00,17:44:00
30341,1481514624,12/11/2016 12:00:00 AM,17:50:24,2.34,51.0,30.38,102.0,300.39,4.5,06:47:00,17:44:00
30342,1481514323,12/11/2016 12:00:00 AM,17:45:23,3.18,51.0,30.37,102.0,300.19,5.62,06:47:00,17:44:00
30343,1481514031,12/11/2016 12:00:00 AM,17:40:31,4.06,51.0,30.37,102.0,299.76,5.62,06:47:00,17:44:00
30344,1481513734,12/11/2016 12:00:00 AM,17:35:34,6.45,52.0,30.37,102.0,317.03,6.75,06:47:00,17:44:00
30345,1481513433,12/11/2016 12:00:00 AM,17:30:33,9.77,52.0,30.38,102.0,319.44,5.62,06:47:00,17:44:00
30346,1481513137,12/11/2016 12:00:00 AM,17:25:37,14.4,52.0,30.37,102.0,318.53,9.0,06:47:00,17:44:00
30347,1481512824,12/11/2016 12:00:00 AM,17:20:24,17.11,52.0,30.37,102.0,328.69,7.87,06:47:00,17:44:00
30348,1481512534,12/11/2016 12:00:00 AM,17:15:34,10.27,52.0,30.37,101.0,319.46,7.87,06:47:00,17:44:00
30349,1481512233,12/11/2016 12:00:00 AM,17:10:33,27.14,52.0,30.37,101.0,319.17,10.12,06:47:00,17:44:00
30350,1481511943,12/11/2016 12:00:00 AM,17:05:43,18.56,52.0,30.36,101.0,317.52,6.75,06:47:00,17:44:00
30351,1481511636,12/11/2016 12:00:00 AM,17:00:36,20.14,52.0,30.36,101.0,326.49,10.12,06:47:00,17:44:00
30352,1481511324,12/11/2016 12:00:00 AM,16:55:24,27.04,52.0,30.36,101.0,322.19,6.75,06:47:00,17:44:00
30353,1481511055,12/11/2016 12:00:00 AM,16:50:55,32.2,52.0,30.36,101.0,323.22,7.87,06:47:00,17:44:00
30354,1481510733,12/11/2016 12:00:00 AM,16:45:33,50.88,52.0,30.36,101.0,348.75,9.0,06:47:00,17:44:00
30355,1481510433,12/11/2016 12:00:00 AM,16:40:33,78.87,52.0,30.36,101.0,327.54,9.0,06:47:00,17:44:00
30356,1481510123,12/11/2016 12:00:00 AM,16:35:23,73.86,53.0,30.36,101.0,304.87,6.75,06:47:00,17:44:00
30357,1481509833,12/11/2016 12:00:00 AM,16:30:33,60.77,53.0,30.36,101.0,315.1,9.0,06:47:00,17:44:00
30358,1481509534,12/11/2016 12:00:00 AM,16:25:34,101.38,53.0,30.36,101.0,323.94,12.37,06:47:00,17:44:00
30359,1481509233,12/11/2016 12:00:00 AM,16:20:33,102.3,53.0,30.36,101.0,325.24,7.87,06:47:00,17:44:00
30360,1481508923,12/11/2016 12:00:00 AM,16:15:23,92.1,53.0,30.36,101.0,322.55,9.0,06:47:00,17:44:00
30361,1481508633,12/11/2016 12:00:00 AM,16:10:33,139.83,53.0,30.36,101.0,315.21,12.37,06:47:00,17:44:00
30362,1481508334,12/11/2016 12:00:00 AM,16:05:34,226.04,53.0,30.36,101.0,313.28,13.5,06:47:00,17:44:00
30363,1481508034,12/11/2016 12:00:00 AM,16:00:34,126.75,53.0,30.36,101.0,324.64,12.37,06:47:00,17:44:00
30364,1481507724,12/11/2016 12:00:00 AM,15:55:24,100.12,53.0,30.36,100.0,335.12,10.12,06:47:00,17:44:00
30365,1481507423,12/11/2016 12:00:00 AM,15:50:23,83.41,53.0,30.36,100.0,324.03,12.37,06:47:00,17:44:00
30366,1481507133,12/11/2016 12:00:00 AM,15:45:33,86.39,53.0,30.36,101.0,323.55,11.25,06:47:00,17:44:00
30367,1481506834,12/11/2016 12:00:00 AM,15:40:34,120.43,53.0,30.36,100.0,316.34,9.0,06:47:00,17:44:00
30368,1481506534,12/11/2016 12:00:00 AM,15:35:34,92.59,54.0,30.36,101.0,348.39,11.25,06:47:00,17:44:00
30369,1481506234,12/11/2016 12:00:00 AM,15:30:34,109.81,54.0,30.36,100.0,338.83,9.0,06:47:00,17:44:00
30370,1481505923,12/11/2016 12:00:00 AM,15:25:23,131.15,54.0,30.36,100.0,344.76,10.12,06:47:00,17:44:00
30371,1481505633,12/11/2016 12:00:00 AM,15:20:33,237.1,54.0,30.36,101.0,318.65,10.12,06:47:00,17:44:00
30372,1481505334,12/11/2016 12:00:00 AM,15:15:34,412.94,54.0,30.36,101.0,319.84,10.12,06:47:00,17:44:00
30373,1481505034,12/11/2016 12:00:00 AM,15:10:34,265.9,54.0,30.36,101.0,307.54,11.25,06:47:00,17:44:00
30374,1481504736,12/11/2016 12:00:00 AM,15:05:36,241.43,54.0,30.36,101.0,318.33,13.5,06:47:00,17:44:00
30375,1481504438,12/11/2016 12:00:00 AM,15:00:38,166.44,53.0,30.36,101.0,325.61,10.12,06:47:00,17:44:00
30376,1481504134,12/11/2016 12:00:00 AM,14:55:34,203.33,53.0,30.35,101.0,317.01,10.12,06:47:00,17:44:00
30377,1481503823,12/11/2016 12:00:00 AM,14:50:23,172.72,54.0,30.35,101.0,317.56,10.12,06:47:00,17:44:00
30378,1481503524,12/11/2016 12:00:00 AM,14:45:24,174.72,53.0,30.36,101.0,324.29,12.37,06:47:00,17:44:00
30379,1481503233,12/11/2016 12:00:00 AM,14:40:33,212.44,54.0,30.36,101.0,311.57,16.87,06:47:00,17:44:00
30380,1481502934,12/11/2016 12:00:00 AM,14:35:34,187.04,53.0,30.36,101.0,332.14,12.37,06:47:00,17:44:00
30381,1481502636,12/11/2016 12:00:00 AM,14:30:36,170.37,54.0,30.36,100.0,330.86,12.37,06:47:00,17:44:00
30382,1481502334,12/11/2016 12:00:00 AM,14:25:34,132.99,53.0,30.36,100.0,317.78,9.0,06:47:00,17:44:00
30383,1481502037,12/11/2016 12:00:00 AM,14:20:37,200.61,54.0,30.36,100.0,314.16,14.62,06:47:00,17:44:00
30384,1481501724,12/11/2016 12:00:00 AM,14:15:24,146.84,54.0,30.36,100.0,321.38,14.62,06:47:00,17:44:00
30385,1481501423,12/11/2016 12:00:00 AM,14:10:23,186.45,54.0,30.36,99.0,321.24,13.5,06:47:00,17:44:00
30386,1481501133,12/11/2016 12:00:00 AM,14:05:33,205.32,54.0,30.36,99.0,311.54,13.5,06:47:00,17:44:00
30387,1481500827,12/11/2016 12:00:00 AM,14:00:27,217.59,54.0,30.36,100.0,300.94,11.25,06:47:00,17:44:00
30388,1481500533,12/11/2016 12:00:00 AM,13:55:33,187.06,54.0,30.36,100.0,318.29,12.37,06:47:00,17:44:00
30389,1481500233,12/11/2016 12:00:00 AM,13:50:33,373.89,54.0,30.36,100.0,292.41,14.62,06:47:00,17:44:00
30390,1481499934,12/11/2016 12:00:00 AM,13:45:34,454.56,54.0,30.37,99.0,308.48,16.87,06:47:00,17:44:00
30391,1481499623,12/11/2016 12:00:00 AM,13:40:23,163.36,54.0,30.37,100.0,327.37,10.12,06:47:00,17:44:00
30392,1481499324,12/11/2016 12:00:00 AM,13:35:24,279.01,54.0,30.37,100.0,319.04,12.37,06:47:00,17:44:00
30393,1481499036,12/11/2016 12:00:00 AM,13:30:36,239.06,54.0,30.37,101.0,305.89,11.25,06:47:00,17:44:00
30394,1481498723,12/11/2016 12:00:00 AM,13:25:23,525.95,54.0,30.37,101.0,309.03,10.12,06:47:00,17:44:00
30395,1481498483,12/11/2016 12:00:00 AM,13:21:23,271.29,53.0,30.37,101.0,313.88,12.37,06:47:00,17:44:00
30396,1481498165,12/11/2016 12:00:00 AM,13:16:05,311.5,53.0,30.37,101.0,325.62,12.37,06:47:00,17:44:00
30397,1481497865,12/11/2016 12:00:00 AM,13:11:05,214.78,53.0,30.38,100.0,329.83,11.25,06:47:00,17:44:00
30398,1481497565,12/11/2016 12:00:00 AM,13:06:05,134.4,53.0,30.38,100.0,310.27,13.5,06:47:00,17:44:00
30399,1481497266,12/11/2016 12:00:00 AM,13:01:06,177.57,53.0,30.38,100.0,327.63,13.5,06:47:00,17:44:00
30400,1481496966,12/11/2016 12:00:00 AM,12:56:06,205.57,53.0,30.39,100.0,335.18,16.87,06:47:00,17:44:00
30401,1481496665,12/11/2016 12:00:00 AM,12:51:05,187.84,53.0,30.39,100.0,320.24,12.37,06:47:00,17:44:00
30402,1481496365,12/11/2016 12:00:00 AM,12:46:05,170.71,54.0,30.39,100.0,322.39,9.0,06:47:00,17:44:00
30403,1481496058,12/11/2016 12:00:00 AM,12:40:58,167.94,51.16507236474315,30.39,100.0,340.71,6.75,06:47:00,17:44:00
30404,1481495755,12/11/2016 12:00:00 AM,12:35:55,138.09,53.0,30.39,100.0,328.76,6.75,06:47:00,17:44:00
30405,1481495456,12/11/2016 12:00:00 AM,12:30:56,214.15,53.0,30.39,100.0,322.05,4.5,06:47:00,17:44:00
30406,1481495168,12/11/2016 12:00:00 AM,12:26:08,89.79,53.0,30.39,100.0,333.03,7.87,06:47:00,17:44:00
30407,1481494865,12/11/2016 12:00:00 AM,12:21:05,147.07,53.0,30.39,99.0,322.44,4.5,06:47:00,17:44:00
30408,1481494565,12/11/2016 12:00:00 AM,12:16:05,101.5,54.0,30.4,99.0,327.28,7.87,06:47:00,17:44:00
30409,1481494267,12/11/2016 12:00:00 AM,12:11:07,170.63,54.0,30.4,98.0,338.74,9.0,06:47:00,17:44:00
30410,1481493966,12/11/2016 12:00:00 AM,12:06:06,290.33,54.0,30.4,97.0,338.69,4.5,06:47:00,17:44:00
30411,1481493665,12/11/2016 12:00:00 AM,12:01:05,309.53,54.0,30.4,98.0,339.49,3.37,06:47:00,17:44:00
30412,1481493358,12/11/2016 12:00:00 AM,11:55:58,175.5,54.0,30.41,98.0,325.57,4.5,06:47:00,17:44:00
30413,1481493055,12/11/2016 12:00:00 AM,11:50:55,382.77,54.0,30.41,98.0,334.57,4.5,06:47:00,17:44:00
30414,1481492769,12/11/2016 12:00:00 AM,11:46:09,332.64,54.0,30.41,98.0,328.91,3.37,06:47:00,17:44:00
30415,1481492466,12/11/2016 12:00:00 AM,11:41:06,586.66,54.0,30.41,98.0,313.07,5.62,06:47:00,17:44:00
30416,1481492155,12/11/2016 12:00:00 AM,11:35:55,334.75,54.0,30.41,74.83719267708949,303.75,6.75,06:47:00,17:44:00
30417,1481491855,12/11/2016 12:00:00 AM,11:30:55,271.23,54.0,30.42,99.0,314.35,7.87,06:47:00,17:44:00
30418,1481491556,12/11/2016 12:00:00 AM,11:25:56,325.42,53.0,30.41,98.0,308.04,2.25,06:47:00,17:44:00
30419,1481491267,12/11/2016 12:00:00 AM,11:21:07,462.48,53.0,30.42,98.0,307.78,2.25,06:47:00,17:44:00
30420,1481490965,12/11/2016 12:00:00 AM,11:16:05,200.37,54.0,30.42,98.0,307.56,2.25,06:47:00,17:44:00
30421,1481490667,12/11/2016 12:00:00 AM,11:11:07,570.35,54.0,30.42,98.0,321.77,3.37,06:47:00,17:44:00
30422,1481490357,12/11/2016 12:00:00 AM,11:05:57,302.64,54.0,30.42,98.0,321.73,2.25,06:47:00,17:44:00
30423,1481490082,12/11/2016 12:00:00 AM,11:01:22,327.36,54.0,30.42,98.0,321.78,3.37,06:47:00,17:44:00
30424,1481489765,12/11/2016 12:00:00 AM,10:56:05,587.37,54.0,30.42,98.0,321.62,3.37,06:47:00,17:44:00
30425,1481489465,12/11/2016 12:00:00 AM,10:51:05,800.98,53.0,30.43,97.0,324.09,2.25,06:47:00,17:44:00
30426,1481489166,12/11/2016 12:00:00 AM,10:46:06,438.29,53.0,30.43,96.0,347.59,4.5,06:47:00,17:44:00
30427,1481488855,12/11/2016 12:00:00 AM,10:40:55,850.94,53.0,30.43,97.0,356.91,4.5,06:47:00,17:44:00
30428,1481488555,12/11/2016 12:00:00 AM,10:35:55,1010.05,52.0,30.43,97.0,334.94,2.25,06:47:00,17:44:00
30429,1481488255,12/11/2016 12:00:00 AM,10:30:55,279.14,52.0,30.43,98.0,334.54,2.25,06:47:00,17:44:00
30430,1481487966,12/11/2016 12:00:00 AM,10:26:06,348.33,52.0,30.43,99.0,333.44,3.37,06:47:00,17:44:00
30431,1481487666,12/11/2016 12:00:00 AM,10:21:06,248.81,52.0,30.43,99.0,318.47,3.37,06:47:00,17:44:00
30432,1481487365,12/11/2016 12:00:00 AM,10:16:05,564.15,52.0,30.43,99.0,318.49,3.37,06:47:00,17:44:00
30433,1481487055,12/11/2016 12:00:00 AM,10:10:55,298.14,52.0,30.43,98.0,330.5,3.37,06:47:00,17:44:00
30434,1481486756,12/11/2016 12:00:00 AM,10:05:56,181.45,53.0,30.43,99.0,329.77,5.62,06:47:00,17:44:00
30435,1481486455,12/11/2016 12:00:00 AM,10:00:55,369.87,53.0,30.43,99.0,354.83,5.62,06:47:00,17:44:00
30436,1481486166,12/11/2016 12:00:00 AM,09:56:06,717.22,52.0,30.43,98.0,359.85,2.25,06:47:00,17:44:00
30437,1481485866,12/11/2016 12:00:00 AM,09:51:06,748.62,52.0,30.43,99.0,343.6,2.25,06:47:00,17:44:00
30438,1481485555,12/11/2016 12:00:00 AM,09:45:55,446.83,52.0,30.43,99.0,343.61,2.25,06:47:00,17:44:00
30439,1481485271,12/11/2016 12:00:00 AM,09:41:11,469.9,52.0,30.43,98.0,339.15,2.25,06:47:00,17:44:00
30440,1481484968,12/11/2016 12:00:00 AM,09:36:08,394.5,52.0,30.42,98.0,325.33,2.25,06:47:00,17:44:00
30441,1481484668,12/11/2016 12:00:00 AM,09:31:08,661.01,51.0,30.43,99.0,324.87,6.229096658193317,06:47:00,17:44:00
30442,1481484367,12/11/2016 12:00:00 AM,09:26:07,565.75,51.0,30.42,99.0,324.88,0.0,06:47:00,17:44:00
30443,1481484066,12/11/2016 12:00:00 AM,09:21:06,533.23,51.0,30.42,99.0,324.88,1.12,06:47:00,17:44:00
30444,1481483755,12/11/2016 12:00:00 AM,09:15:55,524.71,50.0,30.42,98.0,324.96,0.0,06:47:00,17:44:00
30445,1481483455,12/11/2016 12:00:00 AM,09:10:55,417.95,51.0,30.42,98.0,324.96,2.25,06:47:00,17:44:00
30446,1481483165,12/11/2016 12:00:00 AM,09:06:05,432.44,51.0,30.42,97.0,326.1,2.25,06:47:00,17:44:00
30447,1481482866,12/11/2016 12:00:00 AM,09:01:06,432.17,52.0,30.42,97.0,319.89,4.5,06:47:00,17:44:00
30448,1481482566,12/11/2016 12:00:00 AM,08:56:06,444.31,52.0,30.42,96.0,179.08,3.37,06:47:00,17:44:00
30449,1481482269,12/11/2016 12:00:00 AM,08:51:09,392.96,52.0,30.42,96.0,177.89,1.12,06:47:00,17:44:00
30450,1481481955,12/11/2016 12:00:00 AM,08:45:55,420.49,51.0,30.42,99.0,178.31,1.12,06:47:00,17:44:00
30451,1481481655,12/11/2016 12:00:00 AM,08:40:55,473.54,51.0,30.42,98.0,178.31,1.12,06:47:00,17:44:00
30452,1481481355,12/11/2016 12:00:00 AM,08:35:55,466.21,50.0,30.41,98.0,178.31,1.12,06:47:00,17:44:00
30453,1481481056,12/11/2016 12:00:00 AM,08:30:56,304.87,49.0,30.41,96.0,178.31,1.12,06:47:00,17:44:00
30454,1481480767,12/11/2016 12:00:00 AM,08:26:07,173.84,49.0,30.41,98.0,178.31,0.0,06:47:00,17:44:00
30455,1481480465,12/11/2016 12:00:00 AM,08:21:05,374.14,48.0,30.41,99.0,178.29,1.12,06:47:00,17:44:00
30456,1481480166,12/11/2016 12:00:00 AM,08:16:06,229.57,48.0,30.41,99.0,178.28,2.25,06:47:00,17:44:00
30457,1481479868,12/11/2016 12:00:00 AM,08:11:08,236.74,47.0,30.41,99.0,178.28,0.0,06:47:00,17:44:00
30458,1481479556,12/11/2016 12:00:00 AM,08:05:56,187.32,46.0,30.41,99.0,178.27,4.5,06:47:00,17:44:00
30459,1481479257,12/11/2016 12:00:00 AM,08:00:57,112.66,46.0,30.41,99.0,178.26,2.25,06:47:00,17:44:00
30460,1481478955,12/11/2016 12:00:00 AM,07:55:55,93.54,46.0,30.41,99.0,178.26,0.0,06:47:00,17:44:00
30461,1481478668,12/11/2016 12:00:00 AM,07:51:08,59.17,45.0,30.41,99.0,178.26,2.25,06:47:00,17:44:00
30462,1481478356,12/11/2016 12:00:00 AM,07:45:56,61.69,45.0,30.41,99.0,178.25,1.12,06:47:00,17:44:00
30463,1481478065,12/11/2016 12:00:00 AM,07:41:05,56.93,45.0,30.41,99.0,178.25,1.12,06:47:00,17:44:00
30464,1481477768,12/11/2016 12:00:00 AM,07:36:08,50.41,45.0,30.4,99.0,178.25,4.5,06:47:00,17:44:00
30465,1481477465,12/11/2016 12:00:00 AM,07:31:05,53.55,45.0,30.4,99.0,178.25,4.5,06:47:00,17:44:00
30466,1481477166,12/11/2016 12:00:00 AM,07:26:06,49.58,45.0,30.4,98.0,178.25,3.37,06:47:00,17:44:00
30467,1481476865,12/11/2016 12:00:00 AM,07:21:05,36.11,45.0,30.4,98.0,178.24,5.62,06:47:00,17:44:00
30468,1481476556,12/11/2016 12:00:00 AM,07:15:56,25.29,44.0,30.4,98.0,178.08,5.62,06:47:00,17:44:00
30469,1481476258,12/11/2016 12:00:00 AM,07:10:58,21.65,44.0,30.39,98.0,177.45,5.62,06:47:00,17:44:00
30470,1481475955,12/11/2016 12:00:00 AM,07:05:55,14.64,45.0,30.39,98.0,176.61,3.37,06:47:00,17:44:00
30471,1481475656,12/11/2016 12:00:00 AM,07:00:56,10.82,45.0,30.39,98.0,176.64,4.5,06:47:00,17:44:00
30472,1481475365,12/11/2016 12:00:00 AM,06:56:05,7.13,45.0,30.4,98.0,176.63,4.5,06:47:00,17:44:00
30473,1481475056,12/11/2016 12:00:00 AM,06:50:56,4.43,45.0,30.4,98.0,176.63,4.5,06:47:00,17:44:00
30474,1481474766,12/11/2016 12:00:00 AM,06:46:06,3.18,45.0,30.4,98.0,176.62,3.37,06:47:00,17:44:00
30475,1481474466,12/11/2016 12:00:00 AM,06:41:06,2.09,45.0,30.39,98.0,176.62,3.37,06:47:00,17:44:00
30476,1481474166,12/11/2016 12:00:00 AM,06:36:06,1.32,45.0,30.39,98.0,176.64,3.37,06:47:00,17:44:00
30477,1481473858,12/11/2016 12:00:00 AM,06:30:58,1.29,45.0,30.39,97.0,177.3,4.5,06:47:00,17:44:00
30478,1481473566,12/11/2016 12:00:00 AM,06:26:06,1.27,45.0,30.39,98.0,177.89,3.37,06:47:00,17:44:00
30479,1481473265,12/11/2016 12:00:00 AM,06:21:05,1.29,45.0,30.39,98.0,177.54,4.5,06:47:00,17:44:00
30480,1481472955,12/11/2016 12:00:00 AM,06:15:55,1.25,45.0,30.39,97.0,177.57,3.37,06:47:00,17:44:00
30481,1481472666,12/11/2016 12:00:00 AM,06:11:06,1.3,45.0,30.39,98.0,177.6,4.5,06:47:00,17:44:00
30482,1481472365,12/11/2016 12:00:00 AM,06:06:05,1.28,45.0,30.39,98.0,177.73,4.5,06:47:00,17:44:00
30483,1481472066,12/11/2016 12:00:00 AM,06:01:06,1.26,45.0,30.39,98.0,177.39,4.5,06:47:00,17:44:00
30484,1481471767,12/11/2016 12:00:00 AM,05:56:07,1.28,45.0,30.39,99.0,177.41,3.37,06:47:00,17:44:00
30485,1481471455,12/11/2016 12:00:00 AM,05:50:55,1.3,45.0,30.39,99.0,176.52,5.62,06:47:00,17:44:00
30486,1481471156,12/11/2016 12:00:00 AM,05:45:56,1.28,45.0,30.39,99.0,176.39,3.37,06:47:00,17:44:00
30487,1481470866,12/11/2016 12:00:00 AM,05:41:06,1.24,45.0,30.39,99.0,177.68,5.62,06:47:00,17:44:00
30488,1481470565,12/11/2016 12:00:00 AM,05:36:05,1.29,45.0,30.39,99.0,176.78,4.5,06:47:00,17:44:00
30489,1481470256,12/11/2016 12:00:00 AM,05:30:56,1.28,45.0,30.39,100.0,174.57,3.37,06:47:00,17:44:00
30490,1481469967,12/11/2016 12:00:00 AM,05:26:07,1.28,45.0,30.38,100.0,174.56,2.25,06:47:00,17:44:00
30491,1481469665,12/11/2016 12:00:00 AM,05:21:05,1.27,45.0,30.38,100.0,165.29,3.37,06:47:00,17:44:00
30492,1481469365,12/11/2016 12:00:00 AM,05:16:05,1.25,45.0,30.38,100.0,161.91,3.37,06:47:00,17:44:00
30493,1481469056,12/11/2016 12:00:00 AM,05:10:56,1.28,45.0,30.39,100.0,161.03,3.37,06:47:00,17:44:00
30494,1481468755,12/11/2016 12:00:00 AM,05:05:55,1.28,45.0,30.39,100.0,158.12,4.5,06:47:00,17:44:00
30495,1481468455,12/11/2016 12:00:00 AM,05:00:55,1.29,45.0,30.39,99.0,158.1,4.5,06:47:00,17:44:00
30496,1481468156,12/11/2016 12:00:00 AM,04:55:56,1.29,46.0,30.39,99.0,155.0,5.62,06:47:00,17:44:00
30497,1481467866,12/11/2016 12:00:00 AM,04:51:06,1.26,46.0,30.38,99.0,153.69,4.5,06:47:00,17:44:00
30498,1481467555,12/11/2016 12:00:00 AM,04:45:55,1.28,46.0,30.38,99.0,153.52,2.25,06:47:00,17:44:00
30499,1481467265,12/11/2016 12:00:00 AM,04:41:05,1.27,46.0,30.39,99.0,152.66,2.25,06:47:00,17:44:00
30500,1481466966,12/11/2016 12:00:00 AM,04:36:06,1.27,46.0,30.39,99.0,152.65,1.12,06:47:00,17:44:00
30501,1481466669,12/11/2016 12:00:00 AM,04:31:09,1.27,46.0,30.39,98.0,155.8,0.0,06:47:00,17:44:00
30502,1481466365,12/11/2016 12:00:00 AM,04:26:05,1.27,46.0,30.39,98.0,156.6,2.25,06:47:00,17:44:00
30503,1481466068,12/11/2016 12:00:00 AM,04:21:08,1.28,47.0,30.39,98.0,156.6,4.5,06:47:00,17:44:00
30504,1481465758,12/11/2016 12:00:00 AM,04:15:58,1.28,47.0,30.39,98.0,156.59,2.25,06:47:00,17:44:00
30505,1481465471,12/11/2016 12:00:00 AM,04:11:11,1.28,47.0,30.39,98.0,156.59,2.25,06:47:00,17:44:00
30506,1481465166,12/11/2016 12:00:00 AM,04:06:06,1.29,47.0,30.38,98.0,156.59,0.0,06:47:00,17:44:00
30507,1481464855,12/11/2016 12:00:00 AM,04:00:55,1.24,47.0,30.39,98.0,156.59,1.12,06:47:00,17:44:00
30508,1481464565,12/11/2016 12:00:00 AM,03:56:05,1.25,48.0,30.39,98.0,156.59,0.0,06:47:00,17:44:00
30509,1481464265,12/11/2016 12:00:00 AM,03:51:05,1.29,48.0,30.39,97.0,156.59,2.25,06:47:00,17:44:00
30510,1481463965,12/11/2016 12:00:00 AM,03:46:05,1.27,48.0,30.39,98.0,86.32,3.37,06:47:00,17:44:00
30511,1481463656,12/11/2016 12:00:00 AM,03:40:56,1.29,48.0,30.38,98.0,82.07,0.0,06:47:00,17:44:00
30512,1481463365,12/11/2016 12:00:00 AM,03:36:05,1.31,48.0,30.38,98.0,89.14,3.37,06:47:00,17:44:00
30513,1481463065,12/11/2016 12:00:00 AM,03:31:05,1.28,48.0,30.39,99.0,90.24,1.12,06:47:00,17:44:00
30514,1481462759,12/11/2016 12:00:00 AM,03:25:59,1.29,48.0,30.39,99.0,90.24,2.25,06:47:00,17:44:00
30515,1481462466,12/11/2016 12:00:00 AM,03:21:06,1.28,48.0,30.39,98.0,92.69,0.0,06:47:00,17:44:00
30516,1481462168,12/11/2016 12:00:00 AM,03:16:08,1.29,48.0,30.39,98.0,92.69,2.25,06:47:00,17:44:00
30517,1481461856,12/11/2016 12:00:00 AM,03:10:56,1.31,48.0,30.39,98.0,58.05,2.25,06:47:00,17:44:00
30518,1481461555,12/11/2016 12:00:00 AM,03:05:55,1.27,48.0,30.39,98.0,58.02,1.12,06:47:00,17:44:00
30519,1481461255,12/11/2016 12:00:00 AM,03:00:55,1.3,49.0,30.39,99.0,49.35,1.12,06:47:00,17:44:00
30520,1481460959,12/11/2016 12:00:00 AM,02:55:59,1.33,49.0,30.39,100.0,49.35,2.25,06:47:00,17:44:00
30521,1481460665,12/11/2016 12:00:00 AM,02:51:05,1.29,48.0,30.39,100.0,49.35,3.37,06:47:00,17:44:00
30522,1481460356,12/11/2016 12:00:00 AM,02:45:56,1.29,48.0,30.39,101.0,52.22,2.25,06:47:00,17:44:00
30523,1481460068,12/11/2016 12:00:00 AM,02:41:08,1.3,48.0,30.39,101.0,52.23,1.12,06:47:00,17:44:00
30524,1481459765,12/11/2016 12:00:00 AM,02:36:05,1.29,48.0,30.39,101.0,52.21,0.0,06:47:00,17:44:00
30525,1481459466,12/11/2016 12:00:00 AM,02:31:06,1.28,48.0,30.39,101.0,36.82,3.37,06:47:00,17:44:00
30526,1481459156,12/11/2016 12:00:00 AM,02:25:56,1.28,48.0,30.39,101.0,169.23,2.25,06:47:00,17:44:00
30527,1481458856,12/11/2016 12:00:00 AM,02:20:56,1.27,48.0,30.39,101.0,169.23,3.37,06:47:00,17:44:00
30528,1481458566,12/11/2016 12:00:00 AM,02:16:06,1.27,48.0,30.4,101.0,169.26,1.12,06:47:00,17:44:00
30529,1481458255,12/11/2016 12:00:00 AM,02:10:55,1.32,48.0,30.4,101.0,169.25,3.37,06:47:00,17:44:00
30530,1481457968,12/11/2016 12:00:00 AM,02:06:08,1.27,48.0,30.4,101.0,169.25,2.25,06:47:00,17:44:00
30531,1481457665,12/11/2016 12:00:00 AM,02:01:05,1.29,48.0,30.4,101.0,169.24,3.37,06:47:00,17:44:00
30532,1481457366,12/11/2016 12:00:00 AM,01:56:06,1.31,48.0,30.4,101.0,169.49,4.5,06:47:00,17:44:00
30533,1481457055,12/11/2016 12:00:00 AM,01:50:55,1.27,48.0,30.41,102.0,170.74,2.25,06:47:00,17:44:00
30534,1481456756,12/11/2016 12:00:00 AM,01:45:56,1.28,48.0,30.41,102.0,170.54,2.25,06:47:00,17:44:00
30535,1481456466,12/11/2016 12:00:00 AM,01:41:06,1.28,48.0,30.41,102.0,170.53,2.25,06:47:00,17:44:00
30536,1481456166,12/11/2016 12:00:00 AM,01:36:06,1.28,48.0,30.41,102.0,173.18,2.25,06:47:00,17:44:00
30537,1481455850,12/11/2016 12:00:00 AM,01:30:50,1.29,48.0,30.41,102.0,182.84,3.37,06:47:00,17:44:00
30538,1481455549,12/11/2016 12:00:00 AM,01:25:49,1.28,48.0,30.41,102.0,182.84,2.25,06:47:00,17:44:00
30539,1481455252,12/11/2016 12:00:00 AM,01:20:52,1.28,48.0,30.41,102.0,182.86,3.37,06:47:00,17:44:00
30540,1481454949,12/11/2016 12:00:00 AM,01:15:49,1.28,48.0,30.42,102.0,211.42,3.37,06:47:00,17:44:00
30541,1481454650,12/11/2016 12:00:00 AM,01:10:50,1.28,48.0,30.42,102.0,211.42,2.25,06:47:00,17:44:00
30542,1481454340,12/11/2016 12:00:00 AM,01:05:40,1.27,48.0,30.42,102.0,211.43,2.25,06:47:00,17:44:00
30543,1481454042,12/11/2016 12:00:00 AM,01:00:42,1.29,48.0,30.42,102.0,211.43,3.37,06:47:00,17:44:00
30544,1481453752,12/11/2016 12:00:00 AM,00:55:52,1.26,48.0,30.42,102.0,217.87,2.25,06:47:00,17:44:00
30545,1481453443,12/11/2016 12:00:00 AM,00:50:43,1.29,48.0,30.43,102.0,217.87,2.25,06:47:00,17:44:00
30546,1481453150,12/11/2016 12:00:00 AM,00:45:50,1.25,48.0,30.43,102.0,217.89,2.25,06:47:00,17:44:00
30547,1481452850,12/11/2016 12:00:00 AM,00:40:50,1.3,48.0,30.43,102.0,217.92,3.37,06:47:00,17:44:00
30548,1481452550,12/11/2016 12:00:00 AM,00:35:50,1.3,48.0,30.43,102.0,218.75,1.12,06:47:00,17:44:00
30549,1481452239,12/11/2016 12:00:00 AM,00:30:39,1.27,48.0,30.43,102.0,218.75,0.0,06:47:00,17:44:00
30550,1481451949,12/11/2016 12:00:00 AM,00:25:49,1.28,48.0,30.43,102.0,218.75,0.0,06:47:00,17:44:00
30551,1481451650,12/11/2016 12:00:00 AM,00:20:50,1.28,48.0,30.43,102.0,218.75,6.229096658193317,06:47:00,17:44:00
30552,1481451349,12/11/2016 12:00:00 AM,00:15:49,1.29,48.0,30.43,102.0,218.75,1.12,06:47:00,17:44:00
30553,1481451049,12/11/2016 12:00:00 AM,00:10:49,1.31,48.0,30.43,102.0,218.75,2.25,06:47:00,17:44:00
30554,1481450751,12/11/2016 12:00:00 AM,00:05:51,1.26,49.0,30.42,102.0,218.75,2.25,06:47:00,17:44:00
30555,1481450449,12/11/2016 12:00:00 AM,00:00:49,1.26,49.0,30.43,102.0,143.54770303349548,2.25,06:47:00,17:44:00
30556,1481450141,12/10/2016 12:00:00 AM,23:55:41,1.3,49.0,30.43,102.0,218.94,3.37,06:47:00,17:44:00
30557,1481449839,12/10/2016 12:00:00 AM,23:50:39,1.29,49.0,30.43,102.0,218.95,2.25,06:47:00,17:44:00
30558,1481449550,12/10/2016 12:00:00 AM,23:45:50,1.3,49.0,30.43,102.0,218.95,2.25,06:47:00,17:44:00
30559,1481449249,12/10/2016 12:00:00 AM,23:40:49,1.29,49.0,30.43,102.0,218.94,2.25,06:47:00,17:44:00
30560,1481448940,12/10/2016 12:00:00 AM,23:35:40,1.3,49.0,30.43,102.0,218.93,3.37,06:47:00,17:44:00
30561,1481448650,12/10/2016 12:00:00 AM,23:30:50,1.29,49.0,30.43,102.0,145.17,4.5,06:47:00,17:44:00
30562,1481448350,12/10/2016 12:00:00 AM,23:25:50,1.3,49.0,30.43,102.0,85.67,1.12,06:47:00,17:44:00
30563,1481448049,12/10/2016 12:00:00 AM,23:20:49,1.27,49.0,30.43,102.0,85.67,2.25,06:47:00,17:44:00
30564,1481447749,12/10/2016 12:00:00 AM,23:15:49,1.3,49.0,30.43,102.0,85.63,1.12,06:47:00,17:44:00
30565,1481447440,12/10/2016 12:00:00 AM,23:10:40,1.31,48.0,30.43,102.0,85.63,1.12,06:47:00,17:44:00
30566,1481447139,12/10/2016 12:00:00 AM,23:05:39,1.31,48.0,30.43,102.0,85.64,1.12,06:47:00,17:44:00
30567,1481446850,12/10/2016 12:00:00 AM,23:00:50,1.29,48.0,30.43,102.0,85.63,2.25,06:47:00,17:44:00
30568,1481446549,12/10/2016 12:00:00 AM,22:55:49,1.28,48.0,30.43,102.0,85.63,0.0,06:47:00,17:44:00
30569,1481446240,12/10/2016 12:00:00 AM,22:50:40,1.29,48.0,30.43,102.0,85.64,0.0,06:47:00,17:44:00
30570,1481445950,12/10/2016 12:00:00 AM,22:45:50,1.28,48.0,30.42,102.0,85.64,1.12,06:47:00,17:44:00
30571,1481445650,12/10/2016 12:00:00 AM,22:40:50,1.3,48.0,30.42,102.0,85.64,1.12,06:47:00,17:44:00
30572,1481445350,12/10/2016 12:00:00 AM,22:35:50,1.28,48.0,30.42,102.0,85.64,2.25,06:47:00,17:44:00
30573,1481445050,12/10/2016 12:00:00 AM,22:30:50,1.28,48.0,30.42,102.0,85.53,2.25,06:47:00,17:44:00
30574,1481444740,12/10/2016 12:00:00 AM,22:25:40,1.3,48.0,30.42,102.0,85.49,2.25,06:47:00,17:44:00
30575,1481444440,12/10/2016 12:00:00 AM,22:20:40,1.29,48.0,30.42,102.0,85.41,2.25,06:47:00,17:44:00
30576,1481444150,12/10/2016 12:00:00 AM,22:15:50,1.28,48.0,30.423028000868246,102.0,85.41,2.25,06:47:00,17:44:00
30577,1481443839,12/10/2016 12:00:00 AM,22:10:39,1.26,48.0,30.43,102.0,85.42,2.25,06:47:00,17:44:00
30578,1481443550,12/10/2016 12:00:00 AM,22:05:50,1.28,48.0,30.43,102.0,85.42,2.25,06:47:00,17:44:00
30579,1481443249,12/10/2016 12:00:00 AM,22:00:49,1.29,48.0,30.42,102.0,85.39,1.12,06:47:00,17:44:00
30580,1481442950,12/10/2016 12:00:00 AM,21:55:50,1.31,48.0,30.43,102.0,85.39,1.12,06:47:00,17:44:00
30581,1481442649,12/10/2016 12:00:00 AM,21:50:49,1.31,48.0,30.43,102.0,85.39,0.0,06:47:00,17:44:00
30582,1481442340,12/10/2016 12:00:00 AM,21:45:40,1.29,48.0,30.42,102.0,85.39,1.12,06:47:00,17:44:00
30583,1481442049,12/10/2016 12:00:00 AM,21:40:49,1.31,48.0,30.43,102.0,85.39,1.12,06:47:00,17:44:00
30584,1481441761,12/10/2016 12:00:00 AM,21:36:01,1.29,48.0,30.43,102.0,85.39,2.25,06:47:00,17:44:00
30585,1481441450,12/10/2016 12:00:00 AM,21:30:50,1.3,48.0,30.43,102.0,85.39,0.0,06:47:00,17:44:00
30586,1481441149,12/10/2016 12:00:00 AM,21:25:49,1.27,48.0,30.42,102.0,85.39,1.12,06:47:00,17:44:00
30587,1481440849,12/10/2016 12:00:00 AM,21:20:49,1.28,48.0,30.42,102.0,85.4,1.12,06:47:00,17:44:00
30588,1481440549,12/10/2016 12:00:00 AM,21:15:49,1.28,48.0,30.42,102.0,85.39,0.0,06:47:00,17:44:00
30589,1481440239,12/10/2016 12:00:00 AM,21:10:39,1.28,48.0,30.42,102.0,85.39,1.12,06:47:00,17:44:00
30590,1481439966,12/10/2016 12:00:00 AM,21:06:06,1.3,48.0,30.43,102.0,85.39,1.12,06:47:00,17:44:00
30591,1481439642,12/10/2016 12:00:00 AM,21:00:42,1.3,49.0,30.43,102.0,85.39,0.0,06:47:00,17:44:00
30592,1481439369,12/10/2016 12:00:00 AM,20:56:09,1.31,51.16507236474315,30.43,102.0,85.4,1.12,06:47:00,17:44:00
30593,1481439050,12/10/2016 12:00:00 AM,20:50:50,1.29,49.0,30.42,102.0,85.4,1.12,06:47:00,17:44:00
30594,1481438740,12/10/2016 12:00:00 AM,20:45:40,1.28,49.0,30.42,102.0,85.4,2.25,06:47:00,17:44:00
30595,1481438442,12/10/2016 12:00:00 AM,20:40:42,1.27,49.0,30.42,102.0,85.39,1.12,06:47:00,17:44:00
30596,1481438140,12/10/2016 12:00:00 AM,20:35:40,1.28,49.0,30.42,102.0,85.39,1.12,06:47:00,17:44:00
30597,1481437840,12/10/2016 12:00:00 AM,20:30:40,1.28,49.0,30.42,102.0,85.39,1.12,06:47:00,17:44:00
30598,1481437550,12/10/2016 12:00:00 AM,20:25:50,1.3,49.0,30.42,102.0,85.39,0.0,06:47:00,17:44:00
30599,1481437239,12/10/2016 12:00:00 AM,20:20:39,1.3,49.0,30.42,102.0,85.39,1.12,06:47:00,17:44:00
30600,1481436949,12/10/2016 12:00:00 AM,20:15:49,1.3,49.0,30.42,102.0,85.4,1.12,06:47:00,17:44:00
30601,1481436649,12/10/2016 12:00:00 AM,20:10:49,1.29,49.0,30.42,102.0,85.4,1.12,06:47:00,17:44:00
30602,1481436350,12/10/2016 12:00:00 AM,20:05:50,1.28,51.16507236474315,30.42,102.0,85.4,2.25,06:47:00,17:44:00
30603,1481436040,12/10/2016 12:00:00 AM,20:00:40,1.32,49.0,30.42,102.0,85.4,1.12,06:47:00,17:44:00
30604,1481435750,12/10/2016 12:00:00 AM,19:55:50,1.27,49.0,30.42,102.0,85.39,1.12,06:47:00,17:44:00
30605,1481435450,12/10/2016 12:00:00 AM,19:50:50,1.28,49.0,30.41,102.0,85.39,0.0,06:47:00,17:44:00
30606,1481435139,12/10/2016 12:00:00 AM,19:45:39,1.28,49.0,30.41,102.0,85.39,0.0,06:47:00,17:44:00
30607,1481434849,12/10/2016 12:00:00 AM,19:40:49,1.3,49.0,30.41,102.0,85.39,0.0,06:47:00,17:44:00
30608,1481434551,12/10/2016 12:00:00 AM,19:35:51,1.26,49.0,30.41,102.0,85.39,0.0,06:47:00,17:44:00
30609,1481434249,12/10/2016 12:00:00 AM,19:30:49,1.28,49.0,30.41,102.0,85.39,0.0,06:47:00,17:44:00
30610,1481433939,12/10/2016 12:00:00 AM,19:25:39,1.28,49.0,30.41,102.0,85.39,0.0,06:47:00,17:44:00
30611,1481433640,12/10/2016 12:00:00 AM,19:20:40,1.26,49.0,30.41,102.0,85.4,1.12,06:47:00,17:44:00
30612,1481433339,12/10/2016 12:00:00 AM,19:15:39,1.29,49.0,30.4,102.0,85.4,2.25,06:47:00,17:44:00
30613,1481433052,12/10/2016 12:00:00 AM,19:10:52,1.28,49.0,30.4,102.0,85.4,0.0,06:47:00,17:44:00
30614,1481432739,12/10/2016 12:00:00 AM,19:05:39,1.25,49.0,30.4,102.0,85.34,2.25,06:47:00,17:44:00
30615,1481432449,12/10/2016 12:00:00 AM,19:00:49,1.32,49.0,30.4,102.0,85.33,1.12,06:47:00,17:44:00
30616,1481432152,12/10/2016 12:00:00 AM,18:55:52,1.3,49.0,30.4,102.0,85.21,0.0,06:47:00,17:44:00
30617,1481431849,12/10/2016 12:00:00 AM,18:50:49,1.29,49.0,30.4,102.0,85.2,1.12,06:47:00,17:44:00
30618,1481431550,12/10/2016 12:00:00 AM,18:45:50,1.3,50.0,30.4,102.0,84.51,2.25,06:47:00,17:44:00
30619,1481431250,12/10/2016 12:00:00 AM,18:40:50,1.29,50.0,30.4,102.0,84.47,0.0,06:47:00,17:44:00
30620,1481430942,12/10/2016 12:00:00 AM,18:35:42,1.28,50.0,30.4,102.0,84.5,3.37,06:47:00,17:44:00
30621,1481430640,12/10/2016 12:00:00 AM,18:30:40,1.32,50.0,30.4,102.0,84.55,2.25,06:47:00,17:44:00
30622,1481430339,12/10/2016 12:00:00 AM,18:25:39,1.31,50.0,30.39,102.0,84.66,0.0,06:47:00,17:44:00
30623,1481430052,12/10/2016 12:00:00 AM,18:20:52,1.28,50.0,30.39,102.0,84.67,1.12,06:47:00,17:44:00
30624,1481429739,12/10/2016 12:00:00 AM,18:15:39,1.31,50.0,30.39,102.0,84.69,2.25,06:47:00,17:44:00
30625,1481429449,12/10/2016 12:00:00 AM,18:10:49,1.31,50.0,30.39,102.0,84.89,3.37,06:47:00,17:44:00
30626,1481429149,12/10/2016 12:00:00 AM,18:05:49,1.28,49.0,30.39,102.0,66.37,2.25,06:47:00,17:44:00
30627,1481428850,12/10/2016 12:00:00 AM,18:00:50,1.31,49.0,30.39,102.0,48.71,4.5,06:47:00,17:44:00
30628,1481428550,12/10/2016 12:00:00 AM,17:55:50,1.3,49.0,30.39,102.0,25.99,0.0,06:47:00,17:44:00
30629,1481428253,12/10/2016 12:00:00 AM,17:50:53,1.3,49.0,30.39,102.0,25.99,0.0,06:47:00,17:44:00
30630,1481427950,12/10/2016 12:00:00 AM,17:45:50,1.29,49.0,30.39,102.0,25.99,0.0,06:47:00,17:44:00
30631,1481427639,12/10/2016 12:00:00 AM,17:40:39,1.33,49.0,30.39,102.0,25.99,0.0,06:47:00,17:44:00
30632,1481427350,12/10/2016 12:00:00 AM,17:35:50,2.22,50.0,30.39,102.0,25.99,0.0,06:47:00,17:44:00
30633,1481427060,12/10/2016 12:00:00 AM,17:31:00,3.03,50.0,30.38,102.0,25.99,1.12,06:47:00,17:44:00
30634,1481426749,12/10/2016 12:00:00 AM,17:25:49,3.53,50.0,30.38,102.0,25.99,0.0,06:47:00,17:44:00
30635,1481426450,12/10/2016 12:00:00 AM,17:20:50,4.05,50.0,30.38,102.0,25.99,0.0,06:47:00,17:44:00
30636,1481426149,12/10/2016 12:00:00 AM,17:15:49,4.32,50.0,30.38,102.0,25.99,0.0,06:47:00,17:44:00
30637,1481425841,12/10/2016 12:00:00 AM,17:10:41,5.41,50.0,30.38,102.0,25.99,0.0,06:47:00,17:44:00
30638,1481425540,12/10/2016 12:00:00 AM,17:05:40,6.63,50.0,30.38,102.0,25.99,0.0,06:47:00,17:44:00
30639,1481425239,12/10/2016 12:00:00 AM,17:00:39,9.19,50.0,30.38,102.0,25.99,0.0,06:47:00,17:44:00
30640,1481424950,12/10/2016 12:00:00 AM,16:55:50,12.11,50.0,30.38,102.0,25.99,1.12,06:47:00,17:44:00
30641,1481424640,12/10/2016 12:00:00 AM,16:50:40,14.63,50.0,30.37,102.0,25.99,1.12,06:47:00,17:44:00
30642,1481424349,12/10/2016 12:00:00 AM,16:45:49,17.71,50.0,30.37,102.0,25.99,1.12,06:47:00,17:44:00
30643,1481424049,12/10/2016 12:00:00 AM,16:40:49,21.19,50.0,30.37,102.0,26.0,0.0,06:47:00,17:44:00
30644,1481423749,12/10/2016 12:00:00 AM,16:35:49,20.25,50.0,30.37,102.0,26.0,0.0,06:47:00,17:44:00
30645,1481423450,12/10/2016 12:00:00 AM,16:30:50,16.29,50.0,30.37,74.83719267708949,26.0,1.12,06:47:00,17:44:00
30646,1481423149,12/10/2016 12:00:00 AM,16:25:49,23.17,50.0,30.37,102.0,26.0,0.0,06:47:00,17:44:00
30647,1481422840,12/10/2016 12:00:00 AM,16:20:40,32.46,50.0,30.37,102.0,26.0,0.0,06:47:00,17:44:00
30648,1481422540,12/10/2016 12:00:00 AM,16:15:40,45.78,50.0,30.36,102.0,26.0,1.12,06:47:00,17:44:00
30649,1481422249,12/10/2016 12:00:00 AM,16:10:49,45.85,50.0,30.36,102.0,26.01,1.12,06:47:00,17:44:00
30650,1481421940,12/10/2016 12:00:00 AM,16:05:40,39.24,50.0,30.36,74.83719267708949,26.0,2.25,06:47:00,17:44:00
30651,1481421649,12/10/2016 12:00:00 AM,16:00:49,40.0,50.0,30.36,102.0,26.0,2.25,06:47:00,17:44:00
30652,1481421349,12/10/2016 12:00:00 AM,15:55:49,35.2,50.0,30.37,102.0,26.0,2.25,06:47:00,17:44:00
30653,1481421040,12/10/2016 12:00:00 AM,15:50:40,46.51,50.0,30.36,101.0,26.0,2.25,06:47:00,17:44:00
30654,1481420743,12/10/2016 12:00:00 AM,15:45:43,52.56,50.0,30.36,101.0,26.01,3.37,06:47:00,17:44:00
30655,1481420440,12/10/2016 12:00:00 AM,15:40:40,31.61,50.0,30.36,101.0,26.16,2.25,06:47:00,17:44:00
30656,1481420140,12/10/2016 12:00:00 AM,15:35:40,27.45,50.0,30.36,101.0,30.55,3.37,06:47:00,17:44:00
30657,1481419849,12/10/2016 12:00:00 AM,15:30:49,33.31,50.0,30.36,101.0,30.54,1.12,06:47:00,17:44:00
30658,1481419549,12/10/2016 12:00:00 AM,15:25:49,38.13,50.0,30.36,101.0,34.3,3.37,06:47:00,17:44:00
30659,1481419249,12/10/2016 12:00:00 AM,15:20:49,35.39,50.0,30.36,101.0,25.09,3.37,06:47:00,17:44:00
30660,1481418949,12/10/2016 12:00:00 AM,15:15:49,31.29,50.0,30.36,101.0,19.2,3.37,06:47:00,17:44:00
30661,1481418653,12/10/2016 12:00:00 AM,15:10:53,28.77,50.0,30.36,101.0,16.78,2.25,06:47:00,17:44:00
30662,1481418350,12/10/2016 12:00:00 AM,15:05:50,23.38,50.0,30.36,101.0,34.69,4.5,06:47:00,17:44:00
30663,1481418042,12/10/2016 12:00:00 AM,15:00:42,27.22,51.0,30.36,101.0,28.09,4.5,06:47:00,17:44:00
30664,1481417740,12/10/2016 12:00:00 AM,14:55:40,31.75,51.0,30.36,101.0,26.52,5.62,06:47:00,17:44:00
30665,1481417453,12/10/2016 12:00:00 AM,14:50:53,35.05,51.0,30.36,101.0,33.42,4.5,06:47:00,17:44:00
30666,1481417139,12/10/2016 12:00:00 AM,14:45:39,32.32,51.0,30.36,101.0,21.95,3.37,06:47:00,17:44:00
30667,1481416850,12/10/2016 12:00:00 AM,14:40:50,46.43,51.0,30.36,101.0,0.38,4.5,06:47:00,17:44:00
30668,1481416549,12/10/2016 12:00:00 AM,14:35:49,47.57,51.0,30.36,101.0,11.91,5.62,06:47:00,17:44:00
30669,1481416250,12/10/2016 12:00:00 AM,14:30:50,34.86,51.0,30.36,101.0,0.42,3.37,06:47:00,17:44:00
30670,1481415950,12/10/2016 12:00:00 AM,14:25:50,39.11,51.0,30.36,101.0,0.38,4.5,06:47:00,17:44:00
30671,1481415639,12/10/2016 12:00:00 AM,14:20:39,32.9,51.0,30.36,100.0,355.3,5.62,06:47:00,17:44:00
30672,1481415340,12/10/2016 12:00:00 AM,14:15:40,41.37,51.0,30.36,100.0,359.87,7.87,06:47:00,17:44:00
30673,1481415049,12/10/2016 12:00:00 AM,14:10:49,43.17,51.0,30.36,100.0,0.38,5.62,06:47:00,17:44:00
30674,1481414740,12/10/2016 12:00:00 AM,14:05:40,84.41,52.0,30.36,100.0,356.39,7.87,06:47:00,17:44:00
30675,1481414449,12/10/2016 12:00:00 AM,14:00:49,90.83,52.0,30.36,100.0,354.79,3.37,06:47:00,17:44:00
30676,1481414152,12/10/2016 12:00:00 AM,13:55:52,68.63,52.0,30.36,100.0,359.84,6.75,06:47:00,17:44:00
30677,1481413850,12/10/2016 12:00:00 AM,13:50:50,54.51,52.0,30.36,99.0,359.87,5.62,06:47:00,17:44:00
30678,1481413549,12/10/2016 12:00:00 AM,13:45:49,62.87,52.0,30.36,99.0,281.08,2.25,06:47:00,17:44:00
30679,1481413240,12/10/2016 12:00:00 AM,13:40:40,88.55,53.0,30.36,99.0,300.57,4.5,06:47:00,17:44:00
30680,1481412940,12/10/2016 12:00:00 AM,13:35:40,86.02,53.0,30.36,99.0,336.44,2.25,06:47:00,17:44:00
30681,1481412649,12/10/2016 12:00:00 AM,13:30:49,176.86,53.0,30.36,99.0,336.43,3.37,06:47:00,17:44:00
30682,1481412350,12/10/2016 12:00:00 AM,13:25:50,203.38,53.0,30.36,99.0,336.44,2.25,06:47:00,17:44:00
30683,1481412049,12/10/2016 12:00:00 AM,13:20:49,279.41,53.0,30.36,98.0,336.44,3.37,06:47:00,17:44:00
30684,1481411749,12/10/2016 12:00:00 AM,13:15:49,194.45,53.0,30.37,98.0,4.81,4.5,06:47:00,17:44:00
30685,1481411449,12/10/2016 12:00:00 AM,13:10:49,177.55,53.0,30.37,98.0,0.82,2.25,06:47:00,17:44:00
30686,1481411149,12/10/2016 12:00:00 AM,13:05:49,224.85,53.0,30.37,98.0,6.8,5.62,06:47:00,17:44:00
30687,1481410840,12/10/2016 12:00:00 AM,13:00:40,222.55,53.0,30.37,97.0,14.86,3.37,06:47:00,17:44:00
30688,1481410540,12/10/2016 12:00:00 AM,12:55:40,165.56,53.0,30.37,95.0,13.06,3.37,06:47:00,17:44:00
30689,1481410239,12/10/2016 12:00:00 AM,12:50:39,163.96,53.0,30.37,93.0,12.84,3.37,06:47:00,17:44:00
30690,1481409950,12/10/2016 12:00:00 AM,12:45:50,147.82,53.0,30.38,92.0,0.49,2.25,06:47:00,17:44:00
30691,1481409639,12/10/2016 12:00:00 AM,12:40:39,138.22,53.0,30.38,92.0,339.94,3.37,06:47:00,17:44:00
30692,1481409350,12/10/2016 12:00:00 AM,12:35:50,129.77,53.0,30.38,93.0,338.88,0.0,06:47:00,17:44:00
30693,1481409052,12/10/2016 12:00:00 AM,12:30:52,150.61,53.0,30.39,94.0,338.86,0.0,06:47:00,17:44:00
30694,1481408750,12/10/2016 12:00:00 AM,12:25:50,172.61,53.0,30.39,94.0,338.86,1.12,06:47:00,17:44:00
30695,1481408450,12/10/2016 12:00:00 AM,12:20:50,199.1,54.0,30.39,95.0,338.85,3.37,06:47:00,17:44:00
30696,1481408150,12/10/2016 12:00:00 AM,12:15:50,215.21,54.0,30.39,95.0,337.93,3.37,06:47:00,17:44:00
30697,1481407841,12/10/2016 12:00:00 AM,12:10:41,258.1,54.0,30.39,93.0,336.26,2.25,06:47:00,17:44:00
30698,1481407540,12/10/2016 12:00:00 AM,12:05:40,270.28,54.0,30.39,94.0,336.44,3.37,06:47:00,17:44:00
30699,1481407249,12/10/2016 12:00:00 AM,12:00:49,212.69,54.0,30.4,92.0,350.28,4.5,06:47:00,17:44:00
30700,1481406939,12/10/2016 12:00:00 AM,11:55:39,231.44,54.0,30.4,90.0,12.32,2.25,06:47:00,17:44:00
30701,1481406649,12/10/2016 12:00:00 AM,11:50:49,272.18,54.0,30.4,89.0,40.13,0.0,06:47:00,17:44:00
30702,1481406352,12/10/2016 12:00:00 AM,11:45:52,261.82,54.0,30.4,91.0,40.13,2.25,06:47:00,17:44:00
30703,1481406050,12/10/2016 12:00:00 AM,11:40:50,211.76,54.0,30.4,88.0,44.93,3.37,06:47:00,17:44:00
30704,1481405750,12/10/2016 12:00:00 AM,11:35:50,196.08,54.0,30.4,86.0,44.93,2.25,06:47:00,17:44:00
30705,1481405440,12/10/2016 12:00:00 AM,11:30:40,213.9,54.0,30.4,87.0,44.95,1.12,06:47:00,17:44:00
30706,1481405140,12/10/2016 12:00:00 AM,11:25:40,243.21,54.0,30.4,88.0,44.96,0.0,06:47:00,17:44:00
30707,1481404839,12/10/2016 12:00:00 AM,11:20:39,238.48,54.0,30.41,87.0,44.96,1.12,06:47:00,17:44:00
30708,1481404549,12/10/2016 12:00:00 AM,11:15:49,233.95,54.0,30.41,88.0,44.83,2.25,06:47:00,17:44:00
30709,1481404252,12/10/2016 12:00:00 AM,11:10:52,236.64,54.0,30.41,88.0,46.21,2.25,06:47:00,17:44:00
30710,1481403952,12/10/2016 12:00:00 AM,11:05:52,307.9,54.0,30.41,87.0,46.32,0.0,06:47:00,17:44:00
30711,1481403649,12/10/2016 12:00:00 AM,11:00:49,341.09,54.0,30.41,88.0,46.32,2.25,06:47:00,17:44:00
30712,1481403350,12/10/2016 12:00:00 AM,10:55:50,346.26,54.0,30.41,89.0,42.1,1.12,06:47:00,17:44:00
30713,1481403039,12/10/2016 12:00:00 AM,10:50:39,284.32,54.0,30.41,89.0,42.09,2.25,06:47:00,17:44:00
30714,1481402751,12/10/2016 12:00:00 AM,10:45:51,294.3,54.0,30.41,90.0,43.51,6.229096658193317,06:47:00,17:44:00
30715,1481402440,12/10/2016 12:00:00 AM,10:40:40,304.0,54.0,30.41,91.0,258.76,0.0,06:47:00,17:44:00
30716,1481402149,12/10/2016 12:00:00 AM,10:35:49,327.13,53.0,30.41,87.0,258.84,1.12,06:47:00,17:44:00
30717,1481401850,12/10/2016 12:00:00 AM,10:30:50,303.07,53.0,30.42,89.0,257.85,0.0,06:47:00,17:44:00
30718,1481401549,12/10/2016 12:00:00 AM,10:25:49,278.12,53.0,30.42,88.0,257.85,0.0,06:47:00,17:44:00
30719,1481401239,12/10/2016 12:00:00 AM,10:20:39,274.6,53.0,30.42,89.0,257.84,2.25,06:47:00,17:44:00
30720,1481400940,12/10/2016 12:00:00 AM,10:15:40,233.08,53.0,30.42,94.0,211.22,0.0,06:47:00,17:44:00
30721,1481400649,12/10/2016 12:00:00 AM,10:10:49,247.58,53.0,30.42,94.0,211.25,4.5,06:47:00,17:44:00
30722,1481400350,12/10/2016 12:00:00 AM,10:05:50,167.43,53.0,30.42,94.0,215.82,4.5,06:47:00,17:44:00
30723,1481400051,12/10/2016 12:00:00 AM,10:00:51,177.46,52.0,30.42,94.0,213.93,4.5,06:47:00,17:44:00
30724,1481399751,12/10/2016 12:00:00 AM,09:55:51,135.55,52.0,30.42,95.0,214.3,6.75,06:47:00,17:44:00
30725,1481399456,12/10/2016 12:00:00 AM,09:50:56,156.79,52.0,30.42,95.0,217.25,5.62,06:47:00,17:44:00
30726,1481399139,12/10/2016 12:00:00 AM,09:45:39,142.11,52.0,30.42,94.0,235.58,5.62,06:47:00,17:44:00
30727,1481398840,12/10/2016 12:00:00 AM,09:40:40,159.09,52.0,30.43,95.0,249.41,4.5,06:47:00,17:44:00
30728,1481398550,12/10/2016 12:00:00 AM,09:35:50,182.11,52.0,30.43,95.0,268.27,4.5,06:47:00,17:44:00
30729,1481398242,12/10/2016 12:00:00 AM,09:30:42,171.7,51.0,30.43,94.0,268.39,2.25,06:47:00,17:44:00
30730,1481397950,12/10/2016 12:00:00 AM,09:25:50,143.5,51.0,30.43,94.0,268.39,1.12,06:47:00,17:44:00
30731,1481397649,12/10/2016 12:00:00 AM,09:20:49,110.16,51.0,30.43,94.0,222.82,2.25,06:47:00,17:44:00
30732,1481397349,12/10/2016 12:00:00 AM,09:15:49,79.94,51.0,30.43,95.0,221.31,3.37,06:47:00,17:44:00
30733,1481397040,12/10/2016 12:00:00 AM,09:10:40,84.02,51.0,30.43,94.0,269.67,1.12,06:47:00,17:44:00
30734,1481396739,12/10/2016 12:00:00 AM,09:05:39,76.1,50.0,30.43,95.0,245.83,3.37,06:47:00,17:44:00
30735,1481396450,12/10/2016 12:00:00 AM,09:00:50,73.54,50.0,30.43,97.0,206.68,4.5,06:47:00,17:44:00
30736,1481396139,12/10/2016 12:00:00 AM,08:55:39,82.19,50.0,30.42,96.0,199.82,2.25,06:47:00,17:44:00
30737,1481395849,12/10/2016 12:00:00 AM,08:50:49,78.48,50.0,30.42,97.0,199.51,2.25,06:47:00,17:44:00
30738,1481395552,12/10/2016 12:00:00 AM,08:45:52,68.22,50.0,30.42,97.0,199.45,2.25,06:47:00,17:44:00
30739,1481395249,12/10/2016 12:00:00 AM,08:40:49,68.68,50.0,30.43,96.0,199.45,1.12,06:47:00,17:44:00
30740,1481394952,12/10/2016 12:00:00 AM,08:35:52,76.14,50.0,30.43,96.0,199.45,0.0,06:47:00,17:44:00
30741,1481394652,12/10/2016 12:00:00 AM,08:30:52,62.46,50.0,30.42,96.0,199.45,0.0,06:47:00,17:44:00
30742,1481394350,12/10/2016 12:00:00 AM,08:25:50,58.95,50.0,30.42,96.0,199.37,2.25,06:47:00,17:44:00
30743,1481394040,12/10/2016 12:00:00 AM,08:20:40,55.18,49.0,30.42,97.0,197.5,2.25,06:47:00,17:44:00
30744,1481393743,12/10/2016 12:00:00 AM,08:15:43,51.11,49.0,30.42,98.0,196.66,0.0,06:47:00,17:44:00
30745,1481393440,12/10/2016 12:00:00 AM,08:10:40,45.46,49.0,30.42,98.0,196.66,3.37,06:47:00,17:44:00
30746,1481393140,12/10/2016 12:00:00 AM,08:05:40,36.27,49.0,30.42,98.0,196.67,5.62,06:47:00,17:44:00
30747,1481392849,12/10/2016 12:00:00 AM,08:00:49,36.44,48.0,30.42,98.0,247.6,4.5,06:47:00,17:44:00
30748,1481392539,12/10/2016 12:00:00 AM,07:55:39,34.25,48.0,30.42,98.0,248.81,4.5,06:47:00,17:44:00
30749,1481392249,12/10/2016 12:00:00 AM,07:50:49,36.28,49.0,30.42,97.0,249.75,4.5,06:47:00,17:44:00
30750,1481391949,12/10/2016 12:00:00 AM,07:45:49,38.26,49.0,30.41,96.0,328.66,3.37,06:47:00,17:44:00
30751,1481391639,12/10/2016 12:00:00 AM,07:40:39,38.18,49.0,30.41,95.0,329.06,2.25,06:47:00,17:44:00
30752,1481391349,12/10/2016 12:00:00 AM,07:35:49,38.93,50.0,30.423028000868246,94.0,184.86,2.25,06:47:00,17:44:00
30753,1481391040,12/10/2016 12:00:00 AM,07:30:40,27.83,49.0,30.41,94.0,184.86,2.25,06:47:00,17:44:00
30754,1481390750,12/10/2016 12:00:00 AM,07:25:50,17.52,49.0,30.41,94.0,167.74,5.62,06:47:00,17:44:00
30755,1481390449,12/10/2016 12:00:00 AM,07:20:49,14.99,50.0,30.41,94.0,195.91,3.37,06:47:00,17:44:00
30756,1481390140,12/10/2016 12:00:00 AM,07:15:40,12.62,50.0,30.41,93.0,195.91,2.25,06:47:00,17:44:00
30757,1481389849,12/10/2016 12:00:00 AM,07:10:49,10.95,50.0,30.41,93.0,194.51,7.87,06:47:00,17:44:00
30758,1481389551,12/10/2016 12:00:00 AM,07:05:51,7.85,49.0,30.4,95.0,192.23,2.25,06:47:00,17:44:00
30759,1481389250,12/10/2016 12:00:00 AM,07:00:50,4.82,48.0,30.4,96.0,190.63,5.62,06:47:00,17:44:00
30760,1481388953,12/10/2016 12:00:00 AM,06:55:53,3.03,49.0,30.4,96.0,187.38,2.25,06:47:00,17:44:00
30761,1481388649,12/10/2016 12:00:00 AM,06:50:49,1.82,49.0,30.4,95.0,186.76,3.37,06:47:00,17:44:00
30762,1481388350,12/10/2016 12:00:00 AM,06:45:50,1.28,49.0,30.4,96.0,186.76,1.12,06:47:00,17:44:00
30763,1481388050,12/10/2016 12:00:00 AM,06:40:50,1.29,49.0,30.4,95.0,186.76,0.0,06:47:00,17:44:00
30764,1481387750,12/10/2016 12:00:00 AM,06:35:50,1.3,49.0,30.4,95.0,186.76,2.25,06:47:00,17:44:00
30765,1481387440,12/10/2016 12:00:00 AM,06:30:40,1.32,49.0,30.39,96.0,185.91,1.12,06:47:00,17:44:00
30766,1481387149,12/10/2016 12:00:00 AM,06:25:49,1.28,49.0,30.4,96.0,185.85,4.5,06:47:00,17:44:00
30767,1481386839,12/10/2016 12:00:00 AM,06:20:39,1.3,48.0,30.39,97.0,185.91,5.62,06:47:00,17:44:00
30768,1481386550,12/10/2016 12:00:00 AM,06:15:50,1.27,48.0,30.39,97.0,186.41,2.25,06:47:00,17:44:00
30769,1481386249,12/10/2016 12:00:00 AM,06:10:49,1.25,48.0,30.39,98.0,186.74,0.0,06:47:00,17:44:00
30770,1481385955,12/10/2016 12:00:00 AM,06:05:55,1.28,48.0,30.39,98.0,186.74,3.37,06:47:00,17:44:00
30771,1481385639,12/10/2016 12:00:00 AM,06:00:39,1.29,48.0,30.39,98.0,187.06,6.75,06:47:00,17:44:00
30772,1481385339,12/10/2016 12:00:00 AM,05:55:39,1.27,48.0,30.39,98.0,210.01,2.25,06:47:00,17:44:00
30773,1481385040,12/10/2016 12:00:00 AM,05:50:40,1.31,48.0,30.39,98.0,273.41,5.62,06:47:00,17:44:00
30774,1481384750,12/10/2016 12:00:00 AM,05:45:50,1.26,48.0,30.39,98.0,274.48,2.25,06:47:00,17:44:00
30775,1481384440,12/10/2016 12:00:00 AM,05:40:40,1.3,48.0,30.39,98.0,274.48,2.25,06:47:00,17:44:00
30776,1481384152,12/10/2016 12:00:00 AM,05:35:52,1.27,49.0,30.39,98.0,274.76,2.25,06:47:00,17:44:00
30777,1481383850,12/10/2016 12:00:00 AM,05:30:50,1.29,48.0,30.39,98.0,274.76,3.37,06:47:00,17:44:00
30778,1481383550,12/10/2016 12:00:00 AM,05:25:50,1.27,48.0,30.39,99.0,274.76,3.37,06:47:00,17:44:00
30779,1481383249,12/10/2016 12:00:00 AM,05:20:49,1.29,48.0,30.39,100.0,246.71,2.25,06:47:00,17:44:00
30780,1481382939,12/10/2016 12:00:00 AM,05:15:39,1.26,48.0,30.39,100.0,246.7,4.5,06:47:00,17:44:00
30781,1481382639,12/10/2016 12:00:00 AM,05:10:39,1.25,48.0,30.39,100.0,252.52,4.5,06:47:00,17:44:00
30782,1481382349,12/10/2016 12:00:00 AM,05:05:49,1.25,48.0,30.39,100.0,268.62,4.5,06:47:00,17:44:00
30783,1481382039,12/10/2016 12:00:00 AM,05:00:39,1.23,48.0,30.38,101.0,276.57,3.37,06:47:00,17:44:00
30784,1481381749,12/10/2016 12:00:00 AM,04:55:49,1.24,48.0,30.38,101.0,313.36,1.12,06:47:00,17:44:00
30785,1481381450,12/10/2016 12:00:00 AM,04:50:50,1.24,47.0,30.38,101.0,271.3,1.12,06:47:00,17:44:00
30786,1481381149,12/10/2016 12:00:00 AM,04:45:49,1.27,47.0,30.38,101.0,259.73,3.37,06:47:00,17:44:00
30787,1481380849,12/10/2016 12:00:00 AM,04:40:49,1.25,47.0,30.38,100.0,223.51,1.12,06:47:00,17:44:00
30788,1481380539,12/10/2016 12:00:00 AM,04:35:39,1.26,47.0,30.37,100.0,222.54,1.12,06:47:00,17:44:00
30789,1481380249,12/10/2016 12:00:00 AM,04:30:49,1.27,47.0,30.37,100.0,222.54,4.5,06:47:00,17:44:00
30790,1481379949,12/10/2016 12:00:00 AM,04:25:49,1.23,47.0,30.37,100.0,222.7,3.37,06:47:00,17:44:00
30791,1481379655,12/10/2016 12:00:00 AM,04:20:55,1.22,47.0,30.37,100.0,222.66,0.0,06:47:00,17:44:00
30792,1481379349,12/10/2016 12:00:00 AM,04:15:49,1.23,47.0,30.37,99.0,222.66,5.62,06:47:00,17:44:00
30793,1481379041,12/10/2016 12:00:00 AM,04:10:41,1.23,47.0,30.37,99.0,223.8,5.62,06:47:00,17:44:00
30794,1481378750,12/10/2016 12:00:00 AM,04:05:50,1.24,48.0,30.38,98.0,273.32,3.37,06:47:00,17:44:00
30795,1481378450,12/10/2016 12:00:00 AM,04:00:50,1.24,48.0,30.37,97.0,303.64,4.5,06:47:00,17:44:00
30796,1481378140,12/10/2016 12:00:00 AM,03:55:40,1.25,49.0,30.37,96.0,354.37,2.25,06:47:00,17:44:00
30797,1481377850,12/10/2016 12:00:00 AM,03:50:50,1.24,49.0,30.37,95.0,64.0,1.12,06:47:00,17:44:00
30798,1481377539,12/10/2016 12:00:00 AM,03:45:39,1.26,49.0,30.37,95.0,83.59,4.5,06:47:00,17:44:00
30799,1481377249,12/10/2016 12:00:00 AM,03:40:49,1.25,49.0,30.37,95.0,91.2,0.0,06:47:00,17:44:00
30800,1481376952,12/10/2016 12:00:00 AM,03:35:52,1.27,48.0,30.38,95.0,158.31,0.0,06:47:00,17:44:00
30801,1481376653,12/10/2016 12:00:00 AM,03:30:53,1.24,49.0,30.37,96.0,158.31,2.25,06:47:00,17:44:00
30802,1481376350,12/10/2016 12:00:00 AM,03:25:50,1.23,48.0,30.37,96.0,158.43,4.5,06:47:00,17:44:00
30803,1481376040,12/10/2016 12:00:00 AM,03:20:40,1.22,48.0,30.37,96.0,158.27,2.25,06:47:00,17:44:00
30804,1481375740,12/10/2016 12:00:00 AM,03:15:40,1.24,48.0,30.37,96.0,159.01,5.62,06:47:00,17:44:00
30805,1481375439,12/10/2016 12:00:00 AM,03:10:39,1.27,48.0,30.37,96.0,157.4,3.37,06:47:00,17:44:00
30806,1481375149,12/10/2016 12:00:00 AM,03:05:49,1.24,48.0,30.38,95.0,155.89,2.25,06:47:00,17:44:00
30807,1481374839,12/10/2016 12:00:00 AM,03:00:39,1.26,49.0,30.38,95.0,154.8,1.12,06:47:00,17:44:00
30808,1481374550,12/10/2016 12:00:00 AM,02:55:50,1.27,48.0,30.38,95.0,153.35,3.37,06:47:00,17:44:00
30809,1481374253,12/10/2016 12:00:00 AM,02:50:53,1.2,49.0,30.38,95.0,161.82,3.37,06:47:00,17:44:00
30810,1481373950,12/10/2016 12:00:00 AM,02:45:50,1.23,49.0,30.38,95.0,160.12,2.25,06:47:00,17:44:00
30811,1481373652,12/10/2016 12:00:00 AM,02:40:52,1.26,49.0,30.38,95.0,160.09,2.25,06:47:00,17:44:00
30812,1481373340,12/10/2016 12:00:00 AM,02:35:40,1.23,49.0,30.38,95.0,135.96,3.37,06:47:00,17:44:00
30813,1481373040,12/10/2016 12:00:00 AM,02:30:40,1.27,49.0,30.38,95.0,128.69,2.25,06:47:00,17:44:00
30814,1481372751,12/10/2016 12:00:00 AM,02:25:51,1.26,49.0,30.38,95.0,158.42,1.12,06:47:00,17:44:00
30815,1481372442,12/10/2016 12:00:00 AM,02:20:42,1.21,49.0,30.38,95.0,153.58,4.5,06:47:00,17:44:00
30816,1481372150,12/10/2016 12:00:00 AM,02:15:50,1.24,49.0,30.38,95.0,163.16,5.62,06:47:00,17:44:00
30817,1481371852,12/10/2016 12:00:00 AM,02:10:52,1.24,49.0,30.38,95.0,164.56,1.12,06:47:00,17:44:00
30818,1481371549,12/10/2016 12:00:00 AM,02:05:49,1.23,49.0,30.38,95.0,164.58,1.12,06:47:00,17:44:00
30819,1481371251,12/10/2016 12:00:00 AM,02:00:51,1.24,49.0,30.39,95.0,164.58,1.12,06:47:00,17:44:00
30820,1481370940,12/10/2016 12:00:00 AM,01:55:40,1.24,49.0,30.39,94.0,164.58,2.25,06:47:00,17:44:00
30821,1481370640,12/10/2016 12:00:00 AM,01:50:40,1.24,49.0,30.39,94.0,164.58,1.12,06:47:00,17:44:00
30822,1481370340,12/10/2016 12:00:00 AM,01:45:40,1.26,49.0,30.39,94.0,164.58,2.25,06:47:00,17:44:00
30823,1481370050,12/10/2016 12:00:00 AM,01:40:50,1.23,49.0,30.39,95.0,183.79,1.12,06:47:00,17:44:00
30824,1481369739,12/10/2016 12:00:00 AM,01:35:39,1.21,49.0,30.39,94.0,183.79,3.37,06:47:00,17:44:00
30825,1481369449,12/10/2016 12:00:00 AM,01:30:49,1.23,49.0,30.39,95.0,190.41,4.5,06:47:00,17:44:00
30826,1481369149,12/10/2016 12:00:00 AM,01:25:49,1.22,49.0,30.39,95.0,192.78,2.25,06:47:00,17:44:00
30827,1481368849,12/10/2016 12:00:00 AM,01:20:49,1.25,49.0,30.39,96.0,191.61,6.75,06:47:00,17:44:00
30828,1481368549,12/10/2016 12:00:00 AM,01:15:49,1.2,49.0,30.39,96.0,178.36,5.62,06:47:00,17:44:00
30829,1481368239,12/10/2016 12:00:00 AM,01:10:39,1.24,49.0,30.4,96.0,251.89,2.25,06:47:00,17:44:00
30830,1481367950,12/10/2016 12:00:00 AM,01:05:50,1.26,49.0,30.4,96.0,251.9,1.12,06:47:00,17:44:00
30831,1481367653,12/10/2016 12:00:00 AM,01:00:53,1.23,49.0,30.4,95.0,251.89,2.25,06:47:00,17:44:00
30832,1481367350,12/10/2016 12:00:00 AM,00:55:50,1.23,49.0,30.41,95.0,249.11,3.37,06:47:00,17:44:00
30833,1481367050,12/10/2016 12:00:00 AM,00:50:50,1.24,49.0,30.41,95.0,249.1,5.62,06:47:00,17:44:00
30834,1481366752,12/10/2016 12:00:00 AM,00:45:52,1.27,49.0,30.41,95.0,281.14,3.37,06:47:00,17:44:00
30835,1481366449,12/10/2016 12:00:00 AM,00:40:49,1.22,50.0,30.41,95.0,282.07,3.37,06:47:00,17:44:00
30836,1481366150,12/10/2016 12:00:00 AM,00:35:50,1.24,50.0,30.41,94.0,256.34,6.75,06:47:00,17:44:00
30837,1481365850,12/10/2016 12:00:00 AM,00:30:50,1.22,50.0,30.41,94.0,231.27,4.5,06:47:00,17:44:00
30838,1481365539,12/10/2016 12:00:00 AM,00:25:39,1.22,50.0,30.41,93.0,258.51,5.62,06:47:00,17:44:00
30839,1481365250,12/10/2016 12:00:00 AM,00:20:50,1.25,50.0,30.4,92.0,285.35,5.62,06:47:00,17:44:00
30840,1481364939,12/10/2016 12:00:00 AM,00:15:39,1.24,50.0,30.4,93.0,205.69,6.75,06:47:00,17:44:00
30841,1481364649,12/10/2016 12:00:00 AM,00:10:49,1.25,50.0,30.41,93.0,248.5,3.37,06:47:00,17:44:00
30842,1481364051,12/10/2016 12:00:00 AM,00:00:51,1.25,49.0,30.4,95.0,303.88,5.62,06:47:00,17:44:00
30843,1481363749,12/9/2016 12:00:00 AM,23:55:49,1.2,51.16507236474315,30.41,96.0,220.21,10.12,06:46:00,17:44:00
30844,1481363444,12/9/2016 12:00:00 AM,23:50:44,1.2,49.0,30.41,97.0,261.6,2.25,06:46:00,17:44:00
30845,1481363142,12/9/2016 12:00:00 AM,23:45:42,1.21,49.0,30.41,99.0,262.08,3.37,06:46:00,17:44:00
30846,1481362850,12/9/2016 12:00:00 AM,23:40:50,1.26,48.0,30.41,100.0,265.82,9.0,06:46:00,17:44:00
30847,1481362539,12/9/2016 12:00:00 AM,23:35:39,1.23,48.0,30.41,100.0,237.4,4.5,06:46:00,17:44:00
30848,1481362250,12/9/2016 12:00:00 AM,23:30:50,1.23,48.0,30.41,99.0,283.68,7.87,06:46:00,17:44:00
30849,1481361949,12/9/2016 12:00:00 AM,23:25:49,1.24,48.0,30.42,99.0,268.63,4.5,06:46:00,17:44:00
30850,1481361650,12/9/2016 12:00:00 AM,23:20:50,1.2,48.0,30.42,98.0,280.46,4.5,06:46:00,17:44:00
30851,1481361362,12/9/2016 12:00:00 AM,23:16:02,1.23,48.0,30.41,97.0,324.3,4.5,06:46:00,17:44:00
30852,1481361039,12/9/2016 12:00:00 AM,23:10:39,1.24,48.0,30.41,98.0,154.8,10.12,06:46:00,17:44:00
30853,1481360742,12/9/2016 12:00:00 AM,23:05:42,1.23,48.0,30.42,98.0,164.5,7.87,06:46:00,17:44:00
30854,1481360439,12/9/2016 12:00:00 AM,23:00:39,1.25,48.0,30.42,100.0,131.51,4.5,06:46:00,17:44:00
30855,1481360155,12/9/2016 12:00:00 AM,22:55:55,1.27,48.0,30.42,101.0,16.68,6.75,06:46:00,17:44:00
30856,1481359842,12/9/2016 12:00:00 AM,22:50:42,1.22,48.0,30.41,101.0,0.5,4.5,06:46:00,17:44:00
30857,1481359550,12/9/2016 12:00:00 AM,22:45:50,1.22,48.0,30.43,101.0,143.54770303349548,5.62,06:46:00,17:44:00
30858,1481359249,12/9/2016 12:00:00 AM,22:40:49,1.24,48.0,30.43,101.0,140.91,4.5,06:46:00,17:44:00
30859,1481358949,12/9/2016 12:00:00 AM,22:35:49,1.2,48.0,30.42,101.0,46.53,9.0,06:46:00,17:44:00
30860,1481358650,12/9/2016 12:00:00 AM,22:30:50,1.24,48.0,30.43,101.0,70.47,5.62,06:46:00,17:44:00
30861,1481358349,12/9/2016 12:00:00 AM,22:25:49,1.24,48.0,30.43,101.0,137.25,1.12,06:46:00,17:44:00
30862,1481358043,12/9/2016 12:00:00 AM,22:20:43,1.22,48.0,30.43,101.0,153.51,4.5,06:46:00,17:44:00
30863,1481357739,12/9/2016 12:00:00 AM,22:15:39,1.24,49.0,30.43,101.0,152.72,4.5,06:46:00,17:44:00
30864,1481357450,12/9/2016 12:00:00 AM,22:10:50,1.23,49.0,30.43,101.0,118.48,4.5,06:46:00,17:44:00
30865,1481357140,12/9/2016 12:00:00 AM,22:05:40,1.24,49.0,30.42,101.0,196.4,3.37,06:46:00,17:44:00
30866,1481356849,12/9/2016 12:00:00 AM,22:00:49,1.22,49.0,30.43,101.0,195.37,2.25,06:46:00,17:44:00
30867,1481356549,12/9/2016 12:00:00 AM,21:55:49,1.24,49.0,30.42,101.0,304.47,6.75,06:46:00,17:44:00
30868,1481356249,12/9/2016 12:00:00 AM,21:50:49,1.22,49.0,30.43,101.0,286.54,3.37,06:46:00,17:44:00
30869,1481355949,12/9/2016 12:00:00 AM,21:45:49,1.26,49.0,30.44,101.0,263.1,3.37,06:46:00,17:44:00
30870,1481355639,12/9/2016 12:00:00 AM,21:40:39,1.22,49.0,30.44,100.0,251.98,1.12,06:46:00,17:44:00
30871,1481355343,12/9/2016 12:00:00 AM,21:35:43,1.28,49.0,30.44,100.0,258.54,4.5,06:46:00,17:44:00
30872,1481355051,12/9/2016 12:00:00 AM,21:30:51,1.22,49.0,30.44,100.0,299.08,4.5,06:46:00,17:44:00
30873,1481354740,12/9/2016 12:00:00 AM,21:25:40,1.18,49.0,30.43,100.0,336.48,3.37,06:46:00,17:44:00
30874,1481354450,12/9/2016 12:00:00 AM,21:20:50,1.24,49.0,30.44,100.0,236.89,2.25,06:46:00,17:44:00
30875,1481354149,12/9/2016 12:00:00 AM,21:15:49,1.23,49.0,30.44,100.0,236.45,1.12,06:46:00,17:44:00
30876,1481353849,12/9/2016 12:00:00 AM,21:10:49,1.23,49.0,30.44,99.0,235.82,0.0,06:46:00,17:44:00
30877,1481353540,12/9/2016 12:00:00 AM,21:05:40,1.21,49.0,30.43,99.0,301.34,2.25,06:46:00,17:44:00
30878,1481353249,12/9/2016 12:00:00 AM,21:00:49,1.22,49.0,30.43,99.0,301.34,3.37,06:46:00,17:44:00
30879,1481352951,12/9/2016 12:00:00 AM,20:55:51,1.24,49.0,30.43,98.0,301.35,0.0,06:46:00,17:44:00
30880,1481352651,12/9/2016 12:00:00 AM,20:50:51,1.23,49.0,30.43,98.0,301.36,2.25,06:46:00,17:44:00
30881,1481352350,12/9/2016 12:00:00 AM,20:45:50,1.24,50.0,30.43,97.0,23.51,1.12,06:46:00,17:44:00
30882,1481352050,12/9/2016 12:00:00 AM,20:40:50,1.25,50.0,30.43,96.0,25.71,3.37,06:46:00,17:44:00
30883,1481351739,12/9/2016 12:00:00 AM,20:35:39,1.24,50.0,30.43,96.0,25.7,1.12,06:46:00,17:44:00
30884,1481351439,12/9/2016 12:00:00 AM,20:30:39,1.26,50.0,30.43,95.0,141.2,1.12,06:46:00,17:44:00
30885,1481351139,12/9/2016 12:00:00 AM,20:25:39,1.23,50.0,30.44,95.0,140.8,2.25,06:46:00,17:44:00
30886,1481350849,12/9/2016 12:00:00 AM,20:20:49,1.22,50.0,30.43,95.0,48.29,2.25,06:46:00,17:44:00
30887,1481350540,12/9/2016 12:00:00 AM,20:15:40,1.23,50.0,30.43,95.0,116.92,0.0,06:46:00,17:44:00
30888,1481350249,12/9/2016 12:00:00 AM,20:10:49,1.24,50.0,30.43,95.0,117.1,1.12,06:46:00,17:44:00
30889,1481349950,12/9/2016 12:00:00 AM,20:05:50,1.26,50.0,30.43,94.0,3.9,1.12,06:46:00,17:44:00
30890,1481349640,12/9/2016 12:00:00 AM,20:00:40,1.22,51.0,30.43,94.0,189.47,5.62,06:46:00,17:44:00
30891,1481349339,12/9/2016 12:00:00 AM,19:55:39,1.18,51.0,30.42,93.0,355.75,5.62,06:46:00,17:44:00
30892,1481349040,12/9/2016 12:00:00 AM,19:50:40,1.24,51.0,30.42,93.0,282.6,0.0,06:46:00,17:44:00
30893,1481348749,12/9/2016 12:00:00 AM,19:45:49,1.24,51.0,30.42,92.0,282.59,0.0,06:46:00,17:44:00
30894,1481348442,12/9/2016 12:00:00 AM,19:40:42,1.27,52.0,30.42,90.0,265.97,6.75,06:46:00,17:44:00
30895,1481348150,12/9/2016 12:00:00 AM,19:35:50,1.23,52.0,30.41,88.0,11.68,1.12,06:46:00,17:44:00
30896,1481347849,12/9/2016 12:00:00 AM,19:30:49,1.24,52.0,30.41,90.0,103.18,4.5,06:46:00,17:44:00
30897,1481347550,12/9/2016 12:00:00 AM,19:25:50,1.23,52.0,30.4,89.0,165.54,4.5,06:46:00,17:44:00
30898,1481347249,12/9/2016 12:00:00 AM,19:20:49,1.24,51.0,30.4,85.0,347.81,2.25,06:46:00,17:44:00
30899,1481346940,12/9/2016 12:00:00 AM,19:15:40,1.23,51.0,30.4,94.0,189.11,13.5,06:46:00,17:44:00
30900,1481346640,12/9/2016 12:00:00 AM,19:10:40,1.25,51.0,30.4,92.0,298.77,5.62,06:46:00,17:44:00
30901,1481346349,12/9/2016 12:00:00 AM,19:05:49,1.24,52.0,30.39,90.0,317.16,11.25,06:46:00,17:44:00
30902,1481346040,12/9/2016 12:00:00 AM,19:00:40,1.27,54.0,30.4,83.0,245.43,2.25,06:46:00,17:44:00
30903,1481345749,12/9/2016 12:00:00 AM,18:55:49,1.24,52.0,30.4,78.0,277.95,10.12,06:46:00,17:44:00
30904,1481345449,12/9/2016 12:00:00 AM,18:50:49,1.27,52.0,30.4,88.0,221.91,4.5,06:46:00,17:44:00
30905,1481345153,12/9/2016 12:00:00 AM,18:45:53,1.27,51.0,30.41,91.0,311.3,12.37,06:46:00,17:44:00
30906,1481344850,12/9/2016 12:00:00 AM,18:40:50,1.22,51.0,30.4,92.0,167.06,4.5,06:46:00,17:44:00
30907,1481344540,12/9/2016 12:00:00 AM,18:35:40,1.25,51.0,30.4,94.0,173.76,2.25,06:46:00,17:44:00
30908,1481344239,12/9/2016 12:00:00 AM,18:30:39,1.25,51.0,30.4,95.0,223.06,3.37,06:46:00,17:44:00
30909,1481343949,12/9/2016 12:00:00 AM,18:25:49,1.24,51.0,30.39,95.0,187.22,4.5,06:46:00,17:44:00
30910,1481343680,12/9/2016 12:00:00 AM,18:21:20,1.21,51.0,30.39,95.0,291.2,1.12,06:46:00,17:44:00
30911,1481343349,12/9/2016 12:00:00 AM,18:15:49,1.24,51.0,30.39,95.0,343.38,4.5,06:46:00,17:44:00
30912,1481343040,12/9/2016 12:00:00 AM,18:10:40,1.24,51.0,30.39,94.0,335.05,13.5,06:46:00,17:44:00
30913,1481342739,12/9/2016 12:00:00 AM,18:05:39,1.24,51.0,30.4,95.0,335.87,5.62,06:46:00,17:44:00
30914,1481342449,12/9/2016 12:00:00 AM,18:00:49,1.21,51.0,30.4,96.0,154.18,9.0,06:46:00,17:44:00
30915,1481342155,12/9/2016 12:00:00 AM,17:55:55,1.24,51.0,30.39,95.0,343.61,6.75,06:46:00,17:44:00
30916,1481341855,12/9/2016 12:00:00 AM,17:50:55,1.26,51.0,30.4,95.0,154.18,0.0,06:46:00,17:44:00
30917,1481341550,12/9/2016 12:00:00 AM,17:45:50,1.28,51.0,30.39,95.0,353.61,4.5,06:46:00,17:44:00
30918,1481341249,12/9/2016 12:00:00 AM,17:40:49,1.27,52.0,30.4,94.0,351.3,3.37,06:46:00,17:44:00
30919,1481340940,12/9/2016 12:00:00 AM,17:35:40,1.51,52.0,30.39,93.0,351.94,5.62,06:46:00,17:44:00
30920,1481340668,12/9/2016 12:00:00 AM,17:31:08,1.8,52.0,30.39,93.0,257.46,0.0,06:46:00,17:44:00
30921,1481340339,12/9/2016 12:00:00 AM,17:25:39,6.9,52.0,30.39,92.0,276.41,6.75,06:46:00,17:44:00
30922,1481340050,12/9/2016 12:00:00 AM,17:20:50,5.74,52.0,30.39,91.0,218.1,5.62,06:46:00,17:44:00
30923,1481339750,12/9/2016 12:00:00 AM,17:15:50,7.83,52.0,30.39,95.0,201.92,2.25,06:46:00,17:44:00
30924,1481339456,12/9/2016 12:00:00 AM,17:10:56,7.92,52.0,30.39,96.0,202.01,4.5,06:46:00,17:44:00
30925,1481339140,12/9/2016 12:00:00 AM,17:05:40,8.65,52.0,30.38,96.0,244.81,5.62,06:46:00,17:44:00
30926,1481338852,12/9/2016 12:00:00 AM,17:00:52,9.76,52.0,30.38,97.0,250.23,7.87,06:46:00,17:44:00
30927,1481338596,12/9/2016 12:00:00 AM,16:56:36,9.37,52.0,30.38,98.0,260.02,5.62,06:46:00,17:44:00
30928,1481338298,12/9/2016 12:00:00 AM,16:51:38,14.91,52.0,30.37,98.0,292.07,3.37,06:46:00,17:44:00
30929,1481337995,12/9/2016 12:00:00 AM,16:46:35,16.67,52.0,30.37,98.0,293.51,6.75,06:46:00,17:44:00
30930,1481337695,12/9/2016 12:00:00 AM,16:41:35,22.61,52.0,30.36,98.0,315.49,5.62,06:46:00,17:44:00
30931,1481337395,12/9/2016 12:00:00 AM,16:36:35,26.99,52.0,30.36,98.0,324.14,4.5,06:46:00,17:44:00
30932,1481337095,12/9/2016 12:00:00 AM,16:31:35,32.43,52.0,30.37,98.0,237.69,1.12,06:46:00,17:44:00
30933,1481336798,12/9/2016 12:00:00 AM,16:26:38,22.64,52.0,30.37,97.0,237.67,2.25,06:46:00,17:44:00
30934,1481336495,12/9/2016 12:00:00 AM,16:21:35,21.02,52.0,30.37,97.0,237.66,1.12,06:46:00,17:44:00
30935,1481336195,12/9/2016 12:00:00 AM,16:16:35,28.53,52.0,30.37,97.0,237.66,1.12,06:46:00,17:44:00
30936,1481335898,12/9/2016 12:00:00 AM,16:11:38,47.57,52.0,30.37,97.0,237.33,3.37,06:46:00,17:44:00
30937,1481335595,12/9/2016 12:00:00 AM,16:06:35,40.66,52.0,30.37,98.0,237.24,3.37,06:46:00,17:44:00
30938,1481335240,12/9/2016 12:00:00 AM,16:00:40,52.36,52.0,30.37,98.0,238.99,4.5,06:46:00,17:44:00
30939,1481334982,12/9/2016 12:00:00 AM,15:56:22,51.07,52.0,30.36,97.0,243.99,5.62,06:46:00,17:44:00
30940,1481334659,12/9/2016 12:00:00 AM,15:50:59,61.32,52.0,30.36,97.0,246.29,7.87,06:46:00,17:44:00
30941,1481334349,12/9/2016 12:00:00 AM,15:45:49,91.32,52.0,30.36,98.0,243.35,5.62,06:46:00,17:44:00
30942,1481334049,12/9/2016 12:00:00 AM,15:40:49,86.54,52.0,30.36,98.0,256.07,7.87,06:46:00,17:44:00
30943,1481333742,12/9/2016 12:00:00 AM,15:35:42,92.21,52.0,30.36,98.0,262.4,6.75,06:46:00,17:44:00
30944,1481333452,12/9/2016 12:00:00 AM,15:30:52,139.58,52.0,30.36,98.0,258.3,5.62,06:46:00,17:44:00
30945,1481333149,12/9/2016 12:00:00 AM,15:25:49,169.48,52.0,30.36,98.0,302.29,5.62,06:46:00,17:44:00
30946,1481332849,12/9/2016 12:00:00 AM,15:20:49,108.84,52.0,30.36,98.0,312.62,3.37,06:46:00,17:44:00
30947,1481332539,12/9/2016 12:00:00 AM,15:15:39,124.6,52.0,30.36,97.0,316.11,2.25,06:46:00,17:44:00
30948,1481332249,12/9/2016 12:00:00 AM,15:10:49,118.57,52.0,30.36,97.0,348.17,3.37,06:46:00,17:44:00
30949,1481331949,12/9/2016 12:00:00 AM,15:05:49,111.64,52.0,30.36,97.0,348.49,3.37,06:46:00,17:44:00
30950,1481331649,12/9/2016 12:00:00 AM,15:00:49,158.03,52.0,30.36,96.0,350.88,4.5,06:46:00,17:44:00
30951,1481331379,12/9/2016 12:00:00 AM,14:56:19,153.8,52.0,30.36,96.0,352.82,4.5,06:46:00,17:44:00
30952,1481331052,12/9/2016 12:00:00 AM,14:50:52,65.09,52.0,30.423028000868246,97.0,352.84,4.5,06:46:00,17:44:00
30953,1481330749,12/9/2016 12:00:00 AM,14:45:49,95.92,52.0,30.37,97.0,352.75,3.37,06:46:00,17:44:00
30954,1481330450,12/9/2016 12:00:00 AM,14:40:50,93.19,52.0,30.36,97.0,352.76,4.5,06:46:00,17:44:00
30955,1481330145,12/9/2016 12:00:00 AM,14:35:45,66.35,52.0,30.36,97.0,351.49,4.5,06:46:00,17:44:00
30956,1481329872,12/9/2016 12:00:00 AM,14:31:12,29.04,53.0,30.36,97.0,351.03,5.62,06:46:00,17:44:00
30957,1481329552,12/9/2016 12:00:00 AM,14:25:52,26.58,53.0,30.36,96.0,350.83,6.75,06:46:00,17:44:00
30958,1481329240,12/9/2016 12:00:00 AM,14:20:40,46.43,53.0,30.36,95.0,353.8,5.62,06:46:00,17:44:00
30959,1481328955,12/9/2016 12:00:00 AM,14:15:55,50.48,53.0,30.36,96.0,359.08,3.37,06:46:00,17:44:00
30960,1481328639,12/9/2016 12:00:00 AM,14:10:39,73.13,53.0,30.36,94.0,336.19,4.5,06:46:00,17:44:00
30961,1481328352,12/9/2016 12:00:00 AM,14:05:52,84.28,54.0,30.36,93.0,342.6,5.62,06:46:00,17:44:00
30962,1481328052,12/9/2016 12:00:00 AM,14:00:52,63.13,54.0,30.36,93.0,342.71,5.62,06:46:00,17:44:00
30963,1481327749,12/9/2016 12:00:00 AM,13:55:49,157.26,54.0,30.36,93.0,350.83,3.37,06:46:00,17:44:00
30964,1481327439,12/9/2016 12:00:00 AM,13:50:39,141.92,54.0,30.36,93.0,340.19,2.25,06:46:00,17:44:00
30965,1481327139,12/9/2016 12:00:00 AM,13:45:39,319.7,53.0,30.36,94.0,336.91,4.5,06:46:00,17:44:00
30966,1481326842,12/9/2016 12:00:00 AM,13:40:42,280.12,53.0,30.36,94.0,335.89,2.25,06:46:00,17:44:00
30967,1481326550,12/9/2016 12:00:00 AM,13:35:50,257.61,53.0,30.36,94.0,337.35,3.37,06:46:00,17:44:00
30968,1481326240,12/9/2016 12:00:00 AM,13:30:40,128.77,53.0,30.37,94.0,337.36,4.5,06:46:00,17:44:00
30969,1481325950,12/9/2016 12:00:00 AM,13:25:50,133.19,53.0,30.37,93.0,338.34,3.37,06:46:00,17:44:00
30970,1481325679,12/9/2016 12:00:00 AM,13:21:19,87.9,53.0,30.37,93.0,339.49,3.37,06:46:00,17:44:00
30971,1481325382,12/9/2016 12:00:00 AM,13:16:22,239.73,53.0,30.37,95.0,338.7,2.25,06:46:00,17:44:00
30972,1481325050,12/9/2016 12:00:00 AM,13:10:50,362.07,53.0,30.37,96.0,348.67,4.5,06:46:00,17:44:00
30973,1481324741,12/9/2016 12:00:00 AM,13:05:41,104.52,53.0,30.37,95.0,330.12,4.5,06:46:00,17:44:00
30974,1481324440,12/9/2016 12:00:00 AM,13:00:40,80.38,53.0,30.37,95.0,329.81,4.5,06:46:00,17:44:00
30975,1481324149,12/9/2016 12:00:00 AM,12:55:49,120.23,53.0,30.37,95.0,343.17,5.62,06:46:00,17:44:00
30976,1481323841,12/9/2016 12:00:00 AM,12:50:41,138.8,53.0,30.38,95.0,327.63,6.75,06:46:00,17:44:00
30977,1481323551,12/9/2016 12:00:00 AM,12:45:51,233.59,53.0,30.38,95.0,317.83,4.5,06:46:00,17:44:00
30978,1481323249,12/9/2016 12:00:00 AM,12:40:49,213.25,53.0,30.38,95.0,310.33,4.5,06:46:00,17:44:00
30979,1481322950,12/9/2016 12:00:00 AM,12:35:50,197.14,53.0,30.39,94.0,297.69,4.5,06:46:00,17:44:00
30980,1481322640,12/9/2016 12:00:00 AM,12:30:40,295.73,53.0,30.38,94.0,336.34,2.25,06:46:00,17:44:00
30981,1481322353,12/9/2016 12:00:00 AM,12:25:53,229.52,53.0,30.38,93.0,318.24,3.37,06:46:00,17:44:00
30982,1481322050,12/9/2016 12:00:00 AM,12:20:50,391.31,53.0,30.39,94.0,300.07,2.25,06:46:00,17:44:00
30983,1481321740,12/9/2016 12:00:00 AM,12:15:40,354.51,53.0,30.39,93.0,298.07,5.62,06:46:00,17:44:00
30984,1481321450,12/9/2016 12:00:00 AM,12:10:50,370.2,53.0,30.39,92.0,313.02,4.5,06:46:00,17:44:00
30985,1481321150,12/9/2016 12:00:00 AM,12:05:50,225.51,53.0,30.39,90.0,319.07,5.62,06:46:00,17:44:00
30986,1481320851,12/9/2016 12:00:00 AM,12:00:51,264.45,54.0,30.4,87.0,304.26,9.0,06:46:00,17:44:00
30987,1481320550,12/9/2016 12:00:00 AM,11:55:50,252.99,54.0,30.39,83.0,294.71,6.75,06:46:00,17:44:00
30988,1481320240,12/9/2016 12:00:00 AM,11:50:40,230.97,54.0,30.4,83.0,331.9,5.62,06:46:00,17:44:00
30989,1481319950,12/9/2016 12:00:00 AM,11:45:50,224.45,54.0,30.39,79.0,320.46,5.62,06:46:00,17:44:00
30990,1481319640,12/9/2016 12:00:00 AM,11:40:40,269.8,55.0,30.39,78.0,325.2,4.5,06:46:00,17:44:00
30991,1481319351,12/9/2016 12:00:00 AM,11:35:51,181.32,55.0,30.4,78.0,334.79,2.25,06:46:00,17:44:00
30992,1481319050,12/9/2016 12:00:00 AM,11:30:50,106.9,55.0,30.4,73.0,335.31,3.37,06:46:00,17:44:00
30993,1481318751,12/9/2016 12:00:00 AM,11:25:51,111.44,56.0,30.41,70.0,335.32,0.0,06:46:00,17:44:00
30994,1481318449,12/9/2016 12:00:00 AM,11:20:49,110.05,56.0,30.4,63.0,320.52,4.5,06:46:00,17:44:00
30995,1481318139,12/9/2016 12:00:00 AM,11:15:39,120.52,56.0,30.41,64.0,320.53,0.0,06:46:00,17:44:00
30996,1481317850,12/9/2016 12:00:00 AM,11:10:50,107.32,56.0,30.41,71.0,320.53,1.12,06:46:00,17:44:00
30997,1481317540,12/9/2016 12:00:00 AM,11:05:40,144.85,55.0,30.41,74.0,320.53,2.25,06:46:00,17:44:00
30998,1481317251,12/9/2016 12:00:00 AM,11:00:51,179.73,55.0,30.41,74.0,334.87,1.12,06:46:00,17:44:00
30999,1481316953,12/9/2016 12:00:00 AM,10:55:53,193.0,54.0,30.41,76.0,335.34,2.25,06:46:00,17:44:00
31000,1481316652,12/9/2016 12:00:00 AM,10:50:52,199.09,54.0,30.41,90.0,333.05,2.25,06:46:00,17:44:00
31001,1481316355,12/9/2016 12:00:00 AM,10:45:55,160.93,53.0,30.41,91.0,333.07,2.25,06:46:00,17:44:00
31002,1481316050,12/9/2016 12:00:00 AM,10:40:50,157.62,53.0,30.41,92.0,333.07,0.0,06:46:00,17:44:00
31003,1481315740,12/9/2016 12:00:00 AM,10:35:40,186.92,54.0,30.41,92.0,333.94,3.37,06:46:00,17:44:00
31004,1481315450,12/9/2016 12:00:00 AM,10:30:50,177.51,54.0,30.41,90.0,333.96,3.37,06:46:00,17:44:00
31005,1481315153,12/9/2016 12:00:00 AM,10:25:53,192.1,54.0,30.41,86.0,333.96,2.25,06:46:00,17:44:00
31006,1481314849,12/9/2016 12:00:00 AM,10:20:49,168.49,55.0,30.41,77.0,321.64,7.87,06:46:00,17:44:00
31007,1481314539,12/9/2016 12:00:00 AM,10:15:39,195.82,55.0,30.41,56.0,122.08,1.12,06:46:00,17:44:00
31008,1481314249,12/9/2016 12:00:00 AM,10:10:49,152.45,55.0,30.41,59.0,164.4,4.5,06:46:00,17:44:00
31009,1481313950,12/9/2016 12:00:00 AM,10:05:50,126.77,55.0,30.42,59.0,129.77,4.5,06:46:00,17:44:00
31010,1481313650,12/9/2016 12:00:00 AM,10:00:50,143.89,54.0,30.42,76.0,187.28,3.37,06:46:00,17:44:00
31011,1481313339,12/9/2016 12:00:00 AM,09:55:39,163.36,54.0,30.42,85.0,188.15,4.5,06:46:00,17:44:00
31012,1481313039,12/9/2016 12:00:00 AM,09:50:39,174.69,53.0,30.42,92.0,280.31,2.25,06:46:00,17:44:00
31013,1481312753,12/9/2016 12:00:00 AM,09:45:53,170.59,53.0,30.42,95.0,303.53,4.5,06:46:00,17:44:00
31014,1481312450,12/9/2016 12:00:00 AM,09:40:50,150.42,52.0,30.42,95.0,306.72,1.12,06:46:00,17:44:00
31015,1481312140,12/9/2016 12:00:00 AM,09:35:40,140.47,52.0,30.41,94.0,306.73,1.12,06:46:00,17:44:00
31016,1481311849,12/9/2016 12:00:00 AM,09:30:49,139.59,52.0,30.41,95.0,306.73,0.0,06:46:00,17:44:00
31017,1481311549,12/9/2016 12:00:00 AM,09:25:49,139.2,52.0,30.41,95.0,306.73,0.0,06:46:00,17:44:00
31018,1481311249,12/9/2016 12:00:00 AM,09:20:49,114.28,52.0,30.41,95.0,306.74,2.25,06:46:00,17:44:00
31019,1481310949,12/9/2016 12:00:00 AM,09:15:49,153.43,52.0,30.41,94.0,299.0,0.0,06:46:00,17:44:00
31020,1481310653,12/9/2016 12:00:00 AM,09:10:53,174.61,52.0,30.41,94.0,299.0,2.25,06:46:00,17:44:00
31021,1481310353,12/9/2016 12:00:00 AM,09:05:53,187.09,52.0,30.41,93.0,299.02,3.37,06:46:00,17:44:00
31022,1481310079,12/9/2016 12:00:00 AM,09:01:19,120.2,52.0,30.41,92.0,298.94,4.5,06:46:00,17:44:00
31023,1481309749,12/9/2016 12:00:00 AM,08:55:49,112.75,52.0,30.41,89.0,207.22,0.0,06:46:00,17:44:00
31024,1481309440,12/9/2016 12:00:00 AM,08:50:40,94.97,52.0,30.41,90.0,207.21,2.25,06:46:00,17:44:00
31025,1481309150,12/9/2016 12:00:00 AM,08:45:50,79.4,52.0,30.41,91.0,207.21,4.5,06:46:00,17:44:00
31026,1481308853,12/9/2016 12:00:00 AM,08:40:53,119.82,51.0,30.41,91.0,207.21,2.25,06:46:00,17:44:00
31027,1481308542,12/9/2016 12:00:00 AM,08:35:42,143.37,51.0,30.41,89.0,207.2,3.37,06:46:00,17:44:00
31028,1481308249,12/9/2016 12:00:00 AM,08:30:49,111.76,51.0,30.41,89.0,207.22,3.37,06:46:00,17:44:00
31029,1481307953,12/9/2016 12:00:00 AM,08:25:53,96.47,51.0,30.41,89.0,207.23,2.25,06:46:00,17:44:00
31030,1481307641,12/9/2016 12:00:00 AM,08:20:41,87.45,51.0,30.41,90.0,207.23,3.37,06:46:00,17:44:00
31031,1481307350,12/9/2016 12:00:00 AM,08:15:50,95.22,50.0,30.41,89.0,207.23,2.25,06:46:00,17:44:00
31032,1481307040,12/9/2016 12:00:00 AM,08:10:40,94.99,50.0,30.4,86.0,207.07,2.25,06:46:00,17:44:00
31033,1481306752,12/9/2016 12:00:00 AM,08:05:52,82.39,50.0,30.4,86.0,207.08,3.37,06:46:00,17:44:00
31034,1481306450,12/9/2016 12:00:00 AM,08:00:50,87.38,50.0,30.4,85.0,207.08,2.25,06:46:00,17:44:00
31035,1481306149,12/9/2016 12:00:00 AM,07:55:49,69.74,49.0,30.4,88.0,207.08,3.37,06:46:00,17:44:00
31036,1481305840,12/9/2016 12:00:00 AM,07:50:40,60.25,49.0,30.4,87.0,206.77,3.37,06:46:00,17:44:00
31037,1481305539,12/9/2016 12:00:00 AM,07:45:39,52.63,49.0,30.4,89.0,207.8,6.75,06:46:00,17:44:00
31038,1481305240,12/9/2016 12:00:00 AM,07:40:40,37.16,49.0,30.4,89.0,241.28,5.62,06:46:00,17:44:00
31039,1481304950,12/9/2016 12:00:00 AM,07:35:50,31.52,49.0,30.4,90.0,223.3,4.5,06:46:00,17:44:00
31040,1481304639,12/9/2016 12:00:00 AM,07:30:39,27.15,49.0,30.39,89.0,232.8,5.62,06:46:00,17:44:00
31041,1481304350,12/9/2016 12:00:00 AM,07:25:50,30.67,49.0,30.39,88.0,241.33,7.87,06:46:00,17:44:00
31042,1481304055,12/9/2016 12:00:00 AM,07:20:55,31.53,49.0,30.39,87.0,228.9,6.75,06:46:00,17:44:00
31043,1481303739,12/9/2016 12:00:00 AM,07:15:39,30.38,50.0,30.39,87.0,235.74,5.62,06:46:00,17:44:00
31044,1481303454,12/9/2016 12:00:00 AM,07:10:54,15.3,50.0,30.39,87.0,236.93,6.75,06:46:00,17:44:00
31045,1481303149,12/9/2016 12:00:00 AM,07:05:49,8.52,50.0,30.39,87.0,264.59,4.5,06:46:00,17:44:00
31046,1481302841,12/9/2016 12:00:00 AM,07:00:41,5.52,49.0,30.38,89.0,264.03,5.62,06:46:00,17:44:00
31047,1481302552,12/9/2016 12:00:00 AM,06:55:52,2.96,48.0,30.38,90.0,235.13,3.37,06:46:00,17:44:00
31048,1481302249,12/9/2016 12:00:00 AM,06:50:49,1.71,48.0,30.38,90.0,190.92,7.87,06:46:00,17:44:00
31049,1481301949,12/9/2016 12:00:00 AM,06:45:49,1.4,48.0,30.38,92.0,193.52,9.0,06:46:00,17:44:00
31050,1481301643,12/9/2016 12:00:00 AM,06:40:43,1.23,48.0,30.38,93.0,208.18,7.87,06:46:00,17:44:00
31051,1481301350,12/9/2016 12:00:00 AM,06:35:50,1.26,48.0,30.37,93.0,227.44,6.75,06:46:00,17:44:00
31052,1481301050,12/9/2016 12:00:00 AM,06:30:50,1.28,48.0,30.37,94.0,244.54,5.62,06:46:00,17:44:00
31053,1481300752,12/9/2016 12:00:00 AM,06:25:52,1.27,48.0,30.37,91.0,234.99,7.87,06:46:00,17:44:00
31054,1481300449,12/9/2016 12:00:00 AM,06:20:49,1.31,48.0,30.37,90.0,232.46,7.87,06:46:00,17:44:00
31055,1481300149,12/9/2016 12:00:00 AM,06:15:49,1.3,51.16507236474315,30.37,89.0,223.11,6.75,06:46:00,17:44:00
31056,1481299851,12/9/2016 12:00:00 AM,06:10:51,1.29,48.0,30.37,88.0,233.84,6.75,06:46:00,17:44:00
31057,1481299539,12/9/2016 12:00:00 AM,06:05:39,1.29,48.0,30.37,88.0,226.78,5.62,06:46:00,17:44:00
31058,1481299249,12/9/2016 12:00:00 AM,06:00:49,1.31,48.0,30.38,88.0,231.87,6.75,06:46:00,17:44:00
31059,1481298952,12/9/2016 12:00:00 AM,05:55:52,1.29,48.0,30.38,89.0,247.97,7.87,06:46:00,17:44:00
31060,1481298639,12/9/2016 12:00:00 AM,05:50:39,1.33,48.0,30.38,90.0,235.84,6.75,06:46:00,17:44:00
31061,1481298342,12/9/2016 12:00:00 AM,05:45:42,1.29,47.0,30.37,90.0,246.13,7.87,06:46:00,17:44:00
31062,1481298052,12/9/2016 12:00:00 AM,05:40:52,1.27,47.0,30.37,91.0,227.94,5.62,06:46:00,17:44:00
31063,1481297740,12/9/2016 12:00:00 AM,05:35:40,1.23,47.0,30.37,91.0,216.91,7.87,06:46:00,17:44:00
31064,1481297450,12/9/2016 12:00:00 AM,05:30:50,1.21,47.0,30.37,91.0,215.51,6.75,06:46:00,17:44:00
31065,1481297149,12/9/2016 12:00:00 AM,05:25:49,1.32,47.0,30.37,91.0,225.05,5.62,06:46:00,17:44:00
31066,1481296850,12/9/2016 12:00:00 AM,05:20:50,1.23,47.0,30.37,91.0,231.06,4.5,06:46:00,17:44:00
31067,1481296549,12/9/2016 12:00:00 AM,05:15:49,1.22,47.0,30.36,91.0,228.31,5.62,06:46:00,17:44:00
31068,1481296249,12/9/2016 12:00:00 AM,05:10:49,1.24,46.0,30.36,90.0,234.74,4.5,06:46:00,17:44:00
31069,1481295942,12/9/2016 12:00:00 AM,05:05:42,1.21,47.0,30.36,90.0,234.96,4.5,06:46:00,17:44:00
31070,1481295640,12/9/2016 12:00:00 AM,05:00:40,1.21,47.0,30.36,90.0,235.22,5.62,06:46:00,17:44:00
31071,1481295350,12/9/2016 12:00:00 AM,04:55:50,1.27,47.0,30.36,90.0,235.23,4.5,06:46:00,17:44:00
31072,1481295043,12/9/2016 12:00:00 AM,04:50:43,1.23,47.0,30.36,89.0,235.32,5.62,06:46:00,17:44:00
31073,1481294750,12/9/2016 12:00:00 AM,04:45:50,1.25,47.0,30.36,88.0,235.29,5.62,06:46:00,17:44:00
31074,1481294450,12/9/2016 12:00:00 AM,04:40:50,1.29,47.0,30.36,87.0,247.26,4.5,06:46:00,17:44:00
31075,1481294150,12/9/2016 12:00:00 AM,04:35:50,1.25,46.0,30.36,85.0,143.54770303349548,3.37,06:46:00,17:44:00
31076,1481293849,12/9/2016 12:00:00 AM,04:30:49,1.26,46.0,30.36,85.0,217.67,5.62,06:46:00,17:44:00
31077,1481293539,12/9/2016 12:00:00 AM,04:25:39,1.23,46.0,30.35,88.0,212.63,4.5,06:46:00,17:44:00
31078,1481293239,12/9/2016 12:00:00 AM,04:20:39,1.21,46.0,30.35,87.0,212.47,3.37,06:46:00,17:44:00
31079,1481292952,12/9/2016 12:00:00 AM,04:15:52,1.23,46.0,30.35,85.0,212.48,3.37,06:46:00,17:44:00
31080,1481292639,12/9/2016 12:00:00 AM,04:10:39,1.23,46.0,30.35,81.0,212.41,2.25,06:46:00,17:44:00
31081,1481292352,12/9/2016 12:00:00 AM,04:05:52,1.23,46.0,30.35,77.0,212.05,3.37,06:46:00,17:44:00
31082,1481292049,12/9/2016 12:00:00 AM,04:00:49,1.26,45.0,30.35,78.0,212.05,3.37,06:46:00,17:44:00
31083,1481291753,12/9/2016 12:00:00 AM,03:55:53,1.25,45.0,30.35,82.0,212.05,3.37,06:46:00,17:44:00
31084,1481291440,12/9/2016 12:00:00 AM,03:50:40,1.21,45.0,30.35,85.0,212.05,2.25,06:46:00,17:44:00
31085,1481291140,12/9/2016 12:00:00 AM,03:45:40,1.22,45.0,30.35,87.0,212.04,4.5,06:46:00,17:44:00
31086,1481290850,12/9/2016 12:00:00 AM,03:40:50,1.23,45.0,30.35,87.0,212.02,3.37,06:46:00,17:44:00
31087,1481290541,12/9/2016 12:00:00 AM,03:35:41,1.22,46.0,30.35,86.0,212.43,4.5,06:46:00,17:44:00
31088,1481290250,12/9/2016 12:00:00 AM,03:30:50,1.23,46.0,30.36,84.0,213.49,5.62,06:46:00,17:44:00
31089,1481289949,12/9/2016 12:00:00 AM,03:25:49,1.22,46.0,30.35,82.0,213.61,4.5,06:46:00,17:44:00
31090,1481289652,12/9/2016 12:00:00 AM,03:20:52,1.23,46.0,30.35,79.0,213.45,3.37,06:46:00,17:44:00
31091,1481289351,12/9/2016 12:00:00 AM,03:15:51,1.26,46.0,30.36,80.0,209.38,4.5,06:46:00,17:44:00
31092,1481289049,12/9/2016 12:00:00 AM,03:10:49,1.23,46.0,30.36,78.0,208.91,4.5,06:46:00,17:44:00
31093,1481288740,12/9/2016 12:00:00 AM,03:05:40,1.21,46.0,30.36,74.0,205.04,4.5,06:46:00,17:44:00
31094,1481288449,12/9/2016 12:00:00 AM,03:00:49,1.21,46.0,30.36,74.0,204.98,4.5,06:46:00,17:44:00
31095,1481288140,12/9/2016 12:00:00 AM,02:55:40,1.24,46.0,30.36,74.0,204.96,4.5,06:46:00,17:44:00
31096,1481287853,12/9/2016 12:00:00 AM,02:50:53,1.23,46.0,30.36,73.0,204.88,3.37,06:46:00,17:44:00
31097,1481287549,12/9/2016 12:00:00 AM,02:45:49,1.26,45.0,30.36,70.0,204.85,4.5,06:46:00,17:44:00
31098,1481287250,12/9/2016 12:00:00 AM,02:40:50,1.21,45.0,30.36,69.0,204.71,5.62,06:46:00,17:44:00
31099,1481286949,12/9/2016 12:00:00 AM,02:35:49,1.25,45.0,30.36,70.0,204.75,4.5,06:46:00,17:44:00
31100,1481286650,12/9/2016 12:00:00 AM,02:30:50,1.22,45.0,30.37,69.0,204.76,3.37,06:46:00,17:44:00
31101,1481286343,12/9/2016 12:00:00 AM,02:25:43,1.24,45.0,30.36,68.0,204.58,4.5,06:46:00,17:44:00
31102,1481286039,12/9/2016 12:00:00 AM,02:20:39,1.22,45.0,30.36,66.0,204.56,4.5,06:46:00,17:44:00
31103,1481285740,12/9/2016 12:00:00 AM,02:15:40,1.28,45.0,30.36,64.0,204.61,3.37,06:46:00,17:44:00
31104,1481285439,12/9/2016 12:00:00 AM,02:10:39,1.23,45.0,30.36,64.0,204.62,4.5,06:46:00,17:44:00
31105,1481285150,12/9/2016 12:00:00 AM,02:05:50,1.23,45.0,30.36,65.0,204.54,2.25,06:46:00,17:44:00
31106,1481284840,12/9/2016 12:00:00 AM,02:00:40,1.26,45.0,30.37,67.0,203.91,3.37,06:46:00,17:44:00
31107,1481284550,12/9/2016 12:00:00 AM,01:55:50,1.21,45.0,30.36,67.0,203.9,3.37,06:46:00,17:44:00
31108,1481284250,12/9/2016 12:00:00 AM,01:50:50,1.24,45.0,30.36,68.0,203.86,6.75,06:46:00,17:44:00
31109,1481283954,12/9/2016 12:00:00 AM,01:45:54,1.22,45.0,30.37,68.0,205.99,6.75,06:46:00,17:44:00
31110,1481283639,12/9/2016 12:00:00 AM,01:40:39,1.24,45.0,30.37,69.0,207.98,6.75,06:46:00,17:44:00
31111,1481283351,12/9/2016 12:00:00 AM,01:35:51,1.25,46.0,30.36,65.0,215.09,5.62,06:46:00,17:44:00
31112,1481283040,12/9/2016 12:00:00 AM,01:30:40,1.24,46.0,30.36,65.0,218.89,6.229096658193317,06:46:00,17:44:00
31113,1481282750,12/9/2016 12:00:00 AM,01:25:50,1.22,46.0,30.37,63.0,213.63,3.37,06:46:00,17:44:00
31114,1481282449,12/9/2016 12:00:00 AM,01:20:49,1.23,47.0,30.37,64.0,213.6,3.37,06:46:00,17:44:00
31115,1481282151,12/9/2016 12:00:00 AM,01:15:51,1.24,47.0,30.36,67.0,213.61,3.37,06:46:00,17:44:00
31116,1481281849,12/9/2016 12:00:00 AM,01:10:49,1.19,47.0,30.37,64.0,213.61,3.37,06:46:00,17:44:00
31117,1481281539,12/9/2016 12:00:00 AM,01:05:39,1.2,47.0,30.37,63.0,213.6,3.37,06:46:00,17:44:00
31118,1481281242,12/9/2016 12:00:00 AM,01:00:42,1.25,47.0,30.37,63.0,213.57,1.12,06:46:00,17:44:00
31119,1481280939,12/9/2016 12:00:00 AM,00:55:39,1.27,47.0,30.37,68.0,213.56,2.25,06:46:00,17:44:00
31120,1481280650,12/9/2016 12:00:00 AM,00:50:50,1.23,47.0,30.37,72.0,213.72,2.25,06:46:00,17:44:00
31121,1481280349,12/9/2016 12:00:00 AM,00:45:49,1.24,47.0,30.37,62.0,214.04,3.37,06:46:00,17:44:00
31122,1481280049,12/9/2016 12:00:00 AM,00:40:49,1.28,47.0,30.37,69.0,228.38,4.5,06:46:00,17:44:00
31123,1481279753,12/9/2016 12:00:00 AM,00:35:53,1.21,47.0,30.37,70.0,273.85,4.5,06:46:00,17:44:00
31124,1481279450,12/9/2016 12:00:00 AM,00:30:50,1.23,47.0,30.37,70.0,199.43,7.87,06:46:00,17:44:00
31125,1481279140,12/9/2016 12:00:00 AM,00:25:40,1.22,47.0,30.38,64.0,214.41,5.62,06:46:00,17:44:00
31126,1481278850,12/9/2016 12:00:00 AM,00:20:50,1.22,48.0,30.38,61.0,208.65,7.87,06:46:00,17:44:00
31127,1481278540,12/9/2016 12:00:00 AM,00:15:40,1.22,48.0,30.37,50.0,186.13,1.12,06:46:00,17:44:00
31128,1481278249,12/9/2016 12:00:00 AM,00:10:49,1.24,48.0,30.38,50.0,186.13,3.37,06:46:00,17:44:00
31129,1481277958,12/9/2016 12:00:00 AM,00:05:58,1.23,48.0,30.38,55.0,186.14,2.25,06:46:00,17:44:00
31130,1481277639,12/9/2016 12:00:00 AM,00:00:39,1.23,49.0,30.37,57.0,267.24,2.25,06:46:00,17:44:00
31131,1481277340,12/8/2016 12:00:00 AM,23:55:40,1.24,49.0,30.38,66.0,267.53,2.25,06:45:00,17:44:00
31132,1481277049,12/8/2016 12:00:00 AM,23:50:49,1.24,48.0,30.37,54.0,266.2,4.5,06:45:00,17:44:00
31133,1481276750,12/8/2016 12:00:00 AM,23:45:50,1.24,48.0,30.37,59.0,220.77,3.37,06:45:00,17:44:00
31134,1481276452,12/8/2016 12:00:00 AM,23:40:52,1.22,48.0,30.37,62.0,230.36,5.62,06:45:00,17:44:00
31135,1481276150,12/8/2016 12:00:00 AM,23:35:50,1.21,48.0,30.38,65.0,235.04,3.37,06:45:00,17:44:00
31136,1481275839,12/8/2016 12:00:00 AM,23:30:39,1.21,48.0,30.38,58.0,235.11,2.25,06:45:00,17:44:00
31137,1481275540,12/8/2016 12:00:00 AM,23:25:40,1.26,49.0,30.39,57.0,247.19,3.37,06:45:00,17:44:00
31138,1481275250,12/8/2016 12:00:00 AM,23:20:50,1.25,49.0,30.39,65.0,174.25,3.37,06:45:00,17:44:00
31139,1481274943,12/8/2016 12:00:00 AM,23:15:43,1.22,48.0,30.39,55.0,155.36,2.25,06:45:00,17:44:00
31140,1481274639,12/8/2016 12:00:00 AM,23:10:39,1.24,48.0,30.39,59.0,155.31,2.25,06:45:00,17:44:00
31141,1481274349,12/8/2016 12:00:00 AM,23:05:49,1.23,48.0,30.39,65.0,139.98,3.37,06:45:00,17:44:00
31142,1481274039,12/8/2016 12:00:00 AM,23:00:39,1.26,48.0,30.39,64.0,184.41,7.87,06:45:00,17:44:00
31143,1481273752,12/8/2016 12:00:00 AM,22:55:52,1.21,48.0,30.39,53.0,179.03,6.75,06:45:00,17:44:00
31144,1481273450,12/8/2016 12:00:00 AM,22:50:50,1.23,48.0,30.39,55.0,171.37,3.37,06:45:00,17:44:00
31145,1481273140,12/8/2016 12:00:00 AM,22:45:40,1.21,49.0,30.39,55.0,171.29,3.37,06:45:00,17:44:00
31146,1481272850,12/8/2016 12:00:00 AM,22:40:50,1.22,49.0,30.39,52.0,171.28,4.5,06:45:00,17:44:00
31147,1481272549,12/8/2016 12:00:00 AM,22:35:49,1.21,50.0,30.39,54.0,171.27,2.25,06:45:00,17:44:00
31148,1481272250,12/8/2016 12:00:00 AM,22:30:50,1.23,50.0,30.39,50.0,170.03,2.25,06:45:00,17:44:00
31149,1481271940,12/8/2016 12:00:00 AM,22:25:40,1.25,51.0,30.39,48.0,170.04,2.25,06:45:00,17:44:00
31150,1481271639,12/8/2016 12:00:00 AM,22:20:39,1.24,51.0,30.4,46.0,107.96,2.25,06:45:00,17:44:00
31151,1481271349,12/8/2016 12:00:00 AM,22:15:49,1.27,50.0,30.4,34.0,93.76,3.37,06:45:00,17:44:00
31152,1481271049,12/8/2016 12:00:00 AM,22:10:49,1.25,50.0,30.4,41.0,128.49,2.25,06:45:00,17:44:00
31153,1481270750,12/8/2016 12:00:00 AM,22:05:50,1.21,50.0,30.4,49.0,128.51,1.12,06:45:00,17:44:00
31154,1481270453,12/8/2016 12:00:00 AM,22:00:53,1.23,51.0,30.4,54.0,127.52,1.12,06:45:00,17:44:00
31155,1481270139,12/8/2016 12:00:00 AM,21:55:39,1.2,51.0,30.4,52.0,127.52,0.0,06:45:00,17:44:00
31156,1481269839,12/8/2016 12:00:00 AM,21:50:39,1.27,51.0,30.4,57.0,139.51,3.37,06:45:00,17:44:00
31157,1481269550,12/8/2016 12:00:00 AM,21:45:50,1.25,51.0,30.39,51.0,153.48,5.62,06:45:00,17:44:00
31158,1481269249,12/8/2016 12:00:00 AM,21:40:49,1.29,51.0,30.39,59.0,156.23,3.37,06:45:00,17:44:00
31159,1481268949,12/8/2016 12:00:00 AM,21:35:49,1.25,52.0,30.39,55.0,101.22,3.37,06:45:00,17:44:00
31160,1481268650,12/8/2016 12:00:00 AM,21:30:50,1.29,52.0,30.39,55.0,3.76,3.37,06:45:00,17:44:00
31161,1481268370,12/8/2016 12:00:00 AM,21:26:10,1.26,52.0,30.39,60.0,134.9,3.37,06:45:00,17:44:00
31162,1481268050,12/8/2016 12:00:00 AM,21:20:50,1.23,52.0,30.39,56.0,93.73,3.37,06:45:00,17:44:00
31163,1481267752,12/8/2016 12:00:00 AM,21:15:52,1.28,52.0,30.39,56.0,68.36,3.37,06:45:00,17:44:00
31164,1481267441,12/8/2016 12:00:00 AM,21:10:41,1.23,53.0,30.4,62.0,143.54770303349548,0.0,06:45:00,17:44:00
31165,1481267153,12/8/2016 12:00:00 AM,21:05:53,1.28,53.0,30.4,63.0,344.27,2.25,06:45:00,17:44:00
31166,1481266839,12/8/2016 12:00:00 AM,21:00:39,1.33,52.0,30.4,53.0,160.73,2.25,06:45:00,17:44:00
31167,1481266549,12/8/2016 12:00:00 AM,20:55:49,1.28,52.0,30.4,58.0,145.61,0.0,06:45:00,17:44:00
31168,1481266241,12/8/2016 12:00:00 AM,20:50:41,1.29,52.0,30.4,65.0,155.43,5.62,06:45:00,17:44:00
31169,1481265949,12/8/2016 12:00:00 AM,20:45:49,1.25,52.0,30.39,61.0,152.23,4.5,06:45:00,17:44:00
31170,1481265650,12/8/2016 12:00:00 AM,20:40:50,1.22,52.0,30.39,65.0,163.23,7.87,06:45:00,17:44:00
31171,1481265350,12/8/2016 12:00:00 AM,20:35:50,1.28,52.0,30.39,69.0,157.75,4.5,06:45:00,17:44:00
31172,1481265051,12/8/2016 12:00:00 AM,20:30:51,1.24,52.0,30.4,68.0,151.54,6.75,06:45:00,17:44:00
31173,1481264749,12/8/2016 12:00:00 AM,20:25:49,1.21,52.0,30.39,64.0,152.66,2.25,06:45:00,17:44:00
31174,1481264470,12/8/2016 12:00:00 AM,20:21:10,1.2,52.0,30.4,62.0,152.77,3.37,06:45:00,17:44:00
31175,1481264140,12/8/2016 12:00:00 AM,20:15:40,1.23,52.0,30.39,65.0,124.0,3.37,06:45:00,17:44:00
31176,1481263850,12/8/2016 12:00:00 AM,20:10:50,1.25,51.0,30.39,68.0,131.33,1.12,06:45:00,17:44:00
31177,1481263550,12/8/2016 12:00:00 AM,20:05:50,1.24,51.0,30.39,74.0,138.41,2.25,06:45:00,17:44:00
31178,1481263251,12/8/2016 12:00:00 AM,20:00:51,1.27,52.0,30.39,77.0,124.42,1.12,06:45:00,17:44:00
31179,1481262949,12/8/2016 12:00:00 AM,19:55:49,1.23,52.0,30.39,73.0,142.15,3.37,06:45:00,17:44:00
31180,1481262642,12/8/2016 12:00:00 AM,19:50:42,1.25,52.0,30.39,66.0,148.33,1.12,06:45:00,17:44:00
31181,1481262339,12/8/2016 12:00:00 AM,19:45:39,1.25,51.0,30.39,65.0,121.53,1.12,06:45:00,17:44:00
31182,1481262050,12/8/2016 12:00:00 AM,19:40:50,1.2,51.0,30.39,70.0,160.72,3.37,06:45:00,17:44:00
31183,1481261740,12/8/2016 12:00:00 AM,19:35:40,1.26,51.0,30.39,68.0,147.29,2.25,06:45:00,17:44:00
31184,1481261449,12/8/2016 12:00:00 AM,19:30:49,1.22,51.0,30.39,72.0,156.09,5.62,06:45:00,17:44:00
31185,1481261152,12/8/2016 12:00:00 AM,19:25:52,1.25,51.0,30.39,68.0,116.47,4.5,06:45:00,17:44:00
31186,1481260850,12/8/2016 12:00:00 AM,19:20:50,1.26,51.0,30.38,74.0,141.56,3.37,06:45:00,17:44:00
31187,1481260550,12/8/2016 12:00:00 AM,19:15:50,1.25,51.0,30.38,75.0,140.85,2.25,06:45:00,17:44:00
31188,1481260250,12/8/2016 12:00:00 AM,19:10:50,1.24,51.0,30.38,74.83719267708949,73.29,2.25,06:45:00,17:44:00
31189,1481259952,12/8/2016 12:00:00 AM,19:05:52,1.24,52.0,30.39,69.0,123.07,4.5,06:45:00,17:44:00
31190,1481259642,12/8/2016 12:00:00 AM,19:00:42,1.23,52.0,30.38,66.0,119.0,2.25,06:45:00,17:44:00
31191,1481259358,12/8/2016 12:00:00 AM,18:55:58,1.21,51.0,30.38,68.0,125.43,3.37,06:45:00,17:44:00
31192,1481259040,12/8/2016 12:00:00 AM,18:50:40,1.2,51.0,30.38,75.0,114.55,4.5,06:45:00,17:44:00
31193,1481258761,12/8/2016 12:00:00 AM,18:46:01,1.22,51.0,30.38,76.0,32.41,7.87,06:45:00,17:44:00
31194,1481258449,12/8/2016 12:00:00 AM,18:40:49,1.23,51.0,30.38,78.0,32.2,1.12,06:45:00,17:44:00
31195,1481258159,12/8/2016 12:00:00 AM,18:35:59,1.24,51.0,30.38,80.0,71.83,0.0,06:45:00,17:44:00
31196,1481257850,12/8/2016 12:00:00 AM,18:30:50,1.23,51.0,30.38,89.0,52.66,3.37,06:45:00,17:44:00
31197,1481257539,12/8/2016 12:00:00 AM,18:25:39,1.24,52.0,30.38,94.0,74.85,1.12,06:45:00,17:44:00
31198,1481257239,12/8/2016 12:00:00 AM,18:20:39,1.23,52.0,30.37,93.0,53.81,1.12,06:45:00,17:44:00
31199,1481256950,12/8/2016 12:00:00 AM,18:15:50,1.22,52.0,30.37,91.0,53.7,2.25,06:45:00,17:44:00
31200,1481256649,12/8/2016 12:00:00 AM,18:10:49,1.23,52.0,30.37,74.83719267708949,62.0,1.12,06:45:00,17:44:00
31201,1481256342,12/8/2016 12:00:00 AM,18:05:42,1.19,52.0,30.37,82.0,80.05,2.25,06:45:00,17:44:00
31202,1481256066,12/8/2016 12:00:00 AM,18:01:06,1.19,52.0,30.37,83.0,93.64,2.25,06:45:00,17:44:00
31203,1481255749,12/8/2016 12:00:00 AM,17:55:49,1.3,52.0,30.37,87.0,2.63,0.0,06:45:00,17:44:00
31204,1481255466,12/8/2016 12:00:00 AM,17:51:06,1.43,52.0,30.36,91.0,120.09,4.5,06:45:00,17:44:00
31205,1481255150,12/8/2016 12:00:00 AM,17:45:50,2.01,52.0,30.36,93.0,68.02,3.37,06:45:00,17:44:00
31206,1481254849,12/8/2016 12:00:00 AM,17:40:49,2.77,52.0,30.36,95.0,17.05,2.25,06:45:00,17:44:00
31207,1481254552,12/8/2016 12:00:00 AM,17:35:52,5.03,52.0,30.36,98.0,83.54,2.25,06:45:00,17:44:00
31208,1481254261,12/8/2016 12:00:00 AM,17:31:01,4.91,53.0,30.37,98.0,81.19,1.12,06:45:00,17:44:00
31209,1481253969,12/8/2016 12:00:00 AM,17:26:09,7.31,52.0,30.36,96.0,18.3,2.25,06:45:00,17:44:00
31210,1481253680,12/8/2016 12:00:00 AM,17:21:20,12.92,53.0,30.36,97.0,45.63,4.5,06:45:00,17:44:00
31211,1481253370,12/8/2016 12:00:00 AM,17:16:10,16.92,53.0,30.36,97.0,27.68,3.37,06:45:00,17:44:00
31212,1481253050,12/8/2016 12:00:00 AM,17:10:50,23.01,52.0,30.36,96.0,60.04,3.37,06:45:00,17:44:00
31213,1481252742,12/8/2016 12:00:00 AM,17:05:42,28.97,52.0,30.36,98.0,25.17,4.5,06:45:00,17:44:00
31214,1481252449,12/8/2016 12:00:00 AM,17:00:49,32.44,53.0,30.35,99.0,336.44,3.37,06:45:00,17:44:00
31215,1481252150,12/8/2016 12:00:00 AM,16:55:50,32.46,53.0,30.35,99.0,110.56,5.62,06:45:00,17:44:00
31216,1481251849,12/8/2016 12:00:00 AM,16:50:49,45.72,53.0,30.35,99.0,100.84,4.5,06:45:00,17:44:00
31217,1481251555,12/8/2016 12:00:00 AM,16:45:55,57.23,54.0,30.35,99.0,117.98,4.5,06:45:00,17:44:00
31218,1481251239,12/8/2016 12:00:00 AM,16:40:39,62.75,54.0,30.35,98.0,85.27,5.62,06:45:00,17:44:00
31219,1481250949,12/8/2016 12:00:00 AM,16:35:49,64.92,54.0,30.35,98.0,42.73,9.0,06:45:00,17:44:00
31220,1481250649,12/8/2016 12:00:00 AM,16:30:49,89.15,54.0,30.35,97.0,29.06,5.62,06:45:00,17:44:00
31221,1481250350,12/8/2016 12:00:00 AM,16:25:50,101.03,55.0,30.34,97.0,75.89,9.0,06:45:00,17:44:00
31222,1481250050,12/8/2016 12:00:00 AM,16:20:50,117.37,55.0,30.34,74.83719267708949,112.8,9.0,06:45:00,17:44:00
31223,1481249750,12/8/2016 12:00:00 AM,16:15:50,153.15,55.0,30.34,98.0,81.84,5.62,06:45:00,17:44:00
31224,1481249449,12/8/2016 12:00:00 AM,16:10:49,131.34,55.0,30.34,97.0,32.67,3.37,06:45:00,17:44:00
31225,1481249172,12/8/2016 12:00:00 AM,16:06:12,125.83,55.0,30.34,97.0,357.6,4.5,06:45:00,17:44:00
31226,1481248882,12/8/2016 12:00:00 AM,16:01:22,129.26,55.0,30.34,98.0,31.66,4.5,06:45:00,17:44:00
31227,1481248570,12/8/2016 12:00:00 AM,15:56:10,129.81,55.0,30.34,98.0,34.01,3.37,06:45:00,17:44:00
31228,1481248270,12/8/2016 12:00:00 AM,15:51:10,147.32,55.0,30.34,98.0,102.64,6.75,06:45:00,17:44:00
31229,1481247939,12/8/2016 12:00:00 AM,15:45:39,149.92,55.0,30.34,97.0,73.22,4.5,06:45:00,17:44:00
31230,1481247659,12/8/2016 12:00:00 AM,15:40:59,154.08,51.16507236474315,30.34,97.0,129.22,5.62,06:45:00,17:44:00
31231,1481247343,12/8/2016 12:00:00 AM,15:35:43,143.0,55.0,30.34,97.0,67.26,12.37,06:45:00,17:44:00
31232,1481247040,12/8/2016 12:00:00 AM,15:30:40,156.6,56.0,30.34,96.0,32.24,5.62,06:45:00,17:44:00
31233,1481246750,12/8/2016 12:00:00 AM,15:25:50,183.95,56.0,30.34,94.0,55.62,9.0,06:45:00,17:44:00
31234,1481246449,12/8/2016 12:00:00 AM,15:20:49,202.93,56.0,30.34,92.0,74.9,7.87,06:45:00,17:44:00
31235,1481246140,12/8/2016 12:00:00 AM,15:15:40,193.44,56.0,30.34,92.0,103.32,4.5,06:45:00,17:44:00
31236,1481245850,12/8/2016 12:00:00 AM,15:10:50,176.31,56.0,30.34,92.0,69.5,3.37,06:45:00,17:44:00
31237,1481245542,12/8/2016 12:00:00 AM,15:05:42,169.79,56.0,30.34,94.0,86.53,7.87,06:45:00,17:44:00
31238,1481245270,12/8/2016 12:00:00 AM,15:01:10,178.61,56.0,30.34,96.0,40.38,3.37,06:45:00,17:44:00
31239,1481244980,12/8/2016 12:00:00 AM,14:56:20,203.53,57.0,30.34,94.0,48.69,5.62,06:45:00,17:44:00
31240,1481244639,12/8/2016 12:00:00 AM,14:50:39,186.53,57.0,30.34,95.0,17.92,5.62,06:45:00,17:44:00
31241,1481244372,12/8/2016 12:00:00 AM,14:46:12,178.08,57.0,30.34,94.0,60.76,3.37,06:45:00,17:44:00
31242,1481244079,12/8/2016 12:00:00 AM,14:41:19,201.7,57.0,30.34,93.0,27.56,4.5,06:45:00,17:44:00
31243,1481243752,12/8/2016 12:00:00 AM,14:35:52,209.81,57.0,30.34,94.0,9.19,6.75,06:45:00,17:44:00
31244,1481243450,12/8/2016 12:00:00 AM,14:30:50,246.06,57.0,30.34,94.0,359.85,9.0,06:45:00,17:44:00
31245,1481243140,12/8/2016 12:00:00 AM,14:25:40,259.03,57.0,30.34,94.0,84.04,9.0,06:45:00,17:44:00
31246,1481242880,12/8/2016 12:00:00 AM,14:21:20,273.08,57.0,30.34,94.0,56.6,7.87,06:45:00,17:44:00
31247,1481242549,12/8/2016 12:00:00 AM,14:15:49,322.65,58.0,30.34,92.0,98.47,7.87,06:45:00,17:44:00
31248,1481242249,12/8/2016 12:00:00 AM,14:10:49,337.69,58.0,30.34,90.0,49.35,5.62,06:45:00,17:44:00
31249,1481241953,12/8/2016 12:00:00 AM,14:05:53,317.77,58.0,30.34,89.0,98.56,6.75,06:45:00,17:44:00
31250,1481241649,12/8/2016 12:00:00 AM,14:00:49,314.1,58.0,30.34,90.0,66.8,4.5,06:45:00,17:44:00
31251,1481241349,12/8/2016 12:00:00 AM,13:55:49,313.43,58.0,30.35,89.0,84.23,10.12,06:45:00,17:44:00
31252,1481241042,12/8/2016 12:00:00 AM,13:50:42,332.43,58.0,30.35,87.0,110.27,5.62,06:45:00,17:44:00
31253,1481240753,12/8/2016 12:00:00 AM,13:45:53,420.45,58.0,30.35,88.0,29.94,9.0,06:45:00,17:44:00
31254,1481240450,12/8/2016 12:00:00 AM,13:40:50,339.18,58.0,30.35,74.83719267708949,67.12,5.62,06:45:00,17:44:00
31255,1481240149,12/8/2016 12:00:00 AM,13:35:49,285.68,58.0,30.35,89.0,108.72,3.37,06:45:00,17:44:00
31256,1481239850,12/8/2016 12:00:00 AM,13:30:50,320.77,58.0,30.35,89.0,61.88,4.5,06:45:00,17:44:00
31257,1481239550,12/8/2016 12:00:00 AM,13:25:50,380.89,58.0,30.35,89.0,16.91,7.87,06:45:00,17:44:00
31258,1481239242,12/8/2016 12:00:00 AM,13:20:42,438.32,58.0,30.35,89.0,75.66,2.25,06:45:00,17:44:00
31259,1481238950,12/8/2016 12:00:00 AM,13:15:50,415.72,58.0,30.36,90.0,59.23,4.5,06:45:00,17:44:00
31260,1481238640,12/8/2016 12:00:00 AM,13:10:40,405.81,57.0,30.36,90.0,66.62,3.37,06:45:00,17:44:00
31261,1481238353,12/8/2016 12:00:00 AM,13:05:53,436.9,57.0,30.36,93.0,101.37,6.75,06:45:00,17:44:00
31262,1481238050,12/8/2016 12:00:00 AM,13:00:50,425.39,57.0,30.36,90.0,114.19,3.37,06:45:00,17:44:00
31263,1481237750,12/8/2016 12:00:00 AM,12:55:50,417.27,57.0,30.36,89.0,73.11,5.62,06:45:00,17:44:00
31264,1481237449,12/8/2016 12:00:00 AM,12:50:49,420.75,57.0,30.36,88.0,101.38,4.5,06:45:00,17:44:00
31265,1481237140,12/8/2016 12:00:00 AM,12:45:40,407.56,57.0,30.37,88.0,97.36,4.5,06:45:00,17:44:00
31266,1481236850,12/8/2016 12:00:00 AM,12:40:50,388.92,57.0,30.37,85.0,75.79,7.87,06:45:00,17:44:00
31267,1481236549,12/8/2016 12:00:00 AM,12:35:49,396.11,58.0,30.37,86.0,108.3,1.12,06:45:00,17:44:00
31268,1481236253,12/8/2016 12:00:00 AM,12:30:53,422.42,58.0,30.37,85.0,110.12,6.75,06:45:00,17:44:00
31269,1481235950,12/8/2016 12:00:00 AM,12:25:50,426.04,58.0,30.37,84.0,62.61,4.5,06:45:00,17:44:00
31270,1481235642,12/8/2016 12:00:00 AM,12:20:42,413.71,58.0,30.37,82.0,66.01,3.37,06:45:00,17:44:00
31271,1481235349,12/8/2016 12:00:00 AM,12:15:49,400.26,58.0,30.38,80.0,59.44,4.5,06:45:00,17:44:00
31272,1481235040,12/8/2016 12:00:00 AM,12:10:40,412.84,58.0,30.38,82.0,104.13,3.37,06:45:00,17:44:00
31273,1481234779,12/8/2016 12:00:00 AM,12:06:19,421.07,58.0,30.38,83.0,123.13,6.75,06:45:00,17:44:00
31274,1481234440,12/8/2016 12:00:00 AM,12:00:40,461.97,57.0,30.38,84.0,103.25,4.5,06:45:00,17:44:00
31275,1481234159,12/8/2016 12:00:00 AM,11:55:59,486.08,57.0,30.38,86.0,57.5,4.5,06:45:00,17:44:00
31276,1481233852,12/8/2016 12:00:00 AM,11:50:52,447.34,57.0,30.38,86.0,95.1,6.75,06:45:00,17:44:00
31277,1481233559,12/8/2016 12:00:00 AM,11:45:59,432.38,57.0,30.38,86.0,83.45,5.62,06:45:00,17:44:00
31278,1481233249,12/8/2016 12:00:00 AM,11:40:49,374.27,57.0,30.39,87.0,155.37,6.75,06:45:00,17:44:00
31279,1481232954,12/8/2016 12:00:00 AM,11:35:54,340.91,57.0,30.39,86.0,90.88,4.5,06:45:00,17:44:00
31280,1481232671,12/8/2016 12:00:00 AM,11:31:11,341.92,57.0,30.39,86.0,132.75,9.0,06:45:00,17:44:00
31281,1481232350,12/8/2016 12:00:00 AM,11:25:50,331.88,57.0,30.39,88.0,118.65,4.5,06:45:00,17:44:00
31282,1481232043,12/8/2016 12:00:00 AM,11:20:43,335.32,57.0,30.39,87.0,116.99,3.37,06:45:00,17:44:00
31283,1481231740,12/8/2016 12:00:00 AM,11:15:40,333.06,57.0,30.39,87.0,72.23,5.62,06:45:00,17:44:00
31284,1481231442,12/8/2016 12:00:00 AM,11:10:42,285.73,57.0,30.39,89.0,134.94,9.0,06:45:00,17:44:00
31285,1481006753,12/5/2016 12:00:00 AM,20:45:53,1.24,45.0,30.4,93.0,329.18,0.0,06:44:00,17:43:00
31286,1481006467,12/5/2016 12:00:00 AM,20:41:07,1.22,45.0,30.4,93.0,329.18,0.0,06:44:00,17:43:00
31287,1481006150,12/5/2016 12:00:00 AM,20:35:50,1.21,45.0,30.4,93.0,329.18,0.0,06:44:00,17:43:00
31288,1481005873,12/5/2016 12:00:00 AM,20:31:13,1.21,45.0,30.4,93.0,329.18,0.0,06:44:00,17:43:00
31289,1481005551,12/5/2016 12:00:00 AM,20:25:51,1.21,45.0,30.4,93.0,329.18,0.0,06:44:00,17:43:00
31290,1481005249,12/5/2016 12:00:00 AM,20:20:49,1.23,45.0,30.4,93.0,329.18,1.12,06:44:00,17:43:00
31291,1481004950,12/5/2016 12:00:00 AM,20:15:50,1.26,45.0,30.4,93.0,329.18,1.12,06:44:00,17:43:00
31292,1481004650,12/5/2016 12:00:00 AM,20:10:50,1.23,45.0,30.4,93.0,329.17,1.12,06:44:00,17:43:00
31293,1481004349,12/5/2016 12:00:00 AM,20:05:49,1.24,45.0,30.39,93.0,329.17,0.0,06:44:00,17:43:00
31294,1481004049,12/5/2016 12:00:00 AM,20:00:49,1.2,45.0,30.39,93.0,329.18,1.12,06:44:00,17:43:00
31295,1481003751,12/5/2016 12:00:00 AM,19:55:51,1.23,45.0,30.39,93.0,329.18,2.25,06:44:00,17:43:00
31296,1481003450,12/5/2016 12:00:00 AM,19:50:50,1.24,45.0,30.39,93.0,329.18,1.12,06:44:00,17:43:00
31297,1481003155,12/5/2016 12:00:00 AM,19:45:55,1.26,45.0,30.39,93.0,329.18,3.37,06:44:00,17:43:00
31298,1481002849,12/5/2016 12:00:00 AM,19:40:49,1.21,45.0,30.39,93.0,329.04,2.25,06:44:00,17:43:00
31299,1481002552,12/5/2016 12:00:00 AM,19:35:52,1.25,45.0,30.39,93.0,329.05,1.12,06:44:00,17:43:00
31300,1481002250,12/5/2016 12:00:00 AM,19:30:50,1.23,45.0,30.39,93.0,329.04,1.12,06:44:00,17:43:00
31301,1481001939,12/5/2016 12:00:00 AM,19:25:39,1.22,45.0,30.39,93.0,329.04,0.0,06:44:00,17:43:00
31302,1481001649,12/5/2016 12:00:00 AM,19:20:49,1.21,45.0,30.39,93.0,329.03,0.0,06:44:00,17:43:00
31303,1481001349,12/5/2016 12:00:00 AM,19:15:49,1.27,45.0,30.39,93.0,329.03,1.12,06:44:00,17:43:00
31304,1481001050,12/5/2016 12:00:00 AM,19:10:50,1.25,45.0,30.38,93.0,329.03,1.12,06:44:00,17:43:00
31305,1481000749,12/5/2016 12:00:00 AM,19:05:49,1.26,45.0,30.38,93.0,329.03,0.0,06:44:00,17:43:00
31306,1481000449,12/5/2016 12:00:00 AM,19:00:49,1.26,45.0,30.38,93.0,329.03,1.12,06:44:00,17:43:00
31307,1481000142,12/5/2016 12:00:00 AM,18:55:42,1.23,45.0,30.38,93.0,329.03,2.25,06:44:00,17:43:00
31308,1480999840,12/5/2016 12:00:00 AM,18:50:40,1.24,45.0,30.38,93.0,329.03,1.12,06:44:00,17:43:00
31309,1480999550,12/5/2016 12:00:00 AM,18:45:50,1.19,45.0,30.38,93.0,329.03,2.25,06:44:00,17:43:00
31310,1480999249,12/5/2016 12:00:00 AM,18:40:49,1.26,45.0,30.38,93.0,329.03,2.25,06:44:00,17:43:00
31311,1480998950,12/5/2016 12:00:00 AM,18:35:50,1.29,45.0,30.38,93.0,329.03,2.25,06:44:00,17:43:00
31312,1480998640,12/5/2016 12:00:00 AM,18:30:40,1.24,45.0,30.38,93.0,329.04,1.12,06:44:00,17:43:00
31313,1480998349,12/5/2016 12:00:00 AM,18:25:49,1.24,45.0,30.37,93.0,329.04,0.0,06:44:00,17:43:00
31314,1480998049,12/5/2016 12:00:00 AM,18:20:49,1.19,45.0,30.37,93.0,329.04,2.25,06:44:00,17:43:00
31315,1480997751,12/5/2016 12:00:00 AM,18:15:51,1.25,45.0,30.37,93.0,329.04,1.12,06:44:00,17:43:00
31316,1480997439,12/5/2016 12:00:00 AM,18:10:39,1.21,45.0,30.37,93.0,329.04,3.37,06:44:00,17:43:00
31317,1480997139,12/5/2016 12:00:00 AM,18:05:39,1.28,45.0,30.37,93.0,329.03,3.37,06:44:00,17:43:00
31318,1480996839,12/5/2016 12:00:00 AM,18:00:39,1.24,45.0,30.37,93.0,329.07,1.12,06:44:00,17:43:00
31319,1480996550,12/5/2016 12:00:00 AM,17:55:50,1.25,45.0,30.37,93.0,329.81,2.25,06:44:00,17:43:00
31320,1480996250,12/5/2016 12:00:00 AM,17:50:50,1.21,45.0,30.37,93.0,329.84,2.25,06:44:00,17:43:00
31321,1480995949,12/5/2016 12:00:00 AM,17:45:49,1.27,45.0,30.37,93.0,329.84,1.12,06:44:00,17:43:00
31322,1480995661,12/5/2016 12:00:00 AM,17:41:01,2.77,45.0,30.37,93.0,329.84,2.25,06:44:00,17:43:00
31323,1480995360,12/5/2016 12:00:00 AM,17:36:00,2.31,45.0,30.37,93.0,329.95,2.25,06:44:00,17:43:00
31324,1480995066,12/5/2016 12:00:00 AM,17:31:06,4.12,45.0,30.37,93.0,327.19,1.12,06:44:00,17:43:00
31325,1480994739,12/5/2016 12:00:00 AM,17:25:39,5.02,45.0,30.37,93.0,327.17,2.25,06:44:00,17:43:00
31326,1480994439,12/5/2016 12:00:00 AM,17:20:39,6.17,45.0,30.37,93.0,327.4,1.12,06:44:00,17:43:00
31327,1480994150,12/5/2016 12:00:00 AM,17:15:50,5.71,45.0,30.36,93.0,327.14,3.37,06:44:00,17:43:00
31328,1480993841,12/5/2016 12:00:00 AM,17:10:41,7.64,45.0,30.36,93.0,327.13,4.5,06:44:00,17:43:00
31329,1480993549,12/5/2016 12:00:00 AM,17:05:49,9.28,45.0,30.36,93.0,328.09,5.62,06:44:00,17:43:00
31330,1480993249,12/5/2016 12:00:00 AM,17:00:49,8.25,45.0,30.36,93.0,330.97,2.25,06:44:00,17:43:00
31331,1480992950,12/5/2016 12:00:00 AM,16:55:50,8.09,45.0,30.36,93.0,330.59,4.5,06:44:00,17:43:00
31332,1480992651,12/5/2016 12:00:00 AM,16:50:51,8.99,45.0,30.36,93.0,330.96,4.5,06:44:00,17:43:00
31333,1480992363,12/5/2016 12:00:00 AM,16:46:03,9.64,45.0,30.36,93.0,333.75,3.37,06:44:00,17:43:00
31334,1480992052,12/5/2016 12:00:00 AM,16:40:52,12.48,45.0,30.35,93.0,335.08,2.25,06:44:00,17:43:00
31335,1480991749,12/5/2016 12:00:00 AM,16:35:49,11.36,45.0,30.35,93.0,329.9,4.5,06:44:00,17:43:00
31336,1480991452,12/5/2016 12:00:00 AM,16:30:52,13.66,45.0,30.35,93.0,331.45,4.5,06:44:00,17:43:00
31337,1480991150,12/5/2016 12:00:00 AM,16:25:50,14.8,45.0,30.35,93.0,334.74,4.5,06:44:00,17:43:00
31338,1480990849,12/5/2016 12:00:00 AM,16:20:49,15.49,45.0,30.35,93.0,322.9,7.87,06:44:00,17:43:00
31339,1480990552,12/5/2016 12:00:00 AM,16:15:52,20.19,45.0,30.35,93.0,340.98,6.75,06:44:00,17:43:00
31340,1480990249,12/5/2016 12:00:00 AM,16:10:49,27.4,45.0,30.35,93.0,329.57,4.5,06:44:00,17:43:00
31341,1480989940,12/5/2016 12:00:00 AM,16:05:40,23.6,45.0,30.35,93.0,327.3,5.62,06:44:00,17:43:00
31342,1480989650,12/5/2016 12:00:00 AM,16:00:50,28.89,45.0,30.35,93.0,358.05,5.62,06:44:00,17:43:00
31343,1480989349,12/5/2016 12:00:00 AM,15:55:49,23.47,45.0,30.34,93.0,338.66,3.37,06:44:00,17:43:00
31344,1480989052,12/5/2016 12:00:00 AM,15:50:52,25.41,45.0,30.34,93.0,348.38,5.62,06:44:00,17:43:00
31345,1480988769,12/5/2016 12:00:00 AM,15:46:09,15.08,45.0,30.34,93.0,4.49,3.37,06:44:00,17:43:00
31346,1480988450,12/5/2016 12:00:00 AM,15:40:50,15.88,45.0,30.34,93.0,14.37,4.5,06:44:00,17:43:00
31347,1480988151,12/5/2016 12:00:00 AM,15:35:51,19.13,45.0,30.34,93.0,359.88,5.62,06:44:00,17:43:00
31348,1480987841,12/5/2016 12:00:00 AM,15:30:41,20.16,45.0,30.34,93.0,327.75,5.62,06:44:00,17:43:00
31349,1480987540,12/5/2016 12:00:00 AM,15:25:40,29.13,45.0,30.34,93.0,358.03,6.75,06:44:00,17:43:00
31350,1480987249,12/5/2016 12:00:00 AM,15:20:49,26.36,45.0,30.34,93.0,336.49,3.37,06:44:00,17:43:00
31351,1480986940,12/5/2016 12:00:00 AM,15:15:40,32.58,45.0,30.34,93.0,326.16,5.62,06:44:00,17:43:00
31352,1480986650,12/5/2016 12:00:00 AM,15:10:50,19.02,45.0,30.34,93.0,336.43,5.62,06:44:00,17:43:00
31353,1480986350,12/5/2016 12:00:00 AM,15:05:50,27.91,45.0,30.34,93.0,5.67,7.87,06:44:00,17:43:00
31354,1480986049,12/5/2016 12:00:00 AM,15:00:49,21.03,45.0,30.34,93.0,6.76,3.37,06:44:00,17:43:00
31355,1480985749,12/5/2016 12:00:00 AM,14:55:49,57.42,45.0,30.34,93.0,356.48,4.5,06:44:00,17:43:00
31356,1480985449,12/5/2016 12:00:00 AM,14:50:49,122.34,45.0,30.33,93.0,326.72,10.12,06:44:00,17:43:00
31357,1480985150,12/5/2016 12:00:00 AM,14:45:50,45.23,45.0,30.33,93.0,325.19,7.87,06:44:00,17:43:00
31358,1480984870,12/5/2016 12:00:00 AM,14:41:10,33.7,45.0,30.33,93.0,330.86,3.37,06:44:00,17:43:00
31359,1480984549,12/5/2016 12:00:00 AM,14:35:49,75.87,45.0,30.33,93.0,296.54,7.87,06:44:00,17:43:00
31360,1480984249,12/5/2016 12:00:00 AM,14:30:49,69.67,45.0,30.33,93.0,288.65,11.25,06:44:00,17:43:00
31361,1480983952,12/5/2016 12:00:00 AM,14:25:52,62.24,45.0,30.33,93.0,305.0,6.75,06:44:00,17:43:00
31362,1480983650,12/5/2016 12:00:00 AM,14:20:50,51.93,45.0,30.33,93.0,332.48,7.87,06:44:00,17:43:00
31363,1480983350,12/5/2016 12:00:00 AM,14:15:50,56.12,45.0,30.33,93.0,296.68,7.87,06:44:00,17:43:00
31364,1480983050,12/5/2016 12:00:00 AM,14:10:50,74.25,45.0,30.33,93.0,315.65,7.87,06:44:00,17:43:00
31365,1480982750,12/5/2016 12:00:00 AM,14:05:50,130.7,45.0,30.33,93.0,291.45,13.5,06:44:00,17:43:00
31366,1480982450,12/5/2016 12:00:00 AM,14:00:50,107.0,45.0,30.33,93.0,317.19,11.25,06:44:00,17:43:00
31367,1480982149,12/5/2016 12:00:00 AM,13:55:49,75.34,45.0,30.33,93.0,309.31,9.0,06:44:00,17:43:00
31368,1480981849,12/5/2016 12:00:00 AM,13:50:49,50.7,45.0,30.33,93.0,309.66,6.75,06:44:00,17:43:00
31369,1480981542,12/5/2016 12:00:00 AM,13:45:42,49.77,45.0,30.34,93.0,326.47,6.75,06:44:00,17:43:00
31370,1480981249,12/5/2016 12:00:00 AM,13:40:49,40.78,45.0,30.34,93.0,320.94,6.75,06:44:00,17:43:00
31371,1480980950,12/5/2016 12:00:00 AM,13:35:50,28.91,45.0,30.34,93.0,326.67,10.12,06:44:00,17:43:00
31372,1480980650,12/5/2016 12:00:00 AM,13:30:50,22.83,45.0,30.34,93.0,351.95,5.62,06:44:00,17:43:00
31373,1480980353,12/5/2016 12:00:00 AM,13:25:53,19.41,45.0,30.34,93.0,355.36,6.75,06:44:00,17:43:00
31374,1480980040,12/5/2016 12:00:00 AM,13:20:40,23.42,45.0,30.34,93.0,334.87,4.5,06:44:00,17:43:00
31375,1480979753,12/5/2016 12:00:00 AM,13:15:53,27.51,45.0,30.34,93.0,346.54,9.0,06:44:00,17:43:00
31376,1480979462,12/5/2016 12:00:00 AM,13:11:02,32.78,45.0,30.34,93.0,320.87,3.37,06:44:00,17:43:00
31377,1480979149,12/5/2016 12:00:00 AM,13:05:49,61.16,45.0,30.34,93.0,282.33,2.25,06:44:00,17:43:00
31378,1480978873,12/5/2016 12:00:00 AM,13:01:13,69.82,45.0,30.34,93.0,308.85,3.37,06:44:00,17:43:00
31379,1480978549,12/5/2016 12:00:00 AM,12:55:49,80.16,45.0,30.35,93.0,294.72,14.62,06:44:00,17:43:00
31380,1480978250,12/5/2016 12:00:00 AM,12:50:50,136.59,45.0,30.35,93.0,305.92,11.25,06:44:00,17:43:00
31381,1480977955,12/5/2016 12:00:00 AM,12:45:55,51.03,45.0,30.35,93.0,325.93,9.0,06:44:00,17:43:00
31382,1480977649,12/5/2016 12:00:00 AM,12:40:49,112.75,45.0,30.35,93.0,310.59,3.37,06:44:00,17:43:00
31383,1480977350,12/5/2016 12:00:00 AM,12:35:50,99.81,45.0,30.35,93.0,299.73,6.75,06:44:00,17:43:00
31384,1480977049,12/5/2016 12:00:00 AM,12:30:49,142.1,45.0,30.35,93.0,318.72,10.12,06:44:00,17:43:00
31385,1480976750,12/5/2016 12:00:00 AM,12:25:50,68.86,45.0,30.35,93.0,299.19,6.75,06:44:00,17:43:00
31386,1480976443,12/5/2016 12:00:00 AM,12:20:43,44.57,45.0,30.36,93.0,310.0,9.0,06:44:00,17:43:00
31387,1480976140,12/5/2016 12:00:00 AM,12:15:40,39.54,45.0,30.36,93.0,305.3,7.87,06:44:00,17:43:00
31388,1480975849,12/5/2016 12:00:00 AM,12:10:49,43.87,45.0,30.36,93.0,326.22,5.62,06:44:00,17:43:00
31389,1480975542,12/5/2016 12:00:00 AM,12:05:42,60.07,45.0,30.36,93.0,321.14,4.5,06:44:00,17:43:00
31390,1480975242,12/5/2016 12:00:00 AM,12:00:42,71.02,45.0,30.36,93.0,332.82,5.62,06:44:00,17:43:00
31391,1480974940,12/5/2016 12:00:00 AM,11:55:40,72.18,45.0,30.36,93.0,332.8,3.37,06:44:00,17:43:00
31392,1480974650,12/5/2016 12:00:00 AM,11:50:50,89.93,45.0,30.36,93.0,327.3,6.75,06:44:00,17:43:00
31393,1480974340,12/5/2016 12:00:00 AM,11:45:40,70.6,45.0,30.36,93.0,326.31,3.37,06:44:00,17:43:00
31394,1480974050,12/5/2016 12:00:00 AM,11:40:50,72.21,45.0,30.37,93.0,307.15,4.5,06:44:00,17:43:00
31395,1480973750,12/5/2016 12:00:00 AM,11:35:50,83.15,45.0,30.37,93.0,293.68,3.37,06:44:00,17:43:00
31396,1480973452,12/5/2016 12:00:00 AM,11:30:52,151.37,45.0,30.37,93.0,319.61,7.87,06:44:00,17:43:00
31397,1480973142,12/5/2016 12:00:00 AM,11:25:42,126.2,45.0,30.37,93.0,334.89,6.75,06:44:00,17:43:00
31398,1480972850,12/5/2016 12:00:00 AM,11:20:50,75.95,45.0,30.37,93.0,343.32,2.25,06:44:00,17:43:00
31399,1480972550,12/5/2016 12:00:00 AM,11:15:50,88.64,45.0,30.37,93.0,336.25,5.62,06:44:00,17:43:00
31400,1480972249,12/5/2016 12:00:00 AM,11:10:49,71.2,45.0,30.37,93.0,342.52,3.37,06:44:00,17:43:00
31401,1480971952,12/5/2016 12:00:00 AM,11:05:52,86.37,45.0,30.38,93.0,341.81,3.37,06:44:00,17:43:00
31402,1480971634,12/5/2016 12:00:00 AM,11:00:34,79.27,45.0,30.38,93.0,331.79,4.5,06:44:00,17:43:00
31403,1480971333,12/5/2016 12:00:00 AM,10:55:33,125.69,45.0,30.37,93.0,344.26,5.62,06:44:00,17:43:00
31404,1480971034,12/5/2016 12:00:00 AM,10:50:34,111.21,45.0,30.37,93.0,324.94,5.62,06:44:00,17:43:00
31405,1480970737,12/5/2016 12:00:00 AM,10:45:37,83.95,45.0,30.38,93.0,308.69,4.5,06:44:00,17:43:00
31406,1480970433,12/5/2016 12:00:00 AM,10:40:33,94.3,45.0,30.38,93.0,312.48,6.75,06:44:00,17:43:00
31407,1480970133,12/5/2016 12:00:00 AM,10:35:33,123.96,45.0,30.38,93.0,315.95,5.62,06:44:00,17:43:00
31408,1480969834,12/5/2016 12:00:00 AM,10:30:34,148.2,45.0,30.38,93.0,314.54,4.5,06:44:00,17:43:00
31409,1480969533,12/5/2016 12:00:00 AM,10:25:33,129.77,45.0,30.38,93.0,317.17,4.5,06:44:00,17:43:00
31410,1480969233,12/5/2016 12:00:00 AM,10:20:33,176.47,45.0,30.38,93.0,322.63,5.62,06:44:00,17:43:00
31411,1480968933,12/5/2016 12:00:00 AM,10:15:33,148.38,45.0,30.38,93.0,294.09,1.12,06:44:00,17:43:00
31412,1480968633,12/5/2016 12:00:00 AM,10:10:33,130.98,45.0,30.38,93.0,310.83,4.5,06:44:00,17:43:00
31413,1480968334,12/5/2016 12:00:00 AM,10:05:34,172.95,45.0,30.38,93.0,296.84,6.75,06:44:00,17:43:00
31414,1480968036,12/5/2016 12:00:00 AM,10:00:36,219.42,45.0,30.38,93.0,301.69,7.87,06:44:00,17:43:00
31415,1480967734,12/5/2016 12:00:00 AM,09:55:34,148.17,45.0,30.38,93.0,302.26,9.0,06:44:00,17:43:00
31416,1480967434,12/5/2016 12:00:00 AM,09:50:34,171.92,45.0,30.423028000868246,93.0,282.98,7.87,06:44:00,17:43:00
31417,1480967133,12/5/2016 12:00:00 AM,09:45:33,239.33,45.0,30.38,93.0,288.47,7.87,06:44:00,17:43:00
31418,1480966834,12/5/2016 12:00:00 AM,09:40:34,274.31,45.0,30.37,93.0,269.56,6.75,06:44:00,17:43:00
31419,1480966533,12/5/2016 12:00:00 AM,09:35:33,227.42,45.0,30.37,93.0,260.75,6.75,06:44:00,17:43:00
31420,1480966233,12/5/2016 12:00:00 AM,09:30:33,250.53,45.0,30.37,93.0,282.87,6.75,06:44:00,17:43:00
31421,1480965933,12/5/2016 12:00:00 AM,09:25:33,198.82,45.0,30.37,93.0,270.94,4.5,06:44:00,17:43:00
31422,1480965633,12/5/2016 12:00:00 AM,09:20:33,273.68,45.0,30.37,93.0,274.42,6.75,06:44:00,17:43:00
31423,1480965334,12/5/2016 12:00:00 AM,09:15:34,290.67,45.0,30.37,93.0,284.07,11.25,06:44:00,17:43:00
31424,1480965034,12/5/2016 12:00:00 AM,09:10:34,347.8,45.0,30.37,93.0,274.27,11.25,06:44:00,17:43:00
31425,1480964733,12/5/2016 12:00:00 AM,09:05:33,323.49,45.0,30.37,93.0,293.26,7.87,06:44:00,17:43:00
31426,1480964433,12/5/2016 12:00:00 AM,09:00:33,254.57,45.0,30.37,93.0,278.35,3.37,06:44:00,17:43:00
31427,1480964126,12/5/2016 12:00:00 AM,08:55:26,186.5,45.0,30.37,93.0,234.75,2.25,06:44:00,17:43:00
31428,1480963833,12/5/2016 12:00:00 AM,08:50:33,175.99,45.0,30.37,93.0,232.8,5.62,06:44:00,17:43:00
31429,1480963534,12/5/2016 12:00:00 AM,08:45:34,148.27,45.0,30.36,93.0,233.18,4.5,06:44:00,17:43:00
31430,1480963234,12/5/2016 12:00:00 AM,08:40:34,120.86,45.0,30.36,93.0,233.2,5.62,06:44:00,17:43:00
31431,1480962933,12/5/2016 12:00:00 AM,08:35:33,65.42,45.0,30.36,93.0,249.72,5.62,06:44:00,17:43:00
31432,1480962633,12/5/2016 12:00:00 AM,08:30:33,55.41,45.0,30.36,93.0,239.15,6.75,06:44:00,17:43:00
31433,1480962337,12/5/2016 12:00:00 AM,08:25:37,49.75,45.0,30.36,93.0,235.21,6.75,06:44:00,17:43:00
31434,1480962034,12/5/2016 12:00:00 AM,08:20:34,44.84,45.0,30.36,93.0,232.35,6.75,06:44:00,17:43:00
31435,1480961734,12/5/2016 12:00:00 AM,08:15:34,46.65,45.0,30.36,93.0,232.71,10.12,06:44:00,17:43:00
31436,1480961433,12/5/2016 12:00:00 AM,08:10:33,37.43,45.0,30.35,93.0,238.37,5.62,06:44:00,17:43:00
31437,1480961136,12/5/2016 12:00:00 AM,08:05:36,45.8,45.0,30.35,93.0,312.8,4.5,06:44:00,17:43:00
31438,1480960834,12/5/2016 12:00:00 AM,08:00:34,83.06,45.0,30.35,93.0,29.69,1.12,06:44:00,17:43:00
31439,1480960533,12/5/2016 12:00:00 AM,07:55:33,48.84,45.0,30.34,93.0,29.69,6.229096658193317,06:44:00,17:43:00
31440,1480960233,12/5/2016 12:00:00 AM,07:50:33,20.77,45.0,30.34,93.0,29.69,0.0,06:44:00,17:43:00
31441,1480959933,12/5/2016 12:00:00 AM,07:45:33,18.83,45.0,30.34,93.0,29.69,2.25,06:44:00,17:43:00
31442,1480959637,12/5/2016 12:00:00 AM,07:40:37,33.0,45.0,30.33,93.0,30.88,3.37,06:44:00,17:43:00
31443,1480959334,12/5/2016 12:00:00 AM,07:35:34,48.35,45.0,30.33,93.0,51.1,1.12,06:44:00,17:43:00
31444,1480959036,12/5/2016 12:00:00 AM,07:30:36,53.41,45.0,30.33,93.0,28.98,4.5,06:44:00,17:43:00
31445,1480958734,12/5/2016 12:00:00 AM,07:25:34,37.3,45.0,30.33,93.0,58.81,3.37,06:44:00,17:43:00
31446,1480958434,12/5/2016 12:00:00 AM,07:20:34,52.26,45.0,30.32,93.0,41.23,6.75,06:44:00,17:43:00
31447,1480958134,12/5/2016 12:00:00 AM,07:15:34,33.82,45.0,30.32,93.0,22.56,6.75,06:44:00,17:43:00
31448,1480957835,12/5/2016 12:00:00 AM,07:10:35,7.79,45.0,30.32,93.0,28.51,7.87,06:44:00,17:43:00
31449,1480957538,12/5/2016 12:00:00 AM,07:05:38,7.08,45.0,30.32,93.0,23.53,3.37,06:44:00,17:43:00
31450,1480957233,12/5/2016 12:00:00 AM,07:00:33,6.08,45.0,30.32,93.0,22.57,3.37,06:44:00,17:43:00
31451,1480956934,12/5/2016 12:00:00 AM,06:55:34,4.77,45.0,30.32,93.0,23.74,3.37,06:44:00,17:43:00
31452,1480956634,12/5/2016 12:00:00 AM,06:50:34,3.53,45.0,30.32,93.0,28.78,2.25,06:44:00,17:43:00
31453,1480956325,12/5/2016 12:00:00 AM,06:45:25,2.52,45.0,30.32,93.0,30.94,3.37,06:44:00,17:43:00
31454,1480956033,12/5/2016 12:00:00 AM,06:40:33,1.6,51.16507236474315,30.32,93.0,16.33,2.25,06:44:00,17:43:00
31455,1480955733,12/5/2016 12:00:00 AM,06:35:33,1.23,45.0,30.423028000868246,93.0,8.76,3.37,06:44:00,17:43:00
31456,1480955437,12/5/2016 12:00:00 AM,06:30:37,1.22,45.0,30.32,93.0,10.27,1.12,06:44:00,17:43:00
31457,1480955133,12/5/2016 12:00:00 AM,06:25:33,1.22,45.0,30.32,93.0,9.46,0.0,06:44:00,17:43:00
31458,1480954834,12/5/2016 12:00:00 AM,06:20:34,1.25,45.0,30.32,93.0,3.06,3.37,06:44:00,17:43:00
31459,1480954533,12/5/2016 12:00:00 AM,06:15:33,1.23,45.0,30.32,93.0,17.48,5.62,06:44:00,17:43:00
31460,1480954233,12/5/2016 12:00:00 AM,06:10:33,1.24,45.0,30.32,93.0,19.03,4.5,06:44:00,17:43:00
31461,1480953934,12/5/2016 12:00:00 AM,06:05:34,1.21,45.0,30.32,93.0,302.14,3.37,06:44:00,17:43:00
31462,1480953634,12/5/2016 12:00:00 AM,06:00:34,1.19,45.0,30.33,93.0,152.38,3.37,06:44:00,17:43:00
31463,1480953334,12/5/2016 12:00:00 AM,05:55:34,1.23,45.0,30.33,93.0,95.29,1.12,06:44:00,17:43:00
31464,1480953037,12/5/2016 12:00:00 AM,05:50:37,1.24,45.0,30.32,93.0,92.4,2.25,06:44:00,17:43:00
31465,1480952733,12/5/2016 12:00:00 AM,05:45:33,1.21,45.0,30.32,93.0,6.89,5.62,06:44:00,17:43:00
31466,1480952433,12/5/2016 12:00:00 AM,05:40:33,1.21,45.0,30.31,93.0,36.24,3.37,06:44:00,17:43:00
31467,1480952133,12/5/2016 12:00:00 AM,05:35:33,1.24,45.0,30.31,93.0,22.55,1.12,06:44:00,17:43:00
31468,1480951836,12/5/2016 12:00:00 AM,05:30:36,1.25,45.0,30.3,93.0,23.15,7.87,06:44:00,17:43:00
31469,1480951536,12/5/2016 12:00:00 AM,05:25:36,1.21,45.0,30.31,93.0,19.88,3.37,06:44:00,17:43:00
31470,1480951234,12/5/2016 12:00:00 AM,05:20:34,1.23,45.0,30.31,93.0,19.89,1.12,06:44:00,17:43:00
31471,1480950934,12/5/2016 12:00:00 AM,05:15:34,1.24,45.0,30.31,93.0,23.5,4.5,06:44:00,17:43:00
31472,1480950634,12/5/2016 12:00:00 AM,05:10:34,1.24,45.0,30.31,93.0,57.03,4.5,06:44:00,17:43:00
31473,1480950333,12/5/2016 12:00:00 AM,05:05:33,1.26,45.0,30.31,93.0,23.27,2.25,06:44:00,17:43:00
31474,1480950037,12/5/2016 12:00:00 AM,05:00:37,1.22,45.0,30.31,93.0,21.11,6.75,06:44:00,17:43:00
31475,1480949733,12/5/2016 12:00:00 AM,04:55:33,1.23,45.0,30.31,93.0,29.16,4.5,06:44:00,17:43:00
31476,1480949436,12/5/2016 12:00:00 AM,04:50:36,1.25,45.0,30.31,93.0,62.17,1.12,06:44:00,17:43:00
31477,1480949133,12/5/2016 12:00:00 AM,04:45:33,1.25,45.0,30.31,93.0,54.39,2.25,06:44:00,17:43:00
31478,1480948834,12/5/2016 12:00:00 AM,04:40:34,1.22,45.0,30.31,93.0,25.51,7.87,06:44:00,17:43:00
31479,1480948534,12/5/2016 12:00:00 AM,04:35:34,1.22,45.0,30.31,93.0,11.21,3.37,06:44:00,17:43:00
31480,1480948234,12/5/2016 12:00:00 AM,04:30:34,1.22,45.0,30.31,93.0,304.16,2.25,06:44:00,17:43:00
31481,1480947934,12/5/2016 12:00:00 AM,04:25:34,1.23,45.0,30.31,93.0,247.77,4.5,06:44:00,17:43:00
31482,1480947633,12/5/2016 12:00:00 AM,04:20:33,1.21,45.0,30.3,93.0,104.94,2.25,06:44:00,17:43:00
31483,1480947334,12/5/2016 12:00:00 AM,04:15:34,1.22,45.0,30.3,93.0,104.85,2.25,06:44:00,17:43:00
31484,1480947033,12/5/2016 12:00:00 AM,04:10:33,1.24,45.0,30.3,93.0,104.59,2.25,06:44:00,17:43:00
31485,1480946734,12/5/2016 12:00:00 AM,04:05:34,1.25,45.0,30.3,93.0,104.69,2.25,06:44:00,17:43:00
31486,1480946426,12/5/2016 12:00:00 AM,04:00:26,1.24,45.0,30.3,93.0,127.04,2.25,06:44:00,17:43:00
31487,1480946133,12/5/2016 12:00:00 AM,03:55:33,1.22,45.0,30.3,93.0,107.9,0.0,06:44:00,17:43:00
31488,1480945834,12/5/2016 12:00:00 AM,03:50:34,1.23,45.0,30.3,93.0,108.16,1.12,06:44:00,17:43:00
31489,1480945533,12/5/2016 12:00:00 AM,03:45:33,1.21,45.0,30.3,93.0,83.89,2.25,06:44:00,17:43:00
31490,1480945234,12/5/2016 12:00:00 AM,03:40:34,1.25,45.0,30.3,93.0,117.28,6.75,06:44:00,17:43:00
31491,1480944937,12/5/2016 12:00:00 AM,03:35:37,1.25,45.0,30.3,93.0,149.71,9.0,06:44:00,17:43:00
31492,1480944635,12/5/2016 12:00:00 AM,03:30:35,1.22,45.0,30.3,93.0,182.41,3.37,06:44:00,17:43:00
31493,1480944333,12/5/2016 12:00:00 AM,03:25:33,1.25,45.0,30.3,93.0,160.97,4.5,06:44:00,17:43:00
31494,1480944033,12/5/2016 12:00:00 AM,03:20:33,1.24,45.0,30.3,93.0,172.91,4.5,06:44:00,17:43:00
31495,1480943733,12/5/2016 12:00:00 AM,03:15:33,1.24,45.0,30.3,93.0,90.8,6.75,06:44:00,17:43:00
31496,1480943433,12/5/2016 12:00:00 AM,03:10:33,1.24,45.0,30.3,93.0,153.88,6.75,06:44:00,17:43:00
31497,1480943133,12/5/2016 12:00:00 AM,03:05:33,1.24,45.0,30.3,93.0,147.52,11.25,06:44:00,17:43:00
31498,1480942836,12/5/2016 12:00:00 AM,03:00:36,1.23,45.0,30.3,93.0,158.19,10.12,06:44:00,17:43:00
31499,1480942537,12/5/2016 12:00:00 AM,02:55:37,1.25,45.0,30.31,93.0,83.46,2.25,06:44:00,17:43:00
31500,1480942234,12/5/2016 12:00:00 AM,02:50:34,1.23,45.0,30.32,93.0,124.79,2.25,06:44:00,17:43:00
31501,1480941925,12/5/2016 12:00:00 AM,02:45:25,1.25,45.0,30.32,93.0,156.94,4.5,06:44:00,17:43:00
31502,1480941634,12/5/2016 12:00:00 AM,02:40:34,1.24,45.0,30.32,93.0,156.49,2.25,06:44:00,17:43:00
31503,1480941333,12/5/2016 12:00:00 AM,02:35:33,1.23,45.0,30.32,93.0,156.09,3.37,06:44:00,17:43:00
31504,1480941033,12/5/2016 12:00:00 AM,02:30:33,1.23,45.0,30.32,93.0,217.69,1.12,06:44:00,17:43:00
31505,1480940733,12/5/2016 12:00:00 AM,02:25:33,1.22,45.0,30.32,93.0,217.69,4.5,06:44:00,17:43:00
31506,1480940433,12/5/2016 12:00:00 AM,02:20:33,1.24,45.0,30.33,93.0,217.7,2.25,06:44:00,17:43:00
31507,1480940134,12/5/2016 12:00:00 AM,02:15:34,1.22,45.0,30.33,93.0,217.96,4.5,06:44:00,17:43:00
31508,1480939834,12/5/2016 12:00:00 AM,02:10:34,1.24,45.0,30.33,93.0,215.71,3.37,06:44:00,17:43:00
31509,1480939534,12/5/2016 12:00:00 AM,02:05:34,1.23,45.0,30.33,93.0,215.71,4.5,06:44:00,17:43:00
31510,1480939234,12/5/2016 12:00:00 AM,02:00:34,1.23,45.0,30.33,93.0,233.64,3.37,06:44:00,17:43:00
31511,1480938934,12/5/2016 12:00:00 AM,01:55:34,1.25,45.0,30.33,93.0,237.81,3.37,06:44:00,17:43:00
31512,1480938634,12/5/2016 12:00:00 AM,01:50:34,1.23,45.0,30.33,93.0,237.87,0.0,06:44:00,17:43:00
31513,1480938333,12/5/2016 12:00:00 AM,01:45:33,1.2,45.0,30.33,93.0,237.88,2.25,06:44:00,17:43:00
31514,1480938033,12/5/2016 12:00:00 AM,01:40:33,1.23,45.0,30.33,93.0,238.52,5.62,06:44:00,17:43:00
31515,1480937734,12/5/2016 12:00:00 AM,01:35:34,1.24,45.0,30.33,93.0,262.34,1.12,06:44:00,17:43:00
31516,1480937433,12/5/2016 12:00:00 AM,01:30:33,1.22,45.0,30.33,93.0,262.36,1.12,06:44:00,17:43:00
31517,1480937134,12/5/2016 12:00:00 AM,01:25:34,1.24,45.0,30.34,93.0,262.37,2.25,06:44:00,17:43:00
31518,1480936837,12/5/2016 12:00:00 AM,01:20:37,1.2,45.0,30.34,93.0,134.87,1.12,06:44:00,17:43:00
31519,1480936538,12/5/2016 12:00:00 AM,01:15:38,1.22,45.0,30.34,93.0,134.87,0.0,06:44:00,17:43:00
31520,1480936234,12/5/2016 12:00:00 AM,01:10:34,1.24,45.0,30.34,93.0,134.88,0.0,06:44:00,17:43:00
31521,1480935937,12/5/2016 12:00:00 AM,01:05:37,1.23,45.0,30.34,93.0,134.88,1.12,06:44:00,17:43:00
31522,1480935633,12/5/2016 12:00:00 AM,01:00:33,1.23,45.0,30.34,93.0,131.64,1.12,06:44:00,17:43:00
31523,1480935333,12/5/2016 12:00:00 AM,00:55:33,1.24,45.0,30.33,93.0,20.07,1.12,06:44:00,17:43:00
31524,1480935035,12/5/2016 12:00:00 AM,00:50:35,1.23,45.0,30.34,93.0,47.83,2.25,06:44:00,17:43:00
31525,1480934735,12/5/2016 12:00:00 AM,00:45:35,1.22,45.0,30.34,93.0,43.39,3.37,06:44:00,17:43:00
31526,1480934436,12/5/2016 12:00:00 AM,00:40:36,1.25,45.0,30.33,93.0,129.51,2.25,06:44:00,17:43:00
31527,1480934125,12/5/2016 12:00:00 AM,00:35:25,1.25,45.0,30.33,93.0,62.67,1.12,06:44:00,17:43:00
31528,1480933833,12/5/2016 12:00:00 AM,00:30:33,1.21,45.0,30.33,93.0,61.1,2.25,06:44:00,17:43:00
31529,1480933535,12/5/2016 12:00:00 AM,00:25:35,1.22,45.0,30.34,93.0,54.71,2.25,06:44:00,17:43:00
31530,1480933234,12/5/2016 12:00:00 AM,00:20:34,1.21,45.0,30.34,93.0,57.94,4.5,06:44:00,17:43:00
31531,1480932933,12/5/2016 12:00:00 AM,00:15:33,1.21,45.0,30.34,93.0,59.26,1.12,06:44:00,17:43:00
31532,1480932641,12/5/2016 12:00:00 AM,00:10:41,1.22,45.0,30.35,93.0,160.11,0.0,06:44:00,17:43:00
31533,1480932034,12/5/2016 12:00:00 AM,00:00:34,1.27,45.0,30.34,93.0,183.14,1.12,06:44:00,17:43:00
31534,1480931734,12/4/2016 12:00:00 AM,23:55:34,1.22,45.0,30.35,93.0,183.14,1.12,06:43:00,17:43:00
31535,1480931437,12/4/2016 12:00:00 AM,23:50:37,1.23,45.0,30.35,93.0,187.08,1.12,06:43:00,17:43:00
31536,1480931134,12/4/2016 12:00:00 AM,23:45:34,1.22,45.0,30.35,93.0,187.09,2.25,06:43:00,17:43:00
31537,1480930836,12/4/2016 12:00:00 AM,23:40:36,1.2,45.0,30.35,93.0,187.09,2.25,06:43:00,17:43:00
31538,1480930533,12/4/2016 12:00:00 AM,23:35:33,1.25,45.0,30.36,93.0,187.1,2.25,06:43:00,17:43:00
31539,1480930235,12/4/2016 12:00:00 AM,23:30:35,1.22,45.0,30.36,93.0,88.15,4.5,06:43:00,17:43:00
31540,1480929926,12/4/2016 12:00:00 AM,23:25:26,1.21,45.0,30.36,93.0,56.94,1.12,06:43:00,17:43:00
31541,1480929635,12/4/2016 12:00:00 AM,23:20:35,1.22,45.0,30.35,93.0,57.08,2.25,06:43:00,17:43:00
31542,1480929334,12/4/2016 12:00:00 AM,23:15:34,1.19,45.0,30.35,93.0,58.3,2.25,06:43:00,17:43:00
31543,1480929033,12/4/2016 12:00:00 AM,23:10:33,1.23,45.0,30.35,93.0,36.22,4.5,06:43:00,17:43:00
31544,1480928734,12/4/2016 12:00:00 AM,23:05:34,1.24,45.0,30.35,93.0,238.43,2.25,06:43:00,17:43:00
31545,1480928433,12/4/2016 12:00:00 AM,23:00:33,1.23,45.0,30.35,93.0,238.13,2.25,06:43:00,17:43:00
31546,1480928134,12/4/2016 12:00:00 AM,22:55:34,1.23,45.0,30.35,93.0,238.13,2.25,06:43:00,17:43:00
31547,1480927835,12/4/2016 12:00:00 AM,22:50:35,1.25,45.0,30.35,93.0,251.14,3.37,06:43:00,17:43:00
31548,1480927533,12/4/2016 12:00:00 AM,22:45:33,1.2,45.0,30.35,93.0,178.06,2.25,06:43:00,17:43:00
31549,1480927233,12/4/2016 12:00:00 AM,22:40:33,1.21,45.0,30.34,93.0,174.56,3.37,06:43:00,17:43:00
31550,1480926933,12/4/2016 12:00:00 AM,22:35:33,1.23,45.0,30.34,93.0,133.88,3.37,06:43:00,17:43:00
31551,1480926638,12/4/2016 12:00:00 AM,22:30:38,1.23,45.0,30.35,93.0,110.4,5.62,06:43:00,17:43:00
31552,1480926339,12/4/2016 12:00:00 AM,22:25:39,1.19,45.0,30.35,93.0,100.56,3.37,06:43:00,17:43:00
31553,1480926033,12/4/2016 12:00:00 AM,22:20:33,1.2,45.0,30.35,93.0,87.66,2.25,06:43:00,17:43:00
31554,1480925734,12/4/2016 12:00:00 AM,22:15:34,1.25,45.0,30.36,93.0,61.66,6.229096658193317,06:43:00,17:43:00
31555,1480925434,12/4/2016 12:00:00 AM,22:10:34,1.25,45.0,30.36,93.0,52.75,5.62,06:43:00,17:43:00
31556,1480925133,12/4/2016 12:00:00 AM,22:05:33,1.22,45.0,30.36,93.0,62.3,5.62,06:43:00,17:43:00
31557,1480924834,12/4/2016 12:00:00 AM,22:00:34,1.24,45.0,30.36,93.0,92.18,3.37,06:43:00,17:43:00
31558,1480924533,12/4/2016 12:00:00 AM,21:55:33,1.23,45.0,30.36,93.0,94.91,3.37,06:43:00,17:43:00
31559,1480924233,12/4/2016 12:00:00 AM,21:50:33,1.23,45.0,30.35,93.0,31.21,1.12,06:43:00,17:43:00
31560,1480923934,12/4/2016 12:00:00 AM,21:45:34,1.21,45.0,30.36,93.0,106.54,2.25,06:43:00,17:43:00
31561,1480923633,12/4/2016 12:00:00 AM,21:40:33,1.24,45.0,30.36,93.0,51.27,3.37,06:43:00,17:43:00
31562,1480923335,12/4/2016 12:00:00 AM,21:35:35,1.21,45.0,30.36,93.0,41.13,2.25,06:43:00,17:43:00
31563,1480923034,12/4/2016 12:00:00 AM,21:30:34,1.2,45.0,30.35,93.0,62.64,4.5,06:43:00,17:43:00
31564,1480922733,12/4/2016 12:00:00 AM,21:25:33,1.21,45.0,30.35,93.0,42.32,2.25,06:43:00,17:43:00
31565,1480922434,12/4/2016 12:00:00 AM,21:20:34,1.24,45.0,30.36,93.0,57.28,2.25,06:43:00,17:43:00
31566,1480922134,12/4/2016 12:00:00 AM,21:15:34,1.22,45.0,30.36,93.0,69.54,7.87,06:43:00,17:43:00
31567,1480921833,12/4/2016 12:00:00 AM,21:10:33,1.24,45.0,30.36,93.0,13.78,4.5,06:43:00,17:43:00
31568,1480921534,12/4/2016 12:00:00 AM,21:05:34,1.2,45.0,30.37,93.0,85.62,2.25,06:43:00,17:43:00
31569,1480921233,12/4/2016 12:00:00 AM,21:00:33,1.21,45.0,30.36,93.0,157.63,2.25,06:43:00,17:43:00
31570,1480920933,12/4/2016 12:00:00 AM,20:55:33,1.22,45.0,30.36,93.0,165.42,3.37,06:43:00,17:43:00
31571,1480920636,12/4/2016 12:00:00 AM,20:50:36,1.21,45.0,30.36,93.0,143.55,7.87,06:43:00,17:43:00
31572,1480920337,12/4/2016 12:00:00 AM,20:45:37,1.23,45.0,30.36,93.0,118.84,4.5,06:43:00,17:43:00
31573,1480920038,12/4/2016 12:00:00 AM,20:40:38,1.24,45.0,30.36,93.0,96.64,3.37,06:43:00,17:43:00
31574,1480919734,12/4/2016 12:00:00 AM,20:35:34,1.21,45.0,30.36,93.0,27.39,5.62,06:43:00,17:43:00
31575,1480919433,12/4/2016 12:00:00 AM,20:30:33,1.2,45.0,30.36,93.0,40.18,4.5,06:43:00,17:43:00
31576,1480919134,12/4/2016 12:00:00 AM,20:25:34,1.23,45.0,30.36,93.0,34.18,6.75,06:43:00,17:43:00
31577,1480918833,12/4/2016 12:00:00 AM,20:20:33,1.23,45.0,30.36,93.0,150.66,7.87,06:43:00,17:43:00
31578,1480918534,12/4/2016 12:00:00 AM,20:15:34,1.24,45.0,30.36,93.0,91.0,10.12,06:43:00,17:43:00
31579,1480918234,12/4/2016 12:00:00 AM,20:10:34,1.25,45.0,30.37,93.0,141.13,7.87,06:43:00,17:43:00
31580,1480917936,12/4/2016 12:00:00 AM,20:05:36,1.22,45.0,30.37,93.0,93.99,7.87,06:43:00,17:43:00
31581,1480917633,12/4/2016 12:00:00 AM,20:00:33,1.25,45.0,30.37,93.0,115.84,4.5,06:43:00,17:43:00
31582,1480917334,12/4/2016 12:00:00 AM,19:55:34,1.2,45.0,30.37,93.0,85.57,2.25,06:43:00,17:43:00
31583,1480917036,12/4/2016 12:00:00 AM,19:50:36,1.21,45.0,30.37,93.0,47.06,2.25,06:43:00,17:43:00
31584,1480916733,12/4/2016 12:00:00 AM,19:45:33,1.21,45.0,30.37,93.0,79.27,2.25,06:43:00,17:43:00
31585,1480916434,12/4/2016 12:00:00 AM,19:40:34,1.22,45.0,30.37,93.0,53.61,4.5,06:43:00,17:43:00
31586,1480916136,12/4/2016 12:00:00 AM,19:35:36,1.24,45.0,30.37,93.0,52.59,1.12,06:43:00,17:43:00
31587,1480915834,12/4/2016 12:00:00 AM,19:30:34,1.2,45.0,30.37,93.0,52.6,0.0,06:43:00,17:43:00
31588,1480915534,12/4/2016 12:00:00 AM,19:25:34,1.21,45.0,30.37,93.0,97.97,2.25,06:43:00,17:43:00
31589,1480915234,12/4/2016 12:00:00 AM,19:20:34,1.22,45.0,30.37,93.0,188.35,1.12,06:43:00,17:43:00
31590,1480914933,12/4/2016 12:00:00 AM,19:15:33,1.2,45.0,30.37,93.0,188.38,0.0,06:43:00,17:43:00
31591,1480914633,12/4/2016 12:00:00 AM,19:10:33,1.23,45.0,30.37,93.0,188.38,0.0,06:43:00,17:43:00
31592,1480914334,12/4/2016 12:00:00 AM,19:05:34,1.19,45.0,30.37,93.0,188.39,0.0,06:43:00,17:43:00
31593,1480914033,12/4/2016 12:00:00 AM,19:00:33,1.22,45.0,30.37,93.0,188.37,1.12,06:43:00,17:43:00
31594,1480913733,12/4/2016 12:00:00 AM,18:55:33,1.21,45.0,30.37,93.0,188.36,1.12,06:43:00,17:43:00
31595,1480913433,12/4/2016 12:00:00 AM,18:50:33,1.23,45.0,30.36,93.0,188.37,1.12,06:43:00,17:43:00
31596,1480913134,12/4/2016 12:00:00 AM,18:45:34,1.23,45.0,30.36,93.0,188.39,2.25,06:43:00,17:43:00
31597,1480912836,12/4/2016 12:00:00 AM,18:40:36,1.23,45.0,30.36,93.0,188.38,1.12,06:43:00,17:43:00
31598,1480912534,12/4/2016 12:00:00 AM,18:35:34,1.21,45.0,30.36,93.0,188.38,0.0,06:43:00,17:43:00
31599,1480912234,12/4/2016 12:00:00 AM,18:30:34,1.23,45.0,30.36,93.0,188.38,1.12,06:43:00,17:43:00
31600,1480911933,12/4/2016 12:00:00 AM,18:25:33,1.23,45.0,30.35,93.0,188.38,2.25,06:43:00,17:43:00
31601,1480911633,12/4/2016 12:00:00 AM,18:20:33,1.25,45.0,30.35,93.0,189.4,4.5,06:43:00,17:43:00
31602,1480911333,12/4/2016 12:00:00 AM,18:15:33,1.23,45.0,30.35,93.0,193.41,5.62,06:43:00,17:43:00
31603,1480911026,12/4/2016 12:00:00 AM,18:10:26,1.25,45.0,30.35,93.0,192.92,5.62,06:43:00,17:43:00
31604,1480910733,12/4/2016 12:00:00 AM,18:05:33,1.2,45.0,30.35,93.0,178.18,3.37,06:43:00,17:43:00
31605,1480910436,12/4/2016 12:00:00 AM,18:00:36,1.21,45.0,30.34,93.0,156.92,6.75,06:43:00,17:43:00
31606,1480910134,12/4/2016 12:00:00 AM,17:55:34,1.25,45.0,30.34,93.0,165.04,2.25,06:43:00,17:43:00
31607,1480909834,12/4/2016 12:00:00 AM,17:50:34,1.26,45.0,30.34,93.0,164.32,4.5,06:43:00,17:43:00
31608,1480909534,12/4/2016 12:00:00 AM,17:45:34,1.86,45.0,30.34,93.0,116.08,6.75,06:43:00,17:43:00
31609,1480909233,12/4/2016 12:00:00 AM,17:40:33,2.72,45.0,30.34,93.0,138.97,6.75,06:43:00,17:43:00
31610,1480908953,12/4/2016 12:00:00 AM,17:35:53,3.56,45.0,30.34,93.0,134.67,3.37,06:43:00,17:43:00
31611,1480908634,12/4/2016 12:00:00 AM,17:30:34,6.6,45.0,30.34,93.0,117.63,10.12,06:43:00,17:43:00
31612,1480908333,12/4/2016 12:00:00 AM,17:25:33,11.81,45.0,30.34,93.0,177.51,12.37,06:43:00,17:43:00
31613,1480908033,12/4/2016 12:00:00 AM,17:20:33,18.05,45.0,30.34,93.0,152.27,14.62,06:43:00,17:43:00
31614,1480907734,12/4/2016 12:00:00 AM,17:15:34,19.83,45.0,30.34,93.0,142.72,11.25,06:43:00,17:43:00
31615,1480907433,12/4/2016 12:00:00 AM,17:10:33,22.91,45.0,30.33,93.0,79.11,4.5,06:43:00,17:43:00
31616,1480907135,12/4/2016 12:00:00 AM,17:05:35,29.1,45.0,30.33,93.0,152.87,9.0,06:43:00,17:43:00
31617,1480906834,12/4/2016 12:00:00 AM,17:00:34,36.28,45.0,30.33,93.0,167.32,4.5,06:43:00,17:43:00
31618,1480906534,12/4/2016 12:00:00 AM,16:55:34,46.05,45.0,30.33,93.0,143.01,9.0,06:43:00,17:43:00
31619,1480906233,12/4/2016 12:00:00 AM,16:50:33,58.47,45.0,30.33,93.0,135.78,3.37,06:43:00,17:43:00
31620,1480905937,12/4/2016 12:00:00 AM,16:45:37,72.37,45.0,30.33,93.0,160.69,5.62,06:43:00,17:43:00
31621,1480905634,12/4/2016 12:00:00 AM,16:40:34,80.93,45.0,30.34,93.0,116.63,1.12,06:43:00,17:43:00
31622,1480905334,12/4/2016 12:00:00 AM,16:35:34,50.2,45.0,30.34,93.0,74.59,2.25,06:43:00,17:43:00
31623,1480905033,12/4/2016 12:00:00 AM,16:30:33,46.13,45.0,30.34,93.0,27.83,1.12,06:43:00,17:43:00
31624,1480904733,12/4/2016 12:00:00 AM,16:25:33,49.14,45.0,30.34,93.0,29.98,4.5,06:43:00,17:43:00
31625,1480904435,12/4/2016 12:00:00 AM,16:20:35,41.09,45.0,30.34,93.0,26.69,3.37,06:43:00,17:43:00
31626,1480904136,12/4/2016 12:00:00 AM,16:15:36,38.98,45.0,30.34,93.0,286.26,0.0,06:43:00,17:43:00
31627,1480903833,12/4/2016 12:00:00 AM,16:10:33,39.05,45.0,30.33,93.0,271.41,2.25,06:43:00,17:43:00
31628,1480903534,12/4/2016 12:00:00 AM,16:05:34,45.36,45.0,30.33,93.0,271.4,0.0,06:43:00,17:43:00
31629,1480903228,12/4/2016 12:00:00 AM,16:00:28,48.97,45.0,30.33,93.0,271.74,1.12,06:43:00,17:43:00
31630,1480902934,12/4/2016 12:00:00 AM,15:55:34,53.76,45.0,30.33,93.0,271.75,1.12,06:43:00,17:43:00
31631,1480902634,12/4/2016 12:00:00 AM,15:50:34,47.05,45.0,30.33,93.0,271.75,0.0,06:43:00,17:43:00
31632,1480902338,12/4/2016 12:00:00 AM,15:45:38,59.37,45.0,30.33,93.0,269.74,3.37,06:43:00,17:43:00
31633,1480902033,12/4/2016 12:00:00 AM,15:40:33,61.84,45.0,30.33,93.0,179.17,1.12,06:43:00,17:43:00
31634,1480901736,12/4/2016 12:00:00 AM,15:35:36,70.33,45.0,30.32,93.0,178.2,3.37,06:43:00,17:43:00
31635,1480901434,12/4/2016 12:00:00 AM,15:30:34,67.99,45.0,30.32,93.0,164.55,1.12,06:43:00,17:43:00
31636,1480901135,12/4/2016 12:00:00 AM,15:25:35,59.25,45.0,30.32,93.0,164.63,0.0,06:43:00,17:43:00
31637,1480900834,12/4/2016 12:00:00 AM,15:20:34,66.07,45.0,30.32,93.0,153.9,2.25,06:43:00,17:43:00
31638,1480900536,12/4/2016 12:00:00 AM,15:15:36,103.56,45.0,30.32,93.0,142.58,4.5,06:43:00,17:43:00
31639,1480900236,12/4/2016 12:00:00 AM,15:10:36,129.56,45.0,30.423028000868246,93.0,160.68,3.37,06:43:00,17:43:00
31640,1480899933,12/4/2016 12:00:00 AM,15:05:33,128.85,45.0,30.32,93.0,72.77,3.37,06:43:00,17:43:00
31641,1480899633,12/4/2016 12:00:00 AM,15:00:33,117.84,45.0,30.32,93.0,65.6,2.25,06:43:00,17:43:00
31642,1480899336,12/4/2016 12:00:00 AM,14:55:36,124.76,45.0,30.32,93.0,58.58,1.12,06:43:00,17:43:00
31643,1480899033,12/4/2016 12:00:00 AM,14:50:33,87.99,45.0,30.32,93.0,113.7,2.25,06:43:00,17:43:00
31644,1480898735,12/4/2016 12:00:00 AM,14:45:35,83.8,45.0,30.31,93.0,102.89,4.5,06:43:00,17:43:00
31645,1480898434,12/4/2016 12:00:00 AM,14:40:34,75.79,45.0,30.32,93.0,1.06,3.37,06:43:00,17:43:00
31646,1480898134,12/4/2016 12:00:00 AM,14:35:34,99.14,45.0,30.32,93.0,143.54770303349548,1.12,06:43:00,17:43:00
31647,1480897833,12/4/2016 12:00:00 AM,14:30:33,114.95,45.0,30.32,93.0,57.31,7.87,06:43:00,17:43:00
31648,1480897536,12/4/2016 12:00:00 AM,14:25:36,63.34,45.0,30.32,93.0,15.12,3.37,06:43:00,17:43:00
31649,1480897236,12/4/2016 12:00:00 AM,14:20:36,62.82,45.0,30.32,93.0,66.4,4.5,06:43:00,17:43:00
31650,1480896934,12/4/2016 12:00:00 AM,14:15:34,88.68,45.0,30.32,93.0,53.44,5.62,06:43:00,17:43:00
31651,1480896634,12/4/2016 12:00:00 AM,14:10:34,70.18,45.0,30.33,93.0,35.48,5.62,06:43:00,17:43:00
31652,1480896326,12/4/2016 12:00:00 AM,14:05:26,111.35,45.0,30.33,93.0,17.28,2.25,06:43:00,17:43:00
31653,1480896033,12/4/2016 12:00:00 AM,14:00:33,189.47,45.0,30.33,93.0,51.51,9.0,06:43:00,17:43:00
31654,1480895734,12/4/2016 12:00:00 AM,13:55:34,195.48,45.0,30.33,93.0,52.41,2.25,06:43:00,17:43:00
31655,1480895433,12/4/2016 12:00:00 AM,13:50:33,185.13,45.0,30.33,93.0,359.88,2.25,06:43:00,17:43:00
31656,1480895136,12/4/2016 12:00:00 AM,13:45:36,160.09,45.0,30.33,93.0,152.19,2.25,06:43:00,17:43:00
31657,1480894834,12/4/2016 12:00:00 AM,13:40:34,149.77,45.0,30.33,93.0,25.85,1.12,06:43:00,17:43:00
31658,1480894534,12/4/2016 12:00:00 AM,13:35:34,142.56,45.0,30.33,93.0,25.89,2.25,06:43:00,17:43:00
31659,1480894233,12/4/2016 12:00:00 AM,13:30:33,186.61,45.0,30.33,93.0,20.07,4.5,06:43:00,17:43:00
31660,1480893933,12/4/2016 12:00:00 AM,13:25:33,181.76,45.0,30.33,93.0,24.57,3.37,06:43:00,17:43:00
31661,1480893636,12/4/2016 12:00:00 AM,13:20:36,295.55,45.0,30.34,93.0,117.35,3.37,06:43:00,17:43:00
31662,1480893334,12/4/2016 12:00:00 AM,13:15:34,290.13,45.0,30.34,93.0,141.25,4.5,06:43:00,17:43:00
31663,1480893034,12/4/2016 12:00:00 AM,13:10:34,176.1,45.0,30.35,93.0,131.52,7.87,06:43:00,17:43:00
31664,1480892733,12/4/2016 12:00:00 AM,13:05:33,294.03,45.0,30.35,93.0,150.78,2.25,06:43:00,17:43:00
31665,1480892433,12/4/2016 12:00:00 AM,13:00:33,245.68,45.0,30.35,93.0,157.59,4.5,06:43:00,17:43:00
31666,1480892133,12/4/2016 12:00:00 AM,12:55:33,162.26,45.0,30.36,93.0,163.38,5.62,06:43:00,17:43:00
31667,1480891834,12/4/2016 12:00:00 AM,12:50:34,352.76,45.0,30.36,93.0,64.32,5.62,06:43:00,17:43:00
31668,1480891534,12/4/2016 12:00:00 AM,12:45:34,188.75,45.0,30.36,93.0,140.11,13.5,06:43:00,17:43:00
31669,1480891233,12/4/2016 12:00:00 AM,12:40:33,206.83,45.0,30.36,93.0,139.53,5.62,06:43:00,17:43:00
31670,1480890934,12/4/2016 12:00:00 AM,12:35:34,197.4,45.0,30.36,93.0,115.85,6.75,06:43:00,17:43:00
31671,1480890629,12/4/2016 12:00:00 AM,12:30:29,247.85,45.0,30.36,93.0,176.98,10.12,06:43:00,17:43:00
31672,1480890334,12/4/2016 12:00:00 AM,12:25:34,236.62,45.0,30.36,93.0,143.86,3.37,06:43:00,17:43:00
31673,1480890036,12/4/2016 12:00:00 AM,12:20:36,207.9,45.0,30.36,93.0,150.9,10.12,06:43:00,17:43:00
31674,1480889736,12/4/2016 12:00:00 AM,12:15:36,142.45,45.0,30.37,93.0,145.56,5.62,06:43:00,17:43:00
31675,1480889434,12/4/2016 12:00:00 AM,12:10:34,104.32,45.0,30.37,93.0,161.29,3.37,06:43:00,17:43:00
31676,1480889134,12/4/2016 12:00:00 AM,12:05:34,112.27,45.0,30.37,93.0,165.1,5.62,06:43:00,17:43:00
31677,1480888833,12/4/2016 12:00:00 AM,12:00:33,184.41,45.0,30.37,93.0,163.7,11.25,06:43:00,17:43:00
31678,1480888535,12/4/2016 12:00:00 AM,11:55:35,211.28,45.0,30.37,93.0,142.16,6.75,06:43:00,17:43:00
31679,1480888237,12/4/2016 12:00:00 AM,11:50:37,226.16,45.0,30.37,93.0,153.84,9.0,06:43:00,17:43:00
31680,1480887934,12/4/2016 12:00:00 AM,11:45:34,203.37,45.0,30.37,93.0,126.23,5.62,06:43:00,17:43:00
31681,1480887636,12/4/2016 12:00:00 AM,11:40:36,209.98,45.0,30.38,93.0,129.9,3.37,06:43:00,17:43:00
31682,1480887333,12/4/2016 12:00:00 AM,11:35:33,172.06,45.0,30.38,93.0,157.75,4.5,06:43:00,17:43:00
31683,1480887034,12/4/2016 12:00:00 AM,11:30:34,124.45,45.0,30.37,93.0,167.91,3.37,06:43:00,17:43:00
31684,1480886734,12/4/2016 12:00:00 AM,11:25:34,84.59,45.0,30.38,93.0,175.64,2.25,06:43:00,17:43:00
31685,1480886436,12/4/2016 12:00:00 AM,11:20:36,69.68,45.0,30.38,93.0,166.11,7.87,06:43:00,17:43:00
31686,1480886133,12/4/2016 12:00:00 AM,11:15:33,80.58,45.0,30.38,93.0,141.92,5.62,06:43:00,17:43:00
31687,1480885836,12/4/2016 12:00:00 AM,11:10:36,75.35,45.0,30.38,93.0,157.2,6.75,06:43:00,17:43:00
31688,1480885534,12/4/2016 12:00:00 AM,11:05:34,64.75,45.0,30.39,93.0,131.72,9.0,06:43:00,17:43:00
31689,1480885246,12/4/2016 12:00:00 AM,11:00:46,50.51,45.0,30.39,93.0,172.68,6.75,06:43:00,17:43:00
31690,1480884933,12/4/2016 12:00:00 AM,10:55:33,71.55,45.0,30.39,93.0,150.78,7.87,06:43:00,17:43:00
31691,1480884633,12/4/2016 12:00:00 AM,10:50:33,80.26,45.0,30.4,93.0,182.24,5.62,06:43:00,17:43:00
31692,1480884334,12/4/2016 12:00:00 AM,10:45:34,85.68,45.0,30.4,93.0,157.03,12.37,06:43:00,17:43:00
31693,1480884034,12/4/2016 12:00:00 AM,10:40:34,85.71,45.0,30.4,93.0,168.56,7.87,06:43:00,17:43:00
31694,1480883733,12/4/2016 12:00:00 AM,10:35:33,108.51,45.0,30.4,93.0,167.25,7.87,06:43:00,17:43:00
31695,1480883434,12/4/2016 12:00:00 AM,10:30:34,92.65,45.0,30.4,93.0,87.74,1.12,06:43:00,17:43:00
31696,1480883134,12/4/2016 12:00:00 AM,10:25:34,73.24,45.0,30.4,93.0,75.36,1.12,06:43:00,17:43:00
31697,1480882834,12/4/2016 12:00:00 AM,10:20:34,66.68,45.0,30.4,93.0,68.41,0.0,06:43:00,17:43:00
31698,1480882534,12/4/2016 12:00:00 AM,10:15:34,65.04,45.0,30.4,93.0,60.52,0.0,06:43:00,17:43:00
31699,1480882233,12/4/2016 12:00:00 AM,10:10:33,70.66,45.0,30.4,93.0,89.07,1.12,06:43:00,17:43:00
31700,1480881939,12/4/2016 12:00:00 AM,10:05:39,68.32,45.0,30.4,93.0,90.32,2.25,06:43:00,17:43:00
31701,1480881633,12/4/2016 12:00:00 AM,10:00:33,49.19,45.0,30.4,93.0,103.89,2.25,06:43:00,17:43:00
31702,1480881334,12/4/2016 12:00:00 AM,09:55:34,59.7,45.0,30.4,93.0,100.63,3.37,06:43:00,17:43:00
31703,1480881034,12/4/2016 12:00:00 AM,09:50:34,96.42,45.0,30.39,93.0,57.93,2.25,06:43:00,17:43:00
31704,1480880733,12/4/2016 12:00:00 AM,09:45:33,73.59,45.0,30.4,93.0,77.27,4.5,06:43:00,17:43:00
31705,1480880435,12/4/2016 12:00:00 AM,09:40:35,54.49,45.0,30.4,93.0,189.22,1.12,06:43:00,17:43:00
31706,1480880134,12/4/2016 12:00:00 AM,09:35:34,58.15,45.0,30.4,93.0,189.22,0.0,06:43:00,17:43:00
31707,1480879833,12/4/2016 12:00:00 AM,09:30:33,69.07,45.0,30.39,93.0,189.23,0.0,06:43:00,17:43:00
31708,1480879537,12/4/2016 12:00:00 AM,09:25:37,119.9,45.0,30.39,93.0,189.23,1.12,06:43:00,17:43:00
31709,1480879234,12/4/2016 12:00:00 AM,09:20:34,97.55,45.0,30.39,93.0,189.23,0.0,06:43:00,17:43:00
31710,1480878935,12/4/2016 12:00:00 AM,09:15:35,158.44,45.0,30.39,93.0,190.18,2.25,06:43:00,17:43:00
31711,1480878633,12/4/2016 12:00:00 AM,09:10:33,154.65,45.0,30.39,93.0,190.18,1.12,06:43:00,17:43:00
31712,1480878334,12/4/2016 12:00:00 AM,09:05:34,79.25,45.0,30.39,93.0,190.18,2.25,06:43:00,17:43:00
31713,1480878034,12/4/2016 12:00:00 AM,09:00:34,97.66,45.0,30.39,93.0,190.19,3.37,06:43:00,17:43:00
31714,1480877734,12/4/2016 12:00:00 AM,08:55:34,67.54,45.0,30.39,93.0,190.2,2.25,06:43:00,17:43:00
31715,1480877440,12/4/2016 12:00:00 AM,08:50:40,41.12,45.0,30.39,93.0,190.12,2.25,06:43:00,17:43:00
31716,1480877134,12/4/2016 12:00:00 AM,08:45:34,58.06,45.0,30.38,93.0,175.27,5.62,06:43:00,17:43:00
31717,1480876833,12/4/2016 12:00:00 AM,08:40:33,58.14,45.0,30.38,93.0,190.67,1.12,06:43:00,17:43:00
31718,1480876534,12/4/2016 12:00:00 AM,08:35:34,71.41,45.0,30.38,93.0,190.67,6.229096658193317,06:43:00,17:43:00
31719,1480876234,12/4/2016 12:00:00 AM,08:30:34,93.73,45.0,30.37,93.0,190.64,6.75,06:43:00,17:43:00
31720,1480875936,12/4/2016 12:00:00 AM,08:25:36,78.59,45.0,30.37,93.0,190.42,2.25,06:43:00,17:43:00
31721,1480875633,12/4/2016 12:00:00 AM,08:20:33,67.19,45.0,30.37,93.0,190.42,4.5,06:43:00,17:43:00
31722,1480875336,12/4/2016 12:00:00 AM,08:15:36,90.02,45.0,30.37,93.0,190.42,1.12,06:43:00,17:43:00
31723,1480875034,12/4/2016 12:00:00 AM,08:10:34,86.69,45.0,30.37,93.0,190.41,3.37,06:43:00,17:43:00
31724,1480874734,12/4/2016 12:00:00 AM,08:05:34,121.33,45.0,30.37,93.0,188.23,5.62,06:43:00,17:43:00
31725,1480874433,12/4/2016 12:00:00 AM,08:00:33,99.68,45.0,30.37,93.0,186.53,3.37,06:43:00,17:43:00
31726,1480874136,12/4/2016 12:00:00 AM,07:55:36,79.25,45.0,30.37,93.0,186.53,3.37,06:43:00,17:43:00
31727,1480873834,12/4/2016 12:00:00 AM,07:50:34,56.57,45.0,30.37,93.0,186.54,2.25,06:43:00,17:43:00
31728,1480873534,12/4/2016 12:00:00 AM,07:45:34,48.72,45.0,30.37,93.0,186.55,4.5,06:43:00,17:43:00
31729,1480873233,12/4/2016 12:00:00 AM,07:40:33,41.65,45.0,30.36,93.0,186.66,4.5,06:43:00,17:43:00
31730,1480872933,12/4/2016 12:00:00 AM,07:35:33,30.75,45.0,30.36,93.0,186.68,2.25,06:43:00,17:43:00
31731,1480872636,12/4/2016 12:00:00 AM,07:30:36,24.73,45.0,30.37,93.0,186.77,4.5,06:43:00,17:43:00
31732,1480872334,12/4/2016 12:00:00 AM,07:25:34,22.14,45.0,30.37,93.0,186.09,5.62,06:43:00,17:43:00
31733,1480872033,12/4/2016 12:00:00 AM,07:20:33,23.81,45.0,30.37,93.0,182.53,4.5,06:43:00,17:43:00
31734,1480871733,12/4/2016 12:00:00 AM,07:15:33,22.98,45.0,30.37,93.0,180.65,6.75,06:43:00,17:43:00
31735,1480871434,12/4/2016 12:00:00 AM,07:10:34,17.46,45.0,30.37,93.0,181.54,4.5,06:43:00,17:43:00
31736,1480871136,12/4/2016 12:00:00 AM,07:05:36,13.56,45.0,30.36,93.0,181.53,6.75,06:43:00,17:43:00
31737,1480870823,12/4/2016 12:00:00 AM,07:00:23,15.56,45.0,30.37,93.0,181.51,3.37,06:43:00,17:43:00
31738,1480870534,12/4/2016 12:00:00 AM,06:55:34,29.52,45.0,30.36,93.0,190.01,4.5,06:43:00,17:43:00
31739,1480870235,12/4/2016 12:00:00 AM,06:50:35,27.47,45.0,30.36,93.0,190.0,1.12,06:43:00,17:43:00
31740,1480869933,12/4/2016 12:00:00 AM,06:45:33,6.5,45.0,30.36,93.0,190.0,1.12,06:43:00,17:43:00
31741,1480869633,12/4/2016 12:00:00 AM,06:40:33,3.37,45.0,30.36,93.0,163.36,4.5,06:43:00,17:43:00
31742,1480869334,12/4/2016 12:00:00 AM,06:35:34,1.58,45.0,30.36,93.0,100.98,2.25,06:43:00,17:43:00
31743,1480869034,12/4/2016 12:00:00 AM,06:30:34,1.25,45.0,30.36,93.0,155.76,4.5,06:43:00,17:43:00
31744,1480868733,12/4/2016 12:00:00 AM,06:25:33,1.23,45.0,30.36,93.0,161.06,4.5,06:43:00,17:43:00
31745,1480868436,12/4/2016 12:00:00 AM,06:20:36,1.18,45.0,30.36,93.0,166.79,5.62,06:43:00,17:43:00
31746,1480868134,12/4/2016 12:00:00 AM,06:15:34,1.2,45.0,30.36,93.0,162.78,4.5,06:43:00,17:43:00
31747,1480867836,12/4/2016 12:00:00 AM,06:10:36,1.2,45.0,30.36,93.0,162.84,4.5,06:43:00,17:43:00
31748,1480867533,12/4/2016 12:00:00 AM,06:05:33,1.22,45.0,30.36,93.0,168.73,4.5,06:43:00,17:43:00
31749,1480867233,12/4/2016 12:00:00 AM,06:00:33,1.21,45.0,30.36,93.0,169.55,6.75,06:43:00,17:43:00
31750,1480866934,12/4/2016 12:00:00 AM,05:55:34,1.23,45.0,30.35,93.0,154.99,4.5,06:43:00,17:43:00
31751,1480866634,12/4/2016 12:00:00 AM,05:50:34,1.21,45.0,30.35,93.0,163.14,3.37,06:43:00,17:43:00
31752,1480866333,12/4/2016 12:00:00 AM,05:45:33,1.24,45.0,30.35,93.0,163.15,3.37,06:43:00,17:43:00
31753,1480866033,12/4/2016 12:00:00 AM,05:40:33,1.23,45.0,30.34,93.0,159.6,1.12,06:43:00,17:43:00
31754,1480865734,12/4/2016 12:00:00 AM,05:35:34,1.22,45.0,30.34,93.0,156.84,3.37,06:43:00,17:43:00
31755,1480865434,12/4/2016 12:00:00 AM,05:30:34,1.2,45.0,30.34,93.0,156.91,2.25,06:43:00,17:43:00
31756,1480865136,12/4/2016 12:00:00 AM,05:25:36,1.23,45.0,30.34,93.0,116.37,4.5,06:43:00,17:43:00
31757,1480864833,12/4/2016 12:00:00 AM,05:20:33,1.22,45.0,30.34,74.83719267708949,154.05,5.62,06:43:00,17:43:00
31758,1480864534,12/4/2016 12:00:00 AM,05:15:34,1.21,45.0,30.34,93.0,109.66,3.37,06:43:00,17:43:00
31759,1480864233,12/4/2016 12:00:00 AM,05:10:33,1.2,45.0,30.34,93.0,149.09,4.5,06:43:00,17:43:00
31760,1480863933,12/4/2016 12:00:00 AM,05:05:33,1.22,45.0,30.34,93.0,141.47,2.25,06:43:00,17:43:00
31761,1480863634,12/4/2016 12:00:00 AM,05:00:34,1.25,45.0,30.34,93.0,169.68,4.5,06:43:00,17:43:00
31762,1480863333,12/4/2016 12:00:00 AM,04:55:33,1.24,45.0,30.34,93.0,163.55,6.75,06:43:00,17:43:00
31763,1480863033,12/4/2016 12:00:00 AM,04:50:33,1.26,45.0,30.33,93.0,97.45,2.25,06:43:00,17:43:00
31764,1480862734,12/4/2016 12:00:00 AM,04:45:34,1.21,45.0,30.33,93.0,97.43,2.25,06:43:00,17:43:00
31765,1480862436,12/4/2016 12:00:00 AM,04:40:36,1.22,45.0,30.33,93.0,153.29,2.25,06:43:00,17:43:00
31766,1480862127,12/4/2016 12:00:00 AM,04:35:27,1.23,45.0,30.34,93.0,159.26,4.5,06:43:00,17:43:00
31767,1480861834,12/4/2016 12:00:00 AM,04:30:34,1.22,45.0,30.34,93.0,159.17,3.37,06:43:00,17:43:00
31768,1480861534,12/4/2016 12:00:00 AM,04:25:34,1.2,45.0,30.33,93.0,159.18,2.25,06:43:00,17:43:00
31769,1480861235,12/4/2016 12:00:00 AM,04:20:35,1.25,45.0,30.33,93.0,159.71,1.12,06:43:00,17:43:00
31770,1480860933,12/4/2016 12:00:00 AM,04:15:33,1.24,45.0,30.33,93.0,157.18,2.25,06:43:00,17:43:00
31771,1480860634,12/4/2016 12:00:00 AM,04:10:34,1.21,45.0,30.34,93.0,171.05,5.62,06:43:00,17:43:00
31772,1480860334,12/4/2016 12:00:00 AM,04:05:34,1.25,45.0,30.33,93.0,183.52,3.37,06:43:00,17:43:00
31773,1480860033,12/4/2016 12:00:00 AM,04:00:33,1.22,45.0,30.34,93.0,183.63,6.75,06:43:00,17:43:00
31774,1480859737,12/4/2016 12:00:00 AM,03:55:37,1.2,45.0,30.33,93.0,168.27,4.5,06:43:00,17:43:00
31775,1480859434,12/4/2016 12:00:00 AM,03:50:34,1.24,45.0,30.33,93.0,173.05,6.75,06:43:00,17:43:00
31776,1480859134,12/4/2016 12:00:00 AM,03:45:34,1.22,45.0,30.33,93.0,157.81,1.12,06:43:00,17:43:00
31777,1480858834,12/4/2016 12:00:00 AM,03:40:34,1.2,45.0,30.33,93.0,170.37,4.5,06:43:00,17:43:00
31778,1480858533,12/4/2016 12:00:00 AM,03:35:33,1.22,45.0,30.33,93.0,171.24,0.0,06:43:00,17:43:00
31779,1480858233,12/4/2016 12:00:00 AM,03:30:33,1.22,45.0,30.33,93.0,171.25,3.37,06:43:00,17:43:00
31780,1480857936,12/4/2016 12:00:00 AM,03:25:36,1.24,45.0,30.33,93.0,171.23,6.75,06:43:00,17:43:00
31781,1480857634,12/4/2016 12:00:00 AM,03:20:34,1.23,45.0,30.33,93.0,156.98,5.62,06:43:00,17:43:00
31782,1480857337,12/4/2016 12:00:00 AM,03:15:37,1.2,45.0,30.33,93.0,171.89,4.5,06:43:00,17:43:00
31783,1480857033,12/4/2016 12:00:00 AM,03:10:33,1.22,45.0,30.32,93.0,148.28,3.37,06:43:00,17:43:00
31784,1480856734,12/4/2016 12:00:00 AM,03:05:34,1.23,45.0,30.33,93.0,148.29,4.5,06:43:00,17:43:00
31785,1480856434,12/4/2016 12:00:00 AM,03:00:34,1.25,51.16507236474315,30.33,93.0,62.99,3.37,06:43:00,17:43:00
31786,1480856134,12/4/2016 12:00:00 AM,02:55:34,1.21,45.0,30.33,93.0,145.55,2.25,06:43:00,17:43:00
31787,1480855824,12/4/2016 12:00:00 AM,02:50:24,1.18,45.0,30.33,93.0,181.71,5.62,06:43:00,17:43:00
31788,1480855533,12/4/2016 12:00:00 AM,02:45:33,1.19,45.0,30.33,93.0,178.84,6.75,06:43:00,17:43:00
31789,1480855233,12/4/2016 12:00:00 AM,02:40:33,1.2,45.0,30.33,93.0,169.4,4.5,06:43:00,17:43:00
31790,1480854936,12/4/2016 12:00:00 AM,02:35:36,1.19,45.0,30.33,93.0,168.67,5.62,06:43:00,17:43:00
31791,1480854634,12/4/2016 12:00:00 AM,02:30:34,1.21,45.0,30.32,93.0,181.47,7.87,06:43:00,17:43:00
31792,1480854324,12/4/2016 12:00:00 AM,02:25:24,1.2,45.0,30.33,93.0,166.16,3.37,06:43:00,17:43:00
31793,1480854033,12/4/2016 12:00:00 AM,02:20:33,1.23,45.0,30.33,93.0,160.84,5.62,06:43:00,17:43:00
31794,1480853733,12/4/2016 12:00:00 AM,02:15:33,1.21,45.0,30.34,93.0,159.82,3.37,06:43:00,17:43:00
31795,1480853435,12/4/2016 12:00:00 AM,02:10:35,1.2,45.0,30.34,93.0,159.95,3.37,06:43:00,17:43:00
31796,1480853133,12/4/2016 12:00:00 AM,02:05:33,1.21,45.0,30.34,93.0,158.3,0.0,06:43:00,17:43:00
31797,1480852834,12/4/2016 12:00:00 AM,02:00:34,1.18,45.0,30.33,93.0,162.81,4.5,06:43:00,17:43:00
31798,1480852524,12/4/2016 12:00:00 AM,01:55:24,1.21,45.0,30.32,93.0,173.74,7.87,06:43:00,17:43:00
31799,1480852234,12/4/2016 12:00:00 AM,01:50:34,1.22,45.0,30.33,93.0,175.12,5.62,06:43:00,17:43:00
31800,1480851933,12/4/2016 12:00:00 AM,01:45:33,1.23,45.0,30.33,93.0,164.01,9.0,06:43:00,17:43:00
31801,1480851633,12/4/2016 12:00:00 AM,01:40:33,1.18,45.0,30.33,93.0,167.39,6.75,06:43:00,17:43:00
31802,1480851334,12/4/2016 12:00:00 AM,01:35:34,1.19,51.16507236474315,30.33,93.0,149.32,6.75,06:43:00,17:43:00
31803,1480851034,12/4/2016 12:00:00 AM,01:30:34,1.18,45.0,30.34,93.0,168.58,3.37,06:43:00,17:43:00
31804,1480850736,12/4/2016 12:00:00 AM,01:25:36,1.21,45.0,30.34,93.0,170.71,4.5,06:43:00,17:43:00
31805,1480850433,12/4/2016 12:00:00 AM,01:20:33,1.19,45.0,30.33,93.0,161.25,5.62,06:43:00,17:43:00
31806,1480850134,12/4/2016 12:00:00 AM,01:15:34,1.25,45.0,30.33,93.0,161.88,5.62,06:43:00,17:43:00
31807,1480849833,12/4/2016 12:00:00 AM,01:10:33,1.2,45.0,30.33,93.0,168.38,5.62,06:43:00,17:43:00
31808,1480849534,12/4/2016 12:00:00 AM,01:05:34,1.23,45.0,30.33,93.0,160.08,5.62,06:43:00,17:43:00
31809,1480849234,12/4/2016 12:00:00 AM,01:00:34,1.21,45.0,30.33,93.0,181.54,6.75,06:43:00,17:43:00
31810,1480848935,12/4/2016 12:00:00 AM,00:55:35,1.22,45.0,30.34,93.0,151.91,6.75,06:43:00,17:43:00
31811,1480848636,12/4/2016 12:00:00 AM,00:50:36,1.2,45.0,30.33,93.0,176.87,10.12,06:43:00,17:43:00
31812,1480848334,12/4/2016 12:00:00 AM,00:45:34,1.22,45.0,30.34,93.0,174.32,5.62,06:43:00,17:43:00
31813,1480848034,12/4/2016 12:00:00 AM,00:40:34,1.18,45.0,30.33,93.0,157.03,6.75,06:43:00,17:43:00
31814,1480847733,12/4/2016 12:00:00 AM,00:35:33,1.21,45.0,30.34,93.0,163.43,6.75,06:43:00,17:43:00
31815,1480847437,12/4/2016 12:00:00 AM,00:30:37,1.23,45.0,30.34,93.0,166.31,3.37,06:43:00,17:43:00
31816,1480847137,12/4/2016 12:00:00 AM,00:25:37,1.23,45.0,30.34,93.0,113.09,4.5,06:43:00,17:43:00
31817,1480846833,12/4/2016 12:00:00 AM,00:20:33,1.21,45.0,30.34,93.0,113.08,2.25,06:43:00,17:43:00
31818,1480846534,12/4/2016 12:00:00 AM,00:15:34,1.17,45.0,30.34,93.0,112.31,1.12,06:43:00,17:43:00
31819,1480846223,12/4/2016 12:00:00 AM,00:10:23,1.21,45.0,30.34,93.0,114.4,2.25,06:43:00,17:43:00
31820,1480845934,12/4/2016 12:00:00 AM,00:05:34,1.2,45.0,30.34,93.0,167.21,4.5,06:43:00,17:43:00
31821,1480845633,12/4/2016 12:00:00 AM,00:00:33,1.22,45.0,30.34,93.0,166.86,5.62,06:43:00,17:43:00
31822,1480845334,12/3/2016 12:00:00 AM,23:55:34,1.23,45.0,30.33,93.0,161.13,2.25,06:42:00,17:43:00
31823,1480845035,12/3/2016 12:00:00 AM,23:50:35,1.19,45.0,30.34,93.0,160.3,6.75,06:42:00,17:43:00
31824,1480844737,12/3/2016 12:00:00 AM,23:45:37,1.24,45.0,30.34,93.0,168.56,5.62,06:42:00,17:43:00
31825,1480844433,12/3/2016 12:00:00 AM,23:40:33,1.22,45.0,30.34,93.0,172.37,4.5,06:42:00,17:43:00
31826,1480844134,12/3/2016 12:00:00 AM,23:35:34,1.2,45.0,30.34,93.0,169.39,4.5,06:42:00,17:43:00
31827,1480843834,12/3/2016 12:00:00 AM,23:30:34,1.18,45.0,30.34,93.0,169.37,2.25,06:42:00,17:43:00
31828,1480843524,12/3/2016 12:00:00 AM,23:25:24,1.18,45.0,30.34,93.0,169.82,3.37,06:42:00,17:43:00
31829,1480843234,12/3/2016 12:00:00 AM,23:20:34,1.16,45.0,30.34,93.0,170.16,5.62,06:42:00,17:43:00
31830,1480842933,12/3/2016 12:00:00 AM,23:15:33,1.19,45.0,30.34,93.0,170.96,6.75,06:42:00,17:43:00
31831,1480842634,12/3/2016 12:00:00 AM,23:10:34,1.2,45.0,30.34,93.0,115.4,3.37,06:42:00,17:43:00
31832,1480842334,12/3/2016 12:00:00 AM,23:05:34,1.19,45.0,30.35,93.0,23.09,1.12,06:42:00,17:43:00
31833,1480842033,12/3/2016 12:00:00 AM,23:00:33,1.2,45.0,30.35,93.0,2.99,1.12,06:42:00,17:43:00
31834,1480841734,12/3/2016 12:00:00 AM,22:55:34,1.21,45.0,30.34,93.0,3.0,1.12,06:42:00,17:43:00
31835,1480841435,12/3/2016 12:00:00 AM,22:50:35,1.22,45.0,30.34,93.0,160.27,6.75,06:42:00,17:43:00
31836,1480841134,12/3/2016 12:00:00 AM,22:45:34,1.19,45.0,30.35,93.0,181.51,3.37,06:42:00,17:43:00
31837,1480840823,12/3/2016 12:00:00 AM,22:40:23,1.18,45.0,30.34,93.0,178.99,7.87,06:42:00,17:43:00
31838,1480840533,12/3/2016 12:00:00 AM,22:35:33,1.16,45.0,30.34,74.83719267708949,147.3,2.25,06:42:00,17:43:00
31839,1480840233,12/3/2016 12:00:00 AM,22:30:33,1.21,45.0,30.34,93.0,162.5,4.5,06:42:00,17:43:00
31840,1480839934,12/3/2016 12:00:00 AM,22:25:34,1.21,45.0,30.35,93.0,161.28,5.62,06:42:00,17:43:00
31841,1480839635,12/3/2016 12:00:00 AM,22:20:35,1.15,45.0,30.34,93.0,161.53,2.25,06:42:00,17:43:00
31842,1480839333,12/3/2016 12:00:00 AM,22:15:33,1.2,45.0,30.34,93.0,161.54,3.37,06:42:00,17:43:00
31843,1480839033,12/3/2016 12:00:00 AM,22:10:33,1.22,45.0,30.34,93.0,294.9,5.62,06:42:00,17:43:00
31844,1480838739,12/3/2016 12:00:00 AM,22:05:39,1.22,45.0,30.34,93.0,180.74,4.5,06:42:00,17:43:00
31845,1480838434,12/3/2016 12:00:00 AM,22:00:34,1.2,45.0,30.34,93.0,2.41,4.5,06:42:00,17:43:00
31846,1480838134,12/3/2016 12:00:00 AM,21:55:34,1.22,45.0,30.35,93.0,198.29,1.12,06:42:00,17:43:00
31847,1480837823,12/3/2016 12:00:00 AM,21:50:23,1.2,45.0,30.34,93.0,199.28,4.5,06:42:00,17:43:00
31848,1480837533,12/3/2016 12:00:00 AM,21:45:33,1.22,45.0,30.34,93.0,199.28,4.5,06:42:00,17:43:00
31849,1480837234,12/3/2016 12:00:00 AM,21:40:34,1.23,45.0,30.34,93.0,200.92,7.87,06:42:00,17:43:00
31850,1480836933,12/3/2016 12:00:00 AM,21:35:33,1.19,45.0,30.34,93.0,273.16,6.75,06:42:00,17:43:00
31851,1480836641,12/3/2016 12:00:00 AM,21:30:41,1.21,45.0,30.34,93.0,204.2,1.12,06:42:00,17:43:00
31852,1480836334,12/3/2016 12:00:00 AM,21:25:34,1.17,45.0,30.34,93.0,204.32,6.75,06:42:00,17:43:00
31853,1480836034,12/3/2016 12:00:00 AM,21:20:34,1.21,45.0,30.33,93.0,6.27,6.75,06:42:00,17:43:00
31854,1480835734,12/3/2016 12:00:00 AM,21:15:34,1.18,45.0,30.34,93.0,196.03,3.37,06:42:00,17:43:00
31855,1480835436,12/3/2016 12:00:00 AM,21:10:36,1.2,45.0,30.34,93.0,59.33,3.37,06:42:00,17:43:00
31856,1480835136,12/3/2016 12:00:00 AM,21:05:36,1.2,45.0,30.34,93.0,155.71,2.25,06:42:00,17:43:00
31857,1480834836,12/3/2016 12:00:00 AM,21:00:36,1.21,45.0,30.34,93.0,123.56,3.37,06:42:00,17:43:00
31858,1480834534,12/3/2016 12:00:00 AM,20:55:34,1.23,45.0,30.34,93.0,186.36,5.62,06:42:00,17:43:00
31859,1480834247,12/3/2016 12:00:00 AM,20:50:47,1.17,45.0,30.35,93.0,228.26,4.5,06:42:00,17:43:00
31860,1480833936,12/3/2016 12:00:00 AM,20:45:36,1.19,45.0,30.34,93.0,255.76,4.5,06:42:00,17:43:00
31861,1480833633,12/3/2016 12:00:00 AM,20:40:33,1.2,45.0,30.34,93.0,284.92,3.37,06:42:00,17:43:00
31862,1480833334,12/3/2016 12:00:00 AM,20:35:34,1.23,45.0,30.34,93.0,284.92,2.25,06:42:00,17:43:00
31863,1480833036,12/3/2016 12:00:00 AM,20:30:36,1.21,45.0,30.34,93.0,284.92,0.0,06:42:00,17:43:00
31864,1480832734,12/3/2016 12:00:00 AM,20:25:34,1.18,45.0,30.34,93.0,284.91,3.37,06:42:00,17:43:00
31865,1480832434,12/3/2016 12:00:00 AM,20:20:34,1.21,45.0,30.34,93.0,284.92,3.37,06:42:00,17:43:00
31866,1480832137,12/3/2016 12:00:00 AM,20:15:37,1.24,45.0,30.34,93.0,284.92,3.37,06:42:00,17:43:00
31867,1480831836,12/3/2016 12:00:00 AM,20:10:36,1.23,45.0,30.34,93.0,284.94,3.37,06:42:00,17:43:00
31868,1480831533,12/3/2016 12:00:00 AM,20:05:33,1.19,45.0,30.34,93.0,284.48,2.25,06:42:00,17:43:00
31869,1480831234,12/3/2016 12:00:00 AM,20:00:34,1.21,45.0,30.33,93.0,284.46,2.25,06:42:00,17:43:00
31870,1480830936,12/3/2016 12:00:00 AM,19:55:36,1.19,45.0,30.33,93.0,284.46,4.5,06:42:00,17:43:00
31871,1480830636,12/3/2016 12:00:00 AM,19:50:36,1.19,45.0,30.34,93.0,292.39,4.5,06:42:00,17:43:00
31872,1480830334,12/3/2016 12:00:00 AM,19:45:34,1.22,45.0,30.34,93.0,294.69,3.37,06:42:00,17:43:00
31873,1480830033,12/3/2016 12:00:00 AM,19:40:33,1.21,45.0,30.33,93.0,294.04,3.37,06:42:00,17:43:00
31874,1480829736,12/3/2016 12:00:00 AM,19:35:36,1.22,45.0,30.34,93.0,293.07,2.25,06:42:00,17:43:00
31875,1480829434,12/3/2016 12:00:00 AM,19:30:34,1.21,45.0,30.33,93.0,293.08,2.25,06:42:00,17:43:00
31876,1480829136,12/3/2016 12:00:00 AM,19:25:36,1.2,45.0,30.33,93.0,296.4,5.62,06:42:00,17:43:00
31877,1480828833,12/3/2016 12:00:00 AM,19:20:33,1.18,45.0,30.33,93.0,274.47,3.37,06:42:00,17:43:00
31878,1480828534,12/3/2016 12:00:00 AM,19:15:34,1.21,45.0,30.33,93.0,225.65,2.25,06:42:00,17:43:00
31879,1480828234,12/3/2016 12:00:00 AM,19:10:34,1.22,45.0,30.32,93.0,211.82,3.37,06:42:00,17:43:00
31880,1480827934,12/3/2016 12:00:00 AM,19:05:34,1.19,45.0,30.32,93.0,211.82,1.12,06:42:00,17:43:00
31881,1480827636,12/3/2016 12:00:00 AM,19:00:36,1.22,45.0,30.32,93.0,211.82,1.12,06:42:00,17:43:00
31882,1480827354,12/3/2016 12:00:00 AM,18:55:54,1.22,45.0,30.32,93.0,211.82,1.12,06:42:00,17:43:00
31883,1480827034,12/3/2016 12:00:00 AM,18:50:34,1.22,45.0,30.32,93.0,211.82,1.12,06:42:00,17:43:00
31884,1480826734,12/3/2016 12:00:00 AM,18:45:34,1.19,45.0,30.32,93.0,211.83,2.25,06:42:00,17:43:00
31885,1480826433,12/3/2016 12:00:00 AM,18:40:33,1.2,45.0,30.32,93.0,234.25,3.37,06:42:00,17:43:00
31886,1480826134,12/3/2016 12:00:00 AM,18:35:34,1.21,45.0,30.32,93.0,234.25,2.25,06:42:00,17:43:00
31887,1480825833,12/3/2016 12:00:00 AM,18:30:33,1.21,45.0,30.32,93.0,257.28,4.5,06:42:00,17:43:00
31888,1480825536,12/3/2016 12:00:00 AM,18:25:36,1.21,45.0,30.31,93.0,260.14,2.25,06:42:00,17:43:00
31889,1480825233,12/3/2016 12:00:00 AM,18:20:33,1.22,45.0,30.31,93.0,260.16,3.37,06:42:00,17:43:00
31890,1480824934,12/3/2016 12:00:00 AM,18:15:34,1.2,45.0,30.31,93.0,260.18,3.37,06:42:00,17:43:00
31891,1480824649,12/3/2016 12:00:00 AM,18:10:49,1.21,45.0,30.31,93.0,260.59,2.25,06:42:00,17:43:00
31892,1480824333,12/3/2016 12:00:00 AM,18:05:33,1.19,45.0,30.31,93.0,260.6,2.25,06:42:00,17:43:00
31893,1480824034,12/3/2016 12:00:00 AM,18:00:34,1.25,45.0,30.31,93.0,260.6,1.12,06:42:00,17:43:00
31894,1480823736,12/3/2016 12:00:00 AM,17:55:36,1.37,45.0,30.31,93.0,260.61,3.37,06:42:00,17:43:00
31895,1480823437,12/3/2016 12:00:00 AM,17:50:37,2.28,45.0,30.31,93.0,260.59,2.25,06:42:00,17:43:00
31896,1480823134,12/3/2016 12:00:00 AM,17:45:34,3.75,45.0,30.31,93.0,260.58,0.0,06:42:00,17:43:00
31897,1480822833,12/3/2016 12:00:00 AM,17:40:33,6.04,45.0,30.31,93.0,260.59,1.12,06:42:00,17:43:00
31898,1480822536,12/3/2016 12:00:00 AM,17:35:36,10.42,45.0,30.3,93.0,260.6,3.37,06:42:00,17:43:00
31899,1480822233,12/3/2016 12:00:00 AM,17:30:33,13.94,45.0,30.3,93.0,213.93,3.37,06:42:00,17:43:00
31900,1480821924,12/3/2016 12:00:00 AM,17:25:24,16.2,45.0,30.3,93.0,213.91,0.0,06:42:00,17:43:00
31901,1480821634,12/3/2016 12:00:00 AM,17:20:34,24.63,45.0,30.3,93.0,213.84,3.37,06:42:00,17:43:00
31902,1480821334,12/3/2016 12:00:00 AM,17:15:34,18.35,45.0,30.3,93.0,214.07,4.5,06:42:00,17:43:00
31903,1480821033,12/3/2016 12:00:00 AM,17:10:33,17.5,45.0,30.29,93.0,214.36,7.87,06:42:00,17:43:00
31904,1480820736,12/3/2016 12:00:00 AM,17:05:36,19.59,45.0,30.29,93.0,247.61,6.75,06:42:00,17:43:00
31905,1480820434,12/3/2016 12:00:00 AM,17:00:34,19.69,45.0,30.29,93.0,254.96,4.5,06:42:00,17:43:00
31906,1480820124,12/3/2016 12:00:00 AM,16:55:24,52.91,45.0,30.29,93.0,254.03,4.5,06:42:00,17:43:00
31907,1480819833,12/3/2016 12:00:00 AM,16:50:33,64.57,45.0,30.29,93.0,252.38,3.37,06:42:00,17:43:00
31908,1480819533,12/3/2016 12:00:00 AM,16:45:33,44.74,45.0,30.29,93.0,268.81,6.75,06:42:00,17:43:00
31909,1480819235,12/3/2016 12:00:00 AM,16:40:35,26.98,45.0,30.29,93.0,284.53,4.5,06:42:00,17:43:00
31910,1480818933,12/3/2016 12:00:00 AM,16:35:33,41.01,45.0,30.29,93.0,295.24,5.62,06:42:00,17:43:00
31911,1480818636,12/3/2016 12:00:00 AM,16:30:36,41.52,45.0,30.28,93.0,277.91,5.62,06:42:00,17:43:00
31912,1480818334,12/3/2016 12:00:00 AM,16:25:34,36.04,45.0,30.29,93.0,290.34,9.0,06:42:00,17:43:00
31913,1480818024,12/3/2016 12:00:00 AM,16:20:24,54.38,45.0,30.28,93.0,293.99,4.5,06:42:00,17:43:00
31914,1480817733,12/3/2016 12:00:00 AM,16:15:33,50.37,45.0,30.29,93.0,294.84,9.0,06:42:00,17:43:00
31915,1480817434,12/3/2016 12:00:00 AM,16:10:34,42.46,45.0,30.29,93.0,310.22,6.229096658193317,06:42:00,17:43:00
31916,1480817136,12/3/2016 12:00:00 AM,16:05:36,41.33,45.0,30.29,93.0,321.62,3.37,06:42:00,17:43:00
31917,1480816834,12/3/2016 12:00:00 AM,16:00:34,69.49,45.0,30.28,93.0,313.22,6.75,06:42:00,17:43:00
31918,1480816534,12/3/2016 12:00:00 AM,15:55:34,94.88,45.0,30.29,93.0,300.17,5.62,06:42:00,17:43:00
31919,1480816237,12/3/2016 12:00:00 AM,15:50:37,117.16,45.0,30.29,93.0,289.43,7.87,06:42:00,17:43:00
31920,1480815936,12/3/2016 12:00:00 AM,15:45:36,101.35,45.0,30.28,93.0,305.64,11.25,06:42:00,17:43:00
31921,1480815636,12/3/2016 12:00:00 AM,15:40:36,218.43,51.16507236474315,30.28,93.0,306.68,7.87,06:42:00,17:43:00
31922,1480815338,12/3/2016 12:00:00 AM,15:35:38,106.22,45.0,30.28,93.0,313.93,7.87,06:42:00,17:43:00
31923,1480815034,12/3/2016 12:00:00 AM,15:30:34,90.7,45.0,30.29,93.0,301.73,6.75,06:42:00,17:43:00
31924,1480814733,12/3/2016 12:00:00 AM,15:25:33,134.35,45.0,30.29,93.0,316.85,7.87,06:42:00,17:43:00
31925,1480814433,12/3/2016 12:00:00 AM,15:20:33,126.17,45.0,30.28,93.0,295.77,5.62,06:42:00,17:43:00
31926,1480814133,12/3/2016 12:00:00 AM,15:15:33,82.88,45.0,30.28,93.0,295.4,6.75,06:42:00,17:43:00
31927,1480813834,12/3/2016 12:00:00 AM,15:10:34,88.09,45.0,30.29,93.0,289.54,4.5,06:42:00,17:43:00
31928,1480813534,12/3/2016 12:00:00 AM,15:05:34,117.37,45.0,30.28,93.0,304.07,6.75,06:42:00,17:43:00
31929,1480813233,12/3/2016 12:00:00 AM,15:00:33,55.02,45.0,30.28,93.0,312.83,7.87,06:42:00,17:43:00
31930,1480812933,12/3/2016 12:00:00 AM,14:55:33,77.68,45.0,30.28,93.0,320.97,7.87,06:42:00,17:43:00
31931,1480812635,12/3/2016 12:00:00 AM,14:50:35,92.94,45.0,30.28,93.0,284.71,5.62,06:42:00,17:43:00
31932,1480812323,12/3/2016 12:00:00 AM,14:45:23,62.88,45.0,30.28,93.0,314.81,4.5,06:42:00,17:43:00
31933,1480812034,12/3/2016 12:00:00 AM,14:40:34,32.06,45.0,30.28,93.0,304.01,5.62,06:42:00,17:43:00
31934,1480811733,12/3/2016 12:00:00 AM,14:35:33,92.49,45.0,30.28,93.0,303.78,5.62,06:42:00,17:43:00
31935,1480811436,12/3/2016 12:00:00 AM,14:30:36,69.24,45.0,30.29,93.0,290.16,6.75,06:42:00,17:43:00
31936,1480811134,12/3/2016 12:00:00 AM,14:25:34,43.54,45.0,30.29,93.0,304.51,6.75,06:42:00,17:43:00
31937,1480810834,12/3/2016 12:00:00 AM,14:20:34,92.36,45.0,30.29,93.0,293.13,6.75,06:42:00,17:43:00
31938,1480810533,12/3/2016 12:00:00 AM,14:15:33,52.05,45.0,30.29,93.0,310.29,7.87,06:42:00,17:43:00
31939,1480810224,12/3/2016 12:00:00 AM,14:10:24,47.2,45.0,30.28,93.0,304.96,6.75,06:42:00,17:43:00
31940,1480809934,12/3/2016 12:00:00 AM,14:05:34,54.33,45.0,30.28,93.0,309.57,6.75,06:42:00,17:43:00
31941,1480809633,12/3/2016 12:00:00 AM,14:00:33,157.6,45.0,30.28,93.0,305.8,5.62,06:42:00,17:43:00
31942,1480809333,12/3/2016 12:00:00 AM,13:55:33,41.18,45.0,30.29,93.0,310.32,7.87,06:42:00,17:43:00
31943,1480809034,12/3/2016 12:00:00 AM,13:50:34,74.31,45.0,30.29,93.0,312.5,3.37,06:42:00,17:43:00
31944,1480808737,12/3/2016 12:00:00 AM,13:45:37,85.52,45.0,30.29,93.0,310.85,3.37,06:42:00,17:43:00
31945,1480808434,12/3/2016 12:00:00 AM,13:40:34,34.2,45.0,30.29,93.0,313.44,5.62,06:42:00,17:43:00
31946,1480808123,12/3/2016 12:00:00 AM,13:35:23,62.01,45.0,30.29,93.0,316.56,3.37,06:42:00,17:43:00
31947,1480807833,12/3/2016 12:00:00 AM,13:30:33,50.28,45.0,30.29,93.0,316.57,3.37,06:42:00,17:43:00
31948,1480807535,12/3/2016 12:00:00 AM,13:25:35,57.44,45.0,30.29,93.0,326.05,6.75,06:42:00,17:43:00
31949,1480807236,12/3/2016 12:00:00 AM,13:20:36,53.41,45.0,30.29,93.0,327.98,5.62,06:42:00,17:43:00
31950,1480806936,12/3/2016 12:00:00 AM,13:15:36,91.12,45.0,30.29,93.0,329.42,6.75,06:42:00,17:43:00
31951,1480806638,12/3/2016 12:00:00 AM,13:10:38,131.03,45.0,30.29,93.0,329.51,5.62,06:42:00,17:43:00
31952,1480806335,12/3/2016 12:00:00 AM,13:05:35,117.96,45.0,30.29,93.0,322.75,4.5,06:42:00,17:43:00
31953,1480806034,12/3/2016 12:00:00 AM,13:00:34,183.1,45.0,30.29,93.0,321.52,6.75,06:42:00,17:43:00
31954,1480805736,12/3/2016 12:00:00 AM,12:55:36,95.24,45.0,30.29,93.0,313.32,5.62,06:42:00,17:43:00
31955,1480805433,12/3/2016 12:00:00 AM,12:50:33,223.24,45.0,30.29,93.0,291.65,3.37,06:42:00,17:43:00
31956,1480805134,12/3/2016 12:00:00 AM,12:45:34,462.03,45.0,30.29,93.0,320.24,4.5,06:42:00,17:43:00
31957,1480804846,12/3/2016 12:00:00 AM,12:40:46,323.59,45.0,30.3,93.0,325.72,5.62,06:42:00,17:43:00
31958,1480804533,12/3/2016 12:00:00 AM,12:35:33,256.08,45.0,30.3,93.0,320.82,5.62,06:42:00,17:43:00
31959,1480804223,12/3/2016 12:00:00 AM,12:30:23,267.08,45.0,30.3,93.0,330.79,4.5,06:42:00,17:43:00
31960,1480803933,12/3/2016 12:00:00 AM,12:25:33,289.84,45.0,30.3,93.0,302.25,6.75,06:42:00,17:43:00
31961,1480803635,12/3/2016 12:00:00 AM,12:20:35,312.12,45.0,30.31,93.0,299.43,6.75,06:42:00,17:43:00
31962,1480803334,12/3/2016 12:00:00 AM,12:15:34,175.88,45.0,30.31,93.0,310.79,4.5,06:42:00,17:43:00
31963,1480803036,12/3/2016 12:00:00 AM,12:10:36,260.94,45.0,30.32,93.0,310.62,4.5,06:42:00,17:43:00
31964,1480802733,12/3/2016 12:00:00 AM,12:05:33,182.27,45.0,30.32,93.0,299.3,4.5,06:42:00,17:43:00
31965,1480802434,12/3/2016 12:00:00 AM,12:00:34,186.95,45.0,30.32,93.0,315.16,6.75,06:42:00,17:43:00
31966,1480802137,12/3/2016 12:00:00 AM,11:55:37,205.04,45.0,30.32,93.0,313.64,7.87,06:42:00,17:43:00
31967,1480801833,12/3/2016 12:00:00 AM,11:50:33,211.24,45.0,30.32,93.0,306.12,9.0,06:42:00,17:43:00
31968,1480801533,12/3/2016 12:00:00 AM,11:45:33,255.22,45.0,30.32,93.0,303.58,5.62,06:42:00,17:43:00
31969,1480801236,12/3/2016 12:00:00 AM,11:40:36,204.47,45.0,30.32,93.0,300.43,4.5,06:42:00,17:43:00
31970,1480800934,12/3/2016 12:00:00 AM,11:35:34,215.75,45.0,30.32,93.0,289.47,5.62,06:42:00,17:43:00
31971,1480800634,12/3/2016 12:00:00 AM,11:30:34,213.75,45.0,30.33,93.0,301.18,5.62,06:42:00,17:43:00
31972,1480800333,12/3/2016 12:00:00 AM,11:25:33,189.25,45.0,30.33,93.0,322.4,4.5,06:42:00,17:43:00
31973,1480800036,12/3/2016 12:00:00 AM,11:20:36,254.84,45.0,30.33,93.0,322.21,5.62,06:42:00,17:43:00
31974,1480799724,12/3/2016 12:00:00 AM,11:15:24,107.49,45.0,30.33,93.0,322.13,3.37,06:42:00,17:43:00
31975,1480799433,12/3/2016 12:00:00 AM,11:10:33,90.4,45.0,30.33,93.0,322.2,3.37,06:42:00,17:43:00
31976,1480799136,12/3/2016 12:00:00 AM,11:05:36,74.21,45.0,30.33,93.0,323.1,4.5,06:42:00,17:43:00
31977,1480798833,12/3/2016 12:00:00 AM,11:00:33,81.85,45.0,30.33,93.0,322.1,1.12,06:42:00,17:43:00
31978,1480798535,12/3/2016 12:00:00 AM,10:55:35,83.3,45.0,30.33,93.0,322.41,3.37,06:42:00,17:43:00
31979,1480798234,12/3/2016 12:00:00 AM,10:50:34,90.02,45.0,30.33,93.0,344.96,6.75,06:42:00,17:43:00
31980,1480797936,12/3/2016 12:00:00 AM,10:45:36,67.14,45.0,30.33,93.0,327.69,4.5,06:42:00,17:43:00
31981,1480797636,12/3/2016 12:00:00 AM,10:40:36,48.51,45.0,30.33,93.0,328.82,1.12,06:42:00,17:43:00
31982,1480797334,12/3/2016 12:00:00 AM,10:35:34,43.74,45.0,30.33,93.0,328.19,4.5,06:42:00,17:43:00
31983,1480797034,12/3/2016 12:00:00 AM,10:30:34,48.5,45.0,30.34,93.0,326.52,4.5,06:42:00,17:43:00
31984,1480796733,12/3/2016 12:00:00 AM,10:25:33,56.61,45.0,30.34,93.0,329.47,4.5,06:42:00,17:43:00
31985,1480796434,12/3/2016 12:00:00 AM,10:20:34,69.09,45.0,30.34,93.0,345.27,5.62,06:42:00,17:43:00
31986,1480796137,12/3/2016 12:00:00 AM,10:15:37,107.71,45.0,30.33,93.0,351.39,5.62,06:42:00,17:43:00
31987,1480795834,12/3/2016 12:00:00 AM,10:10:34,145.27,45.0,30.33,93.0,336.52,6.75,06:42:00,17:43:00
31988,1480795523,12/3/2016 12:00:00 AM,10:05:23,108.62,45.0,30.33,93.0,1.57,6.75,06:42:00,17:43:00
31989,1480795235,12/3/2016 12:00:00 AM,10:00:35,207.06,45.0,30.33,93.0,25.18,5.62,06:42:00,17:43:00
31990,1480794933,12/3/2016 12:00:00 AM,09:55:33,221.31,45.0,30.33,93.0,35.8,6.229096658193317,06:42:00,17:43:00
31991,1480794633,12/3/2016 12:00:00 AM,09:50:33,185.14,45.0,30.33,93.0,6.96,4.5,06:42:00,17:43:00
31992,1480794334,12/3/2016 12:00:00 AM,09:45:34,216.9,45.0,30.33,93.0,50.79,4.5,06:42:00,17:43:00
31993,1480794035,12/3/2016 12:00:00 AM,09:40:35,153.85,45.0,30.34,93.0,40.65,6.75,06:42:00,17:43:00
31994,1480793723,12/3/2016 12:00:00 AM,09:35:23,132.6,45.0,30.33,93.0,32.13,9.0,06:42:00,17:43:00
31995,1480793424,12/3/2016 12:00:00 AM,09:30:24,80.29,45.0,30.33,93.0,19.24,4.5,06:42:00,17:43:00
31996,1480793134,12/3/2016 12:00:00 AM,09:25:34,86.69,45.0,30.34,93.0,34.25,6.75,06:42:00,17:43:00
31997,1480792833,12/3/2016 12:00:00 AM,09:20:33,147.63,45.0,30.34,93.0,23.66,4.5,06:42:00,17:43:00
31998,1480792533,12/3/2016 12:00:00 AM,09:15:33,89.75,45.0,30.34,93.0,20.13,0.0,06:42:00,17:43:00
31999,1480792239,12/3/2016 12:00:00 AM,09:10:39,158.15,45.0,30.34,93.0,4.65,2.25,06:42:00,17:43:00
32000,1480791935,12/3/2016 12:00:00 AM,09:05:35,212.0,45.0,30.34,93.0,34.2,4.5,06:42:00,17:43:00
32001,1480791633,12/3/2016 12:00:00 AM,09:00:33,379.63,45.0,30.34,93.0,1.09,3.37,06:42:00,17:43:00
32002,1480791333,12/3/2016 12:00:00 AM,08:55:33,401.47,45.0,30.34,93.0,15.36,1.12,06:42:00,17:43:00
32003,1480791024,12/3/2016 12:00:00 AM,08:50:24,288.55,45.0,30.34,93.0,15.8,1.12,06:42:00,17:43:00
32004,1480790733,12/3/2016 12:00:00 AM,08:45:33,442.7,45.0,30.34,93.0,114.08,5.62,06:42:00,17:43:00
32005,1480790435,12/3/2016 12:00:00 AM,08:40:35,418.87,45.0,30.33,93.0,162.33,9.0,06:42:00,17:43:00
32006,1480790134,12/3/2016 12:00:00 AM,08:35:34,416.95,45.0,30.33,93.0,179.11,9.0,06:42:00,17:43:00
32007,1480789823,12/3/2016 12:00:00 AM,08:30:23,389.04,45.0,30.33,93.0,169.51,3.37,06:42:00,17:43:00
32008,1480789534,12/3/2016 12:00:00 AM,08:25:34,441.06,45.0,30.33,93.0,154.12,1.12,06:42:00,17:43:00
32009,1480789234,12/3/2016 12:00:00 AM,08:20:34,384.75,45.0,30.33,93.0,154.11,1.12,06:42:00,17:43:00
32010,1480788933,12/3/2016 12:00:00 AM,08:15:33,202.38,45.0,30.33,93.0,154.13,2.25,06:42:00,17:43:00
32011,1480788637,12/3/2016 12:00:00 AM,08:10:37,194.55,45.0,30.33,93.0,153.32,2.25,06:42:00,17:43:00
32012,1480788334,12/3/2016 12:00:00 AM,08:05:34,179.37,45.0,30.33,93.0,127.7,4.5,06:42:00,17:43:00
32013,1480788036,12/3/2016 12:00:00 AM,08:00:36,160.03,45.0,30.423028000868246,93.0,179.68,7.87,06:42:00,17:43:00
32014,1480787736,12/3/2016 12:00:00 AM,07:55:36,149.45,45.0,30.33,93.0,149.15,7.87,06:42:00,17:43:00
32015,1480787434,12/3/2016 12:00:00 AM,07:50:34,141.77,45.0,30.33,93.0,199.1,7.87,06:42:00,17:43:00
32016,1480787134,12/3/2016 12:00:00 AM,07:45:34,86.89,45.0,30.33,93.0,195.32,9.0,06:42:00,17:43:00
32017,1480786834,12/3/2016 12:00:00 AM,07:40:34,69.1,45.0,30.33,93.0,182.68,5.62,06:42:00,17:43:00
32018,1480786536,12/3/2016 12:00:00 AM,07:35:36,67.39,45.0,30.33,93.0,195.32,5.62,06:42:00,17:43:00
32019,1480786233,12/3/2016 12:00:00 AM,07:30:33,71.18,45.0,30.33,93.0,156.65,7.87,06:42:00,17:43:00
32020,1480785924,12/3/2016 12:00:00 AM,07:25:24,88.55,45.0,30.33,93.0,169.93,11.25,06:42:00,17:43:00
32021,1480785634,12/3/2016 12:00:00 AM,07:20:34,42.15,45.0,30.33,93.0,151.32,9.0,06:42:00,17:43:00
32022,1480785333,12/3/2016 12:00:00 AM,07:15:33,27.26,45.0,30.33,93.0,181.1,7.87,06:42:00,17:43:00
32023,1480785023,12/3/2016 12:00:00 AM,07:10:23,23.12,45.0,30.32,93.0,199.72,7.87,06:42:00,17:43:00
32024,1480784734,12/3/2016 12:00:00 AM,07:05:34,20.13,45.0,30.32,93.0,158.79,10.12,06:42:00,17:43:00
32025,1480784434,12/3/2016 12:00:00 AM,07:00:34,16.7,45.0,30.31,93.0,166.27,6.75,06:42:00,17:43:00
32026,1480784133,12/3/2016 12:00:00 AM,06:55:33,13.38,45.0,30.32,93.0,182.78,5.62,06:42:00,17:43:00
32027,1480783834,12/3/2016 12:00:00 AM,06:50:34,9.78,45.0,30.32,93.0,190.59,7.87,06:42:00,17:43:00
32028,1480783524,12/3/2016 12:00:00 AM,06:45:24,6.45,45.0,30.31,93.0,176.78,11.25,06:42:00,17:43:00
32029,1480783236,12/3/2016 12:00:00 AM,06:40:36,4.47,45.0,30.31,93.0,183.76,10.12,06:42:00,17:43:00
32030,1480782933,12/3/2016 12:00:00 AM,06:35:33,2.42,45.0,30.32,93.0,167.27,9.0,06:42:00,17:43:00
32031,1480782634,12/3/2016 12:00:00 AM,06:30:34,1.35,45.0,30.31,93.0,174.86,11.25,06:42:00,17:43:00
32032,1480782334,12/3/2016 12:00:00 AM,06:25:34,1.24,45.0,30.31,93.0,159.8,10.12,06:42:00,17:43:00
32033,1480782033,12/3/2016 12:00:00 AM,06:20:33,1.19,45.0,30.31,93.0,159.34,9.0,06:42:00,17:43:00
32034,1480781733,12/3/2016 12:00:00 AM,06:15:33,1.22,45.0,30.31,93.0,168.86,9.0,06:42:00,17:43:00
32035,1480781424,12/3/2016 12:00:00 AM,06:10:24,1.21,45.0,30.31,93.0,136.66,7.87,06:42:00,17:43:00
32036,1480781136,12/3/2016 12:00:00 AM,06:05:36,1.25,45.0,30.3,93.0,177.21,11.25,06:42:00,17:43:00
32037,1480780833,12/3/2016 12:00:00 AM,06:00:33,1.24,45.0,30.3,93.0,182.59,11.25,06:42:00,17:43:00
32038,1480780534,12/3/2016 12:00:00 AM,05:55:34,1.21,45.0,30.3,93.0,170.75,9.0,06:42:00,17:43:00
32039,1480780237,12/3/2016 12:00:00 AM,05:50:37,1.23,45.0,30.3,93.0,131.48,2.25,06:42:00,17:43:00
32040,1480779933,12/3/2016 12:00:00 AM,05:45:33,1.21,45.0,30.3,93.0,88.95,2.25,06:42:00,17:43:00
32041,1480779633,12/3/2016 12:00:00 AM,05:40:33,1.23,45.0,30.3,93.0,116.96,6.75,06:42:00,17:43:00
32042,1480779324,12/3/2016 12:00:00 AM,05:35:24,1.2,45.0,30.3,93.0,139.48,2.25,06:42:00,17:43:00
32043,1480779034,12/3/2016 12:00:00 AM,05:30:34,1.23,45.0,30.3,93.0,155.88,0.0,06:42:00,17:43:00
32044,1480778733,12/3/2016 12:00:00 AM,05:25:33,1.24,45.0,30.3,93.0,152.37,3.37,06:42:00,17:43:00
32045,1480778436,12/3/2016 12:00:00 AM,05:20:36,1.2,45.0,30.3,93.0,171.07,4.5,06:42:00,17:43:00
32046,1480778134,12/3/2016 12:00:00 AM,05:15:34,1.24,45.0,30.3,93.0,151.82,5.62,06:42:00,17:43:00
32047,1480777834,12/3/2016 12:00:00 AM,05:10:34,1.25,45.0,30.3,93.0,156.64,3.37,06:42:00,17:43:00
32048,1480777533,12/3/2016 12:00:00 AM,05:05:33,1.22,45.0,30.3,93.0,147.71,5.62,06:42:00,17:43:00
32049,1480777233,12/3/2016 12:00:00 AM,05:00:33,1.22,45.0,30.3,93.0,101.69,0.0,06:42:00,17:43:00
32050,1480776933,12/3/2016 12:00:00 AM,04:55:33,1.22,45.0,30.3,93.0,136.47,5.62,06:42:00,17:43:00
32051,1480776633,12/3/2016 12:00:00 AM,04:50:33,1.19,45.0,30.3,93.0,153.99,7.87,06:42:00,17:43:00
32052,1480776323,12/3/2016 12:00:00 AM,04:45:23,1.26,45.0,30.29,93.0,161.95,7.87,06:42:00,17:43:00
32053,1480776034,12/3/2016 12:00:00 AM,04:40:34,1.22,45.0,30.29,93.0,154.46,7.87,06:42:00,17:43:00
32054,1480775736,12/3/2016 12:00:00 AM,04:35:36,1.2,45.0,30.29,93.0,135.07,3.37,06:42:00,17:43:00
32055,1480775433,12/3/2016 12:00:00 AM,04:30:33,1.27,45.0,30.3,93.0,89.92,4.5,06:42:00,17:43:00
32056,1480775134,12/3/2016 12:00:00 AM,04:25:34,1.25,45.0,30.3,93.0,162.16,9.0,06:42:00,17:43:00
32057,1480774836,12/3/2016 12:00:00 AM,04:20:36,1.2,45.0,30.3,93.0,132.0,2.25,06:42:00,17:43:00
32058,1480774523,12/3/2016 12:00:00 AM,04:15:23,1.17,45.0,30.3,74.83719267708949,158.9,6.75,06:42:00,17:43:00
32059,1480774234,12/3/2016 12:00:00 AM,04:10:34,1.24,45.0,30.3,93.0,180.1,9.0,06:42:00,17:43:00
32060,1480773933,12/3/2016 12:00:00 AM,04:05:33,1.2,45.0,30.3,93.0,159.84,14.62,06:42:00,17:43:00
32061,1480773633,12/3/2016 12:00:00 AM,04:00:33,1.19,45.0,30.3,93.0,167.06,10.12,06:42:00,17:43:00
32062,1480773337,12/3/2016 12:00:00 AM,03:55:37,1.23,45.0,30.3,93.0,155.76,13.5,06:42:00,17:43:00
32063,1480773024,12/3/2016 12:00:00 AM,03:50:24,1.17,45.0,30.3,93.0,169.0,9.0,06:42:00,17:43:00
32064,1480772734,12/3/2016 12:00:00 AM,03:45:34,1.17,45.0,30.3,93.0,141.96,10.12,06:42:00,17:43:00
32065,1480772436,12/3/2016 12:00:00 AM,03:40:36,1.27,45.0,30.3,93.0,164.32,3.37,06:42:00,17:43:00
32066,1480772134,12/3/2016 12:00:00 AM,03:35:34,1.21,45.0,30.31,93.0,141.68,6.75,06:42:00,17:43:00
32067,1480771834,12/3/2016 12:00:00 AM,03:30:34,1.19,45.0,30.31,93.0,140.27,5.62,06:42:00,17:43:00
32068,1480771523,12/3/2016 12:00:00 AM,03:25:23,1.22,45.0,30.31,93.0,116.24,6.75,06:42:00,17:43:00
32069,1480771236,12/3/2016 12:00:00 AM,03:20:36,1.2,45.0,30.3,93.0,100.97,1.12,06:42:00,17:43:00
32070,1480770936,12/3/2016 12:00:00 AM,03:15:36,1.2,45.0,30.3,93.0,128.05,3.37,06:42:00,17:43:00
32071,1480770624,12/3/2016 12:00:00 AM,03:10:24,1.18,45.0,30.3,93.0,133.03,3.37,06:42:00,17:43:00
32072,1480770323,12/3/2016 12:00:00 AM,03:05:23,1.19,45.0,30.3,93.0,95.33,5.62,06:42:00,17:43:00
32073,1480770033,12/3/2016 12:00:00 AM,03:00:33,1.22,45.0,30.3,93.0,177.31,3.37,06:42:00,17:43:00
32074,1480769733,12/3/2016 12:00:00 AM,02:55:33,1.19,45.0,30.3,93.0,166.4,7.87,06:42:00,17:43:00
32075,1480769434,12/3/2016 12:00:00 AM,02:50:34,1.24,45.0,30.3,93.0,169.45,4.5,06:42:00,17:43:00
32076,1480769124,12/3/2016 12:00:00 AM,02:45:24,1.22,45.0,30.3,93.0,143.6,4.5,06:42:00,17:43:00
32077,1480768834,12/3/2016 12:00:00 AM,02:40:34,1.23,45.0,30.3,93.0,169.33,4.5,06:42:00,17:43:00
32078,1480768533,12/3/2016 12:00:00 AM,02:35:33,1.21,45.0,30.31,93.0,149.34,6.75,06:42:00,17:43:00
32079,1480768234,12/3/2016 12:00:00 AM,02:30:34,1.23,45.0,30.31,93.0,137.37,4.5,06:42:00,17:43:00
32080,1480767934,12/3/2016 12:00:00 AM,02:25:34,1.2,45.0,30.31,93.0,79.41,3.37,06:42:00,17:43:00
32081,1480767623,12/3/2016 12:00:00 AM,02:20:23,1.21,45.0,30.31,93.0,126.0,2.25,06:42:00,17:43:00
32082,1480767323,12/3/2016 12:00:00 AM,02:15:23,1.24,45.0,30.31,93.0,155.61,3.37,06:42:00,17:43:00
32083,1480767033,12/3/2016 12:00:00 AM,02:10:33,1.21,45.0,30.32,93.0,114.86,4.5,06:42:00,17:43:00
32084,1480766734,12/3/2016 12:00:00 AM,02:05:34,1.26,45.0,30.32,93.0,143.63,6.75,06:42:00,17:43:00
32085,1480766433,12/3/2016 12:00:00 AM,02:00:33,1.28,45.0,30.32,93.0,131.44,1.12,06:42:00,17:43:00
32086,1480766133,12/3/2016 12:00:00 AM,01:55:33,1.23,45.0,30.32,93.0,113.51,2.25,06:42:00,17:43:00
32087,1480765834,12/3/2016 12:00:00 AM,01:50:34,1.23,45.0,30.32,93.0,128.14,3.37,06:42:00,17:43:00
32088,1480765535,12/3/2016 12:00:00 AM,01:45:35,1.19,45.0,30.32,93.0,92.31,2.25,06:42:00,17:43:00
32089,1480765234,12/3/2016 12:00:00 AM,01:40:34,1.16,45.0,30.32,93.0,140.83,2.25,06:42:00,17:43:00
32090,1480764923,12/3/2016 12:00:00 AM,01:35:23,1.22,45.0,30.32,93.0,154.98,4.5,06:42:00,17:43:00
32091,1480764636,12/3/2016 12:00:00 AM,01:30:36,1.22,45.0,30.32,93.0,129.11,3.37,06:42:00,17:43:00
32092,1480764334,12/3/2016 12:00:00 AM,01:25:34,1.23,45.0,30.32,93.0,114.65,6.75,06:42:00,17:43:00
32093,1480764034,12/3/2016 12:00:00 AM,01:20:34,1.22,45.0,30.33,93.0,136.46,6.75,06:42:00,17:43:00
32094,1480763733,12/3/2016 12:00:00 AM,01:15:33,1.23,45.0,30.33,93.0,175.2,4.5,06:42:00,17:43:00
32095,1480763433,12/3/2016 12:00:00 AM,01:10:33,1.23,45.0,30.33,93.0,153.89,2.25,06:42:00,17:43:00
32096,1480763133,12/3/2016 12:00:00 AM,01:05:33,1.24,45.0,30.33,93.0,153.24,4.5,06:42:00,17:43:00
32097,1480762834,12/3/2016 12:00:00 AM,01:00:34,1.2,45.0,30.33,93.0,154.35,4.5,06:42:00,17:43:00
32098,1480762533,12/3/2016 12:00:00 AM,00:55:33,1.22,45.0,30.33,93.0,93.66,6.229096658193317,06:42:00,17:43:00
32099,1480762234,12/3/2016 12:00:00 AM,00:50:34,1.2,45.0,30.33,93.0,95.48,3.37,06:42:00,17:43:00
32100,1480761934,12/3/2016 12:00:00 AM,00:45:34,1.2,45.0,30.33,93.0,139.78,5.62,06:42:00,17:43:00
32101,1480761635,12/3/2016 12:00:00 AM,00:40:35,1.23,45.0,30.33,93.0,151.67,1.12,06:42:00,17:43:00
32102,1480761333,12/3/2016 12:00:00 AM,00:35:33,1.21,45.0,30.34,93.0,99.11,4.5,06:42:00,17:43:00
32103,1480761033,12/3/2016 12:00:00 AM,00:30:33,1.23,51.16507236474315,30.34,93.0,86.34,3.37,06:42:00,17:43:00
32104,1480760724,12/3/2016 12:00:00 AM,00:25:24,1.23,45.0,30.34,93.0,129.49,5.62,06:42:00,17:43:00
32105,1480760424,12/3/2016 12:00:00 AM,00:20:24,1.25,45.0,30.34,93.0,136.62,10.12,06:42:00,17:43:00
32106,1480760136,12/3/2016 12:00:00 AM,00:15:36,1.22,45.0,30.34,93.0,101.78,11.25,06:42:00,17:43:00
32107,1480759833,12/3/2016 12:00:00 AM,00:10:33,1.22,45.0,30.34,93.0,105.47,7.87,06:42:00,17:43:00
32108,1480759534,12/3/2016 12:00:00 AM,00:05:34,1.2,45.0,30.35,93.0,155.2,6.75,06:42:00,17:43:00
32109,1480759234,12/3/2016 12:00:00 AM,00:00:34,1.2,45.0,30.35,93.0,124.41,10.12,06:42:00,17:43:00
32110,1480758936,12/2/2016 12:00:00 AM,23:55:36,1.18,45.0,30.35,93.0,133.21,12.37,06:42:00,17:42:00
32111,1480758636,12/2/2016 12:00:00 AM,23:50:36,1.22,45.0,30.35,93.0,142.23,4.5,06:42:00,17:42:00
32112,1480758334,12/2/2016 12:00:00 AM,23:45:34,1.21,45.0,30.35,93.0,75.49,5.62,06:42:00,17:42:00
32113,1480758034,12/2/2016 12:00:00 AM,23:40:34,1.21,45.0,30.35,93.0,90.4,3.37,06:42:00,17:42:00
32114,1480757735,12/2/2016 12:00:00 AM,23:35:35,1.24,45.0,30.35,93.0,167.73,7.87,06:42:00,17:42:00
32115,1480757433,12/2/2016 12:00:00 AM,23:30:33,1.2,45.0,30.35,93.0,68.74,3.37,06:42:00,17:42:00
32116,1480757134,12/2/2016 12:00:00 AM,23:25:34,1.24,45.0,30.35,93.0,101.9,4.5,06:42:00,17:42:00
32117,1480756833,12/2/2016 12:00:00 AM,23:20:33,1.2,45.0,30.35,93.0,43.14,2.25,06:42:00,17:42:00
32118,1480756533,12/2/2016 12:00:00 AM,23:15:33,1.22,45.0,30.35,93.0,128.58,4.5,06:42:00,17:42:00
32119,1480756235,12/2/2016 12:00:00 AM,23:10:35,1.24,45.0,30.35,93.0,121.43,10.12,06:42:00,17:42:00
32120,1480755934,12/2/2016 12:00:00 AM,23:05:34,1.22,45.0,30.35,93.0,155.6,5.62,06:42:00,17:42:00
32121,1480755636,12/2/2016 12:00:00 AM,23:00:36,1.2,45.0,30.35,93.0,25.15,4.5,06:42:00,17:42:00
32122,1480755337,12/2/2016 12:00:00 AM,22:55:37,1.2,45.0,30.35,93.0,101.01,6.75,06:42:00,17:42:00
32123,1480755034,12/2/2016 12:00:00 AM,22:50:34,1.19,45.0,30.35,93.0,154.25,3.37,06:42:00,17:42:00
32124,1480754739,12/2/2016 12:00:00 AM,22:45:39,1.22,45.0,30.35,93.0,96.06,2.25,06:42:00,17:42:00
32125,1480754423,12/2/2016 12:00:00 AM,22:40:23,1.23,45.0,30.35,93.0,151.98,10.12,06:42:00,17:42:00
32126,1480754134,12/2/2016 12:00:00 AM,22:35:34,1.2,45.0,30.35,93.0,153.05,6.75,06:42:00,17:42:00
32127,1480753834,12/2/2016 12:00:00 AM,22:30:34,1.23,45.0,30.35,93.0,158.38,6.75,06:42:00,17:42:00
32128,1480753536,12/2/2016 12:00:00 AM,22:25:36,1.22,45.0,30.35,93.0,140.28,7.87,06:42:00,17:42:00
32129,1480753233,12/2/2016 12:00:00 AM,22:20:33,1.21,45.0,30.35,93.0,129.16,5.62,06:42:00,17:42:00
32130,1480752924,12/2/2016 12:00:00 AM,22:15:24,1.23,45.0,30.35,93.0,160.92,5.62,06:42:00,17:42:00
32131,1480752635,12/2/2016 12:00:00 AM,22:10:35,1.24,45.0,30.36,93.0,142.06,10.12,06:42:00,17:42:00
32132,1480752333,12/2/2016 12:00:00 AM,22:05:33,1.19,45.0,30.35,93.0,155.39,12.37,06:42:00,17:42:00
32133,1480752033,12/2/2016 12:00:00 AM,22:00:33,1.24,45.0,30.36,93.0,167.84,14.62,06:42:00,17:42:00
32134,1480751736,12/2/2016 12:00:00 AM,21:55:36,1.23,45.0,30.36,93.0,163.66,5.62,06:42:00,17:42:00
32135,1480751434,12/2/2016 12:00:00 AM,21:50:34,1.21,45.0,30.36,93.0,135.88,14.62,06:42:00,17:42:00
32136,1480751124,12/2/2016 12:00:00 AM,21:45:24,1.21,45.0,30.36,93.0,154.2,6.75,06:42:00,17:42:00
32137,1480750834,12/2/2016 12:00:00 AM,21:40:34,1.13,45.0,30.36,93.0,145.14,13.5,06:42:00,17:42:00
32138,1480750533,12/2/2016 12:00:00 AM,21:35:33,1.28,45.0,30.36,93.0,168.04,9.0,06:42:00,17:42:00
32139,1480750237,12/2/2016 12:00:00 AM,21:30:37,1.28,45.0,30.36,93.0,146.88,11.25,06:42:00,17:42:00
32140,1480749941,12/2/2016 12:00:00 AM,21:25:41,1.2,45.0,30.36,93.0,148.64,12.37,06:42:00,17:42:00
32141,1480749634,12/2/2016 12:00:00 AM,21:20:34,1.24,45.0,30.35,93.0,144.34,15.75,06:42:00,17:42:00
32142,1480749333,12/2/2016 12:00:00 AM,21:15:33,1.22,45.0,30.35,93.0,174.16,11.25,06:42:00,17:42:00
32143,1480749023,12/2/2016 12:00:00 AM,21:10:23,1.23,45.0,30.35,93.0,174.36,13.5,06:42:00,17:42:00
32144,1480748737,12/2/2016 12:00:00 AM,21:05:37,1.24,45.0,30.35,93.0,166.32,11.25,06:42:00,17:42:00
32145,1480748434,12/2/2016 12:00:00 AM,21:00:34,1.25,45.0,30.35,93.0,99.63,3.37,06:42:00,17:42:00
32146,1480748117,12/2/2016 12:00:00 AM,20:55:17,1.16,45.0,30.35,93.0,140.05,5.62,06:42:00,17:42:00
32147,1480747838,12/2/2016 12:00:00 AM,20:50:38,1.22,45.0,30.35,93.0,165.64,10.12,06:42:00,17:42:00
32148,1480747507,12/2/2016 12:00:00 AM,20:45:07,1.24,45.0,30.35,93.0,148.91,11.25,06:42:00,17:42:00
32149,1480747218,12/2/2016 12:00:00 AM,20:40:18,1.23,45.0,30.35,93.0,149.0,10.12,06:42:00,17:42:00
32150,1480746917,12/2/2016 12:00:00 AM,20:35:17,1.2,45.0,30.34,93.0,166.73,13.5,06:42:00,17:42:00
32151,1480746618,12/2/2016 12:00:00 AM,20:30:18,1.26,45.0,30.34,93.0,175.56,12.37,06:42:00,17:42:00
32152,1480746318,12/2/2016 12:00:00 AM,20:25:18,1.19,45.0,30.34,93.0,116.5,5.62,06:42:00,17:42:00
32153,1480746018,12/2/2016 12:00:00 AM,20:20:18,1.24,45.0,30.35,93.0,173.58,5.62,06:42:00,17:42:00
32154,1480745718,12/2/2016 12:00:00 AM,20:15:18,1.24,45.0,30.35,93.0,138.26,12.37,06:42:00,17:42:00
32155,1480745417,12/2/2016 12:00:00 AM,20:10:17,1.25,45.0,30.35,74.83719267708949,136.18,7.87,06:42:00,17:42:00
32156,1480745117,12/2/2016 12:00:00 AM,20:05:17,1.22,45.0,30.34,93.0,173.05,11.25,06:42:00,17:42:00
32157,1480744808,12/2/2016 12:00:00 AM,20:00:08,1.24,45.0,30.34,93.0,177.34,11.25,06:42:00,17:42:00
32158,1480744518,12/2/2016 12:00:00 AM,19:55:18,1.23,45.0,30.35,93.0,152.76,12.37,06:42:00,17:42:00
32159,1480744213,12/2/2016 12:00:00 AM,19:50:13,1.18,45.0,30.35,93.0,160.86,4.5,06:42:00,17:42:00
32160,1480743920,12/2/2016 12:00:00 AM,19:45:20,1.23,45.0,30.35,93.0,146.75,3.37,06:42:00,17:42:00
32161,1480743608,12/2/2016 12:00:00 AM,19:40:08,1.19,45.0,30.35,93.0,181.72,10.12,06:42:00,17:42:00
32162,1480743307,12/2/2016 12:00:00 AM,19:35:07,1.24,45.0,30.35,93.0,162.14,9.0,06:42:00,17:42:00
32163,1480743018,12/2/2016 12:00:00 AM,19:30:18,1.23,45.0,30.35,93.0,166.8,2.25,06:42:00,17:42:00
32164,1480742721,12/2/2016 12:00:00 AM,19:25:21,1.19,45.0,30.35,93.0,165.12,6.75,06:42:00,17:42:00
32165,1480742417,12/2/2016 12:00:00 AM,19:20:17,1.2,45.0,30.35,93.0,149.34,7.87,06:42:00,17:42:00
32166,1480742118,12/2/2016 12:00:00 AM,19:15:18,1.2,45.0,30.35,93.0,142.37,9.0,06:42:00,17:42:00
32167,1480741818,12/2/2016 12:00:00 AM,19:10:18,1.24,45.0,30.35,93.0,165.29,2.25,06:42:00,17:42:00
32168,1480741518,12/2/2016 12:00:00 AM,19:05:18,1.2,45.0,30.35,93.0,151.85,6.75,06:42:00,17:42:00
32169,1480741218,12/2/2016 12:00:00 AM,19:00:18,1.21,45.0,30.35,93.0,168.76,7.87,06:42:00,17:42:00
32170,1480740908,12/2/2016 12:00:00 AM,18:55:08,1.18,45.0,30.35,93.0,127.1,7.87,06:42:00,17:42:00
32171,1480740617,12/2/2016 12:00:00 AM,18:50:17,1.3,45.0,30.35,93.0,134.14,5.62,06:42:00,17:42:00
32172,1480740318,12/2/2016 12:00:00 AM,18:45:18,1.23,45.0,30.35,93.0,139.17,2.25,06:42:00,17:42:00
32173,1480740021,12/2/2016 12:00:00 AM,18:40:21,1.21,45.0,30.35,93.0,96.27,2.25,06:42:00,17:42:00
32174,1480739710,12/2/2016 12:00:00 AM,18:35:10,1.24,45.0,30.35,93.0,161.18,2.25,06:42:00,17:42:00
32175,1480739424,12/2/2016 12:00:00 AM,18:30:24,1.23,45.0,30.35,93.0,55.12,4.5,06:42:00,17:42:00
32176,1480739118,12/2/2016 12:00:00 AM,18:25:18,1.22,45.0,30.35,93.0,146.2,2.25,06:42:00,17:42:00
32177,1480738818,12/2/2016 12:00:00 AM,18:20:18,1.25,45.0,30.35,93.0,107.94,6.75,06:42:00,17:42:00
32178,1480738507,12/2/2016 12:00:00 AM,18:15:07,1.22,45.0,30.35,93.0,146.06,7.87,06:42:00,17:42:00
32179,1480738217,12/2/2016 12:00:00 AM,18:10:17,1.21,45.0,30.35,93.0,160.15,4.5,06:42:00,17:42:00
32180,1480737908,12/2/2016 12:00:00 AM,18:05:08,1.24,45.0,30.35,93.0,140.5,6.75,06:42:00,17:42:00
32181,1480737623,12/2/2016 12:00:00 AM,18:00:23,1.25,45.0,30.35,93.0,165.75,5.62,06:42:00,17:42:00
32182,1480737318,12/2/2016 12:00:00 AM,17:55:18,1.22,45.0,30.35,93.0,136.97,4.5,06:42:00,17:42:00
32183,1480737017,12/2/2016 12:00:00 AM,17:50:17,1.69,45.0,30.35,93.0,159.5,4.5,06:42:00,17:42:00
32184,1480736707,12/2/2016 12:00:00 AM,17:45:07,2.36,45.0,30.35,93.0,155.65,6.75,06:42:00,17:42:00
32185,1480736418,12/2/2016 12:00:00 AM,17:40:18,3.48,45.0,30.35,93.0,134.89,6.75,06:42:00,17:42:00
32186,1480736118,12/2/2016 12:00:00 AM,17:35:18,5.73,45.0,30.35,93.0,167.24,4.5,06:42:00,17:42:00
32187,1480735817,12/2/2016 12:00:00 AM,17:30:17,7.66,45.0,30.35,93.0,166.46,5.62,06:42:00,17:42:00
32188,1480735507,12/2/2016 12:00:00 AM,17:25:07,9.37,45.0,30.35,93.0,145.38,3.37,06:42:00,17:42:00
32189,1480735221,12/2/2016 12:00:00 AM,17:20:21,12.28,45.0,30.35,93.0,170.7,3.37,06:42:00,17:42:00
32190,1480734907,12/2/2016 12:00:00 AM,17:15:07,16.98,45.0,30.35,93.0,162.59,6.75,06:42:00,17:42:00
32191,1480734620,12/2/2016 12:00:00 AM,17:10:20,23.12,45.0,30.35,93.0,170.73,6.75,06:42:00,17:42:00
32192,1480734321,12/2/2016 12:00:00 AM,17:05:21,33.85,45.0,30.35,93.0,175.05,5.62,06:42:00,17:42:00
32193,1480734019,12/2/2016 12:00:00 AM,17:00:19,37.3,45.0,30.35,93.0,165.91,7.87,06:42:00,17:42:00
32194,1480733717,12/2/2016 12:00:00 AM,16:55:17,30.61,45.0,30.35,93.0,151.11,11.25,06:42:00,17:42:00
32195,1480733423,12/2/2016 12:00:00 AM,16:50:23,25.36,45.0,30.35,93.0,142.78,10.12,06:42:00,17:42:00
32196,1480733118,12/2/2016 12:00:00 AM,16:45:18,26.35,45.0,30.35,93.0,161.5,11.25,06:42:00,17:42:00
32197,1480732819,12/2/2016 12:00:00 AM,16:40:19,33.72,45.0,30.34,93.0,155.6,12.37,06:42:00,17:42:00
32198,1480732507,12/2/2016 12:00:00 AM,16:35:07,40.01,45.0,30.35,93.0,164.82,6.75,06:42:00,17:42:00
32199,1480732217,12/2/2016 12:00:00 AM,16:30:17,46.73,45.0,30.34,93.0,150.26,12.37,06:42:00,17:42:00
32200,1480731917,12/2/2016 12:00:00 AM,16:25:17,59.19,45.0,30.34,93.0,142.16,12.37,06:42:00,17:42:00
32201,1480731619,12/2/2016 12:00:00 AM,16:20:19,72.76,45.0,30.34,93.0,164.5,9.0,06:42:00,17:42:00
32202,1480731320,12/2/2016 12:00:00 AM,16:15:20,85.24,45.0,30.34,93.0,146.03,6.75,06:42:00,17:42:00
32203,1480731018,12/2/2016 12:00:00 AM,16:10:18,85.06,45.0,30.34,93.0,166.95,11.25,06:42:00,17:42:00
32204,1480730718,12/2/2016 12:00:00 AM,16:05:18,85.17,45.0,30.34,93.0,97.41,7.87,06:42:00,17:42:00
32205,1480730418,12/2/2016 12:00:00 AM,16:00:18,79.28,45.0,30.34,93.0,160.47,9.0,06:42:00,17:42:00
32206,1480730108,12/2/2016 12:00:00 AM,15:55:08,80.06,45.0,30.34,93.0,126.11,14.62,06:42:00,17:42:00
32207,1480729820,12/2/2016 12:00:00 AM,15:50:20,111.55,45.0,30.33,93.0,133.98,7.87,06:42:00,17:42:00
32208,1480729507,12/2/2016 12:00:00 AM,15:45:07,125.56,45.0,30.33,93.0,120.8,5.62,06:42:00,17:42:00
32209,1480729218,12/2/2016 12:00:00 AM,15:40:18,136.41,45.0,30.34,93.0,112.26,2.25,06:42:00,17:42:00
32210,1480728907,12/2/2016 12:00:00 AM,15:35:07,130.19,45.0,30.34,93.0,83.5,1.12,06:42:00,17:42:00
32211,1480728618,12/2/2016 12:00:00 AM,15:30:18,131.05,45.0,30.34,93.0,54.47,5.62,06:42:00,17:42:00
32212,1480728308,12/2/2016 12:00:00 AM,15:25:08,142.35,45.0,30.34,93.0,59.37,2.25,06:42:00,17:42:00
32213,1480728017,12/2/2016 12:00:00 AM,15:20:17,135.19,45.0,30.34,93.0,56.07,7.87,06:42:00,17:42:00
32214,1480727717,12/2/2016 12:00:00 AM,15:15:17,153.13,45.0,30.34,93.0,92.64,1.12,06:42:00,17:42:00
32215,1480727418,12/2/2016 12:00:00 AM,15:10:18,133.19,45.0,30.34,93.0,76.96,4.5,06:42:00,17:42:00
32216,1480727120,12/2/2016 12:00:00 AM,15:05:20,111.33,45.0,30.34,93.0,94.34,4.5,06:42:00,17:42:00
32217,1480726808,12/2/2016 12:00:00 AM,15:00:08,104.42,45.0,30.34,93.0,58.92,3.37,06:42:00,17:42:00
32218,1480726518,12/2/2016 12:00:00 AM,14:55:18,89.21,45.0,30.34,93.0,41.91,3.37,06:42:00,17:42:00
32219,1480726220,12/2/2016 12:00:00 AM,14:50:20,106.76,45.0,30.34,93.0,49.06,2.25,06:42:00,17:42:00
32220,1480725920,12/2/2016 12:00:00 AM,14:45:20,137.47,45.0,30.34,93.0,129.44,5.62,06:42:00,17:42:00
32221,1480725608,12/2/2016 12:00:00 AM,14:40:08,143.14,45.0,30.34,93.0,103.19,3.37,06:42:00,17:42:00
32222,1480725318,12/2/2016 12:00:00 AM,14:35:18,166.44,45.0,30.34,93.0,146.72,3.37,06:42:00,17:42:00
32223,1480725007,12/2/2016 12:00:00 AM,14:30:07,153.76,45.0,30.34,93.0,128.72,9.0,06:42:00,17:42:00
32224,1480724717,12/2/2016 12:00:00 AM,14:25:17,146.61,45.0,30.34,93.0,143.32,2.25,06:42:00,17:42:00
32225,1480724407,12/2/2016 12:00:00 AM,14:20:07,150.56,45.0,30.34,93.0,158.63,7.87,06:42:00,17:42:00
32226,1480724118,12/2/2016 12:00:00 AM,14:15:18,159.35,45.0,30.34,93.0,131.36,7.87,06:42:00,17:42:00
32227,1480723808,12/2/2016 12:00:00 AM,14:10:08,177.19,45.0,30.34,93.0,134.78,11.25,06:42:00,17:42:00
32228,1480723518,12/2/2016 12:00:00 AM,14:05:18,188.45,45.0,30.34,93.0,120.51,6.75,06:42:00,17:42:00
32229,1480723207,12/2/2016 12:00:00 AM,14:00:07,193.05,45.0,30.34,93.0,139.16,3.37,06:42:00,17:42:00
32230,1480722918,12/2/2016 12:00:00 AM,13:55:18,205.23,51.16507236474315,30.34,93.0,109.49,3.37,06:42:00,17:42:00
32231,1480722608,12/2/2016 12:00:00 AM,13:50:08,212.66,45.0,30.35,93.0,125.5,3.37,06:42:00,17:42:00
32232,1480722318,12/2/2016 12:00:00 AM,13:45:18,218.09,45.0,30.423028000868246,93.0,117.18,5.62,06:42:00,17:42:00
32233,1480722020,12/2/2016 12:00:00 AM,13:40:20,146.7,45.0,30.35,93.0,128.07,1.12,06:42:00,17:42:00
32234,1480721717,12/2/2016 12:00:00 AM,13:35:17,114.92,45.0,30.36,93.0,93.4,3.37,06:42:00,17:42:00
32235,1480721407,12/2/2016 12:00:00 AM,13:30:07,130.33,45.0,30.36,93.0,120.62,4.5,06:42:00,17:42:00
32236,1480721118,12/2/2016 12:00:00 AM,13:25:18,119.67,45.0,30.36,93.0,150.55,2.25,06:42:00,17:42:00
32237,1480720818,12/2/2016 12:00:00 AM,13:20:18,103.67,45.0,30.36,93.0,156.84,4.5,06:42:00,17:42:00
32238,1480720517,12/2/2016 12:00:00 AM,13:15:17,99.54,45.0,30.36,93.0,159.17,4.5,06:42:00,17:42:00
32239,1480720220,12/2/2016 12:00:00 AM,13:10:20,79.93,45.0,30.37,93.0,158.04,3.37,06:42:00,17:42:00
32240,1480719920,12/2/2016 12:00:00 AM,13:05:20,96.32,45.0,30.37,93.0,160.99,3.37,06:42:00,17:42:00
32241,1480719618,12/2/2016 12:00:00 AM,13:00:18,90.76,45.0,30.37,93.0,165.24,4.5,06:42:00,17:42:00
32242,1480719317,12/2/2016 12:00:00 AM,12:55:17,101.23,45.0,30.37,93.0,156.62,3.37,06:42:00,17:42:00
32243,1480719010,12/2/2016 12:00:00 AM,12:50:10,106.51,45.0,30.37,93.0,155.54,6.75,06:42:00,17:42:00
32244,1480718718,12/2/2016 12:00:00 AM,12:45:18,103.95,45.0,30.38,93.0,157.4,5.62,06:42:00,17:42:00
32245,1480718418,12/2/2016 12:00:00 AM,12:40:18,103.34,45.0,30.38,93.0,151.02,4.5,06:42:00,17:42:00
32246,1480718117,12/2/2016 12:00:00 AM,12:35:17,105.14,45.0,30.38,93.0,158.53,9.0,06:42:00,17:42:00
32247,1480717817,12/2/2016 12:00:00 AM,12:30:17,106.15,45.0,30.38,93.0,152.4,4.5,06:42:00,17:42:00
32248,1480717518,12/2/2016 12:00:00 AM,12:25:18,102.88,45.0,30.38,93.0,142.21,4.5,06:42:00,17:42:00
32249,1480717218,12/2/2016 12:00:00 AM,12:20:18,137.51,45.0,30.38,93.0,148.35,4.5,06:42:00,17:42:00
32250,1480716920,12/2/2016 12:00:00 AM,12:15:20,168.85,45.0,30.39,93.0,157.44,3.37,06:42:00,17:42:00
32251,1480716618,12/2/2016 12:00:00 AM,12:10:18,165.0,45.0,30.39,93.0,171.72,4.5,06:42:00,17:42:00
32252,1480716309,12/2/2016 12:00:00 AM,12:05:09,173.92,45.0,30.39,93.0,178.87,4.5,06:42:00,17:42:00
32253,1480716017,12/2/2016 12:00:00 AM,12:00:17,159.52,45.0,30.39,93.0,157.25,3.37,06:42:00,17:42:00
32254,1480715707,12/2/2016 12:00:00 AM,11:55:07,132.98,45.0,30.39,93.0,161.03,3.37,06:42:00,17:42:00
32255,1480715418,12/2/2016 12:00:00 AM,11:50:18,127.93,45.0,30.4,93.0,161.11,2.25,06:42:00,17:42:00
32256,1480715108,12/2/2016 12:00:00 AM,11:45:08,102.28,45.0,30.4,93.0,170.73,4.5,06:42:00,17:42:00
32257,1480714819,12/2/2016 12:00:00 AM,11:40:19,98.37,45.0,30.4,93.0,155.18,5.62,06:42:00,17:42:00
32258,1480714520,12/2/2016 12:00:00 AM,11:35:20,85.74,45.0,30.4,93.0,185.28,5.62,06:42:00,17:42:00
32259,1480714219,12/2/2016 12:00:00 AM,11:30:19,75.18,45.0,30.41,93.0,190.44,5.62,06:42:00,17:42:00
32260,1480713908,12/2/2016 12:00:00 AM,11:25:08,62.79,45.0,30.41,93.0,99.26,6.229096658193317,06:42:00,17:42:00
32261,1480713620,12/2/2016 12:00:00 AM,11:20:20,44.18,45.0,30.41,93.0,98.52,0.0,06:42:00,17:42:00
32262,1480713322,12/2/2016 12:00:00 AM,11:15:22,39.11,45.0,30.41,93.0,89.92,0.0,06:42:00,17:42:00
32263,1480713012,12/2/2016 12:00:00 AM,11:10:12,28.93,45.0,30.41,93.0,196.76,1.12,06:42:00,17:42:00
32264,1480712721,12/2/2016 12:00:00 AM,11:05:21,26.63,45.0,30.41,93.0,199.97,3.37,06:42:00,17:42:00
32265,1480712408,12/2/2016 12:00:00 AM,11:00:08,23.17,45.0,30.41,93.0,195.41,5.62,06:42:00,17:42:00
32266,1480712121,12/2/2016 12:00:00 AM,10:55:21,21.5,45.0,30.41,93.0,196.38,5.62,06:42:00,17:42:00
32267,1480711807,12/2/2016 12:00:00 AM,10:50:07,17.06,45.0,30.42,93.0,197.01,6.75,06:42:00,17:42:00
32268,1480711521,12/2/2016 12:00:00 AM,10:45:21,16.14,45.0,30.42,93.0,197.67,5.62,06:42:00,17:42:00
32269,1480711218,12/2/2016 12:00:00 AM,10:40:18,14.43,45.0,30.42,93.0,193.84,7.87,06:42:00,17:42:00
32270,1480710920,12/2/2016 12:00:00 AM,10:35:20,13.13,45.0,30.42,93.0,196.21,7.87,06:42:00,17:42:00
32271,1480710628,12/2/2016 12:00:00 AM,10:30:28,12.87,45.0,30.42,93.0,191.84,11.25,06:42:00,17:42:00
32272,1480710319,12/2/2016 12:00:00 AM,10:25:19,10.9,45.0,30.42,93.0,206.95,7.87,06:42:00,17:42:00
32273,1480710017,12/2/2016 12:00:00 AM,10:20:17,10.24,45.0,30.42,93.0,211.59,3.37,06:42:00,17:42:00
32274,1480709707,12/2/2016 12:00:00 AM,10:15:07,12.1,45.0,30.42,93.0,210.41,4.5,06:42:00,17:42:00
32275,1480709421,12/2/2016 12:00:00 AM,10:10:21,13.44,45.0,30.42,93.0,211.45,4.5,06:42:00,17:42:00
32276,1480709108,12/2/2016 12:00:00 AM,10:05:08,13.69,45.0,30.41,93.0,212.97,7.87,06:42:00,17:42:00
32277,1480708802,12/2/2016 12:00:00 AM,10:00:02,10.37,45.0,30.41,93.0,207.42,4.5,06:42:00,17:42:00
32278,1480708502,12/2/2016 12:00:00 AM,09:55:02,9.95,45.0,30.42,93.0,196.9,7.87,06:42:00,17:42:00
32279,1480708203,12/2/2016 12:00:00 AM,09:50:03,10.1,45.0,30.42,93.0,206.31,10.12,06:42:00,17:42:00
32280,1480707903,12/2/2016 12:00:00 AM,09:45:03,11.8,45.0,30.41,93.0,199.04,10.12,06:42:00,17:42:00
32281,1480707606,12/2/2016 12:00:00 AM,09:40:06,14.92,45.0,30.41,93.0,206.57,11.25,06:42:00,17:42:00
32282,1480707304,12/2/2016 12:00:00 AM,09:35:04,13.8,45.0,30.41,93.0,210.32,12.37,06:42:00,17:42:00
32283,1480707005,12/2/2016 12:00:00 AM,09:30:05,13.04,45.0,30.42,93.0,207.61,12.37,06:42:00,17:42:00
32284,1480706701,12/2/2016 12:00:00 AM,09:25:01,11.62,45.0,30.41,93.0,204.88,12.37,06:42:00,17:42:00
32285,1480706407,12/2/2016 12:00:00 AM,09:20:07,10.41,45.0,30.4,93.0,195.59,24.75,06:42:00,17:42:00
32286,1480706103,12/2/2016 12:00:00 AM,09:15:03,9.4,45.0,30.41,93.0,206.77,19.12,06:42:00,17:42:00
32287,1480705801,12/2/2016 12:00:00 AM,09:10:01,8.52,45.0,30.41,93.0,196.17,13.5,06:42:00,17:42:00
32288,1480705504,12/2/2016 12:00:00 AM,09:05:04,8.65,45.0,30.41,93.0,195.06,12.37,06:42:00,17:42:00
32289,1480705202,12/2/2016 12:00:00 AM,09:00:02,9.27,45.0,30.4,93.0,179.05,6.75,06:42:00,17:42:00
32290,1480704905,12/2/2016 12:00:00 AM,08:55:05,9.63,45.0,30.41,93.0,191.56,14.62,06:42:00,17:42:00
32291,1480704604,12/2/2016 12:00:00 AM,08:50:04,9.66,45.0,30.41,93.0,185.47,13.5,06:42:00,17:42:00
32292,1480704302,12/2/2016 12:00:00 AM,08:45:02,8.85,45.0,30.4,93.0,186.19,13.5,06:42:00,17:42:00
32293,1480704002,12/2/2016 12:00:00 AM,08:40:02,7.49,45.0,30.4,93.0,189.77,15.75,06:42:00,17:42:00
32294,1480703703,12/2/2016 12:00:00 AM,08:35:03,8.7,45.0,30.4,93.0,192.5,13.5,06:42:00,17:42:00
32295,1480703405,12/2/2016 12:00:00 AM,08:30:05,9.95,45.0,30.4,93.0,195.68,14.62,06:42:00,17:42:00
32296,1480703106,12/2/2016 12:00:00 AM,08:25:06,10.42,45.0,30.4,93.0,188.1,9.0,06:42:00,17:42:00
32297,1480702802,12/2/2016 12:00:00 AM,08:20:02,8.94,45.0,30.4,93.0,179.96,14.62,06:42:00,17:42:00
32298,1480702501,12/2/2016 12:00:00 AM,08:15:01,8.1,45.0,30.4,93.0,181.36,13.5,06:42:00,17:42:00
32299,1480702202,12/2/2016 12:00:00 AM,08:10:02,7.31,45.0,30.4,93.0,171.08,10.12,06:42:00,17:42:00
32300,1480701904,12/2/2016 12:00:00 AM,08:05:04,7.01,45.0,30.4,93.0,192.71,11.25,06:42:00,17:42:00
32301,1480701602,12/2/2016 12:00:00 AM,08:00:02,6.67,45.0,30.4,93.0,147.86,6.75,06:42:00,17:42:00
32302,1480701302,12/2/2016 12:00:00 AM,07:55:02,6.71,45.0,30.4,93.0,176.21,9.0,06:42:00,17:42:00
32303,1480701002,12/2/2016 12:00:00 AM,07:50:02,7.11,45.0,30.39,93.0,167.23,10.12,06:42:00,17:42:00
32304,1480700705,12/2/2016 12:00:00 AM,07:45:05,7.24,45.0,30.39,93.0,173.11,7.87,06:42:00,17:42:00
32305,1480700406,12/2/2016 12:00:00 AM,07:40:06,7.33,45.0,30.39,93.0,178.5,6.75,06:42:00,17:42:00
32306,1480700103,12/2/2016 12:00:00 AM,07:35:03,7.46,45.0,30.39,93.0,157.61,7.87,06:42:00,17:42:00
32307,1480699804,12/2/2016 12:00:00 AM,07:30:04,6.66,45.0,30.38,93.0,172.29,5.62,06:42:00,17:42:00
32308,1480699504,12/2/2016 12:00:00 AM,07:25:04,5.17,45.0,30.39,93.0,100.83,3.37,06:42:00,17:42:00
32309,1480699202,12/2/2016 12:00:00 AM,07:20:02,4.23,45.0,30.39,93.0,181.42,2.25,06:42:00,17:42:00
32310,1480698905,12/2/2016 12:00:00 AM,07:15:05,4.06,45.0,30.39,93.0,152.53,2.25,06:42:00,17:42:00
32311,1480698605,12/2/2016 12:00:00 AM,07:10:05,4.18,45.0,30.39,93.0,115.34,5.62,06:42:00,17:42:00
32312,1480698303,12/2/2016 12:00:00 AM,07:05:03,2.75,45.0,30.39,93.0,91.38,4.5,06:42:00,17:42:00
32313,1480698002,12/2/2016 12:00:00 AM,07:00:02,2.03,45.0,30.39,93.0,117.77,1.12,06:42:00,17:42:00
32314,1480697705,12/2/2016 12:00:00 AM,06:55:05,1.49,45.0,30.38,93.0,124.59,2.25,06:42:00,17:42:00
32315,1480697404,12/2/2016 12:00:00 AM,06:50:04,1.46,45.0,30.38,93.0,122.52,1.12,06:42:00,17:42:00
32316,1480697104,12/2/2016 12:00:00 AM,06:45:04,1.19,45.0,30.38,93.0,150.23,2.25,06:42:00,17:42:00
32317,1480696803,12/2/2016 12:00:00 AM,06:40:03,1.18,45.0,30.38,93.0,157.33,6.229096658193317,06:42:00,17:42:00
32318,1480696502,12/2/2016 12:00:00 AM,06:35:02,1.22,45.0,30.38,93.0,160.56,6.75,06:42:00,17:42:00
32319,1480696204,12/2/2016 12:00:00 AM,06:30:04,1.22,45.0,30.37,74.83719267708949,174.83,10.12,06:42:00,17:42:00
32320,1480695902,12/2/2016 12:00:00 AM,06:25:02,1.21,45.0,30.37,93.0,166.62,4.5,06:42:00,17:42:00
32321,1480695605,12/2/2016 12:00:00 AM,06:20:05,1.17,45.0,30.37,93.0,153.91,3.37,06:42:00,17:42:00
32322,1480695302,12/2/2016 12:00:00 AM,06:15:02,1.24,45.0,30.37,93.0,152.74,3.37,06:42:00,17:42:00
32323,1480695003,12/2/2016 12:00:00 AM,06:10:03,1.21,45.0,30.37,93.0,165.24,4.5,06:42:00,17:42:00
32324,1480694704,12/2/2016 12:00:00 AM,06:05:04,1.25,45.0,30.37,93.0,142.54,9.0,06:42:00,17:42:00
32325,1480694403,12/2/2016 12:00:00 AM,06:00:03,1.19,45.0,30.37,93.0,170.58,5.62,06:42:00,17:42:00
32326,1480694104,12/2/2016 12:00:00 AM,05:55:04,1.2,45.0,30.38,93.0,160.0,6.229096658193317,06:42:00,17:42:00
32327,1480693803,12/2/2016 12:00:00 AM,05:50:03,1.19,45.0,30.37,93.0,148.19,5.62,06:42:00,17:42:00
32328,1480693502,12/2/2016 12:00:00 AM,05:45:02,1.21,45.0,30.37,93.0,166.4,7.87,06:42:00,17:42:00
32329,1480693206,12/2/2016 12:00:00 AM,05:40:06,1.2,45.0,30.37,93.0,175.92,7.87,06:42:00,17:42:00
32330,1480692905,12/2/2016 12:00:00 AM,05:35:05,1.19,45.0,30.37,93.0,168.0,4.5,06:42:00,17:42:00
32331,1480692602,12/2/2016 12:00:00 AM,05:30:02,1.2,45.0,30.37,93.0,167.01,3.37,06:42:00,17:42:00
32332,1480692302,12/2/2016 12:00:00 AM,05:25:02,1.2,45.0,30.37,93.0,154.96,6.75,06:42:00,17:42:00
32333,1480692002,12/2/2016 12:00:00 AM,05:20:02,1.22,45.0,30.37,93.0,164.63,7.87,06:42:00,17:42:00
32334,1480691704,12/2/2016 12:00:00 AM,05:15:04,1.21,45.0,30.37,93.0,136.13,6.75,06:42:00,17:42:00
32335,1480691404,12/2/2016 12:00:00 AM,05:10:04,1.21,45.0,30.37,93.0,156.27,6.75,06:42:00,17:42:00
32336,1480691102,12/2/2016 12:00:00 AM,05:05:02,1.2,45.0,30.36,93.0,181.03,5.62,06:42:00,17:42:00
32337,1480690802,12/2/2016 12:00:00 AM,05:00:02,1.21,45.0,30.36,93.0,165.42,5.62,06:42:00,17:42:00
32338,1480690504,12/2/2016 12:00:00 AM,04:55:04,1.21,45.0,30.37,93.0,165.87,6.75,06:42:00,17:42:00
32339,1480690204,12/2/2016 12:00:00 AM,04:50:04,1.2,45.0,30.36,93.0,180.68,5.62,06:42:00,17:42:00
32340,1480689905,12/2/2016 12:00:00 AM,04:45:05,1.21,45.0,30.36,93.0,158.49,5.62,06:42:00,17:42:00
32341,1480689604,12/2/2016 12:00:00 AM,04:40:04,1.2,45.0,30.37,93.0,132.68,1.12,06:42:00,17:42:00
32342,1480689305,12/2/2016 12:00:00 AM,04:35:05,1.17,45.0,30.37,93.0,124.04,7.87,06:42:00,17:42:00
32343,1480689003,12/2/2016 12:00:00 AM,04:30:03,1.24,45.0,30.36,93.0,83.35,2.25,06:42:00,17:42:00
32344,1480688702,12/2/2016 12:00:00 AM,04:25:02,1.21,45.0,30.37,93.0,140.53,1.12,06:42:00,17:42:00
32345,1480688402,12/2/2016 12:00:00 AM,04:20:02,1.2,45.0,30.36,93.0,164.07,5.62,06:42:00,17:42:00
32346,1480688104,12/2/2016 12:00:00 AM,04:15:04,1.18,45.0,30.36,93.0,171.54,6.75,06:42:00,17:42:00
32347,1480687802,12/2/2016 12:00:00 AM,04:10:02,1.21,45.0,30.36,93.0,189.68,10.12,06:42:00,17:42:00
32348,1480687503,12/2/2016 12:00:00 AM,04:05:03,1.22,45.0,30.36,93.0,191.97,7.87,06:42:00,17:42:00
32349,1480687204,12/2/2016 12:00:00 AM,04:00:04,1.2,45.0,30.36,93.0,170.95,6.75,06:42:00,17:42:00
32350,1480686902,12/2/2016 12:00:00 AM,03:55:02,1.21,45.0,30.36,93.0,170.19,9.0,06:42:00,17:42:00
32351,1480686604,12/2/2016 12:00:00 AM,03:50:04,1.19,45.0,30.36,93.0,189.71,6.75,06:42:00,17:42:00
32352,1480686302,12/2/2016 12:00:00 AM,03:45:02,1.22,45.0,30.37,93.0,150.59,7.87,06:42:00,17:42:00
32353,1480686001,12/2/2016 12:00:00 AM,03:40:01,1.2,45.0,30.36,93.0,172.41,6.75,06:42:00,17:42:00
32354,1480685702,12/2/2016 12:00:00 AM,03:35:02,1.21,45.0,30.37,93.0,160.13,9.0,06:42:00,17:42:00
32355,1480685402,12/2/2016 12:00:00 AM,03:30:02,1.21,45.0,30.37,93.0,153.24,6.75,06:42:00,17:42:00
32356,1480685106,12/2/2016 12:00:00 AM,03:25:06,1.21,45.0,30.37,93.0,149.17,6.75,06:42:00,17:42:00
32357,1480684802,12/2/2016 12:00:00 AM,03:20:02,1.22,45.0,30.37,93.0,158.86,10.12,06:42:00,17:42:00
32358,1480684502,12/2/2016 12:00:00 AM,03:15:02,1.2,45.0,30.36,93.0,163.87,7.87,06:42:00,17:42:00
32359,1480684205,12/2/2016 12:00:00 AM,03:10:05,1.21,45.0,30.37,93.0,141.27,9.0,06:42:00,17:42:00
32360,1480683903,12/2/2016 12:00:00 AM,03:05:03,1.2,45.0,30.37,93.0,173.36,9.0,06:42:00,17:42:00
32361,1480683602,12/2/2016 12:00:00 AM,03:00:02,1.24,45.0,30.37,93.0,175.36,6.75,06:42:00,17:42:00
32362,1480683304,12/2/2016 12:00:00 AM,02:55:04,1.19,45.0,30.37,93.0,160.24,7.87,06:42:00,17:42:00
32363,1480683001,12/2/2016 12:00:00 AM,02:50:01,1.18,45.0,30.38,93.0,172.64,13.5,06:42:00,17:42:00
32364,1480682702,12/2/2016 12:00:00 AM,02:45:02,1.19,45.0,30.38,93.0,165.72,7.87,06:42:00,17:42:00
32365,1480682404,12/2/2016 12:00:00 AM,02:40:04,1.19,45.0,30.37,93.0,162.88,6.75,06:42:00,17:42:00
32366,1480682106,12/2/2016 12:00:00 AM,02:35:06,1.19,45.0,30.37,93.0,186.0,7.87,06:42:00,17:42:00
32367,1480681805,12/2/2016 12:00:00 AM,02:30:05,1.21,45.0,30.38,93.0,187.84,9.0,06:42:00,17:42:00
32368,1480681504,12/2/2016 12:00:00 AM,02:25:04,1.21,45.0,30.38,93.0,165.73,9.0,06:42:00,17:42:00
32369,1480681204,12/2/2016 12:00:00 AM,02:20:04,1.2,45.0,30.38,93.0,155.13,9.0,06:42:00,17:42:00
32370,1480680906,12/2/2016 12:00:00 AM,02:15:06,1.17,45.0,30.38,93.0,163.96,7.87,06:42:00,17:42:00
32371,1480680605,12/2/2016 12:00:00 AM,02:10:05,1.17,45.0,30.38,93.0,131.11,6.75,06:42:00,17:42:00
32372,1480680302,12/2/2016 12:00:00 AM,02:05:02,1.21,45.0,30.38,93.0,155.2,5.62,06:42:00,17:42:00
32373,1480680004,12/2/2016 12:00:00 AM,02:00:04,1.2,45.0,30.38,93.0,157.49,9.0,06:42:00,17:42:00
32374,1480679704,12/2/2016 12:00:00 AM,01:55:04,1.22,45.0,30.38,93.0,163.37,6.75,06:42:00,17:42:00
32375,1480679404,12/2/2016 12:00:00 AM,01:50:04,1.22,45.0,30.38,93.0,149.22,6.75,06:42:00,17:42:00
32376,1480679103,12/2/2016 12:00:00 AM,01:45:03,1.21,45.0,30.39,93.0,138.33,6.75,06:42:00,17:42:00
32377,1480678803,12/2/2016 12:00:00 AM,01:40:03,1.21,45.0,30.39,93.0,87.36,1.12,06:42:00,17:42:00
32378,1480678502,12/2/2016 12:00:00 AM,01:35:02,1.21,45.0,30.39,93.0,157.68,2.25,06:42:00,17:42:00
32379,1480678202,12/2/2016 12:00:00 AM,01:30:02,1.2,45.0,30.39,93.0,109.04,2.25,06:42:00,17:42:00
32380,1480677905,12/2/2016 12:00:00 AM,01:25:05,1.19,45.0,30.38,93.0,117.05,4.5,06:42:00,17:42:00
32381,1480677609,12/2/2016 12:00:00 AM,01:20:09,1.24,45.0,30.39,93.0,116.22,1.12,06:42:00,17:42:00
32382,1480677306,12/2/2016 12:00:00 AM,01:15:06,1.18,45.0,30.39,93.0,160.37,2.25,06:42:00,17:42:00
32383,1480677002,12/2/2016 12:00:00 AM,01:10:02,1.18,45.0,30.39,93.0,159.15,7.87,06:42:00,17:42:00
32384,1480676701,12/2/2016 12:00:00 AM,01:05:01,1.18,45.0,30.39,93.0,164.76,9.0,06:42:00,17:42:00
32385,1480676406,12/2/2016 12:00:00 AM,01:00:06,1.17,45.0,30.39,93.0,133.41,6.75,06:42:00,17:42:00
32386,1480676106,12/2/2016 12:00:00 AM,00:55:06,1.21,45.0,30.4,93.0,168.43,6.75,06:42:00,17:42:00
32387,1480675802,12/2/2016 12:00:00 AM,00:50:02,1.17,45.0,30.4,93.0,176.71,7.87,06:42:00,17:42:00
32388,1480675505,12/2/2016 12:00:00 AM,00:45:05,1.23,45.0,30.4,93.0,171.78,5.62,06:42:00,17:42:00
32389,1480675209,12/2/2016 12:00:00 AM,00:40:09,1.21,45.0,30.41,93.0,177.56,5.62,06:42:00,17:42:00
32390,1480674902,12/2/2016 12:00:00 AM,00:35:02,1.19,45.0,30.41,93.0,181.39,4.5,06:42:00,17:42:00
32391,1480674608,12/2/2016 12:00:00 AM,00:30:08,1.18,45.0,30.41,93.0,180.55,5.62,06:42:00,17:42:00
32392,1480674302,12/2/2016 12:00:00 AM,00:25:02,1.2,45.0,30.41,93.0,177.11,4.5,06:42:00,17:42:00
32393,1480674002,12/2/2016 12:00:00 AM,00:20:02,1.2,45.0,30.41,93.0,161.19,7.87,06:42:00,17:42:00
32394,1480673705,12/2/2016 12:00:00 AM,00:15:05,1.2,45.0,30.41,93.0,164.49,9.0,06:42:00,17:42:00
32395,1480673406,12/2/2016 12:00:00 AM,00:10:06,1.2,45.0,30.41,93.0,170.35,9.0,06:42:00,17:42:00
32396,1480673102,12/2/2016 12:00:00 AM,00:05:02,1.19,45.0,30.41,93.0,129.29,3.37,06:42:00,17:42:00
32397,1480672805,12/2/2016 12:00:00 AM,00:00:05,1.2,45.0,30.41,93.0,69.83,2.25,06:42:00,17:42:00
